8.900000000000000000e+02
9.530000000000000000e+02
1.810000000000000000e+02
3.810000000000000000e+02
2.240000000000000000e+02
9.180000000000000000e+02
9.810000000000000000e+02
1.016000000000000000e+03
8.590000000000000000e+02
1.530000000000000000e+02
0.000000000000000000e+00
9.310000000000000000e+02
9.540000000000000000e+02
8.910000000000000000e+02
1.590000000000000000e+02
1.750000000000000000e+02
1.770000000000000000e+02
1.790000000000000000e+02
1.820000000000000000e+02
3.830000000000000000e+02
1.520000000000000000e+02
1.550000000000000000e+02
1.570000000000000000e+02
1.600000000000000000e+02
4.040000000000000000e+02
1.780000000000000000e+02
5.140000000000000000e+02
1.740000000000000000e+02
8.280000000000000000e+02
1.300000000000000000e+02
1.360000000000000000e+02
1.670000000000000000e+02
7.560000000000000000e+02
5.090000000000000000e+02
1.510000000000000000e+02
1.800000000000000000e+02
1.560000000000000000e+02
1.440000000000000000e+02
6.900000000000000000e+01
5.290000000000000000e+02
1.580000000000000000e+02
7.550000000000000000e+02
1.290000000000000000e+02
1.320000000000000000e+02
1.340000000000000000e+02
1.370000000000000000e+02
1.680000000000000000e+02
4.050000000000000000e+02
7.540000000000000000e+02
5.300000000000000000e+02
1.450000000000000000e+02
2.190000000000000000e+02
8.420000000000000000e+02
9.990000000000000000e+02
3.530000000000000000e+02
9.740000000000000000e+02
9.110000000000000000e+02
1.280000000000000000e+02
1.210000000000000000e+02
5.110000000000000000e+02
1.730000000000000000e+02
3.330000000000000000e+02
1.830000000000000000e+02
1.330000000000000000e+02
3.790000000000000000e+02
7.530000000000000000e+02
8.200000000000000000e+02
6.880000000000000000e+02
1.220000000000000000e+02
1.650000000000000000e+02
1.630000000000000000e+02
5.230000000000000000e+02
4.630000000000000000e+02
1.500000000000000000e+02
1.350000000000000000e+02
8.460000000000000000e+02
1.003000000000000000e+03
4.640000000000000000e+02
1.640000000000000000e+02
1.690000000000000000e+02
1.720000000000000000e+02
1.400000000000000000e+02
1.420000000000000000e+02
1.620000000000000000e+02
4.000000000000000000e+02
7.050000000000000000e+02
1.410000000000000000e+02
1.460000000000000000e+02
1.490000000000000000e+02
3.630000000000000000e+02
4.500000000000000000e+02
5.070000000000000000e+02
1.390000000000000000e+02
4.680000000000000000e+02
1.660000000000000000e+02
5.240000000000000000e+02
8.350000000000000000e+02
9.920000000000000000e+02
9.050000000000000000e+02
9.680000000000000000e+02
2.840000000000000000e+02
3.620000000000000000e+02
3.910000000000000000e+02
4.160000000000000000e+02
4.510000000000000000e+02
5.060000000000000000e+02
3.520000000000000000e+02
4.550000000000000000e+02
9.290000000000000000e+02
3.580000000000000000e+02
3.570000000000000000e+02
3.480000000000000000e+02
9.210000000000000000e+02
9.840000000000000000e+02
3.320000000000000000e+02
9.330000000000000000e+02
3.490000000000000000e+02
3.440000000000000000e+02
4.120000000000000000e+02
5.160000000000000000e+02
9.340000000000000000e+02
2.940000000000000000e+02
9.280000000000000000e+02
2.890000000000000000e+02
5.030000000000000000e+02
6.520000000000000000e+02
6.680000000000000000e+02
7.170000000000000000e+02
6.510000000000000000e+02
4.130000000000000000e+02
9.030000000000000000e+02
9.660000000000000000e+02
2.140000000000000000e+02
2.250000000000000000e+02
9.320000000000000000e+02
4.650000000000000000e+02
3.470000000000000000e+02
3.380000000000000000e+02
5.200000000000000000e+02
5.000000000000000000e+02
3.880000000000000000e+02
4.100000000000000000e+02
3.510000000000000000e+02
4.060000000000000000e+02
3.280000000000000000e+02
4.960000000000000000e+02
2.090000000000000000e+02
7.950000000000000000e+02
1.000000000000000000e+00
4.520000000000000000e+02
