409
70
88
96
25
62
225
99
902
243
907
0
416
670
108
311
9
37
46
222
1061
94
412
177
419
107
971
420
98
4
268
52
65
27
903
385
106
775
44
280
198
138
104
24
22
33
406
80
392
446
61
200
459
35
43
802
427
1065
123
34
547
1063
26
1
893
172
783
423
684
41
150
414
76
181
47
83
659
462
626
613
411
77
281
42
5
847
445
90
294
790
482
918
54
460
418
908
18
458
228
97
287
134
387
224
464
431
126
326
36
614
475
661
232
295
276
426
131
922
229
957
87
297
465
436
463
880
307
519
1068
64
86
624
405
437
53
945
277
50
434
1075
84
15
401
663
415
617
449
105
162
448
424
283
151
313
122
248
899
986
220
531
166
309
1056
513
16
702
498
1191
724
1064
254
417
1087
921
28
173
193
982
149
869
1038
975
1105
388
48
217
978
125
1024
422
447
201
132
577
226
