4.090000000000000000e+02
7.000000000000000000e+01
8.800000000000000000e+01
2.250000000000000000e+02
9.020000000000000000e+02
2.430000000000000000e+02
9.070000000000000000e+02
9.600000000000000000e+01
6.700000000000000000e+02
0.000000000000000000e+00
4.160000000000000000e+02
9.900000000000000000e+01
3.110000000000000000e+02
2.500000000000000000e+01
4.190000000000000000e+02
9.710000000000000000e+02
4.200000000000000000e+02
1.061000000000000000e+03
1.070000000000000000e+02
1.770000000000000000e+02
4.120000000000000000e+02
9.800000000000000000e+01
4.600000000000000000e+01
2.000000000000000000e+02
7.750000000000000000e+02
9.400000000000000000e+01
4.060000000000000000e+02
8.020000000000000000e+02
8.000000000000000000e+01
1.063000000000000000e+03
5.470000000000000000e+02
6.590000000000000000e+02
1.000000000000000000e+00
4.460000000000000000e+02
8.930000000000000000e+02
6.100000000000000000e+01
1.060000000000000000e+02
4.620000000000000000e+02
6.840000000000000000e+02
4.820000000000000000e+02
2.220000000000000000e+02
6.130000000000000000e+02
6.200000000000000000e+01
1.065000000000000000e+03
2.600000000000000000e+01
2.800000000000000000e+02
1.720000000000000000e+02
3.400000000000000000e+01
7.830000000000000000e+02
1.380000000000000000e+02
2.940000000000000000e+02
4.100000000000000000e+01
8.800000000000000000e+02
1.040000000000000000e+02
1.080000000000000000e+02
4.630000000000000000e+02
7.900000000000000000e+02
1.800000000000000000e+01
1.310000000000000000e+02
5.190000000000000000e+02
9.700000000000000000e+01
4.230000000000000000e+02
6.500000000000000000e+01
1.075000000000000000e+03
1.980000000000000000e+02
8.400000000000000000e+01
3.070000000000000000e+02
3.600000000000000000e+01
1.230000000000000000e+02
4.580000000000000000e+02
7.700000000000000000e+01
2.870000000000000000e+02
6.140000000000000000e+02
9.000000000000000000e+00
4.750000000000000000e+02
4.310000000000000000e+02
6.610000000000000000e+02
1.500000000000000000e+01
4.480000000000000000e+02
4.170000000000000000e+02
2.320000000000000000e+02
1.087000000000000000e+03
2.700000000000000000e+01
4.260000000000000000e+02
3.700000000000000000e+01
2.830000000000000000e+02
4.240000000000000000e+02
9.820000000000000000e+02
9.750000000000000000e+02
1.068000000000000000e+03
2.680000000000000000e+02
2.970000000000000000e+02
3.260000000000000000e+02
8.470000000000000000e+02
1.930000000000000000e+02
3.880000000000000000e+02
4.450000000000000000e+02
1.730000000000000000e+02
1.260000000000000000e+02
5.000000000000000000e+01
1.105000000000000000e+03
8.300000000000000000e+01
4.050000000000000000e+02
6.170000000000000000e+02
9.570000000000000000e+02
3.870000000000000000e+02
8.700000000000000000e+01
1.056000000000000000e+03
8.190000000000000000e+02
1.810000000000000000e+02
5.130000000000000000e+02
9.860000000000000000e+02
8.990000000000000000e+02
6.240000000000000000e+02
1.490000000000000000e+02
8.690000000000000000e+02
9.030000000000000000e+02
9.220000000000000000e+02
2.300000000000000000e+01
1.038000000000000000e+03
3.300000000000000000e+01
8.790000000000000000e+02
4.270000000000000000e+02
5.200000000000000000e+01
1.850000000000000000e+02
1.600000000000000000e+01
7.020000000000000000e+02
7.240000000000000000e+02
4.340000000000000000e+02
4.980000000000000000e+02
6.510000000000000000e+02
2.480000000000000000e+02
1.008000000000000000e+03
2.590000000000000000e+02
3.080000000000000000e+02
3.780000000000000000e+02
4.000000000000000000e+00
1.620000000000000000e+02
3.850000000000000000e+02
8.660000000000000000e+02
1.221000000000000000e+03
2.810000000000000000e+02
6.500000000000000000e+02
9.450000000000000000e+02
2.490000000000000000e+02
9.930000000000000000e+02
7.870000000000000000e+02
9.370000000000000000e+02
3.750000000000000000e+02
4.490000000000000000e+02
8.950000000000000000e+02
8.180000000000000000e+02
1.191000000000000000e+03
4.420000000000000000e+02
5.180000000000000000e+02
1.173000000000000000e+03
1.030000000000000000e+03
4.110000000000000000e+02
6.630000000000000000e+02
1.080000000000000000e+03
6.080000000000000000e+02
6.920000000000000000e+02
2.210000000000000000e+02
7.680000000000000000e+02
6.230000000000000000e+02
2.890000000000000000e+02
3.210000000000000000e+02
2.400000000000000000e+01
8.520000000000000000e+02
6.930000000000000000e+02
3.090000000000000000e+02
1.152000000000000000e+03
4.150000000000000000e+02
1.660000000000000000e+02
5.160000000000000000e+02
5.310000000000000000e+02
2.580000000000000000e+02
2.200000000000000000e+02
1.129000000000000000e+03
2.770000000000000000e+02
8.760000000000000000e+02
3.050000000000000000e+02
5.480000000000000000e+02
5.910000000000000000e+02
2.540000000000000000e+02
1.050000000000000000e+02
6.800000000000000000e+02
2.200000000000000000e+01
6.680000000000000000e+02
4.570000000000000000e+02
9.250000000000000000e+02
4.400000000000000000e+01
1.024000000000000000e+03
6.600000000000000000e+01
1.084000000000000000e+03
