1672
431
1501
4
417
21
499
150
357
33
80
733
402
540
722
509
656
1082
925
1550
1679
1365
673
792
715
1090
1155
1739
1840
719
1286
88
92
1521
9
1109
585
1934
1604
1789
1386
771
1023
979
648
117
1063
1098
1988
1841
1428
1828
129
1520
1620
1475
645
1094
432
244
909
518
796
803
1374
1662
1229
343
1994
1128
277
1496
131
1202
558
1110
729
893
60
1025
480
832
1351
339
1186
1526
127
1490
1784
1292
1422
361
1936
1343
1682
694
314
1461
1892
232
785
1478
1586
48
470
184
1225
261
711
674
342
1771
1870
1987
29
408
59
1863
63
151
1222
1473
1074
118
952
996
76
1903
1463
508
598
1821
114
1248
1444
1344
1645
77
1932
426
281
760
1158
201
524
929
1576
468
463
758
1059
255
352
1010
1673
329
839
1255
1085
1089
1162
1289
466
1635
1412
56
274
1391
1815
852
445
1887
1806
642
1755
1294
230
333
1547
1413
224
1629
138
580
1554
1462
1606
1465
863
1274
1482
501
1321
316
395
206
532
1312
52
243
686
706
1146
299
1820
1953
1705
1183
1480
1015
1741
167
1758
1764
1908
1966
270
495
1976
1300
180
622
1727
94
1320
766
89
835
493
903
1068
436
838
375
1395
169
1597
1593
945
1430
1028
1368
1376
1801
1810
1867
458
324
1929
1965
797
188
1375
191
338
865
881
1717
1507
1362
397
767
1671
818
1182
1836
536
1181
749
505
1488
516
809
447
1670
1901
856
1609
1216
1067
1885
1875
404
1763
1874
1284
1996
292
271
1743
373
1355
898
1418
1226
322
1762
1231
570
1449
