698
25
768
65
350
769
770
563
925
18
941
15
300
852
289
949
841
934
337
875
837
923
46
5
4
728
921
298
27
52
279
354
173
124
195
191
242
310
218
421
284
431
502
802
911
53
854
179
567
287
413
489
345
389
560
377
702
746
621
500
979
982
70
371
804
856
946
894
931
861
488
542
497
283
418
334
404
475
545
552
558
682
617
633
721
332
344
339
266
274
267
321
216
130
273
825
613
684
927
932
965
992
455
638
516
203
50
333
410
785
961
969
938
353
313
318
943
939
970
958
629
836
842
774
848
572
626
586
681
975
120
644
643
662
733
