1978
354
1674
1269
761
1898
1812
169
74
133
971
84
793
92
288
1316
527
441
1250
162
751
1323
1333
219
578
1502
344
1703
108
1641
1686
31
24
1792
182
838
915
834
1779
1796
104
1008
956
1551
113
1960
198
452
1003
1455
542
12
1671
1402
1049
1016
1257
670
1609
726
1177
349
184
1138
1184
1804
835
373
146
590
1621
508
1721
72
1849
462
1293
1369
708
1393
525
513
839
375
1751
301
791
1381
450
623
35
1292
1936
1247
924
472
1938
1822
199
547
1121
1452
504
1985
539
1943
1075
1030
1313
1639
1457
1679
1513
1165
1529
718
1963
567
706
925
1203
1061
1337
1489
802
125
25
698
669
1757
551
429
1073
1473
1655
617
90
1362
1416
1911
1134
1412
282
359
89
63
852
13
744
840
1392
1858
42
4
1977
1576
1754
236
888
216
15
279
1065
1768
27
1999
897
1955
2
661
1265
1702
1596
1970
1345
1557
1644
1384
822
740
870
1318
701
1186
902
1160
68
405
1701
780
566
1255
1159
174
1823
520
1476
1173
1205
1484
1080
1790
684
1014
600
1672
772
974
1854
222
456
1148
1561
1055
1772
437
50
784
1907
1769
1770
1480
238
1010
1711
521
1175
1913
289
486
1427
1334
1509
1746
1530
1927
1026
773
1645
558
1432
45
847
1051
119
1781
565
1054
1964
636
1788
541
805
1582
1588
1463
608
410
360
592
1353
594
562
988
1844
1857
1663
1420
1022
328
44
934
1810
1670
664
1675
523
226
55
1750
395
204
154
1046
1991
1638
1226
79
1542
783
1866
316
1332
1428
631
1543
616
1260
325
715
