1.360000000000000000e+02
1.100000000000000000e+02
0.000000000000000000e+00
1.780000000000000000e+02
4.900000000000000000e+01
5.000000000000000000e+00
3.600000000000000000e+01
1.770000000000000000e+02
1.670000000000000000e+02
4.200000000000000000e+01
1.310000000000000000e+02
8.700000000000000000e+01
7.600000000000000000e+01
1.620000000000000000e+02
1.160000000000000000e+02
6.500000000000000000e+01
1.940000000000000000e+02
1.560000000000000000e+02
1.100000000000000000e+01
1.350000000000000000e+02
1.930000000000000000e+02
1.800000000000000000e+01
7.000000000000000000e+01
6.600000000000000000e+01
3.200000000000000000e+01
3.500000000000000000e+01
8.400000000000000000e+01
1.000000000000000000e+01
8.100000000000000000e+01
2.800000000000000000e+01
