3.742573241069610201e+00 -6.492600540441770818e-01
1.479952580889155156e+00 -5.743078247000188430e-01
-6.559613223211941957e-01 -4.192784272531273060e-01
-1.672352597222159232e-01 -3.923724987706089240e-01
-8.369709751356306793e-01 9.744352308018956743e-02
3.072837525656195723e+00 -4.442625037011800337e-01
-6.921632528840815368e-01 2.072453359826573471e-01
-6.197593917583069656e-01 -2.040309993929804167e-01
-4.930526347882014382e-01 -4.506686771493987331e-01
6.807728893655139168e-02 -5.258130916970035207e-01
-8.007690445727433382e-01 1.919615498691504385e+00
-8.369709751356306793e-01 2.298220349481227220e+00
-2.577400861294341095e-01 -4.199190445979491537e-01
-6.740622876026378663e-01 3.424155957400710215e-01
-6.921632528840815368e-01 5.743190745655863960e-01
6.807728893655139168e-02 -6.319633857339866934e-01
-7.102642181655250964e-01 9.744352308018956743e-02
-6.740622876026378663e-01 -3.206233561505599794e-01
-8.188700098541870087e-01 2.174581201930606777e+00
-5.654564959139760649e-01 -4.205596619427710015e-01
1.280841962793275224e+00 -6.210728908720150043e-01
5.568033515355297336e-01 -5.435581921485692636e-01
6.807728893655139168e-02 -5.717453553207313410e-01
-6.378603570397506362e-01 -3.763570651500622866e-01
-3.482449125366523512e-01 -2.507960655649766335e-01
-5.111536000696450532e-01 -1.944217392206524508e-01
-7.826680792912996676e-01 1.047735292388945139e+00
-7.102642181655250964e-01 -3.135765653575194323e-01
2.149688296302569857e+00 -6.345258551132741953e-01
2.131587331021126186e+00 -6.563068448372175734e-01
7.197120390685224356e-01 -6.268384469754118005e-01
1.461851615607711707e+00 -5.916044930102091204e-01
-8.007690445727433382e-01 2.008020692276921704e+00
-3.844468430995396369e-01 -4.647622587354797719e-01
-4.930526347882014382e-01 -2.173558401652752325e-01
2.222092157428344539e+00 -6.390101765270271850e-01
2.873726907560315791e+00 -6.313227683891647901e-01
-7.464661487284124375e-01 -6.309518353216997388e-02
-5.292545653510887238e-01 -4.878244831490669009e-01
-5.473555306325323944e-01 -3.667478049777342930e-01
9.912265182901770499e-01 -6.172291868030838069e-01
1.389447754481937025e+00 -5.390738707348161629e-01
2.692717254745879085e+00 -6.556662274923957812e-01
-7.102642181655250964e-01 -2.770613767026731122e-01
1.154135205823169752e+00 -6.024949878721809204e-01
-8.007690445727433382e-01 2.040422492585480252e-01
-8.007690445727433382e-01 9.737946134570737988e-02
-8.369709751356306793e-01 8.049413187014580195e-01
-8.369709751356306793e-01 3.981493047395733287e-01
-8.369709751356306793e-01 3.122694872266968069e+00
3.938946640025369206e-01 -4.873119892732094560e-01
8.102168654757406774e-01 -5.928857276998529269e-01
-7.102642181655250964e-01 -3.597010141846938014e-01
-3.120429819737650656e-01 -3.840444732879246814e-01
-4.025478083809832519e-01 -4.643778883285866188e-01
1.262740997511831553e+00 -5.750125037793228922e-01
-4.568507042253142081e-01 -4.320907741495645937e-01
-4.930526347882014382e-01 -5.499643655967878519e-01
-5.835574611954196245e-01 -4.423406516667144350e-01
1.769568025392253441e+00 2.943692948784310537e-01
1.404811500623259490e-01 -6.460569673200677876e-01
-8.007690445727433382e-01 2.488854633960786156e-01
1.063630379415951621e+00 -6.473382020097114831e-01
-2.034371902851032088e-01 -5.153710289764071861e-01
-5.835574611954196245e-01 -4.135128711497305098e-01
-8.550719404170742388e-01 2.417375175618094119e+00
-8.369709751356306793e-01 2.041332794207658896e+00
4.843994904097551069e-01 -2.014685300136929702e-01
1.009327483571620609e+00 -6.402914112166709915e-01
-3.663458778180959663e-01 -5.070430034937228880e-01
-8.369709751356306793e-01 2.053504523759274392e+00
4.662985251283114918e-01 -6.223541255616586998e-01
-8.369709751356306793e-01 1.170093205249921553e+00
-6.378603570397506362e-01 -2.994829837714383935e-01
-2.758410514108777800e-01 -4.935900392524636970e-01
1.733366094829366100e+00 -6.402914112166709915e-01
2.620313393620104403e+00 -6.492600540441770818e-01
1.947840459066568775e-01 -5.743078247000188430e-01
3.938946640025369206e-01 -6.229947429064806030e-01
-3.482449125366523512e-01 -5.499643655967878519e-01
-7.826680792912996676e-01 1.553553310520862374e-01
-8.550719404170742388e-01 1.901678213036492204e+00
3.395917681582060199e-01 -5.967294317687841243e-01
-1.672352597222159232e-01 -5.365114013555287720e-01
-8.007690445727433382e-01 1.946649550642987281e+00
-3.301439472552086807e-01 -4.384969475977832931e-01
-1.129323638778850086e-01 -5.262615238383788752e-01
-8.369709751356306793e-01 2.511545925306908345e+00
-8.188700098541870087e-01 9.170493540452845371e-01
-8.369709751356306793e-01 1.592260035487531145e+00
-3.482449125366523512e-01 -3.532948407364751575e-01
-8.369709751356306793e-01 1.782523386899625084e+00
-5.473555306325323944e-01 -4.532311465286861796e-01
-3.663458778180959663e-01 -2.719364379440981638e-01
1.407548719763380696e+00 -6.159479521134401114e-01
-4.052850275211044434e-02 -5.371520187003505642e-01
8.617825421799503449e-02 -6.028152965445917610e-01
-8.188700098541870087e-01 7.139736557367530878e-01
-7.102642181655250964e-01 1.795976351140884386e+00
-2.215381555665468516e-01 -6.178698041479057101e-01
1.947840459066568775e-01 -6.172291868030838069e-01
-4.930526347882014382e-01 -2.240182605514226266e-01
-7.464661487284124375e-01 9.449668329400898181e-02
1.425649685044824366e+00 -6.279274964616089472e-01
-6.740622876026378663e-01 -2.584834737028390284e-01
5.206014209726423925e-01 -5.960888144239622211e-01
1.715265129547922651e+00 -6.543849928027519747e-01
-6.016584264768632950e-01 7.720001498381860727e-02
-8.731729056985179094e-01 9.744352308018956743e-02
-7.826680792912996676e-01 9.513730063883085730e-02
-8.550719404170742388e-01 4.772925152528094017e+00
-7.102642181655250964e-01 -4.000599069084713189e-01
1.009327483571620609e+00 -6.390101765270271850e-01
9.007216918829589192e-01 -6.466975846648895798e-01
-8.007690445727433382e-01 -2.187651983238833309e-01
-4.025478083809832519e-01 -4.327313914943864970e-01
2.602212428338661176e+00 -6.281196816650554959e-01
-8.007690445727433382e-01 4.032742434981482216e-01
-2.577400861294341095e-01 -4.557936159079736260e-01
1.226539066948944212e+00 -6.114636306996870108e-01
-6.016584264768632950e-01 -2.552803869787296787e-01
-6.016584264768632950e-01 -2.593937753250176448e-02
-1.310333291593286376e-01 -4.127441303359442593e-01
-8.369709751356306793e-01 9.744352308018956743e-02
-1.672352597222159232e-01 -5.576517737346502468e-01
-7.645671140098561080e-01 -2.994829837714383935e-01
-2.577400861294341095e-01 -4.999962127006823964e-01
1.443750650326268037e+00 -6.415726459063146869e-01
8.645197613200715780e-01 -6.511819060786426805e-01
-1.491342944407722804e-01 -3.962162028395401214e-01
1.377439309222047367e-02 -6.396507938718490882e-01
-8.188700098541870087e-01 2.547420496616932706e+00
-8.007690445727433382e-01 1.124609373767569087e+00
-4.206487736624269225e-01 -5.960888144239622211e-01
2.113486365739682515e+00 -6.441351152856021889e-01
2.457404706087111812e+00 -5.909638756653873282e-01
-8.369709751356306793e-01 4.912579733699260487e+00
-6.921632528840815368e-01 1.207619944317054744e-01
7.016110737870787650e-01 -6.024949878721809204e-01
-6.378603570397506362e-01 -1.111414843938099001e-01
-4.206487736624269225e-01 -5.864795542516342275e-01
-4.930526347882014382e-01 -2.693739685648107174e-01
3.395917681582060199e-01 -6.005731358377153217e-01
-4.025478083809832519e-01 -5.256209064935569719e-01
-4.749516695067578231e-01 -4.096691670807993124e-01
-3.301439472552086807e-01 -5.441988094933910558e-01
-7.826680792912996676e-01 9.577791798365271891e-02
-8.369709751356306793e-01 6.518337732890321368e-01
-7.283651834469687669e-01 1.034653261215150999e-01
-6.016584264768632950e-01 -5.711047379759094378e-01
-6.559613223211941957e-01 -1.572659332209842276e-01
-6.740622876026378663e-01 -4.900160194608892822e-02
1.117933275260282633e+00 -6.390101765270271850e-01
-6.197593917583069656e-01 3.684112226004107593e-02
-6.740622876026378663e-01 -3.110140959782319858e-01
-4.387497389438705375e-01 -4.871838658042450532e-01
-8.731729056985179094e-01 2.330891834067142288e+00
8.645197613200715780e-01 -5.999325184928934185e-01
-5.292545653510887238e-01 3.276813968091680795e-01
1.045529414134507951e+00 -6.031356052170027127e-01
-7.826680792912996676e-01 -2.527179175994422322e-01
-6.921632528840815368e-01 -6.080239843023927011e-03
2.602212428338661176e+00 -6.447757326304239811e-01
-8.550719404170742388e-01 1.561510402936081565e+00
-7.645671140098561080e-01 2.661821317062689762e-01
-8.369709751356306793e-01 8.728467572525757667e-01
-2.577400861294341095e-01 -5.896826409757435217e-01
2.710818220027322756e+00 -6.563068448372175734e-01
3.033898375953187343e-01 -2.924361929783979019e-01
4.662985251283114918e-01 -6.011496914480549680e-01
-8.369709751356306793e-01 1.382137546385959093e+00
-6.378603570397506362e-01 -5.506049829416097552e-01
-6.740622876026378663e-01 -3.359981724262847691e-01
1.697164164266478981e+00 -5.942310241239787683e-01
1.063630379415951621e+00 -5.928857276998529269e-01
-4.206487736624269225e-01 -3.456074325986127627e-01
5.930052820984169637e-01 -5.038399167696135938e-01
-8.550719404170742388e-01 2.598029266857860176e+00
-8.188700098541870087e-01 3.519877626056524988e+00
-6.197593917583069656e-01 -5.313864625969537681e-01
2.490869417509878059e-01 -6.268384469754118005e-01
9.731255530087333794e-01 -6.377289418373834895e-01
-6.559613223211941957e-01 -4.833401617353138557e-01
7.740149349128533363e-01 -5.076836208385447913e-01
8.645197613200715780e-01 -6.396507938718490882e-01
-5.654564959139760649e-01 -5.012774473903260919e-01
-2.758410514108777800e-01 3.943056006706421313e-01
-5.292545653510887238e-01 -4.545123812183299306e-01
-5.111536000696450532e-01 -6.693888760110117131e-02
-4.052850275211044434e-02 -4.833401617353138557e-01
1.534255476733486168e+00 -6.383695591822053927e-01
-6.197593917583069656e-01 -4.596373199769048234e-01
-7.645671140098561080e-01 1.013782573113386265e+00
-8.007690445727433382e-01 2.242486640481724969e+00
-7.645671140098561080e-01 2.382781838997713120e+00
-6.559613223211941957e-01 -1.361255608418626695e-01
-2.215381555665468516e-01 -6.069793092859339101e-01
-3.120429819737650656e-01 -5.160116463212289784e-01
-5.835574611954196245e-01 -7.398567839414169067e-02
-6.559613223211941957e-01 -6.082605439755777166e-01
2.149688296302569857e+00 -6.119120628410622542e-01
2.671879070324314487e-01 -1.122305338800070745e-01
3.395917681582060199e-01 -6.044168399066465192e-01
1.769568025392253441e+00 -6.044168399066465192e-01
8.283178307571843479e-01 -6.434944979407802856e-01
