53
838
307
880
658
715
1526
1047
1877
920
1240
255
412
1125
983
1327
952
1986
360
1569
1595
213
721
292
1317
703
1358
1803
133
1420
1061
1079
1586
1085
1430
704
1939
1540
574
246
263
1119
502
1291
1455
458
1481
1650
358
802
237
837
40
707
1193
340
1299
945
1485
15
1298
1446
1942
646
996
1641
1928
862
942
1180
1585
652
23
508
694
1810
922
1531
1647
162
845
1197
1212
294
1662
1268
1624
1827
1866
829
132
425
1574
1584
1631
155
215
238
394
786
1994
457
1781
808
1208
1011
1064
123
1120
1815
1635
260
1304
1489
1770
503
86
125
1393
1743
1865
1222
1603
100
464
1423
1101
203
465
763
1030
1043
1493
51
1465
1589
956
1480
1592
1684
742
1066
873
288
314
950
1210
1338
1512
1912
1950
564
626
760
1538
1651
1927
4
101
980
1152
1207
1434
1645
17
774
1720
1437
1761
337
1256
1646
1718
64
548
720
831
1086
1323
1591
1843
815
1729
672
776
44
1269
850
1753
339
1817
1051
249
1211
1850
1694
1884
1150
757
195
933
1935
1166
1528
77
510
1103
1464
315
582
96
256
1733
653
1301
1546
274
282
755
1750
1629
1807
1943
1375
1872
1626
1281
137
330
1178
1189
1385
1611
1676
1768
25
176
1331
1
1021
1962
254
614
1601
243
973
1751
679
976
187
1550
135
221
272
227
634
655
836
1290
1356
1417
1482
1649
144
151
304
428
687
726
1285
1404
1438
1754
1840
1930
611
641
345
957
1165
1664
1094
460
512
1491
1846
1218
517
1790
168
1568
82
88
378
511
790
810
1738
283
1709
