7.400000000000000000e+01
1.392000000000000000e+03
1.396000000000000000e+03
1.183000000000000000e+03
1.800000000000000000e+01
9.920000000000000000e+02
4.420000000000000000e+02
1.139000000000000000e+03
1.851000000000000000e+03
5.640000000000000000e+02
1.042000000000000000e+03
1.993000000000000000e+03
5.770000000000000000e+02
1.700000000000000000e+02
3.380000000000000000e+02
6.050000000000000000e+02
1.440000000000000000e+02
1.224000000000000000e+03
2.610000000000000000e+02
1.169000000000000000e+03
5.850000000000000000e+02
1.037000000000000000e+03
7.100000000000000000e+02
1.766000000000000000e+03
4.560000000000000000e+02
6.070000000000000000e+02
1.258000000000000000e+03
9.700000000000000000e+01
1.547000000000000000e+03
1.164000000000000000e+03
1.140000000000000000e+03
1.541000000000000000e+03
1.635000000000000000e+03
1.513000000000000000e+03
5.970000000000000000e+02
1.558000000000000000e+03
2.700000000000000000e+01
3.840000000000000000e+02
7.110000000000000000e+02
3.710000000000000000e+02
1.403000000000000000e+03
1.658000000000000000e+03
3.300000000000000000e+02
1.646000000000000000e+03
4.380000000000000000e+02
1.385000000000000000e+03
1.924000000000000000e+03
1.610000000000000000e+02
1.328000000000000000e+03
7.790000000000000000e+02
1.489000000000000000e+03
4.800000000000000000e+01
1.424000000000000000e+03
1.525000000000000000e+03
6.240000000000000000e+02
1.539000000000000000e+03
6.630000000000000000e+02
7.570000000000000000e+02
1.677000000000000000e+03
6.490000000000000000e+02
1.454000000000000000e+03
2.910000000000000000e+02
1.842000000000000000e+03
5.430000000000000000e+02
1.000000000000000000e+00
1.038000000000000000e+03
9.220000000000000000e+02
7.090000000000000000e+02
1.241000000000000000e+03
1.426000000000000000e+03
1.749000000000000000e+03
1.353000000000000000e+03
6.150000000000000000e+02
1.902000000000000000e+03
6.300000000000000000e+01
2.730000000000000000e+02
1.648000000000000000e+03
6.290000000000000000e+02
1.059000000000000000e+03
1.784000000000000000e+03
5.480000000000000000e+02
1.272000000000000000e+03
1.930000000000000000e+03
6.370000000000000000e+02
1.269000000000000000e+03
6.380000000000000000e+02
1.989000000000000000e+03
8.500000000000000000e+02
8.900000000000000000e+01
9.080000000000000000e+02
1.494000000000000000e+03
1.074000000000000000e+03
9.790000000000000000e+02
3.630000000000000000e+02
1.207000000000000000e+03
1.953000000000000000e+03
1.771000000000000000e+03
1.667000000000000000e+03
3.670000000000000000e+02
1.268000000000000000e+03
7.490000000000000000e+02
1.388000000000000000e+03
1.620000000000000000e+02
4.060000000000000000e+02
6.100000000000000000e+02
9.170000000000000000e+02
1.892000000000000000e+03
1.303000000000000000e+03
1.371000000000000000e+03
1.170000000000000000e+02
9.510000000000000000e+02
9.150000000000000000e+02
1.627000000000000000e+03
7.390000000000000000e+02
1.720000000000000000e+02
2.090000000000000000e+02
9.250000000000000000e+02
1.537000000000000000e+03
1.184000000000000000e+03
9.040000000000000000e+02
1.831000000000000000e+03
1.613000000000000000e+03
1.030000000000000000e+02
1.520000000000000000e+02
9.030000000000000000e+02
1.283000000000000000e+03
2.270000000000000000e+02
7.800000000000000000e+01
5.330000000000000000e+02
9.140000000000000000e+02
7.350000000000000000e+02
1.570000000000000000e+02
8.400000000000000000e+02
6.280000000000000000e+02
1.400000000000000000e+01
8.740000000000000000e+02
6.610000000000000000e+02
1.814000000000000000e+03
6.250000000000000000e+02
4.160000000000000000e+02
1.362000000000000000e+03
1.220000000000000000e+02
6.550000000000000000e+02
1.216000000000000000e+03
2.960000000000000000e+02
6.760000000000000000e+02
1.291000000000000000e+03
8.550000000000000000e+02
9.500000000000000000e+02
8.400000000000000000e+01
3.140000000000000000e+02
2.300000000000000000e+01
1.142000000000000000e+03
1.317000000000000000e+03
1.783000000000000000e+03
5.500000000000000000e+02
6.690000000000000000e+02
7.370000000000000000e+02
1.863000000000000000e+03
7.590000000000000000e+02
1.212000000000000000e+03
5.590000000000000000e+02
1.154000000000000000e+03
1.987000000000000000e+03
5.990000000000000000e+02
1.275000000000000000e+03
1.002000000000000000e+03
1.557000000000000000e+03
5.540000000000000000e+02
4.730000000000000000e+02
1.280000000000000000e+03
8.000000000000000000e+00
1.252000000000000000e+03
8.700000000000000000e+01
1.867000000000000000e+03
1.730000000000000000e+02
1.659000000000000000e+03
1.645000000000000000e+03
1.649000000000000000e+03
1.018000000000000000e+03
5.800000000000000000e+01
8.200000000000000000e+02
3.100000000000000000e+01
3.960000000000000000e+02
1.573000000000000000e+03
3.230000000000000000e+02
1.243000000000000000e+03
1.380000000000000000e+03
1.778000000000000000e+03
1.715000000000000000e+03
1.013000000000000000e+03
1.598000000000000000e+03
1.134000000000000000e+03
1.614000000000000000e+03
1.508000000000000000e+03
2.590000000000000000e+02
1.632000000000000000e+03
2.470000000000000000e+02
7.960000000000000000e+02
5.960000000000000000e+02
1.488000000000000000e+03
6.590000000000000000e+02
1.168000000000000000e+03
1.680000000000000000e+03
4.650000000000000000e+02
1.844000000000000000e+03
1.131000000000000000e+03
2.990000000000000000e+02
8.120000000000000000e+02
6.990000000000000000e+02
1.193000000000000000e+03
7.060000000000000000e+02
8.430000000000000000e+02
6.100000000000000000e+01
1.130000000000000000e+02
6.310000000000000000e+02
1.124000000000000000e+03
1.370000000000000000e+03
1.443000000000000000e+03
3.890000000000000000e+02
1.065000000000000000e+03
1.626000000000000000e+03
9.740000000000000000e+02
1.326000000000000000e+03
1.643000000000000000e+03
1.247000000000000000e+03
1.308000000000000000e+03
7.580000000000000000e+02
1.153000000000000000e+03
1.315000000000000000e+03
1.711000000000000000e+03
1.239000000000000000e+03
2.670000000000000000e+02
1.921000000000000000e+03
7.740000000000000000e+02
1.400000000000000000e+02
1.943000000000000000e+03
1.761000000000000000e+03
8.350000000000000000e+02
2.400000000000000000e+01
1.343000000000000000e+03
5.760000000000000000e+02
1.191000000000000000e+03
1.559000000000000000e+03
1.984000000000000000e+03
1.430000000000000000e+02
1.641000000000000000e+03
1.657000000000000000e+03
1.240000000000000000e+02
1.337000000000000000e+03
1.409000000000000000e+03
1.950000000000000000e+02
7.780000000000000000e+02
9.960000000000000000e+02
1.009000000000000000e+03
1.036000000000000000e+03
5.130000000000000000e+02
8.140000000000000000e+02
1.108000000000000000e+03
1.390000000000000000e+03
1.336000000000000000e+03
1.700000000000000000e+03
1.858000000000000000e+03
1.740000000000000000e+02
2.560000000000000000e+02
4.990000000000000000e+02
1.485000000000000000e+03
1.810000000000000000e+02
1.189000000000000000e+03
1.926000000000000000e+03
1.340000000000000000e+03
1.975000000000000000e+03
6.600000000000000000e+01
6.640000000000000000e+02
1.358000000000000000e+03
1.938000000000000000e+03
1.277000000000000000e+03
1.422000000000000000e+03
7.410000000000000000e+02
1.878000000000000000e+03
9.710000000000000000e+02
1.158000000000000000e+03
1.600000000000000000e+02
7.080000000000000000e+02
1.785000000000000000e+03
1.871000000000000000e+03
9.390000000000000000e+02
1.165000000000000000e+03
1.423000000000000000e+03
7.680000000000000000e+02
1.877000000000000000e+03
1.733000000000000000e+03
5.090000000000000000e+02
8.220000000000000000e+02
8.570000000000000000e+02
1.395000000000000000e+03
6.270000000000000000e+02
3.720000000000000000e+02
6.840000000000000000e+02
4.600000000000000000e+01
