972
1500
1522
31
827
1544
1402
268
403
332
652
153
1806
140
1381
42
353
660
434
1258
233
447
1693
112
706
601
988
1510
120
267
598
1222
1318
1871
989
1147
1729
319
250
1887
908
183
1473
438
1419
108
294
634
418
1284
1518
1987
663
1942
305
911
144
46
67
115
665
786
226
436
1660
692
620
681
948
1275
1506
926
1528
1930
1142
482
565
451
741
255
270
1118
1872
318
1851
1965
777
889
1677
1349
1903
1499
1221
388
516
1418
503
1226
832
228
247
844
469
1059
566
580
1990
782
439
582
938
1478
1176
1035
311
1549
1625
57
1214
1762
1000
1491
1128
1044
466
805
510
710
448
422
632
763
568
1465
703
1417
1782
154
1178
1263
1365
1882
968
1278
121
1648
282
1614
1624
30
524
336
1555
993
457
615
1791
1960
1873
611
1768
77
1494
975
553
662
1788
1151
224
37
375
1110
7
732
1670
80
1595
779
1586
1317
899
1708
269
881
1073
87
778
1674
920
151
1959
59
860
1148
591
685
1053
1684
1667
60
431
1785
1354
1807
537
1961
74
571
1273
1678
1883
751
957
967
175
389
1032
1632
983
1401
734
214
1054
1010
1798
1150
176
1740
1970
1364
379
1372
1167
78
1585
1146
1309
790
1523
484
1243
1360
66
1781
1875
1556
1815
1297
1775
544
1854
1123
1612
818
192
1747
1940
64
1048
716
313
540
104
1056
1542
1553
1567
1108
44
542
1168
1200
1281
1794
464
1696
204
821
1368
1493
1719
244
1366
463
1453
1800
479
1790
833
547
838
478
705
335
1216
556
606
1517
1706
994
