  -9.2741445e-01   6.5821164e-01
  -5.2828600e-01   1.0353448e-01
  -5.4266045e-01  -1.0727269e+00
  -7.5789814e-01   4.7826296e-01
   1.8222859e-01  -6.3964402e-01
   1.8567026e+00   1.1743187e+00
   1.0093708e+00   1.8298768e+00
   9.5035971e-02  -9.2125729e-01
   3.0986141e-01  -1.3837432e-01
   3.0711763e-01   1.8826475e-01
   2.9592433e-01   1.8954117e-02
  -2.6465959e+00   7.8540382e-01
   1.4120440e-01  -5.6399105e-01
   2.9326734e-01   2.4503795e-01
   1.2797618e+00   7.3470413e-01
   4.1412939e-01  -2.5689036e-01
  -7.8072212e-01   1.3459641e-01
   5.2910920e-01   6.2024154e-01
   9.6486493e-02  -6.3820301e-02
  -5.8497835e-01  -2.5482702e+00
   1.4134427e-01  -4.1330702e-01
   1.4198305e+00   9.3002171e-01
  -1.2550398e+00   1.0430547e+00
   1.6547948e-01  -1.0709102e+00
   4.8796194e-02   4.5374835e-01
  -5.3553467e-01  -5.5324437e-01
   1.5352736e-01   5.5307760e-01
   7.0053952e-01   1.1592057e+00
   2.0098147e+00   2.4885071e+00
  -9.6972763e-02  -7.3848094e-01
  -4.7014318e-01  -6.2112882e-01
   5.6572840e-01   1.8218264e-02
   2.5676400e-01   8.6337818e-01
   1.4808634e-01   4.6253482e-01
  -1.5319934e-01  -1.6428982e+00
  -1.2152048e+00  -4.0157476e-01
  -5.9674909e-01  -1.1133200e+00
  -2.1450060e-01   2.9138377e-01
  -1.2364952e+00  -8.7451378e-01
  -2.7588023e+00  -5.3091774e-01
  -1.4818695e+00   4.7682175e-01
   4.9506748e-01   3.4028691e-01
  -5.5420119e-01  -1.4408789e+00
  -2.8459112e+00   8.3269754e-01
  -2.2739864e-01  -2.0846137e+00
   9.4750695e-01   1.4154129e+00
   3.7623634e-01   9.6586813e-01
   1.6342689e+00   1.1699449e+00
   1.0963972e+00   7.9321698e-01
   9.7252933e-01   4.3183705e-01
   1.1597829e+00   1.2418293e+00
   5.3863006e-02  -1.0537880e+00
   6.0751204e-01  -1.9812036e-01
   6.7683849e-02  -1.1464077e+00
  -1.4701897e+00   7.4389379e-01
   8.5873237e-01   5.0462591e-01
   3.6096735e-01   1.0195303e+00
  -9.6076695e-01   8.5000658e-01
  -2.9038439e-01   1.1512033e-01
  -1.5703111e+00  -9.5772046e-01
   6.2469130e-01   8.1206017e-01
   1.3239908e+00   1.4622900e+00
  -2.5039084e-01  -1.5058458e+00
   1.3565749e+00   7.4332583e-01
  -8.5289768e-01  -9.3470442e-01
  -8.4966347e-01  -1.5758958e+00
   5.8028251e-02  -5.4263068e-01
   1.0151773e-01  -4.5252071e-01
  -4.8489216e-01  -1.8335007e+00
  -1.9077000e+00  -5.0063616e-01
   9.4239071e-02  -1.2248375e+00
  -1.1911315e-01  -1.0486794e+00
  -3.1680400e+00   3.0306547e-01
  -2.9842769e-01   2.5211795e-01
   1.1555333e+00  -1.4087035e-01
  -1.6857131e+00  -3.5404175e-01
  -1.5860051e+00  -1.4083093e+00
  -1.4576223e+00  -1.2270909e-01
   2.2815033e+00   1.8345057e+00
  -7.8093914e-01  -1.3632576e+00
   1.0619889e+00   9.0102537e-01
  -2.7287016e-01   4.9580711e-01
   1.6383325e+00   1.0181123e+00
   9.5336677e-02  -1.0234980e+00
   5.0315032e-01   7.0785332e-01
  -7.9985580e-01  -1.5424639e+00
  -8.4994237e-02   6.9190017e-01
  -1.8021573e+00   3.5727137e-01
   1.8464510e-01   8.7425281e-01
  -5.7111815e-01  -4.7599776e-01
   1.9694784e-01  -5.9729059e-01
   2.4093076e-01   1.4627828e-01
  -9.0465933e-02   4.1259056e-01
   4.0908853e-01   7.1035385e-01
  -1.4498971e+00   6.1179029e-01
  -2.7193999e-02   3.2712762e-03
  -3.1673333e-01   4.0419810e-01
   1.9919063e+00   1.2998847e+00
   2.1662818e-01  -1.0608860e+00
   2.7513267e+00   2.1713333e+00
   7.6248424e-01   5.2529695e-01
   8.0646278e-01   1.3709377e+00
  -3.1699045e-01  -1.7178065e+00
  -5.9157345e-01  -8.9447078e-01
   1.3791425e+00   1.7477449e+00
   4.9269561e-01   2.1843611e-01
   2.3044737e-01  -6.0953247e-01
   5.6833825e-01  -4.6725256e-02
  -5.0344512e-01  -1.0793609e+00
  -6.3635096e-03  -9.6975088e-01
  -3.8459673e-01  -6.8782895e-02
  -5.1109644e-01  -1.8223626e-01
   1.0457059e+00   1.6718999e+00
   8.2740948e-01   8.3934879e-01
  -9.8594592e-02  -6.3401177e-01
   1.5452146e-01   5.4834431e-01
  -6.8902175e-02  -7.8599805e-01
  -8.6864703e-01  -2.2152077e-01
  -3.7297833e-01  -2.5854681e-01
  -4.3411181e-01  -1.8917776e+00
  -1.1156554e-01  -1.0366046e+00
  -2.3572756e-01  -4.3265938e-01
  -1.4746259e+00  -6.3603860e-01
   2.0091548e+00   2.1547127e-01
   1.7496947e-01   4.4589724e-01
  -3.1396442e-01  -1.3820261e-01
  -7.5684198e-01  -6.9173502e-01
  -1.3927818e+00  -3.1926288e-01
   1.5283724e-01  -4.1942121e-01
   7.0358712e-01   8.5134608e-01
   1.3997404e+00   9.8979517e-01
   3.2058871e-01   4.3425315e-01
  -1.5953543e-01  -6.7320453e-01
   5.9171786e-01   1.0342598e+00
  -3.7444980e-01  -2.2513299e-01
   9.9364302e-01   6.3478657e-01
  -7.9394445e-01  -1.5526876e+00
  -2.2012246e-01  -4.7008118e-02
  -5.4078930e-01  -6.4166940e-01
   5.9688105e-01   5.2886420e-02
  -9.3525114e-01  -6.0542420e-02
   2.3813555e-01   1.7189841e-02
   4.0902187e-01   8.6414039e-02
  -6.8895237e-01  -1.3753852e+00
  -3.4954254e-01  -1.6141931e-01
  -1.0166996e+00  -1.8800374e+00
   1.6951686e+00   1.3184081e+00
   1.6233295e-02  -3.2002209e-01
   9.7302935e-01   4.5851792e-01
  -1.8532251e+00  -5.1835826e-01
  -4.7494576e-01  -2.3832894e-02
  -1.8402695e-01   6.5043332e-01
   9.6594164e-01   8.0353510e-01
  -1.7415572e+00  -1.9150519e-02
   8.2407419e-01   4.0759887e-01
  -1.4270458e+00  -1.3073620e+00
   8.8267281e-01   3.2365783e-01
  -1.0710875e+00   7.8602475e-01
  -1.2152394e+00  -4.3941236e-01
   4.0429678e-01   1.2249530e+00
   1.0890959e+00   1.4811110e+00
   4.5464048e-01   2.6563283e-01
   9.2366983e-01   1.0611965e+00
  -1.4756218e+00  -4.7158114e-01
   1.5823587e-01   3.8140991e-01
   6.2125329e-01   3.0766615e-01
   2.9907149e-01  -1.3056095e+00
   2.2181175e-01  -9.2286807e-01
   4.4382607e-01   7.4878024e-01
  -4.6991533e-01  -7.4750705e-02
   1.4653378e-01  -1.1738139e-01
  -8.6345954e-02  -1.6787321e+00
   9.7340083e-02   7.5528489e-01
   5.3404693e-02  -1.4336341e+00
   1.0534077e+00   7.9946127e-01
   1.3273939e-01   6.3883594e-01
  -3.5002590e-01  -9.6449983e-01
  -8.7682126e-01   1.2002731e+00
  -1.6015519e+00  -9.4694510e-01
  -1.0460367e+00   1.2773093e+00
   7.8036372e-01   2.9788872e-01
  -4.8670695e-01  -2.5372232e+00
   2.4362035e-02  -6.9209744e-01
   1.1276284e+00   8.1708566e-01
  -7.2571137e-02   4.9589969e-01
  -4.2901113e-01   1.7708097e-01
  -4.6761730e-01  -6.6794563e-01
   1.8373404e-01  -1.2511259e+00
  -4.7985213e-01  -1.2648631e+00
  -8.6891004e-02   7.4570497e-01
  -3.7749784e-01  -1.9966519e-01
   2.4736830e-01  -3.6185851e-01
   1.7047460e-01   2.1656343e+00
  -1.7728356e-01  -2.0577163e+00
  -4.2600216e-01   1.4728739e+00
   1.1097627e+00   7.9616571e-01
  -2.4962446e-02   2.8891729e-01
   1.1515677e+00   8.3941462e-01
  -1.2233691e-01  -4.3718253e-01
  -2.8988867e-01   1.1701668e+00
  -8.4785809e-02  -1.1645651e+00
   3.4445511e-01   1.8286552e-01
   2.1385510e-01   8.4913592e-02
  -2.2388532e-01  -8.8411816e-01
  -2.5610839e+00   1.0768064e+00
  -2.3457590e-01  -1.0106384e-01
  -1.2480364e+00  -1.2216354e+00
  -1.6940956e+00  -2.9331432e-01
   3.9720389e-01   2.8353261e-01
   9.2143080e-02  -1.0137384e+00
  -2.3370817e+00   9.0128358e-01
  -3.0543091e+00  -5.8636970e-01
  -1.1712219e+00  -8.0128839e-01
  -9.9585334e-01  -5.3780493e-03
  -3.3342235e+00  -1.2820157e-01
  -5.7172044e-01  -1.5490234e-01
   2.0377879e-01  -1.9917783e-01
   9.0829550e-01   9.9608719e-01
  -2.0630615e-01   3.7285178e-01
   9.2849985e-02   1.9205075e+00
   1.2866704e+00   9.3380359e-01
  -9.9091392e-01   1.1422232e+00
  -8.1675137e-01   2.3043802e-01
  -4.8703455e-01   1.4626060e+00
   4.9992687e-01   2.4359885e-01
  -2.1084825e-01  -8.0079502e-01
  -8.1592217e-01   9.6305013e-01
  -6.9380360e-02   3.6588919e-01
  -3.1371482e-01   1.4033999e+00
   7.8534539e-01   7.8627873e-01
  -1.6638713e+00  -4.2366986e-01
   2.8750496e+00   1.4862435e+00
   1.2031768e+00   1.0278271e+00
  -4.1060291e-01  -1.9123824e+00
   2.1893700e+00   1.7151960e+00
   1.0563915e+00   1.5960271e-01
   2.1990562e-01  -3.6650829e-01
  -3.0733860e-01  -2.1434880e+00
   3.7073730e-01  -1.0882497e-01
  -2.4587326e-01  -5.5423871e-01
   3.9398263e-01  -1.3413169e-01
   2.3949539e+00   1.8373299e+00
  -1.7400505e+00  -4.4112480e-02
  -3.2473511e-01  -2.1221957e+00
   2.1191898e-01  -8.8202712e-02
  -4.6820087e-01  -2.9639222e+00
  -1.9674313e-01   2.2317336e-01
   2.3651627e-01  -6.9185287e-01
  -1.1362541e-01  -1.0721424e+00
  -1.9202605e-01  -6.9869184e-01
  -4.2439642e-01  -2.2274721e+00
  -1.3363794e-01  -9.1350202e-01
  -1.2014154e+00  -8.3237885e-01
  -1.4484568e+00   4.5638524e-01
   1.2001926e+00   1.0880820e+00
  -7.3481431e-01   8.6232374e-01
   7.8183486e-01   1.0570339e-01
  -3.5323850e-01  -1.8377750e-01
  -7.3185430e-01   4.5614239e-01
  -2.4842129e+00  -1.7894366e-01
  -3.7659074e-01   3.9575535e-02
   1.1800520e-01  -2.1871314e-01
   6.3373766e-01   4.0670720e-01
  -5.2394033e-01   8.2300050e-01
  -1.6538996e+00   2.9214157e-01
   1.4409982e+00   1.3812852e+00
  -6.0622846e-01  -8.2593879e-01
  -3.0215221e+00   4.4848908e-01
  -8.9268029e-01  -2.0332910e-01
   2.2215098e-01  -6.4469687e-01
   1.3453122e+00   6.7747652e-01
  -4.0918341e-01  -6.3557167e-02
  -4.7293068e-01  -3.1276480e-01
   9.2073002e-02  -1.7517034e-01
  -2.4983280e-01  -1.3869991e+00
   1.1834040e+00   7.8532481e-01
  -4.4999729e-01  -2.2210631e-01
  -2.5603675e-01   3.8533390e-01
  -1.8284580e+00   1.6044688e-01
  -4.7079595e-01  -1.5521224e+00
   4.4335135e-01   8.3750440e-01
   6.1983684e-01   5.5930347e-01
  -4.4984694e-01  -1.8313615e+00
   1.0267010e+00   4.7171396e-01
   2.2185778e+00   1.9357840e+00
  -1.8551690e-01  -1.0193528e+00
  -9.0001799e-01  -1.7836142e+00
  -1.3887716e+00   4.5268962e-01
   3.8690234e-02  -2.1541143e-01
  -3.7441620e-01  -2.3143023e+00
   1.5712749e+00   1.2534058e+00
   5.5580252e-01  -5.6527714e-02
   5.9199507e-02  -6.4501888e-02
   2.5264371e-01  -5.5031600e-01
  -6.2339506e-01  -8.3596188e-01
  -2.1801022e+00   7.8091442e-01
   2.5642807e-01  -3.7521407e-01
   1.4938939e+00   1.2805102e+00
   3.5655626e-01   9.7296392e-01
   3.1483051e-01  -6.6430139e-01
   5.9713051e-01   9.1161054e-01
  -8.0736616e-02  -1.8682784e+00
  -6.2115935e-01  -2.4110127e+00
  -2.0549443e+00   1.7793146e-01
   5.6937506e-02  -9.0272029e-01
   2.5990644e-03  -6.4062478e-01
   9.6375708e-01   6.9786894e-01
  -2.8593360e-01  -1.1172825e+00
  -4.9173449e-02  -1.4980546e+00
  -2.8401241e-01  -8.6836437e-02
  -1.2745235e-01  -5.6522275e-01
  -3.6602114e-01  -1.6246890e+00
  -3.1769853e-01   2.9713023e-02
  -8.7923788e-01   3.8966331e-01
  -1.7265665e+00   3.3842168e-01
  -4.2609302e-01  -2.0013202e+00
   1.1478289e-01  -5.4753425e-01
  -6.7104787e-01  -1.2080939e+00
  -1.8717001e+00   2.0997479e-01
  -2.8661930e-01  -1.6196634e+00
   1.4004455e+00   9.2024406e-01
  -5.3671486e-01  -1.3422019e+00
   3.4804204e-01   8.9227495e-02
   7.0636442e-01   7.3872643e-01
  -2.7140650e-01  -2.1712952e+00
   8.2537418e-01   1.2696490e+00
  -2.0242488e+00   1.1757228e+00
  -1.7558773e-01   1.0329435e-01
   3.4024880e-01   1.5374006e-01
   2.0652950e+00   2.9003684e+00
   1.6879150e-01  -2.8894307e-01
  -3.3045029e-02   5.7623571e-01
   1.2696447e-01  -3.9887393e-01
   9.4382541e-01   8.3892946e-01
   1.9843277e-01  -8.1514379e-01
  -4.2768299e-01  -2.4613922e-01
  -9.1071458e-01   5.4032753e-01
  -3.7350781e-01  -7.1126804e-01
   1.7307877e+00  -9.6999244e-01
   9.2106607e-02  -9.8155051e-01
  -1.5758317e+00   3.6731786e-01
  -1.6514234e+00   1.1348677e-01
  -7.1643155e-02   1.4165494e-02
  -1.4759408e+00  -2.2243085e-01
  -8.7013800e-01  -7.8855194e-01
   7.7583356e-03  -1.1296174e+00
   5.4472628e-01   6.1778460e-01
   7.5318641e-03  -1.5658696e+00
   3.3483068e+00   8.1105073e-01
   1.8872180e-01   6.5676650e-01
  -2.5106865e-01  -5.3921560e-01
   2.8865827e-01  -4.3116768e-02
  -9.0943541e-01   3.3193524e-01
   3.6968789e-01  -8.6572692e-01
  -2.9492118e-01  -1.8562765e-01
   1.9757845e-01  -2.5654918e-01
   1.8535921e+00   1.9727308e-01
  -1.2123430e+00   1.1328031e+00
   2.5029289e+00   2.5542682e+00
  -1.3718824e+00  -1.4242620e+00
  -2.3399283e-01  -2.1113364e+00
   1.3407259e-01  -6.2368992e-01
   2.5163216e-01   8.7040557e-01
   4.0956608e-01   9.7135542e-01
   2.8215832e-01   3.4696218e-01
  -1.3037905e+00   1.1962525e+00
  -8.7072740e-01   1.0322303e+00
  -4.1808071e-01  -8.1084220e-01
   6.3572072e-01   3.1009927e-01
   6.3282579e-01   1.1130242e+00
  -3.1984913e-01  -2.7216598e-01
   1.8650566e-01   2.3185661e-01
   7.1136375e-02  -1.2420234e+00
  -4.0283762e-01  -2.1987636e+00
   8.1259212e-01   1.5007859e+00
   1.3434816e+00   9.0407818e-01
  -5.8009235e-01   5.8648265e-02
  -1.5966866e-01  -2.3527933e+00
  -5.4013752e-01   3.7492231e-01
   5.0365412e-01   2.5150538e-01
   6.3774591e-01   6.0807859e-01
  -1.7060059e+00  -8.8883299e-01
  -3.1316065e-01  -1.7227244e+00
   4.7784072e-01   1.0710008e+00
  -3.8187534e-01  -2.1080132e-01
   4.3231644e-02  -1.5907222e+00
   1.7144698e-01  -5.8585663e-01
  -4.6140638e-01  -8.2784309e-01
  -1.2170355e+00   6.4404631e-02
  -1.3885510e+00   7.2179786e-01
  -1.4164496e-01  -1.8482492e+00
   1.5613412e-01  -6.9797253e-01
  -9.5513026e-01   1.0808833e+00
  -1.6338390e+00   4.8470793e-01
   1.8796278e+00   1.5671807e+00
  -4.3303368e-01  -2.4928495e+00
   4.2616291e-01   2.2443364e-01
  -2.8485846e+00   7.6768426e-01
  -1.3214573e+00  -4.9441250e-01
   3.1547074e+00   8.8114061e-01
  -1.6927343e+00  -1.7868080e-01
   5.6730924e-01  -2.8347875e-01
   4.8306841e-01   1.8279741e-01
  -6.8846028e-01  -3.6928217e-01
  -3.6222238e-01  -1.0146246e+00
   2.0054672e-01  -2.0303090e-01
  -4.5290126e-01  -3.8037819e-01
  -1.4170109e-01  -6.9818512e-01
  -3.3223800e-01  -1.7737737e+00
   2.0452141e+00   4.9303372e-01
  -1.0901919e-01  -6.6036477e-01
   1.4115742e+00   8.6313703e-01
   1.7220042e+00   8.8130450e-01
   3.1580779e+00   1.3462722e+00
  -2.7975009e-01  -5.7468412e-03
  -5.4500530e-02  -1.4866674e-01
  -1.1209241e+00  -5.3919324e-01
   7.6674829e-01   6.3919553e-01
  -1.6747361e+00   4.6577307e-01
   1.1787535e-01  -1.2068265e-01
   1.1212418e-01  -1.0475942e+00
  -1.2585673e+00  -1.0697413e+00
  -4.4807343e-01   7.6342635e-01
  -4.4076577e-01  -3.6368789e-01
   1.0744544e+00   8.4434338e-01
   5.1891864e-01   2.8056612e-02
  -1.5854688e+00  -9.7764296e-02
   4.7411809e-02  -7.5104945e-01
   1.0675322e-01   2.5083866e-01
   2.3218295e+00   2.1223594e+00
   1.2675470e-01  -1.0698403e+00
  -3.6698007e-01   8.8363317e-02
  -1.4061410e-01   1.7987968e-01
  -2.7295044e-01   3.6521965e-01
   1.7928535e+00   1.8330936e+00
  -3.6040781e-01  -1.4058807e+00
  -2.8381622e-01  -9.5325006e-01
  -1.2375028e+00   3.9299503e-01
   2.1106931e+00   1.8367056e+00
   1.8789783e+00   1.3097484e+00
   6.6933414e-02   4.1077234e-01
   1.2753417e-01  -5.7588413e-01
   1.1761005e-01  -2.9930984e-04
   1.0752577e-01  -1.7984256e+00
   3.1859117e-01   9.3993080e-01
   2.9697000e-01  -4.7606493e-01
  -4.2275635e-01  -8.4246873e-01
  -1.9039478e-01  -4.2841937e-01
  -4.1043473e-02  -6.0221816e-01
  -2.8858831e-01   9.5353455e-02
   6.1872570e-01   8.6161904e-01
  -1.6179150e-01  -1.2737158e+00
  -3.8862492e-01  -4.8127116e-01
   1.4287987e-01  -1.0523899e+00
   1.0464444e+00   6.5551562e-01
   1.4227562e+00   5.8055237e-01
   1.3761525e-01  -2.5256459e-01
   7.5141002e-01   4.7398938e-01
  -9.2007825e-01   1.3646252e+00
   1.4089075e+00   1.9844741e+00
  -1.4974458e-02   6.5801661e-01
   2.6077830e-01   6.3403138e-01
  -4.5923171e-01  -1.1834468e+00
   4.7275974e-01   1.3562554e-01
   3.8010622e-01   7.8842719e-01
   7.4088980e-01   4.0329845e-01
   9.3817301e-03   6.1307169e-01
   8.9842361e-01   1.0591894e+00
  -1.4654111e+00   6.6293613e-01
   1.8958469e-01   3.4054869e-01
   1.0681205e+00   1.1831474e+00
   1.8891749e+00   1.7267533e+00
  -3.5356048e-03  -8.0745596e-02
  -2.2158422e-01  -1.1043906e+00
   1.2947890e-01  -4.0236710e-01
  -3.2134799e-01  -1.5948842e+00
   9.6334653e-01   6.2485537e-01
  -1.4982684e+00  -8.9888342e-01
   6.1139500e-01   4.0678517e-01
  -6.3459778e-01  -1.2803720e+00
   2.3416538e+00   3.2360558e+00
  -5.1226504e-01  -3.2669651e-02
   1.4294590e-01   2.9100372e-01
   1.5110717e+00   1.1105902e+00
  -2.2106635e-01  -1.3519629e+00
   7.1051273e-02  -8.7790430e-01
   1.8662521e-01  -6.6753573e-01
  -8.6880734e-02  -2.5797606e-01
   1.2965216e+00   6.9665671e-01
   3.5510147e-01  -1.2975221e-01
   7.7823762e-01   6.8849464e-01
   1.6948677e-01   2.1866682e-01
   5.7000894e-02  -3.9469546e-01
   3.1602261e-01  -2.2591910e-01
  -1.8020149e+00  -1.5059979e-01
   6.0642244e-01   1.1529499e+00
   1.8215052e-01   8.2794792e-01
  -9.4840917e-01  -1.5410340e+00
   1.8274455e-01   2.0084500e-02
   7.3219922e-02   4.6399214e-02
  -2.1535659e-01  -1.8881784e-01
   1.4561704e+00   1.2606073e+00
  -2.6348866e-01  -2.0708593e+00
   6.1125276e-02  -1.2956014e-01
   4.9504242e-01  -6.0657429e-02
  -2.9896539e-01  -1.6741736e-01
   4.9682564e-01   8.6909591e-01
   2.5075115e-01  -1.4532680e-01
   2.1676190e-01  -3.9928646e-01
  -2.5528200e-01  -1.2630287e+00
   1.3014115e+00   1.3653831e+00
  -2.2069143e-01   1.4389168e+00
   1.4791077e-02  -4.9044182e-01
  -2.9509265e-01  -2.4363018e+00
  -4.3488734e-01  -2.9428040e+00
  -2.4097661e-01  -4.5182754e-01
   2.9344058e+00   1.9553975e+00
  -2.3849016e-01  -8.9720901e-01
  -6.4596141e-01  -7.9569437e-02
   1.2006142e+00   6.2861733e-01
   6.5139867e-01   4.5318293e-01
   3.2357700e-01   5.1091019e-01
  -1.5757631e-01   8.0024181e-01
  -1.9158455e-01   3.6772002e-02
  -2.8584890e-01   3.3264408e-01
  -9.8006895e-02   6.4682726e-01
  -4.8602196e-01  -2.3645932e+00
   2.7204113e-01   4.6678267e-01
   1.6304065e+00   1.5481686e+00
   1.3642233e-01   1.6615721e-01
   1.6218915e-01  -1.6319546e+00
  -4.5521251e-01  -2.5120609e-01
  -3.5789738e-01  -1.3815397e+00
   1.0163980e+00   1.0854793e+00
   5.5320438e-01   8.4875184e-01
   3.3675436e+00   2.3183382e+00
   4.0216791e-01   4.7797286e-01
  -2.3666284e-01  -5.4232279e-01
   2.3200462e+00   1.2449138e+00
   6.1540778e-01  -2.2702155e-01
  -5.6161516e-01  -1.1327060e+00
   5.3863043e-01   1.3096615e+00
   2.8377518e-01   2.7498171e-01
  -2.3306153e+00  -1.1462899e+00
   6.5921039e-02  -2.5406107e-01
  -1.6446759e+00  -1.2575404e-01
   1.8367861e-02  -1.4049168e+00
   4.7041563e-01   2.4497208e-01
   2.6106612e-01   6.3036684e-01
  -4.5284618e-01   9.2896545e-01
  -3.6898324e-01  -1.1000040e+00
   8.8179544e-02   5.8531237e-01
  -6.3637037e-02  -3.2621258e-01
   4.3414403e-01   1.0736468e+00
  -1.4469633e+00  -1.0638187e+00
   1.9254525e-01  -3.5214726e-01
   5.2910327e-01  -6.0901954e-03
  -1.3434681e+00   5.2475871e-01
   1.3362686e+00   1.1983169e+00
  -2.7984484e+00   1.2600298e+00
  -1.6394256e+00  -1.4407436e-01
   3.9108732e-01   1.9337411e+00
   1.1874503e-01  -7.6471028e-01
  -3.9462042e-01  -3.1051106e-01
  -1.7430938e+00  -5.2196772e-01
  -5.0498445e-01  -2.2041598e+00
   1.5026429e+00   1.3162984e+00
  -3.4143801e-01  -8.4240327e-01
   6.7209547e-01   3.8220080e-03
   1.3442264e+00   1.5727410e+00
  -9.3485361e-01  -4.8122067e-01
   1.6931429e-01  -5.2894192e-01
  -1.4751064e+00  -1.1509780e+00
  -1.6385953e+00  -7.6037700e-01
  -1.2232063e-01   4.5095117e-01
   1.3693979e+00   1.1700162e+00
  -6.6567423e-01  -1.1233612e+00
   1.7522267e+00   1.5954546e+00
  -1.3576870e-01  -5.0383642e-01
   1.3200425e-01   6.7092797e-01
  -4.7685226e-01  -3.4046918e-01
   3.2478632e-01   4.4054867e-01
  -3.0563428e-01  -1.7898143e+00
  -2.4481163e+00   7.1518129e-01
   7.9465398e-02  -8.6350302e-01
   2.9301399e-01  -7.2458601e-02
   2.0915855e-01  -2.6547259e-01
   8.6691511e-01   3.2084557e-01
  -4.3905138e-01  -1.6706777e+00
   1.9358134e-01  -9.8178678e-01
   2.5782081e-01   5.4940458e-01
   7.0886265e-02  -5.9896003e-01
   1.2675476e+00   1.2250990e+00
   1.8723302e-01  -7.6280296e-01
   4.9704173e-01   3.2490171e-02
  -2.6374381e-01  -2.3521504e+00
  -9.2139313e-01  -1.0347873e+00
   1.6825740e+00   1.4005206e+00
   2.6294309e-01  -1.6222563e-01
   1.4129310e-01  -4.9431776e-01
  -4.8593703e-02  -6.2963240e-01
  -5.3673271e-01  -9.1786207e-01
  -1.6619154e-01  -2.1034073e+00
   9.3139061e-01   7.6660229e-01
   3.0180206e-02   5.3225800e-01
  -1.5243683e+00   1.8180533e-01
  -6.9058520e-01  -1.2909302e+00
  -3.3663413e-01  -2.0847909e+00
  -5.1271186e-03   4.0241644e-01
  -3.7140509e-02  -1.6482511e-01
  -1.6162452e+00  -1.2692392e-01
   5.3937358e-01   1.5853732e+00
   1.0117430e+00   1.4838965e+00
  -3.4524318e-01  -8.0526137e-01
   2.7231143e+00   1.9370182e+00
  -1.8349477e-01  -1.8012025e+00
  -1.8112780e+00  -5.1338768e-02
  -3.4118201e-01  -1.9616939e-01
  -6.8040319e-02  -6.5249343e-01
  -1.5459141e+00  -1.9515849e-01
  -1.8230039e-02   2.4644113e-01
  -4.7136591e-01   5.6274673e-01
  -3.0502605e-01  -1.4631991e+00
  -3.0749041e-02  -7.5561383e-01
  -4.0973597e-01  -4.4770930e-01
  -2.1252493e+00  -4.8547250e-01
   3.2220531e-01   3.0093540e-01
  -2.1635767e+00  -1.5781013e-02
  -3.0396598e+00  -4.1915544e-01
   1.4216878e-02  -2.1341746e-02
  -1.7457756e+00  -8.3177677e-02
  -1.5384791e-02  -4.2065867e-01
   7.9310168e-01   3.3711331e-01
   3.9595366e-01   2.1762391e+00
  -4.9474735e-01   2.1232710e-01
   1.5565515e+00   1.4389990e+00
   1.5758527e-02  -8.6365730e-01
   5.4799516e-01   7.9866060e-01
   2.8967502e-01   8.2344621e-01
  -1.1071657e+00  -1.2464809e+00
   1.1656014e+00   6.9559758e-01
  -1.5682276e+00   2.0996624e-01
   1.9146293e+00   1.7985098e+00
  -3.1816819e-01  -1.2379989e+00
  -2.3849263e-01  -1.9413760e+00
  -1.3555085e+00   4.6523794e-01
   2.0054640e+00   1.2482661e+00
  -1.4562481e-01  -1.9573257e+00
  -1.4114770e+00   4.9410009e-01
  -4.7548047e-01  -1.8851989e+00
  -7.3766848e-02   5.0857712e-01
  -7.7621765e-02  -8.0179469e-01
  -3.4363170e-01  -7.6970881e-01
  -1.0724799e-01   6.3129666e-01
   3.1717277e-02   1.4658276e+00
   2.0082550e+00   1.5112229e+00
   2.3507923e+00   1.3512144e+00
  -4.3729249e-01  -6.7764696e-01
  -3.0796660e-01  -7.2984039e-02
   1.2517349e+00   1.6856047e+00
  -5.8319209e-01   1.4007707e-01
  -8.9318864e-02  -4.6203309e-01
   5.7106914e-01  -1.9620968e-01
   1.3201006e+00   1.5439936e+00
   5.0944341e-02  -5.1977549e-01
   2.3921050e-02   8.0176536e-02
   1.1993648e+00   1.6165028e+00
  -8.3442563e-01  -1.7735503e+00
   2.6977979e-01   7.8167627e-01
   3.5534259e-02  -4.1959348e-01
   7.0564578e-02   1.1628231e-01
   2.8566119e-01  -6.6223923e-01
  -1.4939671e-04   7.4905836e-01
  -3.2116473e-01  -8.7965239e-01
  -1.7843408e-01  -1.8466303e+00
   4.2724077e-02  -4.6349408e-01
   1.8091924e+00   1.3776239e+00
  -3.1795051e-02   1.3740820e+00
  -2.1709806e-01  -1.5124312e+00
   1.5187613e+00   1.7681715e+00
   8.4503506e-02  -2.1981096e-01
  -4.5841429e-01  -2.8521334e+00
  -2.9779325e+00   3.1583886e-01
  -3.6559507e-01  -1.9817654e-01
   3.8016195e-01   7.2083903e-01
   3.0003307e-01  -3.6618725e-01
  -5.7504720e-01  -2.8517663e+00
  -4.4130016e-01  -1.7042541e+00
  -4.9236735e-01  -7.3400448e-02
   1.0830693e+00   1.6095468e+00
  -5.4473182e-01   1.1799638e-02
  -1.8459034e+00   3.6303580e-01
  -4.0376967e-01   9.7053405e-01
  -2.5818645e-01  -2.9727870e-02
   1.2906794e+00   1.5909829e+00
   6.0922036e-01   3.0602240e-01
  -6.4244426e-01  -1.4375737e+00
   7.0377839e-01   8.1802048e-01
   3.4098281e-01   6.6844957e-01
   1.0064122e+00   5.6891763e-01
   6.5046636e-01   2.9656743e-01
  -1.3808055e+00  -1.2379017e+00
  -5.5742741e-01  -1.3390014e-02
  -3.2194268e-01  -1.6390473e+00
  -7.9239973e-02  -1.1361058e+00
   4.9920778e-01   1.2573697e+00
  -2.7251982e-01  -2.6310302e-02
  -6.7646524e-01  -1.1112194e+00
  -7.0103033e-01   1.3702386e+00
  -1.9551527e-01  -4.7020852e-01
  -1.6632677e+00  -8.9093304e-01
  -5.6662157e-01  -7.2522166e-01
   1.1368285e+00   1.5852157e+00
   8.3931513e-01  -4.8073720e-01
  -2.0188383e-01  -8.7922241e-01
   5.4365424e-01   4.1627944e-01
  -6.7017075e-01  -1.5929067e+00
   3.0095226e-01  -4.4765814e-01
   4.4084570e-03  -1.2244995e-01
  -8.3590711e-01  -1.4921159e+00
  -2.4672740e-01  -1.4962627e+00
   1.4820949e-01  -5.1132316e-01
  -6.2252835e-01   8.8907526e-01
  -1.2318305e+00  -3.9786135e-01
   1.3959216e+00   1.7285467e+00
  -1.8071251e-01  -1.1345239e+00
   1.2670571e+00   9.5337192e-01
   4.0985130e-01   7.2016033e-01
  -8.5374587e-01   9.5056782e-01
  -1.6624676e+00   5.0593706e-01
  -5.7103841e-01   5.6494675e-01
   7.0643130e-01  -4.1313947e-02
   2.0661150e-01   6.3728466e-01
   1.1583285e-01  -1.4111512e+00
  -4.6444298e-01  -2.1664132e+00
   4.4741182e-01   2.1671070e-01
   5.8207383e-01   2.7988325e-01
   6.8258975e-01   5.5811120e-01
   1.9357117e+00   1.5153702e+00
  -2.7365582e-01   1.3323172e+00
  -5.8981042e-01  -9.7421404e-01
   2.1213039e+00   1.5941687e+00
   5.3182511e-01   3.2913189e-01
  -7.5387477e-02   7.6641947e-02
   3.9674286e-01   1.2937763e-01
  -5.1588050e-01  -2.1777451e+00
  -1.5248921e+00  -6.6894077e-01
   2.4337811e+00   1.7337047e+00
  -1.9268312e-01  -1.9690058e+00
   1.3885651e+00   1.2561306e+00
  -4.1835520e-01   6.6008787e-02
  -1.2251846e+00   4.9331414e-01
   1.6280397e+00   1.6398092e+00
  -7.2547578e-01  -1.3267842e+00
   1.7401438e+00   1.2927502e+00
  -1.7631373e+00   1.8978356e-01
  -9.2802832e-01   2.0621509e-01
   7.1875669e-01   1.1703513e+00
   2.6646936e+00   2.4652799e+00
  -1.5435483e+00  -8.8861405e-01
  -2.6260396e-01  -6.0069669e-01
   3.7102496e-01   2.0545471e-02
  -4.2916006e-01  -5.3267414e-01
  -8.6788775e-01  -7.0200626e-01
   2.0595874e+00   1.6739226e+00
  -2.2974104e-01   7.5910778e-01
  -1.3405268e+00   4.2734939e-01
   4.1595717e-01   8.8457537e-02
   2.8689653e-01  -2.5288730e-01
  -1.6218036e-01  -1.0307653e-01
  -3.7696135e-02  -2.5177020e-01
  -7.6340288e-01  -7.1261092e-03
   1.3906569e+00   2.1935629e+00
  -2.2702848e-01  -6.0867830e-01
  -3.9759611e-01  -7.5118195e-01
  -1.7683236e-04   2.7810629e-02
   8.6977285e-01   6.6315149e-01
  -2.9959730e-02  -1.1958741e+00
  -1.0698416e-01   1.9121723e-01
   6.2545040e-02  -7.3365872e-01
   7.6114974e-01   4.4467037e-01
   4.2836776e-01   2.4276992e-01
   2.0885459e-01  -7.8452689e-01
   2.9235640e-01  -3.0129321e-01
  -5.9649268e-01  -1.1262766e+00
  -3.2042849e-02   1.7231173e+00
   1.1412745e+00   7.8670635e-01
  -3.0812976e+00   4.5305639e-01
   1.0699330e+00   7.4857511e-01
   2.9280573e-01  -2.0659871e-01
   1.6985579e+00   1.9422490e+00
  -1.8813546e+00  -4.5425319e-01
  -1.5450939e+00   1.0892300e+00
   1.5472087e-01   6.4830638e-01
  -1.1060770e-01  -5.8318718e-01
   4.8564569e-01   6.5069249e-02
  -8.4860538e-01  -1.4606423e+00
   8.5492808e-01   4.2389463e-01
  -1.2893767e+00  -3.7460170e-01
   4.0798269e-01   5.4931751e-01
  -2.4087121e-01   5.4690673e-01
   5.4218271e-01   1.4799027e-01
  -4.9479480e-01   1.5630067e-01
   3.0919411e-01   1.0569436e-01
   3.8559369e-01   1.9154987e+00
   6.8217048e-01   6.9768204e-01
   1.4135364e-01  -5.7869144e-01
   2.9669823e-01   4.0180897e-01
  -2.9127519e-01  -2.0192166e-01
  -2.6168082e-01  -7.8607502e-01
   1.0533103e-01   5.1887072e-01
  -9.7356076e-01  -4.8919930e-01
   1.5649350e+00   2.0492291e+00
   6.7007074e-02  -1.6963947e-01
  -5.6747410e-03  -5.4605510e-01
  -6.5520129e-01   4.7571538e-02
   9.0946594e-02   1.9973255e-01
  -2.6081364e-01  -1.0489340e+00
  -2.3034264e-01  -1.9661246e-02
  -3.6166613e-01  -1.9488390e-01
  -1.4821514e+00  -1.1325976e+00
  -4.0156239e-01   3.4950881e-01
   7.4880264e-01   1.2366972e-01
  -2.6915167e-01  -1.4952683e+00
  -1.8177388e-01  -4.6729083e-01
  -8.8011834e-01  -2.9261811e+00
   2.1908309e+00   1.9347751e+00
  -3.3358687e-01  -1.1294312e+00
   1.7561321e+00   8.7660034e-01
  -1.7294814e-01   4.8042217e-01
   1.6155968e-01  -4.7750567e-01
  -1.2011346e+00   1.4405866e+00
  -1.7029937e+00  -5.9138593e-01
   2.0703453e+00   1.6453891e+00
   2.7678853e-01   1.4559504e-01
  -1.6051821e-01  -1.9704562e-01
   2.2492782e+00   1.2390760e+00
   3.0522526e-01   3.9474045e-01
  -3.6022423e+00   3.3101268e-01
   3.5295713e-01   5.2960393e-01
   3.4490867e-01  -8.2073577e-01
   3.8761026e-01  -6.0641447e-01
  -9.1605814e-02  -1.3119591e+00
   2.5821548e-01   1.1245974e-01
   6.5626436e-01   5.5427793e-01
  -1.3206197e+00   9.9551526e-01
   4.4460127e-01   1.1239043e+00
   8.2421261e-01  -1.8062903e-02
  -8.1157468e-01  -5.4777248e-01
  -1.6870797e+00   1.4920785e-01
   4.6503073e-01   1.1718960e-01
   2.2259687e-01  -7.4365674e-01
   2.3706487e-01  -4.8502159e-01
   1.1350767e-01   8.5464233e-01
  -2.9256166e-01  -1.8568692e+00
   3.8227622e+00   3.0189336e+00
   1.4294015e+00   1.3858481e+00
   9.0675036e-03  -1.6524820e+00
   4.3454197e-01  -9.5162299e-01
   4.5893559e-01   2.4356554e-01
   5.5703137e-01  -1.7689808e-01
  -9.0236329e-02   3.0330092e-02
  -5.4256372e-01  -1.0922203e+00
   4.2120972e-01   3.9327699e-01
  -5.0338053e-01   4.8446829e-01
  -9.8577084e-02  -5.6879067e-01
   3.0355151e-01   4.8377395e-01
  -8.2611229e-01   9.7982984e-01
   9.4488744e-01   7.0763477e-01
  -7.7916890e-01  -5.1928388e-01
   5.5872575e-01   1.9725963e-01
   1.3057614e+00   1.4905882e+00
   1.9778392e+00   1.5738796e+00
  -5.4973101e-01  -7.4072894e-01
  -6.8795043e-01  -1.0908998e+00
  -3.4638399e-01  -5.9374996e-01
   6.3972511e-01   1.7677496e-01
  -9.9381037e-01   5.6751042e-01
   2.7495963e-01  -1.6414273e-01
   1.7155555e+00   1.4338994e+00
  -4.3997647e-01  -9.4354239e-01
  -5.8718188e-01  -8.6188743e-02
  -4.6280592e-01  -2.1872558e+00
   1.1493880e+00   1.0786012e+00
  -1.7169248e-01   3.1946518e-01
  -4.2275790e-01  -1.7818352e+00
  -1.4807841e+00   3.2661185e-01
  -4.0582640e-02  -3.7211793e-02
   5.1115189e-01   9.4659082e-02
  -1.6237898e+00  -9.3039077e-01
  -8.9521387e-02  -1.2253682e+00
   2.8903194e-01   1.0148670e+00
  -1.3500906e+00   1.9950385e-01
  -6.6407754e-01  -2.6560003e-01
   5.6358227e-01   4.3548536e-01
   1.9752187e+00   6.3058503e-01
  -1.7908418e+00   1.5526195e+00
   1.8492136e+00   1.0480826e+00
  -6.5011979e-01  -7.3263434e-01
   4.4719981e+00   1.3733614e+00
   1.1564739e-01  -5.2852387e-02
   4.3657475e-01   6.7632140e-02
  -1.2563621e+00  -8.1336901e-01
   1.0214517e+00   5.1759392e-02
   2.5439301e-01   9.4241746e-01
   9.1887453e-01   9.1051786e-01
  -3.6274619e-01  -7.9402729e-01
   5.2147226e-01   1.7089243e+00
  -5.0301244e-01   1.2654716e+00
   4.6570679e-01   2.4612130e-01
  -4.3653281e-01  -5.4701156e-01
  -3.5285720e-01   1.1881727e+00
  -2.8399606e-01  -3.6570820e-01
   4.9690509e-01   6.8713966e-01
   7.6378976e-01   1.1252759e+00
   2.7057514e-01  -3.9364797e-03
   5.2207093e-01  -5.0727568e-01
   2.6962398e-01   3.0381627e-01
   7.2797450e-01   4.4157571e-01
   9.6004673e-01   4.4046515e-01
   7.8461754e-01   6.5982170e-01
  -1.2186125e+00  -1.4337352e+00
   2.6342241e-01   7.0280188e-02
   1.3591331e-01  -7.7895379e-01
  -1.5008387e+00  -1.7017309e+00
   3.8451450e-01   8.4384011e-01
   2.9507761e-01   1.1180220e+00
   9.0792965e-02   3.1434379e-01
   8.2230873e-02  -3.4390131e-01
  -6.5603028e-01  -2.4261408e-01
   7.9050758e-01   4.5433844e-01
  -2.9951373e-01  -2.0637993e+00
  -1.0101642e-01  -1.9581549e-01
  -1.3392541e-01  -3.9557479e-01
   6.8102798e-01   4.5585464e-01
   1.3901840e+00   1.0830249e+00
   8.1745786e-01   2.6190000e-01
  -4.5606101e-01  -1.3074355e+00
  -1.6300722e+00   4.8788085e-01
  -9.0511484e-01  -1.4701321e-01
  -3.9468233e-01   1.9463527e-01
   1.3910670e+00   1.0933233e+00
  -6.3952349e-02   8.7335857e-01
   1.6286416e+00   1.1760165e+00
   3.2621878e+00   2.4700612e+00
  -4.1510498e-01   1.1067612e-01
  -4.1400988e-01  -1.8014929e-01
   4.0814416e-01   9.9119470e-01
   3.7514914e-01   8.0419600e-02
   1.6723151e+00   1.4898094e+00
  -6.3560711e-01   1.0630684e+00
   2.8519258e-01  -6.6565315e-01
  -1.2642728e-01  -1.5449504e+00
  -1.9601604e-02  -1.1736658e+00
   4.8937077e-01   9.4292976e-02
   3.9053017e-01  -4.3986613e-01
   3.4066189e-01   7.7483040e-01
  -1.2593814e+00   1.5920784e-01
  -2.9471716e+00   5.3437417e-01
  -1.6699050e+00   2.9748794e-01
  -1.9783970e-01  -1.2023407e+00
   2.4873314e-01   4.5627085e-01
  -1.1234131e+00  -1.8044982e+00
   4.7461285e-01   3.6148049e-01
   1.1894851e+00   1.7595205e+00
  -4.1479602e-01  -1.9748935e+00
  -3.0570038e-01  -7.2959752e-01
  -2.7506098e-01  -6.6671330e-01
  -3.1650754e-01  -1.4300801e+00
   5.3342863e-01   3.8256441e-01
   5.5932394e-01   1.9526017e-01
   4.6772263e-01  -4.9744961e-01
  -4.1438380e-01  -5.3612248e-01
   3.1618073e-01  -3.1163873e-02
  -2.1735051e-01  -3.3567388e-01
   3.9956580e-01   1.0139390e+00
  -3.8598860e-01   1.6650367e-01
  -1.7937202e+00   2.0777181e-01
   1.4533804e+00   1.6683736e+00
  -1.3266799e+00   8.1701267e-01
   7.9923505e-01   2.4305898e-01
   2.0371397e+00   1.9029900e+00
   9.1032472e-01   1.2346175e+00
   3.5952577e-01   3.5805168e-01
   1.2455152e+00   8.4495425e-01
  -8.2307019e-01  -7.2643315e-01
  -9.5174274e-02  -6.2811711e-01
   3.9701572e-02   1.6048776e-01
   1.9721417e-01   1.2727949e-01
  -3.7690164e-01   4.1268304e-02
   3.0950220e-01   2.5862194e-02
   1.3122435e-01  -3.7914804e-01
   7.4343894e-01  -2.6962162e-01
   1.2320002e+00   8.4327411e-01
  -4.7652336e-01  -1.0560993e+00
  -8.7216481e-01   9.3700644e-01
  -6.6496203e-01  -7.7467636e-01
  -4.6638717e-02   3.5802459e-01
  -4.1997905e-01  -4.9020517e-02
  -1.5936554e+00   3.4607151e-01
