  -5.0883056e-01  -3.8005613e-01
   7.1928739e-01   6.0737598e-01
   3.6440692e-01   9.5325699e-01
   5.9813553e-01   8.2279822e-01
   1.3270478e+00   1.8758342e+00
  -2.6245108e-02   1.6531968e-01
  -1.5792813e+00  -2.1211854e+00
  -6.9128533e-01  -8.3322241e-01
  -1.4358738e+00  -2.0513037e+00
   1.1673994e+00   1.1252458e+00
   1.3706130e+00   1.2641550e+00
   1.4166565e+00   1.2061180e+00
   5.0162648e-02   1.6055908e-01
  -9.8392756e-01  -1.1628327e+00
  -1.2199479e+00  -1.4721859e+00
  -1.2712891e+00  -1.5195508e+00
  -1.1616205e+00  -7.0242380e-01
  -1.5902755e+00  -1.3341084e+00
  -2.1805474e-01  -6.7570572e-01
  -1.3610169e+00  -1.8304980e+00
  -9.7280169e-01  -1.2282730e+00
  -3.2893356e-01  -6.5274630e-01
  -3.6493629e-01  -1.4679704e-01
   8.8562277e-01   6.4895915e-01
  -1.5324544e+00  -1.4467247e+00
   8.3590421e-01   1.2699666e+00
   1.0902625e-01   3.8989083e-01
  -7.4845017e-02  -2.9273826e-01
  -3.2035053e-01  -2.2730159e-01
   2.7920519e-01   5.4991681e-01
   1.2317413e+00   1.0674751e+00
   8.1661036e-02  -3.0703073e-02
  -1.2632474e+00  -1.5738136e+00
   5.3918144e-01   5.3524820e-01
  -1.4616782e+00  -1.5804438e+00
   6.2853125e-01   1.6459891e-01
   1.7962515e+00   1.5482022e+00
  -1.3863475e+00  -1.6439271e+00
   3.0151435e-01  -9.2945886e-02
  -1.3171299e+00  -1.2685478e+00
  -7.3063025e-01  -4.8435526e-01
  -3.6825487e-01  -4.5662141e-01
  -3.2139203e-01  -6.4290558e-01
  -1.3373572e+00  -1.2793160e+00
  -1.1980787e-01  -1.9748098e-01
   7.0485320e-01   6.5885892e-01
   1.6998697e+00   1.3650612e+00
   7.3723598e-01   9.2731127e-01
  -9.4780117e-01  -5.5168705e-01
   1.1868361e+00   9.3022738e-01
  -1.6662227e+00  -2.3089653e+00
   1.7668469e-01   1.3144092e-02
   4.3900757e-01   4.1163590e-01
  -1.1350154e+00  -1.3133545e+00
  -1.5422009e+00  -1.5511371e+00
  -8.9330695e-01  -5.4656810e-01
   4.6181132e-01   9.9427125e-01
   3.8811212e-01   2.2887699e-01
  -3.9303180e-01  -6.9774690e-02
  -9.2806214e-02   1.6059925e-01
  -3.6133025e-01  -2.3620585e-01
  -1.1642380e+00  -1.1391710e+00
   1.8182882e+00   1.5731420e+00
  -1.5364917e-01  -2.4273987e-01
  -1.4064844e+00  -1.6607513e+00
   9.2685234e-02  -4.1850780e-02
  -2.8161019e-01  -9.0885031e-02
  -1.1581585e+00  -1.2471549e+00
   1.0651904e+00   1.1697485e+00
   5.0801499e-02   4.7473714e-01
  -1.2931916e-01  -5.0785185e-01
  -1.5863870e+00  -1.7522713e+00
  -5.8377888e-01  -7.0848798e-01
   1.9310225e-01   4.0773099e-01
   4.4013448e-01   5.7271293e-01
  -6.4192970e-01  -3.4538800e-01
   1.4438657e+00   1.0067827e+00
   3.6601504e-01   3.5633112e-01
  -8.6182013e-01  -7.6863734e-01
   9.5609554e-01   1.1046762e+00
  -8.0304440e-01  -8.0639763e-01
   3.2419074e-01   1.8407511e-01
   5.4759541e-02   1.2601700e-02
   2.1860160e-01   1.1060492e-01
  -1.2334750e+00  -7.5254134e-01
  -1.8011263e-01  -2.6389450e-01
   6.5373283e-01   1.4595945e+00
  -7.8246778e-03  -3.8433832e-01
   2.0543212e-01   4.6536941e-01
  -8.3192850e-01  -1.1510264e+00
  -1.5623348e+00  -1.9391985e+00
   2.7977228e-01   7.4674485e-01
  -6.6345846e-01  -3.7997574e-01
  -1.0089749e+00  -1.2804490e+00
   7.2982789e-01   7.8449191e-01
   1.4836289e+00   1.8019750e+00
   1.3631243e+00   1.1528352e+00
   4.6913525e-01   2.5832576e-01
  -3.3337489e-01  -5.5583426e-01
  -5.7150015e-01  -7.2917090e-01
   2.1297275e-01   1.0255324e-01
  -1.1066586e+00  -1.3288409e+00
   1.0694013e+00   1.2708973e+00
   1.2633691e+00   9.7378059e-01
   5.9509782e-01   1.1398805e+00
   3.7911354e-01   5.7244604e-01
  -5.3539265e-01  -9.1007217e-02
  -1.2669595e+00  -2.5727885e+00
   4.8135549e-01   5.8191473e-01
  -3.1272390e-01  -5.4627105e-01
  -6.1228575e-02   2.2561483e-02
   1.0771059e+00   1.0117490e+00
   1.4480841e-01   3.3000618e-01
  -5.3127514e-01  -1.8510536e-01
   1.6181588e-01   3.2250574e-01
  -3.9745767e-01   2.9407572e-02
  -9.6484864e-01  -1.2522683e+00
  -6.9036512e-01  -3.0448792e-01
  -5.7797607e-01  -5.5835104e-01
  -3.2876467e-01  -5.0248790e-01
  -2.0854648e-01   1.6129164e-01
  -2.0206429e-01  -5.6512929e-01
   1.1859081e+00   1.0684361e+00
   1.8581670e+00   1.4700181e+00
  -8.3891206e-01  -5.7740063e-01
   9.7442904e-01   8.0524604e-01
   1.1414648e+00   1.4281313e+00
   9.7500217e-01   6.4305750e-01
   2.6003262e-03   8.2657586e-01
   4.8147503e-01   7.1034392e-01
  -4.7179459e-01  -2.6321965e-01
  -1.5176000e+00  -1.7587344e+00
   5.1361685e-01   4.1946451e-01
  -1.5327516e+00  -2.0391080e+00
  -7.7908767e-01  -7.4713437e-01
   1.9197988e+00   1.7447707e+00
  -3.3552991e-01  -7.7029928e-01
   5.6321264e-01   4.8429837e-01
   4.3028219e-02   1.5344724e-02
   4.4126690e-01   4.4076099e-01
   1.1395268e+00   8.6466041e-01
  -1.1290647e+00  -8.2902201e-01
  -2.1201238e-01   4.0960374e-02
   7.8122481e-02   2.2376590e-01
   2.3943798e+00   1.8024113e+00
  -1.0305015e+00  -9.2333805e-01
  -1.2981505e+00  -1.1243307e+00
   3.1224836e-01   7.5351827e-01
  -3.8441769e-01  -2.8602407e-01
  -9.3617204e-01  -1.4996651e+00
  -2.7427079e-01  -2.8399254e-01
  -7.5759874e-01  -5.1777488e-01
  -1.0335711e+00  -1.2733193e+00
   6.0459492e-01   9.0184357e-01
  -1.2119803e+00  -7.9402615e-01
   2.7803560e-01   1.2837130e-01
  -9.3648612e-01  -8.4265114e-01
  -4.1629523e-01  -4.9842020e-01
   2.5751102e+00   1.4698610e+00
  -1.4204685e+00  -1.6435338e+00
  -1.6982053e-01   1.6080948e-01
  -2.5606079e-02   3.1257805e-01
  -1.5678112e+00  -2.0605681e+00
  -2.7859745e-02   4.5348111e-01
  -6.4905524e-01  -3.2122662e-01
  -5.3582064e-01  -3.5999068e-01
   8.9109967e-01   8.1227503e-01
  -1.3419588e+00  -2.7087475e+00
  -6.6071171e-01  -8.1527671e-01
   9.6534473e-02   4.6645354e-01
  -7.0591837e-02   1.0931938e-01
  -2.4251858e-01   2.5633227e-01
  -1.2505321e+00  -5.6121800e-01
  -8.1759113e-01  -9.0918991e-01
   9.2851199e-01   1.1862992e+00
   2.3864818e-01   5.6833013e-01
  -5.0744259e-01  -5.5507625e-01
  -4.1352930e-01  -6.5155172e-01
   1.4563682e+00   1.7780596e+00
  -1.4505795e+00  -1.5588255e+00
  -3.9071029e-01  -2.4583205e-01
   3.2009413e-01   7.7025044e-01
  -8.9722142e-02   5.4680155e-02
  -7.0637032e-03  -6.8462998e-01
   1.6788890e+00   1.7845538e+00
  -7.8861440e-01  -5.9143811e-01
   1.6384167e+00   1.2928390e+00
  -7.3173458e-01  -3.8821244e-01
  -2.5576153e-01  -1.0329447e-01
  -1.5525899e+00  -1.5529815e+00
   2.9840757e-01   9.3211588e-01
   5.2583272e-01   8.8102892e-01
  -1.3296160e+00  -2.3425355e+00
  -8.0288422e-01  -3.2304171e-01
   6.0322667e-01   4.5907659e-01
   2.6005868e+00   2.1121009e+00
  -3.1029574e-01  -6.5789102e-01
   9.9085265e-01   1.8793668e+00
   8.3492047e-02   6.1323462e-01
   3.3667057e-01   8.1372377e-01
   3.2805264e-01   1.7697590e-01
  -1.4475249e+00  -1.3985793e+00
  -9.0284504e-01  -1.3089748e+00
  -9.4050216e-01  -8.5685228e-01
  -7.9866363e-01  -1.0758573e+00
   5.3949524e-01   8.6161112e-01
  -6.3247758e-01  -1.9738651e-01
   5.1631483e-01   6.1048363e-01
   3.7145071e-02   1.0487906e-01
   9.9963039e-01   4.9611603e-01
  -1.2412281e+00  -9.8952964e-01
  -1.3035395e+00  -2.3262197e+00
  -1.6902870e-01  -7.4143791e-01
  -1.3087468e+00  -2.9298215e+00
   6.5824773e-01   2.8908800e-01
  -1.6524122e+00  -1.6068908e+00
  -8.1010229e-01  -6.3767861e-01
  -7.8316528e-01  -8.5586796e-01
   3.0900422e-01   6.3149026e-01
  -8.6105547e-01  -1.2713260e+00
   2.5493924e+00   2.3522066e+00
   4.1902154e-01   8.5522000e-01
   2.5967276e-01   6.3621510e-01
  -4.9802270e-01  -1.1690574e-01
   8.0212184e-01   6.2543818e-01
  -1.5274664e+00  -1.6439250e+00
  -1.0637257e+00  -1.2635133e+00
   3.2222504e+00   2.6861008e+00
   8.5079350e-01   1.0747050e+00
   1.4895816e+00   9.7359253e-01
   3.7271756e-02   2.4576322e-01
  -9.8137505e-01  -1.1664663e+00
   8.1405677e-01   1.0280999e+00
   7.7072969e-01   7.9111852e-01
   1.5445008e+00   1.4836230e+00
   9.8721003e-01   1.0789423e+00
   3.7348318e-01   6.2898024e-01
  -1.3178390e+00  -1.1204290e+00
  -4.1708633e-02   2.5749052e-02
   2.6054141e-01   8.3458942e-02
  -1.1808458e+00  -1.2460347e+00
  -6.6174392e-01  -4.9552791e-01
   8.2726549e-02   3.2922672e-01
  -8.1554039e-01  -5.9998995e-01
   2.9360844e+00   2.5441776e+00
   1.4695824e+00   1.4440632e+00
  -3.7715612e-01   1.2438597e-01
   1.3679623e+00   1.3071454e+00
   5.2414569e-01   5.9858200e-01
   7.0962991e-01   3.4760591e-01
   9.5694822e-01   9.5254410e-01
   1.0010577e-02   2.7683688e-01
  -7.9660689e-01  -7.6703617e-01
  -3.0043326e-01   8.3052179e-02
  -3.9485370e-01   1.0792163e-02
   2.2566031e-01   3.9400152e-01
  -8.5803725e-02   5.7881912e-01
  -1.5126203e+00  -1.6834686e+00
  -4.2872257e-01  -8.8182667e-01
   4.5658025e-01   7.2631063e-01
   4.0691730e-01   6.6642216e-01
  -1.8879159e-01   4.3458095e-01
  -3.2240429e-01  -1.6785600e-01
  -7.3614412e-01  -8.9084203e-01
   1.5783684e-01   4.7082433e-01
  -1.0991366e+00  -1.8116473e+00
  -7.1080900e-01  -6.4910032e-01
   1.6314032e+00   1.2639033e+00
  -5.3262859e-01  -2.7086957e-01
  -2.2327363e-01  -2.1672130e-01
  -6.8401650e-01  -3.2446001e-01
   1.7795691e+00   1.5834114e+00
  -1.5125816e+00  -1.1899232e+00
   9.2466777e-01   9.6545099e-01
  -9.9642988e-01  -1.0014280e+00
   6.7245324e-01   6.0879196e-01
   5.3319531e-01   9.0355774e-01
  -1.2300024e+00  -7.5594813e-01
  -7.8868570e-01  -9.8211165e-01
   6.0660259e-02   8.2688774e-02
  -9.5496363e-01  -1.1088348e+00
   1.9787634e+00   1.4686628e+00
  -8.7725594e-01  -8.3885118e-01
   8.3215461e-02   2.4280140e-01
  -5.4196765e-01  -6.8360936e-01
  -5.8491359e-01  -6.6548036e-01
   9.8463377e-02   3.6979653e-01
   1.6451028e+00   1.7705379e+00
  -5.6375478e-02   2.6770060e-01
  -7.4853887e-02   3.2954646e-01
   5.1387623e-01  -3.1820065e-02
  -9.4162691e-01  -9.1853498e-01
   9.8115040e-01   1.1477925e+00
  -1.1121790e-01  -1.7507734e-01
   6.4798022e-01   9.5439469e-01
   2.7649021e-01   3.4412048e-01
  -8.5809041e-01  -3.9400304e-01
   3.2806554e-02  -5.9580137e-01
  -7.8861758e-02   1.5910620e-01
  -4.7545674e-01  -1.6553426e-01
  -4.8003474e-01  -3.1345976e-01
  -2.3632933e-01  -2.3275014e-01
  -5.5341795e-01  -5.7461368e-01
  -6.7086128e-01  -9.0768916e-01
   4.8744537e-01   1.0207413e+00
  -4.0354681e-01  -5.2154573e-01
   1.1086614e+00   1.3409394e+00
   8.8189432e-01   9.8294011e-01
   5.6320628e-01   1.1677313e+00
   7.9721523e-01   7.5118430e-01
   3.0944020e+00   2.3984036e+00
  -1.8561787e-01  -2.3273337e-01
   9.6565935e-01   1.4614708e+00
   8.2788058e-01   1.4679141e+00
   2.8100708e-01   5.3049675e-01
   3.9597188e-01   6.7591803e-01
   6.5317817e-01   6.7681357e-01
  -3.8179605e-01   7.7018686e-02
  -9.4685977e-01  -9.8907292e-01
   1.6427546e+00   1.0418097e+00
  -2.5864785e-01   1.5154414e-01
   1.7991501e-01   2.6546832e-01
   5.4091227e-01   5.8093293e-01
   8.3012884e-01   1.2739654e+00
   2.6624059e-01   6.5260193e-01
  -8.6996516e-01  -8.1932136e-01
  -6.8274304e-01  -4.1427479e-01
   4.0725932e-01   8.4091723e-01
   5.7798517e-01   7.7370563e-01
   1.8347297e-01  -2.2066382e-01
  -5.2344215e-01  -4.6523075e-01
  -1.0880660e-01  -5.4035680e-02
   5.3204059e-02  -2.0788926e-01
   2.1700983e-01   1.1511698e-02
  -1.2404348e+00  -9.8550437e-01
   1.2148675e-01   5.9474002e-01
   4.0488893e-01   6.4931841e-01
   1.9757900e-01   4.0181801e-02
   7.5201419e-01   7.0509420e-01
   2.6057628e+00   2.7630619e+00
   4.6034901e-01   5.0923309e-01
  -6.2659232e-01  -6.8650713e-01
  -6.4029708e-01  -1.5023896e-01
   4.3088582e-01   1.6640741e-01
   1.3764889e+00   9.3421822e-01
   9.3860506e-01   8.4535587e-01
  -8.2725306e-01  -5.3036024e-01
   1.0557858e+00   1.2948894e+00
  -8.4141653e-01  -2.5592022e+00
   8.9927919e-01   9.6147818e-01
   1.5207671e+00   1.4403169e+00
  -4.7903527e-01  -9.0669547e-01
   1.9111238e-01   4.7212842e-01
   5.1655156e-01   9.3004322e-01
  -8.3247993e-01  -4.6045946e-01
  -2.0009526e-01   5.2794317e-02
  -1.1873567e+00  -6.6868361e-01
   5.2196952e-01   3.7137589e-01
   1.9958216e+00   1.7993594e+00
  -9.5603992e-01  -1.3665786e+00
   3.7652230e-01   2.2248405e-01
  -1.5700718e+00  -1.8818387e+00
   1.6402757e+00   1.0654075e+00
   7.0538269e-01   1.3988141e+00
  -1.3614593e+00  -1.3806606e+00
   3.9167103e-01   1.7284917e-01
   3.5520821e-01   8.6226730e-01
  -1.3204434e+00  -3.4039495e-01
   7.4964663e-01   1.2032482e+00
   1.7897336e-02  -1.1706451e-01
  -2.8409103e-01  -4.1479808e-01
  -6.5678598e-01  -4.2409999e-01
   5.2528565e-01   7.1197552e-01
   5.7895498e-02  -3.9279669e-01
   1.0657985e+00   8.0913495e-01
  -9.1826206e-01  -4.5189371e-01
  -9.1712999e-01  -7.9417711e-01
  -8.4567057e-01  -5.8591870e-01
  -1.4403370e-01  -1.7214081e-01
  -1.1806551e+00  -5.7325125e-01
   1.9334632e+00   1.5517798e+00
   9.5192778e-01   7.7864229e-01
  -7.3572662e-01  -5.7575280e-01
   2.9023546e-01   1.7799304e-01
   3.4566222e-01   5.8342012e-01
   1.3101965e+00   1.3493769e+00
   5.3730454e-01   7.8773272e-01
  -9.5331316e-01  -1.4054889e+00
  -1.4165048e+00  -1.8085392e+00
   1.5070400e-01   7.3898908e-02
   1.1729017e+00   8.5478977e-01
  -9.6079362e-01  -1.1293097e+00
   8.8968485e-01   1.4235252e+00
   5.1004576e-01   7.2860954e-01
  -2.5386780e-02  -1.2932473e-01
   1.7031467e-01  -1.5771871e-01
   4.8499684e-01   6.7669394e-01
   2.6348786e-02  -1.0189379e-02
   3.4000767e-01   5.7330335e-01
   2.2888139e+00   2.5126285e+00
  -1.1477652e+00  -9.1579904e-01
   4.0548578e-01   4.8103358e-01
   1.0182451e+00   1.0589641e+00
  -4.2806519e-01  -4.1502079e-01
   3.4838441e+00   2.4496010e+00
   2.7081468e-01   5.9417204e-01
   1.9517200e+00   1.5198791e+00
  -1.0336662e+00  -1.0034061e+00
   8.2569147e-01   1.0246455e+00
  -3.2196502e-01  -5.5433522e-01
   1.3477459e+00   1.2543682e+00
  -3.0558008e-01  -5.7649330e-01
  -1.0037438e+00  -8.4141100e-01
  -3.9902613e-01  -4.3972466e-02
   6.0988578e-01   4.0942172e-01
   1.3491218e+00   1.3629621e+00
  -4.0397575e-02   6.6185287e-03
   1.2993958e+00   1.2887852e+00
  -5.9901155e-01  -5.9837496e-01
  -3.2547989e-01   1.5097398e-02
   7.3663371e-01   9.1344330e-01
  -3.5377655e-01  -2.0588140e-01
  -1.5051883e+00  -1.7893612e+00
   3.5395155e-01   1.3158990e-01
  -8.4774672e-01  -9.8564962e-01
  -5.4342421e-01   3.2019621e-01
   2.0844555e+00   1.8361766e+00
  -1.2915346e+00  -1.3627617e+00
   2.6832314e-01   7.5161664e-02
  -1.1685192e+00  -2.8981929e+00
  -1.4799266e+00  -1.5938335e+00
  -1.1409930e+00  -9.0692796e-01
   2.5692238e-01   3.3990856e-01
   9.5472768e-01   8.9470959e-01
   3.6193851e-01   7.8035897e-01
   5.6586371e-01   4.5473159e-01
   1.2284270e-01   2.0435490e-01
   1.8006711e-01  -2.3614183e-01
   1.5312214e+00   1.1916955e+00
   1.2218737e+00   1.0194091e+00
   2.9559336e+00   1.8279714e+00
   5.9169328e-01   1.2441760e+00
   3.6431941e-01   5.2023545e-01
  -7.0730717e-01  -6.7124020e-01
  -8.9429065e-01  -5.2726535e-01
  -4.8280320e-01  -1.8070296e-01
  -1.1522516e+00  -1.0622514e+00
  -1.2141646e+00  -1.1316466e+00
   1.5503360e+00   1.3726481e+00
  -1.5984327e+00  -1.1000039e+00
   2.0457699e-01  -1.3522113e-01
  -1.2202904e+00  -4.9089067e-01
   3.4520497e-01   2.7051668e-01
  -4.2834167e-01  -2.1179223e-01
   5.4712432e-02  -4.2641255e-01
  -3.4216892e-01  -3.4501191e-01
  -2.1357662e-01  -1.2808057e-01
  -5.7528861e-01  -4.6628009e-01
   3.4337124e-01   3.0597426e-01
   1.5605646e+00   1.0073247e+00
  -1.1878584e-01  -2.7657579e-01
   5.7106276e-01   7.3129389e-01
   1.1383977e+00   6.7664248e-01
   4.1554583e-01   3.6989906e-01
  -4.5507009e-01  -5.1327742e-01
  -1.7958388e-01  -1.5820126e-01
   4.3946489e-01   8.1605649e-01
   9.1866207e-01   4.6804709e-01
  -1.5530652e+00  -1.5639553e+00
  -8.5864383e-01  -4.3146783e-01
   4.0766085e-01   7.2141859e-01
  -1.2983700e+00  -1.6257043e+00
  -4.8512464e-01  -6.7552192e-01
  -9.7995826e-02   9.5185603e-02
  -5.5498748e-01   6.5438189e-04
   1.8899155e+00   8.8140690e-01
   5.3134893e-01   2.6190109e-01
   5.9707693e-01   2.7237085e-01
   5.7940646e-01   9.4759988e-01
   1.0832416e-01  -4.3830925e-01
  -3.1284796e-01  -2.5223416e-01
  -9.7414730e-01  -3.6342731e-01
   4.4645057e-01   2.8106433e-01
   6.1787870e-01   7.9252176e-01
  -5.3629817e-01  -6.0583185e-01
  -1.4203203e-01   3.6584304e-01
   9.8201111e-01   6.6844385e-01
   1.7713860e+00   2.0775585e+00
  -4.3273235e-02   3.9885810e-01
   1.6289221e-01   2.9635923e-01
  -1.3395135e+00  -9.5815312e-01
  -6.5455564e-01  -5.7405064e-01
  -1.3083201e+00  -1.5789784e+00
   2.2960366e-01   5.5635758e-01
  -5.7530202e-01  -3.1985252e+00
  -5.1381734e-01  -4.0318536e-01
   9.6518849e-01   1.4724410e+00
  -1.6171228e+00  -1.2409916e+00
  -1.1799923e+00  -1.1086097e+00
   1.8896207e-01  -3.7135073e-01
  -1.3954727e+00  -1.3000784e+00
  -1.3027144e+00  -1.5951142e+00
  -3.0650887e-01  -9.5774871e-01
   1.8544931e+00   1.1545084e+00
  -2.6278576e-01  -2.4263303e-01
  -1.6426341e-02   6.1004664e-01
  -2.5148617e-01  -4.6648141e-01
   5.3059369e-01   4.2591822e-01
  -6.9915011e-01  -6.4275934e-01
  -1.4018931e-01   1.3868666e-01
   1.0230050e-01  -1.4089601e-01
   7.5032124e-01   9.4586103e-01
  -7.1841765e-01  -1.0019840e+00
  -1.6666484e+00  -2.0394694e+00
  -2.3693364e-01  -1.5878399e-01
   2.0372258e+00   1.8911847e+00
   8.9669405e-01   9.3590858e-01
   6.6713834e-01   1.1150662e+00
  -2.1264317e-01  -1.4761486e-02
  -2.7905240e-01  -1.5425529e-01
  -1.6692378e+00  -1.9449871e+00
  -1.3635584e+00  -1.3541404e+00
  -1.5470797e+00  -1.9948730e+00
  -5.3170382e-01  -1.0406618e-01
   3.8781636e-01   5.9240327e-01
   1.8109513e-01   2.0228834e-01
   1.4213600e+00   1.7540829e+00
   5.0333934e-01   9.0243806e-01
  -1.1122885e+00  -1.3677996e+00
   9.7310217e-01   4.8486043e-01
  -8.8519335e-01  -2.6024830e-01
  -4.2657696e-01  -4.5323467e-01
   9.9978358e-01   1.0054507e+00
  -3.7810769e-01   1.6744431e-01
   1.6690126e-01   2.6492197e-02
  -1.2555258e+00  -1.3602147e+00
  -1.3792025e+00  -2.4611126e+00
   6.7974490e-01   5.8781572e-01
   2.0578830e+00   1.7657339e+00
   2.9285401e+00   2.5815945e+00
   4.7613862e-01   4.8585240e-01
  -3.5845246e-01  -2.1135327e-01
  -1.0573071e+00  -2.9046301e-01
   2.0434046e+00   1.9332068e+00
  -3.9631365e-01  -2.5822429e-01
   8.9034529e-01   5.8759888e-01
   6.9331700e-01   3.4144171e-01
   1.8343847e-01  -3.2496811e-01
  -1.0036940e-01  -1.4446659e-01
  -9.1991324e-01  -4.1290690e-01
   1.9532256e+00   2.2985810e+00
  -8.6639433e-01  -5.9992316e-01
  -3.1002607e-01  -2.8332782e-01
  -1.0956147e+00  -1.0967470e+00
  -3.8860917e-01  -3.1454229e-01
   1.5690582e+00   1.8662586e+00
   9.3129274e-01   2.1058798e-01
   8.0856816e-01   3.9885808e-01
   4.5894361e-01   5.8057110e-01
   4.2663070e-01   1.3943209e-01
  -1.5801239e+00  -2.3448298e+00
  -2.1282026e-01  -3.5575722e-01
  -1.3511257e-01  -1.1911837e-01
  -1.6215571e+00  -2.1125561e+00
  -5.8909605e-01  -2.6169894e-01
   3.8259634e-01   4.6798185e-01
  -4.8454701e-02   2.3061377e-01
  -7.2740775e-01  -9.4026005e-01
  -3.6442408e-01  -9.8926319e-02
  -1.4407025e+00  -1.5935221e+00
   9.5869627e-01   8.6050032e-01
  -5.8410005e-01  -2.7123448e-01
  -9.4449638e-01  -6.6748688e-01
   3.0101877e-01  -3.0746831e-01
  -2.1795935e-01  -5.9960214e-02
   8.8402498e-02   3.4598783e-01
  -8.6899045e-01  -8.9904448e-01
   6.1524024e-01   1.9624245e-01
   1.1296370e+00   9.6131934e-01
  -2.8829804e-01   3.0923326e-02
  -1.5243418e+00  -2.3837858e+00
   1.6786256e+00   1.5544145e+00
  -5.5057101e-01   3.0977505e-02
  -1.3266960e+00  -1.6333273e+00
  -5.4464634e-01  -4.6107770e-02
   1.0137365e+00   1.1440946e+00
   1.6338795e+00   1.8914788e+00
   6.0384593e-01  -3.3631881e-03
  -2.6563934e-01  -5.1614257e-01
  -1.1597837e+00  -1.3137805e+00
   9.6645312e-01   1.0193499e+00
  -1.5213827e+00  -1.6355878e+00
   1.3179346e+00   1.0304568e+00
   8.4657935e-01   1.8278870e+00
  -8.2458960e-01  -5.4085872e-01
   5.8684986e-01   5.3606078e-01
   3.9064817e-01   5.4203779e-01
  -3.5548339e-01  -7.7346697e-01
   4.1054958e-01   8.7884615e-01
  -1.4393392e+00  -1.4097815e+00
  -2.0629621e-01  -5.9112462e-01
   6.3849871e-01   8.6180367e-01
  -1.7085786e+00  -1.5691334e+00
  -5.4973210e-01  -4.6799700e-01
   7.2479226e-01   6.2948930e-01
   3.2653627e-01   4.3191751e-01
   2.5129140e-01   3.5927411e-02
   2.3832798e+00   2.4036296e+00
  -1.5691696e-01  -4.0132897e-02
  -1.3521696e+00  -1.0085907e+00
   1.3074928e+00   1.3331953e+00
   1.1829744e+00   1.2042469e+00
   1.3316008e+00   1.2692913e+00
  -1.6763965e+00  -1.9223998e+00
   9.6568114e-01   1.1343104e+00
   9.2132924e-01   1.0771893e+00
  -5.2631956e-01  -2.9467180e-02
   2.4471772e+00   2.3043761e+00
  -1.1806156e+00  -1.4035446e+00
  -4.7107515e-01  -6.2987950e-01
   5.5028237e-03   1.6083617e-01
   1.8004255e+00   1.8074149e+00
   1.2076048e+00   1.3385132e+00
  -1.3472327e-01  -1.7701765e-01
  -5.0622693e-01  -5.9616765e-01
   7.6422426e-01   5.1027698e-01
  -7.7344765e-01  -7.0741725e-01
  -2.0030181e-01  -2.3674320e-01
  -6.4435592e-01  -9.8847057e-01
  -6.2821977e-01  -1.2600450e-01
   7.8239218e-01   9.8444669e-01
   2.5136304e-01   1.9317631e-01
   8.6322803e-01   3.7724196e-01
  -8.7540141e-01  -1.5085235e+00
   1.0097326e-01   1.3428854e-01
   6.2323078e-01   9.2519007e-01
   8.8740491e-01   8.5118614e-01
  -4.8355337e-01  -5.9836376e-01
  -1.4735741e+00  -6.0797067e-01
  -9.4172820e-01  -1.0906143e+00
  -1.2317982e+00  -1.1180538e+00
  -7.4090673e-01  -8.7474362e-01
  -6.1204089e-02   1.7130418e-01
   1.4800851e+00   1.4054795e+00
   1.0844577e+00   1.3584288e+00
  -5.7824159e-01  -1.3471078e-01
   1.3646619e+00   1.6972661e+00
   3.6153706e+00   2.7345035e+00
   1.2394761e+00   1.3688896e+00
  -1.1214918e+00  -8.4286215e-01
  -1.8928827e-01  -3.9045569e-01
   3.9044318e-01   6.3202461e-01
   2.0925251e-01   3.0589175e-01
  -1.4054426e+00  -1.7015384e+00
   2.2194106e-01   3.3307557e-01
   3.3231428e-01   2.5841579e-01
  -1.0252730e+00  -8.1758539e-01
  -1.8285746e-02   3.1609821e-01
  -1.2753640e+00  -1.2734381e+00
   2.1599285e-01   1.8147680e-02
  -2.0353137e-01  -9.8330287e-02
  -1.4767471e+00  -1.9731151e+00
   1.9912828e-01   1.1421897e-01
   1.1055628e+00   1.1123717e+00
  -1.2063314e-01  -2.1380183e-01
  -1.2204660e+00  -1.0098262e+00
  -2.1220072e-01  -2.1689414e-01
  -2.6330999e-01  -2.3062493e-01
  -1.0818124e-01   2.1866929e-01
   2.2871993e-01   2.3647856e-01
  -1.5296987e-01   9.3467644e-02
   1.4275081e+00   1.3007660e+00
  -1.0186513e+00  -5.2790106e-01
  -7.0952031e-01  -3.4281718e-01
   8.7248066e-02  -1.9091673e-02
  -3.1486502e-01  -7.4017294e-01
  -1.3494692e+00  -1.1107934e+00
  -3.1885302e-01  -9.3578886e-02
  -5.3173000e-01  -7.3845610e-02
   1.4957281e+00   9.7537445e-01
  -1.6231392e+00  -1.4919235e+00
  -2.9652044e-01  -8.3475445e-02
  -7.5077158e-01  -1.4528997e+00
  -1.5075604e+00  -2.1186201e+00
  -8.6276024e-01  -1.1293538e+00
   5.0106994e-02  -3.9870765e-01
   5.4682365e-01   7.1438752e-02
  -8.0703625e-01  -1.7849616e-01
   2.6613501e+00   2.4102573e+00
  -1.3437025e+00  -9.9469852e-01
   1.6495546e+00   1.8038259e+00
  -3.1342840e-01  -8.3768967e-02
   1.0162453e+00   9.0435882e-01
   2.8757771e-01   2.5499739e-01
  -3.9838152e-01  -7.1546505e-01
  -8.1321498e-01  -9.1343869e-01
  -1.0707502e+00  -8.8880216e-01
   9.6714014e-01   1.2303472e+00
  -8.5829119e-01  -4.6688662e-01
  -1.0313300e+00  -6.9956011e-01
  -2.9253812e-02   3.0712164e-01
  -5.0816397e-01  -1.0284884e+00
   1.2038772e+00   1.2062758e+00
   3.6638954e-01   5.6674748e-01
   1.1786781e+00   1.5199072e+00
   9.0619647e-01   7.2759522e-01
  -2.6036614e-01   3.8891743e-03
   4.9055142e-01   5.0849252e-01
   7.4104789e-01   9.7753410e-01
   6.7955940e-01   1.2594104e+00
  -8.4516874e-01  -8.7115141e-01
   2.0237178e+00   1.5805181e+00
  -1.0857113e-01   1.5288533e-01
   4.8804788e-01   4.5189833e-01
  -2.0772670e-01  -4.7426046e-01
   1.0244602e+00   8.4694092e-01
  -4.3189710e-01  -4.1898769e-01
   5.3563493e-02   4.3137368e-01
  -3.9307374e-01  -7.4221079e-01
  -6.2785726e-01  -8.4253478e-01
   8.6118718e-02  -1.2507826e-01
   1.0789589e+00   5.9816160e-01
  -4.7476310e-01   1.8685764e-01
   4.4212561e-01   3.3504000e-01
   1.4970440e+00   1.4149022e+00
  -1.3653763e+00  -1.1770725e+00
  -2.7800383e-01  -2.2271165e-01
   2.2186442e+00   1.2988524e+00
   1.2048363e+00   1.0067109e+00
  -1.0720900e+00  -7.5175670e-01
  -3.2979098e-01  -1.0535807e+00
  -1.2356132e+00  -1.1096923e+00
  -8.7163738e-01  -8.3806406e-01
   1.7302884e+00   1.9300122e+00
  -1.5446383e+00  -1.6121893e+00
  -1.0872204e-01  -1.5911163e-01
   1.7638186e+00   2.0064304e+00
  -2.5542994e-01  -5.7037393e-01
   5.9834088e-01   1.7107549e-01
   6.8143174e-01   1.2749611e+00
  -2.2119259e-01  -3.7611324e-01
   1.5842340e+00   1.1029275e+00
   1.1207832e+00   1.2903055e+00
   1.1484057e+00   1.5466127e+00
   4.3217933e-01   4.6793491e-01
  -2.7866098e-01  -4.7881685e-01
   1.0807858e+00   1.3901359e+00
   1.8486211e+00   1.2650318e+00
   1.0584906e-01   6.8407286e-01
   5.5743917e-01   4.4421720e-01
   3.8117875e-01   7.9578176e-01
  -1.4290317e+00  -1.4280694e+00
  -9.9934320e-01  -4.0168655e-01
   2.4313128e+00   2.0497908e+00
  -1.5713663e+00  -1.7755232e+00
  -6.4644498e-01  -6.7494326e-01
   7.1344866e-01   2.4416987e-01
  -9.4508564e-01  -9.0899839e-01
   1.8509637e-01   6.3952156e-01
  -3.1137763e-01  -4.5193640e-01
   4.0729567e-02   1.7528844e-01
  -9.6790012e-01  -6.9305350e-01
  -6.4331847e-01  -4.5743589e-01
  -3.0280724e-01  -1.6027539e-01
   1.4652872e+00   1.1520145e+00
  -1.6255842e+00  -1.7857136e+00
   4.2219574e-01   1.0767644e+00
   5.2315145e-01   5.8980489e-01
   2.0295272e+00   2.0601952e+00
  -4.3003402e-01  -5.9462634e-01
  -9.7585068e-02   4.1717713e-01
   1.9919245e+00   2.1851306e+00
  -7.4895145e-01  -7.0449578e-01
  -8.5533050e-01  -1.5978822e-01
  -8.1393682e-01  -5.0554061e-01
   1.9715013e-01   1.2165299e-02
  -2.9162667e-01   2.8680660e-01
  -7.9441320e-01  -6.5591780e-01
   9.8477721e-01   1.1346605e+00
  -3.4373178e-01  -4.6856599e-01
   8.9214195e-01   1.1858949e+00
  -6.0279401e-01  -4.1597071e-01
   8.3560355e-02   8.3441886e-02
   4.8641770e-01   7.4286696e-01
  -8.4535830e-01  -3.9067012e-01
  -1.1957058e+00  -8.4488624e-01
   3.4425953e+00   2.3917913e+00
  -6.7740888e-01  -7.1390155e-01
   8.5112872e-02   9.4038408e-01
  -5.1934387e-01  -7.8555460e-01
   1.4351105e+00   1.2694822e+00
  -1.4523215e+00  -1.5744855e+00
   2.7008991e-01   3.4162800e-01
  -8.9567277e-01  -8.0357777e-01
  -6.5947850e-01  -4.0699129e-01
  -2.0398050e-01  -2.8955262e-01
   1.1559789e+00   5.7667439e-01
  -1.5145801e+00  -2.4033213e+00
  -9.4019187e-01  -8.6491087e-01
   1.1692171e+00   1.1876978e+00
   1.2705862e-01   4.3460535e-01
  -8.6384499e-02  -1.1915475e-01
  -7.0225430e-01  -1.4241145e-01
  -8.7063903e-01  -7.6426475e-01
   1.0469309e+00   8.1766017e-01
  -1.2566481e+00  -1.4682862e+00
  -4.7337183e-01  -4.6736796e-01
  -6.5062486e-01  -4.1238986e-01
   1.0401827e+00   1.3557723e+00
   3.8222305e-01   5.1037704e-01
  -8.3866271e-02   3.1153219e-01
  -1.3753966e+00  -9.7094565e-01
   1.1670613e-01  -2.3489523e-01
  -1.2159158e-01   1.5108886e-01
  -2.3168183e-01   4.6659218e-01
  -3.6481356e-01  -4.2549048e-01
   2.5742868e+00   2.6177559e+00
  -9.9142575e-01  -8.9750318e-01
  -1.5025359e+00  -1.5465462e+00
   2.2162172e+00   2.3309182e+00
  -1.5423988e+00  -1.9204193e+00
   2.0604249e-01  -6.3399852e-02
   7.1526788e-01   9.9222940e-01
  -1.2396889e+00  -1.7549384e+00
  -2.9273963e-01   3.6098626e-01
   1.2605119e+00   8.3781780e-01
  -1.0788538e+00  -9.9314642e-01
  -1.6317084e+00  -2.1541663e+00
  -7.4314980e-01  -7.3605859e-01
  -2.6301948e-01  -6.3620581e-01
   2.0312314e+00   2.1287884e+00
   2.7795094e-01   7.8118215e-01
   1.3764655e-01  -3.6282015e-02
   1.3605314e-01   3.1421805e-01
  -5.1132486e-01  -4.9141154e-01
   3.8667270e+00   2.8200930e+00
   4.7871247e-01   7.9324925e-01
  -5.8049754e-01  -3.5171741e-01
  -1.3772913e+00  -1.2302431e+00
  -6.3401394e-01  -8.1507087e-01
   1.6330603e+00   1.2584797e+00
   2.0791652e+00   1.4178271e+00
   2.5821126e+00   1.9612020e+00
  -1.3109541e+00  -2.4654700e+00
  -9.6386205e-01  -9.4165435e-01
  -1.0020956e+00  -1.2413471e+00
  -3.9620272e-01  -4.5049672e-01
   1.2398200e+00   8.5150926e-01
   6.0606871e-04  -5.2007191e-02
  -1.4733367e+00  -1.7167750e+00
  -1.6486477e+00  -2.0488599e+00
   1.9284115e-01   1.1176299e+00
  -1.1568237e+00  -2.2153727e+00
  -7.3554895e-01  -5.7953559e-01
   1.8958539e+00   2.0973019e+00
   1.2945365e+00   1.1088946e+00
  -1.0555282e+00  -8.2028637e-01
  -9.1008317e-01  -9.5728442e-01
  -1.2145119e+00  -1.5328687e+00
   4.7513643e-01   4.0118083e-01
   5.5932668e-01   4.8077444e-02
  -1.2052947e+00  -4.0943957e-01
  -1.3120260e+00  -1.2940538e+00
   3.9339942e-01   2.5702917e-01
   1.8526935e-01   1.5516187e-01
  -5.9711452e-01  -5.5512117e-01
  -1.5170270e+00  -2.1073372e+00
  -1.6104353e+00  -2.1811556e+00
  -4.2197671e-01  -6.8519059e-01
   7.7863557e-01   1.0900271e+00
   7.4032518e-01   5.3608693e-01
   1.7329850e-01   4.3577947e-01
   6.3633392e-01   4.8004164e-01
  -9.7674659e-01  -8.5976895e-01
  -9.5197882e-01  -5.5196188e-01
  -1.5814728e+00  -2.2905174e+00
  -7.9014172e-02  -3.0501673e-01
   8.6584954e-02  -4.8600221e-03
   7.4694898e-01   8.0172282e-01
   7.8570102e-01   5.2801803e-01
  -6.2687471e-01  -3.8704509e-01
  -2.0903639e-01  -4.1552011e-03
  -1.2624783e-01   1.2754733e-01
   3.6171626e-01   3.5692806e-01
  -1.4642863e+00  -1.6468182e+00
   7.9010527e-01   7.1566424e-01
  -5.0690776e-01  -6.1883711e-01
   1.4455531e+00   1.4457902e+00
  -1.0125330e+00  -6.4921857e-01
  -1.4206670e+00  -1.6914889e+00
  -4.7424711e-01   1.6106266e-01
   8.2038531e-01   5.2573437e-01
   6.0607541e-01   8.1830022e-01
   7.8630345e-01   4.9464320e-01
   1.7522080e+00   1.8064665e+00
  -1.6492893e+00  -1.8449567e+00
  -1.6106917e+00  -2.0658260e+00
  -6.6069540e-01  -6.8950813e-01
  -3.7944354e-01  -1.8106261e-01
   1.2430445e+00   1.0562628e+00
   5.7584925e-01   1.9973191e-01
   1.3847858e-01   3.0565903e-01
  -1.0993338e+00  -1.2638011e+00
  -2.7575105e-01   4.2434843e-02
   1.0387218e+00   1.3049284e+00
   1.9929233e+00   2.0398348e+00
  -5.4421183e-01  -8.0329833e-01
  -5.4174733e-01  -2.4916949e-01
  -4.3376425e-01  -5.6451522e-01
   1.7775857e+00   1.3517449e+00
   2.8689712e-01  -1.9108786e-02
  -1.4533950e+00  -1.4316804e+00
   7.8102072e-01   8.9377205e-01
  -8.9089262e-01  -1.1735624e+00
   2.3907973e+00   2.1174441e+00
  -1.1654357e+00  -1.2839897e+00
   2.2696591e-01   5.5675983e-01
   6.3572126e-01   4.8884770e-01
   4.2579312e-01   4.3442891e-01
  -8.0692381e-02   1.6144872e-01
  -1.3911277e-01  -3.1636134e-01
   3.9804860e-01   5.5176774e-02
   2.7401834e-01   1.3559231e-01
   1.7858201e+00   1.8460825e+00
   7.8584364e-01   6.0325909e-01
   2.0141807e-01   5.0827722e-01
  -4.0676248e-01   1.1966071e-02
   9.6091472e-01   1.0322415e+00
  -4.6799802e-01  -9.3002833e-02
  -1.4941175e+00  -2.1983618e+00
   2.4111735e-01   3.8615348e-02
  -3.0685276e-01  -2.2934758e-01
  -2.5262162e-01  -3.8115419e-01
  -9.7912821e-01  -1.3827915e+00
   1.6936961e+00   1.4020500e+00
  -1.0752198e+00  -1.0184837e+00
  -1.4911580e+00  -1.4783420e+00
  -1.1744188e+00  -1.1801938e+00
   1.0537013e+00   1.3743832e+00
   1.3698844e+00   7.2543920e-01
   6.6154269e-01   8.6085079e-01
  -1.7811117e-01  -1.1612742e-01
  -1.5637724e-01  -1.7875500e-01
   2.7790651e-01   4.5980213e-01
   9.6892363e-01   7.7844931e-01
   7.7318541e-02  -1.4476939e-01
  -6.4750145e-01  -1.0849754e+00
  -5.8407646e-01  -5.0669255e-01
   3.2757166e-01   3.7158431e-01
   3.4795277e-01   1.9990517e-01
  -1.5589673e+00  -8.8486224e-01
   5.8510054e-02  -1.0081257e-02
  -1.1582866e+00  -1.6150535e+00
   8.1063531e-01   1.2604231e+00
  -6.6806193e-01  -3.5066390e-01
   3.0370139e-01  -2.6467091e-02
  -1.0780319e-01   5.8980008e-01
  -1.1373694e+00  -1.5297487e+00
  -9.4926783e-02   3.9212549e-01
  -7.5685069e-01  -3.0414245e-01
   1.9464090e-01  -7.0475193e-02
   7.8654871e-01   5.0541179e-01
   4.8088212e-01   1.1371418e-01
   5.3708589e-01   4.9281996e-01
  -7.6415141e-01  -5.8373958e-01
  -1.5451833e+00  -1.7126523e+00
   4.5226293e-01   7.7040241e-01
   3.8039957e+00   2.2199505e+00
  -7.9994954e-01  -1.0100186e+00
   1.2492723e+00   1.0416947e+00
   9.3094174e-01   8.7396638e-01
  -1.4618584e+00  -2.0811844e+00
  -3.2018356e-03   1.4644593e-01
   4.4742157e-01   6.8388659e-01
   4.1233597e-01   3.6298116e-01
   3.7528874e-01   4.4336642e-01
   6.5848463e-01   4.4694708e-01
  -1.4982392e+00  -1.5239885e+00
  -1.4310481e+00  -1.3287449e+00
  -1.3879862e+00  -1.5746238e+00
   4.2266535e-01   6.1124282e-01
  -4.8484226e-01  -7.0587818e-01
   1.1507573e-01   5.1940145e-01
  -1.4915020e+00  -2.2448904e+00
   1.6258378e+00   2.0032686e+00
  -1.3655208e+00  -1.3574504e+00
  -5.9561908e-01  -3.2847526e+00
  -8.8189920e-01  -1.0205500e+00
  -1.5172128e+00  -1.2953747e+00
  -5.5614160e-01  -6.0847486e-01
  -5.9976275e-01  -8.5754578e-01
   3.5922463e-02  -8.6223904e-02
  -7.0206212e-01  -5.7668712e-01
  -1.0744903e+00  -3.0556834e+00
   4.4816268e-03   4.2481620e-01
   5.6479055e-01   8.1227976e-01
   5.1991337e-01   9.1539123e-01
   3.0373335e-01   2.8745129e-01
  -1.3585759e+00  -1.4640104e+00
   1.5528282e+00   1.4764621e+00
