  -7.3419009e-01   1.4262797e+00
   1.5120961e+00  -1.5330986e+00
  -8.3321530e-01   5.9516406e-01
  -9.3787426e-03  -5.9187115e-01
  -9.3311735e-01   1.6758825e-01
  -3.1149946e-01  -6.2236665e-02
  -8.6166877e-01   1.1455879e+00
  -1.0057321e+00   5.6971305e-01
   1.5246321e-01  -5.4612106e-01
  -5.3333959e-01   2.8621576e-01
  -4.0585283e-01  -3.3048320e-01
  -7.2421912e-01   6.5879823e-01
  -6.6823872e-01   3.9919571e-01
  -8.7745282e-01   7.1745387e-01
  -6.7136637e-01   8.7142955e-01
  -4.4669889e-01  -1.1657679e-01
   2.0269099e+00  -1.4690898e+00
   2.1335577e+00  -1.6515379e+00
   4.9107135e+00  -2.9802953e+00
   1.4488191e+00  -1.1422758e+00
   2.4780565e-01  -5.2799585e-01
   1.2037878e+00  -1.2741338e+00
  -3.7847543e-01  -2.4301447e-01
   1.1140848e-01  -9.0195149e-02
  -5.9971223e-01   2.3907104e-01
  -6.3209458e-01   4.9298764e-01
  -8.9624318e-01   1.1020324e+00
  -8.5114193e-01   3.6516699e-01
  -6.6874345e-01   2.1239094e-01
   2.9685280e+00  -2.2640640e+00
   8.3695040e-01  -9.6672376e-01
  -2.0416994e-01   2.3083576e+00
  -8.3050617e-01   1.0149939e+00
   2.1732089e+00  -1.8528097e+00
  -5.2084591e-01  -6.9583554e-02
  -6.8580309e-01   2.7212774e-02
  -3.7306591e-01  -1.5774706e-01
   3.8868128e-01  -8.5084221e-01
  -7.0048556e-01   8.0715409e-02
   1.0042794e-01  -1.6108067e-01
   3.3268265e-01  -8.4457160e-01
   1.0875480e+00  -1.2259175e+00
  -7.5554887e-02  -2.3583231e-01
  -6.3974106e-01   1.9150536e-01
  -9.7400012e-01   3.7752621e-01
  -2.9702388e-01  -3.0749971e-01
  -9.5362967e-01   1.1444608e+00
  -4.9851600e-01   5.2390863e-01
  -8.9475218e-01   8.9680910e-01
   1.6257364e-02  -3.1838309e-01
  -8.0949629e-01   7.7063525e-01
  -2.8989111e-01   2.8746832e-01
  -7.2118505e-01   5.8931955e-01
  -6.5096039e-01   3.0864716e-01
   2.4884799e+00  -1.9505881e+00
  -2.9917854e-01  -4.5852034e-01
   1.1032425e+00  -1.1965080e+00
  -6.1234847e-01   2.0895875e-01
  -8.6239308e-01   4.6899169e-01
  -6.8753022e-02   2.1976085e+00
   7.4921907e-01  -1.2227535e+00
   2.5919560e-01  -7.3502922e-01
  -6.0032616e-01   9.0311778e-01
  -2.2826038e-01  -1.3743645e-01
   2.8102401e+00  -1.9375470e+00
   7.2274208e-01  -8.1581284e-01
  -7.9480578e-01   1.3946773e+00
  -7.5888545e-02  -2.9211947e-01
  -8.4985012e-01   8.3902615e-01
  -7.5469885e-01   4.8958749e-01
  -9.3901676e-01   4.8653430e-01
   1.0138709e+00  -1.0534446e+00
  -3.7917090e-01   2.4352319e-01
   9.4982044e-01  -1.0054451e+00
   3.5900071e+00  -2.3352376e+00
  -8.2941509e-01   4.5583469e-01
   1.6911519e+00  -1.3449458e+00
  -5.7259348e-01   4.7020567e-01
  -2.2884658e-01   2.5498157e+00
  -7.5320105e-01   8.2038214e-01
  -8.3326868e-01   7.1745456e-01
  -7.3276237e-01   9.1635880e-01
  -5.8898266e-01   1.6086225e+00
  -4.0827068e-01   5.1757329e-01
  -6.9066584e-01   9.0951504e-03
   2.0112662e+00  -1.4840189e+00
  -1.0039394e+00   1.3004766e+00
  -4.4815513e-01   2.2483507e+00
   2.8787135e+00  -2.0532571e+00
  -4.7246177e-01   1.6553557e+00
  -9.5146580e-02  -3.3490536e-01
  -2.0864574e-01   2.6052321e-01
   1.8526000e+00  -1.3876579e+00
  -8.0035591e-01   7.5671900e-01
   6.9949385e-01  -7.7780710e-01
  -7.6755718e-01   3.5866887e-01
  -8.3870122e-01   1.0737123e+00
  -1.4875429e-01   1.0602783e-01
   1.2454515e+00  -1.4336423e+00
  -5.1034390e-01   9.0359522e-02
  -7.0662909e-01   6.5652373e-01
   7.8457422e-01  -1.2671022e+00
  -8.1295993e-01   1.9016084e-01
  -7.8923890e-01   9.7710522e-01
   4.5581974e-01  -6.5250780e-01
   2.5968049e-01  -5.9642672e-01
   5.3889106e-01  -7.8587162e-01
   6.6902449e-01  -8.1841278e-01
  -4.6121905e-01  -1.5214762e-01
   3.9111185e+00  -2.4033249e+00
  -2.6930309e-01  -3.7521430e-02
   1.6204490e+00  -1.1962525e+00
  -7.8036541e-01   1.3774990e+00
  -4.6631580e-01   4.5007050e-01
  -8.3563054e-01   1.0834797e+00
   1.9358661e-02  -2.0601344e-01
  -4.0229232e-01   1.9148376e+00
  -7.2035674e-01   7.1558130e-01
  -8.4772359e-01   7.0962669e-01
  -6.7200036e-01   1.4109866e-01
  -5.2655935e-01   1.1700812e+00
   2.7702070e-01  -7.9868811e-01
   9.4266654e-01  -1.1066779e+00
   5.1115825e-01  -3.8389466e-01
  -5.4519845e-01   2.6912691e-01
  -8.9856149e-01  -2.2409145e-01
   3.7571033e-01  -4.8611656e-01
  -1.0051276e+00   6.7046825e-01
   1.6787323e+00  -1.4290493e+00
   8.2756076e-01  -8.5682542e-01
  -9.0793213e-01   1.0486114e+00
  -5.8636523e-01   3.1067885e-01
  -4.3449497e-01   7.3492613e-02
   7.7058570e-01  -9.9472080e-01
   2.1952417e+00  -1.4928743e+00
  -4.5128845e-03  -3.9084131e-01
  -1.0014052e+00   1.0627382e+00
   1.0175159e+00  -1.1617459e+00
  -9.8982888e-01   1.2575476e+00
  -7.3200222e-01  -4.4732268e-02
  -1.0282173e+00   9.0955860e-01
  -4.5109782e-01  -7.2547103e-02
  -4.4969532e-01   3.8881675e-02
  -7.2904400e-01   5.4405689e-01
  -4.8962565e-01   2.2442141e-01
  -4.9592196e-01   1.7642422e+00
   6.9468265e-01  -7.7653120e-01
  -6.5725256e-01   1.1937486e+00
   2.9005993e-01  -6.4692938e-01
  -8.2636009e-01   6.9329900e-01
  -6.6343686e-01   1.9311065e+00
  -7.8924864e-01   6.8713132e-01
  -2.9941636e-01   3.9340240e-02
  -9.2657611e-02  -1.5701353e-01
  -3.8321469e-01  -1.4799298e-02
  -6.9559539e-01   1.4798310e+00
   3.8270586e-01  -6.3248663e-01
  -1.0235995e+00   9.3053693e-01
   2.4658509e+00  -1.8745635e+00
   9.7853184e-01  -1.1226227e+00
   3.4159523e-01  -5.0235008e-01
  -1.8715139e-02  -4.2673892e-01
  -1.0435581e+00   9.1360126e-01
  -8.0591707e-01   6.1179965e-01
  -3.6622695e-01   4.5202749e-01
  -6.9160980e-01   3.6401479e-01
  -8.6583912e-01   1.2994881e+00
  -5.9630965e-01   3.6710826e-01
  -7.0210028e-01   9.4648142e-01
  -6.6189873e-01   9.3614371e-02
  -9.6014822e-01   9.8239916e-01
  -3.3648737e-01   1.3098513e-01
  -5.9230004e-01   3.4287836e-01
  -5.1216823e-01   3.4107475e-01
  -6.0213166e-01   9.1933506e-01
  -6.4339420e-01   2.0262583e-01
   1.5047202e+00  -1.2550692e+00
  -3.5430506e-01  -1.1995674e-01
   7.0390792e-02  -4.0937535e-01
   2.5729985e+00  -1.9299373e+00
  -8.7982493e-01   8.3074933e-01
   8.9240679e-01  -8.9623355e-01
  -1.7990130e-01  -3.1377090e-01
  -2.4703508e-01  -1.0976262e-01
  -1.7145753e-01  -2.5252634e-01
   2.0679073e-01  -6.7000968e-01
  -7.5858686e-02  -2.8515513e-01
  -1.3629647e-01   4.6264367e-01
  -6.5362794e-01   5.0091086e-01
  -3.3772766e-01   2.6562032e-03
   3.3723397e-01  -6.4535522e-01
  -6.7649795e-01   1.6201714e+00
   3.2570022e+00  -2.1694134e+00
   1.3884645e-01  -1.4530360e-01
  -6.1402772e-01   1.5136692e+00
  -1.9672607e-01  -3.8999251e-01
  -4.9078768e-01  -1.1783377e-01
   9.4548352e-01  -9.4236376e-01
   2.1753034e-02  -5.0564824e-01
  -1.4581313e-01  -3.0558833e-01
  -9.3113200e-02   1.6277817e-03
  -8.5878339e-01   9.3330028e-01
  -2.0541130e-01   1.2125436e-01
  -2.2692991e-01   2.1302427e+00
  -7.4867500e-01   2.8680101e-01
  -4.0043401e-01  -8.7518081e-02
  -7.0692078e-01   8.1140762e-01
  -4.6953888e-01   9.1173107e-02
  -7.2304199e-01   1.4195706e-01
   6.5617713e-02  -4.4079453e-01
   1.6730755e+00  -1.2899694e+00
  -2.2489022e-02   1.5693120e-02
   8.3131316e-01  -1.1641309e+00
   1.3488238e+00  -1.3675723e+00
  -2.0976471e-01  -2.1915822e-01
  -8.8326043e-01   1.1965968e+00
   9.1139455e-01  -1.0775139e+00
   1.3606869e+00  -1.2200291e+00
   1.2807062e+00  -9.5226561e-01
   1.2092995e+00  -1.3862750e+00
   2.5872606e-01  -3.4847695e-01
  -5.4982709e-01   1.5593322e-01
  -7.8822530e-01   6.0329738e-01
  -5.6129744e-01   2.0146437e+00
  -3.8553228e-01   5.1804216e-01
   2.0327824e-01  -5.2325832e-01
  -8.2607457e-01   6.5865892e-01
  -3.9697670e-01   1.9366109e+00
  -9.9658637e-01   8.9138895e-01
   8.4219771e-01  -1.0457787e+00
   9.3844819e-01  -1.0023361e+00
  -1.0356369e+00   1.0552446e+00
  -7.4011814e-01   3.2938954e-01
  -5.2189206e-01   3.5081016e-01
   2.1326442e-01  -8.4802105e-01
   6.6350842e-01  -9.4875524e-01
   6.0317554e-01  -6.9899128e-01
  -6.5147823e-01   8.5997725e-01
  -8.9513260e-01   8.4378148e-01
  -9.5364011e-01   2.4981033e-01
  -2.5359252e-01  -2.3194982e-01
  -8.4300931e-01   1.7544563e+00
   1.9852075e+00  -1.5465688e+00
  -8.9811040e-01   7.4765624e-01
   9.6877411e-02  -6.6175650e-01
  -8.0740336e-01   9.6887313e-01
  -7.3322659e-01   1.2217679e-01
  -1.1878570e+00   7.8860334e-01
  -9.1567944e-01   6.4791429e-01
  -3.2871150e-01  -4.3702356e-03
  -3.2751243e-01   5.0326497e-02
   1.4371875e-01  -4.7154501e-01
  -6.6501675e-01   1.3339048e+00
   5.9836085e-01  -1.0024090e+00
   1.5557176e+00  -1.3650774e+00
   1.0775381e-01  -4.2628856e-01
  -7.9548094e-01   1.5761652e+00
   3.3743386e+00  -2.1209159e+00
  -5.3264291e-02  -2.3747607e-01
  -6.7996252e-01   7.8384495e-01
  -6.9676168e-01   6.9427264e-01
  -7.0036242e-01   7.6697355e-01
  -4.2017348e-01   4.1011904e-02
  -6.2380866e-01  -1.9856546e-02
  -8.0330704e-01   9.8980487e-01
  -1.1826264e+00   1.1499239e+00
  -2.8819502e-02  -6.0836055e-01
  -2.7350172e-01  -1.3414913e-01
  -8.5596428e-01   1.1850845e+00
  -5.5494771e-01  -8.0663891e-03
  -6.1199585e-01   2.9820777e-01
   8.1890606e-01  -1.2831642e+00
  -4.2160130e-01   9.3025328e-01
  -6.4421791e-01   9.6166219e-01
   2.3351319e-02  -6.1741480e-02
  -9.5293996e-01   6.3910073e-01
  -5.2444501e-01   2.3660765e-01
   5.2197741e-01  -8.5809681e-01
  -8.4243839e-01   3.5557397e-01
   5.3594334e-01  -7.1153689e-01
  -7.0038661e-01   9.5629911e-01
   2.2862548e-01  -5.8156683e-01
  -7.4434478e-01   1.6495880e+00
   9.1872215e-01  -1.1626675e+00
   2.4579901e-01  -7.7425874e-01
   5.8167259e-01  -6.5585935e-01
   7.3235806e-02  -7.0733827e-01
  -7.7212638e-01   7.2516535e-01
   2.0735837e-01  -5.3040217e-01
  -5.9792642e-01   4.3816098e-01
   2.1071633e-01  -6.7891560e-01
   1.2862223e+00  -1.1680301e+00
  -1.1521039e-01   2.3871576e+00
  -4.2142801e-01  -3.7829905e-02
  -7.2291872e-01   4.2658552e-01
  -3.3744499e-01  -1.8791382e-01
  -9.9814035e-01   1.0798241e+00
   8.2270310e-01  -1.0781845e+00
  -8.5239347e-01   1.4775593e+00
   1.1051308e-01   5.5332792e-02
  -9.6017589e-01   1.9341861e-01
  -7.0543864e-01   1.5420169e-01
   1.8616079e+00  -1.5098789e+00
  -5.0371027e-01   2.1456105e-01
   8.4466917e-01  -8.7147942e-01
   4.6985278e-01  -7.2916578e-01
   2.7042083e-01  -3.5351906e-01
   1.7174508e+00  -1.6373681e+00
   2.8187601e-01  -5.5560699e-01
   8.1718085e-01  -9.0742170e-01
  -6.2980002e-01   1.9907928e+00
  -1.1857919e+00   7.6688088e-01
  -8.0853380e-01   7.1711215e-01
  -8.3634471e-01   7.7667654e-01
  -8.4621654e-01   9.0833643e-01
   4.8104377e-01  -9.7005206e-01
   5.0376245e-03   1.2401139e-01
  -3.7538181e-01  -2.5452074e-01
  -7.8924764e-01   1.9117811e+00
  -7.4115053e-01   7.2191016e-01
  -8.0801519e-01   4.5138058e-01
   1.3443532e-02  -2.2879834e-01
  -8.0123901e-01   1.3757337e+00
   1.4717665e+00  -1.2197168e+00
   1.3176832e-01  -7.3267171e-01
  -5.9319315e-02   2.5965980e+00
  -4.0066767e-01  -1.7687828e-01
  -5.6169101e-01   1.5103303e+00
   9.1461347e-01  -7.6988611e-01
  -9.0682096e-01   1.2668529e+00
   2.6540411e+00  -1.8659717e+00
   1.0128439e+00  -9.9556053e-01
   2.7059475e+00  -1.8363409e+00
   1.6856389e+00  -1.0962860e+00
  -1.6365840e-02  -4.8538725e-01
  -1.1054490e+00   1.0104112e+00
  -8.7420994e-01   1.2659943e+00
   1.0878811e+00  -1.0951960e+00
  -5.7275471e-01   3.4654374e-01
  -1.6501537e-01  -3.0494091e-01
   8.3557359e-01  -9.9199446e-01
  -3.7937441e-01   6.3742153e-01
  -3.5143804e-01  -7.2353624e-02
   5.5638060e-01  -9.2044045e-01
  -1.1266303e+00   9.3604920e-01
  -6.6881510e-01   4.7738059e-01
  -9.3735478e-01   1.4087881e+00
  -1.7470614e-01  -4.9198487e-01
  -1.4465477e-01  -7.3647428e-01
  -9.8699414e-01   9.6741500e-01
  -8.5746849e-02   3.1595759e-01
   3.7151224e+00  -2.5219495e+00
  -5.3457594e-01   1.3443903e+00
  -8.6775766e-01   7.5562871e-01
   1.8858090e+00  -1.4641903e+00
   4.7320328e-01  -8.6703912e-01
  -1.7216763e-01  -3.3951705e-01
   2.3059167e+00  -1.8271110e+00
  -6.6000942e-01   1.3109526e+00
  -7.2757234e-01   4.9771737e-01
  -9.4557492e-01   6.7127563e-01
  -2.7350228e-01   7.6961896e-02
  -4.4514786e-01   2.3232398e+00
  -5.2461440e-01  -5.2727334e-01
  -1.1733292e+00   4.0019621e-01
   1.4854419e-01  -6.0475394e-01
  -4.2441743e-01  -4.0334585e-01
  -7.4334573e-01   7.6322192e-01
  -3.6953418e-01  -8.7986114e-02
   2.3453348e-01  -7.6363677e-01
  -8.7045290e-01   3.1035477e-01
   4.0413273e-01  -8.5351350e-01
   5.7939264e+00  -3.2118554e+00
   1.9588920e+00  -1.5849858e+00
  -6.6613319e-01   1.4793749e+00
  -1.4710721e-01  -8.3627117e-02
  -8.0501307e-01   9.6559092e-01
   4.2615107e-01  -5.9431869e-01
   1.5281703e+00  -1.6278448e+00
  -7.2202697e-02   1.2796663e-02
  -6.9502791e-01   8.6820524e-01
   1.5812666e+00  -1.4264443e+00
  -9.8993927e-01   7.0214240e-01
   1.5728580e+00  -1.6749510e+00
  -7.6584847e-01   4.1899395e-01
  -4.7861104e-01   2.0629251e-02
  -7.5118408e-01   8.5496225e-01
  -5.8291996e-01   1.7256818e+00
   1.9588258e-01  -4.9772445e-01
   6.3819794e-01  -1.0860618e+00
  -2.5944884e-01   2.7032295e-03
  -7.2787894e-01   8.7634085e-01
  -9.7624777e-01   7.7234323e-01
   5.1564490e-01  -1.2104626e+00
  -7.1050632e-01   7.7791474e-01
   2.4423419e+00  -1.7834460e+00
  -1.1262330e+00   1.2186107e+00
  -3.6244142e-01  -2.8096797e-01
  -1.0507289e+00   1.3275487e+00
   5.2836016e-01  -7.5512566e-01
  -4.5473719e-01   1.5237060e-01
  -5.6038413e-01  -1.5925899e-01
   3.2199326e-01  -3.8330445e-01
   5.2715248e-02  -3.3555351e-01
  -7.8037397e-01   3.8152399e-01
   4.3923711e-01  -8.9293866e-01
  -8.3859094e-01   5.8559034e-01
  -5.2974503e-03  -2.9039017e-01
  -7.0104163e-01   3.8459147e-01
  -8.1091365e-01   2.2725120e-01
   1.9320971e+00  -1.6803618e+00
  -8.8488164e-01   9.6697126e-01
  -1.1613533e-01  -3.5840972e-01
  -4.1298384e-01   1.1732498e-01
   1.0430420e+00  -1.0736805e+00
  -7.7736880e-01   8.5131903e-01
  -4.0049384e-01  -1.3330262e-01
  -7.3509899e-01   1.3741689e+00
  -3.2839829e-01  -8.2763216e-04
  -4.4089173e-01   4.3345848e-02
  -7.9130573e-01   1.5702048e+00
   9.4503379e-01  -1.1033541e+00
   4.2797837e-01   2.7173730e+00
   2.7438880e+00  -2.2203731e+00
  -5.6580648e-01   5.6284547e-01
   5.8301745e-01  -5.9374613e-01
  -4.8232460e-01   8.8478734e-01
  -2.0750526e-01   1.3799830e-01
  -8.2003341e-01   7.2231668e-01
  -1.0090249e+00   1.6166043e+00
   5.4198635e-01  -7.9255587e-01
   3.4580036e-01  -9.2544529e-01
   2.9340148e-01  -4.9235055e-01
  -8.7974943e-01   3.5101329e-01
  -8.2957211e-01   9.2869482e-01
   5.1730242e-01  -7.2314255e-01
   2.2768241e+00  -1.4468355e+00
   5.7233389e-01  -4.7044694e-01
  -6.7706388e-01   1.8202197e+00
   8.3745845e-01  -1.3960561e+00
  -2.0365895e-01  -2.3306799e-01
  -1.1244053e+00   1.3526315e+00
   3.4031976e-02  -7.5961773e-02
   3.8569378e-01  -9.6405096e-01
   4.5655586e-01  -6.3162555e-01
  -5.6630684e-01   2.1367027e+00
   6.2700151e-02  -6.3483384e-01
  -3.5718218e-01  -1.3534545e-01
   6.9727445e-01  -1.0113899e+00
   3.3626220e+00  -2.2538769e+00
  -7.6925836e-01   6.2543910e-01
   3.7060224e+00  -2.4552515e+00
  -8.0499730e-01   1.0463519e+00
  -5.8469422e-01   1.4004848e-02
  -1.0854202e+00   3.5178649e-02
  -2.6791623e-01  -2.9302422e-01
   6.5225288e-01  -7.9119566e-01
  -8.6443866e-01   1.0280448e+00
  -8.5104068e-01   1.0650330e+00
  -5.6657139e-01   5.1340783e-01
  -4.5423943e-01   3.9390119e-03
  -5.2289826e-01   7.8660038e-01
  -3.4754886e-03  -7.8389826e-01
   4.9077581e-01  -1.0415760e+00
  -1.1406811e+00   7.4187245e-01
   1.8141295e-01  -6.8244301e-01
   5.7248621e-01  -5.1663238e-01
   1.3754186e-01  -8.6707532e-01
   5.3339703e-01  -7.6648497e-01
  -4.7251217e-01   1.3820436e+00
  -4.9277312e-01   1.4756325e+00
  -7.0213844e-02  -5.7039379e-01
  -4.8428612e-01   1.7846950e+00
  -6.1726419e-01   1.3154560e+00
  -2.9475131e-01  -7.0943389e-02
  -5.4461679e-01   6.4342067e-01
   2.3728170e+00  -1.6814382e+00
  -6.9141165e-01   7.5774010e-01
  -8.1441566e-01   1.0317357e+00
  -8.4047297e-01   8.2833602e-01
   8.6021461e-01  -8.1697855e-01
   1.7686166e-01  -3.5526181e-01
  -7.7737346e-01   3.7968616e-01
   6.3158059e-01  -7.4099803e-01
  -3.1066294e-01  -1.9926490e-01
  -1.0507501e+00   7.8889503e-01
   2.6042500e-01  -6.3419403e-01
  -2.2502604e-01  -2.4879698e-01
  -1.7877432e-01  -3.8087629e-01
  -6.2741126e-01   1.9005287e-01
   1.6253380e+00  -1.2905759e+00
   6.0683508e-01  -6.2292753e-01
  -8.2043816e-01   3.8689193e-01
   1.5142267e+00  -1.5035142e+00
  -5.6249205e-01   1.8805513e+00
   2.1740758e-01  -5.3537717e-01
   4.8546527e-01  -6.8699528e-01
   1.5832699e-01  -5.4777694e-01
  -2.6279195e-02  -3.9488823e-01
  -5.3672350e-01   4.0538239e-01
  -7.2319125e-01   1.5016137e+00
  -1.4105484e-01  -3.0853510e-01
   4.3864806e-01  -6.8266693e-01
  -9.0338273e-01   7.0090931e-01
  -2.9801305e-01  -1.5339508e-01
   3.0496722e+00  -1.9151152e+00
  -2.8563702e-01  -3.5430406e-01
   8.3359707e-01  -1.1108318e+00
  -6.1895309e-01   5.9213329e-01
   1.4813171e+00  -1.5188979e+00
  -2.5316499e-01  -2.8767692e-01
   9.2094883e-01  -9.9812108e-01
   1.7671998e+00  -1.4350435e+00
  -9.7472260e-01   9.2794441e-01
   1.7732207e+00  -1.5240266e+00
  -5.8021984e-01   1.7896030e-01
   3.7955146e+00  -2.3822907e+00
   9.7216649e-01  -9.1196522e-01
  -5.3697070e-01  -2.5438636e-01
   6.2165628e-01  -7.4488607e-01
  -6.8134914e-01   1.6502928e+00
  -8.2273024e-01   1.1508497e+00
   1.2365069e+00  -1.4811233e+00
   7.6337551e-01  -6.9081867e-01
  -7.4710002e-01   3.2937151e-01
  -7.4302887e-01   1.5466426e+00
  -1.0970970e+00   7.9736471e-01
   5.8462208e-02  -1.2644168e-01
  -7.2528602e-01   8.6714929e-01
  -2.1663463e-01  -3.0485802e-02
  -1.3322512e-01  -1.7746359e-01
   3.2102067e-02  -5.0885889e-01
   5.7960174e-01  -7.6165345e-01
   1.5418159e-01  -2.0188339e-01
  -9.5950718e-01   7.2846159e-01
  -6.5647164e-01   1.5809570e+00
  -2.6878781e-01   1.2133021e-01
  -3.0789277e-01  -3.5376382e-01
   4.3183252e-01  -8.7440957e-01
  -7.9990502e-01   1.4214970e+00
   1.2651221e+00  -1.1651292e+00
   2.3612323e+00  -1.7040662e+00
   4.1414339e+00  -2.5664235e+00
  -3.4947507e-01  -5.3027203e-02
  -1.0854269e-02  -5.1729987e-01
  -7.2766458e-01   3.1615467e-01
   5.2020813e-01  -6.7578418e-01
  -5.8508465e-01   1.5183080e-01
  -4.6609885e-01   3.5730842e-01
  -7.6633829e-01   3.4789068e-01
  -7.9477454e-01   3.8157956e-01
  -4.0083738e-01  -5.8093014e-03
   3.0934636e-02  -2.7307605e-01
   2.0545016e-01  -2.1048003e-01
  -1.1628696e+00   1.6452574e+00
   2.8632225e+00  -1.8439482e+00
  -5.8412144e-01   5.5040922e-02
  -8.2282410e-01   8.8760526e-01
  -6.5631461e-01   8.9326075e-01
  -4.9550342e-01   1.5557673e-01
  -5.5729379e-01   3.3916058e-01
  -2.9117226e-01   3.0522720e-01
  -8.0403434e-01   1.0625927e+00
  -1.7228861e-01  -5.0529701e-01
  -2.5600577e-01   2.1401960e+00
  -6.9298966e-01   6.1950608e-01
   2.0580038e-01  -4.8073578e-01
  -1.8887933e-01  -1.1668000e-01
  -7.5780479e-01   6.9477814e-01
  -3.4325633e-01   2.7638011e-01
  -6.6019630e-01   9.5612362e-01
  -4.2890533e-01   4.5257507e-03
   1.4033893e+00  -1.2815586e+00
  -8.5887671e-01   9.1398466e-01
   1.0866006e-02  -4.5409759e-01
  -7.0178455e-01   7.5555751e-01
  -7.7146586e-02   2.4505786e+00
  -3.9686041e-01   2.2102668e+00
  -7.5089337e-01   4.1715710e-01
   2.0828150e+00  -2.0192059e+00
  -2.5259738e-01   1.7500803e-01
   6.7106663e-01  -1.1534641e+00
   1.9487617e+00  -1.7186468e+00
  -1.9073913e-01  -2.1455661e-01
   1.3282170e+00  -1.4208168e+00
  -8.2824205e-01   5.0834579e-01
   1.4168923e-01  -5.5391613e-01
  -8.6190743e-02  -5.3371883e-01
  -1.5882878e-01  -5.0701473e-01
   3.8549920e-02  -3.2835456e-01
  -3.6203034e-01  -2.2937764e-01
   2.7957132e-01  -8.5860529e-01
   2.0670429e-01  -3.3552182e-01
   1.9357106e+00  -1.4100112e+00
   1.7317205e+00  -1.5002855e+00
  -6.3242257e-01   3.9354835e-01
  -1.6270586e-01  -1.9459641e-01
   2.8383398e-02  -4.9402406e-01
  -9.4501832e-01   8.4958377e-01
  -5.4417198e-01   6.3917923e-01
  -9.5179772e-01   7.0188841e-01
  -6.1678384e-01  -1.7664404e-02
   8.8131830e-01  -9.3722254e-01
   3.8435365e-01  -7.3005637e-01
   8.3420000e-01  -9.4059942e-01
   2.8347580e-01  -7.0406033e-01
  -8.2197582e-01   8.4337355e-01
   3.4123922e-01  -6.7501073e-01
  -6.6685884e-01   6.8478686e-02
   2.6931370e-01  -5.4248856e-01
   1.1855520e-01  -5.3256694e-01
  -1.0116115e+00   8.6759676e-01
   1.2317044e+00  -1.1614974e+00
  -7.5730092e-01   1.2336638e+00
  -1.0399191e+00   6.8789973e-01
  -9.2276994e-01   1.5102994e+00
  -9.7234390e-01   1.4947224e+00
  -1.2351119e-02  -3.2384757e-01
  -6.8712455e-01   1.5214153e+00
  -1.1501795e+00   9.1394815e-01
  -7.8592692e-01   6.3085160e-01
   2.6855982e-01  -5.9605001e-01
  -8.0164485e-01   9.9030026e-01
   1.5052514e+00  -1.3425902e+00
  -6.7587833e-01   5.3000813e-01
   1.7514841e+00  -1.4888829e+00
  -6.7375870e-01   1.4333369e+00
   1.3669183e+00  -1.1046886e+00
   9.8525640e-01  -7.8400090e-01
  -1.1151590e+00   9.4183986e-01
  -7.3548658e-01   7.2118009e-01
   7.9826674e-01  -8.6785978e-01
   1.6145429e+00  -1.4876971e+00
  -1.4600217e-01  -2.4914823e-01
  -6.2060952e-01   1.8868871e+00
  -1.0068552e+00   7.8400710e-01
  -6.3362215e-01  -6.7142602e-03
   1.0548286e+00  -1.0057570e+00
  -4.7984651e-01   1.7045143e+00
  -5.6674660e-01   1.4139699e+00
   6.9045612e-01  -9.5683935e-01
   6.5471156e-01  -7.6765734e-01
   2.1143050e+00  -1.5359025e+00
  -8.9395913e-01   1.4247655e+00
   1.8092285e+00  -1.6256274e+00
  -5.6095370e-01   1.4358673e+00
  -4.7562028e-01   3.1659642e-01
   2.2956626e+00  -1.5639882e+00
   2.5648139e-01  -4.6351586e-01
  -9.4301845e-01   8.6609139e-01
  -4.7982050e-01  -4.4871841e-01
  -5.6268817e-01   1.3726137e+00
   2.5934263e-01  -3.2787136e-01
   1.6835147e-01  -7.1758333e-01
  -4.8665539e-01  -1.2415633e-03
  -6.3297681e-01  -2.9899742e-02
  -5.9882013e-01   8.6944037e-01
   1.8294848e+00  -1.3958203e+00
  -9.8028392e-01   9.1270295e-01
  -7.6998525e-01   8.7574206e-01
  -8.9891294e-01   2.4438802e-01
   1.3115261e+00  -1.1372466e+00
   1.2662508e+00  -1.1076807e+00
  -1.1637279e-01  -4.0697444e-01
   1.3463170e+00  -1.4473768e+00
  -6.7812362e-01  -1.9587086e-01
  -1.0303162e+00   7.0890623e-01
   8.2355424e-01  -8.8761928e-01
   2.0183162e+00  -1.4073448e+00
  -7.1264693e-01   1.6431562e+00
   1.1308779e+00  -1.1835547e+00
   1.5207527e+00  -1.3073583e+00
  -3.2898749e-01   2.4027283e-01
  -6.6160673e-01  -1.3365156e-01
  -4.3619594e-02  -2.7633682e-01
  -8.1262667e-01   1.0954893e+00
  -7.9467759e-01   1.0312719e+00
  -7.7443347e-01   8.8660253e-01
  -2.5818880e-01   2.4773458e+00
  -1.4294235e-01  -6.7467802e-01
   4.8860357e-01  -6.3698610e-01
  -1.1315432e+00   6.7327202e-01
  -5.7886142e-01   5.4410794e-01
  -5.9023709e-01   3.3233635e-01
   1.6291009e+00  -1.2244645e+00
   1.6422432e+00  -1.3416550e+00
  -6.3949692e-01   3.4165791e-01
  -8.2287649e-01   6.5346647e-01
  -3.9872606e-01  -2.5491665e-01
   3.2513994e+00  -2.2739730e+00
  -6.0754904e-02  -1.0480327e-02
  -5.8347453e-01   2.2687680e+00
  -9.1974281e-01   5.2963834e-01
   7.0113373e-04  -3.7051656e-01
   1.6068514e+00  -1.1236312e+00
  -8.1122833e-01   1.0981681e+00
  -1.8454951e-01  -3.5001468e-01
  -7.8951191e-01   8.8527866e-01
   2.7772739e+00  -2.0753736e+00
  -3.9217938e-01   1.2933259e-01
  -1.7189330e-01  -2.1843244e-01
  -7.4827124e-02  -6.8218623e-01
   4.6764155e-01  -8.4840312e-01
  -7.0874600e-01  -2.1450961e-01
   9.7003264e-01  -9.6806533e-01
  -5.1656335e-02  -3.3410969e-01
  -5.7512830e-01   2.4938088e-01
   1.8655417e-01  -4.8618144e-01
   2.8751351e-01  -5.8289037e-01
  -7.7194472e-01   6.0193183e-01
   4.1975853e-01  -4.2846511e-01
  -5.6767274e-01   6.1126243e-01
  -9.8833407e-01   3.0423026e-01
  -4.1984689e-01   1.5336308e+00
  -8.0295313e-01   4.2821516e-01
   4.1454432e+00  -2.3836515e+00
   7.8074653e-01  -8.7509253e-01
  -1.1478758e+00   8.5140565e-01
  -8.9179606e-01   1.0883239e+00
   3.1947026e+00  -2.1673965e+00
  -7.6576987e-01   3.7051344e-01
  -3.8653620e-01   2.0526983e-01
  -6.3346788e-02  -3.0071072e-01
  -7.6066894e-01   1.8235456e+00
  -6.7549515e-01   6.4174187e-01
  -7.2899173e-01   1.5406126e+00
  -7.8297958e-01   2.5974217e-01
  -7.7475022e-01   1.4379277e+00
  -9.4467833e-01   5.9068016e-01
  -4.6023399e-01  -1.5349683e-01
   8.3329910e-01  -9.2435174e-01
  -4.5601505e-01   3.1769537e-01
  -7.6670778e-01   9.4993579e-01
  -7.4175785e-01   6.4442240e-01
   3.1103177e+00  -2.1737410e+00
  -1.8424973e-01   7.2774627e-02
  -7.3018084e-01  -2.4069061e-02
   3.7014011e-01  -1.8639338e-01
  -2.6944921e-01  -5.8419987e-01
   2.9162054e+00  -2.0168642e+00
   2.8084981e-01  -4.8629222e-01
  -6.8128861e-01   1.2371721e+00
  -1.1374449e+00   6.2736347e-01
  -3.9643025e-01   1.1069654e-01
  -6.0579591e-01   7.3041977e-01
   6.4561307e-01  -9.4078847e-01
  -1.7199642e-02  -2.7422222e-01
  -6.8666772e-01   2.1205793e-01
   5.4043795e-02  -4.8023307e-01
   1.2857411e+00  -1.1305897e+00
  -4.8166449e-01  -3.4580273e-02
   7.7371697e-01  -9.2676413e-01
   2.3143412e-01  -9.4170490e-01
   7.9963479e-01  -8.7811296e-01
  -3.3398840e-01   2.4266251e+00
  -1.2002711e-01  -1.9387827e-01
   1.2411997e+00  -1.2140265e+00
  -1.1022503e+00   7.0665398e-01
  -4.1174855e-01   3.6184824e-01
  -8.6529924e-01   7.6588090e-02
  -6.1252165e-01   2.0809784e+00
  -1.6821191e-01  -7.4969302e-02
  -7.1476899e-01   3.3146992e-01
  -7.4712559e-02  -1.4387316e-01
  -7.9449545e-01   1.0680276e+00
  -6.5526390e-01   3.2374189e-01
  -5.9905563e-01   7.3342588e-01
  -1.7082914e-01  -1.7587240e-01
   1.2618985e+00  -1.1824826e+00
  -4.0325309e-01   8.6091643e-02
  -2.3693295e-01   1.6828021e-02
  -4.7827292e-01   1.6827278e-01
  -7.9740408e-01   4.9368440e-01
  -7.3797307e-01   1.0630799e+00
   1.4156018e+00  -1.3200589e+00
  -7.4257318e-01   4.1419056e-01
  -1.2413748e-01  -3.6323940e-01
  -1.9732567e-01  -3.3910813e-02
  -2.6967993e-01  -8.4316469e-04
  -6.0532757e-01   1.4610238e+00
   4.4067432e-01  -6.8229001e-01
  -5.0185468e-01   1.0434063e-01
   2.7676861e+00  -1.9539059e+00
  -8.8574602e-01   6.7591639e-01
  -4.3481972e-01   1.7846628e+00
  -7.6275490e-01   6.8173145e-01
  -9.8612386e-01   7.9020431e-01
  -4.7085658e-01   2.0637545e-01
  -9.4383410e-01   3.6650313e-01
  -9.7245689e-01   1.0584349e+00
   1.1147491e+00  -1.0397595e+00
  -6.8456686e-01   6.1351877e-02
  -6.9259909e-01   5.1914946e-01
   4.6567991e-01  -8.9888630e-01
  -2.1400405e-01   3.4058936e-01
   3.0405365e+00  -2.1221937e+00
  -7.8882381e-01  -3.2786608e-02
  -9.1698033e-01   1.5143647e+00
  -1.0958806e+00   8.9893948e-01
   1.2991665e+00  -1.2501168e+00
  -2.5319295e-01   2.2549298e+00
  -6.6518211e-01   1.3792955e+00
  -4.6256415e-01   3.6382229e-01
  -5.5390736e-01   2.6298410e-01
  -7.5220403e-01   1.3869389e+00
  -6.3352386e-01   1.7746158e-01
   5.8419248e-01  -5.7905914e-01
   1.5828703e+00  -1.2063149e+00
  -7.5224051e-01   9.2108039e-01
   2.0882692e-01  -5.5738327e-01
  -7.4480147e-01   1.1448415e+00
   1.9769615e-01  -3.6693443e-01
  -6.5828845e-01   3.2391116e-01
  -6.0118127e-01   1.6849963e+00
  -4.4358626e-01  -1.3475880e-01
  -8.3810346e-01   1.4228580e+00
   6.9918133e-01  -7.5556297e-01
   1.3101669e+00  -1.2625648e+00
   5.2745324e-01  -1.0142164e+00
  -1.0147040e+00   7.4770818e-01
  -2.7273625e-01  -3.0824088e-01
  -6.1793698e-01   1.0549865e+00
  -8.3848809e-01   6.4884695e-01
   4.2179858e+00  -2.6804754e+00
  -6.2229999e-01   7.1485018e-01
  -8.0937573e-01   7.4213508e-01
  -2.6637916e-01  -1.7278848e-01
  -9.5022273e-01   9.9762852e-01
  -8.6886320e-01  -1.3780425e-02
  -5.7550283e-01   2.2038374e+00
  -6.1652917e-01   2.7436471e-01
  -7.1602054e-01   8.1999746e-01
  -8.0456805e-01   9.3718270e-01
   4.7857989e-01  -1.0285025e+00
   2.4013984e+00  -2.2653876e+00
   1.5729690e+00  -1.4601988e+00
   1.4544693e+00  -1.3297837e+00
  -4.3961781e-01   1.5460295e-01
  -3.1220678e-01  -2.1305044e-01
   5.3545042e-01  -7.0679520e-01
   1.0757272e+00  -1.2612458e+00
   7.5852675e-02  -8.4867950e-01
   1.3172831e+00  -1.1248282e+00
   7.9761781e-02  -5.0312541e-01
   1.6965557e+00  -1.3629444e+00
  -7.4237208e-01   7.7780652e-01
   6.8043212e-01  -6.4268730e-01
  -2.9454132e-02  -4.9447445e-01
   4.2662825e-01  -5.5433053e-01
   1.3116294e+00  -1.4786865e+00
   3.5469788e-01  -6.7941861e-01
   4.4850253e-01  -4.6659949e-01
   9.7692218e-01  -1.1850461e+00
  -8.7468796e-01   1.2782578e+00
  -4.5760836e-01   1.8431309e+00
  -1.0395752e-01  -9.4124519e-02
   7.0843922e-01  -5.7420609e-01
  -3.9989030e-01   1.5427766e-01
   6.4164711e-01  -7.1880232e-01
   1.6851504e+00  -1.2872458e+00
  -3.9008601e-02  -4.0174103e-01
  -7.1136155e-01   1.2860604e+00
  -1.8584601e-01  -1.3143064e-01
  -2.3719926e-01  -8.1281979e-02
   9.8453367e-02  -3.4310443e-01
  -7.1029045e-01   7.0928600e-01
   1.1822613e-01  -3.3745659e-01
  -6.2526105e-01   3.7146189e-01
   3.9303800e-01   3.2759218e+00
  -3.3064911e-01  -1.6049200e-01
   4.0887158e-01  -4.7803324e-01
  -5.4899326e-01   4.3259954e-01
  -3.9065030e-01   2.3391767e+00
  -7.6841651e-01   8.9732977e-02
  -5.5438276e-01   2.0195743e-01
  -8.0835640e-01   1.1257956e+00
  -3.1550147e-01   4.5766365e-02
   7.0029202e-01  -1.1074415e+00
  -8.4322781e-01   5.4529099e-01
   5.0280448e-01  -6.9290070e-01
   4.0168610e-02  -5.3157588e-01
  -9.5853638e-01   1.2059512e+00
  -6.8874008e-01   9.9525043e-01
  -9.7459145e-01   1.0836317e+00
   5.4598993e-01  -9.1012188e-01
  -1.1333655e-01  -3.5161217e-01
  -7.2973790e-01   6.8106853e-01
   1.1028741e-01  -2.3804046e-01
  -5.1576915e-01   2.4528402e-01
  -1.7375579e-01  -2.2400677e-01
  -5.5057172e-01   1.2269169e-01
   1.7346833e+00  -1.2244191e+00
  -6.8715758e-01   3.5670487e-01
   2.3382022e+00  -1.7362168e+00
  -1.0484219e+00   7.6226164e-01
  -9.8336967e-01   1.4376415e+00
  -1.0761059e+00   1.0993810e+00
  -4.2984342e-01  -9.3734427e-02
  -3.0243018e-01   4.5720009e-02
  -9.5370139e-02  -1.1802692e-01
  -4.2943619e-01   5.1267518e-01
  -6.2425846e-01   7.1948621e-02
  -5.4036398e-02  -2.3930905e-01
  -4.3428967e-01   1.8978947e+00
   7.4465159e-02  -5.6284491e-01
   1.0719935e+00  -1.1435003e+00
  -4.9147781e-01   1.0842881e+00
   1.0553494e+00  -1.2009059e+00
   3.6630361e+00  -2.1427505e+00
  -8.4879080e-01  -8.5125426e-03
   5.0220150e-01  -8.8419179e-01
  -9.6668664e-02  -1.9161386e-01
  -5.6243638e-01   6.5039857e-01
   5.9360710e-01  -9.0266790e-01
   2.5154416e-01  -4.9874451e-01
  -6.7744916e-01   4.9317995e-01
  -8.3334042e-01   6.0763800e-01
   2.9208111e+00  -1.9403904e+00
  -4.5469185e-01   2.8730282e-01
   1.1020402e-01  -5.5266413e-01
   2.0565319e-01  -3.9760884e-01
   7.6431254e-01  -8.9821360e-01
  -4.0085378e-01  -1.4754664e-01
  -6.3893549e-01   6.6786886e-01
  -9.0129830e-01   9.2602816e-01
   1.1184847e+00  -1.1696680e+00
   2.1457096e+00  -1.5842348e+00
   7.9074423e-01  -1.1307888e+00
   8.0967427e-01  -9.0986282e-01
  -1.7824756e-01   2.5079635e+00
   7.2476516e-01  -7.0267422e-01
   2.1960014e-01  -4.2557108e-01
  -4.3011376e-01   8.8985113e-03
  -9.5467615e-01   8.5045086e-01
   7.4033636e-02  -2.6404169e-01
  -1.5940544e-01  -1.9756015e-01
  -3.7922678e-01   2.1644959e+00
  -7.9748610e-01   6.8792253e-02
  -6.3835713e-01   8.2120598e-01
  -3.2066985e-01  -2.2257932e-02
   2.2545551e+00  -1.5062902e+00
  -7.1682671e-01   6.1314595e-01
   9.5602622e-01  -8.9133757e-01
  -2.0996285e-01  -1.4344277e-01
   7.4478335e-01  -5.0962550e-01
   3.7148336e-01  -7.5456424e-01
   6.1620901e-01  -6.5014442e-01
  -5.7688551e-01  -2.0769346e-01
  -9.1398546e-02  -3.4839108e-02
  -5.0792371e-01   1.9775382e-03
   3.3879592e-01  -5.7321287e-01
  -8.2954931e-01   8.2956957e-01
  -1.9628169e-01   2.4499965e-01
  -1.5747278e-01  -5.1677603e-01
   2.2228671e-01  -4.6998078e-01
  -6.5051550e-01   3.9416141e-01
   5.0956246e-01  -7.3080572e-01
  -2.8521325e-01  -1.3173030e-02
  -5.9378646e-01   1.8002325e+00
   2.0903671e-01  -2.5348867e-01
   9.5678672e-01  -8.4805064e-01
   1.0154513e+00  -6.7060828e-01
  -3.1127844e-01  -1.3836333e-01
  -8.1667212e-01   1.3449853e+00
   5.4725589e-01  -6.8148086e-01
   4.0221609e+00  -2.2355754e+00
   3.7725203e-02  -5.0193046e-01
  -8.1256385e-01   8.0222829e-01
   9.7933594e-01  -1.0806172e+00
   5.9364610e-02  -2.2719641e-01
  -8.6878248e-01   1.0882965e+00
  -3.2368916e-01   3.1304151e-01
   4.2125428e-01  -8.2046218e-01
  -3.9591335e-01   1.1058557e-01
   5.4012143e-01   3.0253096e+00
  -5.4090842e-01  -4.5970706e-01
  -4.5210151e-01   4.7860322e-01
  -4.3330548e-01   2.1148581e-01
  -8.8851098e-01   1.2414098e+00
   2.7228822e-02  -3.7281619e-01
   9.5982016e-01  -1.1284735e+00
  -8.9586343e-01   8.7775974e-01
  -7.6846392e-01   7.9970941e-01
  -8.2218348e-01   1.0992515e+00
  -6.9950434e-01   1.2737511e+00
  -9.9098639e-01   1.4704399e+00
  -5.5125391e-02  -7.0204261e-02
   3.1401992e+00  -2.4671447e+00
  -9.8397360e-01   5.6424488e-01
  -9.7081054e-01   8.7481381e-01
   4.1771174e-01  -5.9324154e-01
  -7.7709854e-01   6.1284402e-01
  -5.8937294e-01   6.8039257e-01
  -2.1083521e-01  -3.3774130e-01
  -5.4691626e-01   4.2439340e-02
  -2.1989626e-01   1.9688364e+00
  -4.6713071e-01   7.2009238e-01
  -8.2052602e-01   9.6084712e-01
  -5.1366126e-01  -5.1240638e-02
  -4.9484852e-01   7.7643627e-01
