   1.5556766e+00   1.6043247e+00
   1.3083811e+00   1.0784264e+00
   9.0399323e-01   9.7874401e-01
  -9.0100647e-01  -5.6790518e-01
  -1.3150547e+00  -2.0126270e+00
   7.1379207e-01   8.7453757e-01
  -8.9701956e-01  -8.8421264e-01
   2.5774615e+00   1.9532935e+00
  -5.5468836e-01  -2.1947514e-01
   8.5885338e-02   4.8115957e-01
  -8.5727107e-01  -8.7219822e-01
   4.4943142e-01   8.0862780e-01
  -1.1238719e+00  -1.0362215e+00
  -6.0396294e-01  -1.7926548e-01
  -9.2635859e-01  -1.7755760e+00
  -5.8253512e-01  -2.3682442e-01
   1.8060579e+00   1.9778731e+00
  -8.8179067e-01  -4.5756908e-01
   5.5148693e-01   8.6754679e-01
   1.0544661e+00   1.1227187e+00
  -1.1111331e+00  -1.1263527e+00
   4.5312482e-01   6.2365854e-01
  -2.5714030e-01  -6.7355575e-02
  -6.6602817e-01  -5.0269024e-01
   8.6578749e-01   8.1087551e-01
   3.8350125e-01   3.6167017e-01
  -8.8576713e-01  -5.1742941e-01
   2.2980502e-01   4.4845845e-01
   2.5074813e+00   1.9678795e+00
   4.7919093e-02   1.8665221e-01
   3.0885523e-01   5.2946722e-01
   2.0251662e+00   1.7065442e+00
   1.0263018e+00   9.1130652e-01
   4.4749635e+00   3.7707082e+00
  -1.1585866e+00  -1.0939128e+00
   7.4551371e-01   6.8558980e-01
   2.6967011e-01   4.1915611e-01
   1.3116230e+00   9.2840875e-01
   2.4691520e-01   2.5175704e-01
  -6.3697118e-01  -4.1357327e-01
  -3.9379698e-01  -1.5225430e-01
  -1.3582884e+00  -2.3124085e+00
  -1.3204251e-01   6.9927554e-01
   9.2553686e-01   9.2801356e-01
  -4.0523608e-01  -2.4095941e-01
  -9.5441133e-01  -2.8014435e+00
   1.5878626e-01   5.0676293e-01
   3.0648093e-01   7.5068639e-01
   1.6351542e-01   1.6680744e-01
   2.1321427e-01   1.3732585e-01
   1.4880685e+00   1.1487798e+00
  -1.2239661e+00  -2.1636954e+00
  -8.8415981e-02   1.8168710e-01
   6.7891886e-01   8.3195668e-01
   3.0609384e-02  -9.6875992e-02
   5.3178650e-02   2.7141367e-01
  -9.8373443e-01  -1.0340087e+00
   2.1563872e-01   1.3552217e-01
  -7.7173870e-01  -5.3082076e-01
  -2.3312722e-01  -1.3733031e-01
  -9.7341387e-01  -7.5726390e-01
   1.1404643e-01   2.5914565e-01
  -4.8682069e-01   1.0300342e-01
  -8.7999881e-01  -9.9430155e-01
  -1.4979790e-02   1.2423718e-01
  -9.0484389e-01  -8.2145402e-01
  -1.9192859e-01   3.4829911e-01
  -6.8315502e-01  -6.8349415e-01
  -6.6516209e-01  -9.7046478e-01
   3.5603558e-01   4.8326539e-01
  -1.0682646e+00  -7.3517338e-01
   5.8063898e-01   7.8613568e-01
  -9.8650295e-01  -9.1169877e-01
  -1.7429386e-02   2.3765283e-01
  -7.2871772e-02   1.6543362e-01
  -6.8277648e-01  -5.2759345e-01
  -5.3124461e-01  -2.2738015e-01
  -7.1922658e-02   1.8792334e-01
  -1.0679136e+00  -1.2481027e+00
   3.9457049e-01   2.8661991e-01
   2.0074034e-01   4.7851029e-01
   1.1070791e+00   8.3425959e-01
  -9.9854868e-01  -9.7530938e-01
   6.6526813e-02   3.4878996e-01
  -5.8121928e-01  -3.3753968e-01
  -9.3834373e-01  -1.0267095e+00
  -3.7746934e-01   1.1231604e-01
   1.7996485e+00   1.5727461e+00
   3.0364436e-02   1.6958045e-01
  -1.0952411e+00  -9.6842606e-01
  -1.1740155e+00  -1.3463008e+00
   4.0901827e-02   5.7777893e-01
   2.4951856e+00   1.9192538e+00
  -1.1586749e+00  -8.4130825e-01
  -7.8109937e-01  -8.3251600e-01
   1.1850724e+00   1.1192165e+00
   1.3578456e+00   1.3131456e+00
   8.7165629e-01   1.0059724e+00
  -1.2866899e+00  -1.8520978e+00
  -1.8047896e-02   2.0365997e-01
  -1.0869863e+00  -6.5120085e-01
   8.4781246e-01   1.0550565e+00
   1.1818170e+00   9.1313240e-01
   1.4794358e+00   1.2333046e+00
  -5.4257126e-01  -5.1714988e-01
   2.6505840e+00   2.1541660e+00
  -8.2518344e-01  -9.5891140e-01
   1.6500656e+00   1.3627463e+00
  -1.1402969e+00  -1.2581766e+00
   1.8554792e+00   1.4456660e+00
  -1.1515551e+00  -1.5586556e+00
  -1.0656942e+00  -1.3883902e+00
   2.5364944e+00   2.7704806e+00
   5.0600626e-01   4.0002396e-01
   6.4346748e-01   9.3336720e-01
   1.0938436e+00   1.2365006e+00
   3.1200126e-01   2.1328031e-01
  -1.0201840e+00  -1.2286905e+00
   9.3768758e-01   6.8713670e-01
   3.1129004e+00   2.6682807e+00
  -7.9458991e-01  -5.9982323e-01
  -6.8622655e-01  -5.4956380e-01
   1.0716946e+00   8.0009255e-01
   1.6841389e+00   1.6823093e+00
   7.9265542e-01   7.0479886e-01
  -1.1143180e+00  -1.3006770e+00
  -1.1718469e+00  -1.9379009e+00
  -1.2372709e+00  -1.5066922e+00
  -5.9474541e-01  -4.0166982e-01
   5.0754386e-01   5.7018708e-01
  -4.0456916e-01  -1.4866752e-01
  -8.7108985e-01  -6.3983382e-01
   1.1370162e+00   9.9525796e-01
  -1.2704766e+00  -1.2056808e+00
   3.5203992e-01   7.3184960e-01
  -1.3413853e+00  -1.6031704e+00
  -8.6500018e-01  -1.1553613e+00
   2.4265847e+00   1.9954934e+00
  -8.5525449e-01  -3.5039286e-01
  -9.8548249e-01  -6.7427928e-01
  -1.0422517e+00  -1.1209514e+00
  -7.0958490e-01  -6.8151256e-01
  -8.5602382e-01  -1.8918301e-01
   1.4055545e+00   1.4935793e+00
  -2.1503461e-01   2.4889442e-01
  -1.2755328e+00  -2.1192457e+00
   7.5635921e-01   8.5858997e-01
  -9.9380595e-01  -1.1592691e+00
  -2.7597385e-01  -2.3883167e-01
   9.8105837e-01   8.5863043e-01
   6.5856804e-01   6.5816475e-01
   2.4882582e-01   2.7419578e-01
  -1.0062939e+00  -8.2517316e-01
   2.0705995e+00   1.4675224e+00
   9.3933171e-01   8.3650821e-01
  -1.2260340e+00  -1.3643276e+00
   1.4438980e-01   2.0886951e-01
   3.9364591e-01   6.2270829e-01
  -9.2629194e-01  -9.1100325e-01
  -1.0429176e+00  -1.4457616e+00
   2.3837934e-01   1.5674560e-01
  -4.3293605e-01  -1.8411774e-01
  -2.9798797e-01  -9.2418009e-02
  -3.9217920e-01  -2.1540189e-01
   2.9885912e-01   3.1555538e-01
  -8.8777904e-01  -5.2691937e-01
  -1.1265310e+00  -1.2820106e+00
   1.9416026e+00   1.5376126e+00
   1.2622350e+00   8.9616291e-01
  -1.0829123e+00  -9.3953855e-01
   9.8099782e-01   8.7936904e-01
   2.4092530e-01   3.9029869e-01
  -5.3679804e-02   1.6216141e-01
  -4.5941462e-01  -8.6353794e-02
   2.6710516e-01   5.8949830e-01
  -3.2302448e-02   2.8502142e-01
  -6.3639057e-01  -4.3819652e-01
   5.7965236e-01   6.2882988e-01
  -8.2713075e-01  -5.1657975e-01
  -6.8342571e-01  -2.7265831e-01
   2.5901575e+00   2.0026485e+00
  -6.0790079e-01  -2.3291782e-01
   1.4444876e+00   1.1077019e+00
   2.3742948e-01   4.3589972e-01
  -1.2172063e+00  -1.5609139e+00
  -1.0436532e+00  -1.0463592e+00
   7.9122835e-02   2.5663923e-01
  -3.2612155e-01   7.6723372e-03
   1.6796665e+00   1.4008979e+00
  -1.2617264e+00  -1.3305685e+00
   1.8819101e+00   1.5897797e+00
  -6.5252516e-01  -5.0626484e-01
  -4.0014647e-01  -2.2176914e-01
   5.1977787e-01   6.3813878e-01
  -2.6105303e-01   1.5415247e-01
   4.2938188e-01   2.9611313e-01
  -9.3027344e-01  -6.6216674e-01
  -8.2899834e-02   1.6593512e-01
  -9.0129470e-01  -6.0746424e-01
   3.4207939e-01   3.5561486e-01
  -9.9530187e-01  -1.4267857e+00
   1.9437894e+00   1.4962533e+00
  -6.2725547e-01  -6.1739032e-01
  -1.2464660e+00  -1.1720748e+00
  -5.7820146e-02   4.6267043e-02
  -3.7543147e-01  -2.6296620e-01
   1.6515958e+00   1.4748340e+00
   8.7352086e-01   1.0400798e+00
  -3.0376362e-01  -7.1516829e-02
   2.7572661e-01   4.2122343e-01
  -1.0193017e+00  -1.5518531e+00
   2.7250798e-01   5.7615802e-01
  -5.9857032e-02   3.0417656e-01
  -9.0175453e-01  -4.5084740e-01
  -1.0959722e+00  -1.2799884e+00
  -1.0322484e+00  -6.7190732e-01
   2.7156432e+00   2.1723751e+00
   2.0642413e-01   2.3709878e-01
  -9.4566473e-01  -1.0004674e+00
  -1.0423062e+00  -1.2471311e+00
   5.2205257e-01   1.0894683e+00
  -2.7135397e-01  -1.5507597e-01
  -7.8220611e-01  -4.5305889e-01
   2.0369267e+00   1.3397036e+00
  -6.3546289e-01  -3.4200265e-01
  -7.1327580e-01  -5.1794041e-01
  -4.4149818e-02   2.4244434e-01
   6.7475595e-01   8.1910917e-01
   1.0756173e+00   1.1428817e+00
   7.5788920e-01   6.6174579e-01
   2.2503877e+00   1.9228330e+00
  -1.0661643e+00  -1.2316581e+00
  -5.2414493e-01  -3.2015809e-01
  -7.5489987e-01  -1.6361063e-01
  -1.3052469e+00  -1.9241866e+00
  -1.2502871e+00  -1.8700340e+00
   4.3468460e-01   3.7878232e-01
  -1.0664121e+00  -9.4440384e-01
  -1.0377825e+00  -1.1523895e+00
  -6.2389910e-01  -5.7466939e-01
   2.5171398e+00   2.2150664e+00
   1.0986798e-01   3.8310617e-01
  -6.5618028e-01  -6.4252054e-01
   1.7965787e+00   1.5002707e+00
  -9.8783878e-01  -1.1346562e+00
  -6.6916092e-01  -6.4143183e-01
  -6.9932258e-01  -6.2007757e-01
   2.7115355e+00   2.1918308e+00
   9.8445629e-01   1.0218515e+00
  -3.1173104e-01  -2.4809582e-02
  -6.2617087e-01  -5.5331481e-01
  -5.2030677e-01  -2.4535624e-01
  -5.0442594e-01  -2.4874837e-01
   1.2268913e+00   1.3116055e+00
  -8.3807927e-01  -6.1391883e-01
   6.9076714e-01   8.9274133e-01
  -1.1922275e+00  -1.1827394e+00
  -4.0622693e-01  -3.8746359e-02
  -8.9154636e-01  -1.1092829e+00
  -4.3524001e-01  -1.4802427e-01
   1.2074678e-01   4.1215665e-01
  -1.2135842e+00  -1.5106617e+00
  -1.1843557e-01   4.7356977e-02
   3.5195050e+00   2.7883130e+00
   9.5434384e-01   1.1842712e+00
  -4.6327446e-01  -2.5933439e-01
  -7.1046656e-01  -5.3514887e-01
  -6.3698127e-01  -7.2737136e-01
  -3.8183332e-01  -1.1840223e-01
  -1.2726969e+00  -1.6815912e+00
   3.5655590e-03   2.5472830e-01
  -1.1227122e+00  -1.2814861e+00
  -5.3625613e-01  -2.6134329e-01
   4.5572274e-01   4.3857600e-01
  -5.7525778e-01  -4.1984217e-01
  -8.1206893e-01  -7.6065112e-01
  -1.7413845e-01  -2.1857358e-01
   5.4007924e-01   7.1115935e-01
  -6.9909941e-01  -5.0427832e-01
   3.5588319e+00   2.8052666e+00
  -1.0551883e+00  -1.8325859e+00
  -5.1090435e-01  -4.0368205e-01
   2.8872707e-01   4.9563966e-01
  -6.5626971e-01  -5.1415072e-01
   1.1351664e+00   1.3061430e+00
   2.1620836e+00   1.5882100e+00
   6.7059438e-01   5.9223914e-01
  -8.8034397e-01  -6.1843490e-01
   2.0510317e+00   1.8433683e+00
  -6.7159415e-01  -5.8178391e-01
  -3.8326147e-01  -2.0109774e-01
   8.7291389e-01   6.2162687e-01
  -1.2174832e+00  -1.6492280e+00
  -7.5810298e-01  -5.0456093e-01
  -1.1437783e+00  -8.8391679e-01
   1.3488281e+00   1.1730252e+00
  -1.1757475e+00  -1.6865528e+00
   1.3058935e-01   4.3306284e-01
  -9.1128553e-01  -1.0786555e+00
  -1.0017962e+00  -5.7736793e-01
   2.4992452e-01   7.2377338e-01
   1.0170023e+00   9.0395681e-01
  -7.6128836e-01  -3.8669245e-01
   4.9124885e-01   8.3667867e-01
  -1.9811730e-01   1.5887798e-01
  -7.4345579e-01  -3.7946389e-01
  -6.5711782e-01  -5.8393557e-01
  -1.2440754e+00  -1.3536661e+00
  -1.1758498e+00  -2.6663968e+00
   6.9506784e-01   5.8371327e-01
   8.9576274e-01   1.3854588e+00
   3.8154077e-01   6.9143273e-01
   3.5596257e-02   2.8296947e-01
  -1.0537971e+00  -1.2401498e+00
   2.2039034e-01   1.7454461e-01
  -7.3608403e-01  -8.5258132e-01
   8.5743222e-01   9.5680762e-01
  -4.4080734e-01  -3.1693753e-01
  -8.3014327e-01  -6.1518570e-01
  -2.0091671e-01  -4.7929160e-03
  -2.8807329e-01  -1.6879845e-02
  -1.3132820e+00  -1.5533813e+00
   2.2013298e+00   1.8675028e+00
   5.6719140e-01   4.4989952e-01
   6.3923144e-01   7.2800554e-01
   6.2583229e-01   9.8001739e-01
  -9.6490073e-01  -9.0674122e-01
   2.0556213e+00   1.7984483e+00
  -7.5334713e-01  -2.5928068e-01
  -9.5343163e-01  -8.9917088e-01
   1.6204168e-01   9.8129807e-02
  -8.1479652e-01  -6.6131680e-01
   9.1485020e-01   7.2329432e-01
  -5.3462382e-01   9.8386537e-03
  -2.8170943e-01   1.7917303e-01
  -1.2920884e+00  -1.3503017e+00
  -1.2667518e+00  -1.8178761e+00
  -5.0694636e-01  -3.1603921e-01
   6.3760970e-01   5.3228261e-01
   6.2872607e-02   1.7425369e-01
   8.0675748e-01   7.6204461e-01
   2.8608531e+00   2.4792036e+00
   1.0564992e+00   1.4906094e+00
  -5.5080204e-01  -5.5692008e-01
   9.8968675e-01   9.1370419e-01
  -1.9499380e-01   2.0708201e-01
  -1.2687656e+00  -1.6089527e+00
  -3.5314686e-01  -2.2325205e-01
   1.1108222e+00   6.8969792e-01
  -2.0648407e-02   7.0804921e-02
   6.0496810e-01   6.1687839e-01
   7.7432928e-01   9.8828616e-01
   7.1964605e-01   4.2153084e-01
  -3.9803046e-01  -5.0593010e-01
  -1.2945919e+00  -9.6596653e-01
  -8.9161018e-02   4.1273707e-01
  -1.0098086e+00  -1.2833636e+00
  -3.7686142e-01  -1.1349857e-01
   1.6367866e+00   1.3801313e+00
  -2.9298392e-01  -1.1390376e-01
   3.2443246e-01   4.9130511e-01
   1.4946190e+00   1.1966987e+00
  -3.0085016e-01   1.7000804e-01
   1.9309510e-01   4.3897017e-01
  -6.2849747e-01  -5.6867253e-01
   9.3016071e-01   8.5323486e-01
  -4.0208062e-01   1.5233213e-01
  -1.6212032e-01  -1.5726612e-01
   4.0434749e-01   4.8101796e-01
  -1.7270200e-01   9.1985948e-02
   6.0560221e-01   8.1898583e-01
  -1.0173574e+00  -1.2251729e+00
  -2.7259651e-01  -1.3455564e-01
  -8.0504734e-01  -4.5502127e-01
  -4.6573934e-01  -9.8923791e-02
  -5.9991355e-01  -3.0514415e-01
  -5.4452758e-01  -3.4099128e-01
   4.1996928e-01   5.1684652e-01
  -7.1646643e-01  -7.1638366e-01
  -3.1289377e-01  -2.5319809e-01
  -3.2816172e-01  -2.6271255e-01
  -7.8424754e-01  -8.8067008e-01
   1.8799036e+00   1.3085473e+00
  -8.7978489e-01  -7.8454374e-01
  -1.1653063e+00  -1.6316986e+00
  -1.2895517e+00  -1.6067412e+00
   1.7351610e+00   1.7651083e+00
   6.4182421e-01   4.8839282e-01
   2.8755331e-01   3.8255893e-01
  -2.6490142e-01  -7.4865283e-02
  -2.3342909e-01  -5.6388907e-02
   1.2091215e+00   9.9164148e-01
   6.2486199e-01   5.2558488e-01
  -3.8809498e-02   1.1617541e-01
  -4.1959995e-01  -3.2486375e-01
  -2.3385193e-01  -1.6499107e-01
  -1.2263110e+00  -1.5075420e+00
   2.2705834e+00   2.1563182e+00
  -1.1176741e+00  -1.5430234e+00
  -5.1240610e-01  -2.7667971e-01
  -3.2080727e-02   2.2732011e-01
   1.1001498e+00   1.1702278e+00
   2.4453727e+00   2.2779662e+00
  -9.2731144e-01  -3.0867208e-01
  -9.3796574e-01  -7.8259688e-01
  -1.0471045e+00  -1.0531332e+00
  -8.1665471e-01  -9.0355065e-01
   1.6472373e+00   1.2885719e+00
   3.3136118e-01   5.1578625e-01
  -9.6542464e-01  -1.2025654e+00
   1.0210395e+00   1.3112984e+00
  -1.0353923e+00  -1.0890328e+00
   8.4056149e-01   8.7768638e-01
  -3.3671265e-01  -5.2501104e-01
   5.2017154e-01   3.1091877e-01
  -1.2798919e+00  -1.5230809e+00
   1.2697828e+00   1.1424471e+00
   3.0153987e-01   4.8160213e-01
  -8.9343392e-01  -7.2809516e-01
   2.2003017e-01   5.5217908e-01
   1.2229701e+00   1.2530054e+00
  -5.9727472e-01  -1.7583890e-01
  -1.2835225e+00  -2.1798130e+00
  -7.0280211e-01  -6.4622056e-01
   8.4146668e-01   7.6845771e-01
   5.2373835e-01   8.2522588e-01
   2.3923971e+00   2.0515212e+00
  -1.1223119e+00  -1.1193089e+00
  -1.0324904e+00  -1.0387700e+00
   4.7726958e-02   2.5071999e-01
   2.3726014e+00   1.9562834e+00
  -4.6812874e-01  -1.4679494e-01
  -1.0012790e+00  -8.8698799e-01
  -1.0982148e+00  -1.1967406e+00
  -6.3720342e-01  -4.4920632e-01
  -1.2040096e+00  -1.2925347e+00
  -4.1631629e-01  -2.3937190e-01
  -1.1313505e+00  -1.6243235e+00
   7.0644312e-01   6.9832678e-01
   4.5244668e-01   3.1442747e-01
   1.1109152e+00   1.3180307e+00
  -4.7868000e-02  -7.0927614e-02
   4.5487098e-01   5.5811711e-01
  -8.4666861e-01  -8.2994976e-01
  -2.6300696e-01  -9.5271575e-02
   8.4428199e-02   8.1802807e-02
   1.5991445e-02  -1.7328395e-01
   1.2136621e+00   1.1071799e+00
  -2.1383040e-01  -2.3124257e-01
   7.5078614e-01   6.5278990e-01
  -1.1752366e-01   5.1744114e-01
   8.2679163e-02   2.2907843e-01
   6.7785168e-02   2.2994090e-01
   6.1499859e-02   2.1068222e-01
  -4.7005395e-01   6.2696293e-03
  -1.0909742e+00  -1.2993718e+00
  -1.0847642e+00  -8.0457622e-01
   1.3988127e+00   8.5568477e-01
  -1.2104914e+00  -1.0625631e+00
  -5.6050434e-01  -5.8762877e-01
  -6.9508165e-01  -6.1479540e-01
   1.1521801e+00   1.2824411e+00
   2.8521485e-01   4.3138447e-01
  -9.7275314e-01  -1.1325903e+00
   1.2682040e-01   1.7612371e-01
   6.2901424e-01   6.0927729e-01
   8.6126369e-02   1.7265841e-01
  -7.8840915e-01  -9.0801107e-01
  -1.2998784e+00  -1.9720639e+00
   1.6732412e+00   1.1335156e+00
   1.4556756e-01   3.1083467e-01
   1.5017864e-01   1.4616395e-01
  -9.0565033e-01  -9.5598726e-01
   1.0664829e-01   4.0044799e-01
   9.1778024e-01   8.7352325e-01
   5.2916674e-01   9.1029424e-01
   1.6150163e+00   1.7047438e+00
   9.2558022e-01   1.0371329e+00
  -2.1054824e-01  -8.6561095e-02
  -2.7135516e-01  -2.0356705e-02
   1.1913491e+00   1.1017960e+00
   1.1404560e+00   8.9903175e-01
   2.1221735e-01   2.4155345e-01
  -6.4028856e-01  -2.1393792e-01
   8.8291305e-02   1.2368615e-01
   1.4147112e+00   1.0957387e+00
  -1.0065201e+00  -9.4020466e-01
   1.7961442e+00   1.5317839e+00
  -1.1405247e+00  -1.8839697e+00
  -4.3730952e-01  -5.0846090e-01
   5.7047611e-02   2.5158043e-01
  -5.6370652e-01  -5.9816679e-01
   3.8645843e-01   3.6344650e-01
   1.9516381e+00   1.5139830e+00
   4.2432408e-01   5.0581568e-01
  -1.2126215e-01  -2.9967749e-02
  -1.7096435e-01  -1.5813329e-01
   3.2515609e-01   4.6393314e-01
  -9.4832465e-01  -9.1618428e-01
  -8.6207747e-01  -7.0160885e-01
  -1.8074419e-01   7.4826684e-03
   1.4471117e+00   1.4344290e+00
   1.2564796e+00   1.3171308e+00
  -1.2289414e+00  -1.6518556e+00
  -1.3847073e+00  -1.2923833e+00
   1.6132516e+00   1.5006265e+00
  -7.3742981e-01  -6.5798130e-01
   1.6438724e-01   3.6641663e-01
  -9.8838882e-01  -8.2751749e-01
  -1.3230768e-01   1.8464324e-01
  -6.8487722e-02   1.2119204e-01
  -2.4066825e-01   2.1045554e-01
  -9.9809263e-01  -1.3923321e+00
  -8.9213663e-01  -9.5547551e-01
   1.3221951e+00   1.0855000e+00
  -3.3174553e-01  -1.7558064e-01
  -4.2928880e-01  -2.4084362e-01
   8.6174515e-01   8.7702688e-01
   1.7454343e+00   1.4682246e+00
   1.1394088e+00   9.9982125e-01
   4.2662134e-01   5.2016296e-01
   7.7275985e-02   2.1531588e-01
  -8.9655378e-01  -8.2319892e-01
   3.4910004e-01   7.5816958e-01
  -7.7852324e-02   3.1928328e-01
   2.6405334e-01   6.2249388e-01
   2.8106414e+00   2.2893041e+00
  -1.0829307e+00  -1.5446980e+00
   2.6632933e-01   6.2739507e-01
  -9.8781849e-01  -9.0057712e-01
   4.6276806e-02  -7.9649786e-02
  -1.2564036e+00  -1.7044289e+00
  -9.6065996e-01  -9.2449472e-01
   3.2936107e-02   2.4858400e-01
   1.6403123e+00   1.4036283e+00
  -6.9304702e-01  -7.2520857e-01
  -5.0051085e-02  -3.2885944e-01
   2.7264155e-02   1.7771563e-01
   4.9026156e-01   6.2484347e-01
   1.8168648e-01   8.1211447e-02
  -2.4710066e-01  -1.9716129e-01
  -3.0237509e-01  -1.2227305e-01
  -1.1423950e+00  -1.4310576e+00
   7.4519461e-01   7.6525546e-01
  -9.8309761e-02   1.6948227e-01
   3.8247072e-01   4.0607694e-01
  -9.5166990e-01  -9.7666324e-01
   2.1064954e+00   1.7488569e+00
  -1.2302797e+00  -1.3033011e+00
   2.1223253e+00   1.8676889e+00
  -3.5650255e-01  -1.9698454e-01
  -5.2621020e-01  -3.8106504e-01
   2.0877632e-01   5.5466700e-01
  -6.1299145e-01  -6.8752033e-01
  -7.7982206e-01  -3.5017562e-01
  -3.6190661e-01  -8.4110383e-02
  -1.0706733e+00  -8.0660338e-01
  -7.0507694e-01  -4.2289886e-01
   6.5694925e-01   7.2936258e-01
   7.4401426e-01   9.2951359e-01
  -4.8506722e-02  -8.3189479e-02
   1.3233547e-01   2.4076404e-01
   1.4406540e-02   3.3355393e-01
  -2.8094299e-01  -2.6371816e-01
  -1.2326149e+00  -9.6471789e-01
  -5.8699768e-01  -3.4953021e+00
   8.2053069e-01   9.7752804e-01
  -7.4607036e-01  -6.5814796e-01
   1.0089915e+00   1.1048504e+00
  -1.1904945e+00  -1.4143790e+00
  -5.0504170e-01  -5.4965027e-01
   1.2954317e-01   3.1787588e-01
  -1.0705747e+00  -6.7206949e-01
  -5.6519064e-01  -5.6477382e-01
  -5.1910643e-01  -1.6039729e-01
  -1.1166655e+00  -1.0048985e+00
  -9.8062067e-01  -5.7146951e-01
   1.2754142e+00   1.2729483e+00
  -7.9279743e-01  -8.1244942e-01
  -1.0238572e+00  -1.1167423e+00
   9.4283845e-01   7.2091410e-01
  -6.0410306e-01  -1.7618669e-01
   5.9892072e-01   6.5314778e-01
  -6.0408644e-01  -1.0864808e+00
  -6.9940218e-01  -9.0742317e-01
  -6.5271788e-01  -1.3394707e-01
  -6.2881349e-01  -1.0475565e-01
   2.5831642e+00   2.2092887e+00
  -8.6285853e-01  -7.5820007e-01
   1.5016638e+00   1.4913861e+00
   1.1969895e+00   1.0722552e+00
   2.0876324e-03   3.4632303e-02
  -7.1050573e-01  -4.9155804e-01
   3.1334535e+00   2.6973341e+00
  -6.8828676e-01  -6.4445993e-01
   2.5224175e-02   2.4611938e-01
  -1.1374718e+00  -1.5027304e+00
   7.4313424e-01   7.0800442e-01
  -8.3865762e-02   2.6454827e-01
  -3.3705710e-02  -4.4206917e-03
   5.9161621e-01   2.6268258e-01
  -1.5653955e-01  -7.5596537e-02
   1.6771035e+00   1.1854425e+00
  -4.3690425e-01  -3.9516834e-01
  -7.9821030e-01  -7.7598756e-01
  -2.0223487e-01  -2.8248945e-01
  -1.0563971e+00  -1.0137453e+00
   1.1719071e-02  -6.4993396e-02
  -5.1275389e-01  -6.2776856e-02
  -6.4575081e-01  -4.0153605e-01
  -1.0426161e+00  -1.4368450e+00
   1.1098945e+00   9.6689739e-01
  -1.2662952e+00  -1.7138339e+00
   5.9748848e-02   3.9796548e-03
  -1.0630600e+00  -1.0727730e+00
  -7.2674269e-01  -3.9062266e-01
   4.2831243e-02   5.2856092e-01
  -6.7310161e-01  -3.9304076e-01
  -7.1051185e-01  -6.2263621e-01
  -1.0602922e+00  -1.3813236e+00
   6.9400424e-01   7.1724757e-01
  -7.2104904e-02   1.7101011e-01
   6.1062646e-01   5.6409305e-01
  -1.8619130e-01  -8.0105151e-02
   1.9043884e+00   1.9135137e+00
  -5.8269626e-01  -4.1251702e-01
   7.4199922e-01   8.0487667e-01
  -2.6523143e-01   1.3168429e-01
   3.0926803e-01   2.5284850e-01
   1.1919184e+00   1.3433047e+00
  -6.0094388e-01  -3.0044297e-01
   4.5318583e-01   4.1140169e-01
   1.9022664e+00   1.6440636e+00
  -7.5963248e-01  -8.9391864e-01
   2.1090706e+00   1.6797627e+00
   1.1539535e+00   1.1265044e+00
  -2.2522651e-01  -1.3902390e-01
  -1.6336689e-01   3.5455874e-01
   3.0684862e-01   6.0730454e-01
  -3.9280835e-01   4.6942681e-02
  -1.1087556e+00  -1.1645077e+00
  -5.9436527e-03  -2.7224888e-02
  -7.7690876e-01  -3.9670963e-01
  -4.1346511e-01   1.3521782e-01
   4.1249442e-01   4.0431320e-01
  -2.5315966e-01   1.8031685e-01
  -1.2866042e+00  -2.0602726e+00
   2.1306507e-01   4.3874247e-01
  -7.5528077e-02   1.0473302e-01
   7.8888961e-01   7.0983282e-01
   2.5669766e+00   2.1739498e+00
   2.7051147e+00   2.1651053e+00
  -6.9354930e-01  -4.5556417e-01
   9.8239078e-01   6.5062315e-01
   1.0392793e+00   1.0215273e+00
   1.3762979e+00   1.4302206e+00
  -1.0403946e+00  -2.8599166e+00
  -4.4502255e-01  -1.2944591e-01
  -2.3422731e-01  -8.0082960e-02
   3.9638497e-01   3.0637431e-01
   1.2758156e+00   1.2267137e+00
   6.9474208e-01   4.6462683e-01
  -1.9120617e-01   4.1358608e-01
  -8.8071493e-01  -7.9348927e-01
  -1.2328364e+00  -1.2931622e+00
   3.4259443e-01   5.2778326e-01
  -1.3412332e+00  -1.7897839e+00
   3.8069216e-02   2.0975939e-01
  -1.1103955e+00  -1.3359670e+00
   1.8996305e+00   1.4070158e+00
  -6.2162681e-01  -1.2487040e-01
   1.4978431e-01   6.5771417e-01
  -9.6784815e-01  -1.0041838e+00
   1.6879617e+00   1.6986730e+00
  -1.2117054e+00  -1.1539640e+00
   6.3725269e-01   6.6023974e-01
   1.1525432e+00   1.2500651e+00
  -8.9761217e-01  -9.1897857e-01
   1.0035568e+00   9.1173294e-01
   6.9599697e-02   1.1246229e-01
   8.0266987e-01   6.6559509e-01
  -6.9729648e-01  -5.1048950e-01
   1.1545561e-02   1.6743196e-01
   4.8813193e-02  -9.9621199e-03
  -8.8171877e-01  -7.4847958e-01
  -8.8818642e-01  -9.4316383e-01
  -6.7442198e-01  -4.9093708e-01
   1.5377548e+00   1.2705601e+00
  -7.3442303e-01  -5.6403164e-01
   1.9235527e+00   1.5458321e+00
   5.8342303e-02   3.8465692e-01
  -5.2056594e-01  -5.8381947e-01
  -1.2224248e+00  -1.1934790e+00
  -1.3000267e+00  -1.5540008e+00
   8.8040928e-01   9.8690928e-01
   1.3048568e+00   1.1832596e+00
   2.9404371e-01   7.4422593e-01
   6.5015510e-01   5.9851579e-01
  -6.1889984e-01  -5.7195894e-01
   1.4009840e+00   1.1419901e+00
   1.6374501e+00   1.4158173e+00
  -1.0133609e+00  -2.0249826e+00
  -2.7740036e-01  -3.2887914e-01
  -4.3034225e-01  -2.1968743e-01
   1.3948921e+00   1.1795342e+00
  -2.7885100e-01  -1.9334690e-01
  -1.0092206e+00  -2.1803083e+00
  -3.2839070e-01  -2.9326183e-03
  -4.0659253e-01   1.8511443e-01
   1.0742007e-01   3.7964550e-01
   2.7205159e-02   1.7641968e-01
  -1.1537536e+00  -1.7748821e+00
   1.2293470e+00   1.2275536e+00
  -6.7607077e-01  -3.6071533e-01
  -8.0829942e-01  -6.9601498e-01
  -5.4557544e-01  -4.8668347e-01
  -4.4811232e-01  -2.6231582e-01
  -6.3119028e-01  -1.2196161e-01
  -1.2602922e+00  -1.7001676e+00
  -1.1426188e+00  -1.4732591e+00
   5.5968243e-01   4.9029038e-01
   3.2458459e-01   5.1988029e-01
  -4.7398337e-01  -4.1063698e-01
   1.6278912e+00   1.4882706e+00
  -1.2769153e+00  -1.8557846e+00
  -1.1390288e+00  -1.4478131e+00
   5.0480289e-01   6.2044299e-01
   8.2998176e-01   7.9094953e-01
  -1.2484922e+00  -1.5845040e+00
  -6.4628341e-01  -2.7092286e-01
  -1.0319741e+00  -5.9674030e-01
   1.2174733e+00   1.1950967e+00
  -2.4602721e-01  -2.4238822e-01
  -8.7285810e-01  -4.8859478e-01
   1.0406694e+00   6.8639094e-01
  -2.7290849e-01  -2.6380925e-01
   1.8256135e-01   2.2266154e-01
  -1.1668539e+00  -9.9752015e-01
   1.4248194e+00   1.2764001e+00
  -5.0960213e-01  -5.1890457e-01
   8.8426980e-01   5.7934019e-01
  -1.3375684e+00  -1.7816521e+00
   1.6686204e+00   1.5297884e+00
  -1.1005911e+00  -1.1374763e+00
  -1.1418915e+00  -1.1823849e+00
   2.0578939e+00   1.7926338e+00
  -1.2021068e+00  -1.2919648e+00
  -1.1313076e+00  -8.9427259e-01
  -6.4673264e-01  -3.8640408e-01
   2.7707504e-01   1.3291646e-01
  -3.7450343e-01   5.6596229e-02
  -1.6856449e-01  -7.0857960e-02
  -1.2230943e+00  -1.5934984e+00
   9.2071916e-02   1.5426737e-01
   2.7002648e+00   1.8338419e+00
   7.3203177e-01   7.4792320e-01
   3.3281144e-01   5.3374522e-01
   2.4674859e-01   8.1517085e-01
  -8.4109927e-01  -5.2668721e-01
  -1.1236965e+00  -2.4006391e+00
  -4.1218063e-01  -3.7936249e-01
   6.9410440e-03   5.3529869e-02
  -1.1260186e+00  -7.8963245e-01
  -7.4795197e-01  -9.4979824e-01
   5.7547765e-01   6.3501636e-01
  -7.0048251e-01  -4.9445869e-01
  -4.9880357e-01  -2.1421820e-01
  -1.0733543e+00  -9.1960773e-01
  -6.5528668e-01  -2.1440170e-01
   5.0402241e-01   7.5741923e-01
  -1.0852281e+00  -2.5061956e+00
  -8.5512440e-01  -4.3527066e-01
  -2.6206045e-01  -7.5075380e-02
  -2.0502259e-01  -2.7858185e-01
  -3.5031787e-01  -2.8200744e-02
  -2.7543145e-01  -1.2895180e-01
  -8.0229794e-01  -6.6738881e-01
  -9.0455779e-01  -9.5787723e-01
  -7.4595912e-01  -6.9772473e-01
   1.0354722e+00   1.0921384e+00
   7.3098481e-01   6.1853727e-01
   9.9604347e-01   9.5723030e-01
  -3.1264377e-01  -4.2827975e-01
  -1.2329666e+00  -1.3798242e+00
   6.0072784e-01   5.8788406e-01
   1.8430427e+00   1.3016917e+00
  -1.0111678e+00  -9.3564237e-01
  -1.2008781e-01   1.3143817e-01
  -7.8608309e-01  -5.6859048e-01
  -2.2158613e-01  -6.1604003e-02
   3.8888990e-01   2.4094830e-01
  -3.0329646e-01  -5.7455431e-02
  -6.6621255e-03   5.3663955e-01
   2.6925335e+00   2.2660656e+00
  -7.9482252e-01  -2.9927896e-01
  -3.5885441e-01  -1.3785499e-01
  -5.1374481e-01  -4.7510716e-01
  -2.3502575e-02   3.6108366e-02
  -1.1801353e+00  -1.0295181e+00
  -2.8481640e-02   3.1408704e-01
  -3.3723448e-01  -3.4660799e-01
  -8.0317821e-01  -7.8367542e-01
  -2.3286662e-01   4.7958624e-02
   2.2640577e-01   3.0064060e-01
   2.8621226e-01   3.2582091e-01
  -1.3806378e-01   2.7038658e-01
  -1.0983053e+00  -1.4458226e+00
   6.8235888e-01   9.3218620e-01
  -1.0704946e+00  -1.0038533e+00
  -9.3350915e-01  -7.4989337e-01
   1.0238091e+00   9.2002319e-01
  -4.3634800e-01  -1.5320843e-01
  -1.3159251e+00  -2.2227512e+00
   1.6777870e+00   1.2926161e+00
   1.2236030e+00   1.0973058e+00
  -8.3901383e-01  -1.0326789e+00
   1.1776889e+00   1.1444610e+00
   7.6474464e-01   9.2071369e-01
  -1.1326557e+00  -2.3515260e+00
   2.3998594e+00   1.8386221e+00
   8.0920542e-01   9.2598087e-01
  -8.2389617e-01  -1.0090761e+00
  -2.3826954e-02   5.1916823e-02
  -2.4745011e-01  -7.0981025e-02
  -4.8394138e-01  -2.2301171e-01
  -1.2585238e+00  -1.2472251e+00
   6.8448571e-01   7.2252529e-01
   1.5483471e+00   1.4426432e+00
  -1.1476213e+00  -1.2901276e+00
  -4.0990915e-01  -1.4330123e-01
  -6.8081219e-01  -3.6309543e-01
  -7.5991278e-01  -1.5684404e-01
   7.1316200e-01   9.5461236e-01
   1.0198405e+00   8.9832583e-01
   2.8708935e+00   2.3236017e+00
  -1.2437324e+00  -1.3935521e+00
  -3.5418019e-01  -2.1399581e-01
  -8.5988485e-01  -4.7700355e-01
  -4.5895251e-01  -4.0353553e-01
  -1.2298176e+00  -1.1370072e+00
  -8.3809783e-01  -8.9775230e-01
   3.7481172e-02   5.5863548e-02
   1.0941768e+00   9.7810739e-01
   9.3430650e-01   1.0763509e+00
  -6.6886035e-01  -3.2286439e-01
  -5.6426660e-01  -2.6911836e-01
  -2.3855234e-01  -6.1752251e-02
   2.0473110e+00   1.4933565e+00
   9.3422639e-01   1.0957603e+00
  -4.5964633e-01  -5.6868613e-01
   7.6714767e-02   3.1382004e-01
  -1.0873649e+00  -1.1752897e+00
   3.7018906e-01   5.1286933e-01
   3.4239966e+00   2.3074966e+00
   1.2702043e-01   3.6580373e-01
  -1.1428470e+00  -1.2265950e+00
  -3.1314500e-01  -1.9315737e-01
  -8.2011099e-01  -1.0234170e+00
   9.5714549e-01   8.9454088e-01
  -9.1865691e-01  -7.3071715e-01
   1.4595364e+00   1.4519208e+00
  -1.1886839e+00  -1.5389889e+00
   1.1623965e+00   9.2846651e-01
   1.1355039e+00   9.9012426e-01
   1.7630130e+00   1.6222169e+00
   1.6429698e+00   1.7146076e+00
  -6.2015836e-01  -5.5820445e-01
  -1.6610963e-01   2.9642367e-01
  -1.1514633e+00  -7.6063328e-01
   6.1590838e-01   7.7150461e-01
   7.7650450e-01   1.0080591e+00
  -9.2659877e-01  -5.5107214e-01
   3.8381313e-01   3.1250966e-01
   1.3058832e+00   1.2126180e+00
  -1.1432660e+00  -1.0144035e+00
  -9.3989727e-01  -9.7523594e-01
  -1.2931870e+00  -1.3776157e+00
  -3.0310088e-01  -1.2049814e-01
   1.7783031e+00   1.6430634e+00
   6.8103683e-01   4.2032494e-01
  -4.2647874e-01  -1.3941732e-01
   5.4818660e-01   5.4271757e-01
  -1.4097979e-01  -1.1759920e-01
  -1.0598276e+00  -1.5574689e+00
  -9.2652255e-01  -9.8788621e-01
  -1.2149835e+00  -1.5851828e+00
   3.1816137e-01   3.2975720e-01
  -6.1085033e-01  -2.4598827e-01
   2.0395103e+00   1.6847459e+00
  -8.1858848e-01  -9.2823312e-01
  -7.5926128e-02  -8.5000790e-02
  -8.9833415e-01  -3.9530599e-01
   4.6635781e-01   7.0721987e-01
  -1.5081875e-01   2.0512231e-01
  -1.0896682e+00  -6.2145288e-01
  -6.4127293e-01  -7.8025438e-01
  -1.1285437e+00  -1.2451980e+00
  -6.6617337e-02   1.2353952e-01
  -4.2844551e-01   2.8821610e-01
  -1.2362415e+00  -1.2493321e+00
  -7.8699880e-01  -4.1668570e-01
   1.0526872e+00   9.1614202e-01
   1.4647826e-02  -1.0263349e-02
  -1.0901546e+00  -2.1547619e+00
   5.8523692e-01   4.4369976e-01
  -5.9315473e-01  -3.9108560e-01
   6.9967765e-03   5.9575208e-02
  -5.2643300e-01   1.3784005e-01
  -8.4521249e-01  -8.3739604e-01
   1.2795388e+00   1.1104425e+00
   2.3691221e+00   1.9386243e+00
  -9.0911744e-01  -8.3256608e-01
   8.9815883e-01   8.4242927e-01
   1.4881364e-01   3.3397464e-01
  -6.3373393e-02  -1.6414976e-01
  -1.0628396e+00  -1.5055804e+00
   6.4417907e-01   7.8996617e-01
   4.5619429e-01   7.0215169e-01
  -1.0455404e+00  -1.2836627e+00
  -1.1798891e+00  -1.8223716e+00
  -7.1474092e-01  -5.3046309e-01
  -9.7501690e-01  -1.1460370e+00
   2.0642742e+00   1.6455903e+00
   7.5362149e-01   6.8580057e-01
  -3.5498795e-01  -3.6380626e-01
  -2.1489465e-01  -3.0383305e-01
  -6.5328716e-01  -6.8251398e-01
   2.1059944e+00   1.6699383e+00
  -1.2907636e-01   1.4370732e-01
   2.7123418e-01   4.6295064e-01
  -2.3020448e-03   4.8590327e-01
   1.4326526e+00   1.4621459e+00
  -6.2528450e-01  -8.0655136e-01
   1.0817925e+00   8.0294572e-01
  -1.6007318e-02   2.9926245e-01
  -1.1705268e+00  -1.8178626e+00
   1.7123130e-01   3.0999451e-01
   2.4997861e+00   2.0500210e+00
   1.7459755e+00   1.7988380e+00
  -5.4660550e-02   4.3080592e-02
  -4.1524291e-01  -1.5155248e-01
  -5.9455840e-01  -2.3572335e-02
  -7.9805666e-02   1.3895364e-01
  -2.1424771e-01  -7.7541875e-02
   1.6731699e+00   1.5734260e+00
   1.1509327e+00   9.3215622e-01
   8.6960129e-01   7.5884813e-01
  -8.8017702e-01  -8.7353011e-01
  -5.0868813e-01  -1.5025270e-01
  -1.0374423e+00  -1.1318965e+00
  -8.4350224e-01  -8.0866717e-01
  -6.9051609e-02   2.8542006e-01
   7.1415260e-01   6.9821606e-01
   2.2291935e+00   2.0728848e+00
  -1.3930584e+00  -1.7623476e+00
   4.5006829e-01   6.0072679e-01
   2.1782891e+00   1.6260757e+00
  -1.1029017e+00  -1.4399459e+00
   9.2818753e-01   7.8527095e-01
   2.7803708e-01   5.2979500e-01
  -6.7257387e-01  -5.1158864e-01
   5.5773706e-01   1.1146865e+00
  -1.2197357e+00  -1.1962305e+00
  -1.4185570e+00  -2.2421910e+00
  -8.4693920e-01  -7.6927456e-01
  -1.8678449e-04   2.5199390e-01
   1.6439558e-01  -4.7273200e-02
  -1.7369097e-01   4.2983496e-02
   1.9723668e+00   1.6817791e+00
   1.1625677e+00   1.2706548e+00
  -5.4701470e-01  -5.8656700e-01
  -9.2945527e-01  -1.0528437e+00
  -2.1334759e-02   3.4232406e-01
  -7.8791270e-01  -7.7456737e-01
  -1.2015493e+00  -2.0028493e+00
  -1.1125594e+00  -1.5710342e+00
  -1.1664209e+00  -1.5344314e+00
   9.9739750e-01   9.3474187e-01
  -1.2422853e+00  -1.5984627e+00
   1.7438112e+00   1.2836984e+00
   2.9000542e-01   1.4704426e-01
   8.7315955e-01   8.5255530e-01
  -1.0994050e+00  -1.2760826e+00
  -4.3834225e-01  -1.9006087e-01
  -8.0827676e-01  -1.7517021e-01
  -1.1574355e-01   1.9386826e-01
  -5.2770618e-01  -3.4678721e-01
  -1.0103941e+00  -1.1694972e+00
   5.6886218e-01   4.3310098e-01
   1.5790214e-01   4.0488222e-01
  -5.7700889e-02   1.4154071e-01
  -4.3390304e-01  -4.2944747e-01
   9.6701140e-02   1.8320929e-01
   4.5437962e-01   5.9097863e-01
  -3.5232894e-02  -9.5077828e-03
  -1.4016393e+00  -1.2622504e+00
  -1.2252457e+00  -2.1670801e+00
   2.0514449e-01   4.4204255e-01
  -7.2848843e-01  -6.6826731e-01
  -9.4122038e-01  -8.9366970e-01
