  -5.6157193e-01   1.0597449e+00
   7.4137504e-03   2.8680994e-01
  -5.3767443e-02   1.9762447e-01
  -1.1589665e+00   9.8267077e-01
   2.3986931e-01   1.9230743e-01
  -1.7024225e+00   3.0317103e-01
   3.4036621e-01   4.6818808e-01
   1.8463846e-01   1.4139247e-01
   3.1740968e-01   3.0405546e-01
   1.0572922e+00  -1.0987672e+00
  -7.4974332e-01   6.9010871e-01
  -1.0789640e-01   6.3372841e-01
  -5.3855117e-01   8.7428348e-01
  -5.9950441e-01   5.1363930e-01
   5.6423993e-01  -2.2918392e-01
  -1.1438016e+00   9.1422689e-01
  -9.0096625e-01   9.3084688e-01
  -1.4032065e+00   6.3677510e-01
  -7.4873764e-01   1.0122521e+00
   7.9230271e-01  -7.6487588e-01
   3.2570020e-01  -4.8957117e-02
  -1.1945385e-01   3.5852976e-01
   2.0603553e-01   4.1846242e-01
  -2.1296298e-01   4.5594438e-01
   4.5634897e-01  -5.2138258e-01
   9.6453842e-01  -6.0146363e-01
  -4.6970555e-01   1.0285262e+00
   1.8600752e+00  -2.4212637e+00
   1.2155071e+00  -8.2458026e-01
  -1.2596542e+00   1.0324980e+00
   4.4480460e-01   2.0075850e-01
   2.2446900e-01   1.4410396e-01
  -1.3900505e+00   7.0937857e-01
  -5.9164399e-01   6.8736952e-01
  -3.6187937e-01   1.1585078e+00
   9.7018973e-01  -8.1725790e-01
   4.6904568e-02   7.5457975e-01
   1.3906318e+00  -1.6748806e+00
   1.4746981e+00  -1.4646712e+00
  -1.2557386e-01   2.1542992e-01
  -2.3777589e+00  -1.0466474e+00
   3.3626379e-01  -1.7740890e-01
  -3.3996013e-01   5.3382780e-01
  -4.9513645e-01   9.4453682e-01
   1.2820768e-01  -7.5490684e-02
   2.1012594e+00  -2.7469855e+00
   6.8061612e-01  -3.8850329e-01
  -5.0082024e-01   7.4575452e-01
  -3.2896263e-01   4.6054522e-01
  -4.5328782e-01   5.5730746e-01
   4.0883185e-01  -2.5235790e-01
   5.2348870e-01  -3.5396704e-01
  -1.6320428e+00   6.6264072e-01
   6.0428204e-01  -2.0664385e-01
  -1.3434771e+00   8.9200538e-01
   2.8620352e-01  -4.9588214e-01
  -4.4288140e-01   3.5600802e-01
   1.5867143e+00  -1.8330058e+00
   2.8786108e-01   1.4196150e-01
   1.4254549e+00  -1.5762893e+00
  -3.4258771e-01   4.7614319e-01
   7.7042407e-01  -2.4305080e-01
  -4.6640405e-01   7.9858802e-01
   1.7633206e-01   9.8488222e-02
   8.9406674e-01  -9.1352752e-01
  -8.8052356e-02   1.5651860e-01
   7.8174998e-01  -6.3059211e-01
  -3.1447601e-01   4.3154854e-01
   9.0300801e-02   7.6056061e-01
  -1.7651648e+00   4.4828629e-01
   1.1045864e+00  -9.1268466e-01
   6.9166522e-01  -3.3266989e-01
   1.1953108e-01   3.5540623e-01
   1.5671689e+00  -2.0230848e+00
  -9.3369246e-01   8.2394995e-01
   5.9827729e-01   7.8628761e-03
  -1.6082202e-01   6.9912912e-01
   1.3738447e+00  -1.3772456e+00
  -1.2829783e-01   4.8036924e-01
   1.0239213e+00  -8.8346788e-01
   1.0123279e+00  -6.8067998e-01
  -9.9183488e-01   8.8541272e-01
  -1.0831315e+00   7.6509783e-01
  -9.7734799e-01   8.6251359e-01
   2.5721730e-02   1.0568431e-01
   6.8635312e-01  -1.7069463e-01
   1.7470555e+00  -2.1174001e+00
   3.3458241e-02   2.6629925e-01
   9.9764804e-01  -1.0872083e+00
  -9.1143530e-01   7.4234315e-01
   5.6077022e-02   1.8317045e-01
   1.0812168e+00  -1.1510545e+00
  -7.9126467e-01   7.3073781e-01
  -4.2733703e-01   5.5978769e-01
  -3.9604296e-01   1.1171223e+00
  -1.0455577e+00   9.2105584e-01
  -1.2049039e+00   9.9764489e-01
   1.5785132e-01  -1.1270661e-01
   2.4298927e+00  -4.0766707e+00
   1.4551328e-01   1.6464639e-01
   1.1702727e+00  -1.1434109e+00
   6.5571053e-02   1.2493976e-01
  -1.4694342e+00   6.8146674e-01
  -1.5416186e-01   4.5202087e-01
   4.2178639e-01   2.7817609e-01
  -2.5067354e-01   1.1931151e-01
  -4.4250937e-01   7.0762688e-01
   5.0044175e-01  -1.2043832e-01
  -3.3979874e-01   3.4900660e-01
   4.3795075e-02   2.2367055e-01
  -9.4713626e-01   9.2544866e-01
  -4.4546202e-01   6.2565227e-01
  -7.6886723e-01   7.8224890e-01
   2.4669360e+00  -3.9002578e+00
  -6.1114055e-01   5.8208687e-01
   4.8719049e-01   2.7160169e-01
   8.2378214e-01   1.3574781e-01
   1.2502843e+00  -1.1829098e+00
   1.2516065e+00  -1.0782061e+00
  -4.6197399e-01   3.5227811e-01
  -1.6728005e+00   3.3916178e-01
   8.8403859e-02   6.9316785e-01
  -9.4853153e-01   1.0884754e+00
  -6.8936556e-01   7.0136100e-01
   2.0424686e+00  -2.5688435e+00
  -3.5887857e-02   4.7101049e-01
   4.1520145e-01  -3.2834697e-01
  -1.6287792e+00   6.7076202e-01
  -7.6911059e-01   1.1491090e+00
   1.5837218e-01   8.7639630e-02
  -1.4308028e-02   7.8146379e-01
   7.1092020e-01  -5.9052385e-01
   3.7357333e-01   1.8185271e-01
  -4.7628484e-01   1.0194783e+00
  -8.6446672e-01   6.4024117e-01
  -1.0710249e+00   1.0175368e+00
  -5.1397331e-01   9.1742011e-01
   1.6282047e+00  -1.3389125e+00
   1.0833620e-01  -1.9475675e-01
  -1.3566262e+00   8.2883259e-01
   2.1104847e-01   7.5731345e-02
   4.2985712e-01   1.7462904e-01
  -3.6150389e-01   6.2586213e-01
   5.7577025e-01   1.0306013e-02
   3.0262232e-01   1.6104879e-02
   4.2836624e-01  -2.2613008e-01
  -1.1756275e+00   1.0406864e+00
   8.7548612e-01  -7.6795047e-01
   1.7756474e-01  -2.5561093e-02
   1.5005216e-01   1.6162521e-01
   1.4001044e+00  -1.5390356e+00
   1.4493035e+00  -1.3899063e+00
  -1.2278117e-01   6.5569325e-01
   4.9909716e-01  -3.6239728e-01
   7.3838605e-02   5.0951385e-01
  -1.8071553e+00   2.0669351e-01
   1.0380984e+00  -6.4335099e-01
  -1.3021350e+00   7.4922851e-01
  -6.0003778e-01   9.2401981e-01
  -1.0933396e-01   4.9092516e-01
  -1.1767170e+00   9.5646757e-01
   4.8163159e-02   3.0821068e-01
   1.3080647e+00  -1.3441616e+00
  -5.8044307e-01   6.0458188e-01
  -1.8014409e+00   2.9303080e-01
  -7.2854118e-01   8.5792299e-01
  -1.0227548e+00   1.1012297e+00
  -1.3951274e+00   8.2376724e-01
  -5.1650843e-01   4.0396002e-01
   2.7831209e-01   1.0575178e-01
   4.6807126e-01   4.3089069e-02
  -1.0131646e+00   8.3459626e-01
  -1.6618111e+00   6.3525192e-01
  -7.1991741e-01   1.0891226e+00
  -3.3568714e-01   4.7562464e-01
  -4.1097936e-01   6.4463882e-01
  -4.7855484e-01   9.9016423e-01
  -5.2714361e-01   6.9265864e-01
  -7.1223871e-01   7.7752936e-01
  -1.3106750e-01   6.3714594e-01
  -5.7544376e-02   5.8337220e-01
  -1.1360611e+00   1.0362790e+00
   8.8498958e-01  -7.4319313e-01
   1.1413845e+00  -8.5771731e-01
   1.5280310e+00  -1.8304771e+00
   7.2719859e-01  -2.6188949e-01
   1.3828652e+00  -1.3349161e+00
   1.6497140e+00  -1.8229883e+00
   1.5936342e+00  -1.7860039e+00
  -2.5274662e-01   6.9757037e-01
  -8.3129999e-01   9.2777845e-01
   1.2839055e+00  -1.5106315e+00
   1.3377336e+00  -1.4828200e+00
   2.5884085e+00  -4.2876957e+00
  -7.3585103e-02   6.5914346e-01
  -2.0044277e-01   6.1359635e-01
   5.8862676e-03   9.4886960e-01
   3.4221177e-01  -4.4557866e-01
  -1.1629859e+00   8.6121905e-01
   7.3935300e-01  -5.4742970e-01
   2.2326754e-01  -6.8797306e-02
  -8.3844086e-02   5.1588876e-01
  -1.0068224e-01   6.7822720e-01
  -1.3831560e+00   6.8311253e-01
   4.5560902e-01  -1.8723022e-01
  -9.6484870e-01   9.0074278e-01
   1.6353058e+00  -1.6387570e+00
  -1.0933672e-01   1.3149683e-01
   1.0246082e+00  -1.0108288e+00
  -1.8841219e+00   3.2290273e-01
  -3.2512898e-01   4.5691400e-01
  -1.3434691e+00   7.2820507e-01
   4.1675290e-01   1.1940394e-02
  -1.1568914e+00   8.6159368e-01
  -6.8680746e-01   5.6612804e-01
  -6.2168363e-01   7.2815630e-01
  -1.0217780e+00   9.4399512e-01
  -3.5145920e-02   4.4167485e-01
  -1.7363002e+00   3.9125982e-01
  -9.8362981e-01   6.9314368e-01
  -8.1614716e-01   9.0656671e-01
   3.9031517e-02   3.6185168e-01
  -1.0760017e+00   9.9710911e-01
   4.8369027e-01  -5.8163774e-02
   2.1182134e+00  -2.8888177e+00
   1.6039347e-01   3.0884019e-01
   8.2403656e-01  -2.8790022e-01
   2.1076661e+00  -2.7533271e+00
  -9.3536818e-02   9.3609755e-01
   6.6381522e-01  -4.3255017e-01
  -3.1805783e-01   7.8151298e-01
  -4.0789217e-01   5.0981491e-01
  -1.8942254e+00   2.4854370e-01
   1.0202566e+00  -5.8224044e-01
   7.7662399e-02   2.7490842e-02
   2.8698224e-01   5.7728806e-03
  -4.1814618e-01   7.7973083e-01
   8.9728592e-03   3.2554426e-01
  -2.3403252e-01   2.9501222e-01
  -6.0877152e-01   1.3347840e+00
   1.2131692e-01   1.6879612e-01
   7.3064376e-01  -4.8932587e-01
   7.5633574e-01  -2.4726026e-01
  -5.5561608e-01   1.2150160e+00
   7.8306084e-01  -7.3526438e-01
   9.3876396e-01  -7.1241977e-01
   8.1716690e-01  -1.8643283e-01
  -4.7032636e-01   3.6345851e-01
   6.9236955e-01  -6.2776575e-01
   5.2898161e-01   4.5711903e-01
  -6.2368496e-01   9.4578612e-01
  -1.8050200e-01   2.7482613e-01
   1.5138126e-01   1.0403290e-02
   8.0898387e-01  -7.5113362e-01
   9.9858386e-01  -9.4604176e-01
  -3.9419290e-01   4.9482568e-01
   2.4355540e-01  -1.1953146e-02
  -1.5316231e-02   7.1563505e-02
  -1.0824807e+00   9.9844263e-01
  -1.2609541e+00   1.0962191e+00
   1.0021743e+00  -3.7461246e-01
   9.1257749e-01  -5.2340834e-01
  -1.5211976e+00   6.2193504e-01
  -5.8754834e-01   9.9949855e-01
   1.3586620e+00  -1.3828983e+00
  -7.9695499e-01   7.3495035e-01
   1.3430736e+00  -1.1702611e+00
  -3.7432511e-01   1.0846102e+00
  -1.1486082e+00   7.5689887e-01
  -3.1910849e-02   2.9977354e-01
   3.8936328e-01   9.1280810e-02
  -2.1887870e+00  -3.8875659e-01
  -1.4902085e-01   7.4942232e-01
  -1.7478355e+00   1.0917530e-01
   8.2457291e-01  -2.6018085e-01
   5.9305421e-01  -6.0576601e-01
  -4.6245190e-01   9.9483540e-01
  -3.8829274e-01   7.9297083e-01
  -2.5764682e-01   8.1932876e-01
   7.2481906e-01  -5.0116075e-01
   1.1829779e+00  -1.2743327e+00
   1.6597376e+00  -1.6979946e+00
  -1.0253361e-01   2.1039031e-01
  -6.9560546e-01   9.5497490e-01
  -1.4031621e+00   7.4824109e-01
   7.6577603e-01  -3.7428605e-01
   2.0103739e-01  -8.4576492e-02
  -2.7310456e-01   9.2875983e-01
   1.3157314e+00  -1.3487038e+00
   1.0976340e-01   1.8117013e-01
  -9.8337373e-01   9.4153327e-01
   3.1898589e-01  -2.2365056e-02
   7.1764761e-01  -5.1509056e-01
   3.4343168e-01  -5.5476989e-02
   1.4178381e+00  -1.3603560e+00
  -4.7493006e-01   7.4896113e-01
  -1.1148209e-01   7.0141857e-01
   5.4633208e-01   1.4142833e-01
  -5.7359181e-03   7.0837625e-01
  -6.2908482e-01   7.0463771e-01
  -3.1958425e-01   6.6127614e-01
  -2.2139956e+00  -7.5850021e-01
  -1.4092560e+00   7.3143629e-01
  -1.3700782e+00   7.6559569e-01
  -4.5967120e-01   7.3352062e-01
  -6.3023605e-01   9.0273968e-01
   6.6288546e-01  -4.3860492e-01
  -2.1865294e+00  -4.7264067e-01
   3.5425807e-02   8.9121236e-01
  -1.2242776e+00   8.6875024e-01
  -3.0892540e-01   6.6803019e-01
   2.0165287e+00  -2.2583170e+00
   4.5801120e-01  -1.6852466e-01
   3.7388739e-01   1.7455529e-01
   4.5233394e-02   6.6777046e-01
   7.2891559e-01  -5.2476726e-01
   6.9066465e-01  -7.7036198e-02
  -1.8358490e-01   7.4769696e-01
   1.1074481e+00  -9.2103345e-01
  -6.7037178e-01   7.8822143e-01
  -1.0743673e+00   9.9880879e-01
   2.4145036e-01   6.6387510e-02
   1.6397231e+00  -1.8645852e+00
   1.4734182e+00  -1.6642087e+00
  -2.3971170e+00  -1.5195326e+00
  -1.4260040e+00   7.1827326e-01
  -6.7144404e-01   6.3088411e-01
   2.9479587e-01   2.8351283e-01
   1.6563922e-01   4.6542995e-01
  -4.2544221e-01   6.6114252e-01
   1.6741040e+00  -2.1757259e+00
  -9.2213229e-01   1.1370035e+00
   7.8395663e-01  -5.3690514e-01
   7.6657815e-02   9.0106774e-01
  -7.5024198e-02   2.8175042e-01
   2.3195226e+00  -3.5056049e+00
   1.8596834e+00  -2.1184944e+00
   2.5422551e-01   1.6797072e-01
  -2.0475213e-01   4.3862758e-01
  -1.9075082e+00   3.2515470e-01
  -2.2239538e+00  -7.6451147e-01
  -6.4230875e-01   7.5796681e-01
  -4.4817399e-01   8.9046281e-01
   1.0682713e+00  -6.9650192e-01
  -4.1751708e-01   8.9761421e-01
  -1.3217426e+00   7.2203371e-01
   2.1610752e-01   1.8920982e-01
   1.8880771e+00  -2.4522760e+00
   2.2829945e+00  -3.4068712e+00
  -2.5175365e-01   5.3717206e-01
   4.8749598e-01   1.7095403e-02
  -4.0603304e-01   5.9524337e-01
   1.8036749e-01   2.4460282e-01
  -1.9475695e-01   9.1638317e-02
   1.5229087e-02   6.5467641e-01
   5.0564949e-01  -2.7313810e-02
  -1.3030314e+00   6.5638089e-01
   3.8829281e-01   3.1457804e-01
  -1.4318388e-01   9.3957052e-01
  -8.0698354e-01   5.8256548e-01
   8.7360915e-01  -7.5261398e-01
   2.6221344e+00  -4.1839492e+00
  -4.3511154e-01   4.4855959e-01
   1.8781603e-01   2.4337126e-01
  -8.2390309e-01   8.4449359e-01
  -8.1607245e-01   9.2708360e-01
   6.8607889e-02   1.7884598e-01
  -5.6650182e-01   1.3715531e+00
   1.3421766e+00  -1.3918704e+00
   4.8804194e-01   2.1282148e-01
   1.2165111e+00  -1.0906284e+00
   5.3575645e-01  -2.4735018e-01
  -2.0244398e-01   3.4067628e-01
  -1.3527662e+00   6.9789053e-01
   6.5707813e-01  -1.0466932e-01
  -3.4047794e-01   1.0556628e+00
   7.2578267e-01  -5.7262162e-01
   5.9895483e-02   1.9179024e-01
  -1.7768426e-01   5.9561376e-01
   8.2440715e-01  -2.9574415e-01
   4.1895923e-01  -1.8513193e-01
  -1.9640507e-02   3.5511660e-01
  -7.8697630e-02   7.0872673e-01
   1.9320882e+00  -2.7698148e+00
  -1.3265173e-01   1.8221409e-01
   4.5152175e-01  -1.3299794e-01
  -1.2188881e+00   9.4009013e-01
   1.8916844e-01   1.6319315e-01
  -4.1694652e-01   5.7518726e-01
  -3.0467624e+00  -3.8012020e+00
  -9.4115164e-01   9.4271881e-01
   5.8078140e-02   1.9045760e-01
   5.8762307e-01  -5.0144083e-01
  -1.1888634e+00   8.3252783e-01
   1.1843710e+00  -1.2845911e+00
  -1.2498406e+00   1.0484110e+00
   3.1978059e-01   2.7451757e-01
  -1.8709285e+00   2.2326289e-01
   7.1831551e-01  -4.4572466e-01
  -1.4986126e+00   6.0766015e-01
  -3.3560830e-01   7.7596052e-01
  -2.8357951e+00  -3.1207351e+00
   1.6790979e+00  -1.8216223e+00
   2.2527709e-01   3.7564080e-01
  -4.5484368e-01   7.1448921e-01
  -4.3072292e-01   8.1672239e-01
   6.6479035e-01  -8.0795873e-01
   6.5986373e-01  -6.6353681e-01
  -2.1161567e+00  -3.7375124e-01
   1.4319673e+00  -1.5277932e+00
   1.2946898e+00  -1.3741975e+00
  -6.3491161e-01   4.5317279e-01
   1.6376411e+00  -1.3562998e+00
   1.0610416e+00  -5.2346605e-01
  -6.8536536e-01   6.8657350e-01
  -1.3179613e-01   7.9350236e-01
  -5.1080870e-01   1.0588440e+00
  -4.8663601e-01   9.1556460e-01
   1.3675311e-01   3.7980578e-01
  -1.3831977e+00   7.6219158e-01
   6.6905277e-01  -3.2865619e-01
  -2.0877941e+00  -1.3850738e-01
   2.5849083e-01  -3.4123471e-01
   1.4767173e+00  -1.6223591e+00
  -7.3766877e-02   9.3927289e-01
   9.5867584e-01  -1.0194544e+00
   1.7192258e+00  -1.8503119e+00
   2.3537786e-01  -1.7743698e-01
  -1.4671558e-01   6.8370523e-01
   5.6428371e-01  -4.6864705e-01
   1.2221582e+00  -1.3143480e+00
   1.2560924e+00  -8.5770850e-01
   1.4007300e+00  -1.3579898e+00
   9.1356165e-01  -5.8725561e-01
  -4.9176036e-01   3.3042950e-01
  -1.0937536e+00   9.5490694e-01
   2.9454397e-01  -4.5694258e-02
  -1.2658577e-01   2.3232907e-01
  -9.9781242e-01   7.4258428e-01
   2.5502460e-01   2.8620086e-01
   2.1360731e+00  -2.9245596e+00
   1.5123002e+00  -1.6619342e+00
   5.1983351e-01  -9.9478149e-02
  -9.2645003e-01   1.1250279e+00
  -9.0620154e-02   5.2742214e-01
  -1.0365231e+00   6.9405035e-01
  -7.6815027e-01   6.6687590e-01
   1.3816738e+00  -1.4688715e+00
   1.3492797e+00  -1.1554581e+00
   2.6669747e-01  -1.3214410e-01
  -1.5855200e+00   8.8933998e-01
  -8.2732420e-01   6.1253601e-01
   4.4214007e-01  -1.1558578e-01
  -2.4265968e+00  -1.0040597e+00
  -5.6928592e-02   3.2461851e-01
  -3.7595884e-01   4.7536944e-01
  -9.6821645e-02   7.7795976e-01
   4.6523371e-01  -6.3948491e-02
  -4.5219622e-01   5.0132653e-01
  -2.7188406e-01   6.5818503e-01
   9.5513537e-01  -7.1267213e-01
  -4.7954714e-01   4.9504323e-01
  -8.8800485e-01   9.6288470e-01
   1.2309903e+00  -1.1442277e+00
   3.8948959e-01  -7.3374496e-02
   1.8113785e+00  -2.6201482e+00
   1.3322349e+00  -1.4987391e+00
  -7.7792529e-01   8.2725350e-01
   1.3287238e+00  -1.4505352e+00
   9.4466581e-01  -5.4879732e-01
   1.5582064e+00  -1.6198131e+00
   8.6126780e-02   5.2387267e-01
   3.4379043e-01  -2.7205374e-01
  -6.4225664e-01   7.6744581e-01
  -1.4608950e+00   8.0437216e-01
   5.6827603e-01  -4.5413152e-01
  -5.0781649e-01   8.4879742e-01
   1.1583124e-01   3.7672843e-01
  -8.1603412e-02   6.9278374e-01
  -2.6225069e-01   8.6578951e-01
  -7.8968246e-01   9.1608680e-01
   1.5550553e-01  -9.9708953e-02
  -2.5573304e+00  -1.8231587e+00
   2.9988531e-01   1.9648229e-01
  -1.0945354e+00   8.9952842e-01
  -5.1759802e-01   7.2740446e-01
  -1.2742639e+00   7.6075570e-01
   1.2287752e+00  -1.5618516e+00
  -2.3826479e-01   9.8999197e-01
  -1.4663972e+00   6.8259070e-01
  -1.2799467e-01   2.8508781e-01
   5.2118636e-01  -2.2371663e-01
   8.3585906e-01  -7.0624521e-01
  -2.9740928e-01   6.0998230e-01
   5.9498959e-01   2.0178066e-01
   1.2099772e+00  -3.2935383e-01
   9.2891161e-01  -1.8733279e-01
  -9.0857565e-01   1.0640389e+00
   7.8167033e-01  -8.0982118e-01
   3.0407920e+00  -5.1995427e+00
   1.9503497e-01   1.5079918e-01
   3.9624474e-01   1.5488434e-01
   4.5306657e-01  -2.8167677e-01
  -2.4868823e-01   7.8583446e-01
  -1.1974475e-01   4.3239500e-01
  -4.7669985e-01   7.0547782e-01
  -4.7457404e-02   4.9274389e-01
   1.5322158e+00  -1.7500836e+00
   3.7224715e-01  -1.8848934e-01
  -1.5871471e-01   8.3916580e-01
  -8.4634719e-01   8.9433922e-01
  -2.7902355e-01   3.0337733e-01
  -1.6892656e-01   4.1609595e-01
   6.3549608e-01  -4.7282085e-01
   9.2831634e-01  -8.2305414e-01
  -1.9379107e-01   5.3293638e-01
   2.8746031e-01   2.0852171e-01
  -7.0924089e-01   6.4848956e-01
  -4.1696750e-01   7.5949532e-01
  -1.2030369e+00   7.4802527e-01
  -6.3506963e-01   5.7256781e-01
   1.5937968e+00  -1.8268361e+00
   3.4293927e-01  -1.9255657e-01
   2.0507787e+00  -2.5244773e+00
  -1.9053471e-01   6.1860662e-01
  -6.3386700e-01   9.5424633e-01
   8.1254550e-01  -2.5613577e-01
   4.5031741e-01  -1.1092367e-01
  -8.7295498e-01   1.0899314e+00
  -1.0799452e-01   3.0787422e-01
  -1.0180931e+00   8.1085151e-01
  -8.1090538e-01   1.1131333e+00
   5.2438402e-01  -1.0088211e-01
  -8.1294064e-01   7.5667955e-01
  -3.5729439e-01   9.3646701e-01
   1.1746253e+00  -8.7772033e-01
   2.3593987e-01  -5.2369765e-02
   7.5538767e-01  -6.1688727e-01
   3.1987998e-01  -1.5885320e-01
  -1.8471303e-01   6.6422797e-01
  -8.5690728e-02   8.1609298e-01
  -1.9134829e+00  -1.3387794e-01
  -1.1716800e-01   2.3689697e-01
   3.1744358e-01   3.9072796e-02
   4.2697068e-01   3.3109355e-01
  -1.1199674e+00   9.2827284e-01
  -3.0160674e-01   6.6322397e-01
   2.2483552e+00  -3.4126639e+00
  -1.8175020e+00   2.2989335e-01
   3.5656695e-01  -1.1132133e-02
   2.6182709e-01  -2.3817761e-01
   6.1102993e-01  -7.0116395e-01
   2.0381805e-01   2.8378162e-01
  -7.6708585e-01   1.1109183e+00
  -1.0623508e+00   1.0244654e+00
  -6.7643127e-01   1.0314015e+00
   2.1698555e+00  -2.8639065e+00
   1.0502304e+00  -9.9077119e-01
   9.4440206e-01  -8.1888150e-01
  -4.0553896e-02   4.8728441e-01
  -1.1422003e-01   4.6422174e-01
  -1.1295246e+00   7.9900518e-01
  -9.5861144e-02   9.2742301e-01
   1.5425171e+00  -1.5501851e+00
   1.8715636e-01   8.9798424e-03
  -2.2814940e+00  -9.0017299e-01
   9.2596857e-01  -7.4901088e-01
   1.1190810e+00  -6.6078370e-01
  -5.0204273e-01   7.7346068e-01
  -1.8739844e+00   1.4154840e-01
   2.8435742e-01   1.2345739e-01
  -1.2244358e+00   8.6049111e-01
   4.3889103e-01  -2.1694562e-01
  -7.3269657e-01   8.9133848e-01
   2.0183199e+00  -2.7479101e+00
  -8.4345910e-01   7.3555451e-01
   1.3159879e-01   6.3667468e-01
  -4.8011670e-01   8.0629799e-01
  -1.0558388e+00   8.8159964e-01
  -2.8383113e-01   6.6772534e-01
  -3.9352025e-01   8.7025546e-01
   6.3353357e-01  -9.2800807e-01
   9.0578918e-01  -6.5376413e-01
  -4.9167909e-01   7.7735600e-01
   6.0361409e-01  -1.8834278e-01
  -7.0476187e-01   8.7286631e-01
  -1.5825038e-01   8.1466762e-01
  -3.6396416e-01   6.7061899e-01
   3.0359477e-01   1.7170105e-01
  -1.7092348e+00   6.3879376e-01
  -1.7306070e+00   3.2898889e-01
   9.8902504e-01  -9.7112133e-01
   9.5421388e-02   2.7433071e-01
  -1.1820638e+00   8.9143730e-01
  -1.0962942e+00   9.4444210e-01
   4.9136010e-01  -2.1445325e-01
   1.2877021e+00  -1.4668963e+00
   1.2533187e-02   2.7632972e-01
  -9.9362058e-01   8.9431971e-01
  -5.6017648e-01   7.3638216e-01
   8.6193064e-01  -6.5019832e-01
  -1.6043887e+00   6.8885060e-01
   5.2613400e-01  -2.5183990e-01
  -3.8598503e-01   5.4912048e-01
   1.1235376e+00  -1.2622538e+00
   6.4468311e-01  -4.8689979e-01
  -3.9735824e-01   8.9302290e-01
  -1.0771373e+00   8.4588117e-01
   1.1916544e-01   1.9666702e-02
  -1.9059811e+00   1.8346320e-01
  -4.1984420e-01   1.0081231e+00
   2.1058829e+00  -3.2749160e+00
   2.2241890e+00  -3.2450057e+00
   1.4677867e+00  -1.5929852e+00
  -2.7876857e+00  -3.1074755e+00
  -6.1970309e-01   1.2775875e+00
  -1.2709228e-01   4.3304573e-01
  -4.2664430e-01   5.4035920e-01
  -2.9670443e-02   4.6436133e-01
   2.4684309e-01  -1.2975775e-01
   3.5417467e-01   1.3188670e-03
   6.6555297e-01  -5.0654299e-01
   1.4559726e+00  -1.5180410e+00
   1.3001090e+00  -9.0141982e-01
   1.0610770e+00  -8.8492467e-01
  -7.2939456e-01   6.7796199e-01
  -1.0691523e+00   9.7342269e-01
   3.8059266e-01  -1.8352366e-01
   1.7933405e-01   4.6964841e-02
  -7.6241616e-01   9.2447020e-01
  -3.4484256e-01   5.4449329e-01
   3.3318336e-01   7.5327342e-02
  -1.4877902e+00   7.2405698e-01
  -3.8624839e-01   1.0342862e+00
   1.7276579e+00  -2.1248625e+00
   1.3047914e+00  -9.5170155e-01
  -4.8999799e-01   9.7289925e-01
   1.4550451e-01   6.2296291e-01
  -1.3447169e+00   7.0793210e-01
   3.5315829e-01  -6.9125289e-02
  -1.3464168e-01   7.2854050e-01
  -3.1771676e-01   3.4083675e-01
  -6.5206871e-01   1.0697826e+00
  -7.3601143e-01   1.3345952e+00
  -4.3168957e-01   2.6712651e-01
   4.8361978e-01  -2.9144863e-02
  -5.8116864e-02   7.0871802e-01
   1.8366606e+00  -2.0529235e+00
   7.6105326e-01  -6.6311283e-01
  -1.7186754e+00   4.5590973e-01
  -7.1691993e-01   1.1157255e+00
   1.0988305e+00  -1.1462881e+00
  -9.7846300e-01   9.3600123e-01
  -2.0664510e+00  -3.0335825e-01
   3.2915363e-02   1.3864976e-01
   1.8729220e+00  -2.1620749e+00
  -4.3709449e-01   7.1339548e-01
   1.3615186e+00  -1.3522816e+00
   7.5580817e-01  -6.1951683e-01
  -6.6274240e-01   8.7316991e-01
  -1.4151173e-01   2.9325110e-01
  -3.6536120e-01   2.8468335e-01
  -9.8658335e-01   1.1081350e+00
  -5.4031126e-01   6.0979915e-01
  -1.4046592e+00   7.5888154e-01
  -2.1533129e+00  -1.7354104e-01
  -1.5591039e+00   7.8932912e-01
  -1.4015113e-01   9.2041160e-01
  -1.5530823e+00   5.7664356e-01
   5.1646039e-01  -2.9058887e-01
  -5.9618295e-01   7.9685470e-01
  -1.4593207e+00   7.5657096e-01
   9.3465792e-01  -1.2173479e+00
  -1.0316329e-01   1.9409771e-01
  -8.9462703e-01   9.3050678e-01
  -3.3715522e-01   5.7075264e-01
   9.5005753e-01  -9.3469849e-01
  -1.5989125e+00   6.6998721e-01
   2.3162390e+00  -3.1551788e+00
   1.3880777e-01   2.5067249e-01
  -1.1284806e+00   9.5789246e-01
  -1.1348208e+00   1.0461027e+00
  -1.7450829e-01   2.3102237e-01
  -1.5148981e+00   6.7754189e-01
  -9.8598335e-01   9.8148421e-01
  -1.3520549e+00   7.1785632e-01
   9.2560528e-01  -3.2304389e-01
  -9.7680635e-01   8.3625332e-01
  -2.4379435e-01   1.0458727e+00
  -2.1002853e+00  -9.4184993e-02
   1.4781961e+00  -1.5572290e+00
  -4.8883870e-01   7.7989654e-01
  -3.3080144e-01   6.2653229e-01
   1.1515795e+00  -1.1550182e+00
  -6.1183455e-01   8.0336075e-01
  -2.3158367e+00  -6.3851015e-01
  -2.7407695e-01   3.2790538e-01
   1.4403506e+00  -1.6855573e+00
   8.2494532e-01  -6.0341186e-01
  -1.3545913e-01   4.0853061e-01
   2.0938833e+00  -2.7251074e+00
   7.7756548e-01  -2.8792851e-01
   1.0644902e-01   7.1996469e-01
  -3.6930060e-01   7.9422326e-01
   9.2716371e-01  -6.5126438e-01
  -4.0653921e-01   7.0210481e-01
  -1.8074144e+00   4.4041294e-01
   1.8260677e+00  -2.3462326e+00
   3.4737836e-01  -3.3783188e-02
  -8.0289896e-01   9.5326706e-01
   9.1512875e-01  -1.0196553e+00
  -2.8256490e-01   4.9281003e-01
  -9.0936371e-01   1.3069441e+00
  -5.1963670e-01   8.8428026e-01
  -8.5813839e-01   7.5581226e-01
   9.1622955e-01  -7.4777466e-01
  -1.9098955e+00   3.2112124e-01
  -1.1934480e+00   8.5086606e-01
  -8.9949965e-01   7.4661085e-01
   4.4665347e-01  -2.1669589e-01
  -4.5942144e-01   5.3032057e-01
   5.6908460e-01   1.3782014e-01
   6.1571801e-01  -2.8735515e-01
   8.7092316e-01  -8.3442264e-01
   7.9423647e-01  -3.5572612e-02
   1.1418056e-01   1.9448427e-01
   4.6481483e-01  -7.8289277e-02
  -1.4008592e-01   2.1376000e-01
   1.3071898e+00  -1.4023149e+00
  -6.1049481e-02  -2.9057211e-02
  -1.3241084e+00   6.5941053e-01
   4.4834685e-01   1.9797251e-01
   5.2594384e-01   4.0682234e-02
  -2.7968267e-01   6.6924870e-01
   3.1819203e-02   7.6837621e-01
   1.6895037e-01   1.1958601e-01
   1.8027728e+00  -2.5757331e+00
  -7.0013144e-01   8.0845638e-01
   1.6127231e+00  -1.9135671e+00
  -2.9809008e-01   8.7278133e-01
  -5.3158302e-01   6.0255346e-01
  -1.2356445e+00   9.6365663e-01
   7.3128908e-01  -5.4509672e-01
   1.0966104e+00  -1.2230753e+00
  -4.7081701e-01   5.0797387e-01
  -5.9803472e-01   8.3954291e-01
   4.5332671e-01   4.8173227e-02
  -2.7090891e-01   5.5763497e-01
   8.8414585e-01  -8.0594141e-01
   1.1769629e+00  -9.9586255e-01
   6.6416757e-01  -5.2933851e-01
   6.3069586e-01  -3.3057942e-01
   2.3724123e-01   1.0497071e-01
  -5.0694932e-01   5.6556414e-01
   6.3783180e-02   1.7533039e-01
   6.9953521e-01  -7.5172811e-01
  -9.0348202e-01   7.3386608e-01
  -1.4619950e+00   7.3939384e-01
  -5.0468045e-01   6.4018574e-01
  -1.9614788e+00   1.5804649e-01
  -4.5448800e-01   6.6970367e-01
  -3.5337739e-01   7.0288358e-01
  -3.2193168e-01   6.2474361e-01
   9.6847006e-02   3.1300009e-01
   1.3759452e+00  -1.7219251e+00
   7.6438961e-01  -6.1706389e-01
  -1.4105854e+00   8.6547710e-01
  -2.9342168e-01   5.6520272e-01
  -9.7604598e-01   1.0690633e+00
   1.2814925e+00  -1.2471823e+00
   1.6188953e+00  -1.7739146e+00
   9.3938620e-01  -1.0627567e+00
   2.0522231e-01   3.3412226e-01
  -8.5881925e-01   1.1989508e+00
   1.4276961e+00  -1.7838335e+00
   1.6774588e+00  -1.9062810e+00
   5.8573072e-01   2.4712295e-01
   3.9899573e-01   1.0763730e-01
   1.0382596e+00  -1.0281332e+00
   5.0124603e-01   3.6152877e-01
  -3.9830643e-01   8.3956938e-01
  -1.1782620e+00   7.2443980e-01
   2.5126343e-01   4.1684641e-03
  -1.8775698e+00   4.7154986e-01
   1.0087261e+00  -4.5374774e-01
   1.9942668e-01   2.1546161e-01
   3.5617461e-01  -1.1395590e-01
  -7.9951133e-01   9.3244633e-01
  -1.8555265e+00   4.1655119e-01
   1.0007176e+00  -6.3075571e-01
  -1.4501115e+00   7.9605344e-01
  -2.2431092e+00  -4.8360985e-01
   4.4181477e-02   2.9887969e-01
  -6.1290439e-03   7.9043153e-01
  -1.1492454e+00   9.8926378e-01
  -1.2105106e+00   7.4854553e-01
  -1.3325850e+00   8.2271247e-01
   1.6112019e+00  -1.9118297e+00
   3.9810682e-01   1.3484373e-01
  -1.6398181e-01   7.2702355e-01
   8.3281131e-01  -5.2956633e-01
  -3.2121589e-02   4.5849801e-01
  -1.8649985e+00   3.2852922e-01
  -7.0050260e-01   7.9038721e-01
  -1.6822983e+00   4.9635424e-01
   1.5596168e-01   1.5956972e-01
   4.9663469e-01   3.0542989e-02
  -4.0533656e-01   4.0861159e-01
  -3.1937184e-01   5.4966665e-01
  -6.5766663e-01   9.0086269e-01
  -7.1890773e-01   7.2575257e-01
   1.2756303e+00  -1.0027963e+00
   8.5275527e-01  -8.0045550e-01
   2.1137749e+00  -3.1109571e+00
  -5.9689581e-01   7.1367697e-01
   8.3087291e-01  -1.7102222e-01
  -1.5366051e+00   6.0831207e-01
  -5.0789441e-01   9.9323404e-01
  -8.0429268e-02   3.0196460e-01
  -2.7971068e-01   3.2701475e-01
  -1.0120250e+00   1.0538147e+00
   2.1636370e+00  -3.0126237e+00
   1.6698216e-01   1.8610979e-01
  -5.3410386e-01   4.7030091e-01
   1.5601635e+00  -1.4512779e+00
  -1.2052832e+00   9.0800300e-01
   7.3052026e-01  -3.7858512e-01
   9.7985840e-01  -1.0731606e+00
  -2.5117471e-01   3.8952054e-01
   6.1011397e-02   7.8092622e-01
   8.7913796e-02   2.9209957e-01
  -1.4088550e-02   3.9081127e-01
   8.9276972e-01  -5.8577367e-01
   7.8253230e-01  -5.7141199e-01
   7.6587474e-01  -4.2574976e-01
  -4.1748455e-01   5.7582841e-01
   2.9212688e+00  -5.3625993e+00
  -1.3406528e+00   7.7295587e-01
  -8.3008851e-01   9.5897793e-01
  -6.1375751e-01   7.3023649e-01
  -1.2481935e+00   9.6680411e-01
   3.5236572e-01   2.7707111e-01
   1.4924217e+00  -1.6324774e+00
  -4.2835923e-02   5.5371324e-01
  -6.4834909e-01   8.7436311e-01
  -9.7515318e-01   1.0113740e+00
  -1.3893928e-01   5.6242232e-01
   9.7529585e-01  -3.9998438e-01
  -5.5010473e-01   8.6930643e-01
   3.1014020e-01   8.6278568e-02
   1.3160421e-01   5.1961281e-01
   2.6231585e-01   6.7242690e-01
   5.8861613e-01  -6.8317782e-01
   1.9535925e+00  -2.4622612e+00
   9.4347505e-01  -5.7246079e-01
   1.2894466e+00  -8.0536895e-01
  -7.1571801e-01   9.5020422e-01
   1.5554780e+00  -1.6498325e+00
  -9.3776720e-01   8.4256735e-01
  -7.0966819e-01   6.6189969e-01
  -2.5394347e+00  -1.2062458e+00
  -2.7017093e-01   5.6755820e-01
  -8.2245925e-01   8.2327357e-01
  -1.6290785e+00   5.5634237e-01
   8.7484905e-01  -7.1935332e-01
   1.0694175e+00  -1.1567585e+00
   4.5365377e-01  -4.7954269e-02
   9.0933497e-01  -6.7864243e-01
   8.8199646e-02   6.1512068e-01
  -5.6106926e-01   5.1964112e-01
  -1.8663855e-01   5.6611407e-01
  -1.7272719e-01   5.5197976e-01
   2.3017646e-01   3.2159140e-01
   6.7951336e-02   1.3404089e-01
   1.4564485e+00  -1.3587083e+00
   1.1564274e+00  -1.3025166e+00
  -3.2146002e-01   3.6227846e-01
   1.3851789e+00  -1.4702636e+00
   1.0933510e+00  -9.5555908e-01
   1.0589871e+00  -1.1817504e+00
  -1.3127370e+00   9.1285451e-01
   8.1109138e-01  -5.7467393e-01
   9.7292469e-01  -9.1951128e-01
   1.1425642e+00  -1.3014062e+00
   6.0210715e-02   4.3127029e-01
   1.8943835e-01   8.0645792e-02
   1.5993476e+00  -1.5570920e+00
  -6.8346779e-01   6.3723741e-01
  -7.4870217e-01   1.2803968e+00
  -1.0999995e+00   1.1742180e+00
   4.3739456e-01  -2.4974597e-01
   2.9563334e-01   2.2357587e-01
  -1.2308803e+00   8.2353956e-01
   3.1750670e-02   5.4823464e-01
   1.4966396e+00  -1.4362897e+00
   1.4292764e-01   5.7261855e-01
  -1.0005627e+00   1.0483227e+00
  -5.6125359e-01   6.4528635e-01
   2.0945783e+00  -2.8654488e+00
   9.6221514e-01  -1.9436957e-01
  -1.1948077e+00   8.1954340e-01
   1.7244735e+00  -2.0702472e+00
  -7.7614336e-01   1.1281577e+00
  -6.5119164e-01   7.7880291e-01
   4.1368513e-01  -2.3696074e-01
   6.1830091e-01  -2.6369485e-01
   5.5591743e-01  -1.5785556e-02
  -1.1916255e+00   1.0902261e+00
  -1.0349451e+00   8.3139918e-01
   5.5334570e-02   7.0573374e-01
   6.1862958e-02   7.1262381e-01
  -6.8575189e-01   1.1078155e+00
   1.0001522e+00  -5.3251211e-01
   2.0474079e+00  -2.9649006e+00
  -2.1999347e-01   1.8186269e-01
   2.1769117e+00  -2.9722042e+00
   9.3735166e-01  -8.4365447e-01
  -5.9022008e-01   5.7720151e-01
  -2.1008001e+00  -2.3726063e-01
   3.2968826e-01  -2.7081506e-01
   1.2257246e-01  -8.4025313e-02
   1.6956545e+00  -2.2557781e+00
  -2.7343382e-01   8.7780469e-01
  -4.4003929e-01   7.5431108e-01
   7.0391554e-01  -3.4941188e-01
  -5.2764185e-02   3.5061569e-01
   3.9847143e-02   8.6605975e-01
  -1.2741713e-02   2.6663451e-01
   2.4109580e-01   5.5839182e-01
  -1.2599269e+00   8.2024994e-01
   4.6201994e-01   2.3714175e-01
  -1.4176477e+00   6.4174870e-01
  -6.8862104e-01   7.2355897e-01
  -1.9218349e+00   1.5661805e-01
   3.3886086e-01   1.9128404e-01
   5.0225307e-01   1.5432684e-01
   6.3155659e-01  -5.5905463e-01
   4.2527069e-01  -7.3330417e-02
   3.8869239e-01   5.2715400e-01
  -2.0461588e+00   1.4295572e-01
  -1.6874644e-01   7.0887381e-01
  -4.6270091e-01   8.0692035e-01
  -1.6735262e+00   4.1839256e-01
  -1.5618878e-01   5.2982808e-01
   6.7734772e-02   2.8289175e-01
   5.3427577e-01  -2.1253745e-01
   3.0663201e-01  -2.3580157e-02
  -3.6651053e-01   6.0338228e-01
   3.0253290e-01   4.2084039e-01
  -1.5650371e+00   6.2364277e-01
   3.2926208e-02   1.5895519e-01
  -7.5750433e-01   1.0513469e+00
   1.2419602e+00  -1.2894007e+00
   9.2911674e-01  -4.8714284e-01
   7.8664760e-01  -6.1374786e-01
  -3.7492144e-01   5.7117789e-01
  -6.1363421e-01   7.4109980e-01
  -7.0520138e-01   1.1332161e+00
  -1.1846559e-01   5.9403666e-01
   1.2884218e+00  -1.3587618e+00
  -9.0472171e-03   5.6429095e-01
  -5.9023191e-01   7.8591702e-01
   5.0619193e-01  -2.4275260e-01
   5.2865739e-01  -4.3790298e-01
   7.6895465e-01  -3.9496243e-01
   1.6437690e-01  -1.7684201e-01
  -1.2942281e+00   5.8922883e-01
  -1.7054821e+00   4.2346490e-01
  -5.4722615e-02   5.6593633e-01
  -9.0640232e-01   7.9388425e-01
  -2.1603612e-01   5.0121549e-01
  -2.0357652e-01   4.0389460e-01
  -1.1835979e+00   8.8994611e-01
   1.8130368e+00  -1.8727627e+00
   1.4022661e+00  -1.1769248e+00
  -1.3818713e+00   6.6507272e-01
  -4.2405844e-01   9.2276654e-01
   1.9880873e+00  -2.5895992e+00
  -1.2220456e+00   1.0626695e+00
   1.8545549e+00  -2.4221986e+00
  -2.6549381e-02   5.9197230e-01
   9.1228354e-01  -3.4509183e-01
   1.7419090e+00  -1.9271357e+00
   6.4249682e-01  -3.2444210e-01
  -1.1604340e+00   1.1487176e+00
  -4.0452009e-01   2.0701162e-01
  -1.7716987e+00   1.0508505e-01
  -6.0262443e-01   7.1408927e-01
  -1.8682895e+00   3.2064845e-01
   7.1401000e-01  -4.4196330e-01
   4.0841937e-01   2.8849144e-01
   1.3779907e+00  -1.7143282e+00
  -1.1131861e+00   6.0072487e-01
   1.8326397e+00  -2.0283062e+00
   3.0169418e-01  -2.4235389e-01
  -1.6977691e+00   3.6844803e-01
  -3.9256751e-01   5.8218316e-01
  -7.6623573e-02   6.5225929e-01
   1.0346043e+00  -1.0980672e+00
  -1.0114102e+00   8.6588303e-01
