   7.0414292e-01  -5.9881657e-01
   4.0775662e-01  -6.5888379e-01
  -9.4070319e-01   1.5223498e+00
   1.1747835e-01  -3.2003588e-01
   5.6678266e-01  -1.0704852e-01
   4.7798855e-01  -8.9381484e-01
  -1.6483294e+00   1.8354118e+00
   1.0025160e+00  -1.0016274e+00
   6.9906614e-01  -6.8384675e-01
  -2.4610964e-02  -9.1669054e-03
  -2.0684542e-01   3.7628950e-01
   1.8543124e-01  -6.1429525e-01
   1.4437507e-01  -1.3601656e-01
  -4.6659396e-01  -2.8540348e-01
   3.5459151e-01  -8.5717966e-01
   5.4632219e-01  -4.4407419e-01
  -6.2582732e-01   3.0539835e-01
   1.6219850e+00  -1.1501857e+00
   6.0733777e-02  -3.1583229e-01
  -1.0984169e+00   1.3847658e+00
   3.7411481e-01  -4.2102836e-01
   2.1700051e+00  -2.0969683e+00
   1.1909921e+00  -5.5579875e-01
   1.2221089e+00  -1.3641730e+00
  -5.8509776e-01   4.3497557e-01
  -1.7675794e+00   1.8677981e+00
  -1.3032065e+00   1.2759654e+00
   6.7357446e-01  -9.7370618e-01
  -1.3837886e+00   1.3330327e+00
   4.6092267e-01  -9.7499433e-01
  -2.0238765e-01   3.5881571e-01
  -3.3815019e-01   5.5415756e-01
  -2.3740427e-03  -2.5253404e-01
  -1.3227751e+00   8.6259925e-01
   1.7848971e+00  -1.5490762e+00
  -1.3948956e+00   1.8769335e+00
   6.0831171e-01  -4.4187313e-01
  -2.5263700e+00   3.2322433e+00
  -9.2504832e-01   1.2433680e+00
   1.1947666e+00  -9.0984894e-01
  -5.0711439e-01   1.8829409e-01
   7.5599118e-01  -8.0575554e-01
  -1.0505358e+00   1.2940892e+00
  -1.1503819e+00   7.3691753e-01
  -7.6746872e-01   1.0110143e+00
  -2.4650667e+00   2.6757994e+00
  -1.2987759e+00   1.3961476e+00
   2.6423126e-02  -7.9706435e-02
   3.1559159e-01  -1.1239847e-01
  -4.7518760e-01   8.6973921e-01
  -6.4408077e-01   4.1734562e-01
   9.4203333e-03  -7.4427921e-01
   1.1128048e+00  -6.9306587e-01
  -6.8181301e-01   8.3514936e-01
   1.0011316e+00  -5.9227956e-01
   1.2477989e+00  -1.2901793e+00
  -6.3853629e-01   1.7634833e-01
   1.2957716e+00  -8.4488181e-01
   4.5203877e-01  -4.1445817e-01
  -8.6403711e-02   1.5505564e-01
  -5.3776346e-01   2.6886545e-02
  -9.4775058e-01   8.0415789e-01
   7.2082337e-01  -7.4782620e-01
  -9.6617391e-01   7.4195238e-01
   2.1373111e-01   1.0942062e-01
  -5.1858907e-01   3.4503239e-01
   1.1569927e+00  -9.2321322e-01
   2.2094469e-01  -2.8198444e-01
   1.0864317e+00  -7.8270800e-01
   3.7060100e-01  -6.3283272e-01
  -1.7860730e+00   1.2190700e+00
  -9.5807274e-02   6.1113550e-01
   1.4153019e-01  -1.4076592e-01
   2.1945845e+00  -1.7039082e+00
  -5.7254307e-01   1.8410295e-01
   4.4561889e-01  -7.6890363e-01
   5.8597038e-01  -9.2032161e-01
  -8.2118757e-01   1.0377813e+00
   1.0227475e+00  -6.0509718e-01
  -9.6495988e-02   1.0277908e-01
   1.4397639e-01  -3.2630962e-01
   4.6082195e-01  -4.2936817e-01
   5.4347018e-01  -6.1989985e-01
  -3.9810517e-01   2.3584145e-01
   2.8740134e-01  -2.5727497e-01
  -1.1751451e+00   1.5023958e+00
  -1.9398587e+00   1.6841623e+00
   1.1840975e+00  -1.1779479e+00
  -4.0703185e-01   1.0548074e+00
   3.4169715e-01  -2.5670962e-01
   3.5211072e-01  -2.3045666e-01
   6.9755438e-01  -7.3195062e-01
   1.3374138e+00  -1.8556108e+00
   4.0935697e-02   2.5009263e-01
   1.9882530e+00  -1.6969831e+00
  -7.7240442e-01   9.9684117e-01
   7.0624267e-01  -7.1921521e-01
  -4.2493677e-01   7.3580668e-01
   2.2481141e+00  -2.0993519e+00
  -1.0158143e+00   1.2430547e+00
   6.0435996e-01  -8.7892715e-01
  -3.2870331e-01  -3.1427269e-02
   9.0495730e-01  -8.2790355e-01
   9.9105028e-01  -8.9414041e-01
  -2.9472319e+00   3.4751886e+00
  -7.3899080e-02  -3.8897127e-01
  -2.4195867e-01  -4.4700167e-02
   2.1799517e-01  -4.3507600e-01
   5.8823996e-01  -8.4044618e-01
   2.1291558e-01  -6.2451050e-01
   1.6038307e-01  -4.9759878e-01
  -3.2502021e-01  -2.1668184e-01
   1.0063737e+00  -4.8529444e-01
  -5.4321042e-01   4.2411319e-01
   1.5946677e+00  -1.3712446e+00
  -4.2201506e-01  -3.5577257e-01
  -5.6513781e-01   3.3632906e-01
  -3.8335534e-01   4.1630067e-01
  -1.5444328e-01   2.5930465e-01
   1.1093600e+00  -9.1641337e-01
   1.1983395e+00  -1.3415604e+00
   9.9464689e-01  -1.2976128e+00
  -1.0841527e+00   1.1862052e+00
  -1.0833214e+00   1.1649468e+00
  -9.1248804e-01   1.5883124e+00
   9.9991794e-01  -1.3847883e+00
   7.8901731e-01  -1.2718160e+00
   1.0919178e+00  -1.3654741e+00
  -3.7347041e-01   4.2238128e-01
   1.5887416e+00  -1.0943645e+00
  -1.2028312e+00   1.2476172e+00
  -7.7001938e-01   5.4983493e-01
   5.4472212e-01  -7.5016892e-01
  -3.0229747e-01   3.4041064e-01
   6.2219697e-01  -5.7818187e-01
  -2.5061437e-01   1.5207947e-01
   2.8254733e+00  -1.8641292e+00
  -5.6230560e-01   8.4718077e-01
   2.1641583e-01  -2.2878029e-01
   1.8602828e-01  -4.8931063e-01
   2.0817072e+00  -1.4898593e+00
   8.6605875e-01  -3.7134951e-01
  -4.1863709e-01   3.0651854e-01
  -7.6394495e-01   1.3907465e+00
  -1.2313222e+00   1.5657251e+00
  -4.5015317e-01   5.2082465e-01
  -5.3091634e-02   7.9534687e-02
   6.5917154e-01  -7.1732527e-01
   3.7620780e-01  -1.0536692e+00
   2.0633815e-01   1.6805913e-02
   1.6623448e+00  -1.3781210e+00
  -9.6931575e-01   2.1636395e-01
   7.9779226e-01  -1.2796668e+00
   1.0295681e+00  -9.5547670e-01
  -6.6902003e-01   5.8980653e-01
  -1.0394531e+00   1.1283917e+00
   3.8411042e-01  -4.5809803e-01
  -8.7565130e-01   7.3354412e-01
  -2.1219980e+00   2.1130646e+00
  -9.2892063e-01   1.1882950e+00
  -2.4362652e-01   4.5598993e-01
   5.4622201e-01  -1.1219245e+00
   2.7830719e-04   3.8696076e-02
  -1.0870700e+00   9.2519862e-01
  -1.2806707e+00   1.0611587e+00
   4.3773627e-01  -3.6330670e-01
  -5.2812500e-01   3.1655144e-01
  -9.2004015e-01   8.5085388e-01
  -1.1688387e+00   1.1923200e+00
   1.3570600e+00  -9.8246234e-01
   1.1907784e+00  -3.0149547e-01
  -1.8818254e-01  -2.5381214e-01
  -2.4997454e+00   2.8914113e+00
  -1.5091545e+00   1.6132991e+00
  -3.1834711e-01  -1.8582157e-01
  -1.3983185e+00   1.1958840e+00
  -1.5455175e+00   1.9702469e+00
  -9.8143516e-01   5.7142583e-01
   2.6458494e+00  -1.3556314e+00
  -4.8467819e-01   5.2733851e-03
   8.9987999e-01  -6.9568656e-01
   9.2527032e-01  -9.7890026e-01
   1.8330633e+00  -1.3719430e+00
   5.9929052e-01  -8.4581538e-01
   2.2519329e-01  -3.8355638e-01
  -4.0096463e-01   3.5214251e-01
   1.7775606e+00  -1.3157018e+00
   3.9415857e-01  -3.7310013e-01
  -3.4151730e-01   2.7598116e-01
  -6.9378616e-02  -1.1751394e-01
  -5.3833843e-01   3.2638991e-02
   1.0911509e+00  -9.1605712e-01
   2.9300742e-01  -2.1449352e-01
   8.1403700e-01  -9.3734963e-01
  -4.2849885e-01   1.1300238e-01
   1.1076137e+00  -7.7659048e-01
   4.8550030e-01  -7.8554491e-01
   1.5201477e+00  -9.5812169e-01
  -4.2515227e-01   2.6093892e-01
  -4.6883659e-01   1.4250355e-01
   2.0429291e+00  -1.2977496e+00
   4.3890452e-01  -1.0127015e+00
  -1.3851221e+00   1.8627726e+00
  -3.4963485e-01   4.9109665e-01
   5.6179362e-01  -6.1513735e-01
   4.8563258e-01  -8.0343888e-01
  -7.3490533e-01   3.9812810e-01
  -1.0734119e+00   1.1617082e+00
   9.8643103e-02  -6.2422979e-01
  -6.0646312e-01   5.2539313e-01
   3.2547727e-01  -1.0858701e-01
   6.6665364e-01  -2.2227394e-01
  -2.2305490e+00   2.1133081e+00
   1.0670195e+00  -8.4841772e-01
  -9.5935539e-01   1.1740049e+00
   6.9678281e-01  -9.0275215e-01
   1.1944246e+00  -1.1824768e+00
   7.0211940e-01  -6.0896382e-01
   1.1830325e+00  -1.4362758e+00
   4.0094948e-01  -5.1512594e-02
  -1.3966007e+00   8.4927693e-01
   8.1851935e-01  -7.7345845e-01
  -2.2185638e+00   2.5801287e+00
  -3.6576129e-01  -1.4931364e-01
   5.1838781e-01  -1.1663883e+00
   2.9635025e-01  -3.4662573e-01
  -6.7672364e-01   2.7133525e-01
  -9.7556794e-01   7.1634975e-01
  -1.1426017e+00   1.1889711e+00
   2.0432899e-01  -6.6190746e-02
  -4.3209560e-01  -2.2524658e-01
  -4.2853927e-01   2.1786215e-01
  -4.2026511e-01  -1.5641176e-01
   6.1131436e-01  -1.0728670e-01
  -3.3872792e-01   5.5350539e-01
  -5.5599045e-01   6.1454897e-01
  -9.6078934e-01   1.0143339e+00
  -5.0694901e-01   1.9794981e-01
   8.2966750e-01  -4.9748904e-01
  -4.2237996e-01  -5.2393280e-01
  -8.4849952e-01   1.3050983e+00
   1.1312164e-01  -2.4133646e-01
   9.2110923e-01  -5.2691785e-01
   1.0028731e+00  -7.3940234e-01
   7.1190847e-01  -8.2007562e-01
   7.3419568e-01  -5.7481742e-01
  -5.7745234e-02   2.9274603e-01
   1.1394928e+00  -1.0952739e+00
  -1.3126050e+00   1.4579417e+00
   5.7628946e-01  -8.3410694e-01
  -9.8681537e-02  -3.9627468e-01
   3.8990954e-02   3.9308832e-01
  -1.4275067e+00   1.8946690e+00
   6.8100289e-01  -8.1893710e-01
   1.4472209e+00  -1.3524796e+00
  -1.2659207e+00   1.1062550e+00
  -4.3770728e-01   6.2402853e-01
  -1.9620096e-02  -4.5956077e-01
  -9.1823056e-01   1.6475865e+00
  -4.7803531e-01   5.8951338e-01
   1.4078308e+00  -1.2151910e+00
   2.5670582e-01  -9.7511921e-02
   4.2040471e-01  -4.8960491e-01
  -8.6576053e-02  -2.1958462e-01
  -5.2116004e-01  -1.6574075e-01
   4.5636973e-01  -4.7423264e-01
  -1.0856838e+00   9.0383650e-01
  -1.8486519e-01  -1.0509055e-01
  -1.0286306e+00   1.5558201e+00
  -7.1700593e-01   4.7598767e-01
   6.4760885e-01  -6.4475382e-01
  -1.2829117e+00   1.0978199e+00
  -5.5788325e-01  -1.0347122e-01
  -1.3767201e+00   1.6620123e+00
   7.4245526e-02  -4.9481880e-01
   1.3399354e+00  -1.2048386e+00
   7.5302407e-01  -7.7065002e-01
   4.2736850e-01  -8.5924417e-01
   1.9510982e-01  -5.5101999e-01
  -1.1792950e+00   1.2741365e+00
  -9.2680903e-01   6.6065343e-01
   1.3354999e-01  -3.9040851e-02
  -4.8569420e-01   4.2909098e-03
  -6.1046628e-01   4.9057096e-01
   8.1847879e-01  -1.1087138e+00
  -4.3837878e-01   8.0208088e-01
  -1.4929056e+00   1.6416802e+00
   4.1966859e-02  -5.8960548e-01
  -1.2930476e+00   9.8319321e-01
  -1.2248409e-01   1.7174784e-01
  -2.5638768e-02  -3.3368832e-01
  -3.0046833e-01   2.4262069e-01
  -8.2311503e-01   3.2357087e-01
  -8.9641493e-01   4.4237007e-01
   8.7290855e-01  -4.4829994e-01
   9.1446937e-02  -6.9337817e-01
  -7.4159692e-01   9.7024454e-01
  -1.0312122e-01  -2.5389105e-01
   1.4114031e+00  -1.1349016e+00
  -8.0259627e-01   1.2056767e+00
  -1.3368213e+00   9.8539306e-01
  -3.8883775e-01   1.8982719e-01
   9.0216478e-01  -1.0784614e+00
  -7.5832687e-01   1.0197812e+00
  -2.8403668e-01   9.5469498e-01
   9.0126233e-01  -5.3994522e-01
  -4.4230545e-02   3.5401626e-01
   1.1662756e+00  -6.8880990e-01
   2.2910243e+00  -2.6610958e+00
  -2.2921325e-02   6.9963281e-02
   6.7982547e-01  -9.1222451e-01
  -1.0258978e+00   1.2415341e+00
   5.2887658e-01  -8.4554761e-01
   5.5107582e-01  -9.7136367e-01
   1.0001268e+00  -7.7610522e-01
  -1.7355058e-01   2.6533474e-02
   1.2003316e-02   5.7582968e-02
   3.4728167e-01   9.0363146e-02
  -1.8565598e-01   3.7453323e-01
  -1.4050156e-01  -3.2243921e-01
   5.8369827e-01  -1.1000367e+00
  -2.0563484e+00   2.2700653e+00
  -8.9827208e-01   8.0003114e-01
   2.0997625e-01  -6.2537955e-01
  -9.9072301e-01   9.9025514e-01
  -1.1848564e+00   8.4427066e-01
  -2.5321573e-01   3.5432867e-01
   1.9492943e-01  -5.7654764e-01
  -4.9224294e-01  -1.4603750e-02
   2.4086467e-01  -7.2752005e-01
   6.4470298e-01  -1.0665108e+00
  -1.0101610e+00   1.2085934e+00
   1.9226635e+00  -1.4402151e+00
   1.9354276e+00  -1.6279783e+00
  -1.1332111e+00   1.6763791e+00
   1.4313370e-01  -1.6412746e-01
   2.0432022e-01  -4.9700937e-01
  -2.3399570e-01   5.5170157e-01
  -1.7198977e-01  -1.9536644e-01
   1.0256752e+00  -1.1739131e+00
  -1.7365166e+00   2.1792346e+00
   2.1542504e-01   5.2869146e-02
   1.0365556e+00  -6.4511160e-01
  -4.9547379e-01   5.7868578e-01
   1.8453914e-02   3.3381574e-01
   2.6131606e+00  -1.6824880e+00
   8.1605906e-01  -6.0796620e-01
   1.3377840e+00  -1.5162456e+00
  -3.6542259e-01   3.6212139e-01
  -1.3650695e+00   1.4313962e+00
   1.1492527e+00  -1.0697059e+00
  -6.5066140e-02   5.1274512e-02
  -1.0703884e+00   1.3644599e+00
   6.0273868e-02   2.3311637e-01
  -9.4393802e-01   1.2655696e+00
  -5.1646397e-01   6.6366320e-01
   6.6935954e-01  -5.1804013e-01
   3.6893722e-01  -3.3012178e-02
   3.5096417e-01  -6.1033900e-01
   8.3060362e-01  -1.1776739e+00
   2.4187128e-01  -6.2655451e-01
  -1.1421086e-01  -4.8404305e-02
  -5.5594297e-01   5.5299432e-01
   9.2670427e-02  -3.8013286e-01
   3.6117236e-02   1.2658778e-01
  -4.2908066e-01   1.0803796e-02
  -5.6878827e-01   3.5898365e-01
   8.4347747e-01  -8.7505065e-01
   8.0459165e-01  -1.0862946e+00
  -7.6897176e-01   5.6592928e-01
   1.0631286e+00  -1.0032962e+00
  -1.1076524e+00   7.5196429e-01
  -1.4652043e-01  -2.8282894e-01
  -7.1631884e-01   5.8040466e-01
  -9.9010387e-02  -4.1552980e-01
   1.0603764e+00  -1.0345489e+00
   2.6045238e-01  -3.3785731e-01
  -1.1483473e+00   1.5021557e+00
  -8.9852541e-01   7.9861501e-01
  -6.3802771e-02  -2.9019811e-01
  -2.6274605e-01  -3.8357293e-01
   1.8056313e+00  -1.6553922e+00
  -1.0260885e+00   1.2770443e+00
   7.5556335e-01  -8.0759486e-01
  -7.4904594e-01   7.4141986e-01
   1.2761130e+00  -1.1005251e+00
   1.7083787e-01  -7.1609555e-01
   3.2663094e-01  -5.8694477e-01
   9.5093734e-01  -6.6225454e-01
   1.2387233e+00  -1.6261727e+00
  -2.2483483e-01  -1.9070168e-01
   5.2326927e-01  -3.4421076e-01
  -1.1109929e+00   1.4915435e+00
   1.6917445e+00  -2.0242686e+00
  -1.3971080e+00   9.1851018e-01
  -2.9113450e-01  -1.7758709e-01
  -1.3077814e+00   1.6136786e+00
   5.3003076e-01  -4.7416256e-01
   1.4549731e+00  -7.7223742e-01
  -2.2646525e+00   1.4921080e+00
  -1.8356125e-01   3.7235770e-01
  -3.4319082e-01   4.0594868e-01
  -4.9185060e-01  -2.3487545e-01
   8.2124345e-02  -5.5181566e-01
  -4.6306405e-01   4.3729640e-01
   8.7408877e-01  -9.0906148e-01
  -2.1219128e-02  -1.4726865e-01
   2.3731315e-01  -7.9716529e-01
   1.1280829e+00  -1.5166646e+00
   1.6696129e+00  -1.3234903e+00
   6.1963166e-01  -1.2795328e-01
  -1.8800150e+00   2.0034051e+00
  -1.6573056e+00   1.7548187e+00
   7.8562850e-01  -6.2982216e-01
   6.3460323e-01  -8.0990657e-01
   9.7392725e-01  -1.3563506e+00
  -1.2302785e+00   1.4254600e+00
  -5.0947121e-01   3.1462027e-01
  -7.9301783e-01   1.0150370e+00
   8.4986800e-01  -8.7848904e-01
  -1.7276880e+00   1.1471709e+00
   3.6805997e-02  -1.7252398e-01
   1.6735272e+00  -1.1772217e+00
   2.0026219e+00  -1.8141973e+00
  -4.6162180e-01   3.1918948e-01
  -4.2821928e-01   6.7000090e-01
   3.2047708e+00  -1.5933385e+00
   2.8402372e-01  -7.3133812e-01
   2.1003936e+00  -2.0702918e+00
   1.2188046e+00  -1.1435711e+00
   2.1637893e-01   1.9206997e-01
  -2.7944573e+00   2.6773303e+00
   4.6326010e-01  -4.2438424e-01
  -1.0528904e+00   5.6432044e-01
  -1.0741329e+00   1.1187778e+00
   2.8160239e-01  -2.2441158e-01
   5.6623367e-01  -1.5576999e+00
   1.3482722e+00  -1.4196031e+00
   2.1684009e-01   3.0047339e-02
  -1.3022274e+00   1.3263508e+00
  -1.0821251e+00   1.5587944e+00
   2.3986700e+00  -1.4337651e+00
   7.3024929e-01  -9.9422208e-01
  -1.5311904e-01  -3.3789550e-01
   7.9756563e-01  -8.3058345e-01
  -9.2009089e-01   7.3874097e-01
   2.0221579e+00  -2.2144860e+00
  -1.1244544e-01   3.1824925e-01
   7.9013429e-01  -4.5906424e-01
  -1.7162318e-01  -3.7202718e-01
   6.2133881e-01  -8.6970777e-01
   9.0073890e-01  -9.3756824e-01
  -1.1371726e-02  -4.7849657e-01
   8.2606473e-01  -1.0198811e+00
  -1.1331344e+00   1.0582975e+00
  -6.1263082e-01   9.6829806e-01
  -9.3439239e-03  -5.6185382e-02
  -1.0552731e+00   1.1119445e+00
  -1.3014688e-01   2.0097284e-01
  -1.0194982e+00   1.1499510e+00
   1.3874692e+00  -1.1215272e+00
  -1.7725044e-01   3.4678327e-01
   7.5148194e-01  -7.7265904e-01
   9.6383207e-03  -3.1372986e-01
  -3.1840340e-01   9.9342567e-02
  -3.2347654e-01   9.3649470e-01
   4.4797245e-01  -7.6711477e-01
   1.4688488e-01  -5.3520653e-01
   1.4723781e-01  -3.5760405e-01
   1.0255862e+00  -1.3744284e+00
  -2.6068770e+00   2.6719595e+00
   1.0466606e+00  -1.4339241e+00
   3.0597534e-01  -5.7099444e-01
  -2.7886680e-01  -2.8396852e-01
  -3.3410811e-01   6.4932885e-02
  -1.7285462e+00   2.2741633e+00
   5.6206062e-01  -1.4033188e+00
  -7.7375578e-03   7.0435165e-02
  -1.0332983e+00   8.0802844e-01
   4.5883347e-01  -7.0498915e-01
  -1.9203319e-01   5.7249715e-01
  -7.2454714e-01   6.9426162e-01
  -9.6675395e-01   7.1427136e-01
  -2.0708050e-01   2.9147423e-01
   5.1201091e-01  -4.2098628e-01
   1.2994156e-01  -6.8001655e-01
  -1.0225615e+00   1.3796903e+00
   1.2070650e+00  -1.5531115e+00
   9.0409281e-01  -9.3142485e-01
  -8.4349157e-01   1.4203831e+00
   1.5318157e+00  -1.3020040e+00
   5.7068173e-01  -7.1997550e-01
  -1.4881139e+00   1.6954577e+00
  -5.3924713e-01   4.7006843e-01
  -1.0248851e-01   9.8424011e-02
  -9.2942329e-01   1.3626792e+00
   4.5981038e-02  -2.5752504e-01
   2.4662807e-01  -4.1818225e-01
   1.4358929e+00  -1.6490339e+00
   1.6745433e+00  -1.2081782e+00
  -5.9315533e-01   3.9697344e-01
   1.3246481e+00  -1.1836897e+00
   9.4976719e-01  -1.2513837e+00
  -9.5390971e-01   5.5822192e-01
   3.0698751e-01  -1.6789836e-01
   9.9507444e-01  -5.3955540e-01
   6.8353567e-01  -4.1869583e-01
  -1.2329861e+00   1.4380963e+00
   2.2198925e+00  -1.6115423e+00
  -1.2351444e-01  -4.9956001e-01
  -6.7596243e-01   7.2721943e-01
  -9.0380514e-01   1.0281449e+00
   1.1569735e+00  -1.6016463e+00
  -4.4801791e-01   2.1230719e-01
  -5.2611416e-01   3.8914144e-01
   2.1837005e+00  -1.3455618e+00
  -7.2873025e-01   3.3361937e-01
   7.5054179e-01  -8.0943569e-01
  -6.8002835e-01   1.3146248e+00
   7.0592658e-01  -6.5083730e-01
  -2.4759486e-01  -2.3752029e-01
  -2.0800202e-01   4.5297663e-02
   4.6685853e-01  -6.2882502e-01
   8.2464087e-01  -8.6318482e-01
  -2.9844278e-01  -2.2959188e-01
   1.5036879e-02  -5.4705490e-01
   1.0171319e+00  -4.3967789e-01
   4.4835616e-01  -7.1871920e-01
   8.2167861e-01  -3.0917538e-01
   1.0133708e+00  -8.7031180e-01
  -1.5135965e+00   1.6592947e+00
  -1.9155979e-01   3.4815475e-01
  -6.5877927e-01   7.4171530e-01
   1.7803152e-01  -7.8379785e-01
  -1.1401582e+00   1.2455104e+00
  -4.0772821e-02   2.2036502e-01
  -1.4372393e+00   1.6401456e+00
   1.2827902e+00  -1.5154903e+00
  -1.7442411e+00   1.5835639e+00
   8.7033123e-01  -4.1749676e-01
   9.0171950e-01  -6.4538729e-01
   8.2426335e-01  -1.5870734e+00
   1.7447414e-01  -6.5927501e-01
   1.1575446e+00  -1.2636096e+00
   6.6950785e-01  -8.7844930e-01
   7.1404444e-01  -1.1042936e+00
  -1.3380794e+00   2.3011374e+00
  -5.0813918e-01   1.7942936e-01
   3.3499477e-01  -3.1884185e-01
   2.0849804e-01  -4.2225651e-01
  -1.0505540e+00   7.2967972e-01
  -9.9266461e-01   1.3266419e+00
  -1.2097212e+00   1.6939492e+00
  -1.9705767e-01  -1.0335237e-01
  -7.2467313e-01   1.0447806e+00
   2.1530062e+00  -1.9577653e+00
  -4.5284131e-01   4.1468090e-01
   1.9308054e+00  -1.7145622e+00
  -3.5209409e-01   1.5390748e-01
  -4.3723434e-01  -3.0721529e-01
  -5.1394778e-01   9.3380730e-01
  -1.0935492e+00   9.2985687e-01
  -1.5005555e-01   1.8840755e-01
   1.3365143e-01  -3.7841552e-01
  -5.3257278e-01   8.1164696e-01
   1.7112123e+00  -1.6317791e+00
  -1.5512479e+00   2.2181693e+00
  -1.2982752e+00   1.5794462e+00
   1.1143017e+00  -1.2793473e+00
   2.5767267e-01  -6.3802532e-01
   1.6069595e+00  -1.5637770e+00
  -1.0166411e+00   1.0735006e+00
  -3.6561854e-01   1.4953136e-02
   1.9182960e-01   1.9849224e-01
   8.5074253e-01  -7.5985239e-01
  -6.5626053e-01   2.3046685e-01
  -1.9668933e+00   3.0363474e+00
   2.8615094e-02  -3.7925855e-01
   4.4201781e-01  -3.7673518e-01
  -3.5804458e-01  -1.1318355e-01
   1.9741505e-01  -4.4298479e-01
  -1.7585154e-01  -3.5732947e-01
  -1.2128008e-01   2.4313570e-03
  -7.6007421e-02  -4.5458234e-01
   1.1416953e+00  -1.1025021e+00
   1.8211304e-01   1.1188418e-01
  -1.8889809e-01   3.8175842e-01
   5.3388109e-01  -8.6727054e-01
  -2.3680445e-01   2.2207171e-01
  -1.6657321e+00   1.4503689e+00
   1.6142233e+00  -1.4733755e+00
  -1.7599155e+00   2.9618484e+00
   1.2614291e+00  -9.6868031e-01
  -3.9593072e-01   4.2478992e-01
  -1.3132838e+00   2.2324615e+00
   4.6518135e-01  -7.3243166e-01
   1.1063903e+00  -1.3049775e+00
   1.5277915e+00  -1.1118628e+00
  -2.1068951e-01  -3.7703977e-02
   1.1971760e+00  -1.1001551e+00
   1.8883987e-01  -4.5868380e-01
  -4.3630708e-01   1.0327233e-01
  -1.5498068e+00   1.3770172e+00
  -1.5223387e+00   1.6380107e+00
   8.2478062e-01  -5.0412572e-01
   1.0685742e+00  -1.1649031e+00
   2.3160621e-01  -2.6491224e-01
  -1.5225047e+00   1.4318302e+00
   2.0900267e+00  -1.3428664e+00
  -3.9607341e-01   1.7446371e-01
   2.1776067e+00  -1.2971158e+00
   2.0949613e+00  -1.8867278e+00
   2.0018746e+00  -1.1992281e+00
  -4.1569802e-02  -5.5663521e-01
   1.3691913e+00  -1.2604027e+00
  -6.9059039e-01   6.2020893e-01
   1.5493316e+00  -1.1837439e+00
  -1.2878997e+00   8.2414109e-01
   1.4449543e-01  -1.0843511e-01
   1.3548284e+00  -9.2079605e-01
  -1.9236331e+00   1.8660659e+00
  -5.5840132e-01   6.1314295e-01
  -8.9636387e-01   1.5765381e+00
  -1.2074077e+00   1.1150534e+00
   8.4669649e-01  -9.2146635e-01
  -2.6951603e-01   2.5685317e-01
  -9.8101411e-02  -2.1503114e-02
  -8.4035559e-02  -2.2625415e-01
   5.4187888e-01  -9.6153359e-01
  -1.1749512e-01  -4.8045123e-01
   7.6804701e-01  -3.7551493e-01
   9.3471436e-01  -7.7087722e-01
  -1.0825354e+00   1.3517821e+00
   1.4458238e+00  -1.1843277e+00
   1.2142861e+00  -1.3246191e+00
   1.1067562e+00  -8.8302870e-01
  -8.7736639e-01   4.3316763e-01
   7.5898642e-01  -1.2542644e+00
   9.4013492e-01  -1.0886838e+00
  -1.1829499e+00   9.4437072e-01
  -1.1373117e+00   1.4330678e+00
  -2.0935144e-01   7.1264162e-02
   4.8265818e-01  -8.5424086e-01
   2.2298603e-01  -3.3099854e-01
  -6.6079011e-01   4.7497315e-02
  -7.4425987e-01   1.0758199e+00
  -6.1345253e-01   3.5135835e-01
   5.2582472e-01  -9.6436089e-01
   5.2463571e-01  -5.6663928e-01
  -8.3594441e-01   7.6959080e-01
   1.0446716e+00  -1.0690071e+00
   1.1446739e+00  -1.0167550e+00
  -8.3364967e-01   4.6378785e-01
   2.0302655e-01  -2.6627545e-01
   4.7316492e-01  -1.0268776e-01
  -4.0294966e-02  -1.7514392e-01
   1.2903010e+00  -1.4725879e+00
  -2.2757385e-01  -2.3356851e-01
   6.2063497e-01  -8.7730206e-01
   9.5728854e-01  -9.6553867e-01
  -7.0825869e-01   7.1347263e-01
  -1.9519000e+00   2.1919975e+00
  -7.3462564e-01   3.8311969e-01
   2.8391806e-02  -2.1856572e-01
   5.3842919e-01  -8.0765883e-01
   1.5656725e-01  -5.8386385e-01
  -2.0886374e-02   9.7377531e-02
  -2.9542490e-02  -9.2520516e-01
   3.4230279e-01  -7.9504330e-01
  -1.0085978e-01   4.3591044e-02
  -1.1661975e+00   1.6622434e+00
  -6.9279896e-02   2.7083127e-01
  -1.8102682e+00   1.3964481e+00
   1.0779041e+00  -9.5650290e-01
  -5.9948028e-01   7.0684072e-01
   8.9697045e-01  -1.2637033e+00
  -9.8861606e-01   1.1583405e+00
   1.2606414e+00  -8.8261284e-01
  -5.2866556e-02  -1.0087675e-01
   1.4899335e+00  -1.5315719e+00
  -5.8253613e-01   5.4801294e-01
  -4.6932872e-02   2.9927456e-02
  -1.5551718e-01  -8.5960053e-02
   1.6130491e+00  -1.7976125e+00
  -1.3850709e+00   1.8462357e+00
  -1.0425524e+00   1.4790470e+00
   8.4934840e-01  -9.7824297e-01
  -8.4738463e-01   3.1021417e-01
   7.8882240e-01  -7.5468778e-01
  -1.1788106e+00   1.1584856e+00
  -8.7711330e-01   6.9056592e-01
   1.1299597e+00  -9.6522106e-01
  -4.5879844e-01   1.7128966e-01
  -3.6558986e-01  -8.3911860e-01
  -1.1352779e+00   1.0727381e+00
  -9.6759397e-01   6.9926308e-01
  -7.6896970e-01   2.8430929e-01
   2.4946368e-02   3.5028996e-01
  -2.5819640e-01   6.9220447e-01
   1.3310453e+00  -9.9795401e-01
  -7.6818151e-01   8.5946222e-01
  -9.5831403e-01   7.1103497e-01
  -1.2720312e+00   1.3804021e+00
   2.9861439e-01  -6.0685575e-01
   2.0525414e+00  -1.8915813e+00
   1.8143048e-01  -1.4395916e-01
  -9.4549909e-01   7.1318124e-01
  -1.2432442e+00   1.2979098e+00
  -1.2177740e+00   1.5881027e+00
   6.3513084e-01  -1.0037984e+00
   5.5698620e-01  -3.0678827e-01
  -9.4106189e-01   6.2096325e-01
  -4.1870303e-01   1.6078201e-01
   2.0239933e-01  -1.7079842e-01
   2.1877147e-01  -6.0939067e-01
  -1.1081610e-01  -3.8660204e-02
  -1.1931943e+00   1.2460367e+00
  -4.0006298e-01   2.6735388e-01
  -1.3906976e+00   2.1997163e+00
  -6.6460728e-01   8.5802276e-01
  -7.1666281e-01   8.3621336e-01
   8.6478505e-01  -8.9481871e-01
  -2.0451083e+00   2.7780168e+00
   1.3495826e+00  -9.7093207e-01
  -1.2958047e-01   1.5361637e-02
   2.1503653e-01  -4.1726909e-01
  -2.5602177e+00   3.0881858e+00
  -9.8711657e-01   7.3884235e-01
   1.2846884e+00  -1.3203953e+00
   4.3603230e-01  -1.1008586e+00
   1.4392143e+00  -1.1959367e+00
  -1.6466514e+00   1.5817110e+00
   1.4847880e+00  -1.2949126e+00
  -2.5024518e+00   2.7923181e+00
  -1.1685688e+00   7.6035468e-01
   1.0145551e+00  -4.3842853e-01
   2.4597886e+00  -1.5573515e+00
   1.7739613e+00  -2.0245591e+00
   2.7446196e-01  -4.7182694e-01
   2.0131182e-01  -1.7896426e-01
  -4.4573467e-01   5.5256112e-01
   1.3661951e+00  -1.1233019e+00
  -7.2412051e-01   6.6315302e-01
   9.0433948e-01  -8.2810749e-01
   6.9819583e-01  -8.7903474e-01
  -8.2024313e-01   8.8385348e-01
   2.3431314e+00  -1.6327076e+00
  -8.2253594e-01   6.4888694e-01
  -6.8722073e-01   9.3105485e-01
  -8.6376954e-01   3.9289106e-01
  -5.6906889e-01  -6.7225971e-02
  -8.8481883e-01   5.6010350e-01
   6.5525996e-02  -6.4080885e-01
   5.4039352e-01   6.3589094e-02
   4.1634683e-01  -4.5704600e-01
   7.3491175e-02  -4.3703830e-01
  -9.1560009e-01   1.0066677e+00
   1.6580840e+00  -1.2360683e+00
  -1.4414039e+00   1.6457598e+00
   1.0332292e+00  -6.8876166e-01
   6.3390545e-01  -1.3814231e-01
  -6.5468756e-01   6.5173844e-01
   7.8214070e-01  -1.0145406e+00
  -1.0629575e+00   8.1716167e-01
  -1.0092810e+00   2.9825684e-02
  -7.9362715e-01   1.0669226e+00
  -2.2736849e-01   5.3619183e-01
  -1.6576966e-01  -5.1694456e-03
  -3.9875375e-01   7.5709804e-01
  -1.2539850e+00   1.1024827e+00
   8.7677152e-01  -1.2722041e+00
   1.3558986e+00  -1.3900406e+00
  -1.0799711e+00   9.8912773e-01
   7.6704799e-01  -1.0239670e+00
   1.7147566e-01  -4.1066870e-01
  -1.1655974e+00   7.1511094e-01
  -1.2640612e+00   1.2611373e+00
  -1.3278494e-02  -3.7211837e-01
   1.3990971e-01   2.3881023e-01
  -2.3259982e-01  -3.1590362e-01
  -5.8290041e-01   7.4322419e-01
  -1.5675108e-01   2.6136226e-01
  -9.9204189e-01   1.1143617e+00
  -1.5601243e+00   1.1365217e+00
   2.3514933e-01  -6.8306903e-01
  -1.2434820e+00   1.2645828e+00
   2.4438943e-01  -5.2575452e-01
  -3.0168133e-01   1.5395243e-01
   9.1732362e-01  -7.5077134e-01
  -1.1733742e+00   1.2471740e+00
  -8.0517373e-01   1.0931825e+00
   1.3205225e+00  -1.5053139e+00
   1.1410807e+00  -6.0930428e-01
  -9.6280225e-01   6.0351996e-01
   2.0493258e+00  -1.5731060e+00
   9.1333593e-01  -1.0319241e+00
   7.5418300e-01  -7.6723327e-01
   6.8299541e-02  -6.7134661e-02
   9.0023073e-01  -6.9979522e-01
   1.3698071e+00  -1.2595504e+00
   1.1906275e+00  -1.0031792e+00
  -5.1746044e-01   6.3370300e-01
   6.4314157e-01  -4.4702246e-01
  -1.4194663e+00   1.2090742e+00
   3.2902101e-01  -2.9964987e-01
  -2.5862170e-02   2.7637847e-01
  -1.1810855e+00   1.0536039e+00
   7.5051312e-02  -5.5990796e-01
   1.5912728e+00  -1.2756941e+00
  -1.6262816e+00   1.6669810e+00
   1.4349061e-01  -6.9593160e-01
   7.5811586e-01  -6.9408582e-01
  -5.1338890e-01   4.3144191e-01
  -6.1291787e-01   1.3365476e-02
  -5.8746061e-01   4.4372171e-01
  -2.0382481e+00   2.1853745e+00
   2.5179873e-01  -9.2895134e-01
  -5.6992094e-02   8.0841918e-02
  -1.4685594e+00   1.4852825e+00
   8.9668760e-01  -6.1338490e-01
   1.9250703e+00  -8.0562961e-01
   1.3959051e-01  -5.5465711e-01
  -1.3693048e+00   1.9211856e+00
  -2.3700270e-01  -4.3408970e-01
   9.6704940e-01  -9.0700266e-01
   1.2478835e+00  -1.0948121e+00
   1.9331257e+00  -1.1979722e+00
   5.8203972e-01  -1.0985009e+00
  -1.2235196e+00   1.3426050e+00
  -9.8125116e-01   9.9147589e-01
   1.4339944e+00  -1.0837299e+00
   3.1246523e-01  -4.8337629e-01
   4.7866966e-02  -5.7043997e-03
  -1.0872197e+00   8.6137300e-01
  -1.1410355e+00   8.1207375e-01
   2.6132431e-01   1.4862366e-01
  -7.9201413e-01   1.3073742e+00
  -5.4442961e-01   1.0604464e+00
   4.7559450e-01  -3.6740101e-01
  -1.4629231e+00   1.6017834e+00
  -1.1477475e+00   1.2010638e+00
  -4.7835797e-01   3.3935718e-01
   1.2397542e+00  -9.5754771e-01
  -3.7698855e-02  -5.6493378e-01
  -9.8953178e-01   1.1394841e+00
  -1.1892632e+00   5.9687654e-01
   7.0691238e-01  -4.8277070e-01
   9.0917617e-02   1.9889436e-01
   6.9759702e-02  -6.8447983e-01
   1.9829078e-01  -3.8829422e-01
  -1.5596204e+00   1.5384342e+00
  -5.9973370e-02   3.0012682e-01
   6.1884041e-03  -5.4620402e-01
   2.6317051e-01  -4.5901046e-01
   6.7747439e-01  -3.1294840e-01
  -1.2389461e+00   1.3922981e+00
  -1.1157572e+00   7.8512779e-01
  -1.4511650e+00   1.6424357e+00
  -2.1689020e-01  -2.5234813e-02
  -1.3831310e+00   1.3332830e+00
  -1.1103427e+00   1.1591793e+00
   1.1568636e+00  -1.3342933e+00
   2.2903197e-01  -9.5200234e-02
   8.2756595e-02  -1.1517872e-01
   1.6137577e+00  -1.0335338e+00
   2.3354506e+00  -1.5486197e+00
   1.0099918e+00  -7.4809012e-01
  -2.4268764e-01  -4.5533816e-01
   5.6244286e-01  -9.0965305e-01
   5.8756408e-02  -6.6494843e-01
  -7.9518711e-01   5.1722498e-01
  -1.1198531e+00   1.0081356e+00
  -1.2960972e+00   5.1052861e-01
   2.2566718e+00  -1.4497799e+00
  -1.0190075e+00   1.1783746e+00
  -2.4749242e+00   3.2602416e+00
  -5.1502097e-01   5.1870282e-01
   2.8587469e-01   3.9718022e-01
  -9.4582516e-01   9.1284971e-01
  -9.9713312e-02   2.0761323e-01
  -7.7846422e-01   7.5520304e-01
  -5.3427021e-01   3.0813195e-01
  -5.1585154e-01  -5.1527354e-02
  -4.8623349e-01   2.6122607e-01
  -9.7451585e-01   1.3527197e+00
   9.9619232e-01  -8.7781456e-01
  -9.4138286e-01   1.4906071e+00
   9.1745030e-01  -7.1068763e-01
   5.4721419e-01  -4.5904441e-01
  -1.0854031e+00   1.3556997e+00
   7.6147944e-02  -4.2376278e-01
  -8.1532902e-02  -1.2418304e-02
  -8.6535634e-01   9.6974543e-01
   1.5249143e+00  -1.5697509e+00
  -1.1386455e+00   1.2869903e+00
  -4.4327944e-01   1.8241120e-01
   1.1602855e+00  -1.0791545e+00
  -2.3073055e-01  -2.2433585e-01
  -8.6015779e-01   6.5339745e-01
   1.3687320e-01   5.1204165e-02
  -1.1562911e+00   1.0390090e+00
  -6.7188524e-01   4.4528385e-01
  -5.0423201e-02   5.0790426e-02
  -3.5602337e-01  -2.5581971e-02
  -1.8835163e-01   8.8924522e-02
  -2.0544023e+00   2.4236579e+00
   5.8349737e-01  -6.2875469e-01
   7.6945287e-01  -1.2421580e+00
   1.3820939e+00  -1.3792573e+00
   8.6231420e-01  -1.2726865e+00
   5.6310635e-01  -1.0600264e+00
   4.0898111e-01  -4.8231664e-01
   5.1232305e-01  -2.2457247e-01
  -1.6303882e-01  -4.9985317e-01
   1.4829538e-01  -6.4333262e-01
  -7.4468255e-01   3.7596716e-01
   2.8367697e+00  -1.9235051e+00
  -4.9215795e-01   1.3966481e-01
   5.5394316e-01  -6.4983743e-01
   8.9817242e-01  -1.0004252e+00
   1.3226960e+00  -1.2350515e+00
  -3.1990862e-01  -5.6704484e-02
   1.9397915e+00  -1.4146205e+00
  -7.6963036e-01   9.2143295e-01
   4.2629924e-01  -8.9791571e-01
   4.9373832e-01  -6.0991259e-01
   1.5180779e-01  -9.4095600e-01
  -1.8893348e+00   2.5790413e+00
   8.2566033e-01  -1.0006819e+00
   6.9646146e-01  -6.6232560e-01
   6.7515384e-02   5.6046491e-01
  -5.1932603e-01   1.8963433e-01
  -2.8383152e+00   3.1792921e+00
  -7.2749757e-02  -8.8832174e-02
   2.4681859e-01  -2.8106684e-01
  -2.4022462e-01   3.7206185e-01
  -2.2716558e+00   2.9249781e+00
  -2.3739647e+00   2.7993670e+00
   1.4305364e+00  -1.2724706e+00
   6.8281117e-01  -1.1107030e+00
   1.0818936e+00  -1.0432912e+00
  -5.0379302e-01   1.2802964e-01
   4.3193498e-01  -8.0686401e-01
  -6.3193993e-02  -3.6682967e-01
   2.0882606e+00  -2.1248469e+00
   5.5610197e-01  -7.9283508e-01
   1.9796511e-02  -4.1674478e-01
   1.0231946e+00  -1.2603596e+00
  -1.6092992e+00   1.2383970e+00
  -8.2023328e-01   9.0828622e-01
   3.8618647e-01  -4.0415223e-01
  -3.6542077e-01   2.9217949e-01
  -2.9853200e+00   3.0266961e+00
  -8.0632613e-02  -4.2169362e-01
  -9.0977493e-01   1.2983649e+00
   2.1288192e+00  -1.9137648e+00
   1.4573007e+00  -1.3660980e+00
   4.1885736e-01  -3.7219501e-01
   3.4162961e-01  -4.2135236e-01
   1.0949248e+00  -9.1454390e-01
  -9.6770870e-01   6.2585212e-01
   8.5021363e-02  -4.0962185e-01
  -3.4796863e-01   8.6274352e-01
   5.6183537e-01  -3.4162734e-02
  -1.3253487e+00   1.4756375e+00
   2.4221332e-01  -1.6192525e-01
   8.2588459e-01  -9.4116285e-01
   1.7732352e+00  -1.4538447e+00
  -8.3017688e-01   1.0340848e+00
   1.0367745e+00  -7.2409413e-01
   9.7261788e-01  -7.8358257e-01
   8.0093720e-02   1.1882913e-01
   3.2001795e-01  -8.7609431e-01
   4.7614061e-01  -7.5163401e-01
   1.8805366e+00  -1.4583306e+00
   1.5285655e+00  -1.2653141e+00
   1.6650503e-01  -4.9777179e-01
  -1.0718994e+00   1.2381407e+00
  -8.1161504e-01   9.8093915e-01
   1.0724467e+00  -1.2347979e+00
  -1.0802315e+00   1.2709060e+00
  -9.0313210e-01   1.4354430e+00
  -6.3067137e-01   1.6610517e-01
  -1.1503431e+00   1.0096422e+00
  -9.9824873e-01   1.1293827e+00
  -2.8559542e-01   3.1400370e-01
  -2.1323657e+00   2.6527752e+00
   1.0836897e+00  -1.1538083e+00
  -1.5857608e-01   5.9919958e-01
   7.5558322e-02   2.2503153e-01
  -8.0236281e-01   8.3611095e-01
   1.6075732e+00  -1.3632016e+00
   1.1293088e-01   2.2692562e-02
   1.0299831e+00  -1.1841798e+00
   3.5957672e-02   7.5615148e-02
  -1.6045244e-01  -8.7136847e-02
   9.8085595e-01  -4.4425823e-01
  -3.3455294e+00   4.4727662e+00
  -3.9973773e-01   4.8134296e-01
  -1.3648200e+00   1.3832028e+00
