  -6.6491182e-01   3.1044341e-01
  -1.9714701e+00   1.6240812e-01
   1.5495656e-01   1.7681472e+00
   5.7843686e-01  -3.8501165e-01
  -2.0533626e-01  -1.0430739e-01
   9.0675978e-01   1.1686645e+00
   8.8881085e-02  -3.0233745e-02
   1.1169909e-01  -4.7465397e-01
  -1.0740113e+00  -9.8890242e-01
  -3.7071565e-01   7.8397234e-01
   3.6183131e-01  -5.6596239e-01
   8.2207110e-02  -3.7952877e-01
   1.5831582e-02   8.8878073e-01
   8.6223682e-01  -5.1112262e-01
   1.1829836e+00  -1.0277165e+00
   1.1238209e-01   1.5356843e-01
  -1.8292093e+00  -4.5162732e-01
  -1.1695332e+00   6.8785337e-01
   1.5651978e+00  -1.5380167e+00
  -4.5691849e-01   9.4266837e-01
   1.6985144e-01   7.8646075e-01
  -1.9491143e+00  -2.8400177e-02
   1.5317234e+00   2.3383530e-01
   7.6925883e-01   1.2872415e-01
   1.9586699e-01  -9.3975060e-01
   1.8776153e+00  -6.1277626e-01
  -1.5348460e+00  -2.0922240e+00
  -8.3790522e-01   6.6931985e-01
  -9.5954030e-01  -6.6945158e-01
   1.4369841e+00  -6.5973010e-01
  -1.2081949e+00   3.8156546e-01
  -5.9229034e-01  -9.4940652e-02
   1.9065134e+00  -3.2796856e-01
  -8.0567814e-01   4.3862704e-01
   7.6456402e-01   4.7685860e-01
   1.7776371e-04  -5.4213104e-01
  -3.9734942e-01   5.6682655e-01
  -5.5727156e-01   1.9599406e+00
  -6.3412760e-01   4.8739399e-01
  -3.4986666e-01   1.0358126e+00
  -1.1934196e+00  -9.7450060e-01
  -1.0958045e+00   1.0122122e-01
  -2.0735577e+00  -1.8158945e+00
   5.1573751e-01   3.9112577e-01
  -6.2654529e-01   6.2151625e-01
   7.4618784e-01   1.1628067e+00
   1.7703957e-01   1.3051842e+00
  -1.5045060e-01   3.3469811e-01
   2.4969838e+00  -2.0024564e+00
   2.1808155e+00  -3.1564121e+00
  -8.5986481e-02  -4.6152955e-01
   3.6595800e-02   3.5573536e-01
  -1.9631703e-01   1.8693450e+00
   1.0195479e+00  -1.8223026e-01
   1.4670314e+00   3.8614077e-01
   4.4755284e-01   9.1559385e-01
  -1.6401875e-01  -3.6590636e-01
  -4.4886984e-01  -9.0403242e-02
  -8.0938181e-01   1.7769862e+00
   1.0548438e+00   4.7912255e-01
   6.7141945e-02   1.0344994e+00
   1.0640734e+00   1.0937757e+00
  -3.0562686e-01  -1.1861636e+00
   2.5961208e-01   4.8816563e-01
   1.5814580e+00   4.3275610e-01
   1.5708814e+00   2.1995963e+00
   1.2102500e+00   1.8396347e+00
   6.5156385e-01  -5.3404788e-01
   9.6025499e-02  -3.6459119e-01
  -1.0909854e+00   6.4101607e-01
   3.0106038e-01   1.4501862e-01
  -1.5821675e+00  -1.2488681e+00
  -2.3693778e-01   8.7348725e-01
  -1.2027380e-01   7.4354077e-01
   3.4991661e-01   1.1315436e+00
  -3.4355633e-01   8.3088590e-01
   5.1614968e-01  -6.8988519e-01
   1.6464174e-01   4.2613893e-01
  -3.6726999e-01   8.3946707e-01
   5.9231056e-01  -3.3289086e-02
   2.8328620e-01   2.2590105e+00
   1.1870488e+00  -5.3661598e-01
  -6.4483526e-01  -3.0332051e-02
   1.2424310e+00   1.1210082e+00
   2.3481491e+00   2.6885986e-02
   2.0600944e+00  -1.7335557e+00
  -2.0226609e-01   7.2877959e-01
   1.5667931e+00   1.6387983e+00
  -9.9251340e-01  -6.9543736e-01
   6.8484225e-02   1.0134634e+00
  -6.0795106e-01   1.1993679e+00
   9.7640038e-02   7.2553071e-01
  -5.0104847e-02  -5.9860750e-01
   9.5584494e-01  -1.7795688e-01
  -9.2235852e-01   1.4926941e+00
   8.2807725e-01  -9.0479324e-01
   9.8861314e-02  -2.3609214e-01
   2.6333759e-02  -5.4683316e-02
  -9.9858254e-01  -7.0715516e-01
   8.1091631e-02   1.3887345e+00
   1.7050755e+00  -1.6146230e+00
  -2.6767794e-01  -1.6036736e-01
  -1.0991811e+00   1.7268970e-01
  -7.5683314e-01  -9.0917294e-01
   4.2667797e-01   1.8918423e+00
   6.8196643e-01   2.7926390e-01
   1.4251531e+00   2.0368711e-01
   7.0180112e-01  -1.2143149e+00
   3.0225314e-01   1.1773843e+00
  -6.3395821e-02   6.7952459e-01
  -7.5151327e-01   1.4219874e+00
  -2.0337003e+00  -4.6961262e-02
   1.5885127e+00  -1.5467850e+00
  -1.0342447e+00  -7.8633452e-01
  -5.4903118e-01   7.3379676e-01
  -1.2481685e-01  -4.0336603e-01
  -1.3866596e+00  -4.7930609e-01
  -5.1918941e-01   1.1734793e+00
   3.6210544e-01   2.4204093e-01
   2.3803255e-01  -6.9495900e-01
   8.0771179e-01   1.7635164e+00
  -1.1947937e+00  -7.9996099e-01
  -3.2661154e-01   4.0785024e-01
   2.1916750e-01  -2.1041828e-01
  -1.9540639e+00  -1.9808481e+00
  -1.6818417e+00  -1.4346138e+00
   8.5792850e-01   2.0032907e+00
  -2.4242328e-02   1.3901374e+00
  -8.8018010e-01   1.0738438e+00
   1.9754157e-01   1.0395338e+00
  -2.8535388e-01   9.1518609e-01
   1.1165924e-01  -1.6335668e+00
   4.8483075e-01   1.0850572e+00
   1.5550828e+00  -2.0069098e+00
   1.4679280e+00   7.9230140e-01
   2.5078039e-01   1.1152285e+00
   9.6486397e-01   1.2325796e+00
  -1.8051004e+00   3.2114328e-01
   7.3798767e-01   8.9121054e-01
   3.5204651e-01   8.6488405e-01
  -8.7176173e-01  -6.3442503e-01
  -6.7403870e-01  -8.7708319e-01
   6.5466258e-01   5.2446092e-01
   5.3689007e-01   5.1020585e-01
   2.9835985e-01  -4.9955432e-01
   6.5189218e-01   9.8298804e-02
   4.1623065e-01  -3.8119467e-01
   5.5724774e-01   8.3220611e-01
   5.6905631e-01   1.7718771e+00
   1.2311983e+00   1.1052324e+00
  -5.7993905e-02  -6.1490803e-01
   1.5122649e+00  -1.7907459e+00
  -2.2640629e-01  -7.9832107e-01
   9.0314078e-01   1.5660586e+00
  -4.4989377e-01   2.6502421e-01
   4.6879020e-01  -8.0691785e-01
  -8.3957421e-01   1.0923887e+00
   3.4339033e-01   6.8132382e-01
   1.3899869e+00   5.6545105e-01
  -1.1659353e+00   3.1106949e-01
   8.2604814e-01  -1.6706501e-01
   1.0658655e-01   1.3274287e+00
   3.9777878e-01   6.7188210e-01
   3.5838103e-03   7.6933051e-01
   6.8621245e-01  -1.0620171e+00
   1.7067414e+00   6.6334868e-01
  -1.2800198e+00  -1.0639577e+00
  -5.1194098e-02   5.4016887e-01
  -1.7437406e-01   8.4495695e-01
  -7.5764794e-01   5.5632738e-01
   1.0391426e+00  -3.0203728e-01
   6.6869301e-01  -4.8714089e-01
  -2.6885508e-01  -9.9517472e-01
  -1.6373419e+00   5.5793791e-01
  -5.3535784e-01  -5.4351361e-04
   4.8079129e-02  -6.8752903e-02
  -7.2701571e-01   4.6906524e-01
   8.4985163e-01  -1.0942298e+00
  -7.3902356e-01  -4.1843143e-01
  -2.3720244e-01   1.8478915e+00
  -8.7072170e-01   9.8250414e-01
   8.4347511e-01  -7.1262085e-02
   1.7496987e-01  -7.2572356e-01
  -3.9078903e-01   9.0745981e-01
  -1.1833775e+00  -1.0597232e+00
   1.0282637e+00  -9.9127817e-01
   6.7497859e-01   1.1744497e+00
  -2.8645582e-01  -1.2363476e+00
   1.8872814e+00  -1.2189963e+00
  -8.6882567e-01  -5.4475410e-02
   2.4281740e-01   1.4292194e+00
   9.2191623e-02   2.1377980e-01
  -2.9101149e-01  -7.8677819e-01
  -9.7907547e-01   2.5409329e-01
  -2.9488994e-01   1.8852069e+00
  -1.6719055e-01  -1.8695728e+00
   7.4354502e-01   5.8508267e-01
   6.6443257e-01  -2.1522574e+00
  -1.5115931e-01  -8.8466898e-01
   1.1235931e+00  -1.1993728e+00
   4.5097822e-01  -1.0289859e+00
  -6.9634498e-01  -1.3436662e+00
  -2.8615433e+00  -3.1712908e+00
  -2.3594596e-01   1.4248752e-01
  -3.8782925e-01   1.3639642e+00
   1.6999689e-01   6.2559194e-01
   7.3048534e-01   1.0284462e+00
   7.2278237e-01  -1.1651720e-01
  -9.4531603e-01   9.9584832e-01
   1.3081968e+00   1.0258117e+00
   4.7304918e-01  -6.6829651e-01
  -1.1545934e+00   3.4748079e-01
   6.2578415e-01  -9.0601234e-01
   2.3617520e-01  -2.4794751e-01
   1.2003149e+00  -3.9336454e-01
  -1.7108325e-01   4.3756307e-02
   3.0579348e-01  -6.7108276e-01
   6.8812173e-01   5.9016967e-01
  -6.1689721e-01   8.6715724e-01
   1.0825750e+00  -7.5070624e-01
  -1.1016522e+00   7.6047826e-01
   4.9972939e-01   6.2282000e-01
  -1.8455563e+00   1.1225902e-01
  -5.1596805e-01  -1.6157169e-01
   8.9882902e-01   4.9305869e-02
  -1.2338800e+00   4.2899513e-01
   1.4851828e+00  -9.8845844e-01
  -2.3122775e+00  -1.7360565e+00
  -4.3507499e-01   7.5863853e-01
  -2.0123001e+00  -1.7568735e+00
   2.7117693e-01   1.2421818e+00
  -5.3345386e-01  -1.5704661e-01
  -8.2852482e-02   1.0158716e+00
  -8.4203156e-01  -6.9415673e-01
   1.5771451e-01  -6.9606251e-01
  -4.0232157e-01   1.0109239e+00
   2.8447483e-01  -6.8449316e-01
  -3.3950144e-01  -1.8550273e-02
   1.8525735e+00   5.7957160e-01
  -6.0233503e-01   5.4423376e-01
   1.0665986e+00   3.7662601e-01
  -9.9638064e-01  -8.3126464e-01
  -7.9139727e-01   8.3093224e-01
   1.3570046e+00   9.9839846e-01
   1.0276480e+00  -5.7727968e-01
   1.3358883e-01   6.7119467e-01
   1.4940266e+00   3.9150107e-01
  -9.4410876e-01  -6.9712279e-01
   1.4778449e+00  -1.2203576e+00
   1.1683815e+00   5.5016379e-01
  -9.1312809e-01  -2.9129524e-01
   1.3776544e+00  -8.5877644e-01
  -6.8215220e-01  -8.0719155e-01
   3.4890932e-01  -8.2390128e-01
  -2.7415893e-01  -9.8809878e-01
  -1.3687864e-01  -8.0493704e-01
   4.8277101e-01   1.4242867e+00
  -9.3918182e-02   1.8255569e+00
   1.3248850e+00  -1.6224820e+00
  -1.9688513e+00  -1.0182380e+00
   1.6427925e+00   2.0401922e-01
  -4.7296043e-01   1.1594486e+00
  -1.7937311e-01   1.5297592e+00
   1.6951679e+00   3.4339247e-01
  -9.7239715e-03   2.9117154e-01
   9.4826430e-01  -1.1974152e+00
   4.7372223e-01   1.4495273e+00
   1.7471413e-02   1.2758440e+00
  -2.1707315e-01  -2.4782397e-02
   1.6726000e-01   9.0650035e-01
   1.6996766e-01  -9.0769671e-01
   3.4673486e-01  -1.2482184e+00
   3.5377955e-01  -8.7064628e-01
   9.2152227e-01  -5.5122118e-01
  -2.4022459e+00  -1.2696141e+00
   4.0944955e-01  -1.6536994e-01
   7.3543032e-01   1.0911226e+00
  -1.0198402e+00  -2.9054561e-01
  -3.1802883e-01   4.5166372e-01
   8.6159288e-04  -4.2312663e-01
   2.2529932e+00  -1.0859713e+00
  -9.8758885e-01  -1.2523826e+00
  -7.1658011e-01  -9.1208467e-02
   2.8094869e+00  -2.8425824e+00
   1.0156836e+00   1.6901480e+00
   8.5908928e-01   1.6429080e+00
  -1.0082342e+00   1.0366602e+00
   1.5559618e-01  -4.1476396e-01
  -7.0020340e-01   3.6038016e-01
  -1.2025845e-01   3.4128515e-01
  -1.3540425e-01   1.7700254e+00
  -1.1319353e-01  -4.2821116e-01
   7.9696271e-01  -7.7132034e-01
  -9.6056414e-02   1.0948487e+00
  -1.8780075e-01   8.6539887e-01
  -9.5528062e-01  -3.9276223e-01
  -1.2642145e+00   1.2705586e+00
  -1.3647183e-01   1.0600691e+00
  -7.3478246e-01   4.0711348e-01
  -3.9745759e-01   4.0201109e-01
  -5.8250305e-01  -7.0861167e-01
   1.5283247e+00   8.5669945e-01
  -7.9794804e-01  -6.0435015e-01
  -5.9561817e-01  -1.1358675e+00
  -2.2502941e+00  -8.6563377e-01
  -1.7293816e+00   5.3128938e-02
   1.2784083e+00  -6.4006900e-01
  -2.1211864e+00  -1.0321628e+00
   1.1390582e+00   5.8833286e-01
   4.5841556e-01   4.9753526e-02
   1.3927860e+00   1.7075007e-02
  -7.3902367e-01  -4.9503772e-01
   5.5999741e-01  -4.6582841e-01
   9.8413232e-02   3.6604044e-01
   9.3423092e-02   5.0043839e-01
   2.6928916e+00  -2.1247907e+00
  -2.6231581e-01  -2.9650544e-01
   1.2430548e+00  -5.9648887e-01
  -6.0951576e-02   1.8681497e+00
  -9.6695724e-01  -5.8004294e-01
   8.8089111e-01  -1.0799977e+00
   1.2121707e-01   1.4178643e+00
  -4.8639169e-01   2.4430985e-01
  -3.2342390e+00  -4.1384395e+00
   7.2273222e-02   2.1716830e+00
   4.2932381e-02  -1.4024015e+00
  -9.7822635e-01  -1.1950661e+00
   5.7159620e-01   1.2097329e-01
   6.9954915e-01  -4.2451112e-01
   9.0702676e-01  -5.9818690e-01
   7.1347290e-02  -6.5745460e-01
  -4.3616409e-01   7.6371723e-01
  -2.0853348e-01  -1.7345880e-01
  -9.8903494e-01  -5.4673749e-01
  -1.1262511e+00   3.1755673e-01
  -4.9682863e-01   4.1358496e-01
  -4.3946576e-01   8.3078975e-01
   5.6069660e-01  -4.2297332e-01
   5.8275681e-02  -7.3260705e-01
   5.7867477e-01  -1.0021095e+00
   1.2184817e+00  -1.6366267e+00
   1.3041690e-01   3.4895804e-01
   1.1516227e-01   8.4493956e-01
   2.5327719e-03   1.8971454e+00
   6.7849948e-01   4.4592619e-01
   6.9173743e-01  -7.1752537e-02
   1.2946581e+00  -1.2707444e+00
  -1.2333957e+00   4.2283554e-01
   2.8487444e-01   5.8973037e-01
   1.6271245e-02   8.3466795e-01
  -7.5647900e-01   5.0607732e-01
  -2.9360382e-02  -8.5794726e-01
  -1.2143125e+00   4.5792531e-01
  -1.4664718e-01  -5.9366685e-01
  -1.0082668e+00   3.9365656e-01
  -2.6664224e+00  -1.4128353e+00
  -1.8604147e+00   7.9684636e-01
  -3.4378852e-01   6.4534141e-01
  -5.5374359e-02   3.7504454e-01
  -2.0745560e-01   2.1294553e+00
  -3.7751683e-01   2.1711886e-01
   1.1888002e+00  -8.3565658e-02
   3.2293955e-01  -6.9133066e-01
  -9.2655204e-02  -2.6948946e-01
   5.1461576e-02   8.2865827e-01
  -1.4064809e-01  -1.1491376e-01
   2.3282731e-02  -2.7576374e-01
   1.3924477e+00  -5.6739741e-01
  -1.0419836e-01   1.9309122e+00
  -1.7695286e-01  -6.7933431e-01
  -4.3952208e-02  -5.0694694e-01
  -1.7830043e+00  -1.5195470e+00
  -7.4135700e-01   2.3302714e-01
   5.8712385e-01  -1.0008240e+00
  -7.4817234e-01   1.8889267e-01
  -2.2827365e-01   8.1522708e-01
   8.0702170e-01   5.3873530e-01
  -3.2350374e+00  -4.2988085e+00
  -2.3964619e+00  -1.6041542e+00
  -8.8167087e-02  -3.0888916e-01
  -1.4245239e+00   2.9463160e-01
   7.9301972e-01   8.2968367e-01
  -8.2256398e-01  -7.5970624e-01
   1.4307884e+00  -2.6347902e-01
   2.7907948e-01  -5.2266821e-01
  -1.6352547e+00  -2.4506195e-03
  -8.4684686e-01   1.8368025e+00
  -8.0434410e-01  -7.1794346e-01
   4.3258237e-01  -6.7861088e-01
   1.8793971e+00  -2.6667116e+00
  -1.3054009e+00  -1.7382883e+00
   1.0300741e+00   1.4972289e+00
   1.3893032e+00  -5.2529023e-01
   2.4163756e-01   5.6577709e-01
   3.1648959e-01  -9.1182966e-01
  -1.0949449e+00   1.2730128e-03
   5.6210178e-04   2.0105953e+00
   1.3823393e-01   7.2002734e-01
   3.8269565e-01  -3.1060477e-01
   3.0074148e-02  -6.7457657e-01
  -2.1838076e-01  -1.2373102e+00
   4.6332041e-01   4.3579450e-01
  -1.9357685e+00  -1.5499663e+00
   1.4385591e-01   7.5808236e-01
   3.8385199e-01   1.6019575e+00
   1.7174927e-01  -5.7709090e-01
   6.4168310e-01  -1.0582734e+00
  -5.3071748e-01  -1.5970501e+00
  -1.8504788e+00  -1.8498026e+00
   1.6749296e+00  -6.9606551e-02
  -1.6991127e+00  -2.0415811e-01
   1.6865993e+00  -1.9365886e+00
  -2.0138198e+00  -7.0059935e-01
  -6.3307737e-01   6.7282279e-01
   6.2743809e-01  -1.4526673e-01
   1.5648527e-01  -4.3466152e-01
   5.5626419e-01   2.6550383e-01
  -1.3618847e+00  -8.3365119e-02
   1.1201403e+00   5.1170770e-01
  -3.7365951e-01  -1.4627632e+00
   5.4519439e-01   1.4596022e+00
   1.0331631e+00  -1.0464512e+00
  -6.2184445e-01   2.2279423e-01
   1.1805786e+00  -1.1928495e-01
  -5.0348000e-01   1.3861948e+00
  -9.0737630e-02  -6.6655599e-01
   2.6236198e-01   6.6368874e-01
  -7.1931308e-02  -2.2807023e-01
  -3.6332937e-01  -3.7493393e-01
   6.6988838e-01  -7.6243779e-01
  -1.2289281e-01   4.1592733e-01
   1.9221889e+00  -2.0751995e+00
  -1.1472014e-02   7.2145630e-01
  -4.9587093e-01   7.4450817e-01
  -1.0240162e+00   1.6355269e+00
  -8.4234729e-01   8.3161792e-01
   1.5187649e-02   5.3060472e-01
  -4.2944518e-01  -6.8786391e-01
   8.0632284e-01  -1.2949579e+00
   1.5967632e+00   1.4510325e+00
  -4.0052231e-01  -6.8389337e-01
  -5.6665247e-01  -1.3889548e+00
  -9.0695445e-01   3.9199500e-01
  -1.5663295e+00  -9.3419554e-01
   6.2142508e-01   7.0785490e-01
   1.7595963e+00   1.2383678e+00
  -5.8488371e-01   3.0858641e-01
  -1.7527712e+00  -1.2894041e+00
   1.5943535e+00   6.6185347e-01
  -2.1484508e+00  -4.8421864e-01
   2.7597825e-01   1.2884891e+00
   1.7733673e+00  -6.3984598e-01
  -1.2948607e+00   5.6053939e-01
  -2.3300039e-01   1.0100814e+00
   4.4142864e-01  -2.0740667e-01
  -1.0375120e-01  -2.0343482e-01
   3.3339563e-01   5.9956760e-01
   5.5257971e-01  -5.2245218e-01
   1.6446857e+00   4.3392787e-02
  -6.4034564e-01   3.3600779e-01
  -3.6565674e-01  -1.1264168e-01
  -1.9602275e+00  -1.6858183e+00
   3.3907513e-01   4.9787311e-01
  -1.1803942e+00   8.7852517e-01
  -4.5588773e-01   1.3303750e+00
   1.0504912e+00  -2.2290663e-01
  -1.6174933e+00  -1.8575838e+00
   1.8599963e+00  -9.2948389e-01
   5.0480838e-01  -3.5767169e-01
   1.9798604e+00  -1.5954897e+00
  -2.4519543e-01  -9.1498359e-01
   7.0292137e-01   1.5632367e-01
  -3.0585514e-01  -6.4651935e-01
   1.1922599e+00  -1.2947682e+00
  -1.0063472e+00  -1.0987336e+00
   8.0861104e-01   2.8472767e-01
   8.6727307e-01  -2.0360876e+00
   3.1890975e-01   4.9157169e-02
  -6.9009205e-01  -3.9707154e-01
   1.0311422e+00   1.9330123e-01
   2.1482639e-01  -3.4257329e-01
   2.0972862e+00  -1.5767309e+00
   4.9150175e-01  -2.1667273e-01
   7.6509596e-01   2.0430211e-01
  -1.7050200e+00  -1.6056493e+00
  -2.5560096e-01   9.1650143e-01
  -3.7060045e-01   1.0329529e+00
  -8.4141540e-02   8.7092184e-01
   6.3564252e-01   1.0086748e+00
   3.0529148e-01  -1.8997088e-01
   6.6978919e-02  -4.5497452e-01
   8.3061049e-02  -5.4697164e-01
  -1.9566459e+00  -6.8345297e-01
   5.3072422e-01   9.7314760e-01
   1.7142213e-01   1.2795269e+00
   1.2268767e+00  -9.2768797e-01
   1.2185778e+00  -9.9825295e-01
   8.1312189e-01   2.2637004e-01
  -2.3520805e-01   6.3928446e-01
  -6.2988612e-01  -6.7284223e-01
   1.0456174e+00   9.0125836e-02
   1.1464044e+00  -1.2187156e+00
  -6.3339364e-01  -1.7101887e-01
  -1.0360506e-01  -6.9772166e-01
   8.3372613e-01  -3.7136808e-01
   1.2202963e+00  -9.1159104e-01
  -7.1951177e-01   6.5114856e-01
  -5.4355961e-01   8.8949882e-01
   2.5458812e+00  -5.3124593e-01
  -1.1822255e+00  -4.9600989e-01
   1.0018799e+00   6.8946647e-01
   1.4358505e+00  -2.1000536e-01
   3.5081407e-01   3.7535693e-02
  -6.1657787e-01  -6.3758507e-01
  -3.1490923e-01   1.1320920e+00
   4.1078219e-01   1.7703980e+00
   1.2959106e+00  -1.7002642e+00
   2.5679579e+00  -1.1202558e+00
   5.6049217e-01  -6.7113606e-01
   2.0258053e-01   4.5399721e-01
  -9.4738987e-01   6.3169171e-02
   5.0725294e-01   1.8646214e+00
  -6.5731485e-01   2.0001259e-01
   6.3633945e-01  -4.1325785e-01
  -7.8979211e-01  -2.0496971e-01
  -6.7796302e-01  -9.5407346e-01
  -7.0967499e-01  -9.7467925e-02
   7.4023418e-01   6.0065118e-01
  -1.2361155e+00   6.8125869e-01
  -1.9239146e+00  -1.1765753e+00
   2.0757992e+00  -1.7291010e+00
  -8.5277639e-02   9.6331479e-02
   1.1156712e+00  -1.9964251e+00
  -7.8668586e-01   1.0542415e+00
  -6.4264175e-01  -9.8162301e-01
  -2.4732886e-02   8.9820067e-01
   3.2091228e-01  -1.5800684e-02
  -2.2033805e-01   6.2888632e-01
  -1.8291772e+00  -1.9880939e+00
   1.3165434e+00  -9.3424515e-01
   7.7461140e-01  -2.5841351e-01
  -3.2508136e-01   8.7728646e-01
   1.1272235e+00   1.6081216e+00
  -3.8204597e-01   1.0340148e+00
  -2.8266999e-01  -1.7076404e+00
  -1.1988196e+00  -9.4168602e-01
   3.5903814e-01   2.1826459e+00
  -7.5349521e-01  -7.0421656e-01
   1.4084976e-01   1.5683392e+00
   1.2365943e+00  -2.0558546e+00
   7.1870823e-01   1.0805362e-02
  -6.0022806e-01   7.2111541e-01
  -3.5879156e-02  -7.6861376e-01
  -1.2330157e+00  -3.2074595e-01
  -9.4831027e-01  -5.4320326e-01
  -1.1518408e+00   2.1499726e-02
   2.2856124e+00  -1.3594596e+00
   1.1843801e-01   9.0797643e-01
   7.2972315e-01   6.7763400e-02
  -4.0626176e-02  -1.3802259e+00
  -6.4060991e-01   4.5606682e-01
   3.5041284e-01  -7.6339395e-01
  -5.3487825e-01  -8.9228825e-01
   3.0835557e-01  -9.4884816e-01
   4.6710089e-01  -7.5308461e-01
  -4.6452036e-01  -5.6363700e-01
  -1.7968861e-01   3.5011034e-01
   1.3549542e+00  -6.1735068e-01
   9.9901558e-01  -1.5654375e+00
  -6.5459911e-01   3.8692713e-01
  -1.9984359e-01  -1.9078713e-01
  -1.4288318e+00   1.5903623e-01
   7.0392893e-01  -1.9872294e-01
   8.3452814e-01  -5.0778706e-01
  -9.1615911e-01  -8.4630815e-01
   8.7319242e-01  -3.6858887e-02
  -1.0243731e+00  -6.5255607e-01
  -4.3791359e-01  -7.1790128e-01
  -2.3818108e+00  -4.1473050e-01
   1.2885475e+00   3.5681326e-01
   8.4498288e-01   8.1787536e-01
   8.9619953e-01  -3.3132782e-01
   7.0374638e-02   1.3360704e+00
   9.1952165e-01  -1.7460852e-01
  -6.7868258e-01   2.1702627e-01
   4.6003379e-01  -5.1013680e-01
  -1.1747280e-01  -7.9482689e-02
  -9.0986130e-01   1.4079097e+00
   6.7115069e-01  -1.3656647e-02
   4.4084910e-01   1.9321214e+00
  -4.9130333e-01  -7.1244472e-01
   8.8842619e-02   1.4640877e-01
   7.0680254e-01  -9.9655469e-01
   9.3499224e-01  -6.1230032e-01
  -1.3854247e-01   1.4330734e-01
   1.0610513e-01   8.0393101e-01
   1.1737287e+00  -8.1255405e-01
  -1.2098719e+00  -8.8004793e-01
  -2.2422979e-06   1.7113844e+00
  -3.6066368e-01  -8.8845832e-01
  -3.7732971e-01  -4.6450766e-01
   4.9189746e-01   3.6323115e-01
   1.9505454e-01  -5.3474485e-01
  -2.1883045e+00  -1.2825291e-01
   1.1239760e+00  -1.3994653e+00
  -1.7252651e+00  -3.6207170e-01
   1.1008054e+00   1.7372180e-01
   6.1694071e-01   1.4291063e+00
  -7.3487883e-01  -2.0593974e-01
  -5.3099180e-01  -4.5089605e-02
   1.4493373e+00   4.6874132e-01
  -1.0527507e+00  -1.2443411e+00
   4.4235113e-01  -6.9272565e-01
   1.7754995e-01  -2.1609350e-01
  -2.2311663e+00  -1.1200559e+00
  -4.2439771e-01   1.1119904e+00
  -8.4724163e-01  -7.6377235e-01
  -1.2359864e+00   6.9057922e-01
   1.2184461e+00   6.4786693e-02
   8.8595590e-01   7.3990466e-01
  -1.0071550e+00  -7.1197892e-01
  -5.5409537e-01   1.0659643e+00
   1.5123430e-01  -3.4592223e-01
   2.9480955e+00  -3.2419298e+00
  -1.8831012e-01  -6.9197674e-01
  -8.5342119e-01   4.5892603e-01
   8.2808204e-01   1.8864558e-01
  -3.3792576e-01  -7.1245487e-01
  -1.5646790e+00  -2.2766254e-01
   1.2401715e+00   1.2618048e+00
  -1.9545272e+00  -1.4212816e+00
   1.2044841e-01   4.5004121e-01
  -2.7508125e-01   2.1757005e-01
  -3.1642764e-01   6.5113140e-01
   5.7929146e-01   2.4263776e+00
   7.1449450e-01   1.0425549e+00
  -4.8074004e-01   4.7656057e-01
   1.6439569e+00   2.3744003e-02
   1.1775873e-01   8.2658599e-01
   1.1352192e+00  -7.5020087e-01
  -1.5912168e+00  -1.3723793e+00
   2.4709698e-02   1.1120940e+00
   9.9228170e-01  -1.0580008e+00
  -2.1659925e+00  -3.4931901e-01
  -1.2779001e+00  -1.3937234e+00
  -3.5651195e-02   6.2789466e-01
   1.1218237e+00   1.0346803e+00
  -1.1068858e+00  -3.1874805e-01
   2.2363691e-01   5.9414861e-01
   1.1261519e+00   6.9669155e-01
   1.2871774e-01  -6.1739064e-01
  -1.4336128e-01  -8.3808387e-01
  -6.1591358e-01   7.9824692e-02
  -3.8004300e-01   1.3787612e+00
  -4.6977805e-01  -1.3692652e-01
   5.2899317e-02   8.7177801e-01
   8.7826012e-01  -7.0101623e-01
  -7.6987101e-01   1.9124989e+00
  -1.2363596e+00  -2.1521104e+00
   5.0678896e-01  -3.3437037e-01
   3.8714690e-01  -7.6312175e-01
  -2.9066228e-01   7.6937381e-01
  -3.4693638e-02   4.3518912e-01
   3.6488646e-01  -4.3684370e-01
  -9.3769372e-01  -6.2161098e-01
  -3.6825336e-01  -1.2428145e-01
  -9.9406972e-01  -6.7326181e-01
   7.4955190e-01   1.6177978e+00
   2.5821255e-01   1.6043520e+00
   4.4438723e-01   1.2662149e+00
   6.0965330e-01   1.6043930e+00
   4.8410281e-01  -1.6983654e+00
   4.4003841e-01  -3.8284440e-01
   5.8869395e-01   7.3964011e-01
  -1.0111861e+00  -1.8566329e-01
  -1.4916837e+00   1.1302572e+00
   8.6327835e-01  -1.1745943e+00
   1.2128508e-02   2.0440373e+00
  -1.0295582e+00   4.6088551e-01
  -1.7940176e-01  -5.9523254e-01
   9.1515978e-01   6.1641239e-01
  -1.0943856e+00   1.7563049e+00
  -1.2798921e+00  -8.5456342e-01
   8.2220288e-02  -8.3717457e-01
  -4.2773228e-01   1.7300908e+00
  -1.4952942e+00  -6.7500726e-01
   1.5705921e+00   1.1672691e+00
  -1.1021923e+00  -8.1210177e-01
   8.2113211e-01  -7.2490697e-01
  -4.1448566e-01   1.7816281e+00
  -1.2550032e+00   1.7136701e+00
   9.4660503e-02  -1.0160260e+00
  -4.6171953e-01  -1.3810796e-01
   5.2665016e-01   5.9601154e-01
  -1.0839697e+00   8.2431289e-01
  -6.5544729e-01  -4.7175033e-01
  -1.3633527e+00  -5.1192406e-02
  -5.0365132e-01   1.8304908e+00
  -1.2036856e+00   1.7424536e+00
   2.7693594e+00  -1.0355572e+00
  -4.2547284e-01   6.1918960e-02
  -1.8220341e+00  -6.2550082e-01
  -9.7750354e-01  -7.6564400e-01
  -1.9234072e-01   9.4011919e-02
  -1.1291499e-01  -2.7780098e-01
   6.8480374e-02   9.8085369e-02
  -1.5704269e+00  -1.8285451e+00
  -5.0720228e-01  -1.4553575e+00
  -4.8435620e-01  -4.1274536e-01
  -3.3288828e-01  -5.6963205e-01
   1.3506074e+00   6.0094235e-01
   4.6872766e-02   2.9124827e-01
  -1.4560444e+00  -1.2473282e+00
  -6.4775780e-01   1.0971915e+00
   1.7672632e+00   3.2183080e-02
   1.5941608e-01  -6.1743653e-01
  -3.8318421e-01   9.6218468e-01
  -4.0456162e-01  -5.8879273e-01
   3.8226760e-01  -6.8617836e-01
   4.8870784e-02  -5.5454917e-01
  -1.7153452e+00   6.5905989e-01
  -5.5149196e-01  -1.8741571e+00
  -5.0924581e-01   1.0368673e+00
   1.0140285e+00   1.0882452e+00
   5.0448050e-01   1.4089016e+00
   1.3226999e+00  -8.7763512e-01
  -2.5341155e-01  -1.4470822e+00
   2.5938662e-01  -5.3485985e-01
  -1.2815007e-01   1.0647332e+00
  -2.2670626e-01   8.8301627e-01
   1.0182297e+00   8.7379646e-01
   1.3843585e+00   5.9212672e-01
   6.2822250e-01   9.8770662e-01
  -4.5061082e-01   6.2765658e-01
  -7.5290231e-01  -6.3108728e-01
   9.8245471e-01  -6.7859870e-01
  -6.1438242e-01   1.9754166e-02
  -3.4129202e-01  -1.2646128e+00
   7.4381709e-01  -9.6311795e-01
   3.6647304e-01   6.0267175e-01
  -7.2820332e-02   6.1931945e-01
   8.8154083e-01   5.1173633e-01
   1.3472326e+00   2.1805988e-01
   2.3379397e-01   3.1362682e-01
  -1.5013699e+00   6.8932034e-01
  -5.8279572e-01  -9.0445028e-01
  -4.0880110e-01  -7.8237702e-01
   1.3142317e-01   1.8462348e+00
   4.4496770e-01   3.7499545e-01
   4.0115972e-02   3.5900301e-01
   9.0774021e-01   5.9367140e-01
   1.9538792e+00  -1.6576367e+00
   1.0151513e+00  -1.2926981e+00
  -3.1891201e-02   1.8367917e+00
   1.0514229e+00   1.5087819e+00
   1.3427416e+00  -2.2074449e+00
   1.4328101e+00  -1.7301388e+00
   1.9477872e-01   1.5099374e+00
  -1.0718243e+00  -8.6445605e-01
  -1.0491384e+00   4.1475985e-01
  -7.2044968e-01   8.2728953e-01
  -2.4371661e-01  -1.6836794e+00
   1.1934564e+00   9.4314052e-01
  -4.3926925e-01   7.4843872e-01
   1.6150080e+00  -1.4742179e+00
   5.6789086e-01   7.8583644e-01
   5.3725035e-01  -3.8727578e-01
   7.8597015e-01   4.7915002e-02
  -6.9694212e-01  -8.9222187e-01
  -3.2069898e-01  -4.8366811e-01
   9.0116179e-01   7.2699924e-02
   7.3895533e-01   5.0915657e-01
  -5.9002699e-01   1.1014041e+00
   2.4346062e-01  -7.7431114e-02
  -5.7612968e-01   2.5807591e-01
  -2.7235688e-01  -3.9889698e-01
  -1.1130238e+00  -9.7566058e-01
  -8.6524889e-01   1.0273161e+00
  -6.0647230e-01  -3.8407883e-01
  -2.7184779e-01   1.2684667e+00
   5.8135761e-01  -6.5521956e-01
  -3.1792556e+00  -1.3860188e+00
  -1.2859384e+00   1.2243722e-01
   6.7028759e-01   1.2055499e+00
  -3.3494765e-01  -8.9243113e-01
   8.6503585e-02  -8.1077292e-02
  -3.1826749e+00  -3.0294213e+00
   8.9038720e-01   1.6372334e+00
  -1.1800181e+00  -4.8998650e-01
   1.2899801e+00  -9.8725951e-01
  -1.6327331e-02   1.1546568e+00
  -1.4148000e+00   8.1785030e-01
   1.0441101e+00   5.9749953e-01
   1.7723046e+00   6.3032185e-02
  -4.7338573e-01   1.0644677e+00
   5.1622555e-01  -1.5289904e-01
   3.7580381e-01   1.3700253e+00
   1.5369682e+00   7.6230366e-01
   1.8964634e+00  -7.5900949e-01
  -1.5571367e-01   9.9463886e-01
   7.6230563e-01   1.3528387e+00
  -2.0507535e+00  -2.1501865e-01
  -1.5644830e+00  -7.0866590e-01
  -7.3092579e-01   1.2462458e-02
   1.3706326e+00  -8.0276391e-01
  -9.9294578e-01  -4.0632606e-01
  -1.3267409e+00  -1.9868846e-01
  -1.3147021e+00  -6.9476969e-02
  -9.0155769e-01   8.7301445e-01
  -8.3930932e-01  -8.3574100e-01
   1.1324290e-01   7.6564338e-01
   3.1730483e+00  -3.6477712e+00
  -3.6015362e-01   5.0251146e-01
  -8.7893088e-01   1.7868548e+00
   8.5089542e-01   2.0463395e-01
  -2.8861246e-01   3.7911507e-01
   8.2965196e-01   5.2649067e-01
   2.8724324e-01   1.0523600e+00
   7.7453942e-01   1.5337815e+00
  -2.6087432e-01  -6.5228558e-01
   1.0734349e+00  -7.4190869e-01
  -3.9622914e-01  -1.3636025e-01
  -2.1173647e+00  -1.5463777e+00
  -6.6772218e-01   1.0362917e+00
  -5.9481344e-01   1.3871180e+00
   1.4603476e+00   1.0164759e+00
   1.4320270e+00   5.5196564e-01
  -7.6245924e-01   1.3354527e+00
  -4.2841119e-01   1.1972670e+00
   1.0911930e+00  -5.2706676e-01
   1.2449315e+00   9.5543037e-01
  -2.3191651e+00  -1.0656852e+00
   1.9289416e-01  -1.6928941e+00
  -1.5399558e+00  -1.3479966e-01
   2.0139261e-01   1.0669205e+00
   2.2178460e+00  -2.8581198e+00
  -1.4402605e+00  -1.7123622e-01
   1.6946931e+00   6.8880553e-01
   3.1768204e-01   6.5990311e-01
   5.0074935e-01   4.3876620e-01
  -1.3578661e+00   2.3231288e-01
  -2.3991438e+00  -1.2915833e+00
  -8.5732534e-01   3.7679796e-01
  -1.1233914e+00   1.2947078e+00
   3.3605303e-01   9.6299579e-01
  -7.7619156e-01   1.0012809e+00
   2.9610393e-01   1.0321506e+00
   5.4483722e-01   9.1518901e-01
   5.2815709e-01   4.7271262e-01
   1.0143908e+00   7.3926720e-01
  -2.8482921e-01   9.2159081e-01
  -3.1456207e-01  -3.7032522e-01
   4.4047316e-01   4.4720493e-01
   3.3819385e-01   5.8766257e-01
  -3.3534664e-01   4.3685156e-01
   4.4658363e-01   1.5859740e+00
  -7.1998605e-01   4.2045318e-01
  -1.7219523e+00  -1.0722999e+00
   5.4378857e-01   1.4362667e+00
  -9.9177078e-01   1.6243578e+00
   1.2250062e+00   8.2525994e-01
   1.5617409e-01  -1.6642725e-01
  -1.8980820e-01  -2.9114007e-01
   3.1302247e-02  -1.2313064e+00
   3.2136031e-01  -6.0077272e-01
  -3.7353639e-01   3.9183867e-01
  -1.3579805e+00  -1.4685270e+00
  -1.1569172e+00  -1.4729807e+00
   1.4467581e+00  -7.8920383e-01
   6.2323831e-01   1.3224158e+00
  -7.0366790e-01  -1.2187304e+00
   6.6889923e-01  -7.1627650e-01
   5.6358711e-02   1.3482392e+00
   3.6972939e-01   7.0823917e-01
  -6.2532096e-02   1.8803356e+00
   1.1519926e+00   1.0648246e+00
  -5.0895004e-01  -6.9533057e-01
  -6.3977728e-02   5.7468975e-01
  -9.1544773e-01  -3.6512830e-01
   9.7221766e-01  -7.2866600e-01
   9.7258193e-01   1.0324100e+00
  -1.6352848e+00   6.7340683e-01
   6.5310237e-01   3.9600011e-01
  -8.4761021e-01  -4.3028497e-01
   8.1543680e-02  -1.1900655e-01
  -5.4671931e-01   1.1291037e+00
   5.4391749e-01  -5.1079212e-01
  -2.1217410e+00  -3.2210078e-01
  -5.0145181e-01   6.6843766e-01
   1.9907535e-01  -4.0405884e-01
   1.0711549e+00  -1.1132439e+00
  -9.5883709e-01  -8.6322175e-01
  -5.4667245e-02   5.5494199e-01
   9.0828330e-01   3.4403938e-01
  -1.0751369e+00   8.0098498e-01
  -9.2958147e-01  -7.7599745e-01
   1.1730932e-01  -8.0882894e-01
  -6.3572948e-01  -6.2735372e-01
   1.0157466e+00  -6.7752197e-01
   6.5050773e-01   1.8190608e+00
  -1.5174986e-01   4.0819261e-01
   6.2488717e-01  -9.1864279e-01
  -1.3551215e+00   4.9690413e-01
  -1.8983994e+00  -1.6830250e+00
   2.9879843e-01  -1.1265711e+00
  -8.1320697e-02  -1.9957191e-01
  -9.3284478e-01  -7.7868040e-01
   2.5743372e-01   4.2353778e-01
  -5.8226509e-01   6.0394843e-01
  -5.1177884e-02   7.5654813e-01
  -1.5486598e+00  -1.2448006e+00
  -9.5506609e-01  -4.0890214e-01
  -9.0193310e-01   6.4023505e-01
  -2.1360086e-01  -3.8166150e-01
   3.1999605e-01   2.1416937e+00
   3.9312687e-01  -1.6910867e+00
   1.4338430e+00   1.4469575e-01
  -7.5855307e-02   9.0340896e-01
  -3.0219360e-01   7.7100573e-01
   1.7638826e-01   6.4802252e-01
   2.9166546e-01   4.1750681e-01
   1.8175803e-01  -6.3577060e-01
  -1.7908775e+00   6.3131174e-02
   1.8283824e+00  -1.3674805e+00
   3.9849680e-01   1.4496071e+00
   3.1470049e-01  -1.4159183e+00
   5.1211377e-01   9.6529152e-01
  -1.0685370e+00   1.1893117e+00
  -5.4759665e-01   1.1398665e+00
   1.5846522e+00  -1.5818355e+00
  -8.3092394e-01   1.7816206e+00
  -3.9028352e-01   6.5954031e-01
  -1.3233388e+00  -5.5731127e-01
  -5.6483222e-01   1.6225882e-01
  -2.5718691e-02  -4.7559028e-01
  -5.1965824e-01  -3.8836640e-01
  -1.6580693e-01  -5.9134084e-01
   1.1108078e+00  -8.7047827e-01
   1.9851935e+00  -1.1559726e+00
   1.2751422e+00   1.3273627e+00
  -3.6851019e-01  -6.5562614e-01
  -9.1399102e-01   6.3553673e-01
  -7.8978413e-01   1.1190337e+00
   7.7814329e-01  -4.8143728e-01
   6.0389418e-01   4.1048973e-01
   2.3499854e-01  -1.1372934e+00
   6.7419182e-01   4.7585457e-01
   1.8566833e+00   6.9696964e-02
  -9.4171391e-01   8.0889883e-01
  -3.9401005e-01  -7.1550074e-01
   1.0972145e+00   8.0782684e-01
   1.3057018e-01   8.6720629e-01
   7.1578828e-01  -4.0959626e-01
  -5.8261999e-02   1.3857985e+00
  -8.6291334e-01  -4.2254535e-01
   1.7983760e+00  -4.0052297e-01
   1.0961786e+00   1.6677332e+00
   2.2608638e+00  -4.3648703e-01
   1.0094117e+00   1.0572370e+00
   1.7586589e+00  -1.8056132e+00
  -7.8983946e-01   8.7461996e-01
  -1.1058325e-01  -5.2347413e-01
   2.0742223e-01   8.0626257e-02
   1.2213583e+00  -7.8461682e-01
  -7.2919463e-01  -5.1022517e-01
  -4.0666503e-01   1.2361490e-01
  -5.7294703e-01  -4.7103667e-01
   1.1306990e+00   4.8659786e-01
  -4.4502186e-01  -3.7311882e-01
  -8.8277177e-01   1.0197474e+00
   2.0748446e+00  -2.4179839e-01
  -4.7313095e-01   7.9355323e-01
  -4.3553012e-01   5.0885716e-01
   1.6680821e-01   9.0883794e-02
  -1.3190661e+00  -2.8868623e-01
   1.1034044e+00  -5.3138221e-01
   8.7150185e-01   9.5643516e-01
  -2.4289535e-01  -4.7993144e-01
   1.6687717e+00   1.8684772e-02
   2.1758661e-01   9.7947056e-01
  -1.2448889e-01  -2.5183806e-01
  -1.2880077e+00   1.2546020e-01
  -9.2998881e-01  -3.8311627e-01
   1.4408679e+00  -2.0762321e+00
  -7.6484994e-01   5.0666108e-01
   3.5120343e-01   9.4077537e-01
  -1.8039119e+00  -4.3252969e-01
  -1.1260915e+00  -6.8073086e-01
  -9.3133405e-01   6.7539590e-01
  -6.1752745e-01  -4.9620618e-01
   1.8236007e+00   1.2607901e+00
   3.7222368e-01  -7.5233327e-01
  -9.6924996e-01  -1.4523969e+00
   2.0971874e-01   5.7343133e-01
  -3.2435298e-01   2.1596116e+00
  -1.5363435e+00  -1.2076929e+00
  -1.4988674e-01   7.4767724e-01
   6.9927792e-01   1.0588273e+00
  -1.3033904e+00  -7.5309439e-01
  -1.9214351e+00  -4.9156471e-01
