   3.1878955e-01  -2.8378067e-01
  -3.7053209e-01   1.1917850e+00
   3.0664051e+00   1.4228996e+00
  -1.5640489e+00  -6.7294988e-01
  -6.3715320e-02  -1.0432793e+00
   1.0573843e+00   5.5977441e-01
  -1.3412362e+00  -1.9412520e+00
   5.8740445e-01   1.3155498e+00
   1.4021937e+00   5.1624126e-01
  -5.3982433e-02  -1.0155460e-01
   1.2626550e+00   1.1344588e+00
  -1.7263297e-01   6.2980644e-02
  -1.3483223e-01  -8.5425828e-01
  -1.1465676e+00  -6.2235867e-02
   7.7444721e-01   7.9722481e-01
  -5.9975578e-01  -6.5882204e-01
  -2.9661132e-01  -3.5909588e-01
  -1.4919968e+00  -3.0886105e-01
   1.0334294e+00  -2.3597585e-01
  -6.4403009e-01  -9.1325200e-01
   1.0257668e+00   1.3213549e-01
  -1.4952765e+00  -5.4694719e-01
   5.0598538e-01  -2.8944438e-01
  -1.9246623e-01   2.8946143e-01
  -5.2748824e-01   1.4997529e-01
  -2.3067002e-01   1.7208798e-01
  -4.7965285e-01  -5.6111049e-01
  -1.9572369e-01   4.3871331e-01
  -5.7265149e-01  -5.8815326e-01
  -1.3414020e-02   7.9436859e-01
   1.0220256e+00  -2.7294849e-01
   1.0365063e+00   1.7184012e+00
  -3.6973396e-02   1.0240772e-01
   1.2508711e-01  -5.5865443e-01
  -7.0660411e-01   1.0097705e-01
  -3.4209534e+00  -1.7422842e+00
   2.3397318e-01   6.6983918e-01
  -2.8192343e+00  -1.7324636e+00
   1.2553410e+00   3.9546027e-01
  -1.0699186e+00  -9.7775514e-01
   2.3259489e+00   2.7254456e+00
  -1.6041769e+00  -2.0210190e+00
   7.4968842e-01   8.2282407e-01
   1.2851787e+00   1.2522081e+00
  -2.4783387e-01  -3.8450375e-01
  -4.0622337e-01  -1.4120886e-01
   4.1500604e-01   3.9136183e-01
  -8.0856129e-02  -1.1018031e+00
   1.0149578e+00   2.3949556e-01
  -1.9160639e+00  -1.7250123e+00
   3.2207265e-01  -3.9983140e-01
   1.1368450e+00   1.1438558e+00
   9.2257941e-01   1.4081493e+00
   1.5355700e+00   8.2418648e-01
  -6.7631671e-01  -5.7727071e-01
  -2.8438760e+00  -9.1660382e-01
  -1.0847149e+00  -1.0277360e+00
   1.3070592e+00   5.8499224e-01
   1.5070426e+00   2.0487443e+00
  -1.7588220e+00  -1.3366807e-01
  -1.3754611e+00  -1.4478165e+00
  -2.0435386e+00  -1.8950481e+00
   8.9838408e-02  -3.1906127e-01
   7.7384007e-02   3.0592301e-01
   1.6210096e-01   8.6581533e-02
   5.9570300e-01   5.8243222e-02
   3.2082409e-01   5.0683434e-02
   1.4064618e+00   9.4842444e-01
   1.5737488e+00   1.1464514e+00
   1.8027161e+00   4.3189144e-01
   1.1547923e+00   8.6458663e-01
  -1.6353638e+00  -4.5664249e-02
   3.3376911e-01   9.8060066e-01
   2.8573855e-01   5.1392363e-01
   2.6465871e+00   1.3182932e+00
   2.5910714e+00   8.2941661e-01
   6.6999008e-01   4.7344740e-01
   7.0064676e-02   1.5312273e-02
  -3.3358548e-01  -6.3725775e-01
   1.5405075e-01   2.2235051e-01
  -7.0471897e-02   2.9515842e-01
  -6.5841489e-01   7.9126330e-01
   2.9137491e-01   2.9914804e-01
  -1.6674927e+00  -7.0672030e-01
   1.4697552e+00   1.7050835e+00
   1.4529453e+00   8.4790588e-01
  -6.7355593e-01  -3.5363281e-01
   2.3081044e+00   7.1346475e-01
   1.1361601e+00   7.2784312e-01
  -2.6684424e-01  -5.9574413e-01
   2.0767108e+00   1.6091688e+00
  -1.9394511e+00  -1.1400726e+00
   5.7429959e-02   8.2966511e-01
  -2.0192738e+00  -5.7220114e-01
   7.4522744e-01   3.8140574e-02
  -1.7119930e+00  -9.8497542e-01
  -1.7359827e+00  -1.8229351e+00
   1.5901192e-02   1.2594236e+00
  -1.7726334e+00  -1.3127047e+00
  -1.4357628e+00  -1.0281845e+00
  -1.2344084e-01  -7.5142283e-01
  -1.5683034e+00  -7.2489079e-01
   4.6624804e-01   5.2480010e-01
  -1.1148935e+00  -1.8176625e+00
  -9.1161242e-02  -4.2697663e-01
  -7.6321768e-01  -1.1368026e+00
   1.0321636e-01   1.9124751e-01
   1.3176122e+00   2.2879483e-01
  -1.4880686e+00  -1.1842030e+00
  -6.2915669e-01  -1.0517953e+00
   1.4788052e+00   8.2453163e-01
   7.4248393e-01   6.4889531e-01
   3.7295753e-01  -6.0355532e-02
   1.8424994e+00   6.1980389e-01
  -2.4043991e+00  -2.0646951e+00
   6.8998555e-01  -3.0632089e-01
   1.0725128e+00   1.0029227e-01
   1.5607996e-01   1.0486557e+00
   2.4652898e-01   9.5178504e-01
   5.3167990e-01  -1.0247729e-01
  -4.3051830e+00  -2.5536471e+00
  -1.5495428e+00  -8.4240899e-01
  -1.0338690e+00  -1.2286794e+00
   1.6646046e+00   1.0918737e+00
  -1.8559802e-01   1.6472765e-01
  -1.4407245e+00  -1.6852900e+00
   5.4682732e-01   5.8690705e-01
   1.0244589e+00   4.5672706e-01
   1.2783760e+00   1.2896046e+00
  -1.8244832e+00   1.9592765e-03
  -1.7630237e+00  -1.0205086e-01
  -6.0534439e-01  -7.0060661e-02
  -1.5518629e-01   4.1070370e-02
   2.4726694e+00   1.8566047e+00
  -6.0236805e-01  -7.7226811e-02
   6.7961764e-02  -3.5182221e-02
  -1.6001269e+00  -7.4784413e-01
   7.7976201e-01   8.2667701e-01
  -7.8054152e-01  -1.4805108e+00
  -1.7140568e+00  -9.0844143e-01
  -3.7811650e-02   6.2496344e-01
   1.0994219e+00   1.2239709e+00
   2.0836212e-03   3.1524648e-01
   5.7040270e-01  -2.7032311e-01
  -5.5805912e-01   5.4646231e-03
   8.1710561e-01   8.2781795e-01
   1.0419022e+00  -3.9199102e-01
  -4.6294799e-01   6.8187440e-01
   1.5639326e+00   1.9771798e+00
  -7.8250231e-01  -5.0850584e-01
   1.0601131e+00   1.4021666e+00
   1.8781653e+00   1.3438651e+00
  -3.7304752e-01   1.4437337e-01
   6.3729976e-01   1.2222493e+00
   4.8269465e-01  -6.4937822e-01
  -1.3454922e+00  -1.2763807e-01
  -6.4188267e-01  -7.9051140e-01
   1.1273177e+00  -2.6442596e-01
  -2.5795885e+00  -9.9181204e-01
  -8.6426209e-01  -1.6010174e+00
   1.0753613e+00   1.3566601e+00
  -1.8397591e-01  -9.9035843e-01
   6.9484624e-01  -1.3279657e-01
  -4.2857373e-01  -1.0414721e+00
  -1.3749906e+00  -5.6491309e-01
   1.1374673e+00   1.1245643e+00
   3.4210431e-01   1.2061345e+00
  -4.3231190e-01  -4.7385426e-01
  -9.4355595e-01  -5.9969048e-03
   1.0642679e+00  -7.8622611e-01
   8.4417776e-01   1.2014280e+00
   1.6089426e+00   6.6691945e-01
  -1.2330468e-01  -8.3242188e-01
   1.6353988e+00   1.4739161e+00
   1.4606448e+00   1.8032722e+00
  -1.9503844e+00  -1.3501184e+00
   1.4817809e+00   9.0228992e-01
  -7.3970965e-01  -2.6241211e-01
  -5.1822344e-01  -8.0847734e-01
   7.3840409e-02  -8.2700360e-01
   9.3245848e-01   3.9986146e-01
  -6.8628680e-01  -1.8867189e-01
  -8.2818813e-01   4.3557677e-01
   3.0774972e-01  -5.3456795e-01
   2.5806248e-01   4.3840716e-02
   9.0212828e-01   7.7353074e-01
  -9.3916440e-01  -8.7399721e-01
  -3.3222768e-01  -3.7351103e-01
   1.2334192e+00  -2.6443521e-01
   2.8247334e-01  -5.5554656e-01
   4.7542216e-01  -3.4154303e-01
   1.2883186e+00  -4.3064308e-01
   9.5246742e-01   1.4676653e+00
   1.0891261e+00  -9.4377162e-01
  -1.7847701e+00  -2.4708500e+00
  -1.4446492e-01  -1.4406995e+00
   2.2679980e+00   5.7326709e-01
  -1.6649926e+00  -4.9063794e-01
  -7.9509082e-01   4.1029264e-01
   3.7858389e-01   8.4571683e-01
   1.8419659e+00   1.0381262e+00
  -9.5522525e-01   1.8744801e-01
   1.5527333e+00   2.7609291e-01
   3.2130606e+00   1.2040726e+00
   1.5220718e+00   6.3213343e-01
   1.4684562e+00   1.1936835e+00
  -1.2019312e+00   1.7418963e-01
  -9.4905207e-01  -3.6628811e-02
   3.9668325e-01   4.1796409e-01
  -3.6459328e-01  -4.3115439e-01
   1.9403327e+00   2.7947329e-01
  -1.1526521e+00   5.4612444e-01
  -4.7393235e-01  -3.8761826e-01
  -6.5208126e-01   4.3672086e-01
   8.2501179e-01   1.0072711e+00
  -1.2920685e-01   4.8955901e-01
   1.3566989e+00   4.3801218e-01
   2.8331908e+00   6.5454788e-01
   1.9914391e+00   1.7722898e+00
  -1.7647162e-01  -2.7489945e-01
  -4.9036183e-01  -1.5084783e-01
  -1.2818677e+00  -1.0840637e+00
  -2.9023101e-01  -9.4852240e-02
   1.3202904e+00   1.2150569e+00
   6.1544400e-01   1.7835869e+00
   1.6483459e-01  -5.0381442e-01
   1.2430036e+00   4.0312684e-01
   1.1013253e+00   8.3853447e-01
   6.3654484e-01   9.9445124e-01
   3.2402072e+00   1.5076910e+00
   5.7690581e-01   1.1170455e-01
   7.3275676e-01  -2.7635678e-01
  -1.0152237e+00  -5.0764964e-01
   1.0196354e+00   8.2413934e-01
  -4.3877600e-02  -3.0271483e-01
  -4.3538170e-01  -4.7152001e-01
   1.3164799e-01  -4.2092867e-02
  -1.7273613e-01  -3.2958884e-02
   9.0253555e-01   4.1478575e-01
   1.1352822e+00   6.5129058e-01
   9.8917077e-01   8.5172733e-01
   3.0329722e+00   9.4670715e-01
  -7.7122517e-01  -9.1719832e-01
   9.2008094e-01   9.1219607e-01
  -2.6917192e+00  -8.8277112e-01
   3.5147416e-01   1.4222401e-01
   1.5315206e+00   4.9478337e-01
  -1.0483740e+00  -8.8679349e-01
   2.9920061e+00   1.2487246e+00
  -1.7681918e+00  -4.8488228e-01
   1.4508817e+00   1.2457428e+00
  -7.0598848e-01  -6.7400425e-01
   1.4247571e+00   4.2283852e-01
   1.6211444e+00   1.3530587e+00
   6.6257301e-01  -1.6123720e-01
  -1.8683878e-01   2.9111625e-02
   3.8242898e-01   1.1741811e+00
   2.0139489e+00   1.7488195e+00
   1.3623388e+00   8.7202419e-01
   9.6219246e-01   7.7719078e-01
  -1.0051146e+00  -1.7600701e+00
   6.8390691e-01   2.1110379e-01
  -8.1017903e-02   5.5416003e-01
   2.9555123e+00   5.8674290e-01
   1.1871826e-01  -1.1294328e+00
  -1.8931067e+00  -6.4386601e-01
  -1.6934461e+00  -1.6426971e+00
  -1.6112378e+00  -1.1822936e-01
  -2.2638438e-01  -4.2022327e-01
  -3.9809697e+00  -2.8114988e+00
  -2.5539946e-01  -7.2906113e-01
   2.1942645e+00   1.5012757e+00
  -1.1920661e+00  -3.2888196e-01
   3.3284345e-01  -9.0404993e-01
   4.6072891e-01   1.4179535e-01
  -4.9156749e-01  -3.4842585e-01
  -7.0125614e-01   1.4865369e-01
  -2.8394188e-01  -2.3449942e-01
   4.4415649e-01  -4.3623626e-01
  -8.0219487e-01  -7.8274759e-01
  -7.1975017e-01  -1.7973569e-01
   7.2853524e-02  -1.9409963e-01
  -4.7760958e-01  -5.4746890e-01
   1.6328980e-01   2.4509884e-01
   1.6437965e+00   1.4151739e-01
  -4.5684223e-01   2.0048378e-01
  -1.0708651e+00  -1.0883083e+00
   6.1244060e-01   1.1851202e+00
  -2.9243785e-01   6.1337378e-01
  -2.1745818e+00  -1.1870568e+00
   5.0567702e-01   2.1229348e-01
  -8.2968762e-01  -9.9789683e-01
  -4.2263949e-01  -5.0669159e-01
  -3.5521288e-01   2.6271849e-01
  -8.6220947e-01   2.2567780e-02
  -5.0419800e-01  -7.7835285e-01
   5.8823490e-01   1.3032952e+00
  -2.6880447e+00  -1.4559187e+00
   6.9716020e-01   3.6350530e-01
   5.8366913e-01  -4.5869694e-01
  -4.3876016e-02  -2.8547560e-01
  -2.1081909e+00  -1.9289693e+00
   7.5178310e-01   4.9360534e-01
   1.4404954e+00   8.9769110e-01
  -1.3258660e+00  -2.4821763e+00
   1.4310151e-01   9.6261059e-01
  -2.1220424e+00  -2.0639442e+00
   1.5208664e+00   1.1462878e+00
  -8.4307293e-01  -8.1912457e-01
   4.4766936e-02   1.0940127e+00
   6.5679246e-03  -2.9215281e-01
   7.9574806e-01  -1.2094474e-01
  -3.5724236e-01  -6.7446361e-01
  -2.7580636e-01   5.3066003e-01
   2.0298807e+00   8.7750986e-01
  -7.8079014e-01   1.8362239e-01
   1.1524954e-01  -1.3410601e-01
   1.8321155e-01   1.2897447e+00
   3.5953273e-01  -5.3541967e-01
   2.2008361e+00   2.0440599e+00
   1.4448196e+00   1.9272788e+00
   1.2763483e+00   1.9452916e-01
  -1.4560306e-01   7.9396778e-01
  -1.7691739e+00  -2.0007527e+00
  -1.4339506e+00  -1.8325543e+00
   1.0094976e+00   1.0938641e+00
  -1.3033258e-01  -6.2662706e-01
   1.8249324e+00   6.3038595e-01
   7.8912435e-01   8.4454065e-01
  -1.8086764e+00  -1.8664426e+00
   7.8355088e-01   4.2740125e-01
  -7.0780363e-01   6.5803088e-01
   2.1379338e+00   1.6648622e+00
  -2.6038734e-01  -4.1156011e-01
   9.4781934e-01   2.2950680e-01
  -1.0656052e+00   5.1623659e-01
   2.1094226e+00   2.3478613e+00
   2.6860244e-01  -3.4680711e-01
   1.6234410e-01   5.8405257e-01
   8.6298947e-02   1.2335429e-02
  -4.2941812e-01  -1.0692878e+00
  -1.7889714e+00  -1.1810767e+00
   3.4024330e-01   8.8341045e-01
   9.6926632e-03   8.8897017e-01
   4.2127677e-01   7.6339389e-01
   5.4718740e-01  -1.3805752e-01
  -3.0277106e-01   4.0387324e-02
   7.8896540e-01  -4.4950420e-02
   1.2862049e+00  -1.9614674e-02
   1.0886535e+00   2.1596150e-01
  -1.1855259e+00  -2.2107677e+00
   1.0950720e+00   3.5101691e-01
  -1.2232675e-01   8.7428421e-02
   1.0765908e+00   1.4020773e+00
  -1.3786782e-01  -1.2339390e-01
   8.1991484e-01   1.6031427e-01
   2.0801035e+00   1.0666456e+00
  -1.6118111e+00  -8.3562425e-02
   1.5118897e+00   3.9689719e-01
  -1.6055819e-01   1.4447390e-01
   6.0432592e-01   7.7279027e-01
  -1.7596519e-01   6.3600816e-01
   1.9199922e+00   9.5043435e-01
  -1.1321798e+00  -8.2041261e-01
   2.8819906e-01   5.4586539e-01
  -6.8412398e-01   6.6137454e-01
  -1.7655805e+00  -1.2788783e+00
   7.7501853e-02  -1.5511651e-01
  -1.0806940e+00  -1.7657660e+00
  -6.4355173e-01  -2.6882576e-01
   1.4851138e+00   2.0396537e+00
  -5.3128131e-01   3.1761797e-01
  -2.7970280e+00  -1.2866792e+00
  -2.2592795e-01  -8.5016824e-01
  -1.2895722e+00   1.1778241e-01
   1.6483429e+00   1.1718449e+00
  -1.6692433e-01  -2.9842874e-01
  -7.8543832e-03   1.4965537e+00
   9.7389272e-01   1.7668005e+00
   1.0697191e-01   2.8903085e-02
  -1.2041115e+00  -4.4937319e-01
  -1.7512483e+00  -1.6539078e+00
   2.6524065e-01   5.8847692e-01
  -1.9012707e+00  -1.7198511e+00
   8.5217438e-01   8.3382964e-01
   5.2108794e-02  -6.2260872e-01
   2.7182165e+00   2.6544080e+00
  -2.7675227e-01  -8.0105275e-01
  -4.2691274e-01   3.9205560e-01
  -1.1998389e+00  -1.5994550e-01
   1.6521819e+00   8.4176665e-01
  -1.6271969e+00  -1.5371380e+00
   5.4495801e-01   9.5185745e-01
   5.2152180e-01   6.3541086e-01
   5.7237437e-01   2.6204532e-01
   9.4296135e-01  -8.0036968e-01
  -1.6333277e+00  -8.3543123e-01
   3.7502068e+00   1.9189416e+00
   1.0030903e+00   2.7762985e-01
   7.7871936e-01   4.9631064e-01
   8.6135402e-01   1.5521665e+00
  -1.1004438e-02   5.6162016e-02
  -4.5381323e-01  -3.6710663e-01
   5.9886861e-01   9.3824571e-01
  -1.2258984e+00  -8.3458523e-01
   7.6258183e-01   1.1974893e+00
  -4.7721997e-01   2.6278843e-01
  -3.0501014e-01  -7.8660746e-02
   8.3910385e-02   8.8081906e-01
   2.2504583e+00   1.3241803e+00
  -1.3502276e+00  -1.5222274e+00
   6.5118800e-01   9.2933153e-01
   1.2436403e+00  -3.5663589e-02
  -3.9401917e-01  -3.3937224e-01
   1.4911308e+00   5.3283477e-01
  -5.3770380e-01  -3.1684445e-02
  -1.8214742e+00  -2.4533576e-01
  -1.3507614e+00  -2.0830417e+00
   7.3051443e-01   1.0542888e-01
  -1.5968808e+00  -3.8827216e-01
  -3.7393421e-01  -9.3901372e-01
   1.7780825e-01   4.2686014e-01
  -5.0227220e-01  -7.7585005e-01
  -5.6897805e-01  -6.7261052e-01
  -4.3511838e-01  -2.2175605e-02
   8.2918963e-01   3.5380241e-01
  -1.7984555e-01   7.1622797e-01
  -2.0096946e+00  -1.7192331e+00
   8.5072166e-01  -2.4689538e-01
  -5.5053417e-01   2.0088100e-01
  -2.4911702e+00  -1.2239606e+00
   8.8161426e-01   5.1178845e-01
  -4.3479842e-01   2.8326472e-02
   5.2532138e-02   3.4743223e-01
   1.2823552e-02  -2.0668693e-01
   6.0774666e-01  -6.7338223e-01
   1.0302773e+00   1.2959970e-01
   1.3391195e+00   7.9571362e-01
  -8.2023501e-01  -1.2635699e+00
  -3.0998656e-01   2.1700858e-01
  -1.2052115e-02   6.8281883e-02
  -1.3899431e-01   2.7350817e-01
   1.5720955e-01  -1.2382515e+00
  -1.4487293e-01   1.8706670e-01
   1.4860305e+00   5.3054267e-01
  -2.4839253e-01  -3.9717186e-01
   5.7628652e-01   1.1647629e+00
   1.5997900e+00   1.9236102e+00
  -3.5668588e+00  -1.5013178e+00
  -3.1318319e+00  -5.9376840e-01
   4.1835004e-01  -6.8304583e-01
  -1.2676735e+00  -1.2774843e+00
  -2.0251479e+00  -1.4272684e+00
   1.1744825e+00  -1.6000270e-01
  -8.0526263e-01   8.4131063e-02
  -1.0577920e+00  -1.5992063e+00
   1.3022911e+00   1.7679935e+00
   1.1834233e+00   1.2447213e+00
  -3.6229093e-01  -1.5341607e+00
  -2.5701391e+00  -2.1297964e+00
   5.2031214e-01   5.1705317e-01
   4.0849686e+00   2.5810268e+00
   5.9786039e-02  -1.2161131e+00
  -3.6832089e-01  -8.2558291e-01
   2.0155510e-01  -1.6714241e-02
   1.3699232e+00   1.5965727e+00
  -3.5018292e-01   6.1305182e-01
   3.7258644e-02   2.8021034e-01
  -1.3865126e+00  -8.8776717e-01
   1.0806361e+00   1.1977228e+00
   1.8395626e+00   7.1057030e-01
   1.4391813e+00   1.0898278e+00
   4.3852426e-01   4.9782199e-02
  -2.8542517e+00  -2.1768737e+00
  -4.2629391e-01  -8.0910150e-01
   5.3411219e-01  -2.1883992e-01
   1.4377381e+00   8.9759230e-01
  -5.2221072e-02  -1.1350914e-01
   2.8456489e+00   1.6245828e+00
   1.1230635e+00   1.2941511e+00
  -1.8512052e-01  -8.1121245e-01
   1.4557088e+00   1.5410924e-01
   9.2686265e-01   8.2911584e-01
   7.7838162e-01   1.7123254e-01
   7.6701299e-02  -5.2979494e-01
  -1.6986594e+00  -1.3727440e+00
   9.3304530e-01  -2.4559170e-01
   4.8900289e-01   1.6543970e+00
   4.6263328e-01  -4.2377258e-01
  -8.1955543e-01  -1.1688554e+00
  -3.5675745e-01  -6.8197288e-01
   7.3763504e-02   3.6185941e-01
  -6.3551076e-02  -3.2495984e-01
   1.5053769e+00   1.1088761e+00
  -7.6077090e-01  -1.2735551e+00
  -1.2617599e+00  -7.8718113e-01
  -7.2400264e-01   1.0529308e+00
  -6.3474574e-02   1.8239583e-01
  -1.4732122e-01  -1.2114453e+00
  -8.0988553e-01   1.4242279e-01
   1.7360950e+00   1.0449348e+00
  -3.0342457e-01  -4.2790157e-01
   1.0778786e+00  -7.6983796e-02
  -7.0773905e-01  -7.3505756e-01
  -3.0233651e+00  -1.8930019e+00
   2.2184375e+00   2.6342121e+00
   6.9595482e-01   1.0842857e+00
  -6.7526684e-01  -1.4549186e+00
   1.2550168e+00   6.2131491e-01
  -3.1190856e-01  -8.9994483e-02
  -1.2617737e+00  -1.2478088e+00
  -1.1245351e+00  -4.9668157e-01
   1.6535518e-01   2.6899942e-01
  -2.6073229e-01   9.6965594e-01
   2.6390261e-01  -3.3307409e-01
  -6.4636870e-01   2.1394803e-01
  -1.2844217e+00  -1.1629566e+00
   3.6743113e-01  -1.9481093e+00
   3.1514406e-01   3.5963104e-02
  -1.1956468e+00  -1.4529114e+00
  -1.6056574e+00  -1.7781542e+00
   1.2418916e-01   8.6933777e-01
  -1.8526199e+00  -1.9051490e+00
   9.6078039e-01   7.4722996e-01
  -1.4334283e+00  -3.9041122e-01
  -1.4438728e-01   5.3817769e-02
  -1.3137536e+00   1.6252393e-01
   1.2607985e+00   4.3851857e-01
  -3.3584656e-01  -6.0746095e-01
   1.0510482e-01   1.1324885e+00
   1.4343351e-01   7.6879118e-02
   3.3584717e-01  -1.0883237e-01
   1.5238406e+00   1.1414509e+00
  -4.0475104e-02  -2.0978726e+00
  -2.0565143e+00  -8.8931841e-01
   2.9342809e-01   1.1711416e+00
  -1.2662002e+00  -1.6868466e+00
   1.4871379e+00   9.6817264e-01
  -1.0140624e+00  -1.7199836e+00
  -2.4917803e-01   9.5257451e-01
   1.5416798e+00  -4.0710292e-01
   2.5055962e+00   5.5220642e-01
   2.1288278e+00   1.1314938e+00
   2.7616729e+00   1.4862967e+00
  -7.4322590e-02   2.5151187e-01
  -3.3531874e-01   3.2886319e-02
  -1.9965568e+00  -1.3499622e+00
   1.7567869e-01   6.7584946e-01
   1.4511163e-01   4.0330852e-01
   1.9718084e+00   1.6878266e+00
   2.1285703e+00   9.2145582e-01
   1.5818239e+00   1.8700373e+00
  -2.3237046e+00  -1.2781902e+00
  -4.5887661e-01  -1.7654304e-01
   1.4595980e+00  -5.5796483e-01
  -1.0935695e+00  -1.2148879e+00
  -1.9188490e+00  -1.2020567e+00
   1.4061955e-01   2.3076343e-01
   4.6377654e-01   6.7183332e-01
  -1.5000383e-01   3.8253881e-02
   1.6693457e-01   1.1834455e-01
  -4.4712211e-01  -1.9957836e-01
   8.7572306e-01   7.9567688e-01
  -6.0513231e-01  -1.9828456e-01
   1.7169578e+00   1.0117247e+00
  -1.3999401e+00  -6.7092272e-01
   5.0647318e-01  -1.1252605e+00
  -1.7943072e+00  -1.3194891e+00
  -7.6419440e-01  -7.8189021e-01
   8.9570005e-01   9.9510946e-01
   5.2483692e-01  -2.9977878e-02
  -1.8170120e+00  -8.2691361e-01
   1.4893152e-01  -1.0305194e-01
  -1.6971752e-02  -8.7304312e-01
   4.9783390e-01  -1.1029817e+00
  -3.2413023e-01  -5.1827984e-01
   1.2771074e+00   9.6924049e-01
  -2.3600097e+00  -1.7172487e+00
   1.5121727e+00   7.0577559e-01
  -7.0483291e-01  -9.3804585e-02
  -1.5500291e+00  -2.3272142e+00
  -1.1727557e+00  -7.2448993e-02
   1.0582687e+00   1.1412860e+00
   2.2109717e-01   3.8229742e-01
  -1.0651170e+00  -5.2242064e-01
  -1.5353900e+00  -1.2173961e+00
   7.5827799e-01  -6.7705138e-01
  -1.0466995e+00  -9.0194873e-01
  -8.4001105e-01  -8.8065172e-01
  -1.1329834e+00   4.5289294e-01
   7.7186718e-01   7.7989173e-01
   1.6403067e+00   1.0390406e+00
  -7.6690659e-01   9.1321764e-02
  -1.0072939e-01   1.9315281e-01
   7.2331834e-01   7.7298051e-01
  -2.4697392e+00  -2.3155111e+00
  -1.4849598e+00  -1.0380479e+00
   1.5376490e+00   1.1823613e+00
   2.8880573e-01  -5.6120502e-02
  -1.3599608e+00  -1.0732327e+00
   9.2262753e-01  -8.1211358e-01
   1.5541301e+00   1.8706426e+00
   1.0209073e-01  -6.2098649e-02
   1.4080318e+00   8.4644953e-01
   9.1829259e-01   1.1014634e+00
   4.5431172e-01   6.2436750e-01
  -2.5648423e+00  -1.8596953e+00
  -6.7013908e-01   3.9406969e-01
   5.3142282e-01   1.1598376e+00
  -2.0413718e+00  -5.1308569e-01
  -1.5413958e-01   8.1821389e-02
  -1.3079465e+00  -1.6410519e+00
   2.6544146e+00   1.5029115e+00
   1.5940172e+00   7.4498903e-01
   2.1433135e+00   2.0645334e+00
  -1.3795742e+00  -7.0190982e-01
  -1.3504765e+00  -6.0221272e-01
  -1.9193250e+00  -1.5588324e+00
  -2.5307312e-01  -2.6499974e-01
  -3.7703733e-01   1.1405877e+00
  -4.6267655e-01   2.8506168e-02
  -1.2775693e+00  -2.1632454e+00
  -1.7713359e-02   3.5603142e-01
   1.8267861e-01  -2.2314329e-01
   1.2322182e+00   5.7685345e-01
  -1.0228207e+00  -5.4998271e-01
   1.3398621e+00   3.6464172e-01
  -6.0390415e-01  -3.2674333e-01
  -4.2887390e-01   3.2455748e-01
   1.2655694e+00   2.8646047e-01
   1.5191878e+00   1.5229192e+00
   7.6199513e-01   8.7233603e-01
   5.7433347e-01   7.3651355e-01
  -9.0416749e-01   4.7733222e-01
   2.6017986e+00   1.2580532e+00
  -3.9436752e-01  -6.1855085e-01
   6.4506594e-01  -8.6059031e-01
   4.1943128e-02   2.6043108e-01
   1.7725903e+00   1.2427522e+00
  -1.2223558e+00  -8.4879601e-01
  -1.2940456e+00  -1.5288062e+00
  -2.7411545e-01   1.7774603e-01
   2.1944207e+00   1.7344165e+00
  -1.3114838e+00  -1.0350257e+00
  -2.8217979e-01  -6.8017659e-01
  -1.9928807e+00   2.3302247e-02
   1.4886015e+00   6.8026919e-01
  -1.1014937e+00   5.1243981e-01
  -9.5820447e-01  -4.4952506e-01
   1.0735970e+00  -4.1334367e-01
   1.4428147e-01  -1.7731767e-01
   2.9905967e-01   5.3124847e-02
   2.0604545e-02  -5.3622763e-01
  -2.1494570e+00  -1.1845494e+00
   1.5341861e+00   1.2892628e+00
  -6.6746295e-01  -9.3667139e-01
  -2.1269136e+00  -9.2534826e-01
   1.5500972e+00   1.1084131e+00
   3.5314803e-01   8.7730989e-01
  -7.2906130e-03  -7.0676865e-01
   4.8940839e-01   3.4075815e-01
  -8.5051503e-01  -6.0336250e-01
   9.7989252e-01   8.9613667e-01
   2.2143409e+00   1.6895778e+00
   4.6865849e-01  -1.3222470e-01
  -3.4029668e-01  -6.2424080e-01
  -1.7071595e+00  -3.5338013e-01
   7.4510887e-01   1.6177547e+00
   1.1400313e+00   2.2635724e-01
  -3.7749347e-01   1.0420774e+00
   9.4819786e-01   3.5349324e-01
   2.2048082e+00   4.7025741e-01
  -1.3284461e+00  -9.5887946e-01
  -1.2115194e+00   5.1656279e-01
  -6.3248188e-01  -4.3402769e-02
  -5.1403817e-01  -9.8186906e-01
   5.6174013e-03   1.6140222e-01
  -1.6542309e+00  -9.2426703e-01
  -2.4917725e+00  -2.7033620e+00
  -4.1799279e-02  -1.3232663e-01
  -3.5434001e-01  -5.3843471e-01
   2.3145767e+00   1.9861867e+00
   1.0226184e+00  -1.2230324e-01
   1.2347935e+00   8.6615778e-01
  -3.4619788e-01  -2.1089449e-01
  -8.1564134e-01  -8.3507702e-01
  -1.9187356e-01   2.4009801e-02
  -2.9862046e+00  -1.4069904e+00
   3.0471525e-01  -1.3661284e+00
  -1.5010274e+00  -5.9954047e-01
  -5.9678042e-01  -6.0545547e-01
   1.8040736e+00   1.5884820e+00
  -4.4544701e-01   2.4592908e-01
   3.0232457e-01   7.9160049e-01
  -8.1504607e-01   2.1347636e-01
   7.8064551e-01   8.6548420e-01
   1.4428745e-01  -3.7027819e-01
  -2.3283546e+00  -1.0930664e+00
  -1.4407497e+00  -2.4212890e-02
   4.6201156e-01   3.6594408e-01
  -5.7124556e-01  -7.9116639e-02
  -1.0541131e+00  -1.0480228e+00
   4.2874656e-01   4.6589985e-01
   2.5500552e+00   1.4122026e+00
   6.1061431e-01   6.1190487e-01
  -4.4262818e-01   3.2373255e-01
  -1.1836369e+00  -1.2451242e+00
  -3.1450526e-01   4.6012012e-01
   1.7398414e+00   1.6861117e+00
  -3.8380410e+00  -2.3861755e+00
  -1.6896717e+00  -1.1646411e+00
   9.5598103e-01   3.1196195e-01
   1.0018762e+00   8.8883697e-01
  -3.3036279e-01   6.3066913e-01
   1.9659563e+00   3.7830646e-01
   1.0236502e+00   4.8291409e-01
   1.2472463e-01  -9.1027896e-01
   6.7391997e-03   1.0877781e+00
   7.3262481e-01   1.1099723e+00
   2.7414471e+00   1.5530650e+00
   1.3290673e+00   8.2788737e-01
  -1.5174854e+00  -1.4327107e+00
   4.5387894e-02  -1.9185629e-01
   1.0247737e+00  -3.7141108e-02
   2.6643012e-01   2.2100787e-01
   2.5532792e+00   2.0317097e+00
  -1.2080304e+00  -7.9438036e-01
  -1.4724220e+00   1.8564292e-02
   1.1374733e-01   4.2843770e-01
   1.4779013e+00   7.0063296e-01
   1.4281998e+00   2.1387776e+00
  -6.0087708e-01   1.1397972e+00
   1.3742737e+00   2.9016702e-01
   3.7703850e-01   1.1126805e+00
   1.4678373e+00   8.3901895e-01
   1.7168468e+00   1.0570330e+00
   7.6688414e-01  -2.8483388e-01
  -3.0287882e-01   1.8926103e-01
  -4.4242580e-01  -9.9337957e-01
   2.2927880e+00   1.2694591e+00
  -1.3614872e+00  -9.8774167e-01
  -2.2159157e+00  -1.0446486e+00
   4.6928978e-01   5.6692117e-01
   1.4090392e+00  -3.2176979e-01
  -1.3405385e+00   2.1282517e-02
  -1.0607320e+00  -1.2691641e+00
  -9.9668494e-01  -9.8823675e-02
   1.4887350e+00   5.1151212e-01
  -5.9654529e-01  -4.2361346e-01
   1.7850681e-01  -1.0680072e+00
   3.6877341e-01  -2.5722480e-01
  -2.1031373e-02   2.8658319e-01
  -7.9011940e-01  -1.2218981e+00
  -2.5957290e+00  -1.4083705e+00
  -2.7600888e-01   3.0186723e-01
  -3.9675586e-01  -5.0918434e-03
   1.4928465e+00   2.2428616e+00
  -2.1191724e+00  -2.2587409e+00
  -1.3810812e+00  -7.7703486e-01
   6.2897986e-01  -9.8897201e-03
   1.2916878e-01   3.1032016e-01
  -5.8263467e-01  -1.0152907e+00
  -5.2082377e-01   1.0484094e+00
  -4.2718778e-01  -1.6464170e-01
  -2.1524562e-01  -9.1003295e-01
  -5.4571670e-01   4.9898955e-01
   6.9007188e-01  -3.4942343e-01
  -7.9865310e-01  -4.4047188e-01
   1.4344417e-01   5.3563861e-01
  -2.3713003e+00  -1.6744399e+00
   2.3924991e+00   1.8485598e+00
  -1.5082249e+00  -1.3399894e+00
   1.6523091e-01  -1.2828373e+00
   8.7687830e-01   3.6717208e-01
  -1.0609732e+00   1.5839966e+00
  -1.8682642e-01  -1.7637575e+00
  -2.5341284e+00  -1.6493744e+00
  -8.6543889e-01  -2.9272250e-01
  -1.9913615e+00  -1.4949184e+00
  -1.4629936e+00  -1.9695534e+00
   4.3070128e-01   1.0262900e+00
   2.1310281e-01   5.0533311e-01
   1.1877429e+00   4.4346653e-01
   1.6784218e+00   1.7900542e+00
  -1.4743385e+00  -2.3828806e+00
  -3.9424919e-01   3.2818462e-01
   6.7127226e-01   8.4332350e-02
   1.5705300e+00   2.1053460e+00
   1.4976584e+00  -1.7786401e-01
  -1.0947559e+00  -1.3803373e+00
   3.8783581e-01   2.9448839e-03
   2.0529662e+00   1.2549419e+00
   3.8978356e-01  -1.5981128e-01
   4.8839315e-01   2.0326952e-01
   9.3744776e-01   3.9195794e-01
  -2.1485489e+00  -2.2855132e+00
   1.2215318e+00   1.5192068e+00
   2.3605464e-01   8.9070401e-01
   2.0907194e+00   1.3962338e+00
  -2.1192200e+00  -2.5057588e+00
  -1.7602946e-01   2.1994437e+00
   1.1297222e+00   2.5384483e-01
  -1.1253629e+00  -9.4240905e-01
  -1.0016523e+00  -7.4169875e-03
   1.4677447e+00  -3.7144727e-01
   9.5254817e-01   6.8055583e-01
   6.6005009e-01  -1.0124084e-01
  -8.9493274e-01  -3.2944022e-01
   2.1371681e+00   2.1850676e+00
   4.9167231e-01   2.6820732e-01
  -1.0214630e+00  -7.9442116e-01
  -7.6801872e-01  -8.2862146e-01
  -2.2125277e+00  -1.5345767e+00
  -2.5462981e+00  -9.6012643e-01
   5.1713259e-01   1.2592706e-01
  -1.7664455e+00   1.3696855e-01
  -8.5652177e-01  -6.5280426e-01
   1.1939953e+00   6.6387060e-01
  -9.9840927e-02   6.0536148e-01
   2.5168213e+00   2.2570612e+00
  -1.7371607e-01   6.6393025e-01
   1.3080277e+00   1.0369105e+00
  -2.0631271e+00  -2.4640549e-01
   2.2014954e-01  -7.4491254e-02
   1.5437473e+00   1.4060021e+00
  -6.3473865e-02   5.9215872e-01
  -9.4674589e-01  -5.8719206e-01
  -1.7842740e-01  -5.1733957e-01
  -6.7393522e-01  -1.2410525e+00
   6.7840327e-01   6.8888177e-01
   3.9407741e+00   2.2381053e+00
  -1.8157051e+00  -1.4484879e+00
   5.0068517e-01   8.1176296e-01
  -2.7617198e+00  -1.1889166e+00
   1.5517795e+00   1.2296087e+00
   2.2283209e+00   5.2485858e-01
   2.5286756e-01   9.8471026e-01
   5.9228588e-01  -4.2493602e-01
   1.4111006e+00   6.1971145e-01
   9.5402860e-01   1.4226106e+00
   7.4244598e-01   1.3197794e+00
  -2.3997592e-02   6.9342098e-01
   8.0285202e-01   2.2490486e-01
  -2.9988345e+00  -2.3323601e+00
  -2.4904171e-01   1.4157166e-01
  -3.6467806e-02   2.8524441e-01
  -1.2927154e-01  -7.7257099e-01
   2.4287289e-01  -5.1697797e-01
   2.7064786e-01   1.6293527e-01
  -9.1403872e-01   6.3417674e-02
   7.1014971e-01   1.8586500e+00
  -1.3255595e+00  -3.9730191e-01
   1.6382637e+00   2.0199690e+00
  -1.4556596e-01   9.8870445e-02
  -1.2205807e+00  -7.0732652e-01
   4.2988506e-01   1.0809649e+00
   5.9444321e-01   4.3817160e-01
  -2.5872685e+00  -1.1085683e+00
  -1.4764801e+00  -5.8621931e-01
   1.6217151e+00   1.0508732e+00
   3.7647906e+00   1.6985434e+00
   8.5836383e-01   3.3867815e-01
   5.1128769e-01   1.3050416e+00
   1.5491428e+00   2.1229853e+00
   1.0650194e+00   4.0203946e-01
   9.0310039e-01   1.8441630e-01
   1.4599233e+00   2.4723194e-01
   5.6164274e-01   1.1783175e+00
  -2.7454190e+00  -1.2749136e+00
  -5.2036507e-01  -6.6802790e-01
   1.8473747e+00   7.2211553e-01
  -2.0580919e-01  -4.0823447e-01
   4.4078293e-01   8.7568666e-01
  -1.3591400e+00   4.9167224e-03
   1.4924951e+00  -1.0559619e+00
  -7.5262567e-01   4.7621442e-01
   2.7241793e-01   1.4338952e-01
   1.1315555e+00   1.9855847e+00
   8.0756999e-01   1.2311815e-02
  -2.7892058e-01   2.6875753e-01
  -2.5518916e-01  -1.2475888e+00
  -1.0741693e+00  -1.3408010e+00
   3.0532227e+00   2.0279452e+00
   3.7457159e-01   3.8457084e-01
  -1.6739552e+00  -9.0473813e-01
   2.8555182e+00   2.0797543e+00
   1.2388299e+00   5.7691313e-01
   2.8157556e+00   1.3248676e+00
   9.1885993e-01   8.1303203e-01
  -3.2323454e+00  -2.0839683e+00
  -2.0269228e-01  -5.6580184e-01
  -5.5517250e-01   1.3049936e-01
  -1.3003312e+00  -1.3586811e+00
   5.4109091e-01  -1.8279332e-01
   1.0754894e+00  -1.4566341e-01
  -3.2072031e+00  -1.3301883e+00
  -1.5806111e-01  -9.9884588e-02
   5.8388698e-01   8.4970045e-01
  -1.2765709e-02   8.7997323e-01
   9.1961864e-01  -5.6261247e-01
   3.3743622e+00   2.6583886e+00
   1.5668379e+00   1.4213147e+00
  -1.1974491e+00  -1.8882718e+00
   5.9173636e-01  -4.3191333e-03
  -8.1500239e-02  -8.6591180e-01
   1.0553471e+00   9.4699577e-02
  -4.9426792e-01  -3.6907712e-01
   8.6859645e-01   7.0886995e-01
  -3.3436205e-01   2.1925428e-01
   6.8776353e-01  -8.2307170e-01
  -1.8409083e-01  -2.0157322e-01
   3.6886590e-01   7.1413368e-01
   1.7789122e+00   2.9747948e-01
   5.7844543e-01   1.4005248e+00
   3.7810411e-01  -1.9459830e-01
   1.3606731e+00   6.2243111e-01
   4.3143988e-01   4.4665653e-01
   3.9406105e-01   6.2991192e-01
  -5.3069206e-01  -7.0208768e-01
  -6.4136679e-01  -2.5125140e-01
  -8.7586536e-01  -1.6115930e+00
   1.8959576e+00   1.0618854e+00
  -3.6695435e-01   1.2497776e-01
  -2.8112629e-01  -6.6474954e-01
  -1.6363129e+00  -2.8442185e-01
  -3.1683509e+00  -1.8114385e+00
  -2.0655387e+00  -4.6059218e-01
  -1.6636212e+00  -1.2676993e+00
   3.4046062e-01  -5.5054864e-01
  -1.2213641e+00   1.4666570e-01
  -7.1912755e-01  -1.1170003e+00
   2.4786500e-01  -2.3878963e-02
  -9.5294370e-01   3.3075629e-01
   3.0981018e-01  -9.5399414e-02
  -2.7915576e-01  -7.7336945e-01
  -1.4781206e+00  -1.6683129e+00
  -7.0085309e-01  -6.6621375e-01
  -1.7062356e+00  -8.2701453e-01
   7.8862642e-01  -1.5578439e-01
  -1.0690374e+00  -1.1465487e+00
   2.9918562e-01   9.4547538e-01
  -5.3637384e-01   8.8480131e-01
  -1.5895418e+00  -9.6732573e-01
  -2.3311581e-01   8.0804076e-02
   2.2093325e+00   6.2068666e-01
  -2.9172351e+00  -2.8609619e+00
   1.0446985e-01  -4.9212050e-01
  -1.1356285e-01  -2.0328821e-01
  -1.2955270e-01  -4.1982346e-01
   4.6365530e-01  -2.9541768e-01
   3.3136961e+00   1.2996492e+00
  -5.0198385e-01  -2.6763054e-01
   1.4866918e+00   2.1631032e-01
   8.2661999e-01   1.8501001e-01
  -1.8467691e-01  -7.4365012e-01
  -7.9286153e-01  -1.0561992e-01
   4.6308974e-01   3.2749600e-02
   4.8260568e-01   1.8085329e-01
   1.5413075e+00   1.0633303e+00
  -6.6624948e-01  -2.0998311e+00
   9.9020959e-01   6.8080374e-01
  -1.9285888e+00  -2.1240998e+00
  -1.4236634e-01   6.8807783e-01
  -1.5159813e+00  -1.3500465e+00
  -2.7211841e+00  -5.9263146e-01
  -7.9854341e-01  -1.3988954e+00
  -1.3163984e+00  -1.1082100e+00
  -1.5355405e+00  -2.0048350e+00
  -2.8450881e-01  -1.2826599e+00
  -1.7804796e+00  -1.5584703e+00
  -6.9723939e-01  -4.5547614e-01
  -1.6692229e+00  -2.5402631e-01
  -1.3546304e+00  -1.1208843e+00
   9.4491188e-01  -5.6417615e-01
   1.3047237e+00   1.1680317e+00
  -1.6716371e+00  -2.2865050e-01
  -7.5521087e-01  -4.6052298e-01
   1.2071002e+00   3.7682160e-01
  -2.0234518e-01  -1.1268762e+00
  -4.2606515e-01  -1.3547911e+00
   3.9980554e-01   1.4054515e-01
  -2.5372025e-01   1.2204954e-01
  -1.6122418e+00  -5.6971974e-01
   1.0393111e+00  -9.3889691e-01
   7.8845119e-01  -2.4492367e-01
  -9.4661200e-01   5.6191532e-01
   1.7829814e+00   1.1664842e+00
   4.9356136e-01  -3.1091388e-01
  -1.1103965e-01  -2.3961273e-01
   3.1896540e+00   9.8684561e-01
  -3.5186214e-01   2.9708926e-01
  -2.2412719e+00  -1.3527481e+00
   1.4332678e-01   4.1986734e-01
  -1.2624030e+00  -2.3410187e+00
  -1.0737444e+00  -1.9503028e+00
   2.2728260e-01   6.4814879e-01
  -6.0921585e-01  -4.4976183e-01
   9.9189574e-01   6.9227227e-01
   1.1442698e+00   9.2730832e-01
  -7.8206126e-01  -4.0891602e-01
