   5.8872087e-01   1.5358156e+00
  -3.4843636e-01  -1.5624446e-01
   1.0137597e+00   1.2947657e+00
   2.2992595e-02  -1.1174051e+00
  -7.1143909e-01   1.8405255e-01
  -4.8452904e-01   7.9357412e-01
  -7.5273334e-01   9.9279540e-01
   9.0023425e-01   9.9727717e-01
  -1.0613974e-01  -7.8309546e-02
   1.3860150e+00   6.7341363e-01
   6.5771330e-01   6.9503462e-01
   4.6704322e-01  -1.5053850e-01
   5.9668010e-01   8.7605616e-01
   2.8394659e+00   2.3660023e-01
  -3.2747539e-01  -2.0548092e+00
   2.3002920e+00   1.5278125e+00
   1.3763801e+00   1.6077616e+00
  -4.5746223e-01   4.4489857e-01
  -3.2145544e-02   1.2375170e+00
  -1.3980661e+00   6.0169240e-01
   6.1497940e-01  -7.3386122e-01
  -6.9638316e-01   3.8879261e-01
   7.0970309e-01   1.4634694e-01
  -4.8925574e-01  -7.7770554e-01
  -3.6779432e-01  -5.1154853e-01
  -4.3788421e-01   1.5208924e+00
   5.3191608e-01   1.9697603e-01
  -2.2001910e-01  -3.7731718e-01
   6.7430388e-01   5.4707603e-02
  -7.0889331e-01   7.0848968e-01
   1.1830610e+00   1.4176505e-01
  -1.9011143e+00  -3.8563979e-01
  -1.1526532e+00  -2.5418227e-01
   7.4849121e-01  -9.2885568e-01
   2.1079666e-01   1.4537610e+00
   3.4333666e-01  -4.7054548e-01
   1.0097087e-01  -1.1134475e+00
   1.1322783e+00   4.3190577e-01
   3.3024350e-01   7.1977299e-01
   1.5439220e+00   1.4034538e+00
  -7.0682837e-01   1.1911330e+00
  -1.1598372e+00  -8.5543496e-01
   8.5537878e-01  -2.1464639e-01
  -4.9376240e-01   5.0315648e-01
   6.6283893e-01   1.4823391e+00
   1.6134494e+00   1.8238578e+00
   5.8878918e-01   8.6848432e-01
  -3.8109861e-01   6.3983109e-01
  -3.7145720e-01  -1.5646809e+00
  -4.2503684e-01   6.2079434e-01
  -5.8295570e-01   3.2420130e-01
  -6.5811049e-01  -6.0774352e-01
   8.7755592e-01  -2.5063090e-01
  -2.4316537e-01  -8.9281033e-02
  -1.0081399e+00   2.2025021e-01
  -9.6795521e-01  -1.4302041e-01
   6.7064268e-01   1.4562316e+00
   7.6557011e-01   3.9971475e-01
  -6.3962691e-01  -9.0146879e-01
   7.2813721e-01   5.6450380e-01
   9.1235362e-01   7.9443428e-01
   8.7099547e-01  -1.7230690e-01
   1.6789997e+00   1.2423653e+00
  -5.4457218e-01  -1.8955044e+00
   3.2847339e-01   5.8944692e-01
  -1.4908322e+00   2.7952053e-01
  -1.1510673e+00  -1.7236182e+00
  -1.1440835e+00  -6.4338648e-02
   3.4850587e+00   2.4298975e+00
  -1.4795801e+00   1.7065409e-01
   8.3622079e-01   1.8009067e+00
   7.0846336e-01  -8.2769458e-01
   5.6995284e-01  -8.4266134e-01
   1.1788321e+00  -6.6951951e-03
   2.6363496e+00   1.2906669e+00
   2.6978892e-01  -6.1820658e-01
  -6.0666735e-01  -1.5572493e+00
   5.9439822e-01  -5.9574408e-01
   5.8953525e-01  -7.6703397e-01
   9.0106264e-01   1.6831519e+00
   1.0518222e+00   4.0255198e-01
  -6.7196424e-02   4.9877650e-01
   5.0277600e-01   1.5019037e+00
  -2.7635254e-01  -7.5172034e-02
  -1.1727779e+00  -1.2120435e+00
  -8.4022841e-01  -2.0130804e-01
  -1.0406788e+00  -1.1963632e+00
   5.1981227e-01  -9.6562406e-01
   3.2399642e+00   1.9641262e+00
  -1.3853491e+00  -4.7549233e-02
  -1.4858172e-01   8.4913697e-01
   3.1852403e-01  -2.1185435e-01
   7.1185742e-01  -1.9514871e-01
  -1.8879835e-01  -1.3342416e+00
  -6.9912919e-01  -5.0047294e-01
   5.5227340e-01   1.2798105e+00
   2.5504301e+00   5.2470257e-01
  -9.3907839e-01   5.2069972e-01
   2.4165268e+00   2.4570040e+00
  -3.4845376e-01  -3.6867747e-01
  -6.1111448e-01   1.0129171e-02
  -4.8493139e-01  -1.7770782e-01
  -3.8017883e-01  -1.7307483e-01
  -5.6677404e-01  -6.1904715e-01
   6.6558176e-01   4.8457080e-01
  -5.3524507e-01   6.1844218e-01
  -6.9018946e-01  -4.3138130e-02
  -6.7283010e-01   3.3691441e-01
  -8.3610454e-01   7.1485558e-01
  -4.4543454e-01  -1.8178771e+00
  -1.3262251e+00  -1.1129183e+00
  -1.0031091e+00  -1.4092501e+00
  -9.6975955e-01   5.0315273e-01
  -8.0223936e-01   1.0820826e-01
  -1.0214066e+00  -7.3345532e-01
  -2.8811211e-01   5.0966314e-01
  -1.2411702e-01   1.0914543e-01
   2.2682183e+00   1.8972908e+00
   1.4337707e-01   8.0867822e-01
   1.6675038e+00   1.1817293e+00
  -6.3105829e-01  -5.5962259e-01
   6.3111348e-02  -9.5509664e-01
  -1.2934345e+00   4.3659116e-02
   1.0671429e+00   6.5935865e-01
  -6.4882891e-01  -1.7082660e+00
   1.3796818e+00  -1.0249045e+00
   3.9549801e-01  -2.3756699e-01
  -3.9410979e-01  -4.5061433e-01
  -1.0514525e+00   4.6749784e-01
  -1.2162940e+00  -1.4660815e+00
  -5.9530301e-01  -6.4205919e-01
   1.2927532e-01   6.3215424e-01
  -2.1319986e-01   1.8716228e-01
   1.1451086e+00   7.2225689e-01
  -3.0341727e-01   7.6528887e-01
  -1.4740160e+00   1.1619564e-01
   4.4822601e-01  -1.6528962e+00
   9.1423806e-01   1.6173044e-01
   2.8723501e+00   2.8840066e+00
   6.3132707e-01   1.7348929e+00
  -4.6212746e-01   4.9827785e-01
  -6.8776849e-01  -1.4334120e+00
   2.9109320e-02   8.9585613e-01
   5.7215945e-01   1.0641449e+00
   8.7148250e-01   2.3526854e-01
  -1.5896072e+00  -1.2867299e+00
   2.3868192e+00   1.5038489e+00
  -4.7586787e-01   7.4385382e-01
  -8.4039207e-01   4.7347917e-01
   1.3601397e+00   6.3217215e-01
  -3.9737429e-01   6.4356275e-01
   3.6821995e-01   4.2937121e-01
  -1.4079339e+00  -2.0986599e-01
  -1.6362403e-01   5.8029849e-01
   1.6865476e+00   3.2497643e-01
  -1.5776094e+00  -1.0480763e+00
  -1.7556644e-01  -8.3796584e-01
   3.1095737e-01   7.4265758e-01
   1.6682263e+00   1.0225847e+00
  -1.3557493e+00  -1.3785978e-01
  -7.4847185e-01   3.7638771e-01
   7.8591335e-01   1.3809522e-01
  -3.1034588e-01  -8.4040365e-01
  -3.1779112e-01  -2.6062740e-01
  -1.4484070e+00  -4.1377159e-01
  -1.3679324e+00  -5.6602564e-01
   3.4982426e-01   1.9294637e-02
   1.6448638e-01   7.4272920e-01
  -1.3918797e+00  -6.4463369e-01
   9.7089877e-01   1.0860105e+00
   6.7957298e-01  -5.1052232e-01
   3.1266347e-01   2.5730852e-02
   9.5494776e-01   3.4022956e-02
  -5.5150340e-01   4.1977682e-01
  -2.9567400e-01  -1.4270300e+00
   1.0505941e+00   1.2792547e-01
  -1.0378936e+00  -2.3498317e-01
  -1.1699960e+00  -1.7017120e+00
  -8.4532755e-01   5.2346711e-01
   3.5078578e-01  -4.4215351e-02
   3.1441175e-01  -8.5880324e-01
   8.7628362e-01   1.9248038e+00
   7.9417801e-01  -1.9101170e-01
  -9.5654468e-01   3.0706535e-01
  -1.0699202e+00  -1.7221993e+00
   7.7755009e-01   6.6041889e-02
  -1.5035495e-01   5.2232635e-01
  -1.3480648e+00  -3.2053660e-01
  -6.7327297e-01   5.1451539e-01
   1.9472688e+00   1.8658462e+00
   4.0906043e-01  -4.3209956e-01
   2.2999916e+00   9.6516764e-01
  -7.6734905e-01  -2.7991751e-01
   2.4004926e+00   1.5114051e+00
  -1.9791436e+00  -1.1734788e+00
  -1.1731459e+00  -1.0159900e+00
  -5.7796475e-01  -7.8876916e-01
  -1.0862235e-01  -1.0036605e+00
  -1.9667171e-01  -1.8468210e+00
   1.4372433e+00   1.8709329e+00
  -1.9264296e-01  -1.8797240e+00
  -1.3423984e+00  -4.3461235e-01
   1.1457494e+00   6.7404821e-01
  -1.0680386e+00  -1.0193702e+00
  -1.0161613e+00  -4.9730835e-01
  -3.2249532e-01  -2.9416543e-01
  -1.2186302e+00   1.7080857e-01
  -7.7706831e-01   7.7253020e-01
  -5.7726380e-01  -2.1171785e+00
  -6.2102242e-01  -1.8554709e+00
  -1.1316256e+00  -2.6387136e-01
  -2.1193120e-01   2.4005078e-01
  -1.3697493e+00  -1.2143178e+00
  -9.5116059e-01  -9.3202665e-01
  -2.9271690e-02   8.0757897e-01
   1.1561721e+00   1.1852215e+00
  -1.2810369e+00  -1.4289032e+00
  -1.0244603e+00  -3.8158572e-01
   1.5404447e-01  -1.0419159e+00
   1.2744119e+00   8.0179837e-01
   6.6016389e-01   2.0071546e-01
  -4.5384306e-01   4.6901640e-01
   1.0357731e+00  -9.2760041e-01
   1.3102898e-01  -1.5141263e-01
   7.5309742e-01   1.9073414e+00
   2.8948296e+00   1.8841610e+00
   5.9529594e-01   7.3190810e-01
  -1.3160254e+00  -1.2198203e+00
   1.8687985e+00   1.2720336e+00
  -3.5412722e-01   9.5992252e-01
  -1.9019573e+00  -4.1922228e-01
  -2.0906664e+00  -4.7604856e-01
   5.3439717e-01  -2.4928706e+00
  -3.9946520e-01   4.1099460e-01
  -9.6162789e-01   7.7407694e-01
  -8.9247937e-01   1.9913660e-02
   3.1209695e-01   6.0341072e-01
   1.1734423e+00   1.9250050e+00
  -1.1317063e+00  -7.4995967e-01
  -8.6198906e-01  -3.1834151e-01
  -8.3784760e-01  -2.5142172e+00
   1.6496709e+00   4.5192615e-02
  -4.5793290e-01  -2.7101437e+00
   1.7014192e+00   8.7084505e-01
  -6.7852449e-01  -1.6237714e+00
  -1.4025383e+00   6.0623872e-01
   1.1170077e+00   5.8805903e-01
   8.6167611e-01   1.5606828e+00
  -1.2756164e+00  -1.5934569e+00
   3.1274198e-02   6.8370233e-01
  -1.8956808e-01  -9.3399375e-01
   6.0087492e-01  -7.3308750e-01
  -1.2541032e+00  -1.4241865e+00
  -6.7114209e-01  -9.6675698e-02
  -5.6203162e-01  -7.8361653e-01
   1.5696006e-01  -1.6564091e+00
   5.8565921e-01   1.5748476e+00
  -1.5867644e+00  -4.5868773e-01
   1.0911947e-01   4.0121143e-01
   1.3119704e+00   1.4799763e+00
   3.8818506e-02   8.6704673e-01
   4.3142779e-01   9.7775981e-01
  -5.5598563e-01   4.2076040e-01
  -7.6108380e-01   3.3148620e-01
  -8.7467003e-01  -6.3861727e-02
   2.0119564e+00   4.3373386e-01
   2.1087249e+00   2.1748970e-01
  -4.5690604e-01  -1.3155444e+00
  -5.4032005e-01  -4.6200971e-01
  -7.9844432e-01   2.9027713e-01
  -1.9201220e+00  -7.2702456e-01
   1.2516132e+00   7.4419965e-02
  -6.5730651e-01  -1.1239619e+00
   9.2088989e-01   2.7888566e-01
  -5.7035054e-01  -6.3722899e-02
  -1.0492805e+00  -7.3333438e-01
   6.0762197e-02   1.8506292e-01
   7.1253749e-01   5.1450714e-01
   4.4296150e-01  -1.8181211e+00
  -9.0404438e-02  -1.2952570e+00
  -5.8647398e-02   6.4351403e-01
   1.5206475e-01   5.3944868e-01
  -1.9134252e-01  -1.1307075e-01
  -1.0132671e+00   5.6558334e-01
  -3.4633001e-01   5.3748883e-01
   3.5725626e-01  -1.2014930e+00
   2.6945960e-01   7.8440040e-01
  -6.6362120e-01   2.7602711e-01
  -1.3175007e+00  -1.1235934e+00
   6.5578655e-01   3.4166369e-01
  -5.6208901e-01   3.0758878e-01
  -1.5620232e+00  -1.5167421e-01
   8.7239084e-01   1.2041301e+00
  -6.5421838e-01   1.4179359e-02
  -3.6461058e-02   8.8858368e-01
   7.6775585e-02  -1.1227472e+00
   1.3827655e+00   1.2929176e+00
   1.1000178e+00   1.1881411e+00
  -2.3135257e-01  -1.8465551e+00
   2.9579646e-01  -9.6250404e-01
   2.4319359e-01   6.6228623e-01
   7.0533750e-01  -9.0451828e-01
   1.2455120e+00   6.1126644e-01
  -9.0170172e-01  -1.8869051e+00
   4.5019333e-01   9.1703024e-01
   4.6512959e-01  -7.5807642e-01
   9.7406692e-01   1.1180134e+00
   9.1665905e-01   2.1040271e-01
   1.1218590e+00   3.7069054e-01
   4.5987730e-01   1.0121263e+00
  -2.6049232e-01   1.4706695e-01
  -8.2558511e-01  -9.9994835e-01
  -2.1997590e-01   3.9957809e-01
  -1.1122798e+00  -7.3523191e-01
  -2.8633101e-01   1.7775801e-01
  -1.0033522e+00  -3.3384959e-02
  -2.3316004e-01   1.5584122e-02
   2.0568043e+00   1.4387356e+00
   1.1430842e+00   1.8207418e+00
   1.2163812e+00   7.3518202e-01
   7.7553444e-01  -2.2228986e+00
  -4.5120001e-01  -9.7005926e-01
   4.9927466e-02   1.4108138e-03
  -1.6636393e-01   1.1460381e+00
   8.7245822e-01   4.7410364e-01
  -1.2195154e+00  -2.5238404e-01
   3.8671214e-01  -7.0094427e-01
  -4.5881101e-01   3.3053621e-01
   1.2657617e-01  -1.7702019e-01
  -8.1112153e-01  -1.3033127e+00
   6.1649921e-01   1.3148642e+00
  -1.0884497e+00  -5.1444786e-01
   1.8739708e-01   7.1904389e-01
   3.6822660e+00   3.1863866e+00
  -2.3236825e-01   6.0514062e-01
  -3.8113498e-01  -4.6073784e-01
  -5.5099085e-01  -3.4082204e-01
   1.3465776e+00   2.5443579e-01
   6.3934828e-01   1.1265629e+00
  -4.9080793e-01  -8.6461333e-01
   2.6556061e+00   7.7572054e-01
  -7.2635365e-01  -3.3500187e-01
  -9.4370208e-01   4.8977862e-01
   6.1537185e-01   1.1555887e-01
  -3.5364553e-01  -1.3225425e+00
   2.7159995e-02   9.7284182e-01
  -3.0395276e-01   6.0367734e-01
  -3.2562513e-01  -6.4036781e-01
   1.1638270e+00   6.7505156e-01
  -1.6805056e-01  -1.4192722e+00
  -1.8027072e+00  -1.7048123e+00
   1.8122006e+00   8.0729536e-01
   6.1853833e-01   1.2095045e+00
   2.1063956e+00   1.3080513e+00
  -3.3931551e-01  -8.1058714e-01
  -9.6202771e-01  -6.5351183e-01
  -2.7035466e-01  -7.2399383e-01
   9.2248413e-01   9.7876200e-03
  -1.3775365e+00  -1.5211353e+00
   2.8838474e-01   9.7168792e-01
   1.0008519e+00   2.5184781e-02
   1.9333328e+00   1.1145600e+00
   1.3123247e+00  -1.4705950e+00
   1.0476032e+00   1.8547861e+00
  -7.9484506e-01  -8.4109980e-01
   6.5964332e-01   3.7441378e-02
  -4.0079423e-01   8.8890972e-01
   5.2750332e-01  -1.1699806e+00
  -5.8202513e-01   3.7134711e-01
   1.0715822e+00   1.8718837e+00
  -1.3468521e-01  -1.7582328e+00
  -1.9003914e-01   1.4989055e+00
  -7.4851961e-01   2.9790567e-02
  -7.1491648e-01  -5.4781187e-01
  -4.5399777e-01  -3.0248766e+00
  -5.3256318e-01   1.0376067e+00
   1.0446687e+00   2.0841674e+00
  -1.2867746e+00  -6.5251575e-01
  -5.5678168e-01  -1.0349566e-01
   7.2470869e-01   3.7309343e-01
  -6.2917651e-01   6.7587513e-01
  -1.3028976e+00   1.0306144e-01
   1.0245333e+00   5.6380440e-01
   4.3117359e-05   7.2077224e-01
  -7.2134958e-02  -2.5751999e+00
  -6.5313781e-01  -1.3039918e-01
  -3.9564308e-01  -2.4572027e+00
   3.7361512e-01   1.9808981e+00
  -1.6382691e-01  -4.1476668e-01
  -7.0644559e-01   7.8311341e-01
   1.2542196e+00  -1.3223421e+00
  -1.8297859e-01   1.6767898e-01
  -6.1814033e-01  -1.0186779e+00
  -1.3200659e+00  -1.0383918e+00
  -2.2759262e-02   5.6178069e-01
   2.1233675e-02   4.1446739e-01
   1.1362464e+00   1.6772978e+00
   5.1982659e-01  -9.0958569e-02
   1.1117261e+00   3.6190419e-02
   1.4832724e-01   4.7388913e-01
   3.0587000e+00   7.9526733e-01
  -3.9455534e-01  -1.2952141e+00
   1.4420474e-01  -3.3736986e-01
   1.3531649e+00   2.1953318e+00
  -9.1763105e-01  -9.5279522e-01
  -7.8451423e-01  -9.3248773e-01
   6.9016830e-02  -1.6676341e+00
   4.8242433e-01  -2.4925235e-01
   1.9352213e+00   1.3486914e+00
   7.5447525e-02  -1.0859854e+00
  -5.5595965e-01  -1.2535114e+00
   8.4242758e-01   1.1156552e+00
   3.7003212e-01   5.5964270e-01
  -2.1030662e-01  -2.1398081e-01
  -3.4373568e-01  -1.5621081e+00
  -8.2184700e-01  -1.0021077e+00
   5.6278424e-01   5.3243252e-01
  -1.2280660e+00  -3.7292886e-01
  -6.0415326e-01  -1.1998687e+00
   1.3278602e+00   1.1324056e+00
   4.8942488e-01  -6.2432498e-01
  -5.0605111e-01   5.8180456e-01
  -1.1359404e+00   8.3021616e-02
  -9.5017280e-01   1.0905171e+00
   1.1814632e+00   8.2454181e-01
  -6.7016278e-01  -7.5524163e-01
   8.9260436e-01   6.0917934e-01
   8.1746637e-01   1.4556975e+00
  -2.2627548e-01  -9.6781365e-02
   1.0583660e-01   9.7865194e-01
  -5.0707637e-01  -2.7932900e-01
  -2.7487960e-01  -5.8768165e-01
  -9.2072517e-01  -1.1903511e+00
   2.4315449e+00   1.9664504e+00
  -8.3267145e-01  -8.3237444e-01
  -2.4151643e-01   8.2524375e-01
   7.0131432e-01   7.9411316e-01
   1.2792827e+00   1.8805290e+00
  -1.3088184e+00  -8.8814547e-01
  -7.2935168e-01  -1.2959735e+00
  -1.0159848e-01  -5.7631730e-01
  -7.4811662e-01  -1.3470210e+00
   3.2672401e-01  -7.5337341e-01
   1.8924382e+00   1.4388067e+00
  -7.5609106e-01  -1.9388506e-01
   1.0562172e-01  -9.4021711e-01
  -7.3642891e-01  -1.0866301e+00
  -1.3685421e+00   3.1776246e-01
  -1.1189011e+00  -3.4132270e-01
  -8.4036168e-01  -5.7731766e-01
  -1.2059182e+00  -5.2663968e-01
   1.7025370e-01  -8.8879067e-01
  -8.4486978e-01   4.6920126e-01
  -8.7889702e-01  -4.5332521e-01
   2.2553712e+00  -8.9146461e-02
  -6.0833064e-01  -6.4420109e-01
   1.2004506e-01  -2.8693559e-01
  -4.5303022e-01   3.0879838e-01
   1.2063350e+00  -2.3209254e+00
   1.2711478e+00   1.5979020e+00
  -1.2575715e+00   3.6917011e-01
   4.3112884e+00   2.3516943e+00
  -2.6789246e-01   3.1324421e-01
   1.0093701e+00   7.4826012e-01
   1.1287203e+00   8.3649643e-01
   1.2125521e-01   1.2470316e+00
  -6.1589565e-02  -3.7921193e-02
  -1.3724155e+00   1.5425668e-01
   1.3675848e-02   1.2828187e+00
  -1.7260512e-01   1.8393895e-01
  -8.5200689e-01  -9.1311313e-01
  -1.4683876e+00   9.5524747e-02
  -8.7204190e-01   1.1923436e-02
   2.5439327e-01  -3.9874515e-01
   1.9010675e+00   1.1000798e+00
   1.0519280e+00   2.3001364e+00
  -3.5283358e-01   7.9976270e-01
   1.2163425e+00   8.7359410e-01
  -6.7009504e-01   6.0192919e-01
   6.5763018e-01   2.9904978e-01
  -2.3183423e-01   1.0310290e-01
   2.1071800e-01   1.0629891e-01
   5.0104693e-01  -3.1885070e-01
   5.0641177e-01  -2.4660168e-01
   7.6129429e-01  -1.1654935e+00
   1.7178480e+00   9.8353720e-01
  -6.7370173e-01  -8.1634414e-02
  -5.5709146e-02   6.4606710e-01
  -7.2710342e-01  -2.6027075e-01
  -1.3607149e+00  -1.2179178e-01
   2.3323692e+00   2.3393702e+00
  -3.6903580e-01  -2.3524240e+00
  -1.3006083e+00  -2.7456033e-01
   4.3550907e-01   1.2561544e-01
   5.6498885e-01  -5.3643559e-02
  -1.3585173e+00  -1.0437737e+00
  -3.3226995e-02   1.3732113e+00
   1.1563430e+00  -3.4963766e-02
   1.6015585e+00   1.8390809e+00
  -6.6129262e-01  -1.1702311e+00
   7.8914030e-01  -4.3846534e-01
  -1.0619560e+00  -1.2513644e+00
  -9.1436523e-01   3.0671378e-01
  -3.3055583e-01  -1.6231009e+00
   1.6009632e-01   7.8483587e-01
   1.3022224e+00   6.6358350e-01
  -1.0001638e+00   8.9659919e-01
  -1.1558146e+00  -1.1297442e+00
  -5.0042857e-01  -1.9307587e-01
  -1.2155201e+00   1.2677951e-01
   1.9216054e+00  -1.9632741e+00
  -1.1248885e+00  -4.2398976e-01
   2.6495041e-01   1.7058872e-02
  -8.7834374e-01  -9.2858591e-01
   2.9513811e-01  -3.1964163e+00
  -6.0730157e-01  -2.9707551e-01
  -5.3404189e-01   1.3375220e+00
   8.2606301e-01  -9.0107914e-02
  -5.5724228e-01  -2.8748588e-01
  -1.5822159e+00   5.7642693e-01
  -6.0464824e-01  -3.9451434e-01
   6.2854388e-01  -7.3285811e-01
  -2.8996714e-01   9.0694057e-01
   1.4603311e+00   2.0834300e-01
  -9.6705774e-01  -1.5677286e+00
  -8.6520627e-01  -5.9052226e-01
  -1.5450470e+00  -2.4362370e-01
  -1.3823577e-01  -7.9863423e-01
   7.3055320e-01   1.0209862e+00
  -2.5404368e-01   4.9661888e-01
   1.3033941e-02   9.6521983e-01
  -1.4791038e+00  -4.5507866e-01
   1.3615820e-01   9.7216810e-01
  -3.8094178e-01   2.5954121e-01
   1.7546302e+00   2.0069768e+00
  -9.8344163e-01  -1.3665898e+00
   4.6331485e-01  -7.8507917e-01
  -6.6080897e-01  -1.7603009e+00
   8.3642411e-01   2.0405864e+00
  -1.2523397e+00  -5.1055615e-01
  -1.5549389e+00  -7.9134111e-01
   2.8959076e+00   3.0870695e+00
  -1.0195578e+00   2.2709290e-01
   4.0383070e-01  -9.3628633e-01
   8.2001902e-01   3.9406432e-01
  -6.9023590e-01   5.9044855e-01
  -8.8412944e-03  -2.7309174e+00
  -1.6369660e+00  -4.2209554e-01
   2.9783102e-01   7.0361045e-01
   1.5216178e+00   1.2698883e+00
   1.7411704e+00   2.5990192e+00
  -1.2635562e+00  -8.4724048e-02
   8.9745228e-02   1.5258279e+00
  -7.1637684e-01  -3.8338713e-01
   1.5609019e+00   1.3767656e+00
  -4.0494918e-01   1.1711828e-01
   9.1795334e-01   1.2368538e+00
  -1.0234413e-01  -1.4912785e+00
   3.6404002e-01   3.8400554e-02
  -1.2049942e+00   2.2785152e-01
  -1.3620883e-01   3.2556646e-01
   7.5679572e-01   9.3386394e-02
  -1.0427106e+00  -1.0159866e+00
   2.0661412e+00   1.0262365e+00
   2.6892792e-01   5.1459542e-01
  -1.4411985e+00  -2.3817519e-02
  -1.2236405e-01   1.2082596e+00
   5.8163952e-01  -2.2195018e+00
  -2.8367353e-01  -2.0041874e+00
  -9.1084154e-01   3.9175785e-01
  -1.3942974e+00  -3.7154559e-01
  -1.1353274e+00  -1.3614843e+00
   4.5468668e-01   2.2248621e-01
  -2.5063074e-01  -1.8151795e-01
  -1.4224756e+00  -1.6571308e+00
   5.8041758e-01   1.3828193e+00
  -2.6491474e-01  -8.1356470e-01
  -5.5902677e-02   4.3159368e-01
  -1.1214258e-01  -9.6805412e-02
   3.1597512e-02  -1.6770759e-01
   5.9722890e-01   1.5632690e+00
  -9.4009924e-01  -1.5681375e+00
  -6.7781879e-01  -2.4402951e-01
  -2.4809614e-01  -2.4624642e-01
   1.7725939e+00   2.9967202e-01
  -1.2634310e+00  -9.4453171e-01
   9.0958608e-01   1.3665197e+00
  -1.3612148e+00   2.2564310e-01
  -1.3312794e+00  -8.0820329e-01
  -1.2630696e+00  -5.9672607e-01
   1.2398401e+00   5.7799080e-01
   8.1138995e-01   2.4471639e-01
  -9.7159488e-01  -6.1021611e-01
  -7.5533134e-01  -1.7172770e+00
  -5.7623877e-01   2.4766568e-02
  -1.4910109e+00  -1.0622485e-01
  -1.0857384e+00   7.3131926e-01
   3.6363234e-01   3.6594598e-01
  -4.1078114e-01  -9.3418508e-01
  -5.5108054e-01  -1.5708718e+00
   2.0399345e-02  -3.5464088e-01
   2.6400459e-01   1.8667088e-01
  -1.1754093e+00  -1.1935174e+00
  -1.4434007e+00  -1.4670339e+00
   2.0155729e+00   2.2848904e+00
  -7.8592667e-01   4.2693612e-01
   8.6160407e-01   1.3655434e+00
   5.4004237e-01   5.6494520e-02
   5.6657738e-01  -1.3664614e+00
  -8.7945955e-01  -2.3115481e+00
   2.1524645e+00   2.5662886e+00
  -1.3806001e+00  -1.6373924e+00
  -1.0734148e+00  -2.8994904e-01
   1.6212384e+00   7.1260623e-01
   5.2599967e-01  -6.8186518e-01
   5.9026668e-01   3.2966660e-01
  -9.1039854e-01  -5.1810073e-01
  -1.2773871e+00  -1.1345922e+00
  -3.5536114e-01  -2.0478120e+00
  -6.4255354e-01  -2.7065031e+00
  -1.1908836e-01  -6.0915753e-02
   8.2059366e-02   1.4766885e+00
  -6.5056628e-01  -4.3758350e-01
  -7.0684435e-01   2.0953054e-01
  -4.8445690e-01   7.8597592e-01
  -1.2684693e+00  -1.9112842e+00
   1.1560263e+00   3.2582018e-01
   5.9025062e-01   9.9643262e-01
   4.9667772e-01  -1.8088355e+00
  -1.5839788e+00  -1.2032487e+00
   6.9690959e-01   9.6998006e-01
  -8.7184594e-01  -2.5694316e-01
   1.5371124e+00   1.4728475e+00
  -1.2846387e+00  -7.9050455e-01
  -6.2786148e-01  -2.8945216e+00
  -8.6640844e-01  -9.6105490e-01
  -2.0613883e-01  -2.6085133e+00
  -1.3184866e+00  -4.7384035e-01
  -7.9752380e-01  -1.0011561e+00
   1.8680476e-01  -2.8056855e-01
  -3.0082917e-01  -4.2343690e-01
   1.1352975e+00  -1.2528105e+00
  -7.3163188e-01   2.7834133e-02
  -1.5971633e+00  -1.0194471e+00
  -1.3237504e+00  -3.9840679e-01
  -9.6676124e-01  -4.5152366e-01
   8.6450604e-01  -2.5536966e-01
   3.7176776e-01  -4.5693268e-01
  -9.3012597e-01  -7.5642475e-01
  -8.8541823e-02   3.3768325e-01
  -4.9937041e-01  -1.0206665e+00
  -3.0495113e-01   8.4675578e-01
  -9.4546990e-02   3.2684412e-01
  -7.1608396e-01   1.4387440e-01
  -1.0244955e+00  -1.0329749e+00
   1.0168097e+00   5.8601061e-01
  -8.9613111e-01  -3.5106783e-01
   6.0323601e-01   3.2199344e-01
  -6.6306658e-01   3.3221032e-02
   5.5940747e-01  -1.3263557e+00
   1.0207833e+00  -7.9465988e-02
  -4.8440360e-01  -1.3229816e+00
   7.1659002e-01  -9.3903798e-01
   4.9415374e-01  -4.1923621e-01
  -2.3384581e-01  -9.2550881e-02
   3.3308102e-01   3.4503208e-01
  -6.6729013e-01   9.1929541e-01
  -2.5129085e-01  -1.1837932e+00
   2.5817234e-02   8.3031890e-01
  -4.1051168e-01   5.3786084e-01
  -1.3939397e-01   3.8123097e-01
   2.2115095e+00   2.1916478e-01
   9.3182393e-01   1.2143109e+00
  -3.1703048e-01  -1.9493610e-01
  -1.8609841e-01  -4.7193471e-01
  -1.1231110e+00  -5.7124303e-01
   1.1622027e+00   1.0092785e+00
  -1.2959089e+00  -4.9579582e-01
   2.1126499e-01  -1.0559805e+00
  -8.6279514e-01   4.7973960e-01
   5.7315436e-03  -1.5825089e-01
   3.1649816e-01  -3.8631535e-01
  -8.0045917e-01  -1.4268101e-02
   1.5691708e-01  -5.8495600e-02
  -4.1567489e-01   1.3507804e-01
   4.1129915e-01  -7.5145357e-01
  -4.7606475e-02   1.1500236e+00
   4.3000953e-01  -5.2660645e-01
   2.7261314e-01  -2.6163987e-01
  -8.2352848e-01  -8.3015113e-01
   1.4231312e-01  -9.4418016e-01
  -9.4768531e-01   7.4666439e-02
   2.6547978e+00   2.0097778e+00
  -1.3646876e+00  -5.6314828e-01
   6.5556736e-01   9.2570729e-01
  -8.0029584e-01  -1.2142436e+00
   1.1101131e+00   1.9475531e+00
  -1.1763322e+00  -1.0447168e+00
   1.2036716e+00  -2.8118570e-01
  -5.2372956e-01  -1.3956289e+00
  -4.2844218e-02   1.1846714e+00
   4.3821235e-01  -1.1295383e+00
  -8.7421155e-01   1.6302176e-01
  -2.2589658e-01  -2.0613969e-01
   7.1736339e-01   6.6387379e-01
  -1.5523920e-01  -9.7468830e-01
   2.1066987e-01   4.0487662e-01
   8.1310379e-02   4.1686482e-01
  -2.4584251e-01   1.2578281e-01
  -1.2268682e-01  -4.2041783e-01
  -8.2942046e-01  -4.9891544e-01
   6.0501724e-02  -4.8134524e-01
   1.0159292e+00  -3.2289410e+00
  -1.2223560e-01   6.2865813e-01
  -1.9048909e+00  -4.3683227e-01
  -1.7456974e+00  -5.9854363e-01
  -4.9391399e-01   2.9974885e-01
  -1.0904332e+00  -1.4924391e+00
   7.0185976e-01   1.3163237e-03
   6.5465997e-01   1.4207329e+00
  -1.8520680e-01  -1.1484775e+00
  -2.1058857e-01  -6.7837056e-01
   1.9816487e+00   1.0102717e+00
  -6.3152822e-01  -1.3118354e+00
  -2.2051700e-01  -2.5840010e+00
   2.1571796e+00   8.1257302e-01
  -6.3695576e-01  -8.1061890e-01
   2.0662755e-01   1.3760428e+00
  -1.7321039e-02  -6.7322066e-01
   9.8262409e-01   6.8259865e-02
   4.3120778e-01   6.1270904e-01
  -3.6503852e-01  -1.3106975e+00
  -1.4914339e+00  -1.6308103e+00
   8.3667823e-01   2.7662335e-01
   9.6367752e-01   3.4856541e-01
   1.0599105e+00   1.1645867e+00
  -1.1538935e+00   3.3347693e-01
  -7.4049705e-01   5.6938500e-02
   1.0039799e+00   2.0915530e-01
   1.8166973e-01   1.0239492e+00
   4.5962966e-01  -1.1845176e+00
   9.4780005e-01   2.3744408e+00
  -7.7329621e-01   9.3759700e-01
   6.6171979e-01   8.3674317e-01
  -4.4642281e-01  -3.1604942e-01
   1.5324054e+00   8.7058038e-01
  -3.6137216e-01   3.2797454e-01
   5.5978749e-01  -6.6057352e-02
   1.3815332e-01  -2.8206412e-01
  -7.6774807e-01  -9.5675028e-02
  -1.1529840e+00   2.5095760e-01
   1.2777857e+00   2.1321139e-01
  -1.1397947e+00  -2.1370230e-01
  -5.4419687e-01  -2.5862045e+00
   2.0788587e+00   9.7692242e-01
  -9.1688205e-01   1.8531663e-02
  -1.1482460e+00  -6.9109112e-01
  -1.0966116e+00  -1.1263869e+00
   1.5710472e+00  -7.3848759e-01
  -8.8462765e-01   5.7583769e-01
   1.1167088e+00   1.6153921e+00
   2.9605380e+00   1.8861469e+00
  -9.7818755e-01  -9.6039263e-01
  -1.1672068e+00  -1.0326970e+00
  -3.0314646e-01   4.3583854e-01
  -4.6119352e-01  -7.2141829e-01
  -9.5579444e-01  -1.1925490e+00
  -1.4411992e+00  -7.7645875e-02
   6.5183172e-01   2.0967113e-01
   2.3270394e+00   1.8829063e+00
  -3.5014576e-01  -3.5279331e-01
   3.3349066e-01  -1.4383491e+00
  -4.3719172e-01  -1.4642822e+00
  -8.1589932e-01  -1.1610712e-01
   3.9699670e-01   6.9432382e-01
   4.5311390e-01  -6.5896494e-01
   5.1488901e-01   4.7177311e-01
  -1.0780967e+00  -5.5622080e-01
  -1.4387976e+00  -1.5980244e+00
   1.4873707e+00   8.0090010e-01
   6.5420079e-01  -5.3657410e-01
   7.7939414e-01   8.7877302e-01
  -9.7964828e-02  -1.6812525e-01
   4.2729676e-01   3.5161045e-01
   1.0617640e+00  -1.1087323e+00
  -6.8206241e-01   6.9032212e-01
   1.2128771e+00   9.9502018e-01
   1.5275436e-01  -1.2833970e+00
  -7.1207659e-01  -1.4776148e+00
  -1.4242630e+00  -1.6346388e+00
  -2.2934622e-01  -2.0090267e-02
   1.6135981e+00   7.5066089e-01
  -2.6170505e-01   7.0168868e-02
   9.4287209e-01  -1.5668094e-02
   3.4883789e-01   1.1366973e+00
   1.7600182e-01  -3.3049022e-01
  -9.5132258e-02   5.4996871e-01
  -1.0462826e-01   7.1574968e-01
  -2.8952537e-01  -7.6925354e-01
  -1.4580872e+00  -1.2677425e+00
   1.1252495e+00   4.0436253e-01
  -1.4620944e-01  -8.6551891e-01
   1.2839239e+00   7.8126997e-01
  -1.5767721e-02   3.8331517e-01
   3.8801295e-01   1.8633584e+00
   8.5798364e-01   5.0710002e-01
  -1.4252430e+00  -4.4160636e-01
  -2.5399332e-01  -5.2382201e-01
  -8.8609336e-01  -9.2250631e-01
   3.3362028e-02  -2.1008785e+00
  -2.3975103e-01  -5.6769757e-01
  -1.5507594e+00  -9.1750655e-01
  -1.0512258e+00  -4.4830953e-01
   1.2704301e+00   3.3621389e-01
   1.3639386e+00   1.4278768e+00
  -1.4983463e+00  -5.3048987e-01
  -1.3064254e-01   3.5700551e-01
  -1.1274712e+00   1.0644260e-01
   1.5258318e+00   8.4293480e-02
  -1.2796936e+00   1.6779445e-01
  -5.9349445e-01  -1.8458060e+00
  -8.3899337e-01  -9.4099192e-01
  -8.0309729e-02  -2.3220706e+00
   1.5170326e+00   1.7053656e-01
   2.9887882e-01  -7.8703348e-01
   2.1416598e+00  -7.1239311e-02
   6.0069278e-01  -1.5796738e+00
  -2.8769940e-01  -1.1396419e-01
   4.3532372e-01   5.1081362e-01
  -9.2147285e-01  -8.1989725e-01
  -6.8849057e-01   6.2574025e-01
  -9.1441236e-01   5.9944350e-02
  -5.3513347e-01   8.8875329e-01
   9.8802340e-01   2.6634709e-01
   2.4659606e+00   2.7132580e+00
   2.8675858e-02   7.4013804e-01
   7.5581857e-01   1.0551241e+00
   1.1344693e+00   1.8550255e+00
   1.2975213e+00   2.0905212e+00
   1.8123804e-01   1.3254086e-01
  -4.9743713e-01  -7.1750121e-01
   4.6198815e-01   1.5305446e+00
  -1.1514952e+00   3.9818766e-01
  -5.8669797e-01   1.2255544e-01
   4.5490057e-01  -1.2714263e-01
   1.5422702e-01  -6.8089193e-02
  -7.8767497e-01  -1.4581347e+00
   2.2183999e-02  -1.0093844e+00
   2.1526780e-01  -5.0333349e-01
   1.6955905e-01  -9.4913064e-01
  -1.4038599e+00  -1.0233642e+00
   1.1850675e+00   1.7110272e+00
  -7.6891670e-01  -2.4704367e-01
  -1.3308158e-01  -5.9742274e-01
   1.5838181e+00   1.2670414e+00
   2.5905479e+00   1.8619789e+00
   1.0982033e+00   1.2922666e+00
   2.2591592e+00   2.4773383e+00
  -5.9754165e-02   1.2882690e+00
   9.2027646e-01  -1.3061514e-01
  -3.5607457e-02   6.2802594e-01
  -6.2242169e-01   1.1667614e+00
  -1.6539076e+00  -1.5017165e+00
  -1.2331765e+00   3.7043908e-01
   1.5164670e+00  -1.6243297e-01
   1.2182124e-01   9.5994176e-01
   9.1280322e-01   1.3461393e+00
  -7.2719260e-01  -4.7706609e-01
   1.2372830e+00   1.7043285e+00
  -1.1026915e+00  -5.1920496e-01
   1.0864673e+00   4.7058577e-01
   5.4648260e-01   1.4396092e+00
  -1.6636337e+00  -2.5177232e-01
   1.2971117e-01  -1.6340029e-01
   5.8808346e-01   7.4643838e-01
  -1.3434589e+00   1.1594191e-02
   1.3719186e-01  -3.2169404e-01
   2.0836579e+00   2.5185392e+00
  -1.2808625e+00  -1.4915846e+00
  -1.0441756e-01   1.7329504e-01
  -1.3853348e-01  -4.7885855e-01
  -1.9721801e-01   1.2409390e+00
   3.8177258e-01   5.3879114e-01
   2.4332398e-01   4.0504885e-01
  -1.5848062e+00  -3.9441705e-01
  -4.3159040e-02   7.5738512e-01
  -6.0849970e-01  -3.0901430e-01
   4.1233274e-01   3.6718470e-01
   1.4199665e+00  -3.3990594e-01
   1.0050377e+00   2.0170804e+00
   1.4920484e+00  -4.1688015e-01
  -3.3054641e-01   3.0046703e-01
   4.8897625e-01   7.5332898e-02
  -9.8123769e-01  -5.0786436e-01
   1.3256693e+00  -5.8233489e-02
  -5.2903555e-01   1.0610189e-01
  -4.9744976e-01  -6.6157052e-01
   2.9318669e+00   9.9979020e-01
  -6.9986312e-01   3.7714505e-01
   3.9725420e-01   1.7000439e+00
   9.2678699e-01   1.3110105e+00
  -4.3652639e-01   3.5932822e-02
   2.0646621e+00   2.3909097e+00
   4.4564243e-01   7.2806393e-01
   9.6475854e-01  -3.4610782e-01
   3.2403644e-01   5.4382136e-01
  -1.0633701e+00  -1.2111763e+00
  -1.1873495e+00  -8.5550399e-01
  -2.8582383e-01   9.8832477e-01
  -5.6005899e-01  -3.7804581e-01
  -4.6000940e-01   1.0522032e+00
  -1.1841640e-01   8.2545186e-01
  -9.9868228e-01  -5.8465029e-01
   4.5085098e-01  -4.5145296e-01
  -7.8571077e-01   2.8898243e-01
  -7.5166425e-01  -2.3011975e-01
  -4.1094153e-01   5.2970226e-01
  -9.9275335e-01  -4.8042071e-01
   5.2465594e-01  -1.1784705e+00
   1.4443052e+00   4.0477967e-01
   3.2422744e-01  -2.7978248e-01
  -3.7079968e-01  -1.4479392e-01
   7.5911432e-01  -2.0387554e-01
   3.8830321e-01  -1.6712920e-01
   1.3375775e+00   1.3084437e+00
   5.2435401e-01  -7.7045886e-01
  -8.9213448e-01  -1.3394676e+00
  -1.6926455e+00  -8.8135279e-02
   4.9878642e-01   1.6514567e+00
  -1.1099303e+00  -5.0618698e-02
  -1.7553021e-01  -5.7333328e-01
  -1.6656092e-01   1.1957874e+00
   3.3219648e-01   5.3033195e-01
   8.9974707e-01  -2.3460706e-01
  -4.9673423e-01   7.5916127e-02
  -1.6010079e+00  -1.0905931e+00
   1.0157539e+00   1.0054312e+00
  -5.9085825e-01   1.1337792e-01
  -1.4100087e+00   1.8392358e-01
  -1.4695419e+00   6.2470871e-01
   2.0210326e-01   2.1474501e-01
   6.7763309e-01   2.8937592e-02
  -5.4307565e-01   9.1929623e-01
  -7.4377927e-01   9.7993961e-01
  -4.7725743e-01  -4.0460122e-01
   1.7964260e+00   1.4309828e+00
  -1.3389564e+00  -9.6412436e-01
  -4.5249304e-01   2.3073764e-01
  -1.0476603e+00  -2.2643232e-01
   7.0545496e-01  -1.7452585e+00
  -7.7915933e-01   1.2108522e-01
  -7.1318773e-01   5.0228675e-01
   1.4704694e-01  -4.9634701e-02
  -1.2882976e+00  -8.9441433e-02
   6.8273652e-01  -1.0687537e-01
   4.6234313e-01  -2.5347155e+00
  -9.2263416e-01  -2.8179524e-01
  -1.1711418e+00  -2.0793880e+00
  -6.5704485e-01  -1.4092217e-01
  -1.4899525e+00  -5.8860951e-01
  -7.2312580e-01  -7.1585255e-01
  -1.2544578e+00   1.0279426e-01
  -1.3520569e+00  -5.8502213e-01
   2.1723966e+00   4.6219814e-01
  -6.8883431e-01   5.2203283e-01
   8.3938493e-03   1.0811412e+00
  -5.2552046e-01   6.4378064e-01
   4.3350345e+00   2.6554105e+00
   9.6100939e-01   7.6763929e-01
  -1.1494850e+00   2.4010482e-01
   1.2181195e+00   9.1118509e-01
  -9.9052222e-01  -2.2597977e-01
  -2.3973181e-01   5.4527015e-01
  -8.9061349e-01   1.6502861e-01
  -1.6362687e+00  -1.6806686e-01
  -3.3074065e-01   9.6973838e-01
  -3.3379301e-01  -2.5994040e-01
   1.4312421e+00   2.0509380e+00
  -2.8946055e-01   3.3818130e-01
  -7.2542326e-02   8.8416856e-01
   1.2883406e+00   1.8303936e+00
  -1.1481817e+00   6.2633331e-01
  -8.8075982e-01   1.5251773e-01
  -4.3789516e-01   7.5999591e-01
  -1.3795651e+00  -1.3438856e+00
  -7.8109880e-02   1.1014639e+00
   1.0093964e+00  -9.8046360e-01
   7.4236472e-02  -6.5373423e-01
  -2.0391684e-01  -8.4332735e-01
  -6.0788880e-01   4.7682933e-01
   1.3908042e-01  -6.7719097e-01
   1.3073705e-02  -7.4393679e-01
  -1.0257217e+00  -9.8095682e-01
  -5.2563966e-01  -1.1466049e+00
  -5.6654331e-01  -6.5622752e-01
   1.2343333e-01   5.5846623e-01
   2.1318730e+00   1.8959693e+00
  -6.5984530e-01   3.9148201e-01
  -7.2483664e-01  -1.7240398e+00
  -9.7153954e-01  -2.0621073e-01
