  -5.4341741e-01  -1.4493339e+00
  -5.6651264e-01  -6.6444802e-01
   1.4693986e-02   1.8625409e-01
   1.4064462e+00   1.0868970e+00
   4.0477244e-02   6.7337795e-03
   6.7713496e-01   1.2761204e+00
   6.2939953e-01   3.0285161e-01
  -9.2335004e-01  -1.0517387e+00
  -1.1866913e+00  -1.0844353e+00
   2.4168645e-04   9.4383986e-02
  -2.4074429e-01  -1.2277850e-01
   6.8675662e-01   6.4539024e-01
  -2.2581933e-01   1.3611007e-01
   2.8470351e-01   3.1808998e-01
   1.0469871e+00   1.3999010e+00
  -2.8673520e-01  -6.2666028e-01
  -2.5388962e-01   2.3195509e-01
  -1.8393630e-01   4.2091402e-01
   4.3858545e-01   3.1625761e-01
  -1.1949982e-01  -8.4285616e-01
   2.1583134e-01   3.0630093e-01
   2.0117077e+00   2.1003471e+00
  -4.9028357e-01  -8.9827739e-01
  -9.2879351e-01  -6.0499032e-01
   9.9522922e-01   1.1195498e+00
  -1.6284555e+00  -1.7005324e+00
  -2.1730269e-01   1.5017356e-01
  -1.8196778e+00  -1.4940560e+00
   7.3457624e-01   7.4928081e-01
  -6.3921016e-01  -3.2764798e-01
   9.0055302e-01   8.4861276e-01
   5.4530645e-01   6.7095306e-01
   1.4363766e+00   1.7985046e+00
  -5.1866607e-01  -6.6204957e-01
   5.3611251e-01   2.7338969e-01
  -7.4838671e-01  -1.2007435e+00
   2.1315321e-01   7.9944791e-01
   4.4974605e-01   1.0258487e+00
   1.1280950e+00   8.6130324e-01
   1.8593299e+00   1.8227567e+00
   6.6825834e-01   1.5501079e-01
  -6.4630320e-01  -6.2099946e-01
  -1.6545507e-02   7.4929902e-02
  -7.1184339e-01  -7.1776245e-01
   1.4916251e+00   1.2976479e+00
   1.0110726e+00   5.6770019e-01
   1.4194691e-02  -7.8484032e-02
  -1.6286715e+00  -2.2238414e+00
  -3.4484966e-01   2.2832513e-01
  -4.0841595e-01  -1.1144992e+00
  -7.7300959e-01  -4.7159184e-01
   9.5603332e-01   1.1865913e+00
   1.0998053e+00   7.0588869e-01
   9.1672746e-01   1.6445586e+00
  -9.6147757e-01  -1.4119617e+00
  -1.0254550e+00  -8.3468667e-01
   8.0747699e-01   2.5628425e-01
  -1.6221233e+00  -1.2800036e+00
   8.6028587e-01   1.0429187e+00
   2.7928592e-01   6.3364953e-01
  -1.1637507e+00  -9.4103956e-01
  -3.5695863e-01  -1.0706599e+00
  -5.9603595e-01  -1.2466309e-01
   8.4610122e-01   1.4034820e+00
   2.3144968e-01   7.1862476e-01
  -1.5164846e+00  -1.4229707e+00
   5.4805491e-01  -1.0666206e-02
   1.4140460e+00   1.0049079e+00
   8.0676503e-01   1.2208051e+00
   4.9556625e-01   5.1018934e-01
   2.4084604e-01   2.6970344e-01
   2.8085899e-01   4.1153355e-01
  -7.4860855e-01  -6.8125290e-02
   1.1893297e+00   7.2862341e-02
   3.5462678e-01   5.1037533e-01
  -1.0447755e-01   1.9451221e-01
   1.7627449e+00   2.0700377e+00
  -1.6013296e+00  -1.0534557e+00
   2.7179462e-01  -4.5051808e-02
   1.5184961e+00   2.4738495e+00
   2.6820499e-01   9.4771314e-01
  -1.2505073e+00  -6.4122903e-01
  -5.1913175e-01   8.2426792e-01
  -1.1837463e+00  -6.1627404e-02
  -4.3410321e-01  -7.8854111e-01
   1.1624724e+00   1.6878540e+00
   1.9640232e-01   5.5752822e-01
   8.7335781e-01   8.1940790e-01
   5.5059306e-01   7.4641972e-01
  -6.1451662e-01  -4.5236273e-01
  -5.4968203e-01  -1.0767794e+00
  -8.4237099e-01   4.5392531e-02
  -1.1324476e+00  -1.1434393e+00
   3.1368473e-01   8.0435465e-01
  -5.2130803e-01  -9.5366770e-01
   1.0958989e+00   1.1890698e+00
   1.2520455e+00   1.2611638e+00
  -1.3330029e+00  -1.2618505e+00
  -1.9667341e+00  -2.2160692e+00
  -2.3907244e+00  -1.7587331e+00
  -1.2771105e-01  -1.9930709e-01
  -1.9358335e-01   5.8976401e-01
   1.9313117e-01   5.0724333e-01
   6.9436032e-01  -5.7641570e-02
  -3.6862090e-01  -8.2658562e-01
   3.3343546e-01   6.9537372e-01
  -2.2624830e+00  -1.2755230e+00
  -1.5586529e+00  -1.2947858e+00
  -4.0694950e-01  -8.3628141e-01
   8.9545176e-01   5.6852395e-01
   8.6969573e-01   1.2401101e+00
   6.0758551e-01   1.1626352e+00
   3.0343804e+00   2.6520281e+00
  -1.3679674e+00  -2.2403138e+00
  -3.9009262e-01  -5.4681802e-01
  -1.9230692e-01  -5.5293163e-01
  -1.9392045e-01  -1.3654635e+00
  -1.4186347e-01  -8.3872252e-01
   9.8369519e-01   8.6081558e-01
   1.2001521e+00   1.7907788e+00
   1.2389551e+00   1.0459516e+00
  -3.1933301e-01   3.5603866e-01
   8.8591856e-01   8.8351816e-01
   1.0692501e+00   9.6361206e-01
  -4.2440216e-01  -3.1809121e-01
   8.3458772e-01   7.3362336e-01
   1.2309531e+00   1.5341920e+00
  -8.7287042e-03   7.3517117e-02
   7.5044893e-01   6.8308670e-01
   1.0838954e+00   7.9619620e-01
  -6.4982276e-01  -1.3452636e+00
   2.9167950e-01  -2.3511167e-01
  -8.0827712e-01  -3.4133726e-01
   6.2190744e-01   9.3107229e-01
  -4.2798348e-01   7.4018666e-02
  -1.5853652e+00  -7.0659740e-01
   7.5087458e-01   4.2413147e-01
  -1.3870273e+00  -2.2966430e+00
   1.2820940e-01  -1.5556852e-01
   7.2847774e-01  -1.3341196e-01
   6.1161980e-01  -6.5703062e-02
  -6.6236139e-01  -6.2002692e-01
   2.9474230e-01   9.5668396e-01
  -5.6557994e-01  -1.1728395e+00
  -2.1738563e-01  -4.3636659e-01
   5.9904444e-01  -1.3365197e-01
  -2.4122594e+00  -1.6020748e+00
  -7.9090388e-01  -1.7521592e-01
   1.4843863e+00   1.7132772e+00
  -4.3887200e-01  -1.7071973e+00
  -1.3120888e+00  -6.7111496e-01
   8.0631566e-01   1.3815211e-03
  -9.6665903e-01  -8.0051685e-01
  -1.8214316e+00  -1.3226509e+00
  -7.8766066e-01  -8.3330758e-01
  -9.6486425e-01  -1.0368595e+00
  -2.1563506e-01   9.5721778e-03
  -1.1728358e+00  -1.8155708e+00
   5.9466868e-01   5.1429936e-01
   6.6689322e-01   2.8854761e-01
   2.9352258e-02   1.1194160e+00
  -6.8191111e-01  -3.9763856e-01
  -1.9737063e-01   1.2061273e-01
  -1.0228137e+00  -2.0464295e+00
   1.7508480e-02  -2.5074974e-01
   4.6872664e-01   1.0617395e+00
  -1.1283691e+00  -1.3503101e+00
  -2.3726603e-01  -1.7040968e-02
  -2.8560610e-01  -9.4958451e-02
   1.5248730e+00   2.1551773e+00
   1.8251641e+00   1.8764162e+00
   1.3215478e+00   1.9223340e+00
  -3.9466358e-01  -5.8512325e-01
   5.3098005e-01   5.1103602e-02
   9.7505258e-01   8.7386300e-01
  -1.0072257e+00  -8.5049401e-01
  -4.8852856e-01  -4.2745815e-01
  -1.1136426e+00  -8.2173600e-02
   2.6626060e-01   6.5243172e-01
   4.8772682e-01   1.3862803e+00
   8.2173251e-01   1.2658203e+00
   2.7251904e-02   1.5896228e-01
  -8.0726894e-01  -3.8990718e-01
   8.0942679e-01   7.2524164e-01
  -7.2411678e-01  -5.3760425e-01
   1.2495084e+00   1.1079211e+00
  -1.1956593e+00  -1.1015849e+00
   1.6876878e-01  -1.3371849e-01
   4.6100183e-02  -2.5175422e-01
   2.6120436e-01   1.1627948e-01
  -7.3461188e-01  -1.0492540e+00
   1.2230863e+00   8.7650858e-01
  -1.3063511e+00  -1.8786864e+00
  -5.5826403e-01  -1.1860289e-01
   1.8220763e-01   9.4107043e-01
  -1.7953617e-01  -7.8208042e-01
  -1.5002285e+00  -8.2425087e-01
  -3.7641633e-01  -1.2266106e-02
  -1.0272542e+00  -1.7432412e+00
  -9.4971250e-01  -1.4154444e+00
   6.2340709e-02   5.9712228e-01
  -3.0103288e-01   1.0487333e-01
   2.0577107e+00   2.2463630e+00
   9.4066932e-01   7.6715104e-01
   9.7862990e-01   1.1208818e+00
   2.8338319e-01   3.4116655e-01
   8.2071905e-01   1.9495212e-01
  -1.2536279e-01  -4.6549225e-02
  -9.6089807e-01  -1.2033970e+00
  -1.6556195e+00  -1.9433012e+00
  -1.9503831e+00  -1.1027619e+00
   2.4525421e-01   5.0823046e-01
   2.3377936e-01   4.8742205e-01
   1.0095540e+00   1.4980759e+00
   1.0000177e+00   8.0060626e-01
  -2.6401369e-01   3.2405820e-01
   8.4785028e-01   1.6230545e+00
  -2.3374072e-01  -2.3423640e-01
   3.9459299e-02  -1.2078198e-01
  -4.4028854e-01  -7.8203861e-01
   1.3664528e+00   1.4420529e+00
   1.0850875e+00   4.0000871e-01
   1.4383223e-01   5.0942696e-01
  -1.1411042e+00  -7.9904107e-01
   5.5310306e-01  -8.1789021e-02
   2.8304722e-01   2.6389619e-01
   1.0147837e+00   1.7785868e+00
  -1.5982928e+00  -2.4637479e+00
  -8.8123458e-01  -1.0886727e+00
  -3.6616489e-01  -2.6040339e-01
   4.8710820e-01   3.3240488e-01
  -1.3627241e+00  -1.3812401e+00
   3.1705717e+00   3.3336217e+00
  -1.3328108e+00  -1.9491539e+00
  -2.8827276e-01   1.0454331e+00
  -9.3775372e-01  -1.5780789e+00
  -7.1736831e-01  -7.1764330e-01
  -5.3096507e-01  -8.2286694e-01
   1.1229092e+00   1.7405655e-01
  -1.1713154e+00  -1.4440695e+00
  -6.9644372e-01  -6.3399188e-01
  -1.5315641e+00  -1.6460662e+00
  -2.8582377e-01  -1.5480477e-01
  -7.6130781e-01  -6.1719664e-01
   1.4157535e+00   1.5632381e+00
   4.9403308e-01   7.1326082e-01
  -5.4690817e-01   1.2405390e-01
  -4.1706614e-01  -1.7161711e-01
   1.2955984e+00   5.1133642e-01
   1.3114432e+00   1.5797704e+00
   2.7731375e-01   4.3015060e-01
   2.9733443e-01   4.5460305e-01
   4.6428060e-01  -2.2375694e-01
   3.8720779e-01  -1.6226029e-01
   6.8138338e-01   7.6303757e-01
   2.1789579e-02  -3.6871185e-01
   6.8243348e-01   3.3534906e-01
   4.4358974e-01   2.7933171e-01
  -4.9973623e-01  -6.7497845e-02
  -8.1981765e-01  -1.0743153e+00
  -6.8731614e-01  -9.6774538e-01
   3.1938856e-01  -1.1235399e-01
   1.9079624e+00   2.4323290e+00
   1.1603260e+00   7.5770802e-01
   1.0413259e+00   1.3894151e+00
   1.4204758e+00   5.6226378e-01
   4.3554951e-01   1.1760231e-01
   3.8990970e-01  -8.9271340e-02
   7.2745126e-01   2.7454853e-01
   5.7511405e-01  -1.8719183e-01
  -1.4239768e+00  -3.2922251e-01
  -6.4221292e-01  -1.3769981e+00
   1.2246664e+00   6.6529549e-01
   3.6171506e-01   8.8539250e-01
  -6.1370907e-01  -8.4464281e-02
  -1.1020337e+00  -1.8914248e+00
   1.9904993e+00   1.9505639e+00
   4.7261250e-01   7.8503501e-01
   4.3106053e-01   4.2909148e-01
   1.4191095e+00   1.1786818e+00
  -2.3673580e+00  -2.4905755e+00
  -2.1663344e+00  -1.6748436e+00
  -1.6895418e+00  -1.2897971e+00
  -2.2052105e+00  -2.1482279e+00
  -8.1142523e-01  -1.4670933e+00
  -1.3603773e+00  -9.5111980e-01
   2.3354539e-01   8.4765947e-01
  -7.6297945e-01  -1.2933982e+00
   1.0584707e+00   3.9965234e-01
   1.5390598e+00   2.4277957e+00
  -1.8110278e+00  -8.7393482e-01
   3.6241989e-02   2.5528361e-01
   1.0007119e+00   1.5644748e+00
  -1.0235973e+00   1.3163377e-01
   5.8030891e-01   2.8306180e-01
  -9.5074305e-01  -1.2231827e+00
  -5.5161706e-01  -3.3464054e-02
  -1.6818654e+00  -1.1053001e+00
   5.0593053e-01  -2.3314048e-01
   8.8158053e-01   6.9240887e-01
   8.8869772e-01   1.0413652e+00
  -2.0544450e+00  -1.6413198e+00
   7.6285320e-01   1.0543073e-01
  -9.1654794e-01  -9.8165742e-01
   5.9620222e-01   1.5784439e-02
   1.0698397e+00   7.7859925e-01
  -2.4971731e-01  -9.1907643e-02
   3.5204749e-01   3.0427683e-02
   1.1841474e+00   1.5246879e+00
  -3.2211177e+00  -2.4083137e+00
   8.1443894e-01   6.3910460e-01
  -7.6393750e-01   3.3769253e-01
  -1.7087939e+00  -2.4424367e+00
   1.0509319e-02   9.2225410e-02
   1.5122561e+00   2.6686373e+00
  -1.5949934e+00  -2.0120818e+00
   2.0262317e+00   2.0142358e+00
  -4.1503310e-01  -1.6810788e-01
  -6.5539419e-01  -9.5096919e-01
   1.4480639e+00   1.4662218e+00
  -8.9765664e-01  -9.0666269e-01
  -3.9850003e-01  -6.2289452e-01
  -4.6679380e-01  -1.0781419e+00
   1.0826753e+00   1.6249535e+00
   9.6469130e-01   1.7228024e+00
   1.9231049e+00   2.0521007e+00
   1.0912114e-01   1.0363219e-01
   6.3211468e-01   8.0574771e-01
  -1.4408971e-01   6.2686584e-01
  -3.2844035e-01  -1.6824142e-01
   9.6078696e-01   1.0260274e+00
  -1.7350755e+00  -1.7425270e+00
   1.3293601e+00   1.4043654e+00
   1.3035076e+00   1.3341126e+00
  -1.4215053e+00  -1.4411595e+00
   1.0560833e+00   1.1759572e+00
  -6.8372506e-02  -6.9796772e-01
   1.8934956e+00   1.5887078e+00
  -1.3620389e+00  -1.6049121e+00
  -2.0469726e-01   3.6488997e-01
  -1.3556566e+00  -6.9118287e-01
   1.3327888e+00   1.2461275e+00
   1.0091008e+00   1.1548824e+00
  -5.4971791e-02   2.0888952e-01
  -2.0542508e-01  -8.6206861e-02
  -2.0049042e-01  -1.9484366e-01
   1.9733119e+00   1.5321320e+00
  -5.0273105e-01  -1.6708043e+00
   1.0418029e+00   1.5605139e+00
  -2.7662352e-01  -5.7255359e-01
  -1.5129958e+00  -1.5947119e+00
   5.3826340e-01   1.2956478e+00
  -2.4110176e+00  -1.1957472e+00
  -6.8976556e-01  -3.2287226e-01
   5.4956272e-01  -2.6044703e-02
  -3.2550598e-01  -6.8250500e-01
   1.1164735e+00   6.1118048e-01
  -8.4094988e-01  -8.1520394e-01
   1.8742751e+00   2.2719609e+00
  -3.3383542e-01  -2.7685297e-01
  -5.9321246e-01  -1.1820660e+00
  -9.9575289e-01  -1.0040773e+00
  -4.6605936e-01  -1.3010598e+00
  -3.4486220e-02  -3.9812012e-01
   1.7885390e+00   1.4081175e+00
   1.0975876e+00   8.8916339e-01
   6.0036098e-01   1.1361729e+00
   1.1834085e+00   1.3604594e+00
   1.5178895e+00   9.1464781e-01
  -3.4674542e-02   8.9227814e-01
  -5.5307490e-01  -1.2033155e-01
   2.8334180e-01   3.9759801e-01
   7.4203960e-01   3.3112076e-01
   1.3741810e+00   1.9805376e+00
  -2.0061560e-01  -1.9445876e-01
   4.0368590e-02  -4.7300711e-01
  -7.7068518e-01  -1.3952446e+00
  -1.5089358e+00  -8.8858105e-01
   8.0067930e-02   5.2485315e-01
   7.6008112e-01   1.1870405e+00
   5.0166582e-01   1.1879870e+00
  -7.0348894e-01  -9.0942563e-01
  -4.8102692e-01   9.2340743e-01
  -3.4489486e-01   2.7811157e-01
  -2.9089612e+00  -2.2486713e+00
  -1.8439702e+00  -1.9210944e+00
  -5.0464341e-01  -8.5187715e-01
   7.4815087e-02  -7.2875624e-01
   1.2162422e+00   1.3350023e-01
  -1.8496513e+00  -2.1807389e+00
   1.4906539e+00   1.8745453e+00
  -1.4530170e+00  -1.8982428e+00
   3.6085778e-01  -1.3971233e-01
   3.6324971e-01  -1.5702653e-01
  -7.3513464e-01  -8.1251241e-01
   5.5626240e-01  -2.7693594e-01
  -1.7341445e+00  -1.3973566e+00
   4.1534742e-01   2.9147537e-01
   1.1123193e+00   8.3027247e-01
   2.9761752e-01   3.3930842e-01
   8.9859793e-02  -2.9474350e-02
   6.2098896e-01   4.7835817e-01
  -1.6785917e+00  -1.3272869e+00
   1.2195388e-01  -5.2356006e-01
   1.4472108e+00   8.9778258e-01
  -1.1644631e+00  -1.1120930e+00
  -2.8688577e-01   2.6091721e-02
  -4.4582373e-01  -5.1926452e-01
   2.8334958e+00   2.0445381e+00
  -1.0430980e+00   7.7467108e-02
   4.3397847e-01   4.5328050e-01
  -2.1274740e-01  -2.0671382e-01
  -1.2342255e+00  -2.0654426e+00
  -7.4647926e-01  -5.4369886e-01
  -4.6623798e-01  -8.9219138e-01
  -1.7747322e+00  -1.6280583e+00
   1.0723577e+00   7.2139576e-01
   1.3212097e+00   9.7722172e-01
   1.1505997e+00   7.4639312e-01
   2.4663635e+00   2.6271561e+00
  -6.2266294e-01  -1.2557932e+00
   2.2824492e+00   1.8606998e+00
  -3.6596237e-01  -1.1737757e+00
  -2.2434600e+00  -1.5299375e+00
   2.9229003e-01   6.1440183e-03
   9.0252981e-01   7.2972374e-01
   1.1433656e-01   5.1575955e-01
  -9.8945481e-01  -8.6085992e-01
   8.0976076e-01   1.0000948e+00
   1.4021098e+00   1.9086261e+00
  -1.5206658e-01   7.5180780e-01
   1.2337951e+00   2.3552164e+00
  -4.8793852e-01   4.6539739e-01
   8.7203013e-01   5.3068443e-01
  -4.6264217e-01  -5.3968295e-01
  -7.0406809e-01  -7.7251741e-01
   8.0901210e-02   5.8549255e-01
  -4.6586575e-01  -3.5774331e-01
  -1.8490095e+00  -2.6615799e+00
  -1.0123302e+00  -1.1478304e+00
   4.0156787e-01   2.2228662e-01
   4.3042291e-01   2.1373182e-01
  -1.0377745e+00  -1.1949207e+00
   3.2801466e-02  -2.8296733e-01
   6.2672694e-01   7.2483256e-01
   1.2609050e+00   6.8794312e-01
  -6.2370912e-01  -4.9015925e-01
   9.7970675e-01   9.3636203e-01
   1.9332710e+00   1.2497217e+00
  -1.5975030e+00  -8.9488116e-01
   1.4927357e+00   7.2660237e-01
  -1.1371511e+00   1.5513848e-01
  -7.9140313e-01  -6.0662831e-01
   1.3626506e-01   4.9489817e-01
   6.9140263e-01   1.2845084e+00
   1.3201581e+00   1.0881110e+00
   9.5919648e-01   6.8817570e-01
   2.4969983e+00   2.8841250e+00
  -3.1482977e-01  -3.0538260e-01
   2.6163691e-01  -2.2828434e-01
  -1.0775887e+00  -2.1352134e-01
  -1.2758601e+00  -9.2091650e-01
  -8.5948642e-01  -6.3807356e-01
   3.6456061e-01   2.9976129e-01
  -1.5742987e+00  -7.7218259e-01
  -1.7745088e+00  -1.1058942e+00
  -4.6052127e-01  -2.4892515e-01
   1.3302433e+00   1.0358586e+00
  -5.9695999e-01  -1.0852123e+00
  -6.5413566e-01  -6.6059654e-01
   3.3863749e-01   6.1529999e-01
  -6.3676811e-02   9.8117391e-01
  -2.4237001e-01  -1.3193982e-01
  -6.4034514e-01  -8.3953105e-01
   5.7237031e-01   1.4746887e+00
  -4.4306885e-02   1.1631891e-02
  -2.6038220e+00  -2.1407770e+00
   1.1167916e-01   2.1081457e-01
  -1.0379182e-02   5.1769452e-02
  -7.0889333e-01  -5.7353611e-01
   1.6687113e-01  -1.0357532e-02
  -4.2795726e-01  -1.1277600e+00
  -4.5360335e-02  -6.4445948e-01
  -1.2116374e+00  -3.6840516e-01
  -1.1228138e-01  -4.3438780e-01
  -5.9429807e-01   5.5531041e-01
  -5.0413022e-01  -2.1449587e-01
   9.0980613e-01   1.4641528e+00
   7.4978786e-02  -1.5977559e-01
   2.2844668e-01   1.0605330e+00
   6.0506832e-01   3.5453912e-01
   8.1686515e-01   3.4164503e-01
   2.0255284e-01   1.9192060e-01
   1.5643185e-01  -5.6411106e-02
   1.2914698e+00   5.2307630e-01
   8.6455984e-01   8.3960419e-01
   1.0399585e+00   1.5785523e+00
   1.7519360e+00   1.1657217e+00
  -3.6180867e-01   1.7645510e-01
  -1.9591505e+00  -2.0764628e+00
   1.0796187e+00   1.7364418e+00
   4.8961687e-01   1.5288481e-01
   6.1272992e-01   6.6660250e-01
  -2.0313622e-02  -2.1191590e-01
  -9.4811307e-01  -9.7770821e-01
   4.7204177e-01  -5.2705928e-01
  -6.2234169e-02   2.6856597e-01
  -2.9940476e-01  -6.0592615e-01
  -1.5975262e+00  -1.1186830e+00
   1.2866371e+00   1.7581862e+00
  -1.5689012e-01  -4.2822110e-01
  -2.8286418e-01  -2.4559312e-01
  -1.2902725e+00  -1.6550766e+00
   7.2162635e-01   1.0880574e+00
   1.5214094e-01   2.7472284e-01
  -1.7541044e-02   2.2072393e-01
   3.1642343e-01   6.0385266e-01
  -6.2089679e-01  -8.4636200e-02
  -2.2092108e+00  -1.6552769e+00
  -4.5130951e-01  -2.4309534e-01
   1.8080120e+00   9.4870789e-01
  -1.4143334e+00  -1.2191111e+00
   1.6717513e+00   1.7317613e+00
  -3.0398702e-01   4.3759836e-01
   6.0706785e-01   7.1736412e-01
   4.8421271e-01   7.4228873e-01
   1.7397349e-01   4.6307687e-01
   3.5067593e-01   7.4706110e-02
   5.0436756e-02   6.0842055e-01
  -4.6078396e-02  -5.4818968e-01
   8.3652026e-01   3.4974708e-01
  -4.1656812e-01  -1.9586069e-01
   9.3668275e-01   8.7676349e-01
  -1.0845261e+00  -9.5901784e-01
  -3.3294023e-01  -3.2415477e-01
   1.6840850e-01   1.1295673e-01
  -9.5624665e-01  -5.6834401e-01
   8.4957429e-01   6.6316762e-01
  -9.1692711e-01  -2.6679203e-01
  -1.2165141e+00  -9.4198784e-01
   1.5728239e+00   1.3941665e+00
  -6.1926957e-01   1.3923624e-02
   1.7781265e+00   8.9491698e-01
   2.6232124e-01   9.6268428e-01
   2.6685098e-03   8.1293180e-02
   4.2912393e-01  -2.5239555e-01
   1.2131607e+00   1.4942520e+00
   1.1269314e+00   9.6318417e-01
   1.7264005e+00   2.6353904e+00
  -3.8254091e-01  -1.9744498e-01
   9.9144090e-02   1.3281613e-01
  -7.7513910e-01  -5.7869038e-01
   6.8171290e-01   6.8133135e-01
  -2.0205223e-01  -4.7962714e-01
  -7.7074691e-01  -1.4881750e+00
   4.1571130e-01   3.9594120e-01
   9.3330112e-01   1.2070353e+00
  -8.4525429e-01  -8.7398453e-01
   1.3179875e+00   1.6617862e+00
  -1.5973901e-01  -6.2789170e-01
  -2.0581888e+00  -2.0711988e+00
  -2.2426928e+00  -1.9511225e+00
  -6.4949160e-01  -9.9915596e-01
  -3.5090518e-01  -3.5279574e-01
  -1.7724152e+00  -1.6200468e+00
   5.5176941e-01   3.7660580e-01
  -3.3269626e-01  -5.7975073e-01
   6.5287883e-01   1.2748408e-01
   1.4415072e+00   1.1374653e+00
   2.1681211e-01  -2.2016880e-02
  -5.8644904e-01  -1.4443681e+00
   9.2592565e-01   1.0651004e+00
  -6.2770454e-01   2.9803120e-01
  -4.2914921e-01   3.5669807e-01
   1.1152536e+00   6.1504648e-01
   7.3852470e-03   4.1626608e-01
  -4.1489735e-01   4.7679018e-01
   6.5264299e-01   1.0599625e+00
   3.7533618e+00   3.5199061e+00
  -9.6505938e-01  -8.7407992e-01
   2.6422275e-01   8.6481431e-01
   1.3791679e+00   1.2477010e+00
   5.2226688e-01   6.3199625e-01
   1.0509301e+00   8.3112080e-01
   5.3590601e-01   3.1688742e-02
  -2.5182850e+00  -2.3595980e+00
   7.3337406e-01  -2.5167216e-02
  -1.5370919e+00  -1.9979976e+00
   1.0138706e-01   2.4115469e-01
  -3.3503298e-01  -8.3988361e-01
  -1.1860180e-01   5.4105586e-01
   8.6562182e-01   6.3483073e-01
   3.8003660e-01   7.3548768e-01
  -1.1807721e+00  -1.3745906e+00
   1.5105380e+00   8.3847898e-01
   5.1715519e-03   8.2798099e-01
  -6.6783096e-01  -5.4457450e-01
  -9.0397492e-02  -1.6452664e-01
   1.2445970e-01   1.0717398e+00
   6.4528682e-02   6.1700613e-01
  -1.0749954e+00  -2.0462512e+00
   1.1621442e+00   1.2255210e+00
   9.4393826e-02   6.6528304e-01
   1.3226850e+00   1.5691185e+00
  -5.1491574e-01  -5.4508821e-01
  -7.2894006e-01  -8.8081095e-02
  -3.4657364e-01  -2.8570843e-01
  -3.0099071e-01  -1.5587826e-01
   9.0107601e-02   5.6388293e-01
   1.7232444e+00   1.7287325e+00
   2.1840078e+00   2.2852774e+00
  -1.9659676e-01  -3.9796088e-01
  -1.7270962e+00  -1.5862090e+00
  -1.5456683e+00  -2.1076345e+00
   5.3094120e-02  -4.4402196e-01
  -2.2211161e-01  -2.3600802e-01
  -1.5548663e+00  -9.6717060e-01
   5.1065977e-01   6.5208830e-02
  -5.6343215e-03   2.2137003e-01
   1.1282352e-01  -6.4623414e-01
   1.3085032e+00   1.0945454e+00
  -1.2971371e+00  -1.6858021e+00
  -1.4396908e-01   2.7017968e-01
  -8.1928554e-01  -4.7916522e-01
   5.0243296e-01   2.8386397e-01
   1.4168366e+00   1.3148553e+00
   3.7773998e-01   3.0939531e-02
  -1.5791139e-01   5.2379903e-01
   8.9838358e-01   5.6995033e-01
  -7.6506469e-01  -6.0643493e-01
  -2.8379250e-01  -8.6527271e-01
   1.5857282e+00   2.4947995e+00
  -1.1658071e+00  -7.5419540e-01
   6.3179464e-01  -4.4872001e-03
  -9.2875935e-01  -1.6159568e+00
  -6.2457795e-01  -8.2670557e-02
  -1.0040481e+00  -8.5052195e-01
   1.7425045e-01   3.4599989e-01
  -2.3178569e-01   9.3412460e-03
  -1.8970671e+00  -1.1943022e+00
  -1.8685368e+00  -1.4873225e+00
  -1.9414733e-01  -7.4014299e-01
   4.0454473e-02  -2.5597275e-01
   1.2654207e-01   5.6772033e-01
   1.0825362e+00   6.9266127e-01
  -1.0071278e-01  -5.7085649e-01
  -1.4993865e+00  -8.9556851e-01
  -1.5703712e+00  -8.8396217e-01
   5.8324977e-01   6.7511132e-01
   6.5319949e-01   1.3415694e-01
   1.5935386e+00   8.6851592e-01
  -2.6260572e-01  -5.5524438e-01
  -1.3583311e-01  -5.6028733e-01
   6.9631273e-01  -3.2433681e-01
   6.7669319e-02  -9.1671034e-02
   2.9815828e-01   1.0055160e+00
   1.5684086e+00   7.0088137e-01
   1.0206687e+00   1.7701260e-01
  -1.8728064e+00  -2.0114688e+00
   9.4812422e-02  -1.1575521e-01
  -5.6016917e-01   9.6246373e-02
   4.3722406e-01   3.2073206e-01
   6.9739442e-01   1.1551329e+00
   3.6279855e-01   5.7607149e-01
  -4.9567970e-01  -5.0895342e-01
   4.3922919e-01  -1.1987516e-01
  -7.5650138e-02   6.7450959e-01
  -4.2690930e-01  -5.4608718e-01
  -2.4908935e-01   1.5684668e-02
   2.4174917e-01   3.6314662e-01
  -5.6899819e-01  -3.9884283e-01
   4.8294139e-01   3.2289533e-01
  -9.6059377e-01  -1.0576927e+00
   1.1585195e+00   8.9507311e-01
  -1.0867841e+00  -1.6053223e+00
   1.3408411e+00   1.3777757e+00
   7.4407436e-01  -1.1349852e-01
  -9.6144175e-01  -6.3079809e-01
  -1.8230224e+00  -1.4541539e+00
   1.6080778e-01   3.7651958e-01
  -8.6280428e-01  -1.1093066e+00
  -1.0768391e-01   1.5083685e-02
  -1.9591212e+00  -1.5293824e+00
  -1.4834543e+00  -1.0849219e+00
  -1.0308164e+00  -7.0774937e-01
   5.1578889e-01  -4.5722993e-03
  -1.9652046e+00  -1.1428817e+00
   2.1216334e+00   2.1564851e+00
   1.2828585e+00   4.8915570e-01
   1.1326568e+00   1.3783423e+00
   2.1069201e-02  -2.0106786e-01
  -2.7287326e-01  -1.8727465e-01
  -1.0332186e-01   6.8002803e-01
  -3.0752984e-01  -5.8051346e-01
  -6.0615408e-01  -1.0231506e+00
  -4.2378951e-01  -8.0757266e-01
   1.0807912e+00   6.1597967e-01
   8.5304598e-01   1.3577315e+00
  -7.5431134e-01  -5.4152172e-01
   1.5296033e-01   2.7177495e-01
   1.0902044e-01  -3.3189415e-01
  -3.6447650e-01   4.7892433e-01
  -1.2532085e+00  -1.7657939e+00
   9.9736249e-02   4.6155186e-01
   6.1533767e-01   1.5521978e+00
  -7.6973244e-01  -1.2412590e+00
   9.5182828e-01   1.4052656e+00
   7.9223632e-01   2.2176832e-01
  -1.5401762e+00  -1.3342407e+00
  -2.3372453e+00  -2.7208584e+00
  -3.0856177e-01  -1.3703983e-01
   4.8157217e-01   4.7507796e-01
  -1.4494509e+00  -7.5155911e-01
  -1.0525361e-01  -7.6953539e-01
   5.3032006e-01   1.3600945e+00
   3.7429710e-01  -4.2793172e-02
   8.0603217e-01  -7.7856760e-01
  -4.2094992e-01  -1.0998380e+00
  -1.4965214e+00  -1.5620246e+00
   1.5815109e+00   1.4470489e+00
  -1.5715763e+00  -1.6175818e+00
   1.0046342e-01  -6.2991303e-02
   1.5050700e+00   1.3797487e+00
   3.3222074e-01   6.1601825e-01
   7.8101453e-02   2.3685867e-01
   1.7028153e-01   6.1555667e-01
   5.2659448e-01  -1.1814170e-02
  -1.0103817e+00  -1.8639927e+00
  -5.6759517e-01  -3.7953545e-01
  -8.1508748e-01  -1.2588079e+00
   1.0054999e+00   3.0779919e-01
   8.6960969e-01   6.1638939e-01
   1.0776754e+00   1.0405282e+00
  -2.6685703e+00  -1.6217025e+00
   7.4660819e-01   6.3334419e-01
  -1.6441406e+00  -1.1231349e+00
   1.0453257e-01   1.3310674e-01
   5.4577431e-02   7.2574175e-02
   1.2933897e+00   2.8118181e+00
  -9.1709773e-01  -1.5484708e+00
   1.2589831e-01   8.9426177e-02
   6.0772267e-01   7.5197944e-01
  -2.6648322e+00  -2.1610122e+00
   1.9436742e+00   7.6465196e-01
  -2.0693842e+00  -2.2538939e+00
   1.9830963e+00   1.8568046e+00
   4.9043145e-01   4.1548303e-01
  -9.6711303e-01  -1.2522385e+00
  -8.7253413e-02  -2.4973209e-01
  -8.1470512e-02  -8.7203061e-02
  -2.5732217e-02  -8.2149265e-01
   5.7645024e-01  -2.5467131e-01
  -6.8455322e-01  -9.4787527e-01
  -8.3019199e-01  -7.6876431e-01
   1.9142188e+00   1.7110893e+00
   1.0896526e-01   5.0147914e-01
  -5.1825662e-01  -6.8826356e-01
  -2.2749204e+00  -2.2018426e+00
  -4.9786425e-01  -6.9041474e-01
   1.4429113e+00   1.5167444e+00
   2.1907626e+00   2.7040629e+00
  -1.0259478e+00  -1.6249500e+00
  -3.1924132e-01   2.4043686e-01
   8.7214496e-01   1.3819356e+00
  -1.6708496e+00  -1.1982633e+00
  -9.6790404e-01  -1.5435849e-01
  -2.1819884e+00  -1.4706157e+00
  -4.1700681e-01  -5.5296533e-01
   3.2201339e-01   2.8355283e-01
   6.6859747e-01   7.5943878e-01
   2.2803105e-02  -2.0561010e-01
   9.4116282e-01   1.5573072e+00
  -1.4150297e+00  -1.1272365e+00
  -1.7174131e-01  -4.3283168e-02
   2.4218397e-02  -3.5360079e-01
   9.1800071e-01   1.3776721e+00
  -1.2851988e+00  -9.5114181e-01
   5.2332359e-01   1.0348232e+00
   2.8800565e+00   3.3968846e+00
  -2.2352088e-01   5.8850246e-01
  -6.6893150e-01   8.7027051e-02
  -5.7943285e-01  -3.7120648e-01
   1.0947940e+00   8.5231050e-01
   4.1484769e-02  -2.1934719e-01
   1.4453777e+00   8.6442137e-01
   1.1755434e-01   2.8294694e-01
   9.8387441e-01   1.4626293e+00
   4.2212466e-01   4.0865885e-01
   1.2524761e-01  -2.3337429e-01
  -1.1306371e+00  -6.4456178e-01
  -4.4863850e-01  -3.6778511e-01
   1.3726506e+00   1.6611615e+00
  -3.6390632e-01   4.5932803e-02
   5.8863345e-01   6.9442717e-01
   2.7257643e-01   6.1213662e-01
  -5.4891060e-01  -5.7021328e-01
   1.4464669e+00   4.2701810e-01
   3.0817985e-01  -3.2981591e-01
   1.6817207e+00   1.3079487e+00
   7.1509993e-01   4.3138677e-01
   1.1690630e+00   1.3858574e+00
   8.6330140e-01   8.4068112e-01
   4.2135919e-01   1.3137036e+00
   3.0914956e-01   1.9990158e-01
   5.4713412e-01  -3.5937750e-02
  -8.6420165e-01  -4.6141367e-01
  -2.2829658e-01   1.4230860e+00
  -5.6404940e-01  -4.7495659e-01
   1.7584685e+00   1.7919740e+00
  -7.9296109e-01  -1.2058278e+00
  -4.7918048e-01  -6.5189644e-01
  -1.1815224e+00  -1.2347804e+00
  -1.9798124e+00  -1.0521551e+00
  -1.5565572e+00  -1.2087510e+00
   8.3209422e-01   1.3108314e+00
   5.2308851e-01   2.4604259e-01
  -1.2183506e+00  -1.6288456e+00
  -1.3147047e+00  -9.3274922e-01
   1.2136211e-02   1.7246188e-01
  -2.1733417e+00  -1.3859973e+00
   1.1354439e+00   9.0072525e-01
  -8.2264796e-01  -1.0775408e+00
  -1.3332072e+00  -1.5139908e+00
  -1.3244995e+00  -1.2852602e+00
  -2.1384670e-01  -7.4312393e-01
  -2.8866200e-01   5.1635799e-01
   2.0413868e+00   1.7702344e+00
   9.5513293e-01   6.5750710e-04
   5.1761923e-01   4.7768472e-01
  -5.5365438e-01  -7.1708766e-01
  -2.1253557e-01   2.3803939e-01
  -1.8568164e-01  -6.3325424e-01
  -1.8904079e+00  -2.4539702e+00
   2.0841498e+00   1.5873710e+00
   3.3585060e-01   5.1901673e-01
   9.3352836e-01   9.1450196e-01
  -4.6315218e-01  -8.7838437e-01
   2.3614888e+00   1.6774155e+00
   2.6844577e+00   1.7320471e+00
  -5.2559808e-01  -1.3661208e+00
   9.9915416e-01   1.1330614e+00
   2.2895473e-01  -7.1210995e-01
   3.5911515e-01   8.7224285e-02
   8.3691432e-01   1.3503077e+00
   1.0859028e+00   4.8924871e-01
   5.7393539e-01  -1.8098131e-01
  -6.2511116e-01  -8.3224278e-01
  -4.5454190e-03  -1.5012110e-01
   5.4364026e-01   1.2948798e-02
  -6.7630873e-01  -3.2405367e-01
   4.6609610e-01   9.0735928e-01
  -5.5360917e-01  -6.1562169e-01
  -7.2833019e-01  -6.6206758e-01
  -3.6251530e-01  -1.1028970e+00
  -5.6280867e-01  -7.4870653e-01
   1.3227617e+00   1.6050034e+00
   9.8045091e-01   1.1268112e+00
   6.1593261e-02  -3.3883798e-02
   2.5848606e+00   2.0245722e+00
   1.5919080e+00   8.5996033e-01
  -6.9984819e-01   2.1397161e-01
  -5.5968851e-01  -1.5380702e-01
   5.9438410e-01   1.7352648e-01
   1.2490554e+00   1.8938178e+00
  -1.1675418e+00  -1.3661724e-01
   7.4681113e-01   5.3763237e-01
   4.0410857e-01  -1.7440922e-01
  -2.0380510e+00  -1.5855089e+00
  -2.0206207e+00  -1.5873873e+00
   1.8291057e+00   2.1555275e+00
  -9.8969001e-01  -1.7016274e+00
   4.2538375e-01   5.5154349e-01
   1.0961764e+00   7.4974404e-01
   3.3435974e-01  -5.6809114e-01
  -6.6028429e-01  -8.6582080e-01
   3.6143040e-01   6.2375368e-02
   1.1621479e+00   1.1143437e+00
   1.6795376e+00   1.1950702e+00
  -5.1892052e-01  -9.0661938e-01
   6.7514534e-01   3.1314260e-01
   8.9308148e-01   1.2970747e+00
  -1.0828795e+00  -1.2130367e+00
  -8.3746246e-01  -1.3185897e+00
   2.5716471e-01  -5.5972297e-02
   1.8229751e+00   2.8023414e+00
  -8.2415388e-01  -2.9736829e-01
   2.0082786e+00   3.1016899e+00
  -6.3052948e-01   2.5572957e-01
  -1.4797198e+00  -2.6938371e+00
  -3.4524986e-01   2.1768938e-02
  -3.8274543e-01  -1.5954235e-01
   2.3002703e+00   2.3843944e+00
  -1.0756644e+00  -1.3881392e+00
  -1.4940616e+00  -1.2632461e+00
  -1.1399223e+00  -1.6875978e+00
   9.8482929e-01   4.8249945e-01
   4.7826955e-01   8.3214939e-02
  -2.5002306e+00  -2.0485636e+00
  -3.5183500e-01   3.0173145e-01
  -2.3677886e-01  -2.0021513e-01
  -1.4688914e+00  -1.5507324e+00
  -2.9713776e-01  -2.2347684e-02
  -1.0466830e+00  -7.8655806e-01
   1.1679226e+00   9.2607492e-01
  -1.0992516e+00  -4.3389468e-01
  -1.1233553e+00  -4.0893728e-01
   1.5951501e+00   1.5978190e+00
  -4.5457575e-01  -4.3230835e-02
  -7.2345574e-01  -5.3306024e-01
  -1.0704718e+00  -1.9574233e+00
   2.4687310e-01   6.7448732e-01
   9.3696909e-02  -6.4072134e-02
   2.6266477e+00   2.7436675e+00
   1.0338861e+00   1.7049477e+00
  -1.0911942e+00  -1.1522490e+00
   1.2733633e+00   1.2576096e+00
  -1.3130090e+00  -1.7763552e+00
  -1.5286393e-01   4.3887813e-01
  -1.5412492e+00  -3.7459801e-01
  -4.3579787e-01   5.9644020e-02
   6.4747115e-01   8.9103276e-01
   2.2441253e-02  -7.4969975e-01
  -4.1651140e-01  -2.4239858e-01
  -5.9347135e-02   7.1147567e-02
   6.4603318e-01   5.1044621e-01
  -1.2356065e-02  -3.0817841e-01
   5.8293204e-01   9.3712164e-01
   1.5592235e-01   2.2226853e-01
   5.4348835e-01  -3.4499373e-01
   1.4391469e+00   5.9283198e-01
   8.6349683e-02  -4.7905201e-01
   7.4364851e-02   3.7622174e-01
  -3.6618653e-02  -1.0974433e+00
  -7.2095319e-01  -1.1864481e+00
   3.9217466e-01   4.1894292e-01
  -2.0835556e-01   5.5672641e-01
   4.7604028e-01   8.2721748e-01
  -1.0403755e+00  -1.4515775e+00
  -2.0633451e+00  -1.9047411e+00
   3.1539951e-01   1.3921570e-01
  -5.3759129e-01  -4.3302797e-01
  -1.7965418e-01  -5.3905745e-02
   1.4248903e+00   7.7872808e-01
   1.4580363e+00   1.0937166e+00
  -5.2585418e-01  -7.8904787e-01
  -1.4891871e+00  -1.0497734e+00
  -2.9170299e-01  -8.9330061e-01
   5.0960407e-01   1.1050251e-01
  -8.8264083e-01  -6.8848366e-01
   4.7816454e-01  -8.3103088e-01
   5.7417151e-01   1.6334787e+00
  -9.0978680e-01  -5.5318250e-01
  -1.6848679e+00  -2.0617003e+00
   8.7233653e-01   4.2292948e-01
   3.4661761e-01   7.0296634e-01
   6.8937327e-01  -1.0115161e-01
  -8.0786103e-01   2.8373562e-01
  -3.9799381e-01   3.4013575e-01
   8.2269018e-01   4.7348869e-01
  -9.7709017e-01  -1.5881605e+00
   9.6603210e-02  -8.0955548e-01
   5.9263607e-01   1.4379822e+00
  -1.7300707e+00  -6.3669146e-01
  -1.3297036e+00  -1.7986557e+00
   1.9400277e+00   1.0101036e+00
  -1.7852045e+00  -1.6875494e+00
   1.7052303e+00   1.7539481e+00
  -9.6371417e-02  -5.9262035e-01
  -6.3298180e-01  -8.4958723e-01
  -1.1522733e+00  -8.9411990e-01
   9.2949103e-01   7.4433379e-01
   1.1105344e+00   6.3319223e-01
  -7.8499355e-01  -3.1001436e-01
   2.2262314e+00   1.6756886e+00
  -2.3526056e+00  -1.9293074e+00
  -1.0927533e+00  -2.2863970e+00
  -1.3204428e+00  -1.8327185e+00
  -1.0700780e+00   1.9246320e-01
  -1.6161373e-01  -8.7817105e-02
   8.8897071e-01   1.0107729e+00
  -3.2770044e-02   3.5490026e-01
   1.7946292e-01   2.8059683e-01
   9.0285320e-01   6.3275670e-01
  -1.6397629e-01  -1.6209253e-02
  -2.0300801e-02   4.0586530e-01
  -6.7676474e-01  -4.7682093e-01
   1.3268468e-01  -4.5607628e-01
   2.0434271e+00   2.4169709e+00
  -5.3479543e-01   3.8603934e-01
  -7.1617217e-01  -9.4364327e-01
  -2.9961946e-01  -1.0886686e+00
   2.0727750e-01   3.8899021e-01
   5.7514003e-01  -6.6790130e-01
  -6.1044943e-01  -2.2376342e-01
   8.1233317e-01   1.0065647e+00
  -8.3360647e-01  -9.4703853e-01
  -2.0564700e+00  -1.9473539e+00
   8.4698553e-02  -6.1139480e-01
   1.5300873e+00   1.8074565e+00
  -2.7009521e-01  -8.2963475e-01
