   1.7339943e+00  -1.9364729e+00
  -1.1171518e+00   1.1559590e+00
   2.5562940e-01  -5.7158110e-01
  -3.7557630e-01   4.0522403e-01
  -1.0849911e+00   1.1550514e+00
  -2.4879929e+00   2.5020350e+00
   1.2570909e+00  -1.1149696e+00
   1.4714225e+00  -1.2952976e+00
   4.8636740e-02  -4.2277170e-01
  -8.2608181e-01   2.4146785e-01
  -1.3025270e-01  -6.8482323e-01
  -4.1008045e-01   7.5682433e-01
   9.6617481e-01  -8.7911015e-01
   1.4023913e-01   1.1452002e-01
  -8.8352935e-01   1.7134475e+00
   9.4955537e-01  -9.6478391e-01
  -2.7528041e-01   2.1114141e-01
   6.7593220e-01  -3.6420117e-01
  -7.7561817e-01   6.5027917e-01
  -1.7405415e+00   1.7684460e+00
  -5.1193053e-01   5.8005761e-01
   1.1812987e+00  -1.5630458e+00
   1.7132056e+00  -1.4228907e+00
  -1.8361145e+00   2.4217639e+00
  -1.7783353e+00   1.8181132e+00
   4.7310673e-01  -1.7812896e-01
   1.5259511e+00  -1.9854856e+00
  -3.1548043e-01   4.9144521e-01
   4.9946175e-01  -2.0344666e-01
  -1.5492392e-01  -2.0166809e-02
   1.6559016e+00  -1.4469880e+00
   6.9941484e-01  -9.6232493e-01
  -1.1448690e+00   1.0192304e+00
  -5.7921727e-01   7.9613186e-01
   1.2255828e+00  -1.3149429e+00
  -5.1432304e-01   1.1618614e+00
  -2.6275976e+00   2.2278398e+00
  -8.9885859e-02   3.9171749e-01
  -6.3811413e-03   5.1173987e-01
   2.0382637e+00  -2.2909129e+00
  -1.9759869e+00   1.8862995e+00
   3.1063887e-01   3.4650666e-02
  -9.1406935e-01   1.2048274e+00
  -1.7495058e+00   2.8018947e+00
  -1.0409508e+00   8.8790216e-01
  -1.6215473e+00   1.2550195e+00
  -8.8596430e-01   1.4303713e+00
   1.0646610e+00  -9.5157341e-01
  -1.2882274e+00   3.4500673e-01
   6.9785225e-01  -6.3076354e-01
   7.5390645e-01  -8.3527130e-01
  -1.5263876e-01   1.3808062e-01
   3.1627681e-01  -4.3018321e-01
  -2.8769898e-01   4.8418289e-01
   8.9138390e-01  -7.7753584e-01
  -4.2714897e-01   4.0930074e-01
   7.4084101e-01  -2.6710460e-01
   1.6805923e+00  -1.7502043e+00
  -9.0654629e-01   7.0939643e-01
   9.3118254e-01  -4.8453036e-01
   1.2310075e-01  -8.0183013e-01
   1.7123563e-01  -6.7393662e-02
   3.0993958e-01   1.4765716e-01
  -1.2298849e+00   1.2486060e+00
   1.4505834e-01   4.3559067e-01
  -5.3438617e-01   7.8252152e-01
   6.3552785e-01  -7.8087815e-01
   7.0838704e-01  -4.0571784e-01
   1.5657720e-01   2.8713716e-02
  -1.3647407e+00   1.5148768e+00
   8.7741644e-01  -1.4141337e+00
  -7.8907566e-01   1.1424061e+00
   8.7887277e-01  -1.1940855e+00
   1.3090419e+00  -7.7403022e-01
  -3.9998846e-01   4.4110068e-01
  -5.8597985e-02  -1.3091440e-01
  -5.7572678e-01   9.2619729e-01
   1.3168069e+00  -9.6826716e-01
  -3.5205087e-01  -5.8807663e-01
  -8.3098258e-01   1.0046995e+00
  -5.9339389e-01   2.1791343e-01
  -6.9483435e-01   6.4384162e-01
   1.3711711e+00  -1.5058923e+00
  -5.9411388e-01   3.3073097e-01
   1.3147840e+00  -8.4154934e-01
   5.6717536e-01  -6.5409110e-01
   1.3167709e+00  -1.2155011e+00
   5.9245488e-01  -1.0916417e+00
  -2.7229527e+00   2.9667818e+00
   1.0183985e-01  -3.9667490e-01
  -4.8078227e-01   6.8508225e-01
   1.1655877e+00  -6.0810011e-01
  -5.2227218e-01   1.8643925e-01
  -8.1390815e-01   1.1799144e+00
  -4.6382834e-01   1.8597224e-01
  -7.4643316e-01   6.0587140e-01
  -2.9365135e-01   3.4175145e-01
  -1.4540645e+00   6.0840906e-01
   1.1237668e+00  -1.4380956e+00
   1.4892868e+00  -9.9050181e-01
  -6.0359034e-02  -7.1963967e-02
   1.0185427e+00  -8.2218701e-01
   1.5192388e-01  -2.4474237e-01
  -2.1724998e-01  -1.2274404e-01
   1.3259912e+00  -1.1746458e+00
   1.7242200e-01  -4.5582768e-02
   1.5769127e+00  -1.4049393e+00
   7.2699484e-02  -1.2072922e-01
  -1.1026682e+00   1.2153398e+00
   1.6991633e+00  -2.0076942e+00
   1.9230823e-01   1.0954334e-01
  -1.3360703e+00   8.5049531e-01
  -1.2501858e+00   1.0011930e+00
   9.5329782e-01  -1.5564875e+00
   2.0867060e+00  -2.2130863e+00
   9.4038546e-01  -4.5537245e-01
  -3.3919760e-01   1.1022439e-01
  -4.2311534e-01  -8.0240197e-03
  -7.3449651e-01   6.1896127e-01
  -1.5265197e-01   3.6978200e-01
   1.0159022e+00  -1.0887526e+00
   5.8132551e-01  -6.3104978e-01
   4.3350490e-01  -1.1003167e+00
  -2.0828575e+00   2.4637986e+00
   1.9594007e-01   8.0346758e-02
   7.6414495e-01  -4.2905598e-01
   3.8778102e-01  -4.3863134e-01
   1.9805176e-01  -3.0085216e-01
   8.2870808e-02  -8.6806136e-01
  -1.1510730e+00   1.5089072e+00
   1.0959228e+00  -5.5146406e-01
   2.2558010e+00  -1.4732280e+00
  -3.4876646e-01   5.3053050e-01
   4.8871657e-01  -3.0025044e-01
  -1.0157298e-02  -3.4910437e-01
  -3.1068340e-01   1.7806514e-01
   3.8088009e-01  -2.9371012e-01
  -1.5285285e+00   1.8202587e+00
   2.7505473e-01  -1.5049081e-01
  -4.2337210e-01   6.6179131e-01
  -1.0039169e+00   1.2269031e+00
  -1.6711313e+00   1.2487311e+00
   7.2933255e-01  -8.2810688e-01
   1.3109215e+00  -4.1000186e-01
   5.9061184e-01  -1.3357955e-01
  -9.2270526e-01   9.3483379e-01
  -1.3022109e+00   1.8728862e+00
   7.6109814e-01  -2.2816299e-02
  -6.2546126e-01   3.4793668e-01
  -8.8299095e-01   1.0869976e+00
  -3.6061327e-01   3.6236650e-01
  -6.1260007e-01   8.8733135e-01
   1.5996436e-02  -2.0385819e-01
  -7.5101445e-01   5.3699019e-01
  -3.8600354e-01   3.8510473e-01
   1.1972378e+00  -1.0394356e+00
   4.7722320e-02   4.8671937e-01
   4.5229274e-01  -7.7176532e-01
  -1.7454577e-01   6.5948863e-01
   5.2043035e-01  -1.8209190e-01
  -5.0369968e-01   4.6949163e-01
   4.2958051e-01  -1.6976768e-01
  -4.2417111e-01   1.0497555e+00
  -5.2429374e-01  -2.6236632e-02
   8.8726888e-01  -9.6930656e-01
  -5.8187349e-02  -1.7418237e-01
  -7.1321506e-01   9.0569833e-01
   5.9568656e-01  -4.5348403e-01
   3.1234675e-02  -3.6990086e-01
  -1.3391589e+00   7.0358205e-01
   9.6409896e-02  -8.5623996e-01
   4.1721741e-01  -6.6685121e-01
   6.7195048e-01  -1.0429171e+00
   4.3234158e-01  -2.1196891e-02
   2.2531071e-01  -3.4366855e-01
   4.2699276e-01  -1.0132074e+00
  -3.8283021e-01   5.5294548e-01
  -1.4034112e+00   1.9592761e+00
   2.1839922e-01   5.3585902e-01
   9.9434483e-01  -1.0614428e-01
  -2.5986274e-01   5.5972113e-01
   7.7823138e-01  -4.7423063e-01
   3.1106041e-01  -7.4977218e-01
   2.9805795e-01  -3.1474849e-03
   1.1559101e+00  -7.9303232e-01
  -6.0024697e-01   8.7849477e-02
  -8.0317212e-01   3.4476006e-01
  -3.7437500e-01   5.2757267e-01
   6.1806765e-01  -8.0502809e-02
  -6.2906476e-01   4.8651019e-01
   6.7868533e-01  -1.9892349e-01
   6.9257533e-01  -5.8248800e-01
  -7.2371938e-01   9.7053262e-01
   1.2770366e+00  -9.3502212e-01
  -3.9006617e-01   4.7501148e-01
   2.4168785e-01   1.5567916e-01
   5.9447612e-01   3.5230560e-01
   2.2682548e-01   6.1123658e-01
   1.1708888e+00  -1.8182283e+00
  -5.5529481e-01   2.1723298e-01
   4.9063588e-02   1.7958819e-01
  -3.4941310e-01  -1.2244684e-01
   1.6215829e+00  -1.5755620e+00
  -6.9247866e-01   7.2859209e-01
   4.1419286e-01  -5.6668036e-02
  -1.3082927e-01   6.7278056e-01
  -1.1115022e+00   1.6675273e+00
  -6.5632424e-02   1.6288087e-01
   3.8432100e-01  -3.0243112e-01
   7.8209454e-01  -5.9039602e-01
  -1.8457398e+00   2.0322552e+00
  -7.7306480e-01   8.6901974e-01
  -2.1886849e-02   7.7911388e-02
  -2.1815967e+00   2.5810580e+00
  -9.2753362e-01   9.4577349e-01
  -1.8524489e-01   1.7504084e-01
  -5.6117814e-01   1.9205463e-01
  -1.7828060e+00   1.7363820e+00
  -5.7776578e-03  -2.1059478e-01
   9.3936070e-01  -1.3434550e+00
   1.1667534e+00  -9.0014641e-01
   1.2050185e+00  -9.3494803e-01
   3.6210403e-01  -6.2069418e-02
  -1.3572908e+00   1.8001806e+00
  -2.0863030e-01   4.1924505e-01
  -1.0481730e+00   1.0579777e+00
   1.6481696e-01  -7.1091797e-01
   1.1896471e+00  -1.8685424e+00
   1.2530062e+00  -1.3869652e+00
   1.1687617e-01  -6.8341314e-01
  -1.5273939e+00   1.0909104e+00
  -2.2189102e-01  -2.9732669e-01
   1.6518535e+00  -1.7380953e+00
  -1.3691602e+00   9.9472182e-01
  -1.1562108e+00   9.2692193e-01
   3.9781373e-01  -8.5747406e-01
  -6.4624865e-01   6.2291821e-01
   4.8835211e-01  -5.2219760e-01
   2.1708358e+00  -1.8536391e+00
   9.4092828e-01  -6.8890834e-01
  -5.8964282e-01   4.4878681e-01
  -7.2047292e-01   1.9146569e-01
  -1.1529804e+00   1.4527296e+00
   1.2114839e+00  -1.1574889e+00
   8.5740651e-02  -2.1190248e-01
  -1.7853293e-01   8.0931231e-01
   2.7159766e-01  -8.3123791e-02
   1.4466241e-01   7.8987647e-01
  -4.6198599e-01  -5.6404156e-02
   7.5959834e-01  -6.7850486e-01
   1.5869293e+00  -2.2067895e+00
  -2.7393372e-01   5.9752239e-01
  -3.5082795e-01   1.4778681e-01
  -2.2866051e-01   5.0029884e-01
  -7.3490793e-02   1.9376546e-01
   5.9577324e-01  -4.5381221e-01
   1.7648561e-01  -7.3008672e-01
   1.3252994e+00  -1.9853012e+00
   1.3663783e+00  -1.0453058e+00
   9.7358595e-01  -6.5556283e-01
   2.6820765e-01  -3.3497013e-03
  -5.6096405e-02   1.4778128e-02
   6.8190214e-01  -1.3592178e+00
   1.0825236e+00  -7.5707472e-01
  -1.2185667e-01   3.0880683e-02
  -1.2030270e+00   1.1477828e+00
  -1.4584298e+00   7.4357243e-01
  -7.3828841e-01   5.8729513e-01
  -1.0786483e+00   3.1824377e-01
  -7.3020117e-01   7.6431368e-01
  -2.7716143e-01  -4.2902627e-01
   8.1607149e-01  -1.2626736e+00
   1.1017266e+00  -9.9247443e-01
  -1.9586356e+00   1.7793354e+00
   7.1677922e-01  -5.8838180e-01
   7.5917793e-01  -9.6712630e-01
  -1.3976500e+00   9.7088651e-01
  -2.1272153e+00   1.9229808e+00
   1.1309422e+00  -1.3777433e+00
  -5.2380937e-02  -2.5071832e-01
   6.1414145e-01  -4.8599678e-01
   8.3194486e-02  -1.0012554e-02
  -1.7977964e+00   1.5802083e+00
  -3.1963176e-01   2.1351249e-01
  -8.3208620e-01   7.0343368e-01
  -1.4386302e+00   1.3670648e+00
   4.3069643e-01   1.0717399e-01
  -6.3007362e-01   7.9212087e-01
  -5.1610124e-01   3.3034329e-01
   4.7188078e-01  -1.4948063e-01
  -6.0041538e-01   7.3499955e-01
   3.7828773e-01  -2.1421259e-01
   6.0586569e-01  -1.7862246e-01
   3.4477768e-01  -1.4767143e-02
  -8.7737618e-01   5.6798712e-01
   1.8494609e+00  -1.8699333e+00
   5.2781056e-01  -4.3200637e-01
   5.7748618e-01  -7.4274348e-01
  -3.6761193e-01  -1.5901482e-01
  -4.5555035e-01   3.4962761e-01
   1.0877833e-01  -1.0131162e-01
   3.2444924e-01  -8.5891966e-01
   6.0624107e-01  -2.9671550e-01
  -6.0075162e-02   5.3554466e-01
  -1.1762400e+00   1.3232317e+00
   1.3426054e+00  -1.8514247e+00
  -1.5460497e+00   1.1880013e+00
   4.6181724e-01  -1.0077034e+00
  -2.8072266e-01  -1.2890589e-01
  -8.0072193e-01   7.1706042e-01
  -6.0914927e-01   8.2585720e-01
   8.3888903e-01  -2.3894598e-01
   1.5227870e+00  -9.1940665e-01
  -5.5278190e-02   1.8190480e-01
   3.6312823e-01  -1.6001920e-01
   7.1673837e-01  -7.1218901e-01
   1.4740805e-01  -5.3322681e-02
  -1.5394187e+00   1.6248718e+00
  -8.4558910e-01   7.7199990e-01
   1.6820915e+00  -2.4365424e+00
  -1.1084919e+00   5.7276531e-01
  -6.7722977e-01   5.3408588e-01
  -2.2016111e+00   2.2552803e+00
  -1.2831236e+00   1.1516567e+00
  -4.7903951e-01   1.1059564e+00
  -1.2235671e-01   3.4269932e-01
  -7.9372879e-01   9.7842393e-01
   3.0593220e-01   2.8331417e-01
  -1.8925211e+00   1.6717878e+00
   1.5542479e+00  -2.1247021e+00
  -2.1896235e+00   2.2645254e+00
  -9.8311720e-01   1.3605226e+00
   1.3374787e+00  -1.3381816e+00
  -3.4411090e-01   1.8424801e-01
  -1.3779560e-01   1.8308976e-01
  -1.0450993e+00   8.3018207e-01
   3.4703822e-02   5.7165022e-01
  -1.0650503e+00   1.0342128e+00
  -6.6982883e-01   8.1229131e-01
   1.3687713e+00  -1.2826543e+00
  -3.0733529e+00   3.3106402e+00
   8.9531792e-02   4.5210080e-01
  -6.2314757e-01   2.6597731e-01
  -6.2573281e-02   6.1699952e-01
   3.5641502e-01   8.0535525e-02
  -4.4139349e-01   6.6524290e-01
   1.4868694e+00  -1.1801948e+00
   6.7756051e-01  -8.3046324e-01
  -2.2319125e-01   8.1066110e-01
   5.8817575e-01  -5.4309854e-01
   5.7437294e-01  -3.1430583e-01
  -1.6930113e+00   1.5396840e+00
   4.1105164e-02  -1.0688482e+00
   6.1081499e-01  -4.5184192e-01
   1.0672822e-01  -2.6181100e-01
   3.1063311e-01   5.1486947e-04
  -2.6277034e+00   2.8155131e+00
   7.0023563e-01  -1.3797464e+00
  -2.5828030e-01   4.3101069e-01
  -7.4752279e-01   3.0997709e-01
   6.5694297e-01  -6.8010354e-01
   1.2471309e+00  -1.3747984e+00
  -5.2848274e-01   5.2004057e-01
   5.7153524e-01  -1.2443392e+00
   1.5492349e+00  -7.9806929e-01
   6.7385365e-01  -3.4688336e-01
  -5.1763439e-01   2.6243622e-01
   1.1505542e-01   6.0924023e-01
  -1.1314881e+00   1.3593330e+00
  -2.2824948e-01  -7.6664308e-03
   3.6096445e-01  -5.6961031e-01
   4.1858095e-01   1.3598598e-01
  -2.8049527e-01   3.3393031e-01
  -5.2988866e-01   1.3891101e+00
   1.6186876e+00  -1.6524884e+00
  -9.0777124e-02   5.0218157e-02
   4.1815057e-02  -4.7653692e-01
   1.9891866e+00  -1.8851842e+00
  -1.1984144e+00   1.4953894e+00
   1.6114097e+00  -2.3133728e+00
  -1.2462629e+00   1.0641354e+00
  -1.7893168e+00   1.3043383e+00
   1.3428961e+00  -1.4648019e+00
  -4.0154785e-01   6.0921845e-01
   8.2936454e-01  -7.7152304e-01
  -4.0203610e-01   4.6642438e-01
  -6.7280576e-01   8.4100270e-01
  -1.0340532e-01  -2.5483822e-02
   8.8364605e-01  -1.4845161e+00
  -1.1600745e+00   1.2499628e+00
  -2.2555073e+00   2.4861673e+00
   2.8465158e-01  -8.6802453e-01
   1.1995514e+00  -1.0445402e+00
   4.5068848e-01  -3.8950943e-01
   9.5908860e-01  -6.5289777e-01
   1.7159650e+00  -1.8023724e+00
   5.3095559e-01  -5.2157515e-01
   1.1828670e+00  -1.0200963e+00
  -1.3515381e-01   7.7994096e-01
  -1.4207669e-01   5.7073952e-01
   5.7071876e-01   7.4691011e-02
   1.4537337e+00  -1.2958816e+00
   1.8729067e+00  -1.3300518e+00
   3.7812622e-01  -6.5408199e-01
   4.4503213e-02  -6.3725375e-01
   3.9812131e-01  -2.2698890e-01
   6.5680584e-01  -4.6294439e-01
  -9.1217371e-02  -1.9235835e-01
   8.3763210e-02  -6.7365641e-01
   1.1681873e+00  -1.3238609e+00
   1.0740778e+00  -7.0198165e-01
   1.1243058e+00  -1.0178305e+00
  -5.9667054e-01   7.8781455e-01
  -2.8306700e-01   4.6356719e-01
   3.0974441e-01  -6.4186451e-01
  -1.3887034e+00   1.4549099e+00
  -4.7119439e-01   8.9153531e-02
   4.9523528e-01  -8.3000392e-01
  -2.0923537e+00   2.3906489e+00
   1.4204321e+00  -1.2912389e+00
   1.4805751e+00  -1.7819370e+00
  -1.4521348e-01   1.8785039e-01
  -1.6511586e-01   4.7055085e-01
  -3.8092090e-01   5.4537566e-01
   4.2874970e-01  -4.0005268e-02
   2.2975554e-01  -9.0850805e-01
  -5.0444368e-01   5.2445973e-01
   1.8238526e-01   1.4413508e-01
   6.2886442e-01   2.3793439e-01
   9.9873674e-01  -1.6629371e+00
  -1.0520109e+00  -4.2061970e-02
   5.8552069e-01  -3.7623425e-01
  -1.1087015e+00   1.0861276e+00
   1.3893668e+00  -1.5841460e+00
   3.3481301e-01  -3.5676252e-01
   3.0873716e-01   8.2525248e-01
   6.6532594e-01  -1.2095929e+00
  -4.8610868e-01   2.1922520e-01
   1.0641641e+00  -3.8351534e-01
  -6.0551999e-01   8.2657236e-01
  -1.6568767e+00   1.5443283e+00
   3.7668671e-01  -7.9770676e-01
  -9.8190818e-01   3.4574517e-01
  -6.1853224e-01   1.0156966e+00
  -1.8550043e+00   1.0494535e+00
  -1.0034989e+00  -4.0969830e-01
   1.6498707e+00  -2.3766548e+00
   3.7425523e-01  -4.2284063e-02
   3.9670898e-01  -1.2174494e-01
  -9.3457315e-01   7.5000423e-01
   1.0045893e+00  -8.7426389e-01
  -1.6102525e+00   1.0415900e+00
   2.2405307e+00  -2.4649729e+00
   3.7665793e-01  -2.7949597e-01
  -2.1594816e+00   2.2596322e+00
  -4.0427783e-01   3.8491571e-01
  -1.7893397e-01   4.6867717e-01
   8.8205576e-01  -9.9698899e-01
  -1.3955677e+00   1.1349618e+00
  -3.1824877e-01  -5.7141343e-02
   6.9471644e-01  -1.8167554e-01
   1.6705983e+00  -1.0601211e+00
   1.0159216e+00  -5.0896157e-01
   1.1314873e+00  -2.8046387e-01
   4.3962547e-01  -1.3646906e-01
  -1.5765429e+00   1.6678411e+00
  -4.3758879e-04   2.6068559e-01
  -1.1985986e-01   7.4215868e-01
  -2.8112859e-01   1.1922168e-01
   1.5806879e-01   1.4975765e-01
   3.0287010e-01  -6.2215697e-01
   7.7541509e-02  -3.7052514e-01
  -2.2938779e-01   2.8598939e-01
   1.0775392e+00  -5.4824896e-01
   1.8980328e+00  -1.7842458e+00
   2.1259931e-01   1.3390935e-01
   9.6095530e-01  -1.4958973e+00
  -7.1695631e-01   1.3005870e+00
  -1.1708271e+00   1.3438090e+00
  -1.0411091e+00   8.1396901e-01
   1.1240847e-01  -4.4222336e-01
   1.0718918e+00  -1.4679934e+00
   8.9297429e-01  -4.3214885e-01
  -1.1893894e+00   1.8332169e+00
  -4.9008344e-01   4.9558872e-01
  -1.3310380e+00   1.3847249e+00
  -1.0474828e+00   1.2298484e+00
  -2.4759637e-01  -3.2751280e-02
   5.4526910e-01  -7.9168096e-01
   9.5473667e-01  -6.1969696e-01
   1.5096525e+00  -1.5493133e+00
   9.9501853e-01  -7.0920340e-01
   5.2279739e-02   3.7383007e-01
   1.8359750e+00  -2.0696201e+00
   4.5833034e-01  -2.1711784e-01
   1.4562617e+00  -9.4655063e-01
   6.0937042e-01  -5.0228760e-01
   3.4076207e-01   1.7456659e-01
  -2.5376485e+00   2.1887111e+00
  -2.7364641e-01   4.1621691e-01
   5.2964300e-01  -1.4723834e-01
   1.0173923e+00  -7.8316159e-01
  -6.4173713e-01   5.8869577e-01
   5.8908410e-01   6.7373570e-02
  -1.5055392e-02   1.0057044e-01
   9.5138475e-01  -6.1082104e-01
  -1.8134481e+00   1.7081862e+00
  -4.2682157e-01  -3.9269118e-01
   1.7925474e+00  -2.1958060e+00
   3.1593585e-01  -8.9249400e-01
  -5.8130418e-01   4.2802977e-01
  -1.1013211e+00   8.5883908e-01
   1.2562182e+00  -1.0286276e+00
   5.6729377e-01   3.2640722e-01
  -6.0408554e-01   4.6289619e-02
   4.8445363e-02   6.8975119e-02
  -1.2494221e+00   1.0483000e+00
  -3.4895016e-02  -5.2096971e-01
  -2.3769714e-01   1.3251507e-01
   4.1825440e-01  -2.3091813e-01
   1.1845386e+00  -1.7237177e+00
   2.5214053e-01  -2.0085241e-02
  -3.0617429e-01   7.0069511e-01
   9.0546505e-01  -7.1617999e-01
  -7.9020070e-01   1.0865128e+00
   4.4846637e-01  -1.2820353e+00
  -1.4168191e+00   1.2789257e+00
   2.1972884e-01  -5.8751802e-01
   1.2438143e+00  -2.0134699e+00
   5.6038066e-01  -2.3330185e-01
  -8.1325029e-01   1.0407414e+00
  -2.5236815e-02  -4.9767192e-01
   1.2739357e+00  -1.6107817e+00
   1.1170589e+00  -1.1117974e+00
   1.3861217e+00  -1.4863516e+00
  -3.4706119e-01   5.2462510e-01
  -1.6521749e+00   2.0744713e+00
   4.5907204e-01  -5.9400291e-01
   9.4563785e-01  -1.0603749e+00
  -1.0119455e+00   1.1201723e+00
  -4.5497537e-01   4.2288795e-01
  -5.9352689e-01   5.3920584e-01
  -1.3608264e-02   1.1495260e-01
   1.1561886e+00  -1.5359944e+00
  -8.3655768e-02   1.0131124e+00
   5.4991913e-01  -2.8942940e-01
   1.1572248e+00  -1.2752515e+00
   3.7384587e-02  -3.9674813e-01
  -1.0936848e+00   6.1271825e-01
   1.3341265e+00  -8.7686551e-01
   7.8269916e-02   1.0187133e-01
   1.4555910e+00  -1.4836086e+00
   2.1810513e+00  -2.6629707e+00
  -8.8228377e-01   5.2394568e-01
  -2.7975920e+00   2.6767256e+00
  -9.3851966e-01   7.8619549e-01
   9.8185809e-01  -1.3024288e+00
  -1.6203073e+00   1.4973912e+00
   4.1148410e-01   5.0112950e-01
   2.1242277e-01  -9.1663719e-02
  -5.1982200e-01   8.1469916e-01
  -5.2456144e-01   5.4081324e-01
  -5.1544133e-01   6.6298162e-01
   2.3705972e-01  -9.4545681e-01
   2.3756973e-02  -8.7713708e-02
  -1.8992931e+00   2.0873141e+00
   1.0369494e+00  -7.2308873e-01
   1.6531811e+00  -1.1146893e+00
   1.0396981e+00  -1.9052137e+00
  -7.8092533e-01   9.3419451e-01
  -2.9900902e+00   3.0668218e+00
  -1.3376895e+00   1.6905338e+00
   1.7691552e+00  -1.8594054e+00
  -2.1696464e+00   2.3489875e+00
  -1.2703592e+00   1.5075523e+00
  -8.6468275e-01   5.1593644e-01
   5.6894061e-01  -5.3944650e-01
  -7.7822928e-01   6.4567696e-01
   8.4031130e-01  -6.0220267e-01
  -1.5650946e-01   8.3436465e-01
  -1.1239516e+00   1.0079792e+00
  -1.3979674e+00   1.2985655e+00
  -3.8034538e-01   1.3051146e+00
  -1.1162283e+00   9.9925133e-01
   4.7146910e-01  -3.7784275e-01
  -9.3985153e-01   8.9783858e-01
  -2.1335051e-01  -1.7433742e-01
   1.3360950e+00  -1.3746193e+00
   1.0060262e+00  -6.4713852e-01
   5.7054302e-02  -3.8359841e-02
   1.1627474e+00  -1.6440863e+00
  -1.2188455e+00   1.5273465e+00
   1.8160400e+00  -1.8820398e+00
   3.3862352e-02   7.9070788e-01
  -3.5536659e-01   2.1999403e-01
  -1.4653750e+00   1.5158608e+00
  -2.7069077e-01   1.7264991e-01
   6.2747385e-01  -5.7231931e-01
   4.4874591e-01  -8.2153339e-01
   1.7650148e+00  -1.1334423e+00
   8.1590575e-01  -4.5215574e-01
   1.4458865e+00  -2.0923424e+00
   9.7801267e-01  -1.1235123e+00
   1.9948896e+00  -2.1459851e+00
  -4.4083385e-01   3.8581442e-01
   7.1329518e-01  -8.8723964e-01
  -4.4497546e-01   3.9366564e-01
   5.2432629e-01  -2.6545486e-01
  -1.1200909e+00   7.3105126e-01
  -1.8672965e-02   1.6681904e-01
  -7.6637509e-01   6.6776540e-01
   2.1037897e-01  -1.2075760e-01
   5.0895080e-01  -7.3606643e-01
  -7.7269939e-01   8.4397365e-01
  -1.2898199e+00   8.1955685e-01
   4.8510094e-01  -4.5876813e-01
  -1.7275948e-01   1.8962600e-01
  -2.1445582e-01   1.0425928e-01
   1.1659785e+00  -5.7554134e-01
   1.2223490e+00  -9.1596578e-01
   2.4449787e+00  -3.2352028e+00
   7.1875747e-01  -1.4528689e+00
   1.1547219e+00  -1.6843158e+00
   3.1412254e-01  -1.1207358e+00
   1.1010255e+00  -3.9676742e-01
  -8.5144623e-01   6.6653089e-01
   8.3017102e-01  -8.1108268e-01
  -1.9454991e-01   4.1696901e-01
  -9.7504165e-01   1.1557109e+00
  -1.0288168e+00   1.2142715e+00
   1.2935914e-02  -5.8484904e-02
   7.7095750e-01  -4.8737146e-01
  -2.1189910e+00   1.7101369e+00
  -5.5779600e-01   2.0841949e-01
   2.2392080e-01  -1.4078672e-01
   4.0065720e-01  -3.4599055e-01
  -2.9232765e+00   2.0833013e+00
   9.4003741e-01  -4.0084677e-01
  -1.2625031e-01   4.5634320e-01
   1.6347526e+00  -1.0987607e+00
  -6.7904091e-01   1.3331533e+00
   3.2960423e-01  -3.8458639e-01
  -3.7220610e-01   2.3720816e-01
   8.1760844e-01  -9.8915454e-01
   3.0691718e-01  -7.1485224e-02
   1.3145618e+00  -8.9619428e-01
  -6.4266284e-01   2.3405254e-01
  -1.1728697e+00   1.8018851e+00
  -2.2843234e-01   3.2048127e-02
   2.5500958e-01   9.9629048e-01
  -1.1724079e+00   5.1212384e-01
   5.0417738e-01  -3.9440540e-01
   3.6519653e-01  -7.3037442e-01
   8.5101795e-01  -7.7949015e-01
  -1.1388611e+00   1.2764938e+00
  -1.4256702e+00   6.9633696e-01
   7.7353706e-01  -1.1811334e+00
   5.6656139e-01  -5.5107755e-01
  -9.9399835e-01   1.0864158e+00
   2.5931661e-01  -1.4633337e-01
  -3.0915712e+00   2.2231814e+00
  -1.4986836e-01   5.2129646e-01
   8.8950464e-01   7.7770427e-02
  -4.1304007e-01   2.1259902e-01
  -1.1142276e+00   1.8209663e+00
  -1.0846347e+00   7.3653406e-01
   1.0192430e+00  -7.6099759e-01
  -1.3512609e+00   1.5366094e+00
  -2.1394622e+00   2.6059704e+00
   5.4048146e-01  -3.7651433e-01
   1.5949469e+00  -2.3130158e+00
  -2.0125073e-01   5.0517782e-03
  -5.9102832e-01   7.4861324e-01
  -4.0743977e-01  -4.5626747e-03
  -6.4560499e-01   8.3838991e-01
   6.2627426e-01   2.1144181e-02
   1.0457149e+00  -4.4393439e-01
  -7.2380773e-01   8.3371745e-01
   3.0107081e-02   1.7538142e-01
  -5.9708384e-01   1.0130316e+00
   4.2610419e-01  -3.2210040e-01
   7.3219602e-01  -4.7016966e-01
  -1.5626841e-02   3.5209292e-01
   1.7109803e-01  -3.8837730e-01
  -7.4490271e-01   7.4940886e-01
   7.6483021e-01  -3.4439098e-01
  -1.9545598e-01   7.3182735e-01
  -6.0647422e-01  -4.8597628e-02
   4.0154017e-01  -7.8332411e-01
   2.0645178e-01   3.5342999e-01
   7.9508068e-01  -1.1616360e+00
  -1.0709691e-02  -2.3084442e-01
  -2.6167494e-01   3.0365843e-01
  -1.4033602e+00   1.5235669e+00
  -8.0306891e-01   7.2640770e-01
   1.3244136e+00  -1.4337514e+00
  -2.2867830e+00   2.2627040e+00
   8.8488519e-01  -4.5285097e-01
   9.5765120e-01  -1.0751558e+00
  -2.3937343e-01  -2.0751723e-01
  -7.8631666e-01   8.8764723e-01
   7.6732748e-01  -4.6317151e-01
   1.2744981e+00  -1.6325013e+00
   1.2620589e+00  -1.2636049e+00
   4.6088454e-01  -9.2656438e-01
  -2.6824586e-02   7.3912009e-01
   4.1293326e-01  -9.9060385e-01
  -4.4662878e-01   1.7601748e-01
  -1.4858201e-01   1.6115240e-01
  -7.7729814e-01   2.8269557e-01
  -6.4551362e-01   6.3959060e-01
   2.1345317e-01  -7.6865204e-01
   1.1364267e-03  -6.9868723e-01
  -1.3502513e+00   1.1665913e+00
  -1.5009212e+00   1.5011890e+00
   1.1572732e+00  -1.2772776e+00
  -3.8314644e-01   5.5515072e-01
  -1.7621043e-01   7.1694783e-01
   9.8119368e-01  -3.1309694e-01
   3.9970919e-01  -7.4995856e-01
  -3.1466348e-02   8.6932338e-01
  -3.5591717e-01   1.6310299e-01
  -9.4102901e-01   1.6733190e+00
  -2.1217210e-01   5.2971824e-02
  -1.0461972e+00   1.4970860e+00
   1.3718964e+00  -8.6266159e-01
  -4.4451700e-02   5.6060350e-01
   7.6266349e-01  -8.3106694e-01
   1.0162414e+00  -1.0967983e+00
   1.8289991e-01   1.9967591e-01
  -9.2944208e-01   9.5082954e-01
   1.0478901e+00  -9.9343120e-01
   9.4183707e-01  -7.1289515e-01
   1.1972116e+00  -1.4175631e+00
   1.5427033e+00  -1.3031164e+00
  -5.0847927e-01   3.0300574e-01
   6.6236905e-01  -9.3081908e-01
   8.1917433e-01  -7.2481711e-01
  -2.6201327e-01  -2.7075799e-01
   8.1579740e-01  -7.6744754e-01
   1.6987071e+00  -1.0335264e+00
   2.0486333e+00  -3.2347381e+00
  -2.4008524e-01   1.6688684e-01
   1.4121578e+00  -1.4561031e+00
  -1.3326995e+00   7.6842551e-01
   6.1690261e-01  -4.9055950e-01
   2.9650566e-01  -1.5873082e-01
   1.6225147e+00  -2.0267416e+00
   2.2484635e-01  -2.8657598e-02
   7.2834326e-01  -7.0974041e-01
  -6.0587752e-01   1.2371103e-01
  -6.8357419e-01   8.4559683e-01
  -1.0424801e+00   1.3161969e+00
   4.3956325e-01  -9.1844260e-01
  -2.1233068e+00   1.6582971e+00
  -1.4632684e+00   1.6385692e+00
   1.6000426e-01  -8.1490612e-02
  -2.4162046e-01   4.2968694e-01
  -8.4987438e-01   6.0922849e-01
   3.4939492e-01  -2.6181525e-01
   9.9326696e-01  -1.0072009e+00
   6.2362655e-01  -2.4893857e-01
   1.8508145e+00  -1.7655891e+00
   5.3831137e-01  -5.5364211e-01
   5.7456638e-02  -1.9686058e-01
   1.2345277e+00  -8.3701748e-01
   2.0896553e-01  -1.2619067e-01
  -1.3235757e+00   1.8240257e+00
   3.6120268e-01   1.9602616e-01
   1.4713883e-01  -1.5435323e-01
  -1.6814461e+00   9.4202981e-01
   1.2722666e+00  -1.1605526e+00
   7.0768899e-01  -3.5974908e-01
   7.3411853e-01  -6.8468425e-01
   1.1465769e+00  -8.1122791e-01
   8.6119398e-01   1.4637892e-01
   5.7827227e-01  -3.6438795e-01
  -9.3981971e-01   8.7680043e-01
  -6.9918728e-01  -3.8352989e-01
   1.4191778e+00  -1.1114561e+00
  -1.2568354e+00   1.5118118e+00
   2.8863309e-01  -6.2820820e-01
  -1.9703694e+00   2.2166630e+00
  -3.2199983e-02   2.7726647e-01
  -2.0340017e+00   1.5461790e+00
   1.2220391e+00  -9.8801883e-01
  -3.6980994e-01   5.2964030e-01
   5.1564823e-01  -6.2326017e-01
  -7.0019417e-01   3.0189255e-01
  -3.0752579e+00   3.0990174e+00
   3.5080126e-01  -8.6333014e-01
  -4.6147442e-01   2.6859540e-01
  -7.6697832e-01   1.1407565e+00
  -3.6233140e-01   3.9582662e-01
  -9.9040818e-01   1.0759687e+00
  -1.4891458e-01  -1.4689146e-01
   9.3116957e-01  -1.4860637e+00
  -1.2880634e-01   2.2131350e-01
   1.1396738e+00  -7.9812307e-01
  -1.0808484e+00   4.2482829e-01
   4.1715098e-01   4.6653918e-03
  -1.0675545e+00   9.8576211e-01
  -8.3520262e-01   1.2532053e+00
  -6.2134464e-01   4.0359942e-01
  -6.1891535e-01   4.4045423e-01
   2.8606912e-01  -1.6695171e-01
   1.1860271e+00  -1.5052252e+00
  -1.6117614e-01   7.3740107e-01
  -6.3712582e-01   9.2265497e-01
  -2.3820680e-01  -1.2282175e-01
   2.1287151e+00  -2.4634137e+00
  -9.3663657e-01   9.5173598e-01
   1.1893501e+00  -1.2095313e+00
   4.9122689e-01  -1.6530706e-01
  -1.0389105e+00   1.0332542e+00
  -3.1350986e-01   5.4257249e-01
   1.0735862e+00  -9.8804400e-01
  -4.8598055e-01   8.7129715e-01
   7.0960907e-02  -4.1610792e-01
  -8.6317118e-01   8.0352239e-01
   8.9313891e-01  -6.6963182e-01
  -6.7905315e-02  -1.5754923e-01
   1.0249737e+00  -1.2672909e+00
  -8.7158820e-01   8.5310098e-01
   1.0399309e+00  -1.4700362e+00
  -3.1800853e-01   3.5178827e-01
  -9.0306556e-01   9.1586441e-01
   5.1030796e-01  -1.0292963e+00
   2.2105196e-01  -3.4203274e-01
   8.4704135e-01  -8.0614030e-01
   2.6080893e-01  -4.1467055e-01
   1.5684997e+00  -1.2557438e+00
  -1.5336616e+00   1.1257077e+00
  -3.5898453e-01   6.3180089e-01
   1.2226952e+00  -9.4594523e-01
  -1.1317700e+00   9.5808885e-01
   5.6348470e-01  -7.7019373e-01
  -7.4773728e-01   3.3845514e-01
  -1.5245224e+00   1.7031210e+00
  -1.5591504e+00   1.1335668e+00
  -1.0108484e+00   7.9018698e-01
   3.2363460e-01  -8.3044694e-01
   1.0426592e+00  -4.8622302e-01
   1.2512763e+00  -5.0286738e-01
  -6.5966238e-01   6.1953755e-01
   1.1026313e+00  -1.4960066e+00
   1.0530111e+00  -4.3536967e-01
  -7.7116069e-01   3.6578375e-01
  -8.2071265e-01   4.9666167e-01
   1.0053140e+00  -3.7349460e-01
  -1.5946122e+00   1.5556501e+00
  -2.5318687e+00   2.0858085e+00
  -1.4690146e+00   2.0823205e+00
   6.0162687e-01  -8.1924556e-03
   7.6483674e-01  -1.0699415e+00
   1.0950164e+00  -9.8719466e-01
  -1.1836231e+00   8.6099828e-01
  -8.4302074e-01   2.7105121e-01
  -2.4805595e-02   2.5526209e-01
  -2.3157151e-01  -4.3264414e-01
  -1.9673820e-02  -5.1179160e-01
  -7.4677552e-01   9.2255169e-01
  -2.1765655e+00   1.6264268e+00
   1.6740680e+00  -1.8506133e+00
   7.2209573e-01  -4.7578603e-01
  -7.7091824e-01   4.5451845e-01
  -4.5946472e-01   6.6943773e-01
  -7.8866533e-01   3.8550665e-01
  -4.9391494e-01  -4.4519102e-01
   1.4063744e+00  -1.2221219e+00
  -2.3078690e+00   2.5474142e+00
  -6.2692218e-01   3.1009633e-01
   8.6625039e-01  -1.1596593e+00
   1.5873936e+00  -1.5965865e+00
   9.2104432e-01  -8.5198126e-01
  -1.5854521e+00   1.6210634e+00
   8.1222953e-01  -8.7111831e-01
   1.1017831e-01  -1.9285915e-01
   1.4849595e+00  -1.3934693e+00
  -5.8949840e-01   8.8546502e-01
   1.6754620e+00  -1.1809925e+00
  -1.1172880e+00   1.1397999e+00
  -9.1309095e-01   6.2679921e-01
  -1.0037382e+00   4.5120025e-01
   1.3997689e+00  -1.6202993e+00
  -7.4867921e-01   1.6860933e+00
  -4.3000205e-01   5.2890597e-01
   7.6215785e-01  -4.7772901e-01
   1.0436068e+00  -1.1290862e+00
  -2.0669373e-01   4.5196855e-01
   1.6936294e-01  -3.0945160e-01
   4.7234801e-01  -4.9818922e-01
  -1.1954072e-01  -1.5330146e-01
  -5.9961108e-01   1.1200267e+00
   2.9633777e-01   2.5110441e-01
   6.5357608e-01  -1.1215245e+00
   1.1930508e+00  -1.2469727e+00
  -1.6534970e+00   1.5203489e+00
   9.3781263e-01  -7.0279641e-01
   2.2920492e-01  -2.0303778e-02
   3.4354711e-01   3.3281684e-01
   1.0864745e-01  -6.1459014e-01
  -2.3522839e+00   2.2997673e+00
   3.2220910e-02   1.4361218e-01
   6.1159114e-01  -1.3876213e+00
  -1.0754470e+00   9.7649535e-01
  -1.1836255e+00   2.0686933e+00
  -3.1110783e-01   2.2947955e-01
  -4.9992525e-01   8.0143872e-01
   2.7521915e-01  -5.7854816e-01
  -3.1863255e-01   3.3418431e-01
   1.1544014e+00  -1.0790921e+00
   7.8803660e-01  -5.3805095e-01
   2.1818335e+00  -1.7396622e+00
  -1.6925819e+00   2.0465047e+00
   1.3502376e+00  -1.1487853e+00
  -1.2298362e+00   1.5582273e+00
   1.4131708e+00  -9.1009193e-01
  -2.3510018e+00   2.6276342e+00
  -1.1899833e+00   1.2607610e+00
  -1.4605100e+00   1.0009078e+00
  -1.6571316e-01  -3.1280935e-02
  -2.1224760e+00   2.7954392e+00
   5.3228025e-01  -5.5986937e-01
   2.0596088e+00  -2.0854677e+00
   3.7011033e-01  -1.2152439e-01
   5.6553027e-01  -1.8785651e-01
   9.9276248e-01  -1.2229186e+00
  -4.0777234e-01   1.0111810e+00
  -1.6096781e+00   1.5815578e+00
   1.7760323e+00  -2.7437835e+00
   9.4919023e-01  -1.6079382e+00
  -1.0190692e-01  -2.5379348e-01
   4.1889796e-02   1.5546944e-01
   5.5874170e-01  -9.8517982e-01
   3.3187240e-02  -1.0345437e-02
  -1.6023713e+00   1.6001625e+00
   6.7570904e-01  -4.2748769e-01
   6.5723187e-01  -2.0680191e-01
  -3.3954068e-02   4.2998327e-01
   4.8856569e-01  -7.9948542e-01
  -1.0435703e+00   1.4820875e+00
  -2.3477907e+00   2.7723590e+00
   1.4133969e+00  -1.4016986e+00
   1.1872028e+00  -2.0728841e+00
  -2.1150630e-01   1.3982321e-01
   5.8068520e-01  -8.7888737e-01
   8.7242989e-01  -1.0022243e+00
   2.2465930e+00  -1.9185329e+00
  -9.0844041e-01   5.2356077e-01
   7.0591675e-01  -1.1224711e+00
  -4.6149759e-01   4.7718667e-01
  -1.2921964e+00   1.4443213e+00
   1.7726447e+00  -2.1537013e+00
  -8.6909985e-01   1.6430317e+00
  -1.5899106e-01   1.9933530e-01
   5.4073987e-01  -2.6384277e-01
   8.3274908e-01  -1.0125470e+00
   2.3374017e+00  -3.0331723e+00
   4.0063683e-01  -2.7718023e-01
   1.2403777e+00  -1.5115312e+00
   1.4383329e+00  -1.2317396e+00
  -5.9371681e-01   5.9082376e-01
   7.7985474e-01  -8.1493207e-01
  -4.7919524e-01  -1.5237966e-01
   5.9657988e-01  -7.9592367e-01
  -5.7800504e-01   1.2938979e+00
  -1.3800607e-01   4.5252219e-01
   1.0100028e+00  -8.2860448e-01
  -6.0430176e-01   1.0703982e+00
   1.4885028e+00  -1.0043579e+00
   2.7341093e-02  -1.1451753e-01
  -5.1252374e-01   1.8848492e-01
  -6.1643413e-01   7.9621920e-04
  -3.8739369e-04   2.2532461e-01
  -2.0091198e-01  -2.1949942e-01
  -8.7007037e-01   1.0346665e+00
   1.0668365e-01   6.4703485e-02
  -5.5537552e-01   2.4167711e-01
  -6.5709108e-02   1.0954121e-01
  -8.3214277e-01   6.4570028e-01
   7.6956466e-01  -1.2322541e+00
  -4.9327231e-01   3.5204190e-01
  -1.5615872e+00   1.5088888e+00
   8.7793889e-01  -8.1380572e-01
   1.7879523e-01   1.3903311e-01
  -1.4495636e+00   5.8727294e-01
   8.2399445e-01  -1.0787273e+00
  -1.5729268e+00   1.2779318e+00
  -7.5592354e-01   1.1012645e+00
   1.2438614e+00  -5.5576903e-01
   3.8350682e-01  -5.0047609e-01
  -4.3910859e-01   9.7752211e-01
   1.0376277e-01   5.8995901e-02
  -5.6146730e-01   8.7757433e-01
  -2.7389885e+00   2.2637868e+00
  -1.2849446e-01  -1.4990463e-01
  -7.2629717e-01   6.4645869e-01
   1.2371013e+00  -8.5286559e-01
  -6.3184842e-01   1.2964527e-01
