   2.3907255e-01  -5.0360418e-01
  -1.1615396e+00   8.1320099e-01
  -1.5813016e-01   5.7691023e-01
  -1.1162760e+00   1.0592756e+00
  -1.2698809e-02  -7.7423162e-02
  -4.8918090e-01   8.7464777e-01
   1.5666053e+00  -1.3219355e+00
   8.1800843e-01  -8.0062591e-01
  -7.6342243e-01   9.6501794e-01
   2.6140462e-01  -1.3033831e-01
  -4.8920136e-01   4.5163139e-01
  -3.5236359e-01   7.7381814e-01
  -5.7537182e-01   6.0247595e-01
  -3.5154062e-01   4.4021181e-01
   7.8405602e-01  -9.6430905e-01
   6.9282734e-01  -7.9943885e-01
   1.7149223e+00  -1.7963654e+00
   5.5678528e-01  -4.6620919e-01
   1.7560147e-02   3.7190798e-02
   1.5153620e+00  -1.5366082e+00
   9.2055289e-01  -1.0689929e+00
  -5.8068452e-01   7.8009979e-01
   1.9105012e-01  -1.4526207e-01
  -7.4688292e-01   6.9880181e-01
   4.6776562e-02  -1.4860550e-01
  -6.6491005e-01   1.0881435e+00
   1.2177955e+00  -1.0497826e+00
  -1.4460881e+00   1.2167659e+00
  -1.0809639e+00   1.1361636e+00
   1.1055101e+00  -1.3140994e+00
   4.8791942e-01  -4.7054272e-01
  -2.0433880e-01   2.5074707e-01
   1.1444382e-01  -2.0982630e-01
  -5.2553784e-01   3.2100882e-01
  -3.4914612e-01   3.8566022e-01
   1.1159720e+00  -1.1110140e+00
  -1.1679596e+00   1.1192323e+00
   7.9938271e-01  -6.6387340e-01
   5.4463730e-01  -6.6445879e-01
   3.1744103e-01  -1.1599721e-01
   1.2112782e+00  -1.3984054e+00
   8.5240066e-01  -7.5936207e-01
  -9.4822914e-01   8.0575732e-01
  -5.4499157e-01   4.4055364e-01
   1.6703030e+00  -1.6327947e+00
  -4.0838316e-01   5.1186243e-01
  -1.0131427e-01   1.8910801e-02
  -2.1943740e+00   2.1743632e+00
   1.4672263e+00  -1.3807407e+00
   2.3869733e+00  -2.3342383e+00
   7.9382914e-01  -8.9648422e-01
  -1.2905169e-02   2.4800703e-02
  -3.2473471e-01   4.4372529e-01
   2.0454067e+00  -2.2137804e+00
  -2.0062448e+00   1.9702822e+00
  -9.2671262e-01   9.5204161e-01
  -1.6411376e+00   1.6634196e+00
  -4.3582405e-01   2.1391054e-01
  -4.3769275e-02   8.4985267e-02
   2.4204176e-01  -2.1659984e-01
   7.1397095e-01  -8.2186294e-01
  -5.2247498e-01   4.7839621e-01
   2.6586926e-01  -7.3202353e-01
  -8.7418073e-01   8.1493168e-01
  -1.3233267e+00   1.1419221e+00
  -4.2600089e-01   4.0278873e-01
   3.5313847e-01  -5.6640841e-01
  -1.2738528e+00   1.3533803e+00
   2.4986671e-01   1.4185501e-01
   3.6592928e-01  -3.9309991e-01
   1.8206473e+00  -2.0689616e+00
   8.5996384e-01  -1.1762199e+00
  -2.6605355e-01   6.0566206e-01
   1.9028205e-02   1.4449310e-01
  -7.6994915e-02  -1.0784237e-01
   3.9976555e-01  -3.7368507e-01
  -1.7058385e-01   4.3642281e-01
   1.0254673e+00  -1.1570559e+00
   1.2771576e-01   1.5901798e-01
  -3.2246235e-01   7.9358337e-02
   7.9628463e-01  -6.3474471e-01
  -1.4070244e+00   1.3494643e+00
   6.3401819e-01  -6.1100823e-01
  -6.8858088e-01   5.4498630e-01
   6.5924449e-01  -5.9003815e-01
  -5.2135294e-01   4.4507349e-01
  -8.7078833e-01   8.0008738e-01
  -7.8726452e-01   1.0544829e+00
   4.4021415e-01  -5.3517274e-01
  -1.4099303e+00   1.2901374e+00
   3.4913940e-01  -4.5497985e-01
   1.0749874e+00  -9.4846973e-01
  -4.9683173e-01   5.0617707e-01
  -2.4242029e-01   6.3408297e-02
  -1.4553327e+00   1.1351453e+00
  -8.4777734e-01   6.8497722e-01
  -3.6713629e-01   3.4455346e-01
  -1.1640243e+00   1.1280425e+00
  -3.9904462e-01   3.6196954e-01
  -1.6581879e-01   2.2943932e-01
  -1.6937222e-02   5.6203397e-02
  -8.6517298e-01   8.2715730e-01
   3.1670790e-02   1.1637371e-01
   1.3785158e+00  -1.2151152e+00
   6.9096823e-01  -6.6789208e-01
   1.4752552e+00  -1.3302017e+00
   1.5704321e-01  -1.2823981e-01
   1.3728404e+00  -1.4509491e+00
   1.4472668e-01  -1.4377559e-01
   1.2608341e+00  -1.0539599e+00
  -1.3195381e+00   1.4300390e+00
   4.4375725e-02  -7.7654757e-02
   1.4261938e+00  -1.4972791e+00
  -1.1013755e+00   1.0177922e+00
  -6.1539583e-01   7.0318087e-01
   7.7947782e-01  -2.6334365e-01
  -1.2081832e+00   1.5767265e+00
   6.7581940e-02  -1.0397735e-01
  -5.1792355e-01   6.5329882e-01
   1.0368656e+00  -4.6606581e-01
   3.3760097e-01  -5.0923458e-01
  -1.5077983e+00   1.1372969e+00
  -5.9289096e-01   7.9403089e-01
   2.2318203e-02  -1.2126190e-01
  -1.2210504e-01   1.8761376e-01
   2.5398538e-02  -5.6513819e-02
  -3.0564964e-01   2.8189159e-01
   9.6909066e-01  -7.1523424e-01
   1.5411167e+00  -1.2414102e+00
   5.7745305e-01  -4.9560613e-01
  -7.6688693e-01   8.6031535e-01
   1.5257610e-01   2.1711966e-01
   2.8735265e-01  -3.5083221e-01
  -1.1890322e+00   8.9753874e-01
  -5.7415342e-02   3.5012575e-01
  -1.5819500e-01   1.9114960e-01
   1.0549713e+00  -1.1680040e+00
   1.2251485e-01  -3.9056999e-01
  -1.3724226e+00   1.2953558e+00
   6.0865451e-01  -4.5612208e-01
  -1.0691025e+00   1.0702179e+00
   7.5337518e-01  -4.2591939e-01
  -1.9640955e-01   1.5016831e-01
  -1.8499697e+00   1.2579907e+00
   5.9238267e-01  -6.0313172e-01
   7.4207524e-01  -7.7862663e-01
   1.2734198e+00  -1.4021418e+00
   6.2718537e-01  -7.9190571e-01
   1.4253598e+00  -1.4257489e+00
   1.9505310e+00  -2.1750246e+00
  -1.4602345e+00   1.1363083e+00
   6.9950779e-01  -6.7045702e-01
   7.6212727e-01  -8.8878019e-01
   1.7591275e+00  -1.6677325e+00
   8.0947117e-01  -8.0514081e-01
   7.2391260e-01  -8.9526157e-01
   5.3281071e-01  -8.0208434e-01
   1.6175259e+00  -1.5166608e+00
   2.6020272e-01  -1.9701948e-02
   2.7043704e+00  -2.9472677e+00
   7.8220328e-01  -1.1383794e+00
  -1.3289529e+00   1.5567575e+00
  -1.7693928e-01   9.2639904e-02
   5.5937054e-01  -6.5989104e-01
   5.1172024e-01  -6.3676142e-01
   6.5845988e-01  -7.1162366e-01
  -1.0310812e+00   1.1293711e+00
   1.2366234e-01   1.9203355e-02
   9.3749540e-01  -1.1654304e+00
  -9.6650680e-01   1.0448218e+00
  -1.7624023e+00   1.6442277e+00
  -1.3186638e+00   1.1940768e+00
  -1.9241790e+00   1.7290822e+00
  -1.2177421e+00   1.2160080e+00
   1.6410172e-01  -1.5360599e-02
  -5.6921391e-02   2.0906638e-01
  -1.8361284e+00   1.5773654e+00
   1.9076624e+00  -2.0578384e+00
   6.8879116e-01  -5.1639223e-01
  -3.0344267e-01   4.1211126e-01
   8.4714622e-01  -1.2144200e+00
   4.7695910e-01  -5.7105933e-01
   5.8291764e-01  -8.5226445e-01
  -7.3156215e-01   5.6478858e-01
  -6.2041421e-01   5.7090958e-01
   9.5717879e-02  -1.2127658e-01
  -9.4092814e-02   2.8721852e-01
   5.6343807e-03   1.7085352e-01
   2.1317307e+00  -2.0143191e+00
   2.3503237e-01  -6.8417451e-01
  -7.5948476e-02   8.7278549e-02
   1.7639181e-01  -1.8820052e-01
  -2.2039295e+00   2.0785690e+00
  -7.4308782e-01   6.6831269e-01
   2.4776847e-01  -2.8696558e-01
   2.3492597e-01  -4.3573028e-01
  -4.4993353e-01   1.1356461e-01
   9.1141754e-01  -9.5838850e-01
  -9.8657512e-01   7.5840741e-01
  -2.9999596e-01   5.5662146e-01
  -1.3913453e+00   1.0819181e+00
   9.2464866e-01  -6.3386359e-01
   4.5155131e-01  -4.0237946e-01
   1.5449869e+00  -1.7156912e+00
  -1.2010419e+00   1.1151425e+00
   1.0712243e+00  -1.2531704e+00
   1.0742094e+00  -1.0037192e+00
   2.7688214e-01  -8.6913645e-02
  -2.2310261e+00   1.7196678e+00
  -8.5525979e-01   6.4087892e-01
   1.7437231e-01   1.0267918e-01
  -1.2253114e+00   7.9434756e-01
  -1.3355254e-01   3.9488801e-01
  -4.9246660e-01   5.4909357e-01
  -9.4645872e-01   5.7720788e-01
  -9.2574300e-01   9.1991098e-01
  -1.5253351e-01   2.5644525e-01
   8.2895875e-01  -5.9559635e-01
  -6.6841048e-01   3.0221529e-01
  -1.0906262e-01  -1.7606616e-01
  -1.0562514e+00   1.2367450e+00
  -2.0486534e+00   1.8117309e+00
   1.1673609e-01   4.2744074e-02
   2.1429049e-01  -2.0154094e-01
   1.1852616e+00  -4.2953523e-01
  -5.8559139e-01   3.8451542e-01
  -2.3946355e+00   1.6296054e+00
  -4.6971725e-01   1.5560776e+00
   1.2611616e+00  -8.6258466e-01
   1.9178926e+00  -1.7869890e+00
   1.6316553e+00  -1.8640103e+00
  -1.4033114e+00   1.5778513e+00
   3.1243888e-01  -5.4465538e-01
   3.1883993e-01  -5.1718144e-01
   8.2241199e-01  -1.0041499e+00
  -5.4498254e-02  -2.3396689e-02
  -1.2877151e-01   5.1051104e-01
  -5.4729599e-01   4.8879684e-01
  -1.4831238e-01   3.2050810e-01
   4.3513720e-02   6.5979980e-02
   1.0949421e+00  -7.3776239e-01
  -4.0586008e-01   4.6328720e-01
   2.4306816e+00  -2.1377142e+00
   1.2733626e-01  -1.1957372e-01
   1.1326550e+00  -1.3893987e+00
   1.9208433e+00  -2.0767019e+00
  -1.4419663e-01   4.7744034e-01
  -4.4970868e-01   3.4347277e-01
  -1.1551600e+00   1.2537163e+00
  -9.9153790e-02   1.1447070e-01
  -1.0380834e+00   8.7953959e-01
  -1.8289842e-01   3.8454245e-01
   8.7576215e-01  -5.9677251e-01
  -8.8749712e-01   9.6963062e-01
   5.2281562e-01  -5.4471359e-01
  -8.9913575e-01   8.1614997e-01
   9.7386008e-01  -9.7821271e-01
   1.3482404e+00  -1.1953430e+00
   2.9024360e-01  -4.5361579e-01
  -8.9946392e-01   8.9888444e-01
  -1.0648279e+00   1.3868170e+00
  -4.7471305e-02   5.4107074e-02
  -3.8703946e-01   5.1806888e-01
  -3.2788427e-01   5.3930654e-01
   6.8353208e-01  -6.4828781e-01
   6.6908655e-02   3.6511413e-02
   7.1297366e-01  -7.3988589e-01
  -6.7771075e-01   5.2932599e-01
   1.8615059e+00  -1.8650304e+00
  -8.1408432e-01   3.4150963e-01
  -1.2140525e+00   1.0182315e+00
  -2.0785591e-01   2.9086028e-01
   1.7424919e-01   3.9503106e-03
   1.1923584e+00  -1.3405960e+00
  -1.0876059e+00   1.4451582e+00
   1.3309788e+00  -1.3682591e+00
   8.0075884e-02  -4.2785269e-02
   1.7179203e+00  -1.6353055e+00
   5.7785363e-02  -1.8254226e-01
   1.9358793e+00  -1.9575937e+00
  -6.0611604e-01   6.5921744e-01
   1.0064525e+00  -1.2179587e+00
  -6.1363743e-01   6.2691819e-01
  -1.6675586e+00   1.5526067e+00
   2.4970825e-01  -1.9315425e-01
  -8.6714890e-01   7.0734018e-01
  -1.3335612e+00   1.5402237e+00
   3.3317871e-01  -3.3501389e-02
   2.3115564e+00  -2.2799928e+00
  -1.0160445e-01   1.1502259e-01
   1.2536125e-01   3.0433472e-01
   1.0195183e+00  -1.1995794e+00
  -8.4757031e-01   8.6973604e-01
  -1.1341247e+00   7.9613495e-01
   1.5798448e+00  -1.3127784e+00
  -7.3170106e-01   7.3579013e-01
  -5.0614755e-02   2.4997842e-01
  -3.9677431e-01   3.8628785e-01
   3.1868469e-01  -4.5171429e-01
  -8.8719908e-01   5.6812162e-01
   1.9373961e+00  -2.2628523e+00
   4.8742812e-02  -1.3248418e-01
  -2.2251133e-01  -5.5413731e-02
   9.9386925e-01  -9.4474671e-01
   6.2864840e-01  -6.5744100e-01
   3.5062271e-01  -2.1120097e-01
   9.0981402e-01  -1.0174509e+00
  -3.0921919e-01   3.8965279e-01
   1.1968800e+00  -1.0966627e+00
   1.6158878e-01  -3.9638517e-01
   1.1803123e+00  -1.1673691e+00
   6.3009034e-01  -4.2667172e-01
   1.5714467e-01  -1.0523494e-01
  -2.3532097e+00   1.7872291e+00
   2.3979156e+00  -2.6330798e+00
  -1.0228644e+00   8.3685237e-01
   1.9893790e+00  -2.0299259e+00
   6.5220665e-01  -8.7080269e-01
   3.4511504e-01  -3.4348006e-01
  -1.6579985e-01   9.4519233e-01
   2.9672276e-01  -4.1465369e-02
   8.0327353e-01  -4.1339760e-01
   3.6178136e-02  -2.1058450e-02
  -6.6059403e-01   8.1109880e-01
   7.4497928e-01  -1.0216509e+00
  -4.6055662e-01   1.8229522e-01
  -3.3272914e-02   1.1120003e-01
   1.9623845e+00  -1.7523916e+00
  -1.1024158e+00   9.7614692e-01
   1.4547204e+00  -1.6130539e+00
   4.9974728e-01  -2.9344199e-01
  -1.1139901e-01   6.8086839e-01
  -6.2688027e-01   8.8737765e-01
   1.3568327e+00  -1.5891416e+00
  -3.4751065e-01   3.7667364e-01
   1.4419398e+00  -1.4640516e+00
   2.4855886e-01  -5.3300224e-01
   2.0730032e+00  -2.3438394e+00
   1.4578807e+00  -1.3558036e+00
  -6.4769081e-01   5.4663574e-01
  -1.8484370e+00   1.5425897e+00
  -1.0488629e+00   9.2328231e-01
   1.1444654e+00  -1.2896507e+00
   1.2050145e+00  -1.5302885e+00
   4.9625371e-01  -5.1035888e-01
   5.5373233e-01  -3.7909098e-01
  -2.0111736e-01   8.5999109e-02
   2.6589740e-01  -1.1588070e-01
  -6.8593307e-01   4.1969359e-01
   2.3922859e+00  -2.3515343e+00
  -9.2146454e-01   1.2955844e+00
  -3.3006266e+00   2.5453473e+00
  -5.6071943e-01   1.9578669e-01
   1.6520184e+00  -1.6728914e+00
  -5.8157088e-01   7.9657200e-01
  -3.2944031e-01   7.6784304e-01
  -7.3805878e-01   9.7096051e-01
   2.3918300e-01  -4.8967581e-02
  -1.9063917e-01   2.7406836e-01
   1.7463784e+00  -1.6271057e+00
  -6.8438553e-01   1.9578076e-01
   7.7620264e-01  -7.3799548e-01
  -7.7888998e-01   1.2026650e+00
  -7.9023529e-01   1.1751913e+00
  -9.6922911e-01   1.0371108e+00
  -3.2581567e-01   3.2242382e-01
   1.8056606e+00  -1.6262557e+00
   1.1953946e+00  -1.1799584e+00
   1.0561458e+00  -9.8884883e-01
  -6.3623551e-01   6.3299499e-01
  -1.3501169e+00   1.4540631e+00
   1.5648222e-01  -1.7909849e-01
  -2.4494073e-01   3.9704852e-01
   1.9345114e+00  -1.8174614e+00
  -2.3475825e+00   1.3872155e+00
  -1.0321296e+00   8.8656040e-01
  -7.2645956e-01   8.0189229e-01
  -2.4301841e+00   1.8276958e+00
  -9.2640504e-01   1.0633829e+00
  -1.4306632e+00   1.2961101e+00
   3.3152098e-02   3.5758358e-01
  -1.4603676e+00   1.1994724e+00
   2.8352582e-01  -3.6586830e-01
   6.5063173e-01  -5.2300196e-01
  -7.1768458e-01   8.0899906e-01
  -1.0285928e+00   1.1583942e+00
   2.5268477e+00  -2.9727718e+00
   1.9898451e+00  -2.2074820e+00
  -4.2927317e-01   6.6778912e-01
   7.4084805e-01  -9.3075329e-01
  -1.4819130e-01   3.1220226e-01
  -1.2872001e-01   1.6882992e-01
   5.6031577e-01  -4.8329798e-01
   9.8603399e-01  -9.5234347e-01
   8.9540447e-01  -8.5554739e-01
  -6.6771306e-01   5.1928212e-01
  -8.0119484e-01   8.4456671e-01
  -1.1540225e+00   1.1892083e+00
  -1.5773935e+00   1.1207129e+00
  -2.0395294e-01   8.1112460e-02
  -7.1210607e-01   6.7723229e-01
  -1.1931150e+00   1.2441124e+00
   1.7959507e+00  -1.8413581e+00
  -1.4775902e+00   1.2868977e+00
  -6.3787968e-01   7.4612352e-01
  -9.0171059e-01   8.6866907e-01
  -8.5139193e-01   1.2230616e+00
   1.5163015e+00  -1.7419684e+00
  -7.2806480e-01   9.7979208e-01
  -1.7824810e+00   1.4203189e+00
  -7.1985421e-01   7.2757521e-01
  -5.6174326e-01   7.1813987e-01
   1.1819784e-01  -1.4636312e-01
  -8.7508508e-01   5.6281379e-01
  -6.7126614e-01   7.5085820e-01
  -1.7328134e+00   1.5760159e+00
   1.0230330e+00  -8.1654440e-01
   4.5016279e-01  -2.6129834e-01
  -6.7235339e-01   8.9038974e-01
  -7.7243278e-01   5.6513062e-01
   1.0543848e+00  -8.0524834e-01
   2.7631339e-01  -2.0473962e-01
   1.0552050e+00  -9.9431312e-01
  -1.0662834e+00   1.0906675e+00
   3.5313342e-01  -2.2580685e-01
   2.5747219e-01  -1.1931066e-01
   1.9055465e+00  -2.1470178e+00
  -1.3686312e+00   1.2804892e+00
  -1.2469764e+00   1.1439877e+00
  -2.3935462e-01   3.9042139e-01
   1.7417024e+00  -1.5664598e+00
   3.0589995e-01  -2.7307571e-01
   1.4140051e+00  -1.5756063e+00
   8.0324451e-02  -4.0367818e-01
   1.2191541e+00  -9.4846580e-01
  -5.1916306e-01   4.8199568e-01
  -3.1528997e-01   4.8448708e-01
   4.5318716e-01  -3.0925959e-01
  -1.3008728e+00   1.1124539e+00
   1.3946641e+00  -1.1062323e+00
   7.9178049e-01  -9.3805052e-01
  -1.5219695e+00   1.3866646e+00
   1.3550560e+00  -1.5530309e+00
  -6.3103251e-01   5.8574320e-01
  -1.8810010e+00   1.6712594e+00
  -1.4239488e+00   1.3286229e+00
   1.3863951e+00  -1.2929771e+00
  -1.8123031e+00   1.9866555e+00
  -6.5032449e-01   4.2775983e-01
  -3.3826912e-01   2.9917969e-01
   2.8358094e-01  -3.0661067e-01
   1.2381384e+00  -9.1230006e-01
  -6.6571074e-01   8.2125424e-01
   1.5101995e+00  -1.2941994e+00
   7.1606383e-01  -9.6660711e-01
  -3.9635322e-01   4.9122378e-01
   2.2752699e-01  -2.7146742e-01
   1.3230451e+00  -1.1273815e+00
  -5.6840166e-01   4.2916974e-01
   3.0827302e-01  -4.4327926e-01
   3.3001647e-01  -1.3730368e-01
  -1.0851346e+00   1.0393138e+00
   1.0399275e+00  -1.1171023e+00
   2.7118311e-01  -3.4874266e-02
  -1.4611742e+00   1.3822757e+00
   1.1680713e+00  -1.0877441e+00
   1.4673835e-01   6.3191335e-03
  -1.2502880e-01   3.4172332e-01
   4.9827448e-01  -3.6739011e-01
   1.5946379e+00  -1.7038247e+00
  -6.3179884e-01   5.4787115e-01
  -3.9295789e-01   2.5837480e-01
   8.6825935e-01  -1.0024967e+00
   3.6346310e-01  -4.7555525e-01
  -3.8362685e-01   5.3143840e-01
  -1.4303889e-01   9.5802889e-02
   6.8639973e-01  -5.9484044e-01
  -7.6293354e-01   1.2673056e+00
   1.0185857e+00  -1.1632816e+00
  -1.8399915e-02   2.7439055e-01
   2.2579430e-01  -1.3619371e-01
   6.7053631e-02  -1.3108582e-01
   2.5116003e-02  -1.5678267e-01
   6.1779095e-01  -5.8495431e-01
   6.2518288e-02  -2.5571473e-01
  -1.1069866e+00   1.0984134e+00
  -1.7440604e+00   1.8153701e+00
   4.0326427e-01  -6.4570263e-01
   1.2815725e+00  -1.4038589e+00
  -3.6304732e-01   6.7220817e-02
  -8.2010229e-02   4.9957634e-01
   1.5546596e+00  -1.6214187e+00
  -8.2858792e-01   5.9559468e-01
   4.4861600e-01  -2.7912977e-01
   8.1332226e-01  -9.9552449e-01
   1.9349690e+00  -1.6244157e+00
   1.3802185e+00  -1.1152607e+00
   8.7863426e-01  -7.2182463e-01
   7.4910210e-01  -7.2044848e-01
  -6.3785177e-01   6.4072831e-01
  -2.0928947e-01   3.0527839e-01
  -7.2621980e-02  -1.0975525e-01
   4.3326062e-01  -2.0472920e-01
   1.3774960e+00  -1.7366584e+00
   4.6003281e-02  -5.8159303e-02
   1.4208804e+00  -1.8737760e+00
   4.4030878e-01  -6.1483740e-01
  -2.4570631e-01   4.1184362e-01
   1.7419251e-01  -1.6370607e-01
  -9.9276803e-01   1.0888956e+00
  -7.8201341e-01   8.1027758e-01
   3.7106202e-01  -4.4605635e-01
  -6.2970482e-01   1.9500068e-01
   1.5762349e+00  -1.6610686e+00
  -2.8909635e-01   2.2706243e-01
  -1.2377077e+00   9.2986925e-01
   1.6268145e+00  -1.8722168e+00
   2.7661518e-01  -1.9319573e-01
   1.1792834e-01  -2.3138677e-01
   3.1939493e-02   5.5369559e-03
  -6.0900278e-01   3.6647227e-01
   4.1878795e-02   8.8545086e-02
   3.9756500e-01  -2.8735851e-01
  -1.0436245e+00   9.4918929e-01
   1.1061867e+00  -1.2418628e+00
  -9.0578110e-01   7.8998127e-01
   4.6814582e-01  -1.1261248e-01
  -3.3892580e-03   1.3005095e-01
  -3.6990831e-01   2.5852768e-01
  -1.3186844e+00   1.3770249e+00
  -1.7029426e+00   1.7658880e+00
   3.8928238e-01  -2.6357974e-03
  -2.6998749e-01   3.9836057e-01
  -1.3755662e+00   1.2415535e+00
   1.5190322e+00  -1.6340749e+00
   1.0426229e+00  -1.2119371e+00
   3.0882063e-01  -3.8929153e-01
  -1.7142042e+00   1.5209103e+00
   9.1893440e-01  -9.0382244e-01
  -3.3127771e-01   4.3385617e-01
  -1.9444876e-01   1.3254538e-01
  -6.4599261e-01   6.9230358e-01
   8.9795113e-01  -5.9549568e-01
  -1.4535114e+00   1.5333137e+00
  -1.0558493e+00   9.2020693e-01
  -9.0400373e-01   3.7398125e-01
   4.4722886e-01  -1.4851175e-01
  -1.6415294e+00   1.7869603e+00
   7.2049401e-01  -9.2325405e-01
  -8.0400833e-01   7.1047629e-01
   2.1719854e+00  -1.7206283e+00
  -2.0942702e-01   3.4392193e-01
   1.0349762e+00  -9.8013293e-01
   8.0633942e-01  -6.3654406e-01
   7.5217464e-01  -6.3751899e-01
  -9.0574474e-01   9.2749375e-01
   7.4446121e-01  -7.4849976e-01
   6.5434272e-01  -8.2002924e-01
  -3.3566717e-01   4.7466453e-01
   1.7738325e+00  -1.4918405e+00
  -2.2515732e-01   4.3253149e-01
   7.9854133e-01  -4.6873506e-01
   1.1799421e+00  -9.6322125e-01
   4.3197852e-01  -4.2986766e-01
  -8.5435245e-01   1.1363485e+00
  -5.7122227e-03   5.8028368e-01
  -9.3257737e-01   8.2911338e-01
  -9.9653205e-01   9.3174029e-01
  -1.6981960e+00   1.6090192e+00
   9.7180200e-01  -1.0006969e+00
  -6.6807625e-01   6.5622562e-01
  -1.3959615e-01   4.8832729e-01
  -6.9171151e-01   5.2412704e-01
   1.9876631e+00  -2.2794240e+00
   4.2188869e-01  -4.1082741e-01
   3.6592965e-01  -1.4012239e-02
  -1.2213082e+00   8.5302498e-01
   1.2806269e+00  -1.5315869e+00
  -8.9299463e-01   6.4835357e-01
   2.5033868e+00  -2.6708854e+00
   1.7140253e+00  -1.7367975e+00
  -8.8377453e-01   1.2330680e+00
   5.0266031e-01  -4.0248328e-01
  -8.9116348e-01   8.3466686e-01
  -1.0964783e-01   1.4178459e-01
  -2.4642442e-01   1.6729601e-01
   5.8433080e-01  -7.6048316e-01
  -9.6244212e-02   1.2419608e-01
   2.6556814e-01  -2.7165189e-01
   6.3296252e-01  -9.9817184e-01
  -3.9234905e-01   5.8282139e-01
   1.8545901e+00  -1.7435066e+00
   2.3612999e-02  -3.2673784e-01
   1.2979098e+00  -1.1669409e+00
   4.6349500e-01  -4.2734115e-01
   2.6532988e+00  -2.5645406e+00
   1.6532754e+00  -1.4332121e+00
   6.8581105e-01  -9.8266836e-01
   1.1136036e+00  -1.4653471e+00
  -9.5910830e-01   9.1780968e-01
  -6.4009637e-01   7.1467257e-01
  -5.8526634e-02   3.1079348e-02
   1.9694185e-02   2.7941538e-01
   1.4627516e+00  -1.5194861e+00
   1.2833613e+00  -1.6518000e+00
  -4.3908835e-01   2.2176545e-01
   8.1130538e-01  -4.6746953e-01
  -3.3506631e-01   3.9030943e-01
   2.2711470e+00  -2.5098424e+00
   1.1663095e+00  -8.8836332e-01
   5.4633778e-02   1.1817663e-03
   9.7371658e-01  -9.1806509e-01
   4.5892401e-01  -3.9877695e-01
  -7.1253776e-01   4.4894189e-01
  -1.3456091e+00   1.5044797e+00
  -5.2298120e-01   5.6353118e-01
  -6.8189495e-01   5.3727314e-01
   2.3069581e-01  -1.1697119e-01
  -1.0387159e+00   1.2349916e+00
   1.6538578e+00  -1.6488234e+00
  -1.1296236e-01   3.2312856e-01
   7.1874070e-01  -6.6954897e-01
   4.0731705e-01  -2.5330348e-01
   1.1797821e+00  -1.2560744e+00
  -1.1969236e+00   1.1718099e+00
   4.3506699e-01  -2.3181619e-01
  -2.9944771e+00   2.5048861e+00
  -1.1209956e+00   9.4521917e-01
  -1.4353626e+00   1.3263693e+00
   7.6795825e-01  -6.2665854e-01
  -1.6137827e-01   2.5243794e-01
   6.5647493e-01  -1.0738768e+00
   9.3173637e-01  -7.9499605e-01
  -1.1566343e+00   7.4767303e-01
  -3.6875519e-01   2.0991848e-01
  -2.8848830e-01   3.5028852e-01
  -6.7568241e-01   4.6237797e-01
   1.1932821e+00  -1.3155943e+00
  -9.4956809e-01   6.9625680e-01
   1.1173799e+00  -1.1537043e+00
   1.5159093e+00  -1.3993011e+00
  -1.6789243e+00   1.7755491e+00
   5.9914040e-01  -1.6606119e-01
  -2.0473885e-02   7.2892639e-02
  -7.3734152e-01   1.1727407e+00
  -2.6046842e-01   1.2639949e-01
   4.1618300e-01  -2.7379302e-01
   1.3677529e-01   1.1621187e-02
  -3.3961880e-01   6.8334108e-01
  -1.0318114e-01   8.6249092e-02
  -7.7319346e-01   7.9123667e-01
  -2.6044776e+00   2.0977776e+00
   8.6209882e-01  -7.5338996e-01
  -8.4039948e-01   9.6442934e-01
  -1.2875179e+00   1.3229523e+00
  -1.2698214e+00   1.3705579e+00
   5.0339825e-01  -1.1231460e-01
  -4.7326877e-01   6.6850595e-01
   5.3246086e-01  -6.9625085e-01
   1.6096621e+00  -1.7475629e+00
   9.5049553e-01  -8.0878422e-01
   5.9455141e-01  -1.0133219e+00
   4.5250676e-01  -3.8764572e-01
   1.2064799e-01  -1.9013376e-01
  -5.3555338e-01   6.4797590e-01
  -1.5206919e+00   1.3235708e+00
   5.7979980e-01  -5.5296660e-01
  -1.6772356e+00   1.4373455e+00
  -1.8530189e+00   1.7189087e+00
  -1.4190086e+00   1.3963284e+00
   7.8371433e-01  -7.7940221e-01
   6.2468582e-01  -1.4415210e-01
   1.5989273e-01  -2.0718556e-01
  -4.0982902e-01   6.0608170e-01
  -1.0585199e+00   9.9437040e-01
  -1.7113666e+00   1.2706826e+00
  -1.2941962e+00   7.8621549e-01
  -4.9841315e-01   6.0250753e-01
  -2.4768824e+00   2.2753626e+00
  -4.3464529e-01   5.9010753e-01
   4.1162332e-02   2.9509899e-02
  -1.4716382e-01   4.4757461e-01
   1.8752278e+00  -1.9513152e+00
   6.6065500e-01  -5.4568661e-01
   5.7418988e-01  -7.5761763e-01
  -8.2925100e-01   8.5526464e-01
  -6.0474587e-01   3.5224113e-01
  -1.1477658e+00   1.0502154e+00
  -4.0322099e-01   4.7483517e-01
   1.7602984e+00  -1.6729994e+00
  -7.1061832e-01   5.9641035e-01
  -4.6104971e-01   4.8194937e-01
   1.5302550e+00  -1.6364854e+00
  -1.0842183e+00   1.0301357e+00
   6.9603854e-01  -5.1066946e-01
   9.0492792e-01  -9.7314272e-01
  -2.2872661e+00   2.2828470e+00
  -1.0331606e-02  -2.1982602e-01
  -6.8831268e-01   4.1854904e-01
   2.2304722e-01  -7.2246209e-02
  -2.5221670e-01   4.5720462e-01
   1.2515937e+00  -8.9137629e-01
   4.1464706e-01  -4.4813283e-01
   1.3767920e+00  -1.5710390e+00
  -9.3354886e-01   1.1358625e+00
   3.9199848e-01  -2.1831166e-01
  -8.9273772e-01   8.1387814e-01
   7.4325747e-01  -4.2865424e-01
   8.9444861e-01  -8.9263880e-01
  -8.0542556e-01   6.2796998e-01
  -1.4245311e+00   1.3590127e+00
  -9.8046741e-01   1.1940872e+00
  -6.3983170e-02  -3.9867392e-02
  -3.2927430e-01   3.7395686e-01
  -2.5644170e-01   6.4656370e-01
   3.7671896e-01   2.2214855e-02
   1.6731839e-01   2.0822006e-01
   1.4931792e+00  -1.2087084e+00
  -3.3023579e-01   3.5101300e-01
   5.4818228e-01  -4.1202433e-01
  -4.1736358e-01   2.6017193e-01
   1.4933245e+00  -1.8507609e+00
   4.2428357e-01  -3.6192472e-01
   1.5612385e+00  -1.6111722e+00
  -1.4508329e+00   1.5853249e+00
  -1.6452144e+00   1.4694754e+00
  -5.8152697e-01   4.8127225e-01
   1.5940077e-01  -1.9993953e-01
   5.4221782e-01  -3.0614203e-01
  -9.0407537e-01   7.2184360e-01
   7.3515760e-01  -6.6994064e-01
  -2.6751125e-01   3.7489448e-01
   8.5449953e-01  -9.8849207e-01
   1.1151583e-01   2.7517221e-02
   1.2614043e+00  -1.2112043e+00
   1.1517871e+00  -1.0462883e+00
  -1.6726321e-01   1.2809621e-01
   1.5404425e+00  -1.9640826e+00
   1.3855987e+00  -1.2343423e+00
  -1.1133978e+00   1.0138114e+00
  -1.3562789e+00   1.6661694e+00
   1.0529646e+00  -1.0067132e+00
   6.1804190e-01  -4.1228454e-01
  -8.5472039e-02   2.3028669e-02
   5.1573338e-01  -6.0323836e-01
  -1.2270358e+00   1.1323916e+00
  -1.1237070e+00   1.0039505e+00
   3.1508221e-01  -2.9944685e-01
   2.7132687e-03   3.3358426e-01
   8.2546453e-01  -1.1514506e+00
  -1.0488809e+00   1.1708229e+00
  -6.2440843e-01   7.8539043e-01
   9.9559880e-02   1.9051769e-01
   1.8029995e+00  -1.7971894e+00
  -1.8345961e+00   1.8339828e+00
  -1.7872610e+00   1.6442799e+00
   7.7292957e-02  -1.8154197e-01
   8.8345756e-01  -8.0967399e-01
   6.7995684e-01  -6.0223241e-01
   1.2096083e-01  -4.6552811e-01
  -8.3059957e-02  -2.0679108e-01
  -1.3543024e+00   1.0632955e+00
   7.2384674e-01  -4.6953659e-01
  -9.3525330e-01   1.2453284e+00
  -1.3860009e+00   1.3946822e+00
   1.0744315e-01   7.3657744e-02
  -7.4438724e-01   5.3936676e-01
   1.1785861e+00  -1.0864390e+00
  -4.4732119e-01   3.9912886e-01
  -7.3633840e-01   8.0929396e-01
   1.0574681e+00  -1.1173463e+00
   1.6545075e-01  -2.2109835e-01
   1.8743610e+00  -1.9575440e+00
  -3.4422185e-01   4.9873808e-01
  -1.1723685e-01   5.3925594e-01
   2.3823651e-01   4.7055943e-03
   1.4570649e-01   1.8365237e-01
  -8.0994309e-01   1.1084260e+00
   5.2404761e-01  -6.6914310e-01
  -1.6945293e+00   1.4988995e+00
   3.1105940e-01  -2.3612412e-01
  -1.3481553e+00   8.8992399e-01
   4.0243037e-01  -4.7483216e-01
   9.2028855e-01  -1.0830708e+00
   4.8520075e-01  -6.6599051e-01
  -4.9479279e-01   6.1863471e-01
   1.9373283e-01  -4.6738597e-01
  -2.2223065e-01   1.3763326e-01
  -1.3914507e+00   1.4825995e+00
  -8.5542728e-01   7.2065126e-01
   2.5975746e+00  -2.7785303e+00
  -3.1338510e-02  -6.3897463e-02
  -1.3306594e+00   1.3709581e+00
   3.0123212e-01  -3.6224802e-01
  -7.3329024e-01   8.5900858e-01
   7.7026956e-01  -9.6093479e-01
  -1.4610362e+00   1.5777313e+00
  -1.7410250e-01   3.6206562e-01
   2.4592627e-01  -1.5858340e-01
  -1.5681678e+00   1.6741710e+00
   6.0889036e-01  -6.9087475e-01
   1.3655040e+00  -1.4076641e+00
   1.1447387e+00  -1.2901860e+00
   4.5947911e-01  -4.7599000e-01
  -6.6367626e-01   9.9884210e-01
   9.6051518e-01  -7.6165224e-01
  -8.1366143e-02   3.7190224e-01
  -1.3707096e-01   5.7819011e-01
   8.1524524e-01  -9.3499871e-01
  -2.7419710e-02   5.4166038e-01
   7.7525699e-02   1.9709927e-01
  -5.0672371e-01   2.0648882e-01
  -1.1822667e+00   1.0310882e+00
  -5.4835510e-01   5.5351000e-01
   1.1839987e+00  -1.1557748e+00
  -1.3485613e+00   2.6523092e+00
  -2.9303234e-01   3.1993331e-01
   2.1452868e-01  -1.6401502e-01
  -8.0989089e-02   2.5510760e-01
   1.7175181e+00  -1.5344755e+00
  -3.9848455e-01   6.0067368e-01
  -5.8966545e-01   5.8268870e-01
  -4.5687502e-02  -2.9672761e-02
   3.8121589e-01  -1.7229445e-01
   1.7477649e-01  -1.2395935e-01
  -5.1759281e-01   5.1291066e-01
   6.8229334e-01  -4.9677879e-01
   1.0604701e+00  -9.6194783e-01
   1.6842589e+00  -1.8727486e+00
   1.0733390e+00  -1.1651797e+00
   6.5483384e-01  -4.4942309e-01
  -1.1849090e+00   1.1148318e+00
  -4.4544150e-01   2.5635051e-01
  -1.1444093e-01   4.6065949e-01
  -1.4979705e+00   1.5359990e+00
  -7.9971441e-01   7.9757035e-01
   7.6927520e-01  -6.7876331e-01
  -1.3466135e+00   1.8311155e+00
   5.5497863e-01  -6.8108127e-01
   4.8122084e-01  -1.9974492e-01
  -6.4210004e-01   4.3978230e-01
   1.4947285e+00  -1.6096332e+00
   1.2910585e+00  -1.4872347e+00
   1.6065133e-01   9.7439304e-02
   1.1471978e-01   4.7003042e-02
  -5.1182555e-01   6.4434783e-01
  -4.1324891e-03   7.3488153e-03
  -7.3367015e-01   7.4835634e-01
  -1.2434609e+00   1.3670650e+00
   9.7662592e-01  -8.1468912e-01
   2.4884904e-01  -2.8329875e-01
   6.7055171e-01  -6.4397138e-01
  -4.8967829e-01   5.3580910e-01
  -5.2359673e-01   4.1347468e-01
  -2.2109498e-02   1.0510753e-01
   2.5912341e-01  -1.6834532e-01
  -7.2959359e-01   3.0843730e-01
   1.0049581e+00  -1.0802541e+00
  -1.3555029e+00   1.6383107e+00
  -2.3438101e+00   2.7506014e+00
   2.7063461e-01  -6.4021094e-01
  -2.1387433e+00   2.0233205e+00
   6.8523109e-01  -5.9252303e-01
   1.7509116e+00  -1.8522915e+00
  -5.0707286e-01   5.5173882e-01
  -1.4369084e+00   1.0831948e+00
  -1.6035320e+00   9.7956282e-01
  -3.6799088e-01   4.5580806e-01
   1.2755333e+00  -1.3731276e+00
  -4.9824996e-01   9.1497513e-01
   1.6732360e+00  -1.6703033e+00
   3.9082584e-02  -1.7078287e-01
   1.1298485e+00  -1.1775502e+00
   4.4786514e-01  -5.5531919e-01
   2.7916755e-01  -2.8411203e-02
  -1.1040504e+00   6.9036987e-01
  -8.5639382e-01   9.6536709e-01
   1.3133042e+00  -1.4638109e+00
  -9.2272640e-01   7.8399564e-01
  -8.2238289e-02   2.2507623e-01
   5.4018782e-01  -4.6391067e-01
  -2.1184289e-01   4.4314874e-01
  -2.0509678e-01   6.5251087e-02
  -7.1335988e-01   1.0534477e+00
  -1.3250620e+00   1.2523460e+00
  -7.9420983e-01   7.8824359e-01
  -7.8099877e-01   5.8849972e-01
   3.5642445e-01  -3.7311884e-01
  -4.9850926e-01   5.2687941e-01
   8.5680743e-01  -6.2570371e-01
  -1.9901366e+00   1.8695225e+00
   1.6101471e+00  -1.7926649e+00
  -8.9479785e-01   8.8829118e-01
   4.0945478e-01  -3.9088763e-01
  -1.2020819e+00   1.3605921e+00
  -1.4908111e-01   1.5661758e-01
   1.0562987e+00  -9.9015074e-01
   7.2001325e-01  -8.4204084e-01
  -2.1813788e+00   1.9209192e+00
   4.7758236e-01  -5.3201482e-01
   7.8759322e-01  -4.0042938e-01
   3.7607661e-01  -3.6556194e-01
   1.0287608e+00  -1.0806266e+00
   2.2529079e+00  -2.6485793e+00
   8.9865726e-02  -1.8961783e-01
  -7.2901711e-01   5.9245951e-01
  -8.7809741e-01   1.1872203e+00
  -8.7844891e-01   3.1673323e-01
   6.1497918e-01  -4.7083164e-01
  -1.3725865e+00   1.2850905e+00
   3.2475143e-01  -1.7604403e-01
   1.5066517e-01  -9.7907365e-02
   1.0805539e+00  -8.9484232e-01
   2.9997157e-01  -2.7292758e-01
  -6.8134946e-01   7.0572585e-01
   9.1225202e-01  -9.9410346e-01
   7.6366041e-01  -6.1699753e-01
  -7.4581505e-01   9.6869228e-01
  -2.5693894e-01   4.0922457e-01
  -6.2766566e-01   2.8408187e-01
   1.0643072e+00  -8.8924184e-01
  -3.0588792e-01   4.2145471e-01
  -1.8686679e-01   4.9283724e-01
   5.7515225e-01  -5.8438221e-01
   4.7796331e-01  -4.7552860e-01
  -1.7509435e-01   2.5318885e-01
   8.4512156e-01  -6.7077419e-01
  -2.6917822e-01   7.9544046e-02
  -3.6090990e-02   1.9478292e-01
  -2.3712684e+00   1.8659157e+00
   4.0643485e-01  -2.6051914e-02
  -9.0062296e-01   8.4302272e-01
  -4.2508748e-01   2.9768812e-01
   4.9652658e-01  -3.1170954e-01
   7.9544655e-01  -4.4853992e-01
  -3.1789431e-01   3.5689471e-01
   5.3345494e-01  -3.8780913e-01
   3.8477637e-01  -6.5360843e-01
  -1.1171299e+00   1.0425005e+00
  -8.1821921e-01   8.5401386e-01
   4.8142183e-01  -6.2292853e-01
   3.9227253e-01  -4.7938652e-01
  -1.5368918e+00   1.5609762e+00
   1.4379392e-02  -1.1756075e-01
   9.8230216e-02  -3.7241555e-02
   1.9007554e-01  -4.2521027e-01
   1.0668170e+00  -8.7649502e-01
   3.7772427e-01  -5.7943664e-01
  -1.0267346e-01   2.3540569e-01
  -1.1663122e+00   1.3083805e+00
   6.3060856e-02   1.0444206e-01
   1.0800411e+00  -9.2055524e-01
  -1.0662363e+00   9.8459260e-01
  -4.9900999e-01   4.0374635e-01
  -1.3380164e+00   1.3277613e+00
   4.3155756e-01  -2.0370899e-01
   7.9426460e-01  -6.9908041e-01
   1.7242099e+00  -1.6914692e+00
  -1.5264936e+00   1.4245635e+00
   8.5118645e-01  -5.9757886e-01
   1.7722267e-01   2.1855616e-01
  -1.8857784e-01   1.3107907e-02
  -4.3950758e-01   1.6682408e-01
  -7.5381229e-01   6.4472948e-01
  -1.2426799e+00   9.4564487e-01
   2.5326369e+00  -2.5010910e+00
   1.8963389e-01   1.5000628e-01
  -6.8543110e-01   7.2376677e-01
  -1.4787985e+00   1.5474682e+00
  -8.4490614e-01   9.9569457e-01
   1.4169798e+00  -1.1373740e+00
  -1.3221516e+00   1.3473987e+00
   9.9937682e-02  -3.3659337e-01
   1.2842628e-01   3.4651040e-01
  -1.4285504e+00   1.3103693e+00
  -7.1865630e-01   8.6006153e-01
  -3.0187189e-01   1.9804659e-01
  -2.1508614e+00   2.1684178e+00
  -2.2277809e+00   1.8249552e+00
  -1.5075246e+00   1.5955332e+00
  -1.0172583e-01   3.2438330e-01
   2.0688518e+00  -2.0438777e+00
  -1.1716066e+00   9.6289907e-01
   1.1340010e+00  -1.1672705e+00
   4.0226281e-01  -4.7931335e-01
   7.3988385e-01  -6.3107745e-01
  -1.3063311e+00   1.4194581e+00
   1.3833802e-01  -7.5664131e-02
  -5.1121838e-01   6.0595820e-01
  -2.4497095e+00   2.3498564e+00
   1.5338453e+00  -1.6617964e+00
  -1.3450598e+00   9.9354611e-01
   1.6866270e-01   3.2220576e-03
  -1.0115423e+00   3.7608032e-01
  -1.0467768e+00   8.8650589e-01
   2.2561508e-01  -2.6699411e-01
  -2.4015596e-01   3.9238434e-01
  -1.4781167e+00   1.4657358e+00
   9.4789449e-01  -1.1318491e+00
  -1.3386556e+00   1.0936541e+00
