   1.1048609e+00  -2.0417473e+00
  -2.2446334e-01  -9.1274907e-01
  -2.1654934e+00   2.3033023e-02
   7.5113948e-01   1.7778323e+00
  -1.9495762e-01   1.4287535e+00
  -9.3748222e-02   3.4203680e-01
  -3.7079107e-02  -1.4487519e+00
  -9.6870672e-01  -6.5402448e-01
   4.2244651e-01   1.1432888e+00
   7.4780357e-02  -2.9844329e-01
   2.5747662e+00   5.8038870e-01
  -1.8429397e+00   1.1421811e+00
  -9.9769892e-01  -9.0590639e-01
  -1.1700664e+00  -3.7353517e-01
   8.3079842e-01  -1.4618940e-01
   7.0184914e-01  -2.8263367e-01
  -3.1035040e-01   1.8700445e+00
   1.5968494e-01  -1.8152675e-01
   1.0145098e+00  -2.7293998e+00
  -1.4065350e+00  -4.9766056e-01
   1.0077715e+00  -4.4816538e-01
   5.4072213e-01   1.0189710e-01
  -6.7540278e-01   2.2602047e-01
  -1.7644207e-01  -6.3066943e-01
  -2.6157057e-01   1.6959903e+00
   2.8852762e-01  -2.4324500e-01
   1.4216486e+00   1.5179310e+00
   7.4417447e-01   5.2195573e-01
   7.6970856e-01  -4.4939263e-01
  -2.7952819e-02   6.6607880e-02
   2.5243935e+00   8.8323644e-01
   1.3526991e+00   1.8996916e+00
  -6.9157589e-01  -2.1587121e+00
  -5.2000204e-01   6.8133249e-01
  -1.1290259e+00   1.0361535e+00
   9.6443161e-01  -2.5309680e-01
   3.0365832e-01   2.5425661e-02
  -1.3134722e+00  -4.9161892e-01
  -1.1243187e+00  -1.8421114e+00
  -3.4927845e-01  -6.6816751e-01
  -2.9689816e-01  -1.7878959e+00
  -7.4240510e-01  -6.1779032e-01
   4.5181463e-01   9.6473566e-01
   1.4305501e+00   4.1013255e-01
   4.9607398e-01   2.5144802e-01
   1.3215906e+00   8.3789476e-01
  -1.5189447e+00  -4.9777344e-01
  -4.1806698e-01   8.9718631e-01
  -9.2742497e-01   6.6755198e-01
   9.7687289e-01   3.9611448e-01
  -7.4278465e-01  -7.9735889e-01
   1.8315659e+00   1.3496155e+00
   4.4388477e-01  -2.9109436e-01
  -1.8517636e+00   1.0302963e+00
  -7.2483192e-01  -1.3401229e+00
  -1.1325441e+00  -5.4026001e-01
  -8.4391599e-01  -3.8061281e-01
  -9.3556614e-01   1.0166027e+00
  -7.5255996e-01   1.1478897e+00
  -4.1657237e-01  -1.8772300e-01
  -4.5481757e-01   2.7657091e-01
  -7.0047744e-01  -3.1494630e-01
  -1.3745948e+00  -3.7382271e-01
   1.0344559e+00  -3.1443856e-01
   2.4146138e-01   1.5383563e+00
   9.0634636e-01  -1.5803354e+00
   2.5986199e-01   2.0493637e-01
   2.4819635e-01   1.6544353e+00
   4.1984581e-01   9.5661132e-01
  -9.6103426e-01   8.4161556e-01
  -1.4958276e+00   1.1364089e+00
   1.3140515e-01   6.9889836e-01
   7.9241743e-01   6.1065615e-01
  -2.9390325e-01  -1.0011413e+00
  -3.0282754e+00  -8.9050675e-01
   5.7047381e-01  -2.2633609e-01
   6.5393264e-01   1.7065366e+00
   2.2043786e-01  -2.4611732e-01
   3.5476180e-01   1.5252637e-01
   1.4489766e+00  -7.3167278e-02
  -1.6088671e-01   1.5954423e+00
   1.3762462e-01   4.6609621e-02
  -1.7236447e+00   9.5336017e-01
  -9.4813176e-02   1.4128772e+00
  -6.8747593e-01   1.7468446e+00
   1.7205521e+00   3.9400261e-01
   1.0085173e-01  -1.0558531e-01
  -2.6541700e-01   1.2775072e+00
   7.6573002e-01  -8.2886413e-02
   6.5909098e-01  -1.9506621e-01
   1.8297076e+00   2.1530860e+00
   1.5243908e+00   1.7571786e-01
   1.8015585e+00  -2.6052006e-02
  -1.0637383e+00  -1.1917235e+00
  -8.7706901e-02   3.9208477e-01
  -1.6612443e+00   1.0818608e+00
  -2.2174120e-01   9.0330233e-02
  -4.9232658e-01  -3.5900759e-01
   2.4083858e+00   1.7732200e+00
   2.9316625e-01  -2.3833268e-01
  -5.5226698e-01  -1.6183763e+00
   1.4562204e+00   1.8504644e-01
  -1.7464492e+00  -6.7302801e-01
   2.3421853e-02   9.9248963e-01
   4.6265540e-01  -6.7371967e-01
  -1.8819549e-01  -1.2358212e-01
   5.3788297e-01  -2.0973605e-01
   1.2017103e+00   1.9310156e-03
  -1.8945235e+00  -5.3623813e-01
  -8.7475158e-01  -6.3628338e-01
  -1.4619626e+00  -8.8614782e-01
  -6.8372474e-01  -1.3962356e-01
  -1.3437033e+00  -3.5412753e-01
  -6.8825045e-01  -3.1420170e-01
   1.6416270e-01   2.7070473e-02
  -2.2756634e-03  -1.3958334e-01
   4.1177534e-01  -8.5397925e-01
   6.9321771e-01   2.9398573e-02
  -5.3505698e-02  -8.6749617e-01
   7.4913547e-02   1.0107360e-01
   1.3225796e+00   9.4704847e-01
   1.4046500e+00   5.8249476e-01
   3.9568199e-01   7.4911450e-03
  -3.7331838e-01  -4.0017897e-01
   4.9256531e-01   9.8602911e-01
  -1.2200175e+00   1.0229014e+00
   1.1517175e+00   1.9573332e+00
  -9.3004653e-01  -2.4129564e-01
   6.9850666e-01   2.1739285e+00
   6.2988206e-01  -2.7213522e-01
  -6.2068486e-01   1.6040488e-03
   1.3826730e+00  -1.8073326e+00
   1.3126017e+00  -7.2419593e-01
   4.1043272e-01  -1.7210715e-01
  -4.5221865e-01  -2.7882496e-01
  -1.7614888e+00  -7.6409755e-01
   1.2124042e+00   5.4168911e-03
  -6.2796438e-01  -1.4549424e-01
  -7.6174125e-01  -2.4454505e+00
  -1.9775415e-02  -9.0846309e-01
  -1.5952448e+00  -7.1402574e-01
   2.5523581e-01  -3.3763553e+00
   2.7016823e+00   2.4432639e+00
   1.9843038e-01  -4.0756276e-02
  -2.2681678e-01  -3.0994886e-01
  -1.0632265e+00  -6.0218764e-01
   2.7870593e+00   2.3308673e+00
  -1.9273164e+00  -9.0552736e-01
  -3.0686499e-01  -2.9687015e-01
   8.8416886e-01  -2.6032905e-01
   1.2186206e+00   1.7673843e+00
  -1.7047122e+00   1.2376866e+00
   5.1125382e-01   3.9829050e-01
  -8.8215199e-01  -9.0376284e-01
  -1.6511333e+00   4.4708340e-01
  -4.6064922e-01  -1.2453355e-01
   2.5057204e+00   7.7293989e-01
   4.7790308e-01  -1.1709173e-01
   3.5089480e-01  -1.0030295e-01
   6.9529207e-01   8.0304055e-01
   2.5113133e-02  -4.3360163e-01
  -1.4082873e+00  -9.6723861e-01
  -7.1149376e-01  -3.5286196e-01
  -9.5582421e-01  -4.9244908e-01
  -9.3788390e-01  -1.3392326e+00
   1.0658293e+00  -2.5528250e+00
  -1.1397190e+00  -1.0909557e+00
   8.7572321e-01   1.8395496e+00
   4.1846157e-01  -6.4167068e-01
   5.9393317e-01  -1.5668853e+00
  -1.5568721e+00   2.0937066e-01
   3.2500894e-01   2.3309242e-01
  -1.0929449e+00  -9.3238274e-01
   1.4773912e+00  -7.6122243e-03
  -5.5617169e-01  -8.8999190e-01
   7.1642117e-01   1.9913909e-01
   4.5837400e-01  -1.4304916e+00
  -8.2298500e-01   1.7101434e+00
   5.1846752e-01   7.3624535e-01
  -1.5517932e+00  -1.1916901e+00
  -2.7425457e-01  -1.6072004e+00
  -3.4498363e-01   1.3205575e+00
   1.0853946e+00   5.1078890e-01
  -5.0410304e-01  -3.3381236e-01
  -1.1752379e+00   1.1419733e+00
   1.5308641e+00   1.8241009e+00
   1.7662652e+00  -4.7759341e-01
  -1.2960742e+00  -5.3432768e-01
  -1.9034145e+00   7.2713749e-01
   6.1990718e-01   1.3836648e+00
  -1.2103834e+00   5.8952319e-01
  -1.2229681e+00  -1.6376528e+00
  -3.2371015e-01  -2.3637431e+00
  -3.4971331e-01  -4.1837390e-01
   6.2465708e-01  -5.7565344e-01
   2.0099721e+00   4.3989713e-01
   1.0882903e+00  -1.1114327e-01
  -1.3888674e+00   1.3872777e+00
  -1.1557296e+00  -8.2759349e-01
   2.3272573e-01   2.2903496e-01
  -7.4430508e-01   7.7468675e-01
   1.0518499e+00   2.3146599e+00
   1.8863311e+00  -3.2495746e-01
   1.8364964e+00   2.4780126e+00
   3.8808445e-01   1.4263475e+00
  -3.8229393e-01  -5.2701703e-01
   4.0749025e-01  -8.0527999e-01
   1.2601936e+00   2.1654396e+00
  -4.9888700e-01   2.1791757e-01
   5.6467239e-01   3.1720780e-01
   2.7232548e+00   5.9745772e-01
  -1.2449325e+00  -4.7255194e-01
  -1.7351850e+00  -2.7945479e-01
   1.3502533e+00   1.1222624e+00
  -8.0414954e-02  -1.7764042e-01
   1.7304053e-01   2.6409582e-01
  -1.1525427e-01  -1.8383906e-01
  -6.2586574e-01   4.5381773e-02
   2.0455990e+00   2.1458073e+00
  -1.2030874e-01   1.7453175e+00
   7.9934821e-01  -4.2105020e-01
  -3.4315336e-01  -1.1377320e+00
  -1.9595273e+00  -5.9152161e-01
   3.5186371e-01   5.0481911e-01
   8.3091013e-01  -2.4877151e-01
   3.4085095e-01   1.5221553e+00
   2.8045097e-01   1.5757216e+00
  -1.3325841e+00  -1.5550683e-01
   4.8094760e-01   1.7173194e+00
  -1.1185500e+00  -4.9742792e-01
  -3.6159420e-01  -4.7545990e-01
  -1.2239066e+00  -8.5372172e-01
   4.6283791e-01   1.5811249e+00
  -3.7518198e-01  -1.2490003e+00
   2.1367480e-01   2.2255613e-01
   2.7168066e-01  -4.2825336e-02
  -3.2993150e-02  -5.2700746e-01
  -1.2576567e+00  -3.5113432e-01
  -2.1997022e-01  -1.1780835e+00
   1.6005079e-02   5.7959029e-01
   1.8811871e-01  -7.5274362e-01
  -2.1908013e+00   7.2170644e-01
  -1.8093276e+00  -6.5168796e-01
  -1.2462938e+00   1.1214267e+00
   7.3673143e-01  -1.3485560e+00
  -2.8690533e-01   2.1779277e-01
  -7.1153469e-01  -1.7565422e+00
   4.1543715e-01   2.3704686e-01
   8.6951449e-01   1.6516368e+00
  -9.0784100e-01   1.5762926e+00
  -9.6376808e-01  -7.4125498e-01
  -4.2873156e-01   1.5127884e+00
  -1.0207771e+00  -2.3399830e-01
   5.1100432e-01   2.0449380e+00
  -7.1140370e-01  -7.2706562e-01
   7.6413141e-01  -8.7133212e-02
   3.5212478e-01  -1.6097069e-01
  -7.8176972e-01  -1.0850747e+00
   7.4507380e-02  -9.8370988e-01
   6.1907372e-01   9.0892879e-02
   7.4239230e-01   3.6315236e-01
   2.1902954e+00   3.0098234e-01
   1.3092303e-01  -5.6292953e-02
   6.5969166e-01   2.1628510e-01
   2.3520690e-01   7.7822777e-01
  -1.6324066e+00   8.4202529e-01
   1.1162312e+00  -1.4199514e+00
   6.9217238e-01   2.4051795e-01
   1.0863178e-01  -6.1033760e-01
   8.8765811e-01   1.8908806e-01
  -6.8561363e-01  -2.3695105e-01
  -4.9536912e-01  -5.5655136e-01
  -7.9424034e-01  -2.2854449e+00
  -5.3121683e-01   1.2720735e+00
  -1.7537497e+00   1.0518711e+00
  -3.4022928e-01  -6.2150509e-01
  -2.6717300e+00  -8.3675045e-01
  -2.1899314e+00  -6.8732022e-01
  -1.2278606e-02   2.2065990e+00
   3.4621822e-01   7.2878399e-01
  -1.5140177e+00  -7.8555974e-01
  -6.0217199e-01   9.6431379e-01
  -2.5152341e-02   1.2819650e-01
   4.5573131e-01   1.9433333e+00
  -2.0070201e+00  -1.1925562e+00
  -5.2969015e-01   1.3370701e+00
   1.8886533e-01  -1.8973727e-01
   1.5061159e+00   2.4863294e+00
   2.6923146e-01  -5.2849251e-01
  -1.9438834e+00  -8.0879386e-01
  -9.7221425e-01  -5.5318263e-01
  -5.9794601e-01   4.9258242e-01
   3.2327548e-01   1.7314669e+00
   3.8103618e-01   4.4500736e-01
  -1.4799414e+00  -5.0909086e-01
  -5.7955355e-01  -3.9878321e-01
  -8.5952712e-02   9.9670448e-01
  -1.8798543e+00  -3.9453294e+00
  -1.4897683e-01  -4.5200970e-01
  -2.6234149e-01  -1.0421000e+00
   2.7540400e+00  -2.2503906e-01
  -3.0573260e-01   1.3448681e+00
  -3.3968798e-01   1.8528448e-01
   3.7263570e-02   4.3285954e-02
  -9.4784883e-02  -1.1678759e+00
   6.3108105e-01  -1.5265300e-01
   9.0895243e-01   4.0791880e-01
  -1.9943054e-01  -2.9685209e-01
  -9.6363331e-01   1.2352269e+00
  -1.2066151e-01  -9.0932516e-01
   7.9864316e-01   6.9421340e-01
   1.4111035e+00   2.5204143e+00
   7.8251196e-01   3.2129643e-01
  -1.5910762e+00   1.3096418e+00
  -8.0326570e-01   1.2228928e+00
  -1.5387675e+00  -7.3254899e-01
   3.5751558e-01  -1.3766796e+00
  -1.5214394e+00   1.2891875e+00
  -9.8676311e-01  -9.5117643e-02
  -3.1717979e-01   8.7864565e-01
   2.6603185e-01   2.2266392e-01
   9.3067150e-01  -8.3144174e-01
  -4.7999131e-01  -1.7691049e+00
  -1.3569570e+00  -1.6916029e+00
  -6.7751890e-02   7.3893210e-01
   2.3734524e-01  -5.9457604e-01
  -4.9356895e-01   1.7141775e+00
  -1.0042484e+00  -9.9424928e-02
  -3.5031515e-01  -6.2659598e-01
  -2.7234747e-01   1.4981643e+00
   8.1879955e-01   2.0805685e+00
   3.9046243e-01   1.0314367e+00
   8.6666228e-01  -3.4720432e-01
   9.5210916e-02  -7.5168768e-01
  -1.7875760e-01  -8.0120904e-01
  -1.5206235e-01   4.9476897e-01
  -2.2767282e+00  -8.7219185e-01
  -4.0326044e-01  -6.8662419e-01
   4.0541734e-01   2.5986524e-01
  -5.0201196e-01  -7.0629809e-01
   1.6869278e+00   9.5818823e-02
   9.8203866e-02  -1.7436720e-01
   1.4964274e+00   4.7036284e-01
   1.9199141e-01  -6.3688910e-01
  -5.8449782e-01  -7.2317173e-01
  -5.1315896e-01  -1.5145254e+00
  -3.5434739e-01   1.7436606e-01
   6.1726973e-01   2.7079342e-01
   6.6852658e-01  -1.1375480e-01
  -7.8132155e-01  -5.6238203e-01
   9.7437204e-01   2.3833986e+00
  -6.4013115e-01   2.6243042e-01
   7.8206714e-01  -5.8872411e-01
  -3.9058042e-01  -1.4223764e+00
   2.1795976e+00   6.3956699e-01
   1.2016929e-01   1.4922925e+00
  -1.0413716e+00   1.1369794e+00
  -5.7509418e-01  -2.6524860e-01
  -1.3740195e+00   4.8776074e-01
  -4.9445870e-01  -2.2270774e-01
   7.8508103e-01   2.6948071e-01
  -1.0324013e+00   1.2014010e+00
   6.2197165e-01   1.8560736e+00
  -1.0961396e+00  -1.1822204e-01
   2.8428969e-01   1.9122421e+00
  -9.4939018e-01  -6.6727835e-01
  -2.1933346e-02  -3.8304957e+00
   2.3509447e-01   1.4710047e+00
   4.8581573e-01  -3.1542668e-01
   5.9208185e-02   1.1964448e-02
   2.4527605e+00   1.2799744e+00
   4.7441821e-01  -7.7215295e-01
   9.0775727e-02  -4.6081072e-01
  -6.9112226e-01  -8.1082188e-01
   6.2567958e-01  -5.9547189e-01
   2.1620527e+00   2.1087184e+00
  -1.3455448e+00  -4.2940486e-01
   1.3465880e+00   4.9791750e-01
   9.2819610e-01   6.1988252e-01
  -1.8779462e+00  -2.2505091e-01
  -7.2747000e-01  -1.2289185e+00
   1.7124100e+00  -2.8694576e-01
  -9.6798275e-01  -3.1138989e-01
   9.7038637e-02  -6.6883545e-01
   3.0035752e-01  -1.7095071e+00
  -2.7325770e-01  -1.1806789e-01
   1.7559200e+00   2.4620743e+00
   1.0272275e-01  -1.8105148e+00
   2.4232383e-01  -6.4009460e-02
  -1.5151121e+00  -5.8325000e-01
  -9.1144218e-01  -5.6287832e-01
  -1.6367361e+00  -6.2498018e-01
   5.0744023e-01   1.4436063e+00
  -1.2599146e-01  -9.3967235e-01
  -7.6904946e-01   7.5362261e-02
  -9.2722248e-01  -8.5595211e-02
  -2.9080016e-01  -5.1837542e-01
   7.9606992e-01  -6.9025483e-01
  -1.9884516e+00  -6.2337526e-01
   4.7535254e-01   8.2117165e-01
  -3.5269911e-01  -1.2668733e+00
   4.2317470e-01   5.1026809e-01
   4.2891845e-01  -3.2504641e-01
  -3.5339801e-01  -6.0219273e-01
   1.0366144e-01  -6.3695100e-01
  -5.9157481e-01  -1.6370918e+00
   8.4446991e-01  -7.5432776e-01
  -1.5520826e-01  -3.1887413e-01
   1.3786490e+00   1.1581778e+00
  -2.0205537e-01  -5.3478500e-01
   8.1746088e-01  -7.4196449e-01
   7.0320439e-02   1.4105641e+00
  -3.5773570e-01  -1.2953122e-01
  -3.4062260e-01  -5.2345360e-01
   9.7791831e-01   1.1897666e+00
  -2.3954643e-01  -7.7890946e-02
   1.5553068e+00   5.7890444e-01
   6.8419253e-01   1.1886214e+00
  -6.4431393e-02  -7.6401102e-01
  -3.0169065e-01  -1.3250504e-01
  -1.3235370e+00   1.0252785e+00
   1.1444478e+00  -3.0474364e-01
   5.2097016e-01  -5.5023905e-01
  -7.4294613e-01  -8.3235353e-01
  -1.3087436e-01  -1.1699630e-01
  -1.5961635e+00  -1.9211156e+00
  -9.0359613e-01  -1.0745754e+00
  -1.5847310e+00   1.3591968e+00
   6.2691737e-01  -1.3631082e+00
  -3.3450883e-01  -7.4690172e-01
   3.9467887e-01   4.6743400e-01
  -7.5467852e-01   1.2744971e+00
  -1.6308308e-02   9.7031929e-01
   2.9862954e-01   1.1958081e+00
  -1.2149803e+00  -9.9829650e-01
   1.1107313e+00   3.8811383e-01
   2.1962762e-01   3.5212094e-01
   5.6313292e-01  -2.4323224e-03
   4.0926709e-01   1.8336061e+00
  -3.1167606e+00  -1.1613053e+00
   8.0752498e-01   2.0701053e+00
  -1.7935407e+00   1.0911057e+00
   1.8676658e+00  -5.7369912e-01
   1.0065571e+00   2.3127437e+00
   6.1321587e-01   1.9618554e-01
   3.1190695e-01  -3.4264034e+00
   1.1307797e+00   5.9183076e-01
  -8.8088758e-01  -1.0476189e+00
  -7.1796392e-01  -7.8376977e-01
   3.2884204e-01  -4.9179357e-01
  -1.7052225e+00   1.1113470e+00
  -1.4005827e+00  -5.2130611e-01
   1.5421150e+00  -2.2028334e-01
  -4.8487879e-01  -1.0450402e+00
  -3.5236017e-01  -7.4903091e-02
  -8.9136122e-01   8.1298156e-01
   2.1256242e+00  -8.6573052e-01
  -6.0623923e-02  -1.7060603e-01
  -1.4734682e-01   1.2039769e+00
   1.8100653e-01   1.8390584e-01
  -3.6308482e-01  -7.4979095e-01
   1.2970533e-01   4.4739757e-01
   5.5649268e-01  -1.3414846e-01
   6.3985404e-01  -3.6900917e-02
   1.3519820e+00   7.4435170e-01
   7.7005373e-01  -5.7796806e-01
  -7.4334203e-01  -3.5634553e-01
  -7.1693555e-01  -5.0561488e-01
  -1.0286656e+00  -5.6337742e-01
   8.6699268e-02   4.4043204e-02
  -7.5265487e-01  -2.6355748e-01
   5.0185400e-01  -4.1031334e-04
  -1.5935626e+00  -6.7016573e-01
  -1.1070066e+00   1.0774123e+00
  -6.0919584e-03  -1.4784376e-01
   8.5251886e-01   6.3567807e-02
   1.4413584e+00   1.9011812e+00
  -5.4802590e-01   1.4421976e+00
  -7.8332425e-01   8.2473857e-01
   2.8296411e-01  -1.4784695e-01
   4.1803764e-01  -6.6198695e-01
   2.7777489e-01  -5.3209859e-01
  -9.9057305e-02   1.8850066e+00
  -1.5290140e+00  -1.2994985e+00
   1.5965498e-01  -2.2978168e-01
   1.6583794e-01   1.4095380e+00
   1.0984674e+00   1.4758339e-01
  -8.8287864e-01   8.8922815e-01
   5.2734584e-01   1.9621769e-01
   8.1615950e-02   3.8426537e-01
   4.6757122e-01  -5.2511947e-01
   1.0363612e+00  -4.7538156e-01
  -7.5196639e-02   1.2292222e+00
   1.5751630e-01  -1.0279867e-01
   5.2890958e-01   1.2754960e+00
  -1.9654566e-01  -8.3472742e-01
   4.0655357e-01  -8.3437743e-01
  -5.2144518e-01   4.2705803e-01
  -3.1789182e-01  -7.3779092e-01
   9.9657099e-01   1.8725328e+00
  -5.5429068e-01   1.1707768e+00
   7.0975468e-01   2.3826077e-01
   3.6187497e-01  -7.5209389e-01
  -6.5407546e-01  -2.2359473e-02
  -7.7077544e-02  -1.6958162e-01
  -7.2940553e-02   1.0028510e-01
   3.9020264e-01   4.4846396e-02
   1.6106082e+00   5.7661165e-01
   1.9785903e-01   3.9573015e-01
  -4.5612363e-01   1.6375570e-01
  -2.8339914e-01  -2.0334139e+00
  -7.1040126e-01  -5.7300222e-01
  -9.5044963e-01  -9.6754834e-01
   1.3242452e+00   2.3747560e-01
   6.4216761e-01  -6.9946751e-01
  -6.3090657e-01  -5.0900859e-01
  -7.6655487e-01   1.4318889e+00
  -3.6521706e-01  -3.7410587e-01
   9.8701231e-01   8.2319809e-02
   2.8195734e-01  -1.0957232e-02
  -5.6489220e-01   5.9222260e-01
   3.2121646e-02   9.2125681e-01
  -1.5710973e+00  -7.1728095e-01
   5.3205173e-01  -1.9682925e-02
  -1.1979658e+00  -1.0491293e+00
  -2.1873470e+00   6.4936175e-01
  -3.0727595e-01  -3.8244959e-01
   8.1897589e-02   2.1566417e+00
   2.0732050e-01   1.8270399e+00
  -5.4036699e-01  -8.7349741e-01
   6.3048312e-01  -3.2345836e-01
  -9.3313830e-01  -7.7399990e-01
   4.3830349e-01   4.6907240e-02
   2.9873814e-01  -7.1662315e-01
   1.8429973e+00  -4.4152878e-03
   1.7440031e-01  -2.0330440e-01
   1.7990784e-01   1.4547305e+00
  -4.9723195e-02  -4.4976443e-01
   2.3053271e-01  -2.9070010e-01
   1.7268724e+00   2.0762627e-01
   1.2529239e-01  -1.0682469e+00
  -4.7213079e-02  -7.2503915e-01
   1.5811249e-01  -1.4050371e+00
   2.1198980e-02  -2.0572718e-01
  -9.8714917e-01  -2.2612786e+00
   1.1139607e-02   1.0451423e+00
  -7.8610769e-01   2.2434851e-01
   2.7323268e-01   3.3625269e-01
  -9.0345111e-01  -1.2917943e+00
   1.4791593e+00   5.5689649e-01
   5.3503446e-01  -1.0945190e+00
  -7.4789288e-01   1.2631525e+00
   5.2045455e-01   1.2544387e+00
   8.5635048e-01   1.2565863e-02
   4.8768104e-01  -8.4159501e-01
  -9.2045216e-01   1.5979643e+00
  -4.7962904e-01  -2.3437253e+00
   7.2248470e-01   1.8768214e+00
  -1.5172099e+00  -5.3784178e-01
  -4.2072736e-01  -1.6983709e-01
  -2.5260294e-02  -9.4895175e-02
  -6.7055898e-01  -1.4765196e-01
  -1.0759531e+00   8.4347190e-01
  -2.4815086e+00  -1.4723064e+00
   2.8642489e-01  -7.5264051e-01
   1.2956950e-01   1.8700259e+00
  -6.5563975e-01   6.3657957e-01
  -2.0444339e-01  -9.4419359e-01
   2.1616986e+00   4.6024220e-01
   8.7727875e-01   1.6896345e+00
   3.1496694e-01   3.9215530e-01
  -2.0929960e+00  -1.3089105e+00
   1.8165818e-02  -4.8346923e-01
   1.4819317e+00  -1.7159552e-01
   1.0025619e+00   1.7526783e+00
   1.4818790e-01   1.4197062e+00
  -1.0770042e-01   7.1960572e-02
   2.7551381e-01  -1.1087463e+00
  -1.1610372e+00  -1.3940412e+00
  -4.9558284e-02  -1.3029883e-01
  -4.5766058e-01   1.7480680e-01
  -1.6784237e-01  -1.1004313e+00
  -2.5933561e-01  -1.7037748e-01
  -9.0475820e-01  -1.2254399e-01
   1.3081667e+00   1.4589345e-02
   1.3199646e+00   2.1480257e-02
   1.3072967e-01   1.8070710e-01
   1.3260356e+00   1.9113931e-01
  -2.6234559e-01   1.1917134e-02
   2.2359138e-01  -3.4731874e-01
  -7.9979714e-01   1.5841404e+00
  -1.5041591e+00   1.3100416e+00
   7.6689859e-01  -9.4197164e-01
   2.3953361e+00   2.2523844e+00
   6.0440704e-02  -8.7835507e-01
   2.3065180e-01   4.0135889e-01
   9.5252490e-01  -4.2554865e-02
  -9.0252091e-01  -1.3178952e+00
   9.2564089e-01   6.4567303e-01
  -8.5911252e-01  -5.2844391e-01
  -1.7255316e-02  -8.8203038e-02
   1.2274759e+00  -1.0594263e-02
   1.8121218e-01   3.8160904e-01
  -7.4821601e-01  -1.4253837e-01
  -1.1816127e+00  -6.2820311e-01
   3.1043118e-01  -1.5541854e-01
   3.1355734e-01   1.8047137e+00
  -1.7011390e+00  -4.1568064e-01
   5.0587042e-01  -1.4574565e+00
   3.4281410e+00   8.6897376e-01
  -5.5358337e-01  -2.2939097e-01
  -3.3167184e-01  -4.4514985e-01
   1.5304986e+00   8.0040617e-01
  -8.3683971e-01  -1.0693370e+00
   3.7842525e-01  -4.6432356e-01
   4.2284661e-01  -3.7818806e-01
  -2.1809501e+00  -1.1455029e+00
   2.0594802e+00   1.1095305e+00
  -1.3387456e+00  -4.0204481e-01
   4.9607169e-01  -1.1512851e+00
  -3.7963457e-01  -5.3903921e-01
  -3.8178107e-01  -1.2104080e-01
   1.7581672e-01   2.9650677e-01
   5.7964237e-01   1.1929357e-01
   1.5213624e-01   4.7135790e-01
  -7.5910353e-02   1.0470240e+00
  -1.8175854e+00  -5.1329781e-01
  -8.8763313e-03  -3.3993049e-01
   6.2450577e-02  -4.3294794e-01
  -3.4460312e-01  -3.0169597e-01
   4.2189021e-01   3.1711826e-01
   1.2550792e+00  -3.7188380e-01
   2.1330695e-01  -9.3653311e-03
  -9.7680470e-01  -5.6095624e-01
  -5.0261780e-01  -9.9270905e-01
  -6.5130563e-01  -9.7962394e-01
  -1.4202069e+00   9.7542893e-01
  -3.7837652e-01  -3.0684951e+00
  -1.9643925e-01  -4.3466537e-01
   4.5304195e-01   1.5189344e+00
   5.8590539e-01  -7.7096156e-01
   5.3028158e-01   1.3213293e+00
  -5.9785768e-01  -9.9745960e-01
   1.3046408e+00   2.4808403e-01
   1.4975544e+00   2.0212324e+00
  -3.4523175e-01   2.4947708e+00
  -8.7160745e-01   1.5245877e+00
  -2.8432491e-01   3.0055963e-02
   6.6311179e-01   6.4045198e-01
   1.1728447e+00   1.3679041e+00
   9.7854516e-01  -1.7350852e-01
   2.2942308e+00   2.6682381e-01
  -6.8157976e-01  -5.7502021e-01
   3.7349475e-01  -4.9450103e-01
  -1.9181572e+00  -9.9444958e-01
  -1.7120656e-01   1.5901117e+00
   4.5549287e-01  -4.1827005e-01
  -6.6569207e-01  -4.5258996e-01
  -6.0297055e-01  -6.0292105e-01
  -2.1067623e-01  -3.7313124e+00
   1.1488905e+00  -1.5549871e-01
  -2.7243239e-01  -1.6477199e+00
   9.5127677e-01  -2.5252223e-03
   1.4235059e-02  -3.2006779e-01
  -3.2161186e-01  -6.6186467e-01
  -1.3476355e+00  -1.2190911e+00
   1.1851179e+00   3.7856973e-01
   4.2592248e-01   1.5528095e+00
  -7.2380934e-01  -9.4163147e-01
   3.2628203e-02  -8.8905957e-03
  -6.1586381e-01  -5.8121950e-01
  -1.2816047e+00  -2.0904901e-01
   2.5979926e-01  -5.5309091e-01
  -3.6647787e-01   6.5674809e-01
   1.1707259e+00  -1.9170026e-02
   8.5875556e-01   1.0709868e+00
  -1.4940576e+00   6.0516160e-02
  -2.6357477e+00  -1.1396402e+00
   1.5935657e+00   5.2849804e-01
   9.9775613e-01  -1.7931857e-01
   1.3554557e+00   1.1856300e+00
  -6.4229075e-01   5.0702237e-01
  -3.6762937e-01   1.0478760e+00
   4.9925678e-02  -8.6250654e-01
   2.9836042e-01  -1.2419157e-01
  -1.3790777e+00  -6.1564653e-01
  -1.3207092e+00   1.6890235e-01
   1.6672072e+00   5.9112075e-01
  -1.2676524e+00  -6.2014985e-01
   1.4758325e-01  -1.4690628e-01
  -6.0287566e-01  -3.5634208e-01
  -5.4132289e-01   3.1639429e-01
  -2.0456899e+00  -9.3264753e-02
   1.0740770e+00  -1.6874188e+00
  -4.2207064e-01  -6.8826160e-01
  -8.1850985e-01  -4.6750623e-01
  -6.7518711e-01  -6.9093969e-01
   1.3424251e+00   2.0665917e-01
  -1.7646854e+00   1.8446991e-01
  -5.3450567e-02  -3.5140544e-01
   1.0809664e+00  -8.0567276e-01
   6.9631414e-01  -5.2200609e-01
   1.5376074e-01  -6.0510302e-01
   1.0710099e+00   4.4734095e-02
  -3.8969829e-01  -1.0899911e+00
  -3.0270602e-01   8.7400607e-01
   1.6673089e-01   1.5101315e+00
  -6.4090186e-01  -9.8745753e-01
   2.9298788e-01   1.2112804e-01
  -1.5006911e+00   5.9347948e-01
  -6.1036067e-03  -2.1793238e+00
   5.6770101e-01  -1.6650720e-01
   1.6272874e+00   8.3629532e-02
   1.6539006e+00   7.8283978e-01
  -6.9499077e-01  -3.9104476e-01
  -2.3425555e+00   3.6259127e-01
   8.6530674e-01  -8.2389409e-02
  -4.2256487e-01  -3.1102817e-01
   1.1077424e+00  -7.2290181e-01
   2.1320974e+00   1.2418331e+00
  -6.0811389e-01  -3.5640201e-01
   2.5353912e-01  -8.4512006e-01
   5.9215126e-01  -1.2442212e+00
  -9.9804214e-01  -6.8770548e-01
  -5.1492874e-02   4.8186922e-01
   2.9784607e-01  -2.4242714e-01
   1.3690002e+00   5.7433708e-01
  -1.3788810e+00  -1.0866804e+00
  -1.6657586e+00  -2.8219699e-01
  -5.3835450e-02  -2.7135926e-01
  -1.0034789e+00  -4.2870369e-01
   7.9567508e-01   1.6541261e+00
  -8.9384352e-02  -1.0014333e-01
   1.4726991e-01   8.6514469e-01
   2.9083406e-01  -5.3715273e-01
   2.2021903e-02   8.6693229e-01
  -8.4521200e-02   1.6533758e-01
   1.8354927e+00   1.9275403e+00
  -2.1246831e-01   1.9945906e-03
  -7.9097679e-01  -4.3741451e-01
  -9.2783662e-01  -8.3297086e-02
  -1.8573996e-01  -4.4210365e-01
  -4.4496125e-01   1.5982526e-02
  -5.3856686e-01   1.6000973e+00
   1.1497518e+00  -1.9647853e-01
  -5.6101431e-02  -1.2577154e+00
  -1.0627191e+00  -2.4775124e-01
   1.8197061e+00   8.6476852e-02
  -1.2235212e+00   5.4155407e-01
   9.5079251e-02   1.5876703e+00
  -9.0915881e-01  -2.8215414e-01
   6.2939086e-01   1.8562680e+00
  -1.4201267e-01   1.5002644e+00
  -5.1774068e-01   6.6977311e-01
   4.9273939e-01   5.8865610e-01
   4.4730897e-02  -7.1510760e-01
  -1.5769512e-01   1.3617166e-01
   2.0040637e+00   9.8608373e-01
   2.2671970e-02   2.0513361e-02
  -6.8469435e-01  -5.5782267e-01
  -1.5528041e+00  -1.1558127e+00
  -1.5188301e+00  -3.8951957e-01
  -1.1558828e+00   1.0884481e+00
   1.7001016e-01  -1.0635223e+00
  -1.3455382e+00  -3.2356911e-01
   2.8016780e-01   1.9491076e-01
  -1.4902250e+00  -4.5365878e-01
   4.4683893e-01  -5.5449426e-01
   1.1274439e+00   6.0233239e-01
  -1.3893536e+00  -2.6059721e+00
   1.5050669e+00   8.7457865e-01
   1.4192956e+00  -4.3853478e-02
   5.7133826e-01   3.9166162e-01
  -7.5478702e-01  -1.3008698e+00
   9.8404506e-01  -8.3250868e-01
   1.7406821e+00  -4.7948000e-01
  -8.4520775e-01   1.2588626e+00
  -7.3480748e-01  -7.9192965e-01
   7.3754179e-01  -7.1363621e-01
   7.2960961e-01  -1.5240494e-01
  -7.7894661e-01  -5.4046340e-01
   1.7371285e+00  -7.2753599e-01
  -2.0494425e+00  -2.2108652e-01
  -3.0114784e-01  -2.5379841e-01
  -1.6338291e-01  -3.3669451e+00
   5.5360387e-01  -5.8863586e-01
   1.3864932e+00   1.9600455e+00
   1.3062994e+00   4.4468954e-01
   9.4849187e-01   4.4914389e-01
   7.7446294e-01  -9.7187864e-01
   1.2368109e+00   3.4598951e-01
  -5.3958061e-01  -1.1742444e+00
  -7.8643715e-01  -1.0479258e+00
   6.7637286e-01  -7.0531738e-01
  -1.9112223e+00   4.3323481e-01
   2.2093786e-01  -1.0275361e+00
   1.6383794e-01  -8.7769682e-01
  -7.5155576e-01  -6.7242697e-01
   4.7350212e-01   3.7431191e-01
   1.3068368e+00   3.6797177e-01
   1.4685132e+00   4.4044457e-01
   1.2719790e+00   6.9801843e-01
   1.0326074e+00  -4.5183454e-01
  -9.4716989e-02   3.0158815e-02
  -4.4853900e-01   1.6185277e+00
   2.5123235e-01   2.6904304e-01
   1.0610300e+00  -2.7828106e-01
   1.2204086e+00   1.5793511e+00
  -8.7788897e-01   1.4455266e+00
   1.0416527e+00   1.6005192e+00
  -5.4086829e-01  -5.3671153e-01
  -1.8044101e-01  -4.5895004e-01
   5.3989773e-01   1.9674966e-02
  -8.8674545e-01  -2.5912844e-01
  -1.4453517e+00   2.1458182e-01
   2.4757315e-01  -1.9012557e-01
   1.8780750e+00  -2.9035641e-01
  -1.0787779e+00  -2.9392345e-01
   2.1523012e+00   6.4319324e-01
  -7.0726509e-01   3.7656323e-01
   6.8371464e-01   1.8508090e+00
  -3.2852432e-01   1.2727577e+00
   2.8646607e-01  -2.0747319e-01
   1.1337864e+00  -6.9430033e-02
  -2.7015661e-01   3.6645909e-01
   2.3081403e+00  -3.3354376e+00
   1.1531089e-01  -3.9436266e-02
  -5.3883405e-02  -2.8986085e-01
  -9.4916710e-01  -1.8755257e+00
   2.5061212e+00   1.5793989e+00
  -2.7621702e-01   1.3464263e+00
  -2.2981457e-01   4.4121792e-01
   1.2229811e+00   1.4543786e+00
   1.1611517e+00   6.3392260e-01
   5.6650903e-01  -3.9953443e-01
  -1.2910436e+00  -3.5376708e-01
   9.1098751e-01  -4.5844056e-01
   5.1256352e-02   7.4151290e-02
  -1.7593389e-01  -2.0560934e-01
   1.3313738e+00  -7.5672215e-01
   6.0451854e-01  -4.5781270e-01
   1.3065446e+00   1.3453915e-01
   2.2729542e+00   1.0624614e-01
  -7.0341306e-01  -1.3099656e+00
  -4.4035077e-01   1.5177921e+00
  -5.7297764e-01  -1.3808612e+00
  -2.1927473e+00  -8.0444920e-01
  -1.8030809e+00  -1.0076294e+00
  -3.6055709e-01   3.0078668e-01
  -7.2102324e-03  -4.0594775e-01
  -8.4010536e-01  -2.3975235e+00
   1.2905010e+00   4.6680586e-01
   3.3522894e-01   7.5708000e-01
   2.1277260e+00   4.6555633e-01
   1.1613888e+00   2.0086682e+00
  -1.5944042e+00  -4.1691614e-01
  -1.2527906e+00   1.2135211e+00
  -1.4978960e-01  -3.3247559e-01
   4.5452968e-01   3.0287404e-01
  -1.3206624e+00  -1.7197012e-01
   6.1985054e-01  -1.8730722e-01
   1.5407072e+00   1.2924649e+00
  -3.1136050e-01  -3.9819863e-01
  -1.1558368e+00   1.2231405e+00
   1.6362542e+00   1.6218443e+00
  -7.9088647e-01  -1.8577686e+00
   4.4189252e-01   4.5933351e-02
  -7.5348247e-01  -6.0445321e-01
  -2.1015311e-02  -1.9947972e+00
   6.9072366e-01  -4.3690290e-01
   4.8454603e-01   2.0833647e+00
   6.9053041e-01   4.8956595e-01
  -4.5917158e-01   2.5822027e-01
   1.0357242e+00   1.6008316e-01
  -7.9241467e-01  -1.6525673e-01
  -7.3004106e-01  -2.5215951e-01
   2.3812801e-01   4.8522165e-01
   3.0000320e-01  -2.5163818e-02
   4.5111119e-01   1.8253911e+00
   3.1838272e-01   7.3920528e-01
   8.9280284e-01  -6.1790139e-01
  -1.4911364e+00  -1.8466030e+00
  -1.4121429e-02  -1.0146644e-01
   9.3693887e-01  -1.2669413e+00
  -5.7695106e-01  -7.3370166e-01
  -6.5409150e-01  -1.0022830e+00
   1.2607863e+00   3.1744671e-01
   7.5435368e-01   1.5688333e+00
  -3.9738861e-01  -3.5483829e-01
   2.2503491e-01  -4.4842732e-02
   9.8517691e-01   1.5931551e+00
   3.4866867e-01  -1.5267182e-01
   3.5244520e-01   2.0971002e-01
   1.1980616e+00  -1.2183304e+00
  -1.4184568e+00  -1.3376580e+00
  -9.1180035e-01  -8.4591751e-01
   7.0668436e-01   2.5147855e-01
  -1.5649907e+00  -1.2883798e+00
   2.3020369e+00  -2.8063809e+00
   4.6916346e-01   1.8694149e-01
   6.1845331e-01  -5.2214236e-01
  -4.3511120e-01  -2.3075967e-01
  -1.5796809e-01  -4.5338056e-01
  -4.8592331e-01  -2.1431314e-01
   6.8378389e-01   9.8651905e-01
   2.9867288e-01   5.3952001e-02
   3.6954102e-01   5.5062566e-01
   4.1825109e-01  -1.4982054e+00
  -1.4759038e+00  -7.5251714e-01
   8.0477210e-01  -6.1681673e-01
  -3.1031255e-01  -2.9645676e-01
   5.6351555e-01  -2.4142337e-01
  -1.2685670e+00   5.3669394e-01
  -8.5404024e-01  -4.7336834e-01
  -6.7519055e-01   3.8624211e-01
   3.5167100e-01   4.3370460e-01
   4.0161298e-01  -8.7855540e-02
  -1.0940174e+00  -5.8986662e-01
  -4.8903745e-01  -1.6275314e-01
   7.1824312e-01  -2.1578876e+00
   7.0086118e-01  -1.2882038e-01
   4.3767716e-01   2.3224284e-01
  -6.3595108e-01   6.5069098e-01
  -2.7458637e+00  -3.7789590e+00
   1.6599802e-01  -4.4905302e-01
   2.7489044e+00  -2.9321714e+00
   9.4013633e-01  -5.7869776e-01
  -2.1939903e+00  -2.9176762e-01
   2.7418781e+00  -9.3518418e-03
  -1.3161877e+00  -6.5010220e-01
  -5.2693545e-01  -1.0908250e+00
   1.4361259e+00   3.7328277e-01
  -1.0939660e+00   1.0475964e+00
  -1.8042859e+00  -7.6151380e-01
   9.7957739e-01   4.4546914e-01
  -1.1081413e+00   7.8347799e-01
   9.8491922e-01   2.0311354e+00
  -9.3104458e-01   1.3137052e+00
   1.6971240e+00   1.0286668e+00
   5.7368700e-01  -4.4863775e-01
   1.1274401e+00   3.7200199e-01
   1.7879970e+00   7.9517396e-01
  -6.4928129e-01  -6.8445297e-01
   1.9416381e+00   5.9308173e-01
   8.8330317e-01   1.3040256e+00
  -9.8128486e-01  -7.4398003e-01
   2.1081741e+00   2.7719730e-01
  -9.6595198e-01  -1.0529697e+00
  -5.9728760e-01  -6.4569279e-01
   4.6900544e-01   4.8688933e-01
  -2.8388954e-01  -1.0853757e+00
   6.6737305e-01   3.6847289e-01
  -2.5814913e-01   6.8892047e-01
   1.0806531e-01   8.0480219e-02
   8.2011664e-01  -4.9272618e-02
  -2.5522908e+00   3.7582592e-01
   1.5611746e+00   5.9562900e-03
   1.6724085e+00   4.5364496e-01
  -7.6927155e-02  -4.7977287e-01
   3.6862541e-01   1.3770568e-01
   9.7716303e-01  -7.1807800e-02
  -1.1116115e+00  -6.5292580e-02
   1.3627460e+00   6.5350342e-01
   3.8545938e-01  -3.2809389e-01
  -4.0152219e-01   1.4952797e+00
   2.4579850e-01  -3.8695903e+00
  -3.4176554e-01  -1.6544558e+00
   1.0326568e+00   1.5175009e-01
   4.7614357e-01   1.2616544e+00
  -8.5959890e-01  -1.0336616e+00
   1.4308095e-01   6.8551202e-02
  -1.9645396e-01   1.2442347e+00
   1.3223700e+00   4.2821901e-01
  -6.2269691e-01   8.8623338e-01
   8.9070105e-01  -2.6317330e-01
   1.5465740e+00   1.9238661e+00
   1.6593764e-01  -1.2080906e+00
   5.7634477e-01  -4.8872623e-01
  -2.0900740e-01  -8.5124520e-01
  -3.6142949e-02   9.0186451e-01
   2.2016566e-01   7.7653799e-01
   6.3496577e-01   9.5612675e-02
  -3.4485759e-01  -9.1633388e-01
  -5.5981960e-01   7.0189229e-01
  -7.7611478e-01   1.1129409e-01
   1.5822047e+00   6.0276076e-01
  -1.7188579e+00  -2.2932925e-01
  -9.4066670e-01  -4.7006611e-01
  -1.4537787e+00  -1.0137242e+00
   2.1841004e+00   1.2948864e+00
   1.4580021e+00  -7.0535964e-01
  -2.1847944e+00  -3.9928195e-01
  -8.7544219e-01  -1.8741256e+00
   9.3579963e-02   1.1691617e+00
  -8.9630791e-01  -9.6089855e-01
  -4.1463745e-01   5.5240587e-04
  -1.4170307e+00  -5.9637936e-01
   1.1925969e+00   4.3877843e-01
  -1.7798289e+00  -5.1650050e-01
   4.6306002e-01  -1.5065634e+00
