   1.4597331e-01  -1.8899964e+00
   5.7899102e-02   3.9311314e-02
   6.0540926e-01  -2.8018855e+00
   1.3924993e-01   6.2524119e-01
  -1.1828035e+00   3.2183351e-01
   6.9317649e-01  -2.5463051e-02
   2.2055393e-01  -2.3722939e+00
   5.4807549e-01  -1.2273395e+00
   1.1869860e+00  -1.5022300e+00
   7.4972454e-02  -1.6729009e+00
  -5.8485824e-02  -3.0320047e-01
  -2.4430741e+00   1.9287823e+00
  -1.2596990e-01  -1.5570542e-01
   1.5787397e-01   8.3527715e-01
   8.9057388e-01  -6.7031481e-01
  -4.7985942e-03  -6.9122283e-01
  -7.0851647e-01  -4.3200212e-01
  -9.3469094e-01   2.0905031e-01
   4.5798395e-01  -2.2578730e-01
  -1.1806255e+00  -4.9450132e-01
  -1.5798693e-01   3.6950657e-01
   4.2050793e-02   1.0852082e-01
   1.4371732e-01  -1.7850639e+00
   4.0258852e-01  -1.2007953e+00
  -9.4151398e-01   1.0861645e-01
   5.0417845e-01  -9.6222610e-01
  -4.2008861e-01   5.7398181e-01
   1.2208714e+00  -1.9643356e+00
  -1.1266020e+00   2.1645167e+00
  -1.4691302e+00   6.6121627e-01
   6.5413903e-01  -1.3256886e+00
  -1.2513939e+00  -2.9318288e-01
   6.1542800e-01  -1.2333226e-02
  -2.7673032e+00   8.0598795e-01
  -1.0820206e+00  -6.7835763e-02
  -5.9615580e-01   4.2530226e-01
   4.2923317e-01  -2.5763926e-01
   2.8181312e-01   5.8289781e-01
   8.5400864e-01   4.6466757e-01
   7.8606051e-01  -1.8852120e-01
   6.1596174e-01  -1.5195592e+00
  -7.1597667e-01   8.3321787e-01
   2.1290236e+00  -1.3997439e+00
   5.9240445e-01  -6.5454795e-01
  -8.7042267e-01   3.8446376e-01
   1.2439904e-01  -8.6145991e-01
   4.7750002e-01  -3.0339384e-01
   6.4004267e-01  -6.1264226e-01
   4.0389566e-01  -5.6211772e-01
   7.6068733e-01  -3.1078878e-01
  -1.0690303e+00   2.4672578e+00
  -1.2214243e+00  -3.6204555e-01
   9.0504173e-01  -3.2150619e-01
   1.4843229e+00  -1.6426697e+00
   1.0832158e-01  -1.8181785e-01
  -4.2191280e-01   1.5347256e-01
   4.2605090e-01   7.7899142e-01
   3.2974816e-01  -1.3043876e+00
  -6.7532202e-01   7.8076216e-01
   3.4678634e-01   7.9732377e-01
   1.1017991e+00   9.3118441e-01
   9.1715464e-01   5.4879787e-02
   4.9811528e-01  -1.3655960e+00
   8.0669364e-01  -5.2855308e-01
   1.0527342e+00  -1.3313966e+00
  -5.7428903e-01   4.8134015e-01
  -1.1767612e+00   1.3395730e+00
   4.4956558e-01  -6.6089820e-01
  -7.5824468e-01   2.2529371e+00
   5.2796390e-01  -2.0616588e-01
  -4.9683723e-01  -4.6622463e-01
   9.4685419e-01  -3.2789804e-01
   1.0200490e+00  -1.1443138e+00
  -2.3667885e+00   8.8675640e-01
   3.6634048e-01   1.2225150e-01
  -4.3557801e-01   1.0487375e+00
  -8.3954866e-01   1.3997303e+00
   3.9026371e-01  -7.3396379e-01
   3.3317665e-01   2.4343635e-01
   4.7852222e-01  -2.5875005e-01
  -4.5880148e-01   1.3761874e-01
   8.9916078e-01  -2.1569280e-01
   1.0819813e-01  -1.0715058e+00
   8.1039871e-01  -7.0188163e-01
   3.3140992e-01   9.7381740e-01
  -9.5135771e-01  -3.8427666e-01
   2.0612863e-01   4.8459942e-01
   3.4084137e-01  -1.0249041e+00
   3.4251775e-01  -3.9041666e-01
   8.3200824e-01  -8.5032922e-01
  -3.7428559e-01   8.9513438e-01
  -6.1382435e-01   1.4339248e-01
   5.3896787e-02  -1.0934047e+00
   2.2531887e-01   1.9969902e-01
   7.0819228e-01  -3.0622481e-01
  -5.4508910e-01  -7.5712257e-01
   1.0547979e+00  -6.1104086e-01
  -4.8259142e-01   7.2392427e-01
   3.7772349e-01  -1.0463224e+00
   1.2735351e+00   6.7584835e-01
   5.9232782e-01  -3.0795539e-01
  -1.0784454e+00   2.2453876e+00
   4.3268913e-01  -2.8169845e+00
   4.7658439e-01  -3.8469587e-01
   1.5870844e+00  -1.1172470e+00
  -8.8864333e-01  -5.7301636e-02
  -6.6190805e-01   1.0364996e+00
   7.3274047e-01  -1.8971931e-01
  -1.1020156e-01   4.1886846e-01
   5.3346619e-01   5.0861620e-02
  -5.8248851e-01   2.0158489e+00
  -2.1184398e+00   1.5087923e+00
  -4.0906792e-01   5.1365361e-01
   9.4153923e-01   1.3551627e+00
   7.7516114e-01   1.0898063e+00
  -1.1414609e+00  -1.4085917e-01
  -1.6525966e+00   1.8598951e+00
   1.0127084e+00  -2.9469706e-01
   1.4945803e+00  -1.3356266e+00
   6.7668244e-02   1.2970627e+00
  -6.6884953e-03   2.8777437e-01
   8.1453976e-01  -2.9761513e-01
  -2.1997434e-01   4.9097940e-02
  -7.7974730e-01   2.8461740e-03
  -1.0911474e+00   5.4760514e-01
  -3.0434177e+00   1.3325460e+00
   7.9265335e-01   1.3269273e+00
   2.3104056e-01  -1.0620078e-01
   1.0272862e+00  -6.3592913e-01
   3.8864677e-01  -2.9183790e+00
  -5.4597518e-01   3.6027244e-01
   2.3182167e-01  -8.1390137e-01
   9.7996896e-01  -1.5927922e-01
  -8.1939395e-01   2.2020027e-01
   5.8309440e-01  -6.4590493e-01
  -1.4224934e+00  -2.8746234e-01
  -7.3140499e-01   2.4643768e+00
  -6.0493676e-02   2.9123147e-02
   1.1845883e+00   1.1659027e+00
  -7.8810176e-01   2.1584802e+00
  -9.2221065e-01   5.1467143e-01
   1.6788725e-02   1.5802148e+00
   9.1224637e-01  -1.1665108e+00
   1.3037326e+00   5.7177720e-01
  -1.3286499e-01  -5.3633873e-01
   2.3688966e-01   7.2362559e-02
   7.2786025e-01   1.3245713e+00
   3.6366342e-01  -9.2905103e-01
  -2.7592793e+00   1.3257247e+00
   2.6176730e-01   6.6399986e-01
  -8.7436318e-01   5.6595180e-01
  -1.3359236e+00   5.2281414e-01
   9.7198893e-01  -4.7741029e-01
   6.6221347e-01   1.2551248e+00
   1.6797113e+00  -2.5980627e+00
  -1.1492077e-01   8.3300226e-01
   7.5806286e-01  -5.9835488e-01
   1.0560317e-01  -8.4749799e-01
   2.1705567e-01   7.1829696e-01
   8.5493905e-01  -1.2820518e+00
   3.3508523e-01  -1.0262844e+00
   7.0571920e-01  -7.4175060e-01
   4.8956601e-01  -2.4634441e-01
   2.0664521e-01   6.4530053e-01
   7.8355734e-01  -8.5007972e-01
   4.3016313e-01  -8.6026642e-01
   8.3651577e-01  -1.3409787e+00
  -3.6090732e-01  -2.4533805e-02
  -1.4894600e+00   1.6128751e+00
   2.5282420e-01  -1.2428216e+00
   1.0962922e-01  -8.8772342e-01
   9.0474582e-01  -1.8652324e-01
   4.3235986e-01   2.6511209e-01
   1.7546951e-01   6.2268503e-01
   1.8554365e-01  -1.2596544e+00
   3.2212857e-02  -1.0964836e+00
   2.9381120e-02   1.4552284e+00
   1.0254945e+00  -6.1422700e-01
   8.7152272e-01  -6.0985109e-01
   8.4122879e-02  -7.1074130e-01
   1.0136878e+00  -3.8379020e-01
   8.3601261e-01  -5.2597642e-01
   4.6537943e-01  -7.5155224e-01
   1.8388188e-01   4.3176413e-01
  -2.9250318e+00   5.3989790e-01
   5.8941136e-01  -2.0062987e+00
  -2.6233471e-01   7.6634167e-01
   6.2067216e-01   3.4350262e-01
   1.2419975e+00   1.2856627e+00
   1.3137752e+00   4.4487888e-01
   3.3129842e-01  -8.0985074e-01
  -8.4050997e-01   2.0275399e+00
  -3.4059715e-01   3.4949963e-01
  -9.9247379e-01   1.4361735e+00
   2.6196038e-01  -1.8093062e+00
  -6.7746534e-01   6.7419498e-01
   1.6587168e+00  -1.0851568e+00
   6.7909276e-01  -1.9855699e-01
   5.7825992e-01  -3.4915058e-01
   9.2017187e-01   2.9882959e+00
   1.4725442e+00  -1.1306504e+00
   1.2828369e+00  -1.5171865e+00
   2.4483379e-01   5.9908483e-01
   6.3116468e-01  -8.5030805e-01
   3.4589105e-01  -6.8011885e-01
   7.7948987e-01  -7.0160158e-01
   4.7287322e-01  -1.5589200e+00
  -1.0169445e+00   1.3284092e+00
  -3.4063193e-01  -1.0158937e-01
  -9.3462747e-01   3.0964934e-01
  -1.3241526e+00   8.5823818e-01
   8.0038468e-01  -1.0464379e+00
   8.2338320e-01   2.5775773e-01
  -4.9375175e-02  -5.4778736e-01
   7.5521331e-01  -1.1159792e+00
  -4.3137990e-01  -3.8181033e-01
  -2.1261569e+00   1.1637584e+00
  -2.9645738e+00   1.2536063e+00
   3.6953974e-01  -1.6643608e+00
  -7.3292229e-01  -4.4639022e-01
   6.6828573e-02  -6.6365384e-01
   2.4985063e-01  -3.1405330e+00
  -7.3322570e-01   5.1444132e-01
   4.4460788e-01   9.0760086e-01
  -1.2224055e+00  -3.6311055e-03
  -2.1914460e+00   1.1763852e+00
   3.1815576e-01   5.8112829e-01
   1.0628794e+00  -5.3625126e-01
   2.0177332e-01  -1.2273149e+00
   4.7058320e-01  -5.3054957e-01
   2.0491611e-01   5.7122018e-01
   2.8947174e-01   5.4429405e-01
   2.0116697e+00  -2.8528904e+00
   3.5784616e-01   2.5213638e-01
  -1.3041357e+00   1.8787079e+00
   4.3224862e-01  -1.3934127e+00
  -1.4981890e+00   8.3380612e-01
  -8.1685871e-01   1.0305931e+00
  -8.0217791e-01   8.5336524e-01
   3.5236221e-01   5.8185783e-02
   8.7242056e-01  -1.5221113e+00
   4.7267376e-01  -4.9814549e-01
   4.5312199e-02   4.1018032e-01
  -9.9018787e-02   1.7713088e-01
  -6.5161795e-01   3.6030880e-01
   1.1792166e+00  -2.2113845e+00
   3.2018399e-02   1.9994670e-01
  -2.3129004e+00   9.8156023e-01
   4.5705050e-02  -3.0347058e-04
  -4.8733542e-01   7.6251174e-01
  -4.0871047e-01   3.6203178e-01
  -1.3477627e+00  -1.5431464e-01
   1.5973999e+00  -2.0609690e+00
  -6.8045083e-01   6.1485761e-01
  -1.7647850e+00   1.6374493e+00
   3.0212441e-01   6.3690305e-01
  -2.7810232e-01   4.9371280e-01
  -9.4718977e-01   2.0454834e-01
   8.5535170e-01  -2.0867797e-01
   2.3783438e-01  -5.8215746e-01
  -6.9806168e-01   1.3211559e-01
   3.8085061e-01  -5.1356787e-01
   7.0003561e-01  -4.0753305e-01
   8.9440853e-01  -4.4207808e-01
  -1.5444036e+00   1.2946687e+00
  -1.4712949e+00   1.6873731e+00
   6.7828457e-01  -3.0767929e-02
  -4.5171295e-02  -2.0012909e-01
   8.7133226e-01  -1.6314992e-01
  -2.1126553e+00   1.4387751e+00
   7.8488563e-01  -5.4687941e-01
  -1.4099155e+00   2.0030483e+00
   4.1416066e-01   1.7246796e-01
   9.6557852e-01   8.7268539e-01
   6.1752309e-01  -1.0995616e+00
   5.5843255e-01  -1.0674148e+00
   1.2006806e-01  -8.1525951e-01
   1.9890488e-01  -7.8561243e-01
  -1.0940577e+00   1.8881962e-01
   1.0028200e+00   1.2580677e+00
   2.3351336e-01  -5.0000300e-02
  -1.5905026e+00  -4.3382515e-02
   3.1205850e-01  -1.5526782e+00
   9.1904306e-01  -3.3739065e-01
   8.1573208e-01  -3.4169394e-01
   6.6683632e-02   7.6074713e-01
  -6.9317854e-01   6.8279593e-01
   1.8377478e+00  -1.1562454e+00
  -1.1767427e-01  -5.0286978e-01
   3.1206543e-02   3.5545286e-01
   2.5596588e-01  -2.0542434e-01
   1.0313336e+00   1.0702659e+00
   2.1625326e-01  -2.1129441e+00
   3.5041698e-01   9.9260879e-02
   7.5253323e-01  -1.7707636e+00
   2.0419953e-01  -7.9772531e-01
  -1.7620945e+00   1.0629844e+00
   2.2013693e-01  -2.5538235e-01
   4.8048251e-01  -4.7479647e-01
  -8.5298285e-02   2.8158356e-01
   3.2790104e-01   5.9554417e-01
   7.1577217e-01   2.5497333e-01
   2.9291557e-01   4.1803638e-01
   7.5405212e-01  -1.0082626e-01
  -1.6231024e+00   1.6279339e-01
  -1.3978820e+00   5.1846378e-01
   1.0351628e+00  -5.6470152e-01
   1.4961426e+00  -1.7763057e+00
   1.8110131e-02  -1.0214478e+00
   1.0979647e+00  -1.1187411e+00
   2.7516694e-01  -1.7008192e+00
  -1.2352260e+00   1.4369536e+00
  -2.7494314e+00   1.2679739e+00
   1.7428946e+00  -7.7846511e-01
  -1.2883217e+00   4.1357871e-02
   1.2336678e+00   1.3212038e+00
   1.5884693e-01   1.6883157e-01
   7.6483938e-01  -1.1203805e-01
   4.4660942e-01   2.7642080e-01
  -6.9043043e-01   3.6107198e-01
  -2.3254956e+00   1.0898110e+00
  -1.4405771e+00   4.6710732e-01
   1.7233486e+00  -1.3151832e+00
  -5.0342205e-01   7.3314166e-01
   1.1386969e+00  -1.9850958e+00
   9.4330737e-01   8.7174669e-01
   4.0160396e-01  -2.3491415e+00
  -1.1557823e+00   1.7767814e+00
   2.8576065e-01   1.1556816e+00
   7.1498771e-01   2.0875924e-01
   1.5652958e+00  -8.0873788e-01
   6.4957878e-01   9.5934284e-01
   1.1044065e+00   8.1010274e-01
   2.8972334e-01   2.0506123e+00
  -1.2998380e+00   1.1761345e+00
   6.3626607e-01  -5.6299870e-01
  -2.3358748e+00   1.0910687e+00
   7.4165742e-01  -4.0676626e-02
   4.7757368e-01  -2.6716454e+00
   7.8909356e-01   6.0536702e-01
   9.3926983e-01  -1.6208575e-01
   2.0816206e+00  -1.2114367e+00
   1.0427867e+00   9.1840673e-01
  -1.6797215e-01  -1.6050964e+00
   9.8740151e-02   1.5355080e+00
   1.1617878e-01   3.0412197e-01
   1.0383319e+00  -2.8955029e-01
  -9.1224516e-01   1.9746158e+00
   3.6404273e-01   1.5662167e-01
   2.0755301e+00  -1.7853288e+00
   2.8229270e-01  -9.2207457e-01
  -1.0439535e+00   3.2007876e-01
  -1.7426184e-01   2.8008421e+00
   1.9832655e+00  -1.1832880e+00
   6.8234321e-01  -6.6132029e-01
  -1.2033440e+00   2.8772278e-01
  -4.5856782e-01   1.0301797e+00
  -5.3153048e-01  -1.8445860e-02
   1.4773869e-02  -1.1225703e+00
  -1.1701838e+00   1.9859787e+00
   3.6244951e-01   2.8215785e-01
   9.4491139e-01   1.3086809e-02
   1.3801222e-01   6.0237899e-01
  -2.2565540e+00   1.4845644e+00
   8.9487974e-01  -4.2831671e-01
   3.6003593e-01  -1.0904631e+00
   3.0731691e-01   1.5348580e+00
   2.5941223e-01  -1.3664498e+00
  -2.6386883e-02  -1.2341828e-01
   9.8994785e-01  -1.1087911e-01
   1.6279679e+00  -1.5067777e+00
  -9.3138954e-01   1.4429589e-01
   1.0065516e+00   7.9430765e-01
  -1.1909410e+00  -4.5371957e-01
   3.6924294e-01   7.5152195e-01
  -4.2022270e-01   6.0527154e-02
   1.6886338e+00  -1.5637800e+00
  -5.4903651e-01   5.1221620e-01
   1.2981113e-02   3.2995862e-02
   4.6556719e-01   4.0150518e-01
   2.3047854e-01   4.0908325e-01
  -1.4087907e+00  -6.5029723e-02
  -1.2128240e+00   4.0384301e-01
   8.5772139e-01  -7.4285241e-01
  -8.4947637e-01   2.1563830e+00
   6.0056668e-01   8.6469461e-01
  -1.3171903e+00  -4.9925649e-02
   1.1968719e+00  -9.9534889e-01
   9.5676698e-01   2.5653224e-01
  -8.3178507e-01   1.4057643e+00
   2.5004170e-01   5.8199103e-01
  -5.0334565e-01   6.3801314e-01
   7.5475939e-01  -7.9082540e-01
   5.6055119e-01  -3.7961076e-01
  -5.3666418e-01  -4.1712946e-01
   6.3496139e-01  -1.0310891e+00
  -2.7822995e+00   1.0721424e+00
   2.1811619e-01  -9.8528658e-01
   7.0572321e-01  -9.6660550e-01
   9.0090753e-01  -5.3169089e-01
  -6.6856073e-01   5.3720904e-01
  -7.2309742e-02  -3.1238528e-01
  -8.9677791e-01   4.4794391e-01
  -1.3266886e+00  -1.3307267e-01
   6.4943718e-01  -2.0962696e-01
   7.8859242e-01  -1.5464602e-01
   4.6092956e-01  -4.6591607e-01
  -5.7471538e-01   4.2527791e-01
   9.5952718e-01  -3.4392731e-01
   2.2522258e-01  -1.4172195e+00
   2.7622395e-01   4.9546029e-02
  -1.1906248e+00  -5.8628192e-02
   2.5215954e-01  -1.0712291e+00
   1.5694101e-01  -1.3320652e+00
  -8.0858868e-02   5.1657514e-01
   6.6240763e-01  -1.0698131e+00
   4.3513320e-01   6.5028126e-01
  -2.2241491e+00   1.8046887e+00
  -2.4725181e+00   1.1132708e+00
  -9.4618366e-01   1.7830554e+00
   2.7909986e-01   3.2861214e-01
   3.7876360e-01  -2.3403319e+00
   5.2069453e-01  -9.7209944e-01
  -7.3950265e-01   1.7637691e+00
   6.8705961e-01  -8.8144092e-01
   9.7756700e-01  -7.3246936e-01
   7.7233536e-01  -4.3174699e-01
  -1.1707282e+00  -6.7316799e-01
   1.8571635e+00  -1.4366951e+00
  -1.0501507e+00   5.3410548e-01
  -2.4900760e-01   1.2895972e-01
  -1.4740421e+00   2.8451683e-01
  -3.0062705e+00   1.1074085e+00
   1.1483608e+00   5.9884743e-01
   9.6726367e-01  -8.6338591e-01
   7.2693122e-01   4.0854582e-01
   5.8461447e-01  -7.4989439e-03
   4.6871356e-01  -1.0475333e+00
  -3.4264819e-01   3.1904372e-01
   8.8675184e-01   7.3355981e-01
  -6.2617606e-01   2.6392141e-01
  -1.1882609e-02   5.8915079e-01
  -9.9884407e-01   1.8024644e+00
  -9.9299683e-01  -4.4903094e-01
   6.0711280e-01   5.9176281e-01
  -1.0004191e+00  -2.2720004e-01
   1.6279445e+00  -8.3163047e-01
  -2.4662936e-01  -8.9467648e-02
   2.3107250e-01  -2.5433615e-01
   9.4785088e-01  -5.0444902e-01
   3.9074664e-01  -1.2372004e+00
  -2.7958469e-01   2.1826885e+00
   3.6545950e-01   1.3141881e+00
   6.3466350e-01  -2.2692238e+00
   1.0166966e+00  -3.6640171e-01
  -6.6833960e-01   8.2315094e-01
   1.4152505e-02  -1.0005839e+00
  -3.0828716e+00   1.3742278e+00
   9.4026493e-01  -3.6536397e-01
  -6.0779393e-01   7.2823642e-01
  -5.2365610e-03   8.3805156e-01
   1.9133383e+00  -1.3616561e+00
   5.7054210e-01  -5.5309363e-01
   3.4516504e-01  -7.0730910e-01
  -7.9251517e-01   2.4117980e+00
   1.1400449e+00  -2.7156385e+00
   3.1975296e-01   6.6823097e-01
  -5.3186013e-02  -1.2322233e+00
   3.1598785e-01  -1.1312382e+00
   3.4824149e-01   6.8920138e-01
  -4.9444161e-01   8.8819095e-01
  -1.6868792e-01  -2.6555779e-01
   3.1161404e-01   7.1385745e-01
  -2.7536519e+00   1.0200829e+00
   8.9106467e-01   5.4639319e-01
  -1.1893328e+00  -3.5643982e-01
  -2.8604261e+00   1.5530698e+00
   7.7414800e-01   1.0583804e+00
  -4.7670195e-01   1.0204750e+00
  -1.5948258e+00   1.3934149e-01
  -2.6376471e+00   1.2267330e+00
  -2.2431487e+00   1.1205815e+00
   8.6770640e-01  -5.2965326e-01
  -1.2283405e+00   2.5640445e-01
  -2.8127776e-01   6.0082616e-01
   7.8974355e-01   2.2286498e-01
   6.1419678e-01  -3.4906253e-01
   7.6355305e-02   1.1367832e+00
  -2.8863895e-01   1.5390683e-01
   3.9592554e-01   5.5687465e-01
  -8.7364058e-01   1.5151930e+00
   1.6257643e-02  -4.8640209e-01
   1.0330827e+00  -6.9050686e-01
   5.3855246e-01  -3.9850767e-02
  -1.2386230e+00   3.1666446e-01
  -6.2145346e-01   5.6601161e-02
   1.1793005e+00   5.8618890e-01
  -2.1011216e-01   9.5011628e-01
  -9.5085614e-02   2.2955021e-01
  -1.9609382e-02  -7.8108373e-01
   6.2355345e-01  -1.4191519e+00
  -1.8210841e-02  -4.6299011e-01
   1.5835436e-01   8.6214879e-01
   1.0280263e+00  -2.3647968e+00
  -9.4223628e-01   1.7763418e-01
  -1.3185974e+00   6.6365150e-01
  -8.9923882e-01   1.5511823e-01
  -8.8961769e-01   1.7441122e+00
  -7.7294962e-02  -1.2655242e+00
   7.3932928e-01   2.6843798e-01
   6.1883769e-01  -4.2589854e-01
   7.6253801e-01   5.1948197e-03
  -2.9796832e+00   1.6361119e+00
  -9.2997107e-01   1.7106525e+00
   1.3358825e+00  -1.7248546e+00
   1.1413100e+00  -3.0702586e-01
  -3.1330592e-01   7.0407049e-02
   1.0016866e+00  -1.3975296e-01
   2.6477400e-01   7.2853902e-02
   8.9522990e-01  -2.0061311e+00
  -2.9530776e-01   4.0396991e-01
   1.1402297e+00   9.4711887e-01
   8.7393776e-01   1.0988137e+00
   1.0593374e+00  -7.7552050e-01
   2.0609505e+00  -7.7751198e-01
   8.5798791e-02  -2.7446888e-01
   6.6705837e-01  -2.3703862e-01
  -8.1254452e-01   4.4806865e-02
   8.9910491e-01  -6.3574454e-01
   7.0931774e-01  -9.0028966e-01
   1.1255449e-01  -2.3404587e-01
   3.6204778e-01   6.6781790e-01
   1.5267133e+00  -2.9826883e+00
  -1.1548276e+00  -2.3576366e-01
   1.5328667e-01  -2.8566492e+00
  -1.6774662e+00   1.0490277e+00
  -1.8239213e+00   1.4576439e+00
   6.8724497e-01  -1.8720988e+00
   1.7964210e+00  -1.1198768e+00
   1.1697847e+00   8.2211094e-01
   1.2747160e+00  -8.8936799e-01
   3.4140278e-01  -1.0856551e+00
  -2.6567112e+00   1.0241878e+00
   2.0195147e-01   6.0443525e-01
  -5.9167713e-01   9.5731494e-01
  -7.3312252e-01   1.5635668e+00
   8.7132324e-01   7.2543586e-01
  -1.0556895e+00   4.8136977e-01
  -1.0500030e+00   1.2636588e+00
   2.0245251e-01   1.0452983e+00
   2.1994995e-01   1.3733070e-01
   3.5316791e-01   2.7097492e-01
   6.6577549e-01  -1.1048668e+00
   8.0998838e-01  -7.0527498e-01
   6.5025796e-01  -8.6676011e-01
   8.1938033e-01  -7.8566435e-01
   2.5033525e-01  -6.1424338e-01
   2.4576393e-01   1.1665443e+00
  -1.1241297e+00   2.5329605e-01
   4.9532224e-01   4.5652129e-01
  -2.3054153e-01   7.3536381e-01
  -9.4459662e-02   9.5837531e-01
   4.5896976e-01  -1.5341199e-01
   1.8404571e+00  -1.7254392e+00
  -5.4425323e-01   1.0386292e+00
  -6.4535679e-01   6.2911935e-01
  -2.5489415e+00   1.7733288e+00
  -1.2433413e+00   4.2472548e-01
   5.6770050e-01   7.6403066e-01
   8.5178529e-01  -1.3761382e+00
   9.2965268e-01   1.2617928e+00
  -5.3086434e-01  -2.4534706e-01
  -5.1655804e-01   4.6033325e-01
   1.2655356e+00   1.2539669e+00
  -1.0560050e+00  -4.0154693e-01
   6.3930131e-01   1.1962649e+00
  -2.2725334e+00   1.6254029e+00
  -1.0854870e+00   4.0041076e-01
  -1.5193944e+00   1.8035272e+00
  -7.4275494e-01   1.6503689e+00
   1.8278556e-01  -1.2446323e+00
   3.5920136e-01  -1.2815263e+00
   1.1382500e+00   1.0797569e+00
  -1.5861273e+00   7.4173409e-01
   2.6746586e-01   5.5727070e-01
  -1.1548341e+00   6.8185507e-02
   2.7515243e-01   3.3333200e-01
  -1.1169755e+00   1.6331740e-01
   6.8133847e-02  -3.1860482e-01
  -1.3985348e+00   1.0269449e+00
  -8.9548520e-01  -4.1865063e-01
  -2.1453005e+00   1.9819234e+00
  -1.2037180e+00   6.2794453e-02
  -1.5107349e+00   1.5212652e+00
  -7.5925207e-01   3.3627420e-01
   2.7801157e-01   1.1518594e+00
   1.2019523e+00  -1.6956740e+00
   9.4826246e-01  -4.6659291e-01
   1.3748576e-01   1.0709688e+00
   6.7710964e-01  -2.6091570e-01
  -1.5510903e-01   2.0243080e-01
   1.1484424e-01  -1.3032213e+00
   7.5758767e-02  -8.0753779e-01
   1.1242015e+00  -2.0164551e+00
   8.5722044e-02   7.8626550e-01
   3.5534041e-01  -1.2623433e+00
   6.6272884e-01  -1.1637670e+00
  -6.2575965e-02  -2.8260463e-01
   3.6481151e-01   1.8248243e-02
  -5.1977943e-01   6.3584983e-01
   5.8271339e-01  -5.7132977e-01
  -6.2472198e-01   2.0727430e+00
   4.3243089e-01  -8.4561065e-01
   9.8953061e-01  -6.4034644e-01
   7.9985737e-01  -1.0620605e-01
  -2.0084239e+00   1.3066168e+00
   4.8988410e-01  -1.3149517e+00
   5.9333703e-01   1.2543144e-01
  -8.0191827e-01   2.1950732e+00
  -2.4797848e+00   8.8022399e-01
   9.9934507e-01  -3.6585053e-01
   1.9045823e-01  -1.1527019e+00
  -2.7310146e-01   1.6888086e-01
   7.4676644e-01  -4.0780680e-01
   1.0343836e+00   9.2669864e-01
   2.0527364e+00  -1.7862972e+00
  -1.0826974e+00   1.5899245e+00
  -9.9682122e-01   1.3071813e+00
  -1.1571446e+00   1.0693389e-01
   7.2072889e-01  -2.0286157e+00
  -7.3804149e-01   1.2628004e-02
  -1.9831834e+00   2.0785378e+00
   7.2866754e-01  -1.6738209e+00
  -5.4332663e-01   7.7448930e-01
  -2.4135395e+00   1.6687195e+00
   2.3477618e-01  -4.0455097e-01
   8.2079807e-02  -1.1317341e+00
   6.0423819e-01  -3.3843071e-01
  -1.0029401e-01  -1.0102490e+00
   1.1355878e-01  -8.7764523e-01
   4.0587794e-01   6.6262185e-01
   5.9788408e-01  -4.2779359e-01
   1.0689174e+00  -6.1680824e-02
  -5.2934059e-01   6.0934167e-01
  -1.1841963e+00   1.0871926e+00
  -9.0713646e-01  -9.7834588e-02
   2.1430153e+00  -1.4051434e+00
   1.5783318e-01   4.6192053e-01
   8.0805180e-01  -1.2181907e+00
   2.8932908e-01  -3.5478272e-01
  -1.4008746e-01   3.6257812e-01
   6.0200650e-01  -1.2767755e+00
   5.4724822e-01   2.9189048e-01
   2.6636567e-01   1.7793136e-03
   1.2443851e+00  -1.1883783e+00
   3.0400529e-01   8.3636471e-01
   3.6230310e-01   7.2502126e-01
  -2.8446065e-01   6.6778915e-01
   6.6144053e-01  -1.5611302e+00
   9.9993498e-01  -1.9708089e+00
   6.2333552e-01  -7.2630056e-01
  -1.3509422e+00   1.1986383e+00
   8.8881987e-01  -1.6995633e+00
  -1.9962512e-01   5.6761503e-01
   1.3345338e-02   9.1996212e-01
  -8.0216367e-01   1.0955808e+00
   5.8315484e-01   9.2442266e-01
   8.7126970e-01  -1.2275740e+00
   2.4054288e-01  -9.8823180e-01
   1.6950838e-01   7.6186695e-02
  -9.9995061e-01  -6.1003068e-01
   5.7405822e-01  -6.7486024e-01
   5.4339111e-01  -1.9059625e+00
   5.3368615e-01  -7.2312145e-01
   2.8349223e-01  -1.3923195e+00
   5.3162241e-01  -6.8195636e-01
   7.9657009e-01   1.2201677e+00
  -4.0674521e-01   2.0140863e-01
  -1.0972456e-01   9.3529295e-01
   9.0613554e-01  -2.1651476e-01
   5.5201854e-01  -1.0378474e+00
  -7.6409475e-01  -1.1866163e-01
   9.1448991e-01   1.5588663e+00
   4.0504786e-01   9.3348698e-01
   6.3910823e-01   1.2323922e+00
  -1.2100497e+00   1.1500375e-03
  -6.6916129e-02  -9.3076984e-01
  -3.0570833e+00   1.4790252e+00
   5.1517774e-01   4.8172760e-01
  -3.6971051e-02  -1.5044117e+00
   8.8748957e-01  -1.1346173e+00
   7.0854356e-01  -2.0644886e+00
  -4.8113035e-01   3.6082474e-01
  -1.1535415e+00  -8.0179232e-01
   2.8336844e-01   1.0425229e-01
  -4.9594607e-01  -8.7913920e-01
   5.2384133e-01  -1.0491220e+00
  -7.1921583e-01   9.2144123e-01
  -7.6496570e-01  -3.9624681e-01
   9.1464065e-01  -7.4132211e-01
   4.5667653e-01  -1.5163952e-01
  -9.6913337e-01  -4.2231890e-02
  -4.2423700e-01  -9.6911182e-03
   4.5172608e-01  -1.1281471e+00
   6.9842071e-01   1.2979653e+00
  -1.4454404e+00   3.3983136e-01
  -9.0897614e-01   2.3871011e+00
   9.1822983e-01  -3.3109772e-01
   3.3895180e-01   3.5437037e-01
  -3.9900606e-02   2.5525648e-01
  -1.0382701e+00  -2.4289351e-01
   1.1153135e+00  -1.8504181e+00
  -6.1154519e-01   2.7283959e-01
   8.0368556e-01  -7.0452794e-01
   5.3540371e-01   5.8134888e-01
   4.2379342e-01  -1.1839525e+00
  -5.8205436e-01   4.4455884e-01
   9.4465755e-01  -1.3829712e+00
  -9.4293653e-02  -3.7648155e-01
   1.0969995e+00   1.1580088e+00
   1.0056680e+00   9.6381292e-01
  -7.5264467e-01   2.0205217e+00
   1.4517936e+00  -1.8255822e+00
   1.4958813e+00  -2.0091852e+00
  -9.3956825e-01   2.4460131e+00
  -3.1475579e-01   7.5529613e-01
  -4.4422623e-02  -8.6839004e-01
  -4.3399041e-01   4.1661719e-01
  -1.3669540e+00  -6.3964653e-01
   1.7180959e-01  -7.6277076e-01
   3.9920666e-01  -5.9362572e-01
  -9.5918910e-01   1.5721584e+00
   9.5854374e-01  -4.5461132e-01
   6.2076087e-01  -3.3366279e-01
  -2.9859380e+00   1.6989208e+00
   1.1631724e+00  -1.4667123e+00
   9.7535568e-01  -4.3466098e-01
   1.5574470e+00  -1.7933741e+00
   5.2183469e-01  -1.0426543e+00
   3.2483057e-01  -3.0343501e-01
   6.2361897e-01  -9.7041503e-01
   9.9323223e-01   3.1304619e+00
   7.6222525e-01  -2.1127300e-01
   3.2374111e-01   5.0820568e-01
   3.6840567e-01  -5.7518483e-01
  -5.4854478e-01   2.7702090e-01
  -4.5859875e-01  -3.7808915e-02
   1.1386476e+00  -1.3789681e+00
   1.4015871e+00  -5.4626696e-01
   4.8207826e-01  -1.1041830e+00
   1.2436343e+00  -1.7917840e+00
  -1.3051890e+00  -4.1196466e-02
  -9.5056812e-01   1.7517213e+00
   1.0587482e+00  -1.4826499e+00
   7.5502412e-02   8.2235686e-01
   3.6336473e-01   1.1599023e-01
  -2.3725355e+00   1.6240907e+00
   5.1314778e-01  -5.6949766e-01
  -3.3827482e-01   2.7855074e-01
   1.0358829e+00  -2.1348255e+00
   5.0359567e-01  -1.8527489e+00
  -2.7687957e-01  -3.1801871e-01
  -1.2525837e+00   2.1320196e-01
   4.6545719e-02  -5.4688855e-01
   2.4367442e-02  -1.5229869e+00
   5.4114702e-01  -1.9704740e-01
  -9.7537943e-01  -1.1563638e-02
  -1.2767320e+00  -3.0181989e-01
  -1.2794112e+00   1.6730165e+00
  -2.7416744e+00   1.2060702e+00
   2.0041950e+00  -1.4975037e+00
   1.0274947e+00   4.9495700e-01
   4.7367307e-01  -4.8187305e-01
   1.2245264e-02  -8.8327730e-01
   3.0747768e-01  -1.0812051e+00
   9.0878619e-01  -6.1180014e-01
  -7.7971136e-01   2.3811974e-01
  -4.0015844e-03  -4.5574987e-01
   1.1651741e-02   6.5854781e-01
   6.5305555e-01  -2.2949091e+00
   1.8657854e-01   6.5177678e-01
   2.4003725e-01  -1.5847910e+00
  -3.4303971e-01   4.4548444e-01
  -2.3676008e+00   1.6807089e+00
   4.3585358e-01   8.2005436e-01
  -2.0259610e+00   1.1480199e+00
  -2.1769717e+00   8.0819392e-01
   2.3512785e-02  -3.8348004e-01
   3.3671638e-01   2.1401389e-02
  -5.8600633e-01   6.6563620e-01
   3.9183057e-01   1.5032587e-01
  -1.4679320e+00   4.6052711e-03
   9.2772195e-01  -1.8342959e+00
  -6.2567728e-01  -3.5575427e-01
  -1.0663982e+00   1.0926783e+00
   9.4816195e-01  -7.1342702e-01
   5.4438026e-01  -1.0870891e+00
   1.0724099e+00   6.7556916e-01
   1.1863907e+00  -3.1935646e+00
  -3.1485965e+00   1.3459308e+00
  -6.0834021e-01   1.0600356e+00
  -9.2258201e-01   2.1859410e+00
   8.0621866e-01  -3.0910422e-01
   1.5684232e+00  -2.7488235e+00
   8.5764104e-02  -2.1017788e-01
  -9.1146243e-01   1.7503028e-01
  -4.9740851e-01   7.7446254e-01
   1.1309034e+00   9.8461027e-01
  -1.2055893e-01  -1.3681492e+00
  -7.2982125e-01   5.8124107e-01
   1.3196199e+00  -1.5506998e+00
   3.4901811e-01   1.3217111e+00
  -1.6110002e-01  -9.5401781e-02
  -9.6656111e-02  -4.0275340e-01
   1.3557613e-01   1.5628221e-01
   3.6317026e-01  -9.9725300e-01
  -1.4534449e+00   1.5639898e+00
   6.8996269e-01  -3.8508624e-01
  -2.6054490e+00   1.1689688e+00
  -2.5601777e-01   5.8004695e-01
   9.6344193e-02   9.5455863e-01
  -1.0590497e+00  -5.6104425e-02
   6.2824997e-01  -1.4221338e+00
   3.2462671e-01  -2.0768599e+00
  -2.1349918e+00   1.6486305e+00
   9.7940785e-01   9.5378461e-02
   9.4829923e-01  -1.5252761e+00
  -1.1114665e+00  -2.1426686e-02
   4.6000358e-01   6.2529627e-01
   1.1369129e+00  -1.5349369e+00
  -1.2177710e+00  -4.6395490e-01
  -2.9439026e+00   1.6752260e+00
   5.8421091e-01  -4.0153515e-01
  -1.1114723e+00  -4.2314854e-02
   8.1877955e-01  -7.9825026e-01
  -3.0080786e-01   7.4318084e-01
  -2.7551923e+00   1.9402589e+00
  -2.6498678e+00   8.4734006e-01
   1.1613715e+00  -1.1348010e+00
   3.1074613e-01  -4.9587417e-01
   4.3653221e-01  -6.8030037e-01
   5.5520891e-01  -5.6975209e-01
  -4.0727488e-01   1.0360937e+00
   1.2065920e-01   1.4725727e+00
  -2.9637266e+00   2.1032444e+00
   1.0612692e+00   1.1800421e+00
  -7.1115237e-01  -4.5174991e-01
   3.2726506e-01  -9.8765635e-01
   2.0158772e-01   6.4929505e-02
   1.2677780e-01  -9.0729018e-01
  -9.7498840e-01  -8.3880048e-02
  -5.0028805e-01   2.7052961e-02
  -1.1903880e+00  -3.5454645e-01
   1.0478838e+00   6.0001978e-01
  -3.9811184e-01   1.0810092e+00
  -1.5653674e+00  -5.2470908e-01
   7.1150860e-01  -7.9160669e-01
   9.6518291e-01   2.1034403e+00
   9.9153339e-01   9.5826601e-01
  -9.2927617e-01   1.3507696e+00
   3.4809301e-01  -7.2167187e-01
   8.9590171e-01  -4.9028571e-02
  -2.5439453e-01   1.9179120e-01
   1.1067375e+00  -2.2351049e-02
   2.4122186e-01  -8.1901818e-01
   5.1773509e-02   6.0463209e-01
   1.7867812e-01  -1.8645044e+00
   1.2604635e-01   2.0004455e-01
  -4.7938474e-01   2.9237969e+00
   4.2636672e-01   2.5364225e-01
   1.0738647e+00   4.4361499e-01
   7.3123806e-01  -9.5460493e-02
   2.6543070e-01  -2.7240001e-01
   7.1805882e-01  -9.7583912e-01
  -7.6261158e-01   1.3360782e-03
   3.5516183e-01   7.3348718e-01
  -4.1342261e-01   1.0412295e+00
  -4.8393307e-01   1.1955113e+00
  -1.8071396e-02  -1.2660180e+00
   1.1965886e-01   6.4547684e-01
   2.8604293e-01   7.6640848e-01
  -2.7818448e+00   1.2559138e+00
   1.7530758e+00  -1.0563751e+00
   9.1321745e-01  -3.1108397e-01
   4.1850502e-01   5.4846701e-01
   2.2850189e-01  -1.8867731e+00
  -1.2577859e+00   2.7055127e-01
  -5.7940009e-01   7.2210747e-01
  -1.1485185e+00   1.1395804e-01
  -5.5532317e-01  -3.1197160e-01
  -1.0991097e+00  -9.6178095e-04
   1.9929761e+00  -2.0245064e+00
   9.9610987e-01   2.5444025e+00
   1.0485928e+00  -2.8024795e+00
  -2.4610201e-01   1.9730904e-01
  -1.4256541e+00   1.3199082e+00
  -5.0288470e-01  -3.5994855e-01
   2.0152572e-01  -1.2063131e-01
   1.2403722e+00  -1.9185502e+00
   1.1153924e+00  -1.4947431e+00
   2.3928282e-01   1.0817923e+00
   4.1065093e-01  -5.6563943e-01
  -1.1835492e+00  -2.4491888e-01
   8.9633350e-01  -5.7466449e-01
  -3.8329965e-01   7.4810825e-01
   8.9982115e-01  -8.4302355e-02
   9.2676117e-01  -9.2306609e-01
   5.0876396e-01   5.5270703e-01
  -9.9068170e-02  -1.1897860e-01
  -1.2002964e+00  -4.0792320e-01
   8.1768200e-01   5.0124197e-01
  -2.7468090e+00   9.3935970e-01
   6.2356667e-01  -3.3312981e-01
   7.6870613e-01  -2.0755034e-01
   6.6969731e-01  -1.1940122e+00
   4.9806872e-01   2.1697764e-01
   8.2844831e-01  -4.5739641e-01
   3.6084999e-01  -1.1770293e-01
  -1.3450669e-01   2.1785059e-01
   3.3512230e-01   1.3220806e+00
   9.3469030e-01  -5.9879206e-01
   5.3610510e-01  -7.6093639e-01
   8.8475771e-01  -9.9791402e-01
   3.3345616e-01  -1.6641027e+00
   4.0954154e-01   7.2570941e-01
  -4.5321940e-02  -6.0783801e-01
  -1.0458520e+00   1.5267428e-02
   2.5721099e-01   5.0234764e-01
  -1.5210582e+00   1.7310324e+00
  -1.0079890e+00   2.0731067e+00
   1.9490404e-01   1.3626946e-03
  -2.1008712e+00   1.2012350e+00
   7.8252487e-01  -4.1508554e-01
  -1.1803449e+00  -2.4036334e-01
   2.4976660e-01   2.7261775e-01
  -3.7567639e-02   4.5991893e-01
  -1.4434957e+00   1.4378178e+00
   5.5049600e-02  -1.5670919e+00
   9.8163168e-01  -6.1462305e-02
   6.1392166e-01  -5.7852182e-01
   3.5860315e-01  -8.7325470e-01
  -1.2447021e+00  -4.0705697e-01
  -1.1534177e-03  -5.7584726e-01
  -9.8934020e-01   7.2414590e-01
  -1.3804153e+00  -2.5501714e-01
  -7.7518337e-01   2.2307239e+00
   2.4216199e-01   5.9838519e-02
  -5.8699310e-02  -1.7133450e-02
   7.3132454e-01  -1.1535219e+00
  -2.0803674e+00   3.1254541e-01
   5.5307563e-01  -7.9270700e-01
  -3.1214679e+00   1.2875498e+00
   9.9533375e-01  -8.1694224e-01
  -6.6939195e-01  -2.3503028e-01
   2.7124360e-01   1.2743097e-01
  -1.2926847e+00   1.1573973e+00
   5.6033472e-01  -9.8084811e-01
  -1.0362761e-01   7.8847539e-01
   7.3827641e-01  -7.6891260e-01
   5.8752587e-01  -5.0300343e-01
  -9.4343573e-01   1.3994437e+00
   1.1958850e+00  -1.9188461e+00
   1.8731156e+00  -1.1797952e+00
   2.6738968e-01   4.6996558e-01
   1.4301222e-01   1.9959393e+00
   9.5988574e-01  -2.2406771e+00
  -1.0018817e+00  -1.8895818e-01
  -1.1779227e+00  -1.3792967e-01
  -8.8334139e-01   1.7524043e+00
  -4.3545734e-02   3.6591962e-01
   7.1547961e-01  -8.3000622e-01
   5.0498763e-01   1.0127626e+00
   5.4781573e-02  -1.8194276e+00
  -2.8765866e+00   1.0815408e+00
   1.7079285e+00  -9.8803915e-01
  -7.8873804e-01   1.8119031e+00
  -1.1981350e+00  -4.4349712e-02
   7.8359940e-01  -1.6122393e+00
  -3.4019120e-01   1.7200079e-01
   5.8473546e-01  -3.9422722e-01
   1.0531398e+00   7.6239799e-01
   7.8445600e-01  -5.3685254e-01
  -8.0093149e-02   1.4478162e-01
  -4.2247307e-01   4.5817552e-02
   8.5358806e-01   2.1895638e-01
  -1.5875246e+00   1.3341755e+00
  -5.5778278e-01   1.6849420e-01
  -2.2901223e+00   9.7035304e-01
   2.1895985e-02  -6.5751329e-01
   7.7970338e-02   7.4795018e-01
   6.9755522e-01  -8.4748191e-01
  -1.0587021e+00  -3.6342074e-01
   5.7266611e-01  -1.4635046e+00
   4.8041439e-01  -2.4284510e-01
   6.5519452e-01   6.1246351e-01
  -1.4698950e+00   2.2090175e-01
   3.6890550e-01   3.2010502e-01
   4.3002617e-01   1.6677188e+00
   6.2854362e-01  -6.0073890e-01
   3.1803530e-01   1.9762242e-01
