  -4.6669692e-02   4.6020297e-01
   4.1010631e-01   7.6093958e-03
   2.7766052e-01   2.3033072e-01
  -1.0720189e-01  -2.2995644e-02
  -1.7928916e+00   1.1971798e+00
  -1.5392537e+00   1.9816852e+00
  -3.1480282e-01   1.9074878e-01
   4.8148686e-01   1.0282187e+00
   9.8885609e-02  -2.4961496e-01
  -4.8105499e-01   4.6271424e-01
  -7.1534029e-01   7.8431959e-01
   2.4063972e-01  -2.1567827e-01
   1.0910837e+00  -1.1892658e-01
   3.4703844e-01  -4.1099771e-01
  -8.3987546e-01   5.6973726e-01
   6.6267453e-01  -3.1428728e-02
  -2.3737337e-01   1.9589236e-01
  -3.0673519e-01   3.7183165e-01
  -6.4626751e-01   4.1071773e-01
   1.8713760e+00  -1.2289238e+00
   9.7985804e-01   4.2184531e-01
  -1.5001052e+00   1.0314958e+00
   1.1366468e+00  -7.4915737e-01
   1.3072122e+00  -6.0010727e-01
  -1.1113780e+00   2.8058935e+00
  -1.4307875e-01   3.5632979e-01
   8.9049422e-01   7.6238445e-01
   6.6978692e-01  -1.1986067e+00
  -1.9277298e+00   2.2400721e+00
  -5.2832850e-01   1.1183161e+00
   1.1177672e-01   1.4953155e+00
   2.5619366e+00  -2.9884881e+00
   7.5795436e-01   1.7084304e-01
  -1.5462859e+00   2.0458626e+00
   9.3662680e-01  -2.1403340e+00
  -1.6791754e-01   1.4923416e+00
  -1.0770467e+00   4.8225854e-01
   3.9046369e-02   2.2531242e-01
  -9.5219313e-01   8.9014922e-01
   1.7111002e+00  -1.0241324e+00
  -1.4131701e-01  -8.6692152e-02
  -7.2634944e-01   8.1718139e-01
  -6.8311329e-01   2.1617256e+00
  -2.6189315e-01  -1.1074350e-01
  -6.3632785e-01   1.4288376e+00
  -6.3346546e-01   4.4430093e-01
  -4.1109388e-01  -3.4966050e-01
   2.0246169e+00  -2.0742053e+00
   5.4490528e-01  -1.0551485e+00
  -8.6217982e-01   8.4239723e-01
   7.7578815e-01  -5.8814427e-01
   1.4101275e-01  -2.8884763e-01
  -6.8235677e-01   2.1348324e-01
  -5.5270117e-01   1.5142564e+00
  -5.6381841e-01   1.3645423e-01
  -2.4335493e-01   7.4727821e-01
  -1.6732727e+00   2.7377338e+00
   2.0348447e+00  -2.2293193e+00
  -2.1366756e+00   1.7341204e+00
   1.8474054e-01   9.3659241e-02
  -4.0739615e-01  -2.0542562e-01
   6.5356940e-01  -1.6963074e+00
  -7.7328965e-01   7.8339621e-01
  -1.7218144e+00   1.7702176e+00
  -1.0035706e+00   5.2972610e-02
   1.0118713e+00   1.0580881e-01
   4.9339355e-01  -1.9039727e-01
  -1.1884416e+00   8.6319005e-01
  -7.1419115e-01   3.5820611e-01
   6.0569600e-02   1.1242782e-01
  -2.1871212e-01   1.0915063e+00
   1.3254285e+00  -1.2368713e+00
  -9.6892980e-01   4.7646355e-02
   2.5542478e-01  -3.2918624e-01
  -6.9096387e-01   7.4582841e-01
  -2.0592646e+00   2.1227408e+00
   4.4112355e-01  -3.0996097e-01
  -6.1211642e-01   2.3458992e-01
  -6.1186358e-01   3.3169535e-01
   1.9928918e-01  -1.6222302e-01
   2.2142898e+00  -1.7391528e+00
   2.0629111e+00  -2.0979275e+00
   1.8546608e+00  -2.1387301e+00
   5.3551725e-01  -7.5937611e-01
  -9.6341368e-01   1.9376953e+00
  -2.9678123e-01  -7.7716949e-02
  -1.9460905e-01   8.6815281e-01
   1.9166429e-01  -6.3044952e-01
   1.7109073e-01  -1.5063852e+00
   2.5183459e-01   4.7065360e-01
  -6.1265618e-01  -1.6543025e-01
   5.4836631e-02  -8.1945292e-01
  -1.7025502e-01   2.1507911e-01
  -1.2195790e+00   1.1337938e+00
  -4.8111850e-01   5.1387521e-01
  -2.5489085e-01   6.5510441e-01
  -8.7215237e-01   7.8963467e-01
  -1.0701568e+00   1.3434092e+00
   5.5123183e-01   2.1510399e-02
  -8.8700318e-01   2.3292490e-01
   1.1593887e-01  -1.6986120e-01
  -4.1501662e-01   1.1494135e+00
   1.6935335e+00  -1.7629922e+00
  -8.9964377e-01   3.3765072e-01
   1.8613581e+00  -1.7434402e+00
   3.2473511e+00  -3.4538057e+00
  -1.3270159e-01   3.7836713e-01
  -1.2568217e+00   8.2377303e-01
   3.0319509e-01   6.0162109e-02
   6.3829630e-01  -1.1447500e+00
  -5.2160069e-01   4.5752445e-01
   7.5205684e-02  -3.6346320e-01
  -3.4325983e-01  -4.1255407e-01
  -8.8609127e-01   8.0081479e-01
  -7.9357078e-01   2.1466535e-01
   6.5213106e-01  -3.7813222e-02
   3.6375425e-01   2.6675789e-01
   1.2490843e-01   1.1222031e-01
   1.5231163e-01   1.2847389e-01
  -6.8637426e-01   6.3491938e-01
  -8.5844886e-01   1.0411905e+00
  -9.0363710e-01   7.0419803e-01
  -4.8515931e-01  -6.4490863e-02
   1.3957895e+00  -1.5343056e+00
   5.6979847e-01  -7.5026911e-01
  -7.0490620e-01   2.8139272e-01
  -8.9450732e-02  -4.7902909e-01
  -1.4890349e+00   1.2931156e+00
   2.1844156e+00  -1.8484411e+00
  -1.2646536e+00   2.8601651e+00
  -1.0752988e+00   1.7402990e-01
  -1.0402165e+00   1.3621509e+00
  -1.0947290e+00   6.0928719e-01
   1.6565114e+00  -2.0312374e+00
  -1.1008130e+00   1.5111606e+00
  -8.1501105e-01   7.0513653e-01
  -7.2077680e-01  -3.1534824e-01
   1.2564460e+00  -1.5358983e+00
  -2.0281878e+00   1.4902231e+00
  -1.3152868e+00   1.8415957e+00
   1.4043953e+00  -1.2503201e+00
  -1.6110134e+00   2.6466064e+00
  -1.1672527e+00   5.2600700e-01
   9.8426922e-01  -5.1117055e-01
  -1.6056450e+00   1.4342417e+00
  -6.4769208e-01   1.6518471e+00
   1.5743500e+00  -2.1873158e+00
   2.7260190e-01   1.4243859e-01
   1.4022333e-01   1.9464961e-01
  -2.7282458e-01   5.8480610e-01
   2.2522500e-01  -7.2064948e-01
   7.8917594e-01  -4.2715932e-02
  -6.8009966e-02   4.5227982e-01
  -3.2552179e-02  -8.5989645e-01
   8.7606256e-01  -6.9820291e-01
  -1.5176709e+00   2.2658007e+00
   7.8287734e-01   4.5086648e-01
   7.2497834e-01  -1.7136059e+00
  -6.3214270e-01  -7.7409679e-02
   7.0966471e-01  -1.0313721e+00
  -7.3073205e-01   4.0503429e-01
  -1.1474360e+00   1.1036544e+00
   7.8179481e-01  -2.1241507e-01
  -1.6540409e+00   1.5605864e+00
   7.0702423e-01  -5.8016551e-01
   5.4671639e-01  -9.9868922e-01
  -1.2651436e+00   4.4672896e-02
   5.3088259e-01  -9.7498723e-01
   6.1844699e-01  -1.4183956e+00
  -1.8929648e+00   1.6560634e+00
   2.4869398e-01  -6.6680913e-01
  -3.3658972e-01   7.9797496e-02
   2.7310849e+00  -2.2308230e+00
  -3.3576142e-01  -4.2890171e-01
   8.3790375e-01  -8.1052471e-01
   1.7506285e-01   2.6328512e-03
  -6.4841016e-01   4.2879670e-01
   9.3312267e-01   5.1451729e-02
   9.6346271e-01  -8.8954713e-01
   2.6261271e+00  -2.9866593e+00
   1.8746096e+00  -2.0716435e+00
  -5.5290362e-01  -9.5348306e-02
  -4.2666701e-01  -9.0648020e-02
   1.0088236e+00  -1.6765785e+00
   1.7270047e+00  -1.5664231e+00
  -3.3511101e-01   7.8407302e-01
  -9.7853672e-01   1.5467641e+00
  -1.6577377e-01   8.9317329e-01
   5.3575831e-01  -8.4276955e-01
   1.5296708e+00  -5.7625529e-01
  -8.7896796e-01   1.0052920e+00
  -2.4380410e-01  -7.3417946e-02
   5.4717847e-02   5.9823587e-01
  -4.8910682e-01  -2.1700450e-01
   5.0777536e-01  -8.8018473e-01
  -4.1575532e-01  -6.1693699e-01
  -1.8571226e+00   1.6534744e+00
   9.7935613e-02  -1.8748829e-01
  -8.5907057e-02  -3.3911844e-01
   1.2992618e+00  -1.4117519e+00
  -2.7671350e-01  -8.9567781e-02
   1.1802150e+00  -9.1168679e-01
  -5.7172558e-01   9.0901803e-01
   1.5022688e-01   1.2026014e-02
  -1.4323912e+00   1.8050174e+00
  -1.1232152e+00   2.6236638e-01
  -6.0924568e-01   2.4251824e-01
   1.1692603e+00  -1.9318736e+00
   4.1451898e-01  -5.0778661e-01
   6.7247803e-01  -1.9861708e+00
   8.4744408e-01  -7.3133466e-01
   1.4525461e+00  -1.9324464e+00
   1.8362799e-01  -4.5356405e-01
  -3.5874437e-01  -6.8648549e-02
  -1.7399509e-01   4.7459332e-01
  -3.2564183e-03  -6.4660557e-01
  -1.5347327e-01   2.6040131e-01
  -8.0977505e-01   6.8681916e-01
  -1.7774559e+00   1.2152378e+00
  -6.8482161e-01   1.8270967e+00
   1.8672672e-01  -6.2398051e-01
   9.1304197e-01  -1.4224924e+00
   9.5630264e-01  -1.9931998e+00
   6.9011624e-01  -7.9925705e-01
  -1.4608514e-01   3.9366134e-01
   1.0555550e+00   4.6756903e-01
  -2.2820013e-01  -7.8220180e-02
   6.9186417e-02   4.2610613e-02
  -4.6953757e-01   8.7791254e-01
   4.8362301e-01  -4.2970449e-01
   1.1338633e+00  -1.4254085e+00
   1.0073958e+00  -5.4705435e-01
  -8.2894444e-01   3.8067339e-01
  -1.5859097e+00   1.4823435e+00
  -2.8101387e-01   3.1141734e-02
  -3.9908391e-01   6.5942678e-01
   5.0092374e-01  -6.1663632e-01
   8.6937768e-02   6.8463809e-01
   1.0532897e+00  -3.9679100e-01
   1.1474599e+00  -5.8988917e-01
   1.4499663e-02  -6.9097219e-01
  -1.4278754e+00   2.1830070e+00
  -3.3843379e-01   7.7590529e-01
   1.5694475e+00  -1.7677202e+00
   1.3541568e+00  -1.6784344e+00
   1.3076533e-01   3.6725154e-01
   1.0943851e+00   4.9049142e-01
  -3.1515053e-01   1.5911893e-01
  -1.2204322e+00   1.4338833e+00
  -5.0131730e-01   9.1307449e-01
  -9.7632880e-01   2.0102979e+00
  -1.6652280e-02  -8.9516759e-01
   8.9966876e-01  -9.6559842e-01
  -7.2751850e-01  -5.8877556e-02
  -1.6302554e-01   2.2065404e-01
  -2.8425392e-01   5.4919378e-01
  -1.3456267e+00   1.9640405e+00
  -1.8514445e-01  -4.2791584e-01
  -7.1957504e-01   1.5796895e+00
   1.7993441e-02   7.8545411e-01
   1.2323395e+00  -1.8698234e+00
   3.7072209e-01  -6.1335437e-01
   1.8068369e-01  -1.0779027e+00
   1.0930416e+00  -2.0062915e+00
  -4.0157655e-01   4.1221320e-01
  -8.8695465e-01   2.0644955e+00
   1.2470954e+00  -1.4742132e+00
  -1.1046016e+00   7.1043828e-01
   7.9414147e-01  -1.5558559e+00
  -8.5606924e-01   5.3779607e-01
  -2.4179549e-01   8.3915604e-01
   7.0432323e-02  -1.2527453e+00
   1.2811815e-01   8.5207913e-01
  -1.5259331e+00   1.5748860e+00
  -7.3725993e-01   5.5757509e-02
  -7.6845364e-01   9.7170813e-01
  -4.6541718e-01   1.5207344e-01
   1.7572121e+00  -1.6751254e+00
  -6.8011404e-01   7.3292997e-02
  -1.1816389e+00   1.3961847e+00
  -2.1195223e+00   2.1278725e+00
   1.1945064e+00  -9.7805312e-01
  -1.6654383e+00   1.9698595e+00
  -2.7179935e-01   1.9749185e+00
   6.9325814e-01  -7.6443159e-01
  -6.3101106e-01   3.8305927e-01
   8.5512029e-01  -1.0184958e+00
  -2.4499334e-01  -6.6162148e-01
  -5.0942328e-02  -4.2162613e-01
   1.1023645e+00  -2.2156405e-01
   2.3642520e-01  -2.2659625e-01
   1.7730176e+00  -1.4274053e+00
  -5.0962205e-01   6.5981939e-02
  -1.4047218e+00   1.6965079e+00
  -9.5881439e-01   8.4849024e-01
   5.1952805e-01  -7.9543781e-01
   8.3630178e-01  -1.7262306e+00
  -2.0135682e-01   7.5138077e-01
   1.7423156e+00  -2.0353194e+00
  -9.4796837e-01   2.9246961e-01
   1.4425607e+00  -1.0458815e+00
   2.4286301e+00  -2.3702738e+00
  -1.1858055e+00   6.3162623e-01
   1.2544442e+00  -1.1673525e+00
  -5.9931321e-01   7.2659073e-01
  -5.1837539e-01  -6.9608573e-01
   1.1099200e+00  -5.6722689e-01
  -7.1063023e-01  -1.9726301e-01
   1.1176852e+00  -5.0507567e-01
   1.6960089e-01  -8.6033014e-01
   2.4008226e+00  -2.5589188e+00
   1.5226099e-01  -6.7113664e-01
   4.0366544e-01  -5.7445424e-01
   1.0114894e+00   8.4287115e-02
  -4.2948000e-01   1.5783062e+00
   1.1796942e+00  -1.6264302e-01
  -1.2179641e+00   1.0757112e+00
  -8.5227510e-01   5.8532338e-01
  -8.2081518e-01   5.1040507e-01
  -4.2770372e-01  -4.7770181e-01
  -2.8915587e-01  -4.4137503e-01
  -6.5041680e-01   1.3553362e-01
  -4.2987886e-01  -2.1191757e-01
  -6.8947175e-01   1.7649237e+00
  -6.4005458e-01   1.5649447e-02
  -3.1305092e-04  -4.5458122e-01
  -7.5239598e-01   2.0076156e-01
   4.1803923e-01  -2.3924892e-01
  -1.8451860e+00   2.3804773e+00
  -6.0186151e-01  -7.4828532e-01
   1.7884449e-01   8.0412559e-01
  -1.3991158e-01   2.1208336e-01
  -1.7138536e+00   1.2256667e+00
  -8.9801151e-03   7.3418429e-01
  -4.5641249e-01   7.7783563e-01
   5.9846599e-01  -8.5293217e-01
  -1.8989341e+00   1.5189106e+00
   2.1235372e+00  -1.6931580e+00
  -2.5877521e-01  -3.8808628e-01
   9.6372093e-01  -3.5046737e-01
  -2.2401055e-01   4.0531407e-01
  -9.4078216e-01   8.7892112e-01
  -2.9921686e-02  -7.6389656e-01
   4.8839083e-01  -1.3384715e+00
  -1.0344520e+00   7.8821294e-01
  -2.5467242e-01  -3.0730026e-01
  -5.9260519e-01   1.5733454e+00
  -3.3615573e-01   5.4667104e-02
  -2.5462791e-01  -3.0520749e-01
  -8.8006585e-01   6.8660921e-01
  -3.8376399e-01   2.1660677e-01
  -9.2124594e-02   4.8548166e-01
  -1.2349057e+00   5.8873109e-01
   8.7813030e-02  -1.6527689e-01
  -1.3401744e+00   1.2295570e+00
   7.1964480e-01  -1.2122095e+00
   1.6856108e-02  -4.6705209e-02
   8.5718797e-01  -1.2837352e+00
  -4.0327959e-01  -1.1937818e-01
  -1.9375127e-01   7.4129881e-01
   1.6859881e+00  -1.1187030e+00
  -7.9875911e-02   2.5029178e-01
  -8.4017563e-02   7.5384873e-01
  -4.7666766e-01   7.1235115e-01
  -7.5707634e-01  -2.9540571e-01
  -7.6173797e-01   3.5922352e-01
  -1.3695727e+00   5.5748248e-01
  -7.8812537e-01   9.2206160e-01
   1.2919688e-01  -1.4853550e-01
  -1.0851775e+00   3.0569630e-01
   1.0651468e+00  -1.7514580e+00
  -2.5394106e-01   2.7232586e-01
  -3.5749238e-01   4.2997941e-01
  -1.7410256e-01   1.6543176e+00
   2.0453941e-01  -6.1719276e-01
   4.0559975e-01  -6.5042821e-01
  -3.6562752e-01   1.8299043e+00
   4.6315827e-01   5.6121585e-02
   1.1208752e+00  -1.6475867e+00
  -1.3496564e+00   2.0118816e+00
  -5.5042269e-01  -1.4225814e-02
  -3.3656890e-01   2.1746584e+00
   3.8579223e-02  -1.9107630e-01
   3.4455491e+00  -3.2508693e+00
  -9.8718993e-01   5.6941379e-01
   1.4067403e+00  -1.8488702e+00
  -1.3851826e+00   1.9059038e+00
   1.3868695e+00  -4.9548745e-01
  -1.6796662e+00   7.3953126e-01
   3.1381333e-01  -1.3077766e+00
   1.6361789e-01  -9.4878990e-01
  -2.0643686e+00   2.4659680e+00
   1.1616759e+00  -1.0510418e+00
  -2.1020259e+00   1.8098250e+00
   2.0405529e+00  -2.5797182e+00
   1.6573486e+00  -1.7676071e+00
   6.1018487e-01  -9.2164449e-01
   9.2641686e-01  -8.4984701e-01
  -6.8007120e-01   8.2078506e-01
   2.1613639e+00  -2.4892433e+00
  -7.5230352e-01   1.3166792e+00
   7.0184609e-03  -5.8147692e-01
  -3.5261510e-01   7.5396667e-01
   2.0101667e+00  -1.5995124e+00
   1.0457351e+00  -7.7923361e-01
  -1.6636152e+00   5.3234121e-01
   8.5453654e-01  -1.0161944e+00
  -4.1035041e-02   4.5120826e-01
   3.3565329e-01   2.8715623e-01
  -8.2445901e-01   7.4111278e-03
   9.1342309e-01  -1.3622809e-01
   2.1227264e-01   1.6468157e-01
   3.7060135e-01   1.5187906e+00
  -1.1728943e+00   1.0614452e+00
   3.3646763e+00  -3.3723891e+00
   2.3716037e+00  -1.6241803e+00
  -5.4374635e-01  -3.2027199e-01
  -5.0177287e-01   1.9677745e-02
  -1.0271682e+00   6.0017857e-01
  -1.1245222e+00   1.2528796e+00
   7.4866085e-01  -6.4208528e-01
  -1.5458089e+00   1.3653298e+00
  -3.6813863e-01  -5.8873158e-01
   4.6497923e-01  -9.4963886e-02
   2.0348547e+00  -1.8295570e+00
   1.4181313e-01  -3.5357735e-01
  -1.2651747e-01  -1.2012451e+00
  -5.4276543e-01   1.5823460e+00
  -1.2353833e+00   5.4248627e-01
   1.0216579e+00  -8.4888065e-01
   6.4845022e-01  -5.8716636e-01
  -1.1796293e+00   4.7667167e-01
   1.1680549e+00  -1.6050024e+00
   6.2102135e-01  -6.7229591e-01
   1.2301658e-01  -1.1038159e-01
   2.4942102e+00  -2.0256110e+00
   3.7814193e-01  -3.6367547e-01
   7.6724996e-01  -1.5210239e+00
  -9.3756172e-01   6.1053652e-01
   4.3392189e-01  -3.8549210e-01
  -1.3854458e+00   1.1790067e+00
   2.2878814e-01  -2.1553150e-01
   1.5281696e-02   1.0630501e-01
   1.2760592e-01  -3.7974473e-01
  -6.2421250e-01   1.3279070e+00
   8.9905127e-01  -9.4817191e-01
   6.8033826e-01  -4.3205184e-01
   4.2977113e-01  -3.7660290e-01
   4.5657743e-01  -2.3798937e-01
  -3.9870478e-01   2.3451256e-01
   1.2195313e+00  -1.3878023e+00
  -6.6221499e-01   5.4138669e-01
  -4.5952845e-01   4.8658904e-01
   1.3940481e+00  -1.3405022e+00
   1.3574091e+00  -1.8498971e+00
  -1.4070302e+00   3.0037213e-01
   8.4142213e-01  -1.0928819e+00
   1.5023730e+00  -1.1693941e+00
  -6.5244452e-01   1.9778179e+00
  -1.1110343e-01  -3.7306808e-01
   2.2277867e+00  -2.6507878e+00
   4.6419287e-02  -6.7965204e-02
   1.9435754e-01  -8.9342144e-01
   3.5685298e-01   3.8870126e-02
  -7.0505755e-01   1.3951675e+00
   1.4457257e+00  -7.1310689e-01
   6.5774724e-01  -4.1196398e-01
   4.6952828e-01  -1.0051824e+00
   1.1262130e+00  -8.8941673e-01
   6.6957879e-02   1.8825743e+00
   3.4349532e-01  -1.1215474e+00
   4.3187663e-01   6.8816135e-01
   4.0452225e-01  -1.2908676e+00
   1.0740322e+00  -3.6280558e-01
   2.8005604e-01  -1.7810539e-01
  -6.3779928e-01   3.1169617e-01
   1.1400935e+00  -5.9528289e-01
  -2.7240087e-02   4.1142870e-01
   4.7754502e-01   5.5322227e-02
   4.3095480e-01   5.5316474e-01
  -1.3704839e+00   1.4575189e+00
   4.4311891e-01  -1.2223670e+00
  -1.3934697e+00   1.2779238e+00
   5.6868466e-01   3.1199314e-02
   1.2817927e+00  -1.9265733e+00
   1.9830384e-01   2.0962490e-01
   1.8117084e+00  -2.1580884e+00
  -8.0192178e-01   7.0500073e-01
  -7.6358633e-01   1.9886306e+00
  -5.1104562e-01  -5.0944843e-01
   5.0337648e-01  -1.4260263e-01
   3.7655043e-01  -3.9278647e-01
  -1.6843736e+00   1.9384606e+00
   5.3346432e-02  -5.9707392e-01
  -7.8616554e-01   7.7897885e-01
   3.5461152e-01  -1.0462589e+00
   1.8936863e+00  -8.9048514e-01
   1.1171800e+00  -1.2718662e+00
   6.2713968e-01   1.7528888e-01
  -8.6781537e-01  -1.5685370e-01
  -1.7173673e+00   2.1204967e+00
  -8.7756725e-01   4.4460988e-01
  -9.1053481e-01   1.2596084e+00
   9.9526315e-02  -1.0766077e-01
   5.6555405e-01  -1.3524305e+00
  -5.0195846e-01   1.7273942e-01
   1.2375195e-01   8.7379312e-01
   1.6064981e+00  -1.2207886e+00
  -1.0440568e+00   2.5750938e-01
   2.9626714e-01  -4.7758677e-01
   3.6254404e-01   1.8765023e-01
   3.2847255e-01  -1.0902376e+00
  -7.2186487e-01   3.0530252e-01
   1.8119186e+00  -1.6114708e+00
  -2.9929651e-01  -2.6685208e-01
   2.8173794e+00  -3.1289013e+00
  -2.9010221e-01  -2.5664673e-01
  -3.3686541e-01   8.5042007e-01
  -1.0934802e+00   1.3014841e+00
   4.2199877e-01   2.6527716e-01
  -6.4008985e-01   1.1727750e+00
   3.1049699e-01  -3.8997665e-01
   1.4559506e+00  -1.2402565e+00
   5.2478528e-01  -5.2313557e-01
  -2.4594571e-01  -1.3122291e+00
   6.1317087e-01  -7.3098043e-01
  -6.9108420e-01   1.1129269e+00
  -1.0656796e+00   1.1819662e+00
  -6.7820063e-01   1.3612388e-01
  -7.3476345e-02   1.3159346e-01
  -1.5290520e-01   9.1338245e-02
   7.8009027e-01  -4.9066662e-01
  -1.0799709e+00   7.6962980e-01
  -4.4651936e-01   7.4579852e-01
   1.1231051e+00  -1.9254683e+00
  -5.1197348e-01  -1.4509405e-01
  -1.8406290e+00   1.5006670e+00
   1.0110537e+00  -1.4080306e+00
  -1.5105620e+00   1.9948107e+00
  -1.3447688e+00   3.4217437e-01
  -7.4738572e-01   5.2803358e-01
  -9.5394667e-01   5.2662841e-01
   7.1946503e-02   1.5349625e+00
   4.9364401e-01  -5.2726466e-01
  -1.3553586e-01  -7.3541711e-01
   1.9741199e+00  -1.7745126e+00
   6.5758855e-01   7.2724109e-01
   2.3071655e-01  -6.6595108e-01
   1.2264088e+00  -1.0924809e+00
   5.9384979e-01  -9.5825544e-01
  -5.0522061e-01   1.5090815e-01
  -3.9243706e-01   6.1688283e-01
  -9.3333695e-01   2.7972718e-01
  -9.3334267e-02   1.2146247e+00
   3.8524261e-02   1.0790804e+00
  -1.1438028e+00   5.6130571e-01
  -3.6125031e-01   8.8120255e-01
   1.8079431e+00  -1.6058516e+00
  -8.8552654e-02   1.0259385e-01
   1.1460372e-01  -9.6045558e-02
  -4.6453153e-01   1.0585637e+00
  -1.7642813e+00   2.1580186e+00
  -6.0664481e-01   4.2964378e-01
  -8.5721058e-01   6.4678673e-01
  -1.7805757e-01   6.7858508e-01
  -9.8430508e-01   6.9133666e-01
  -7.9974615e-01   6.1375550e-01
   3.5478430e-01  -8.3290049e-01
  -1.5315593e+00   1.2089913e+00
   5.6789786e-01  -5.4241480e-01
   6.0446887e-01  -7.3740285e-01
   9.6686659e-01  -1.3057614e+00
  -5.5656881e-01  -1.8872502e-01
  -2.3279458e+00   2.8922263e+00
  -1.6081839e-01   2.6608677e-01
   3.2262512e-01  -6.1806594e-01
  -2.0304929e+00   2.5480391e+00
   8.3046919e-01  -8.6173584e-01
   4.1326379e-01  -8.7181158e-01
   2.2892004e-01  -5.2879299e-01
   3.8371758e-01  -5.7848160e-01
  -2.8988884e-01   2.3207687e-02
  -3.4829077e-01  -3.3619351e-01
  -1.0592594e+00   8.4798771e-01
   2.1355567e+00  -2.4551712e+00
  -7.6561746e-01   3.2587073e-01
   4.0921244e-01  -7.1844541e-01
  -4.5982456e-01   8.1511772e-01
   1.7570200e+00  -1.3323687e+00
   2.7681945e+00  -2.7434511e+00
  -6.3364325e-02  -8.6781113e-02
  -1.7024464e-01   2.7807909e-01
   1.6385518e+00  -1.6107850e+00
   8.2833830e-01   8.0426121e-02
  -6.4372828e-01   4.9125498e-01
  -1.1005693e+00   6.2296308e-01
   6.0686683e-02   5.0684424e-01
  -1.0330572e-01  -3.3334068e-01
  -1.1101847e+00   6.4784757e-01
   3.2596292e-01  -5.5022366e-01
   1.3122483e+00  -6.5587503e-01
  -3.2791465e-01   6.4295634e-02
   8.9630870e-01  -5.6090537e-01
   1.4530260e-02   2.7754882e-01
  -2.7677583e-01  -5.9167656e-02
  -4.1564850e-02  -8.1429602e-01
   1.3897006e+00  -2.2515678e+00
  -1.5063779e+00   7.8172782e-01
   1.9721883e-01   7.0019723e-01
  -1.8225957e-01  -4.3494584e-01
  -2.2389220e-01  -3.3217339e-03
  -1.2303948e+00  -4.1930842e-01
  -6.8875488e-01   2.1044894e-01
  -5.2658970e-01  -1.4441124e-01
  -7.1551047e-01   1.3718558e+00
   3.0624797e-01  -3.8794942e-01
  -1.8889352e-01  -6.3717277e-01
  -1.3474095e-01  -2.4602071e-01
   3.1066101e-01   7.7584190e-01
  -1.8404949e+00   1.5192773e+00
  -8.8992092e-01  -3.4983722e-01
   2.3090692e+00  -2.0454204e+00
   5.5822987e-01  -7.5939923e-01
  -1.2039812e+00   1.2675373e+00
  -3.1216177e-01  -1.0476018e+00
   1.1054625e+00  -1.2724487e+00
  -1.5912102e+00   1.3736684e+00
  -1.0007947e+00   8.8548585e-01
  -6.9864714e-01   9.1276027e-01
  -4.1308862e-01   6.5177153e-01
   2.5751847e-01   3.2180954e-01
   5.9797306e-01   9.5300198e-01
  -1.1118050e+00   1.2668951e+00
  -2.5662183e-01   3.1840788e-03
  -1.1092919e+00   1.5384005e+00
   5.8979672e-01  -1.3140846e+00
   8.1995274e-01  -4.0565289e-01
   2.0320784e+00  -1.6316182e+00
   5.1952485e-01  -7.5096322e-01
   5.9031447e-02  -4.7821445e-01
  -1.3400495e+00   5.5486155e-01
   1.1452816e+00  -8.6684192e-01
  -1.3953072e+00   9.4597162e-01
   4.2359239e-01  -6.7230674e-01
   6.8944568e-01  -5.2488164e-01
  -3.2837779e-01  -2.4676908e-01
   7.7697840e-02   8.6890551e-01
  -4.9719290e-01   1.9357412e-01
  -1.8795283e+00   1.4534324e+00
   4.8782710e-02  -4.1504607e-01
   7.4974675e-01  -3.8223199e-01
   8.7653992e-01   3.5549748e-02
   2.2641875e-01   9.6839777e-01
   6.6147051e-01  -5.9578666e-01
   2.8810153e-02   5.4499532e-01
  -5.5227261e-01  -5.4162173e-02
   1.2982801e+00  -9.2501876e-01
  -7.8446327e-02  -6.8435916e-01
  -3.7753643e-01   5.2454672e-01
   1.6341909e+00  -1.4181027e+00
   2.1888880e+00  -1.8325197e+00
   2.0831305e+00  -1.9261384e+00
  -6.8698517e-01   5.0938908e-01
  -7.5084756e-01   1.4175235e+00
   1.0269535e+00  -8.7978819e-01
  -6.5459112e-01   7.4068258e-01
  -1.0259621e+00  -9.4495891e-03
   1.2022429e+00  -1.2944709e+00
  -1.6960497e-01   4.9022459e-01
   2.2223968e+00  -2.0046196e+00
   3.2095799e-01   1.4206142e-01
  -3.9647128e-01   1.2047679e+00
  -1.5836968e-01   1.3000915e+00
   6.3356762e-01  -1.5537902e+00
   6.4356988e-01  -4.8353282e-01
   4.0550787e-01  -9.3984334e-01
   1.2243501e+00  -5.0218894e-01
  -9.9283841e-01   5.5626642e-01
  -1.0103896e+00   1.4589183e+00
  -6.7721630e-01   3.0467765e-02
   1.3520183e+00  -1.5582327e+00
   1.0910352e+00  -3.9605821e-01
   2.9037669e-01  -1.8500721e+00
   1.6716954e+00  -2.0153857e+00
   2.9024557e+00  -2.7416514e+00
  -9.8266503e-01   1.1256337e+00
  -7.7265923e-01   5.7054563e-01
   1.8860542e-02   4.5861337e-01
   5.2029312e-01   1.6392236e+00
  -2.8065490e-01  -1.2936608e-02
   6.6346912e-01  -4.5780835e-01
  -6.6675994e-02   6.3260809e-01
  -1.2136137e+00   1.5798615e+00
  -1.6813283e+00   1.1016456e+00
  -9.1369180e-01   3.6747531e-01
  -7.9389067e-01   7.5205045e-01
   5.0135102e-01   4.2037760e-01
   3.7503881e-01  -7.7368974e-01
   2.1571114e+00  -2.6107725e+00
   8.9871707e-01  -1.6960255e+00
   7.3868748e-02  -4.7740830e-01
   1.7099404e+00  -1.0952837e+00
  -5.2139869e-01   5.0240595e-01
   6.8248630e-01  -1.0951573e+00
  -9.0892772e-01   1.2676558e+00
   1.0499847e+00  -2.2752006e-02
   3.9031112e-01  -1.4337069e+00
  -2.2409080e-01   1.2013979e+00
  -1.7592064e+00   1.6881333e+00
  -8.6974321e-01  -6.1173737e-02
   4.1597221e-01  -6.5522908e-01
  -8.2443008e-02  -9.8136118e-01
  -2.0829471e-01   2.3472891e-01
  -5.1321905e-01   1.2470946e+00
   4.9406388e-01  -7.8931446e-02
   3.8967611e-01  -5.0285246e-01
  -3.1694838e-01   7.6174752e-01
  -1.0514379e+00   5.6189084e-01
   4.0449076e-01   1.7231470e-01
  -1.9997344e-01  -1.8985227e-01
   1.6379023e+00  -1.0331053e+00
  -3.2424524e-01   5.1872680e-01
  -2.2263184e-01  -2.1152503e-01
  -5.5707606e-01   6.7315119e-01
  -1.2533326e+00   5.4010886e-01
   2.2724095e-01   6.7490754e-01
   1.8669788e+00  -2.0537398e+00
   1.4031143e+00  -4.0101775e-01
  -1.4269517e+00   6.2362865e-01
   1.0375721e-01  -1.1190111e-01
  -1.0585694e+00   3.8181023e-01
  -2.6758248e-01   1.6674503e+00
   9.4458152e-01  -1.2268958e-01
  -6.7122132e-01  -3.6436758e-01
  -1.5918176e-01   5.5236573e-01
  -3.4711133e-01   7.8845546e-01
   1.8687992e+00  -1.9751591e+00
   5.3238860e-01  -9.6568653e-01
   1.0853588e+00  -1.2537592e+00
  -7.7996583e-01   4.8595842e-01
  -1.7332091e+00   1.8468440e+00
  -9.6715030e-01  -1.7054280e-01
   2.4134540e-01  -2.4725233e-01
   5.7331800e-01  -2.2184574e-01
   8.0490377e-01  -1.3694035e-01
   1.3248760e+00  -1.2689429e+00
  -6.5497211e-01   9.3892914e-01
   4.1247182e-05  -5.7477412e-02
   1.1917971e-01   2.6672669e-01
   1.8036419e+00  -1.3831597e+00
  -5.2663862e-01   9.9352077e-01
   8.4942999e-01  -1.0583587e+00
   1.2984759e+00  -1.7659671e+00
   8.4653656e-01  -3.8433532e-01
  -1.4691548e+00   2.1838727e+00
   3.5391901e-01  -5.2835183e-01
  -2.0301789e-01  -2.8177349e-01
  -4.3688213e-01   8.0526826e-01
  -3.4587957e-01   7.3604602e-02
  -1.8382885e+00   1.6885994e+00
  -4.6449697e-01   1.1535482e+00
   1.1033722e+00  -8.0013494e-02
  -5.1541162e-01   9.0267384e-01
  -8.6721168e-01   9.5992054e-01
   1.6636807e+00  -1.7613352e+00
  -3.5143540e-01  -5.3336364e-01
   5.4471615e-01  -5.0403784e-01
  -4.9147716e-01   8.6964743e-01
  -1.1937859e+00   4.6313105e-01
  -7.6163334e-01   2.7429066e-01
   6.3816753e-01  -1.5945762e+00
   1.9110874e+00  -1.2194416e+00
   3.4147355e-01  -3.4915976e-01
   8.7313414e-01  -4.6905698e-01
  -3.9006726e-01   1.5683115e+00
   2.5835338e-01   1.3890214e+00
  -6.8599086e-01   5.6018020e-01
   1.0165058e+00  -7.5373088e-01
  -1.7052255e+00   2.2083712e+00
   1.5373306e+00  -1.9511007e+00
  -5.4877984e-01   5.0420650e-01
  -1.1137533e+00   1.1384469e+00
  -1.1094547e+00   7.0170699e-01
  -8.4758517e-01   6.9057324e-01
   2.0751035e+00  -1.8851016e+00
  -1.1447329e+00   4.5358760e-01
  -4.6440921e-01   1.7395437e+00
   1.9366019e+00  -2.2879569e+00
  -1.2829739e+00   7.7178208e-01
  -1.1153717e+00   4.1923606e-01
   1.4777782e-01  -9.8348524e-01
   8.8220218e-01  -1.0615429e+00
  -1.1055218e+00   1.0244484e+00
   2.2330461e-01  -2.1683174e-01
   1.2069863e+00  -1.3624477e+00
  -1.4339216e+00   2.0698814e+00
   1.3536327e+00  -4.2495973e-01
   2.5328581e+00  -1.9409749e+00
  -1.4217454e-01  -6.4009402e-01
  -3.5520775e-01  -3.0350024e-01
   4.1685688e-01   6.2321555e-02
  -1.3095899e-01  -5.6768235e-02
  -7.3531713e-01   7.3707907e-01
  -6.3044023e-01   8.7641392e-01
   4.5223525e-01   4.9140074e-02
  -3.3378183e-01  -2.8888557e-01
   9.6461065e-01  -1.0690972e+00
   3.5500043e-01  -4.6334694e-01
  -4.0766332e-01  -2.6878255e-01
   8.9541157e-01  -5.2616199e-01
  -1.3564516e-01  -4.6240958e-01
   7.8807818e-01  -7.6889431e-01
   5.5949800e-01  -1.3772578e+00
   1.1276437e-01   1.2384501e-01
  -3.7499245e-01   8.4439816e-01
  -9.1688042e-01   6.1593164e-01
  -3.6384167e-01  -9.2960896e-02
   1.3005428e+00  -1.6918671e+00
  -5.4431720e-01  -1.1309372e-01
  -9.4195959e-01   2.3520737e-02
   1.6347404e+00  -2.0813631e+00
   1.2637648e+00   9.8923762e-01
  -9.3911090e-01   6.3107601e-01
  -6.4773402e-01   1.0365071e+00
   6.6935843e-01  -8.8050565e-01
  -6.1033637e-01   6.1531129e-01
   7.0732457e-01  -3.1032558e-01
  -3.8871616e-01   6.0228585e-01
  -5.4813295e-01   7.3480708e-01
  -5.5759598e-01   6.2352115e-01
  -1.1094637e+00   1.1462307e+00
  -6.9070305e-01   1.5597973e+00
  -5.6175957e-02  -4.4845796e-01
  -9.2735294e-01  -1.2631825e-01
  -5.0446710e-01   1.0046332e+00
  -5.7450588e-01   3.0554918e-02
  -6.1813270e-01   6.9944930e-01
  -1.0468813e+00   6.2225632e-01
   5.8841557e-01  -1.1711670e+00
   8.1227881e-01  -1.7496251e+00
  -2.0175452e-01   2.2044169e-01
  -1.6116055e+00   2.0590754e+00
  -3.4626898e-01   1.0776995e+00
  -2.7184025e-01  -4.9062303e-01
   6.6767843e-01  -8.2905886e-01
  -7.9935606e-01   9.3743860e-01
  -5.2246445e-01   3.1166841e-01
   1.2032090e+00  -1.2776393e+00
  -1.5380260e+00   1.6239198e+00
  -7.6627460e-01   8.7766379e-01
   1.6702782e-01  -3.7499054e-01
  -3.3385233e-01   1.1347583e-01
  -6.8484126e-01  -3.7815756e-01
   8.6672974e-01  -5.8982597e-01
   1.1810296e+00  -1.0778335e+00
   2.8702103e+00  -2.8261552e+00
  -9.5506177e-01   1.9201541e+00
  -8.1126864e-01   9.9080898e-01
  -1.3901924e+00   1.7871975e+00
   2.0079394e+00  -2.1861766e+00
  -5.8360474e-01  -7.2069421e-02
  -6.9523469e-01   1.9112232e+00
  -7.8726667e-01   2.2222560e+00
  -2.3314383e-01   3.8695133e-01
  -1.5831666e+00   1.4160975e+00
  -7.6076441e-01   1.1916197e+00
   8.9308841e-01  -9.6926391e-01
  -9.7394274e-01   2.2249291e+00
   2.7167281e-01   2.4325533e-01
  -3.2106894e-01  -1.6297996e-01
   8.5293811e-01  -1.2464940e-01
   1.0386961e-01  -8.1829028e-01
  -1.0760997e+00  -2.4623351e-01
  -3.9513776e-02   1.3601907e+00
  -1.1931448e+00   1.8391075e+00
   1.3122169e-01  -1.2058307e+00
   8.9701014e-02   1.2077513e-01
  -1.4364617e+00   9.4779599e-01
   2.7308570e+00  -2.2692783e+00
   7.1808236e-01   2.5632172e-01
   2.1555314e+00  -1.2409884e+00
   1.3667600e+00  -8.7981753e-01
  -1.2722678e+00   8.9121517e-01
  -9.7066822e-01  -1.3819712e-01
   5.3581339e-01  -2.5245216e-01
   6.6269446e-01  -2.5988709e-01
  -1.8508344e+00   1.1960110e+00
  -1.2209109e-01   5.8497031e-02
  -1.3576611e+00   1.2844554e+00
   2.1458004e-01   1.5511771e-01
  -2.9611764e-01   1.4883240e+00
  -2.3323915e-02  -1.8770739e-01
   1.5075509e+00  -1.8142358e+00
  -7.8327306e-01   7.8684222e-01
   1.2675413e-02   5.0111678e-01
  -7.2233281e-01   1.8852654e+00
  -3.5741088e-01   4.2290453e-02
   2.9574376e-02   2.0065771e-01
  -6.0805405e-01   1.1601844e-01
   9.6074132e-01  -6.0521315e-01
  -5.6408134e-01  -1.4383207e-01
   1.0870977e+00  -4.4270857e-01
   1.0859221e-01  -3.7429782e-01
  -3.0857120e-01  -4.7306983e-01
   1.3894097e-01  -1.8549627e-01
  -1.5450601e+00   1.9131278e+00
  -8.7972988e-02   4.3348254e-01
  -2.0626769e+00   1.9978536e+00
  -1.0182724e+00   7.5715474e-01
  -2.5114636e-01   6.4039788e-01
  -2.9032473e-01   1.5542668e-01
   1.0884275e+00  -8.3231864e-01
   2.0025537e-01   4.7982662e-01
  -1.7956640e-01   1.0897026e-01
  -2.6026734e-01   1.1394419e-01
  -1.5508946e+00   1.3289336e+00
   1.3169742e+00  -1.7385444e+00
  -1.5977902e+00   1.0562022e+00
   2.5981066e+00  -2.6728104e+00
  -1.0794307e+00   4.3923489e-01
   5.1612116e-01  -7.6153113e-01
  -6.5043655e-01   8.7346648e-01
  -1.9351548e+00   2.0097075e+00
  -5.9699964e-01   1.2185877e-02
  -1.1669856e+00   1.8430170e+00
  -2.4456941e-01  -5.7431350e-01
  -4.4935706e-02  -4.0289034e-01
   4.4905140e-01  -4.7061022e-01
   1.9140216e-01   6.9466986e-02
  -1.5193266e+00   1.5727263e+00
  -1.6754604e+00   1.8403493e+00
   8.4752368e-01   1.0448050e-02
  -7.3794404e-01   5.3939050e-01
   1.4318732e-01  -4.0944858e-01
  -7.9648901e-01   1.4078156e+00
   2.2028018e+00  -1.8633981e+00
   1.5927983e-01  -4.2256935e-01
  -1.0241026e+00   1.0277022e+00
   6.6018339e-01  -4.5469092e-01
   1.2146563e+00  -5.9168896e-01
  -3.6326469e-01  -1.8285343e-01
   3.5007601e-01  -7.2149117e-01
  -2.8936595e-01   1.6659449e-02
   1.7674675e-01   2.1036644e-01
  -6.4366152e-01   1.5681167e+00
   2.0369530e-02  -7.3598654e-01
  -6.6468334e-01   9.4475640e-01
   7.0153769e-01  -1.8634833e+00
  -3.1720785e-01  -9.7678696e-02
  -3.0961493e-01   1.0916813e+00
  -2.4486989e-01   4.9158800e-01
   8.2154388e-01  -1.3853974e+00
   4.3605764e-01   1.0265656e-01
  -1.1097813e-01  -7.7578759e-01
  -5.7386981e-02  -2.8594613e-01
  -5.4048488e-01   2.5667939e-01
  -9.8017198e-02  -7.2651958e-01
  -1.4074255e+00   8.1282294e-01
   8.5066451e-02  -1.7223467e-01
   1.5346448e+00  -1.2056116e+00
  -1.1304429e+00   2.9740028e-01
   2.5504453e-01  -6.2274093e-01
   1.6195340e-01   4.4701428e-01
   7.4189208e-01  -1.2926148e+00
  -9.4956036e-01   1.0518601e+00
  -1.1561769e+00   5.3879755e-01
   7.1785071e-01  -1.0210767e+00
  -4.1854012e-01   2.3213010e-01
   3.6634585e-02  -7.3154290e-01
  -7.5788923e-01   1.0089185e+00
   8.4313947e-01  -1.3783748e+00
  -8.9341138e-01   1.0348076e+00
   9.7231765e-01  -6.2234023e-01
   1.5742992e+00   4.1402157e-01
  -1.5482141e+00   2.0002180e+00
  -7.3868804e-01   1.2179553e+00
   1.7899533e+00  -2.0403539e+00
   1.9442276e+00  -1.6050057e+00
  -5.3075391e-01  -4.8182459e-01
   3.3434884e-01  -4.1000438e-01
   8.7949896e-01  -1.1588842e+00
  -1.7379973e-01   7.7494015e-01
   2.0482652e+00  -2.2199715e+00
   1.8132902e-01  -6.0142871e-02
  -2.2897640e-01   1.7224588e-01
  -5.6171428e-01   4.9894203e-01
   9.3189575e-01  -5.0709163e-01
  -1.3336892e+00   1.7255622e+00
  -1.1653518e+00   1.3371945e+00
  -1.3302206e+00   1.8550335e+00
   5.8569301e-01  -3.6347360e-02
   3.1528260e-01   2.5463943e-01
  -1.5556704e-01  -4.9667544e-01
  -1.0590857e+00   6.8976614e-01
  -1.8246292e+00   1.9220520e+00
  -3.9740640e-01   4.4450249e-01
   6.8942679e-01  -3.5970149e-01
  -3.9696201e-01   6.5732433e-01
   1.5864724e+00  -1.3052509e+00
   5.7694061e-01  -8.1676642e-01
