  -6.7785353e-02   4.0158704e-03
   1.1326524e+00   8.2657372e-01
  -1.9582738e+00  -1.6227498e+00
  -8.2224070e-01  -2.4499335e-01
   1.1413838e+00   8.8299198e-01
   2.1163030e-01   1.1245110e+00
   8.8461880e-01   5.2145668e-01
  -1.3169604e-01  -5.8689343e-01
   1.2972546e+00   1.5560682e+00
  -5.7404289e-01  -4.6090517e-01
   1.3408471e+00   1.3628643e+00
  -2.4710264e-01  -5.8816206e-01
  -9.4120271e-01  -8.1463824e-01
  -8.2338568e-01  -1.0101804e+00
   4.3912808e-01   4.7801047e-01
   7.8439398e-01   1.1301435e+00
  -1.0417330e+00  -1.2379978e+00
   1.3838606e-02  -3.4020513e-01
  -2.7534078e-01  -6.2092142e-01
   1.2585171e+00   1.2121882e+00
   1.2948686e+00   1.4021105e+00
   1.7906202e-01  -6.4403280e-01
  -6.3699290e-01  -7.0298346e-01
  -4.8858637e-01  -6.2530486e-01
  -3.2412053e-01  -7.1406136e-01
  -8.3388170e-02  -1.7634306e-01
   1.5603238e+00   1.3471057e+00
  -1.2677226e+00  -1.4136398e+00
  -1.3248214e+00  -1.4355804e+00
  -5.5923766e-01  -6.4192117e-01
   7.1363678e-01   7.4218152e-01
  -5.5233394e-01  -3.0220423e-01
   2.2230900e-01   8.4696140e-01
   2.4824237e-02  -1.5893711e-02
   4.3163708e-01   8.6399667e-01
  -1.5557976e+00  -1.4778327e+00
  -1.4678958e-01   3.5146287e-01
  -8.1543042e-01  -1.0725766e+00
  -1.1486104e+00  -1.1527950e+00
   1.6979369e+00   1.2628855e+00
   4.9486979e-01   6.7331165e-01
  -8.9671441e-01  -1.2349282e+00
   8.2591023e-01   5.9666008e-01
   2.9820262e-01   5.4642249e-01
   3.5398857e-01   2.4675589e-01
   4.5886031e-01   3.9497355e-01
  -6.3615914e-01  -9.0015745e-01
  -7.7708548e-01  -4.3538174e-01
  -1.5828473e+00  -1.2749093e+00
   5.7584304e-01   8.0232306e-01
   1.8563696e-01   8.8993633e-01
   1.0629538e+00   1.0598005e+00
  -6.4694497e-01  -1.3348617e+00
  -3.3897998e-01  -1.3967482e-01
   1.3711751e+00   1.4656362e+00
   1.0522158e+00   1.2642052e+00
  -9.7661984e-01  -7.2032400e-01
   2.9958245e-01   3.2672426e-01
  -3.3124337e-01  -5.5384966e-01
   1.8690812e+00   1.0776965e+00
   1.5079986e+00   1.0753859e+00
  -1.6395505e+00  -1.8583666e+00
   1.4164853e-02   5.0180156e-01
   4.1965837e-01  -3.2530110e-01
  -2.5507712e-01   2.2713020e-01
   1.0578416e+00   5.9707639e-01
  -1.0470142e+00  -1.2100602e+00
  -2.0716360e-01   5.2406558e-01
   2.0025056e+00   9.8620551e-01
  -1.4802111e+00  -1.3710542e+00
  -1.0882272e+00  -1.3257110e+00
  -4.0652241e-01   3.0248085e-01
  -1.7854825e+00  -1.1492362e+00
   7.7699979e-02   4.2026021e-01
  -9.4672118e-01  -1.1124028e+00
   1.7842619e-02   5.4558160e-01
  -7.2718711e-01  -8.6661247e-01
  -1.1750158e+00  -1.3247697e+00
  -4.7586587e-01   2.3434543e-01
   9.3833971e-01   1.3053081e+00
  -1.7387285e-01  -5.5830122e-01
   1.2409433e-01  -1.1966390e-01
   8.2961556e-01   1.2620497e+00
   4.3648091e-01   1.0928427e+00
   2.2735936e-01   7.0067654e-01
  -8.0300178e-01  -1.3335368e+00
   7.1403487e-01   1.2836779e+00
   2.5945767e-01   2.8480202e-01
  -3.8496394e-01  -9.7151007e-01
   4.3110017e-01   6.9165229e-01
  -7.3891375e-01  -2.9458087e-01
  -8.6050568e-01  -9.7637463e-01
  -7.6840772e-01  -1.2264421e+00
   1.3448275e+00   1.0785566e+00
  -2.5953331e-01  -1.9329894e-01
   1.2196033e+00   9.7721598e-01
   1.0401219e+00   8.8976062e-01
   1.5078756e-01  -1.1894213e-01
   1.9184938e-01   9.0718856e-01
  -2.4729033e-01  -2.8404550e-01
  -8.9394908e-02  -2.6592916e-01
   1.7164476e+00   6.7516857e-01
   2.6989315e-01   5.6474025e-01
  -1.2544527e+00  -1.5041403e+00
   1.7796646e+00   1.1096871e+00
  -1.5192763e+00  -1.5400807e+00
   2.2689305e-03   8.0593827e-02
   1.1512063e-02  -3.2062514e-01
   3.5421506e-01   8.2386764e-01
   9.9618128e-01   1.4084209e+00
  -3.0812147e-01  -5.4550589e-01
   4.1317568e-01   6.2519561e-01
   9.6976635e-01   1.3061599e+00
  -1.4810090e+00  -1.5654881e+00
   2.3181073e+00   1.1560662e+00
   5.7784665e-02  -9.6201034e-03
   3.3611280e-01   5.3806953e-01
   9.9833349e-01   1.2002549e+00
   1.8039467e-01   5.0830261e-01
  -6.7652021e-01  -2.3004623e-01
   1.0677912e+00   1.2183794e+00
   2.2793538e-01   9.7412128e-01
  -2.8243748e-01  -8.4978082e-02
  -1.1511218e+00  -5.9626856e-01
  -1.0511860e+00  -8.0290048e-01
   1.2582188e+00   8.3538172e-01
  -9.9085215e-01  -1.3939804e+00
   5.8867204e-01   1.5002625e+00
   6.6880166e-02   2.7379637e-01
  -2.0610137e-01  -7.3756254e-01
   8.6508087e-01   1.3246723e+00
  -1.2119986e+00  -9.9887343e-01
   7.4320024e-01   9.2547340e-01
   1.6250639e-01   7.7917829e-01
   1.4297388e-01   1.8767681e-01
   2.0298201e-01   3.0882325e-01
   3.4882288e-01   6.4442291e-01
   1.7873184e+00   1.2465119e+00
   1.0017437e+00   8.8761986e-01
  -2.4838126e-01  -7.9748297e-01
  -9.2058467e-01  -1.1657639e+00
  -9.0233277e-01  -2.3430934e-01
   5.1798091e-01   3.9478747e-01
   9.6918622e-01   1.2848857e+00
  -3.6345387e-01  -3.3070765e-01
  -2.0557126e+00  -1.5977049e+00
  -1.3493438e+00  -1.0927173e+00
  -2.4996713e+00  -1.8682245e+00
   2.9103018e-01   5.9614201e-01
  -2.6377311e-03  -3.5556784e-01
  -5.0944913e-01  -5.0764611e-01
  -1.0097994e+00  -5.1885780e-01
  -7.3058078e-01  -9.1868275e-01
   1.0225627e+00   1.1703912e+00
   8.9343244e-01   1.0252453e+00
   3.0514464e-01  -2.5997585e-01
  -5.7760642e-01  -8.6288230e-01
   3.2443133e-01   6.4096059e-01
   1.9171618e+00   1.1168718e+00
   3.1718413e-01   4.3354190e-01
  -1.0810256e+00  -1.5966370e+00
  -1.0453616e+00  -1.3301661e+00
   1.3492705e+00   1.3800945e+00
   1.0618170e+00   1.3488436e+00
   4.2106112e-01   5.9277712e-01
  -3.9014600e-01  -4.9536117e-01
   1.6714156e+00   1.4298315e+00
   1.7218429e+00   1.2151543e+00
  -5.5688920e-01  -1.0647184e+00
   3.3620548e-01   7.9689785e-01
  -1.3206500e-01  -3.2924010e-01
   7.3004825e-01   1.2036894e+00
   1.1218887e+00   1.3521496e+00
  -2.1845519e-01   1.3099530e-01
  -3.9999337e-01   1.0866584e-02
   1.0793939e+00   1.0188865e+00
   1.3246189e+00   1.2254121e+00
   4.4466488e-01   6.4168096e-01
   7.5387711e-01   7.6619975e-01
  -1.3913406e+00  -1.1270411e+00
   1.3461693e+00   1.3485663e+00
  -3.6437437e-01  -1.9654227e-01
  -5.0740600e-01  -6.3878426e-01
   4.4203539e-01   7.1867453e-01
   1.3937105e+00   1.2569436e+00
   1.0933989e-01   6.0821659e-01
   1.6914896e+00   1.1816163e+00
  -1.3683289e+00  -1.3612948e+00
  -5.4330683e-01  -4.0253075e-01
  -1.7548210e+00  -1.7676756e+00
  -3.0220665e-01  -3.7496225e-01
   1.6596357e+00   1.3023217e+00
  -4.0962656e-02  -3.9669324e-01
   1.6066794e+00   1.0173691e+00
  -1.2187937e+00  -1.3753362e+00
   3.4304312e-01   1.0166017e-01
  -4.6019518e-01  -8.6085892e-01
   4.1479157e-01   1.3130725e-02
   5.1817665e-01   8.3399588e-01
  -2.2700748e+00  -1.9737143e+00
  -1.5570545e+00  -1.7612411e+00
   2.2302454e+00   8.5762967e-01
   5.5428627e-01   1.1860186e+00
  -5.9146773e-01  -1.4115773e+00
   6.8512785e-01   1.0794550e+00
  -1.0909861e+00  -1.0855393e+00
   1.4766530e+00   1.2194940e+00
  -3.4349205e-01  -3.8702075e-01
  -1.1733535e+00  -1.4171668e+00
   1.0594876e+00   1.3999395e+00
  -3.2937790e-02   7.6721211e-01
   1.9057555e-01   1.0307294e+00
   1.2727317e-01   1.0245518e+00
   4.7640275e-01   1.0446096e+00
  -5.0199593e-01  -5.0157643e-01
   3.0970776e-01   8.6297540e-01
  -9.2538963e-01  -1.2189945e+00
  -2.0355706e+00  -1.7494907e+00
   3.1517439e-01   3.0542032e-01
   9.5179233e-01   1.1172458e+00
   7.7035050e-01   1.0698529e+00
  -1.7005360e+00  -1.6419012e+00
  -1.4263955e+00  -1.6459430e+00
  -1.7563444e-01  -8.1805315e-01
  -1.9288339e-01   6.3417929e-01
   1.9118044e+00   9.9297915e-01
   7.2252082e-01   1.1086168e+00
  -5.7058593e-01  -6.7179202e-01
   6.4542665e-01   7.5610731e-01
  -1.6061799e+00  -1.5738730e+00
  -1.7189370e+00  -1.4685091e+00
  -1.3909055e+00  -9.7995784e-01
   5.7987228e-01   9.0354864e-01
  -3.0138531e+00  -1.6551740e+00
   1.0183832e+00   6.7216211e-01
   1.2934034e-01   5.1691941e-01
  -2.1113460e+00  -1.8165278e+00
   1.4694982e+00   1.5870139e+00
  -9.4142791e-01  -1.2629271e+00
   4.7525614e-01   9.7970715e-01
   5.5308502e-01   6.8218403e-01
   8.7305194e-01   1.1257829e+00
   9.3335017e-01   1.1933770e+00
  -5.1552999e-01  -1.1474945e-01
  -1.5799324e+00  -1.3374244e+00
  -3.7105367e-01  -6.6103166e-01
  -1.3814853e+00  -1.8580577e+00
  -8.7089570e-01  -8.2678323e-01
   1.5100364e-01   1.2123782e-01
   9.7815409e-01   1.0360134e+00
  -1.2961292e+00  -1.2123693e+00
   3.2496667e-01   5.8926420e-01
   6.9886456e-01   1.2159082e+00
   3.6685343e-01   3.2743302e-01
   1.2399592e+00   1.0274490e+00
  -1.6073754e+00  -1.6543560e+00
   9.7035448e-01   1.2277112e+00
  -1.9994653e+00  -1.5837311e+00
   3.9599123e-01   8.9650448e-01
   1.2706727e+00   1.1979801e+00
  -2.5662176e-01  -7.5917967e-01
  -8.2725197e-01  -7.2238284e-01
  -1.7061402e+00  -1.5615651e+00
  -6.5492140e-01   1.3971828e-01
   1.3224235e+00   1.2092301e+00
   8.7161376e-01   4.3958141e-01
   4.7877790e-01   9.9047979e-01
  -6.3487397e-01  -1.2226827e+00
  -1.5507609e-01  -3.8717663e-01
   8.4263966e-01   1.1059242e+00
  -1.6818224e+00  -1.7945584e+00
   1.3660607e-02   1.4895907e-02
  -1.8937244e-01  -2.1126360e-01
   6.9425561e-01   8.5572108e-01
   1.9071664e-01   4.8706611e-01
   1.1382166e-01   3.6999679e-01
  -1.6312862e+00  -1.6931304e+00
  -1.9335481e-02  -3.5657288e-01
   1.6627417e+00   9.1896981e-01
  -1.2030613e+00  -1.5181147e+00
  -1.3939209e+00  -1.7876135e+00
   8.8105574e-01   1.0286572e+00
   1.9522624e+00   9.1490566e-01
   6.3534401e-01   1.0927913e+00
   2.2450228e+00   1.3426969e+00
  -9.2519102e-01  -1.1970099e+00
  -1.9039090e-01  -5.2508091e-01
   1.2918659e+00   1.2702353e+00
   1.9530122e-01   2.0891239e-01
   2.0717033e-01  -4.6312477e-01
  -3.2245860e-01  -5.8520057e-02
  -1.5768116e+00  -1.8520919e+00
   3.3185752e-01   9.9584497e-01
   1.8982074e-01   3.3970930e-01
   9.2481161e-01   1.5826937e+00
  -1.0943412e+00  -1.2054016e+00
  -8.0159788e-01  -1.2230225e+00
  -1.8096391e+00  -1.5281017e+00
  -4.4270276e-01  -6.8136532e-01
  -1.4800171e+00  -1.6949007e+00
   8.0361891e-01   7.8041512e-01
   1.6239077e+00   1.2840225e+00
  -1.6059267e+00  -1.2722096e+00
   2.1951648e-01   4.0970769e-01
   8.3594928e-01   8.2969961e-01
   1.5590799e+00   1.2057557e+00
   4.4163776e-01   7.8443360e-01
   8.5004181e-01   1.0448453e+00
   1.9274434e+00   1.3575578e+00
  -5.9495305e-01  -1.0357541e+00
  -6.8657545e-01  -4.5972465e-01
   8.5786149e-01   3.0190683e-01
  -4.3617434e-01  -6.2188222e-01
   1.3908418e+00   1.1896836e+00
   1.1143634e-01   3.7803211e-01
  -9.8902286e-01  -1.0913908e+00
  -1.2669144e+00  -1.0403767e+00
  -1.0926518e-01   2.3760336e-02
   1.5322288e+00   1.4065282e+00
  -9.6745610e-01  -9.1225244e-01
  -3.0566243e-01  -2.5071341e-01
  -2.0276595e+00  -1.5266476e+00
   1.1009021e+00   1.2109542e+00
  -1.7858907e+00  -1.5203471e+00
  -4.8507597e-03   4.9547597e-01
   7.9613521e-01   9.9548945e-01
   1.1442417e+00   7.4358109e-01
   4.4770039e-01   8.8885585e-01
  -1.5651714e+00  -1.5213394e+00
   8.3706391e-01   3.2272231e-01
  -8.1941845e-01  -1.3728545e+00
  -1.4825091e+00  -1.5278409e+00
  -1.4941946e+00  -1.2651232e+00
   1.2209763e-01   4.3872124e-01
   1.9204950e+00   1.0295769e+00
  -2.2875832e-01   5.6689342e-02
   8.5202878e-01   1.0892121e+00
   8.6486452e-02   9.3105832e-02
  -2.9034213e-01  -2.2173437e-01
  -8.7886719e-01  -9.6734200e-01
   6.9276442e-01   9.5300904e-01
  -2.4135039e-01  -7.9222100e-01
   6.3523949e-01   6.2769581e-01
  -7.4072422e-01  -1.0311623e+00
   2.9260978e-01   1.1317121e+00
   2.2336329e-01  -1.0543666e-01
   6.9302150e-01   7.4442199e-01
   7.3626477e-01   1.2929273e+00
  -4.8495281e-01  -4.3064022e-01
  -2.0095591e+00  -1.3474049e+00
  -1.5118617e+00  -1.4138262e+00
   2.5339638e+00   1.0132441e+00
   5.4372370e-01   7.1753232e-01
  -5.1775854e-01  -6.3894471e-01
   3.3429010e-01   5.2744754e-01
  -1.9242603e+00  -1.7791455e+00
  -5.4134697e-01  -8.4429611e-01
  -1.0931859e-01   1.8234982e-01
   4.0547673e-01   5.5880617e-01
   4.1944752e-01   9.9628243e-01
  -1.5257210e-01   1.4023414e-01
  -1.0158735e+00  -9.0979268e-01
  -4.1095641e-01  -3.5489887e-01
  -5.3513899e-01  -5.0262064e-01
  -2.7376146e-01  -2.9328958e-01
  -3.7684378e-01  -6.8990691e-01
   1.7673844e+00   9.7665601e-01
   3.4353684e-01   7.2437580e-01
  -1.1261574e+00  -5.4918498e-01
  -9.7674914e-01  -1.1331841e+00
   2.2059087e-01   7.0277495e-01
  -4.4991246e-01  -4.6093901e-01
   4.9357693e-01   9.0976442e-01
  -1.6274906e+00  -1.5170125e+00
   6.7172471e-01   1.4746894e+00
   5.9254508e-01   1.1477066e+00
   1.1044617e+00   1.1841169e+00
  -1.0535309e+00  -1.3535727e+00
   1.0302817e+00   1.3135659e+00
  -4.8716165e-01  -1.4745866e+00
   1.3722475e+00   1.1439311e+00
  -1.8798158e-01  -2.1050767e-01
  -1.0181660e+00  -1.4122540e+00
   2.3940461e+00   9.0851295e-01
  -1.3773371e-01  -9.9079499e-01
  -1.7234596e-01  -1.1017855e+00
   1.8669585e+00   1.2177073e+00
  -5.0517882e-01  -5.2500705e-01
   1.0688541e+00   9.4847788e-01
  -1.7165512e-01  -8.7442324e-01
   5.5341045e-01   7.8539790e-01
  -5.4649497e-01  -6.9745853e-01
   4.9108987e-01   5.8550419e-01
   1.8026412e-01  -5.8789772e-01
  -1.9403297e+00  -1.8299862e+00
   2.4934159e-01   3.5029366e-01
   5.5720373e-01   1.1288100e+00
  -1.6224511e+00  -1.3471602e+00
   5.2110913e-01   1.1525100e+00
   1.2991314e+00   1.1815978e+00
  -5.3179113e-01  -1.1332824e-01
  -8.1563343e-01  -8.7469167e-01
  -1.1771044e-01  -3.7242490e-01
   1.5454518e+00   1.4844538e+00
   1.1939893e+00   9.0025905e-01
  -3.0060523e-01  -8.1245955e-01
  -1.8690371e-02   1.9791370e-01
  -1.1095608e+00  -1.0524927e+00
   8.3270172e-01   1.1562856e+00
  -3.4967607e-01   3.6587976e-01
   1.3702993e-01   8.9419245e-01
  -1.9168903e+00  -1.9096298e+00
   2.8774901e-01   8.2793846e-01
  -1.4940507e+00  -1.5546692e+00
   8.4449151e-01   1.1682151e+00
   1.5033544e+00   1.2870557e+00
   1.0787502e+00   1.6335632e+00
   7.2482219e-02  -2.1230342e-01
  -1.2725533e+00  -1.1744299e+00
   8.7838645e-01   1.1310932e+00
   1.0848791e+00   1.3707929e+00
  -1.4129795e+00  -1.5612698e+00
  -7.7536235e-01  -1.1478573e+00
  -1.4558322e+00  -1.9339589e+00
  -4.3194574e-01   4.4963234e-01
   2.9213684e-01   5.0444617e-01
  -1.1855915e+00  -1.3632516e+00
  -1.9899348e+00  -1.8093088e+00
   5.9442384e-01   6.1731782e-01
  -9.7812508e-01  -1.5762628e+00
  -1.5640355e+00  -1.2607702e+00
   5.8791303e-01   7.6966421e-01
   3.4179591e+00   1.1634861e+00
  -5.7563979e-01  -6.6655641e-01
  -2.0324988e+00  -1.8368688e+00
   1.5648198e+00   1.0901454e+00
  -1.7163436e-01   7.8550711e-02
  -3.7132555e-01  -1.3607254e-01
  -1.0599135e+00  -1.0172604e+00
  -6.4916311e-01  -7.7966251e-01
   2.2041986e-01   7.4404040e-01
  -8.7328981e-01  -1.1423868e+00
  -7.2388417e-02   5.4831657e-01
  -5.8857105e-01   7.8210436e-03
   6.8668988e-01   4.2965312e-01
  -1.5616982e+00  -1.6233782e+00
   5.3876310e-01   7.9618583e-01
   3.7592182e-01   4.8126832e-01
  -7.1541743e-01  -1.4964406e+00
   4.9476840e-01   6.6213798e-01
  -6.1203088e-01  -6.6499595e-01
   2.4720739e-01   7.7245487e-01
   3.4392509e+00   7.2789999e-01
   1.5033614e+00   1.0036601e+00
  -3.3761995e-01   5.3595542e-02
  -2.5110304e-01   2.6497095e-01
   3.6183366e-01   6.5535659e-01
  -1.0771080e-01  -1.6944862e-01
  -1.8306817e+00  -1.6096659e+00
   1.2561727e+00   1.2591515e+00
  -3.6430301e-02  -5.0619025e-01
   8.8789100e-01   8.5895025e-01
   6.8981193e-01   1.0115535e+00
   7.7709916e-01   1.1496363e+00
   6.2861523e-01   8.0082779e-01
  -2.0317536e-01  -1.7175921e-01
  -5.6642734e-02   2.2565218e-01
   4.9148400e-01   1.0638996e+00
  -9.7291327e-01  -8.1476177e-01
  -1.7676976e-02   4.1553464e-01
  -1.1158864e+00  -1.5881639e+00
  -1.6598284e-01   6.9638645e-02
  -9.1468211e-01  -4.4533372e-01
   9.3940958e-01   1.2948148e+00
  -1.1045793e+00  -1.4248730e+00
   5.5448554e-01   1.2274830e+00
  -6.7157711e-01  -3.6722134e-01
  -1.4009666e-01  -2.7504658e-01
   9.4393512e-01   7.2559454e-01
  -1.4042302e-01  -2.6182859e-01
   9.9451107e-01   2.2190860e-01
  -8.0360581e-01  -9.1346794e-01
  -1.1708547e+00  -1.9480183e+00
  -3.7518416e-01  -4.5080272e-01
  -6.4740419e-01  -9.9735522e-01
   1.1764503e+00   1.0141093e+00
   5.2156955e-01   8.2957762e-01
  -3.8219199e-01  -1.2453390e-01
  -5.2218099e-01  -2.0662187e-01
  -2.0878670e+00  -2.1873345e+00
   2.6663970e+00   1.1736604e+00
  -5.8503185e-01  -9.7090072e-01
  -1.6874704e-01   4.2036367e-01
   1.1778118e+00   1.2859911e+00
  -1.9607802e-01  -6.9501000e-01
  -8.6157600e-01  -4.5567107e-01
  -4.9195514e-01  -5.7905332e-01
  -3.1077426e-01  -8.1412726e-01
   4.1284806e-01   3.7413315e-01
  -7.2205888e-02  -2.2357695e-01
  -5.8337292e-01  -7.7578371e-01
  -1.7206394e+00  -1.5359618e+00
   4.1303672e-01   9.6456184e-01
  -1.3011246e+00  -1.4636365e+00
   1.3454628e+00   1.2705974e+00
   2.2005292e+00   1.0496735e+00
   2.0558101e+00   1.0410405e+00
  -9.9014372e-01  -9.9626277e-01
   8.6031262e-01   8.4983538e-01
   4.6405167e-01   6.6812229e-01
  -6.1669863e-01  -1.0267555e+00
  -1.1245365e+00  -1.2539817e+00
  -1.7501214e+00  -1.6023300e+00
   1.2094318e+00   1.6020645e+00
  -7.8527096e-01  -4.5146192e-01
  -1.0914591e+00  -1.5502502e+00
   6.9410032e-01   1.0121826e+00
   3.7415136e-01   1.3030383e+00
   1.1553029e+00   1.3247227e+00
  -3.7305391e-01  -8.3083623e-01
   8.8396700e-01   9.6782615e-01
   1.8477163e+00   1.2008553e+00
  -1.0487600e+00  -1.3109806e+00
   1.0497240e+00   1.5111097e+00
   4.7122394e-01   1.0431106e+00
  -3.9501105e-01  -1.5027867e+00
   1.2498425e+00   8.4320791e-01
  -1.5321714e+00  -1.6412111e+00
   1.2377071e-01  -4.9485013e-03
   6.2293998e-01   7.5660196e-01
   1.1178150e+00   1.0216510e+00
  -1.2151031e+00  -1.5834165e+00
  -1.1562081e-01  -8.9651403e-05
  -3.2510925e-01  -3.7563228e-01
   1.2488473e-01   4.1778135e-01
   7.3760904e-02  -2.6870319e-01
  -7.1544429e-01  -1.1508225e+00
   1.0447938e+00   1.1691336e+00
   1.9085524e-01   3.0783771e-01
   9.9722191e-02  -9.6867276e-02
   6.6223284e-01   2.5924122e-01
   1.7472706e+00   1.1069551e+00
  -4.8072080e-01  -7.1392593e-01
  -1.8081350e+00  -1.6040171e+00
  -6.4736439e-01  -7.2011045e-01
  -5.8186688e-01  -1.2469528e+00
   6.2795105e-01   5.3103872e-01
  -2.7933338e-02   3.4790444e-01
  -1.4846548e+00  -1.7759987e+00
  -6.5266968e-01  -1.4402788e+00
   8.7141411e-01   6.4900295e-01
   1.9488750e-02   2.8533383e-01
   5.2895065e-01   8.3975841e-01
  -1.8765947e+00  -1.6749181e+00
  -8.7520405e-01  -9.5896271e-01
  -9.0591564e-02  -4.7750212e-01
   1.3948452e-01   7.3484364e-01
  -2.3297326e+00  -1.7630054e+00
  -1.3207208e+00  -1.3124402e+00
  -6.2391124e-01  -7.5491214e-01
  -8.1959455e-01  -5.4550377e-01
   1.8954355e+00   1.0361286e+00
  -3.2231750e-01  -1.6337526e-01
  -7.1253569e-01  -1.3050845e+00
   6.4738751e-01   8.9862204e-01
   1.9025803e+00   8.8684616e-01
  -1.6333939e+00  -1.6729747e+00
  -6.5502550e-01  -1.0372144e+00
  -1.3976331e+00  -1.3586587e+00
  -3.3978735e-01  -6.6265591e-03
  -4.9139985e-01  -8.4604628e-01
  -1.3881133e+00  -1.1758895e+00
  -1.0450168e+00  -1.6986553e+00
   3.5779032e-01   6.9732366e-01
  -3.2613812e-01   2.2599902e-01
  -5.4317259e-02  -3.3235829e-01
  -2.2022705e-01  -1.1599415e-01
   2.0914580e+00   5.3613928e-01
  -7.5290598e-01  -4.1345539e-01
   1.6577584e+00   1.1422050e+00
   2.8125977e-01   3.1608809e-01
  -1.2354578e+00  -1.3221932e+00
  -1.3471663e+00  -1.6880945e+00
   1.6289119e+00   9.0196619e-01
  -5.5982870e-01  -9.8732956e-01
  -1.5839574e-01  -4.9042774e-01
  -3.7348379e-01  -6.8769287e-01
  -2.1454388e-01  -4.5564904e-01
   4.8976678e-01   9.1868117e-01
   1.6062031e-01   6.1068341e-01
   4.7912574e-01   1.1398519e+00
   1.6466542e-01   2.6210191e-01
   1.7426144e+00   7.7510391e-01
  -1.1316577e+00  -5.0743434e-01
   1.0800659e+00   7.9547406e-01
  -1.8029253e-01  -5.3213279e-01
   6.1192706e-01   1.0031017e+00
   8.4656254e-01   1.0651352e+00
  -4.8817690e-01  -1.1398539e-01
   2.3777478e+00   1.0692267e+00
  -7.5178698e-01  -9.3907527e-01
   5.0481052e-01   1.2435351e+00
   8.5303624e-01   1.4569830e+00
  -5.5727548e-01  -9.9582328e-01
   3.0852830e-01   8.4166284e-01
   7.0198269e-01   9.7244644e-01
   2.1661200e-01  -5.2383659e-01
   4.5177364e-01   8.2786095e-01
   6.5864432e-01   7.3575868e-01
   4.1181931e-01   1.1583733e+00
  -1.2998857e-01   3.3140665e-01
   9.5414227e-01   9.6081664e-01
   1.2410473e+00   1.1346394e+00
   7.4974646e-02   8.6222708e-01
   2.4432589e-01   1.8947240e-02
   9.5259161e-02   2.9489386e-01
  -7.1638444e-01  -1.0404815e+00
   1.1067278e-01   7.8317471e-01
   3.7922078e-01   2.5342208e-01
  -1.7340099e+00  -1.9378043e+00
   9.3181700e-01   1.2098664e+00
  -1.3837997e+00  -1.2689686e+00
   2.2587710e+00   4.9943099e-01
   2.1726449e-01   1.0189687e+00
  -5.3068277e-01  -6.0983628e-01
   1.0748777e+00   9.8101890e-01
  -2.4304246e-01   1.0875976e-01
  -7.2922144e-01   8.8561241e-02
   1.8070737e+00   1.1052252e+00
   2.7349189e+00   7.8696367e-01
  -1.6838139e+00  -1.0065439e+00
   2.5339006e+00   8.1918353e-01
   7.3747456e-01   1.1407032e+00
  -4.3516638e-01  -3.7094873e-01
  -1.5891347e+00  -2.0107249e+00
  -2.8068686e-01  -2.0888356e-01
  -3.9228713e-02   1.7571124e-01
  -4.9119702e-01   1.4609862e-01
  -2.0058023e-01   2.8123574e-01
  -9.0296390e-01  -9.2230885e-01
   5.5229622e-01   9.6220400e-01
   1.0479604e+00   1.1729414e+00
  -2.4321348e-01  -7.1345536e-01
  -6.2393047e-01  -1.0438329e+00
  -3.7555573e-02  -3.5802379e-01
  -7.2170040e-01  -1.1428102e+00
  -4.9276550e-01  -3.5674662e-01
  -8.7991835e-01  -8.8485373e-01
  -1.6413877e+00  -1.6207875e+00
   9.6740764e-01   9.8162010e-01
  -9.1114063e-01  -1.8027004e+00
  -5.5216633e-01  -3.0716533e-01
  -4.5679865e-01  -1.5709279e-01
   1.3627043e+00   1.1169142e+00
  -2.8234063e+00  -1.4550109e+00
  -2.0847496e+00  -1.8436606e+00
  -1.7728298e+00  -1.6138652e+00
  -9.4537188e-01  -1.1399511e+00
   8.4742071e-01   1.3675533e+00
  -9.1895897e-01  -1.2405175e+00
   8.4410798e-01   1.2231295e+00
  -6.8753316e-01  -1.1359957e-01
  -3.0405469e-01  -3.2813441e-01
   9.5493651e-01   9.7248972e-01
  -8.1509772e-01  -9.6953379e-01
   1.7778278e+00   1.1887672e+00
  -1.7866461e+00  -1.7782443e+00
  -6.7312455e-02   6.3509915e-02
   1.0958439e+00   1.0311486e+00
  -3.9334408e-02   3.6806858e-01
  -2.4892078e-01  -6.5153555e-01
  -2.0518966e-01  -3.1424800e-01
  -1.4266110e-01  -4.3906789e-02
  -2.0503557e+00  -1.6495002e+00
   9.1729911e-01   1.0559792e+00
  -5.7845327e-01  -7.6683926e-01
   1.7466447e+00   1.2862558e+00
  -9.4306572e-01  -1.0769307e+00
   7.5781172e-01   1.1873932e+00
  -2.5390831e+00  -1.6273310e+00
  -7.8222689e-01  -7.6500906e-01
   4.7229758e-01   6.1594572e-01
  -3.1415220e-01  -1.0245424e-01
   1.5422738e+00   1.6285526e+00
  -1.1053403e+00  -1.1495973e+00
  -1.0656341e-02  -1.4709915e-01
  -1.2312305e+00  -1.3257768e+00
   9.7013804e-02   6.2531443e-01
   2.3106074e+00   7.9964804e-01
  -6.2803179e-01  -1.0311971e+00
  -5.4447098e-01  -1.4119631e+00
   9.5739200e-01   1.0544177e+00
  -5.9089950e-01  -1.1450042e+00
   1.0213995e+00   1.1442324e+00
  -6.7014678e-02  -1.1448233e-01
  -1.1677551e+00  -1.1824371e+00
  -2.3450273e-01   1.2073524e-02
  -2.1127739e+00  -1.9100945e+00
   2.0783104e+00   9.0548718e-01
  -1.4408848e+00  -1.4232622e+00
   2.1405514e+00   1.0917697e+00
   1.0483698e+00   1.2964376e+00
   4.5617830e-01   2.1019535e-01
   1.5319221e+00   1.0416030e+00
   2.1962550e+00   1.1493990e+00
   6.7309038e-01   4.8117664e-01
   1.8875298e-01   3.7058914e-01
  -1.8053684e+00  -1.6870874e+00
  -8.0867165e-02  -2.6498987e-01
   8.3276950e-02   8.6502252e-01
   1.9124247e-01   5.3324586e-02
   5.6184496e-01   1.0630783e+00
  -1.0305334e+00  -8.7698639e-01
  -6.4513557e-01  -3.4212798e-01
   8.4359800e-01   1.0406309e+00
   8.3329490e-01   1.1028683e+00
   1.4919366e-01   4.3801479e-01
  -4.0311660e-01   3.8226727e-01
   2.7936802e-01   6.0014945e-01
   4.2813247e-01   4.7579290e-01
  -1.3246980e+00  -1.3336402e+00
   1.5906032e+00   1.5697313e+00
   1.3164144e+00   1.0110246e+00
   7.0947963e-02   7.9169635e-01
   9.1295345e-01   1.0268817e+00
  -1.2569610e+00  -1.8042521e+00
   4.2815371e-01   7.0417094e-01
  -2.1558876e-01  -1.6739450e-01
  -1.6465433e+00  -2.1410020e+00
  -1.5242041e+00  -1.7485441e+00
  -8.5578387e-01  -8.0431457e-01
   8.2458490e-01   1.1416240e+00
  -3.5817444e-01   1.2606564e-02
  -6.2820350e-01  -1.4432403e+00
  -4.2481370e-01  -1.0282588e+00
   1.4820057e-01   1.0236807e+00
   2.0800100e-01   4.0778804e-01
   7.7488838e-01   6.4447012e-01
   3.1379309e-01   1.8702076e-01
   4.3760423e-01   5.1150832e-01
  -6.1927627e-01  -6.4600116e-01
  -1.6931073e+00  -1.4878927e+00
   1.4305633e+00   1.3015609e+00
  -4.7733144e-01  -1.7405121e-01
   1.0040289e+00   1.1958427e+00
  -9.5023876e-01  -8.5110646e-01
   9.9259699e-01   1.0690245e+00
  -6.6981857e-01  -3.4296379e-01
  -3.3321703e-01   4.5136253e-01
   1.4676715e+00   1.6376082e+00
   3.4183802e-01   2.0635263e-01
   1.6320165e+00   1.2831108e+00
  -2.0628262e-01  -6.1417430e-01
   1.3272395e+00   1.0390775e+00
   1.4739792e+00   1.4134940e+00
   8.6007916e-01   1.0155611e+00
   7.9036599e-01   1.1458181e+00
  -1.1398506e+00  -1.3656797e+00
  -1.1878732e+00  -1.5498479e+00
   7.0426619e-01   6.8649925e-01
   9.5107781e-01   1.2707834e+00
   4.3804357e-01   6.9690524e-01
  -1.4007407e+00  -1.3680534e+00
  -7.1333369e-01  -9.3653563e-01
   7.5432172e-01   1.2495805e+00
   8.1747042e-01   8.8908328e-01
  -8.5517387e-01  -1.1083629e+00
   1.0310826e+00   1.3874399e+00
   6.1456299e-01   6.9857912e-01
  -2.5518973e-01  -7.7937680e-01
   9.4458109e-01   1.2254417e+00
   3.2484707e-01   6.0590954e-01
  -7.7785374e-01  -1.1590684e+00
   4.7501902e-02   4.1292227e-01
  -2.1442947e+00  -1.8620380e+00
   1.0308553e+00   1.2623901e+00
  -1.9002688e-01  -1.7722363e-01
  -5.4684720e-01  -8.2464854e-01
   1.7081543e+00   1.1870867e+00
   7.1657894e-01   8.6349079e-01
   5.5572431e-01   1.2114782e+00
   7.4768359e-02   4.9198360e-01
   4.0080533e-01   4.0359435e-01
   4.4350823e-01   8.3867747e-01
   1.4195561e+00   1.4567109e+00
   9.2298523e-01   8.6933521e-01
   8.7403774e-01   1.3470814e+00
  -1.8183428e-01  -2.7000570e-01
  -1.8301786e-01  -3.6524076e-01
   4.5904617e-01   5.0439845e-01
   1.0410396e-01   1.1614039e-01
  -1.5858651e-01  -2.0785694e-01
  -5.5773551e-01  -6.5753123e-01
  -4.8270121e-01  -3.2791354e-01
  -6.4431657e-01  -5.8132447e-01
  -2.1044317e-01  -1.2990004e-01
   2.4714564e+00   7.5275805e-01
  -2.6763567e+00  -1.4768268e+00
   8.8076107e-01   9.1521049e-01
   9.8739268e-01   1.4651543e+00
  -6.8638892e-01  -4.0115430e-01
  -7.7842766e-01  -8.4492855e-01
   7.8359688e-01   1.3283232e+00
   1.0303211e+00   1.1991869e+00
  -3.0217824e-01  -1.5342110e-01
  -3.3962477e-01  -6.2726768e-01
  -9.2671000e-01  -1.0409098e+00
   5.3590178e-01   1.1055536e+00
  -4.4105434e-01  -9.7976826e-02
  -9.8358231e-02   1.0556468e-01
  -4.2465340e-01   4.4299276e-01
  -7.8451916e-02  -1.0060664e+00
  -1.4765938e-01  -2.5405580e-01
   6.3332078e-01   7.9328247e-01
   2.7858611e-01   1.3770160e+00
   6.2406727e-01   8.7049323e-01
   6.8498523e-01   1.1367956e+00
   1.9549625e-01  -3.6912692e-02
  -1.8980751e-01   2.8976314e-01
  -1.2689953e+00  -1.2636009e+00
  -8.6314691e-01  -1.6759098e+00
   2.2617691e-01   6.1366593e-01
  -1.0607750e-01   6.9666823e-01
  -5.1864526e-01  -1.2053363e+00
   1.5023725e+00   9.1881163e-01
  -1.0076281e+00  -1.2504277e+00
   2.2484531e+00   9.9087815e-01
   7.1415414e-01   6.6165853e-01
   8.0294217e-01   9.7135760e-01
   1.8350810e+00   1.0209834e+00
  -9.7848842e-01  -1.1098418e+00
   5.5990603e-01   9.7713603e-01
   1.6728484e-01   4.9118899e-01
   1.6886729e+00   1.3953172e+00
   1.1475338e+00   9.8152766e-01
  -7.6286345e-01  -6.8432714e-01
  -2.1957188e+00  -2.2479534e+00
  -1.4612289e+00  -1.7407772e+00
   8.6747340e-01   1.2204910e+00
   4.4220009e-01   6.6869646e-01
  -8.6211828e-01  -8.6025385e-01
  -5.1747319e-01  -4.3920230e-01
  -5.6812989e-01  -1.0932144e+00
   4.6470415e-01   8.3586140e-01
   1.3957863e-02  -4.4788585e-01
   1.4804174e+00   1.1020742e+00
   2.7902294e-01   2.9491746e-01
  -1.3457991e-01   1.4574378e-01
  -6.9934054e-01   1.0846016e-01
  -4.2525310e-01  -1.3302025e-01
  -5.2489503e-01  -9.3441205e-01
   1.0669826e+00   1.1726317e+00
  -9.7238484e-02  -2.3233301e-01
  -6.6919078e-01  -7.5072094e-01
   2.2303960e+00   5.4091710e-01
   2.9224619e-01   4.7759448e-01
  -1.8561093e+00  -1.4963440e+00
  -1.5969974e+00  -1.5676339e+00
  -3.0449691e-02   4.3199463e-01
  -8.3142750e-01  -1.0336230e+00
  -2.0059320e+00  -1.7714131e+00
  -9.5291614e-01  -9.2459218e-01
  -2.6534302e-01  -5.0575564e-01
  -1.0660851e-01  -2.3094717e-01
  -3.1755445e-01  -4.7108283e-01
   3.7984404e-01   2.0043147e-01
   7.1295608e-01   9.3476904e-01
   2.1892260e+00   9.9701064e-01
   8.6678473e-01   1.0620115e+00
  -3.9831652e-01  -3.9239222e-01
  -3.1438592e-01  -1.0066564e+00
   1.5956152e+00   9.7189626e-01
   1.6881586e+00   8.7972701e-01
   1.0486139e+00   1.2413949e+00
  -1.2960643e-01  -4.1490078e-01
   1.5214691e+00   1.1372778e+00
  -2.0468102e+00  -1.7554680e+00
  -3.9357143e-01  -1.0648851e+00
   5.0800888e-01   2.0913862e-03
  -1.6462854e+00  -1.8037935e+00
   3.7078754e-01   5.7483019e-01
   6.7402842e-01   9.2392833e-01
   1.1365342e+00   1.2734440e+00
  -3.9870317e-01  -9.1092431e-01
   8.5718046e-01   1.4995782e+00
   6.7221016e-01   6.5521752e-01
  -1.2242723e+00  -1.9537426e+00
   2.9197213e-01   4.4808018e-02
   3.9949646e-01   5.0888466e-01
  -1.4372645e+00  -9.7169338e-01
  -7.4478155e-01  -7.5450635e-01
   2.3959381e+00   8.4112568e-01
  -4.2260342e-01  -1.0181744e+00
  -1.1050699e+00  -9.9265107e-01
   3.6472607e-01   1.2970048e+00
  -3.7579666e-01   7.2325863e-02
  -5.1617654e-01  -8.8176243e-01
  -3.3688484e-01   4.0062379e-01
   7.3481694e-01   9.5504208e-01
   7.9308313e-01   7.8109036e-01
  -2.4947367e-02   7.8381121e-02
  -1.0364902e+00  -1.3060121e+00
  -7.9646898e-01  -4.3585075e-01
   1.1340633e-01   3.8335736e-01
   4.3111230e-01   1.3319004e+00
  -1.0819285e+00  -1.3321137e+00
   1.0172753e+00   1.2925873e+00
   3.9193132e-01   5.4066050e-02
  -8.2760505e-01  -1.2546011e+00
  -4.4548970e-01  -1.0977215e+00
  -2.0971550e-02  -5.3851727e-01
  -1.1366365e+00  -1.1288855e+00
   1.0456684e+00   1.3021179e+00
  -1.8268484e-01   9.4585236e-02
  -1.0195853e+00  -9.2809586e-01
   1.1899250e-01  -1.7125503e-01
   1.7852244e-01   5.0776780e-01
   9.6015738e-01   1.3882178e+00
  -5.1164000e-01  -2.6820627e-01
  -4.3271052e-01  -7.6713934e-01
  -8.8799578e-01  -1.3621886e+00
  -1.2172835e+00  -1.5763826e+00
   9.5979654e-01   1.1403602e+00
  -3.5105811e-01  -5.4824475e-02
   2.1866963e-01   2.2254994e-01
   3.4335755e-01   6.5826820e-01
   1.4984649e+00   8.3585714e-01
   5.9798916e-01   7.7777246e-01
   1.9446909e+00   1.0710148e+00
   1.4457196e-01   5.2461542e-01
   3.8449265e-01   1.0029112e+00
  -8.7128182e-01  -1.0961101e+00
   1.0828014e+00   1.1679168e+00
   2.3519770e-01   1.2889984e+00
   4.7242034e-01   1.1739636e+00
  -1.6101598e+00  -1.7410025e+00
  -6.3070681e-01  -7.7060039e-01
  -1.3694213e+00  -1.6682463e+00
  -1.7608026e+00  -1.6273865e+00
  -4.6687609e-01  -2.3030035e-01
  -8.1981364e-01  -1.3200805e+00
   1.0815928e+00   1.3273850e+00
  -2.3307731e+00  -1.9334451e+00
  -4.9978578e-01  -4.5938446e-01
  -9.8101465e-01  -1.0744793e+00
   1.2038983e+00   1.5156841e+00
   3.5739553e-01   6.1555742e-01
  -7.9296831e-01  -1.2205562e+00
   2.7522507e-01   6.6501500e-01
   1.6223484e-01  -1.9238021e-01
   1.3246282e-01   6.1679333e-01
   2.1919862e+00   1.0587518e+00
  -1.5964616e+00  -1.8548596e+00
   2.6554944e+00   3.1579713e-01
  -3.9073748e-01  -4.3640871e-01
   4.2757411e-01   2.2048026e-01
   6.7024979e-01   1.3081081e+00
   6.9996519e-01   1.2392727e+00
  -8.2439572e-01  -1.1946523e+00
   1.2518974e+00   1.2807942e+00
  -1.3570923e+00  -1.4705156e+00
  -1.4583122e+00  -1.0605939e+00
   7.3970161e-01   1.1281774e+00
  -1.4131473e+00  -1.7096450e+00
  -5.2858031e-01  -2.7099577e-02
   6.9830544e-01   9.7397048e-01
  -1.3775586e+00  -1.3878914e+00
  -6.4643940e-01  -3.9542972e-01
  -1.2856146e+00  -1.9563757e+00
   1.0035181e+00   7.9730581e-01
   1.0413845e+00   1.0926166e+00
  -6.4705119e-01  -6.1766294e-01
  -4.2088283e-01  -6.8348175e-01
   2.9495402e-01   1.3057900e+00
  -5.7860451e-01  -7.7505956e-01
   1.1884275e-02   4.9382817e-01
   6.3657856e-01   1.3942995e+00
  -6.1061540e-01  -1.2179539e+00
  -1.6104980e+00  -1.6881771e+00
   1.2566331e+00   1.2800580e+00
   7.7469795e-01   7.5912299e-01
  -1.4843384e+00  -1.7331820e+00
  -8.5804906e-01  -1.1715972e+00
   4.2751548e-01   6.3473245e-01
   5.1910221e-01   9.5066169e-01
  -1.9255883e-01   4.0581378e-01
  -4.6305222e-01   8.5529507e-02
   2.5437308e-01   2.8505399e-01
  -1.4717767e-02   2.6086456e-01
   1.3303221e+00   1.1749183e+00
  -6.6077212e-01  -7.1047411e-01
   5.7283082e-02  -1.1680578e-02
   3.6433600e-01   5.7994002e-01
  -4.9202147e-01  -2.9931496e-01
   9.2548207e-01   1.4121564e+00
  -5.6393922e-01  -6.5283391e-01
   1.6437566e+00   1.3173233e+00
   1.8091420e+00   1.1680685e+00
   9.4860174e-01   1.2095657e+00
   6.7894926e-01   9.8493806e-01
