   7.6356677e-01   8.9756030e-01
   1.6216979e+00  -2.0582105e+00
   4.7128317e-01   1.2522161e+00
   1.6501579e+00  -7.4569791e-01
   7.2071346e-01  -1.5853069e+00
   3.6858486e-01  -5.1641666e-02
  -2.6375474e-01   2.6025045e-01
  -3.6017532e-01   6.2126070e-01
   1.9101444e+00  -8.4917826e-01
   7.7360612e-01   1.1424985e+00
   4.3423070e-01  -1.5713476e+00
   1.1868759e+00   7.8458729e-01
   5.0251935e-01   4.8614752e-01
   3.7980446e-01   7.6056712e-01
   9.3032290e-01  -1.1065520e+00
  -2.6399810e-02  -1.3630404e+00
  -3.4888552e-01   7.7312578e-01
   1.2126416e+00   5.3772892e-01
   3.1981894e-01   1.1638897e+00
  -5.5351797e-01   6.2792834e-01
   1.0777514e+00   2.5400480e-01
  -3.6571961e-01  -1.2343690e+00
  -2.7842430e-02  -5.5170557e-01
   7.9064018e-01  -8.3805151e-01
   5.3025837e-02  -1.2339855e+00
   6.5208219e-06  -1.8173416e+00
   6.3338078e-01  -1.7349699e+00
  -7.4011181e-01   8.7655786e-01
  -1.0234952e+00   1.0059035e+00
   9.1488124e-01   4.4912328e-01
  -5.4773594e-01  -3.4160698e-01
   4.7735317e-01   7.0434782e-01
   1.7077848e+00  -6.4441656e-01
  -6.8925312e-01   9.4880588e-01
   1.5147816e+00   8.6688817e-02
  -3.5963729e-01   2.6074296e-01
  -2.7082775e-01   1.1085024e+00
  -6.5366132e-01  -1.0497259e-01
   1.8667323e-01  -4.5200442e-01
  -7.4394384e-01   9.2229402e-01
   1.7261571e+00  -3.4040793e-01
   1.1004397e-01   6.7578004e-01
  -2.7128162e-01   7.1196247e-03
   8.7572255e-02   3.7945556e-01
  -1.1054482e-01   6.9358030e-01
   4.5669177e-01   7.0335054e-03
  -1.2320521e+00   2.7584295e-01
   2.8191411e-01  -6.7854241e-01
   5.2330237e-01  -1.6389868e+00
  -1.4392532e-01   4.4657254e-01
   1.2882201e+00  -2.3752290e+00
   1.4413442e+00   5.0496755e-01
   2.7083538e-01   1.0958341e+00
  -1.8671999e+00  -2.2444986e-02
  -5.5873611e-01   1.3334571e+00
   3.4354505e-01  -8.0280750e-01
   2.2317186e-01   3.3376758e-01
   2.1946739e+00  -3.7207933e-01
  -3.1243269e-01  -1.3835651e+00
  -7.7550811e-01   4.0561542e-01
   4.9115400e-01  -1.1065126e+00
   7.4010063e-03   7.1759866e-01
  -1.1501055e-02   1.1001719e+00
  -8.1838266e-02   7.2820196e-01
  -4.8623913e-01   9.2833740e-01
   1.8270709e-01   6.8207078e-01
  -1.7002544e-01   1.2404362e+00
  -1.7112076e+00   1.8253696e-02
   5.9591367e-01  -3.9389786e-01
  -7.4003180e-01   9.5633796e-01
  -5.5888778e-01   6.1623922e-01
   1.4675675e-01  -1.0937889e+00
  -3.7359659e-01   7.5236079e-01
  -8.6999856e-01   1.2475918e+00
  -3.5474154e-01   1.0713389e+00
   1.0727686e-01   9.8632840e-01
   8.4386287e-01  -6.0836889e-01
  -1.5971780e-01  -9.4960018e-01
   3.7897310e-01   9.9072906e-01
   2.1056656e-01  -7.7189313e-01
   1.4953918e+00   1.9119485e-01
  -5.8641814e-01  -7.9805243e-01
  -1.1090524e-01   4.3266674e-01
   7.4297512e-01   2.9283335e-01
   5.2969765e-01  -1.1419084e+00
   1.5725953e+00  -8.6440446e-01
   3.6104093e-01   4.6960704e-02
  -7.9686558e-01  -7.5383455e-02
   1.8583925e-01   6.0750076e-01
  -5.5483891e-01   8.4072736e-01
   3.2663963e-01   3.6805792e-01
   1.2921990e+00  -1.3167217e+00
   9.8768468e-01  -1.2647771e+00
   5.3930459e-01  -1.8061531e+00
   5.8057390e-01  -1.9209979e+00
   1.5753937e+00  -1.3507246e+00
  -7.1106112e-01   1.5268959e+00
   3.9232659e-01  -1.7016439e+00
   1.5682576e+00  -2.4331612e+00
   1.4657568e+00  -1.9368974e+00
  -3.6885585e-02   7.0330339e-01
  -4.3793434e-01   7.7401530e-01
  -1.2136416e+00   1.8187182e+00
  -3.8083646e-01   9.7579164e-01
  -6.3285507e-01   1.0169389e+00
  -1.3202064e+00   1.0136267e+00
   1.3189589e+00   1.2768405e-01
  -1.2827269e+00   5.1769963e-02
   1.0232411e+00  -4.3370267e-01
  -1.0557522e-01   8.5545303e-01
   1.1288123e+00  -7.7691012e-01
   7.3833653e-01  -1.8526107e+00
  -1.7824077e-01   1.4702707e+00
  -1.1469287e-01   6.8906083e-02
  -1.3940383e+00  -7.8577500e-01
  -1.4811509e+00   1.0505566e+00
   1.5700589e+00  -2.7513794e-01
  -7.7068447e-01   8.0982741e-01
   1.4258434e-01   3.7988961e-01
  -2.9597666e-01  -1.8601470e+00
   1.5333347e+00  -1.1769383e+00
  -2.1473236e+00   1.4509025e+00
   4.5241163e-01  -8.0514452e-01
  -1.6962531e-01   6.4499787e-01
   1.2121735e-01   6.8346274e-01
   7.7474959e-01   6.3966748e-01
   2.5798073e-01   6.0534075e-01
   3.4260288e-01  -1.1449083e+00
  -9.8241608e-01   1.1638907e+00
   2.9834647e-01  -1.0642996e-01
  -9.6219463e-01   1.4213503e+00
   1.5458743e+00  -1.4674465e+00
  -4.3404965e-01   3.9563260e-01
   3.0590620e-01   1.7885432e-01
   5.5932140e-01   6.0615266e-01
   1.9562056e+00  -2.5709110e+00
  -2.6878934e+00   1.6877965e+00
  -5.7045964e-01  -2.0178411e-02
  -1.4389563e+00  -1.8425286e-01
   3.1117677e-01   1.0254120e+00
  -2.1802681e+00   1.0720854e+00
   3.4576905e-01   1.0964921e+00
   2.4575236e+00  -1.6404034e+00
   1.7663799e+00   4.1855722e-01
  -3.6304724e+00   1.8516547e+00
  -2.2767063e-01   4.9803109e-01
   1.8800901e+00  -2.2951063e+00
  -1.5795306e+00  -1.1728024e-01
  -3.7396882e-01   7.0443641e-01
   4.1059447e-01  -1.5986844e+00
   1.8376638e+00  -6.0045956e-01
   7.8604606e-01  -1.6280261e+00
   1.3918601e+00   5.3257832e-01
   3.0280742e-02   6.4394967e-01
  -1.3496476e-01   7.1277944e-01
   1.2030214e+00   2.1293649e-01
  -3.7243575e-01   5.3314791e-01
  -2.9306706e-01   6.2513939e-01
  -2.1498086e+00   1.3454196e+00
  -1.2958839e+00   8.7705002e-01
   9.0184314e-01   3.9359700e-01
   9.4664669e-01   3.7808003e-01
   5.8230155e-01   4.3694429e-01
  -1.5445615e+00   1.2490608e+00
   5.5639341e-01  -1.4374801e+00
  -7.4956651e-01   1.0038021e+00
  -1.5684855e-01  -1.2269316e+00
   3.1631266e-01   2.9641719e-01
  -1.4159658e+00   3.0447800e-01
  -1.0795153e+00   3.4870396e-01
  -1.2755361e+00  -8.3229492e-03
   1.0283930e+00  -2.2419503e+00
  -3.4430866e-02  -1.3244579e+00
  -8.2631091e-01   8.8284017e-01
   9.7593143e-01  -3.6275133e-01
   9.7553739e-01  -1.4693864e+00
   8.8534717e-01   5.0629906e-01
  -1.9235848e+00   4.3109015e-01
   2.1053904e-01   5.6828512e-01
   1.5400060e+00  -1.8943161e-01
  -1.5437542e+00   1.3304881e+00
  -9.4955697e-02  -1.0357649e+00
   6.3619226e-01  -1.4737934e+00
  -1.7495049e+00   1.1363415e+00
   6.3247127e-01  -4.6670453e-01
   2.2583503e+00  -5.4501433e-01
   1.1049862e+00   3.2040829e-01
  -9.9706318e-01   2.0615602e-01
   1.4623673e+00   1.1982562e-01
  -1.6572510e+00  -1.9741883e-01
  -1.0688757e+00  -5.9557374e-01
   2.6335467e+00  -3.4024478e-01
   8.0831201e-02  -1.5920781e+00
   1.6279583e+00  -2.1175993e-01
  -1.2480312e+00   9.5535460e-01
   5.5956079e-01  -1.8542654e+00
  -8.1363358e-01   5.4092760e-01
  -3.9231378e-02   1.7483028e+00
   1.7332990e+00  -1.6321551e+00
  -1.9296916e+00   5.7096534e-01
  -2.9112478e-01   2.6079939e-01
   7.9575902e-01   3.7302575e-01
   2.3407690e+00  -2.5632847e+00
   7.1081777e-01   7.2229424e-01
   5.2181458e-01   3.6688915e-01
   1.2451581e+00  -6.9303373e-02
  -1.9803188e-01   2.3263294e-01
   5.3876001e-01  -1.9672480e-01
  -1.0287835e+00  -3.8123081e-02
  -7.5147757e-01   1.3008635e+00
  -2.2562262e-01   4.8971009e-01
   9.5326427e-01   2.9704619e-01
  -2.7648677e-01   7.3907009e-01
   1.1563350e+00  -5.5435037e-01
  -5.7257031e-01  -6.8644105e-01
   8.2279493e-01   7.4367945e-01
   2.0468573e-01  -3.7862429e-02
  -2.5226470e+00   7.9717219e-01
  -1.2280385e+00   1.1644053e+00
  -8.2229553e-01   8.2356873e-01
  -1.0323456e+00   2.7205153e-01
  -1.0265563e+00   1.0542611e+00
  -1.1949377e+00   1.3488940e+00
   1.9251638e+00  -1.8244114e-01
   6.3946192e-01   6.9554835e-01
  -1.8931654e-01   1.4640737e-01
  -3.2951078e-01  -2.6200777e-01
   1.6378423e+00  -8.9765338e-01
   1.4870647e+00  -1.3289142e+00
   6.3640113e-01  -2.2194397e+00
  -3.6542788e-01  -1.2787619e+00
  -1.2619232e+00  -1.1538505e-01
  -1.2654651e+00   1.3225804e+00
  -1.9554414e-01   1.7706988e+00
  -8.1148678e-01   1.0818201e+00
   4.0132753e-01  -1.5929906e+00
   1.3293979e-01  -1.0284748e+00
  -1.1925854e-01   1.1848846e+00
  -1.8925686e-01  -1.9655208e-01
  -2.1640520e-01  -6.5520976e-01
  -2.1175953e-01   9.9322232e-01
   2.7799801e-01  -1.1216451e+00
   1.0056638e+00  -1.8956124e+00
   1.3422295e+00   1.7961406e-01
   1.9478183e+00  -2.1708941e-01
  -5.6290786e-01   1.3120199e+00
   9.9648500e-01  -2.2135866e+00
   2.4808003e-01   6.1554029e-01
   1.4097595e+00  -1.4668156e+00
   5.6332319e-01   2.4359904e-01
  -1.4889977e+00   1.3980168e+00
   2.1152558e-01   8.6352839e-01
   1.1789198e+00  -7.7331588e-01
  -6.6050326e-01  -1.1194732e+00
  -4.0911172e-01  -8.1188804e-01
   4.8365704e-01   1.2662470e+00
  -2.3352178e+00   2.8038222e-01
  -7.8539031e-02  -1.6953002e+00
  -1.1976153e+00   6.6356584e-01
   3.1177469e-01  -6.5871085e-01
   4.0020916e-01  -1.0591791e+00
   9.1408436e-01   1.9896351e-01
   1.0799353e+00  -2.2615516e+00
   7.7921374e-02  -2.1628962e-01
  -6.1597644e-01   1.1854201e+00
   1.1108283e-01   6.6397830e-01
  -9.7379107e-01  -5.7213499e-01
  -2.9694994e-01  -1.0507219e+00
  -1.2317946e+00   8.2848043e-01
  -5.1817671e-01  -1.3007116e+00
  -1.9326590e+00   1.5147905e+00
   7.3439200e-01   3.5621407e-01
  -1.0196865e+00   1.0175717e+00
   2.0693601e-01   7.6895530e-01
  -4.6517237e-02   1.2264219e+00
  -1.0518434e+00   1.4512042e+00
   1.5524851e+00  -3.4143056e+00
  -9.6967496e-01  -2.6381654e-01
  -3.0825304e-01   7.6380381e-01
   9.9714692e-01   5.8363829e-01
  -8.9163572e-01   5.5758370e-01
   1.5077236e+00  -1.8035936e+00
   7.7465189e-01   4.9555729e-01
  -2.0534941e-01   5.0419744e-01
  -1.7722096e-01   1.8582891e-01
   2.1093285e+00  -1.7468526e+00
  -1.6637390e+00   1.2955444e+00
   1.0624194e+00  -8.9309322e-01
  -2.0740146e+00   4.9908931e-01
  -7.6932651e-01   1.3429928e+00
  -9.0502466e-01   2.7262875e-01
   1.8852909e-02   6.2132063e-01
   2.0675789e+00  -9.9931528e-01
  -5.4890307e-01   9.9930519e-01
  -1.0784375e+00  -1.7294134e-01
  -1.0244074e-01   5.6487738e-01
  -5.6549576e-01   5.4431811e-01
  -5.4890969e-01  -5.9364520e-01
  -1.1247533e+00   1.4060665e-01
   8.6483977e-01   3.4546182e-01
  -1.7903442e+00  -2.2673667e-01
   1.3516994e+00  -2.4075858e+00
   1.9341442e-01   8.2964421e-01
   2.5930060e+00  -2.4875839e+00
  -5.5725312e-02   1.3467022e+00
  -2.4219946e-01   1.3532488e+00
  -2.8327327e-01  -5.3508068e-01
   3.5092417e-01  -7.3651163e-01
   1.3049419e+00  -1.0333996e+00
   2.1599011e+00  -4.7517359e-02
  -6.5926362e-01   1.4369348e+00
  -7.2434518e-02   6.3848151e-01
   1.0234277e+00   4.7771634e-02
  -5.7019675e-01   9.1127755e-01
   1.4531320e+00  -2.1755964e+00
  -6.5796117e-01   1.2973217e+00
   4.9746539e-01  -8.1841129e-01
   4.4272659e-01   2.6190102e-02
  -1.1470058e+00   1.2897996e+00
   7.0607483e-01  -1.8678258e+00
  -1.2485284e+00   1.3799351e+00
  -1.8410884e+00  -6.3442018e-01
   7.8408011e-01  -1.8044298e+00
  -2.6612117e-01   6.5162668e-01
  -1.1471875e+00   7.8029268e-01
  -1.6365455e-01  -9.3866578e-01
  -6.1167730e-01  -8.1847672e-03
  -8.2856317e-01  -6.2601041e-01
  -2.1627477e-01   1.0737283e+00
   2.4037197e-01   2.3479338e-01
   8.2524827e-01  -1.6620408e+00
  -2.1446735e-02   1.1312073e+00
   2.1871254e-01   5.8515138e-01
   1.3561031e+00  -4.2506310e-02
   8.5756036e-01  -6.1838791e-01
   2.2346175e+00  -4.8540898e-01
  -1.2034539e+00   8.8914718e-01
  -1.9561382e-01  -2.9597025e-01
  -5.7678330e-01   1.1437049e+00
   1.0520705e+00  -1.4621479e+00
  -4.6189747e-01  -1.2603463e+00
   3.8016127e-01   9.6462862e-01
  -1.9892286e+00   3.2379961e-01
  -1.9894023e+00   4.4538712e-01
   4.9109761e-01  -5.2422983e-01
   1.0494727e+00   1.1306973e+00
  -2.7811593e-01   1.4668110e+00
  -5.6745782e-01  -1.0373119e+00
  -8.9207453e-01  -8.6937642e-01
  -7.8757916e-01  -3.2595257e-01
  -3.0023603e-01   3.7032240e-01
  -5.8895746e-01   2.3456877e-01
   1.0786128e+00   7.0719293e-01
   2.0432025e-01   5.3619740e-01
  -1.2646057e-01   1.0024778e+00
   1.2171291e-01  -1.0272708e+00
   3.6397530e-01  -7.4957765e-01
   1.4670789e+00   1.4211393e-01
  -1.1170094e+00  -1.0695680e-01
  -3.6101046e-01  -4.2757074e-01
   6.6764361e-01   9.1803656e-01
   1.2552550e+00  -1.6556871e+00
   2.0810674e-01   4.8960856e-01
  -2.6120119e-01   9.4893875e-01
   5.0186409e-01  -6.9428389e-01
  -1.4610345e+00   1.4341376e+00
  -1.2822244e+00   9.8638728e-01
   5.4336615e-01  -6.1320385e-01
   1.6520520e-01  -2.1602248e+00
  -1.4978462e+00   1.6687760e+00
   1.0624365e+00  -1.0841439e-01
  -1.8159207e-01   9.9800642e-01
  -1.2126388e-01   1.6512799e+00
  -1.5157120e+00   7.0910928e-01
   3.0290074e-01  -1.0814563e+00
   1.4128781e+00   4.0328533e-01
   7.6167655e-02  -1.8973746e+00
  -2.6785632e-01  -2.2866985e-01
  -5.5365140e-01  -5.4803148e-01
  -1.8342360e+00   1.1992475e+00
  -9.2905709e-01   2.6245732e-01
  -1.4545180e+00  -1.3586350e-01
   2.7010302e-01   6.3614307e-03
  -4.9905944e-01   7.6855325e-01
   8.3937679e-01   6.9406577e-01
  -9.5969232e-01   5.3651977e-01
  -2.7029681e-01   1.3686228e+00
  -2.4602806e-01   2.3790004e-01
   9.7023189e-01  -9.0189599e-01
  -8.6975129e-01   1.5454733e+00
   1.2319170e+00   2.9185511e-01
  -7.2441093e-01   1.0554179e+00
   3.0322975e+00  -1.5275850e+00
   4.4735898e-01   1.0103087e+00
  -1.9809945e-01  -1.1550472e+00
   7.9390610e-02   1.0861866e+00
  -4.0897363e-01   7.3668556e-01
   2.3298850e-01   1.0515370e+00
   9.6353190e-01   2.5992447e-01
   2.4452959e-01  -2.6832925e-01
   7.5609156e-01  -1.7989868e-01
   1.1617022e+00   5.3309769e-01
   7.6928311e-01  -1.5302008e+00
   1.0008017e+00   6.5609413e-01
   1.3194584e+00  -5.6062935e-01
   1.2758615e+00  -4.0417712e-01
  -2.1160157e-01  -1.6916590e+00
  -4.8189640e-01  -1.8571836e-01
  -1.2339723e+00   1.4033262e+00
  -1.5579772e-01  -4.4175657e-02
   2.5457300e+00  -1.6571780e+00
   1.3695266e+00  -1.4277186e+00
   1.2853683e+00  -2.3902646e+00
  -1.1968366e+00   8.0449330e-01
  -1.1548011e+00  -5.1929593e-01
  -3.3819847e+00   6.8752893e-01
  -1.5728031e+00   1.3529257e+00
  -9.7503545e-01   1.9226666e-01
  -7.4188772e-01   1.1177473e+00
   9.2329705e-01  -2.1586815e+00
  -5.2394576e-01  -9.7943193e-01
   1.5064961e+00  -8.7241814e-01
  -6.1240625e-02   8.8373700e-01
   2.0518173e-01   8.4890043e-01
  -2.2791128e-03  -8.3365957e-01
   6.8672676e-01  -1.7054452e-01
  -4.2437865e-01   7.0339401e-01
  -2.0933557e+00   1.3462919e+00
   8.1224909e-01  -2.1581398e+00
   1.7049406e-01   8.6413103e-01
  -7.4377850e-01   1.5955964e+00
  -4.5017970e-03   1.4631196e+00
  -6.1592937e-01   7.5895774e-01
   1.2706052e+00  -2.3479563e-01
  -6.9944416e-01   1.2152197e+00
   2.0874047e+00  -1.7122637e+00
  -8.3945569e-02  -8.6208928e-01
   2.2115617e-01   9.6188818e-01
   1.2370656e+00  -2.0472857e-01
   4.3913331e-01   2.2550242e-01
  -4.9728937e-01   4.1322021e-01
  -2.3165480e-01  -1.1610190e+00
  -8.2723447e-01  -6.9781665e-01
  -5.0849167e-01  -9.2826067e-01
  -2.1152661e+00  -6.4338180e-02
  -1.8908831e-01   9.6096248e-01
  -1.0234198e+00  -1.7554189e-02
   1.6750036e+00  -2.9289912e+00
  -4.3908544e-01   5.9684398e-01
  -1.3363488e+00   1.0669764e+00
   8.5499009e-02  -1.8339259e-01
   8.6824511e-01   4.0771671e-01
  -9.9019434e-01   4.9788848e-01
  -1.2569452e+00   5.9884035e-01
   1.7971653e+00   5.6088010e-01
  -9.0663186e-01   1.3928277e+00
   2.8584735e-01   1.7924897e-01
  -3.7308417e-01   1.4959132e+00
  -1.9092077e+00   1.2584202e+00
   7.0847276e-01  -4.0258745e-01
   1.3405454e+00  -5.2817795e-01
   6.7461228e-02  -1.1844119e+00
  -2.9964119e-01  -1.1727294e+00
   6.0342942e-01   2.2345866e-01
  -1.5365122e+00   1.4343403e+00
   6.7378299e-01  -7.2798548e-03
  -4.6488589e-01   9.7860683e-01
  -5.4366616e-03   5.5736333e-01
  -6.6105063e-01   7.4452036e-01
  -2.4451025e-02  -9.2575515e-01
   8.0441550e-01  -1.6164797e+00
   1.4417350e-01   8.5174294e-01
   5.7465913e-01   1.2573410e-01
  -1.1871526e-01   9.5166070e-01
   3.3154950e-01   6.4792120e-02
   1.3722247e+00  -7.5926892e-01
  -2.8702350e-02   1.9247967e-01
  -1.4793437e-02  -4.4501779e-01
   5.3781940e-01  -1.5341587e+00
   8.7939516e-01   2.9028194e-01
   1.7531389e+00  -9.2238404e-02
  -1.5135306e+00   1.1933610e+00
  -3.5988456e-01   1.2763466e+00
   4.7627962e-01   8.1160366e-01
   1.4579571e-01   2.4301966e-01
  -1.1977946e-01   9.4569305e-01
   2.4535946e+00  -8.6223814e-01
  -1.2678622e+00  -5.0982535e-01
  -1.1711622e+00  -5.1115202e-01
   5.9674160e-01   8.7231274e-01
   1.3177212e+00  -1.9107109e+00
  -9.8528237e-01   4.9058472e-01
  -9.6995059e-02   6.1393495e-01
  -1.6509902e+00  -6.0981718e-02
  -5.1323070e-01   5.3569067e-01
   5.3115582e-01   2.9036490e-01
   3.5341943e-01   4.6251850e-01
  -1.4320320e+00  -8.6808732e-01
  -4.2200186e-02  -2.1804075e-01
   1.8262382e+00  -2.7411668e+00
   1.8635549e+00  -9.3031555e-01
  -8.6989542e-01   2.7508103e-01
  -6.5413256e-01   3.4735169e-01
   1.0174325e-02   5.6563276e-01
  -7.9457325e-01   4.6198309e-01
  -1.6408431e+00   9.6652426e-01
  -1.0802147e-01  -3.4588387e-01
  -5.0137115e-01  -4.7586012e-01
   2.3892691e-01   9.3025146e-01
  -2.3216031e-02   1.1062288e+00
  -5.3823364e-01   1.4381624e+00
   9.0682947e-01   7.3118788e-01
  -7.4097747e-01   1.5877934e+00
  -6.6235605e-01  -6.1102325e-01
  -4.5908804e-01  -9.8036220e-01
   4.1759843e-03   4.5144293e-01
   2.7312085e-01   4.1560419e-01
   9.7434701e-01   4.6700144e-01
  -1.1644737e+00   1.3507224e+00
   2.1293064e+00  -9.1297388e-02
  -6.0004892e-01  -2.3287948e-01
   1.8076900e+00  -1.8896702e-01
  -1.3268615e+00   7.8578895e-01
   3.8925443e-01  -1.9885849e-01
   4.2375704e-01  -5.2291569e-01
  -3.0547084e-01  -3.9482696e-01
   3.1713976e+00  -1.3627842e+00
   1.5474360e+00  -1.4646702e+00
  -1.2766678e+00  -6.9615907e-01
   2.0482518e-01   8.7990957e-01
  -2.7480954e-01   8.8400429e-01
   3.0282859e-01  -2.7157586e-01
  -7.8531657e-01   3.8251591e-01
  -1.5609988e+00   1.0524121e+00
   1.1414057e+00  -2.0998698e+00
   2.1874257e+00  -1.3759485e+00
   5.1101808e-01   8.3917122e-01
   5.5192359e-01   4.6561906e-01
  -1.9745527e+00   6.9922198e-01
   1.1056618e+00   8.2554210e-02
  -1.4762442e-01   1.2896220e+00
  -3.2981035e-01  -3.7914483e-01
   1.0354190e+00   7.5101087e-01
   1.0807957e+00   2.0098335e-01
  -9.7277647e-01   1.5967710e+00
   6.0772907e-01   1.1625397e+00
   5.1589232e-01   7.7120446e-01
   9.1606316e-01   2.2384916e-01
  -4.4399963e-01   1.0357574e+00
   1.8012186e+00  -8.0442551e-01
   3.7683446e-01   7.4714258e-01
   2.4509896e-01   3.4994871e-01
  -1.7044775e-01   3.6074897e-01
   1.3537249e+00   4.1380078e-01
   1.6595017e+00  -2.6801166e-01
  -2.1073091e+00   1.0471316e-01
   7.9437587e-01  -5.6038818e-02
  -1.0554475e+00   1.7502066e+00
   8.8201049e-01   5.5935852e-01
   7.8697547e-01  -9.8331079e-01
  -9.8528162e-02   1.1090616e+00
   2.0399621e+00  -5.3281384e-02
  -6.2374745e-01  -7.8023754e-01
  -1.3323812e+00   2.7160649e-01
   5.2234966e-01   3.3149233e-01
   2.5525150e-01  -6.4737044e-01
   1.5877090e-01  -4.4273085e-01
  -7.7890372e-01  -7.2420258e-01
   1.7654436e+00  -1.7458989e+00
  -8.8157826e-02   1.0844670e+00
  -1.3876666e-02   3.5433542e-01
  -3.5921605e-01  -1.1713941e+00
  -1.9567438e+00   1.6614854e+00
  -5.8880672e-02  -8.6669168e-01
   1.4748645e+00  -2.8614878e+00
  -2.3554394e+00   1.0854909e+00
  -1.6323030e-01  -3.7820249e-01
  -8.6285027e-01  -5.1280502e-02
  -2.1915516e-01   3.4745833e-01
   2.3075277e-01  -1.6197718e+00
  -1.0748167e+00  -5.9060245e-01
   2.5789007e-01   4.0190449e-01
  -2.0822236e+00   1.5268164e+00
   8.8982329e-01  -1.9396629e+00
  -1.1123194e-01   4.9469493e-01
  -4.1790454e-01  -7.0541462e-01
   2.0750102e+00  -1.0577928e+00
   6.5350431e-01  -5.6062509e-01
   1.7714020e-01  -4.7512264e-01
   9.9175379e-01   7.1740347e-04
   3.5936167e-01   1.2489504e+00
  -3.2182774e-01  -1.3598978e+00
  -1.9505430e+00   8.2779693e-02
   3.1630601e-01  -3.8756181e-01
  -1.3545476e-02   7.1920959e-01
  -8.3847361e-01   9.0803232e-01
  -1.8328298e+00  -2.8400311e-01
   8.4524457e-01  -2.0854247e+00
  -7.9864506e-01  -1.4952158e-01
   3.1041815e-02  -9.7205330e-01
  -1.2557761e+00   1.3618487e+00
   1.8731053e-01  -8.1636595e-01
   3.1644754e-01  -7.2643287e-01
   7.3522835e-01  -2.7956280e-01
   7.3422882e-01  -1.9961318e+00
  -4.2122794e-01   9.7026328e-02
  -1.4804682e+00   6.1816998e-01
  -3.5660522e+00   7.6582764e-01
   2.0280212e-01  -1.0823494e+00
  -1.0431508e+00   3.8439905e-01
  -1.3212655e+00   1.7723745e+00
  -3.0787476e-01   3.0359752e-01
   6.0661352e-01   2.6327451e-01
  -9.8270728e-01   1.0242805e+00
  -2.5854030e-03  -7.4735434e-01
   5.0015929e-01   1.0217735e-01
   7.0137003e-01  -2.2557128e+00
  -1.3614619e+00   5.7142098e-01
  -2.4336552e-01   4.1605448e-01
   1.7402354e+00  -2.5215667e+00
   7.1200634e-01   2.2888462e-02
   5.6141631e-01  -9.7904847e-02
  -1.4461260e+00   4.5785020e-01
  -2.4169543e-01  -1.1165214e+00
  -2.9366135e-01   1.2777708e+00
   1.2349914e+00  -4.0937794e-01
   2.3464017e+00  -2.1173761e-01
  -1.3326913e-01   9.7593778e-01
  -4.9870466e-01  -8.4820485e-01
  -9.3793223e-01   8.8883651e-01
  -1.1437794e+00   1.5050623e-01
  -6.8564861e-01  -1.7928443e-01
  -3.0920401e-02   2.1880491e-01
   1.4224713e+00   4.3937588e-01
  -1.8831350e+00   1.5781969e+00
   3.1033858e-02   3.4135092e-01
  -7.3519203e-01   1.2260403e+00
   8.8156448e-01   5.0825346e-01
  -3.4156445e-01   1.0040119e+00
   5.7265030e-01  -1.5428964e+00
  -8.9543694e-01   8.4254514e-01
  -5.1338691e-02  -3.0555150e-01
   6.2301432e-01   8.6692592e-01
   4.5047017e-01   2.1679561e-01
   8.3446582e-01   6.4765600e-01
  -4.5725924e-01   5.8122043e-01
   4.0669250e-02  -1.0007098e+00
  -6.2074691e-01   1.0890049e-01
  -1.6688990e-01   1.1190033e+00
   2.8151406e-01   3.7517853e-02
  -3.5332986e-01  -6.6925525e-01
   1.5701018e+00   1.8275543e-01
   4.3700912e-01  -3.6955601e-01
  -7.1480925e-01   1.2442732e+00
  -7.8221159e-01  -2.1401615e-01
   1.5502490e-01   5.9560668e-01
   6.6188404e-01   2.0076673e-01
  -5.8223807e-01   1.0368080e+00
  -1.0506917e+00   5.3593553e-01
  -2.5155441e-01   3.8108901e-01
   2.5946866e+00  -1.1873093e+00
  -1.6565278e+00   1.4060041e+00
  -6.9585957e-01   1.4500912e+00
  -2.4092567e-01   4.5851878e-01
  -1.1789308e+00   6.3776216e-01
   2.9865110e-01   2.1431030e-01
   1.9475063e-01   1.2675739e+00
   1.1430826e+00  -2.2942612e-01
  -9.5911643e-01   3.2483852e-01
  -3.7545719e-01  -6.9621580e-01
   4.6431014e-01  -1.4286037e+00
  -1.1984443e+00   1.7098279e-01
   1.6901096e-01  -1.1537948e+00
  -4.4433995e-01  -2.6343999e-01
  -4.0200020e-01  -3.9461413e-01
  -9.1231050e-01   5.7432606e-01
   5.6251683e-01   4.7423634e-01
   6.5712016e-01  -1.7681591e+00
   6.3516426e-01  -7.9066399e-01
   1.1017044e+00  -2.2576150e+00
   6.1935532e-01  -9.7863378e-01
   1.1557040e+00  -1.1134541e-01
   7.2310796e-01  -2.4317280e+00
   9.7759960e-01  -1.2265679e+00
   9.3658176e-01   5.0140788e-01
   6.3864216e-02   5.9512225e-01
  -6.0246857e-01   1.1770262e+00
   4.1467206e-02   3.2521017e-01
  -6.9888793e-01  -6.7244520e-01
  -4.0445894e-01   4.4844587e-01
  -3.5375677e-01   7.4428162e-01
   3.8994233e-02   7.0120985e-01
  -6.1482180e-01  -1.1263574e+00
  -1.2709543e-01   3.8059565e-01
  -2.1480221e-01   6.7036801e-01
   6.3260739e-01  -1.0729002e+00
  -1.5520127e+00   1.2249267e+00
  -1.4320940e+00  -4.3837417e-01
  -1.2506800e+00   6.6700769e-02
   7.0229790e-01   2.2942079e-01
   2.4829207e-01  -2.3518048e-01
  -5.0035825e-01   1.2561613e+00
  -1.5325064e+00   8.4778909e-02
  -1.2641950e+00  -6.8940913e-01
  -1.2179860e+00   1.5053352e+00
   1.0108582e+00  -4.1950985e-01
   1.9925612e+00  -2.4803553e+00
  -5.6072484e-02  -1.9332194e+00
   3.7826469e-01   4.0303917e-01
   8.6398355e-01  -2.2550109e+00
   1.6889243e+00  -5.1533028e-01
   6.9307474e-01   3.7111186e-02
  -1.0132049e+00   8.5900717e-01
   1.6340606e+00  -2.1150879e+00
   2.6326025e-01  -5.4393806e-02
  -1.0900234e+00   1.1470238e+00
   8.8822686e-01  -2.0396456e+00
   1.4615480e+00  -3.0005526e-01
  -1.8513186e+00   1.1606355e+00
   3.9604506e-01  -1.4936701e+00
  -1.3499376e+00  -3.9328747e-01
  -3.5280405e-01  -6.8687601e-01
   1.2437718e+00   4.2841726e-01
  -5.8122503e-01   1.2702252e+00
   4.9872230e-01   5.6149037e-01
   1.4627851e+00  -2.2766110e+00
  -1.0960280e+00   7.3712468e-01
   3.4835659e-01   7.0466502e-01
   4.4342152e-02   8.1868021e-01
  -1.1685680e+00  -3.6455722e-01
  -1.7910540e-01   1.5597417e-01
   9.6836478e-01   4.4540164e-01
   6.8109064e-01  -4.8118425e-01
  -3.4332475e-01   4.3516953e-01
  -1.8429299e-01   1.3532630e+00
   4.9288380e-02   3.0007006e-01
   1.2310960e+00  -8.0501327e-02
   1.3071558e+00   3.2182611e-01
   1.3679888e+00  -1.3068496e+00
  -1.0695865e+00  -7.5223736e-01
   2.1006938e+00  -1.8972542e+00
  -1.7174167e+00   1.4102699e+00
  -8.2013947e-01   6.0447430e-01
   6.0137317e-01   3.9942881e-01
  -4.1729701e-02   1.4181602e+00
   7.5887942e-01  -7.1061038e-01
  -8.7011922e-01   2.4627202e-01
   2.4586635e-01  -1.4934016e+00
  -9.9832569e-02   1.2641655e+00
  -2.2290148e-01   1.0100548e+00
   4.9575949e-02   2.8850895e-01
   8.3364035e-01  -1.0666396e+00
   1.4741816e+00  -1.4798743e+00
  -4.7023414e-01  -7.9703896e-01
  -1.2410546e+00  -7.9801964e-02
   8.0145567e-01  -1.3712456e+00
   5.2795984e-01  -4.5438681e-01
  -9.5078631e-01  -5.3978799e-01
   2.9059771e-01   7.9881752e-03
  -5.2984884e-01   3.6096532e-01
   2.1419129e+00  -3.3043737e-01
  -2.2253626e-01  -3.1816056e-01
  -9.4576696e-01   8.7229534e-01
  -4.5585679e-01   9.4195009e-01
   9.2261003e-01   9.5132799e-01
  -1.7527562e+00  -1.6749174e-01
  -8.6772646e-01  -1.1229249e-01
   9.8919573e-01   1.0821375e+00
  -1.5663361e-01   8.6906296e-01
   7.0924103e-01  -1.6187108e+00
   2.5124188e-01   9.6525894e-01
   5.2229926e-01   3.9182410e-01
   3.0835407e+00  -1.1629910e+00
  -3.2021347e+00   5.9247145e-01
   1.2855864e+00   4.9297505e-01
  -2.8442583e-02  -1.5663574e+00
  -1.9911002e-01   1.3569843e+00
   4.9324815e-01  -4.7445242e-01
  -1.3047212e+00  -7.1369215e-01
   8.6264281e-01  -8.0740043e-01
   8.3897783e-01  -1.7353299e+00
   1.1914930e+00  -2.8891856e-01
  -8.5165854e-01  -7.9039987e-01
  -1.1837500e+00  -3.0793216e-01
  -1.1466775e+00   1.1138796e+00
  -3.2109129e-01   8.2480050e-01
   5.7861210e-01  -1.2795862e+00
   1.6216348e+00  -2.6739059e+00
  -3.0006024e-01   1.3011241e-01
   4.4727279e-02   6.7342079e-01
  -1.6813925e+00   2.5169279e-01
  -5.3822393e-01   6.1029399e-01
   1.3350648e+00  -9.9977924e-02
   5.2080909e-01   1.7959208e-01
   1.3561861e-01   5.3647655e-01
   4.7941315e-01  -1.7945688e+00
   9.8136242e-02   4.5576174e-01
   2.9679536e-01   6.5309906e-01
   2.9739266e-02   8.5134956e-02
  -5.9101012e-01   4.7109508e-01
   8.5028279e-01   4.9134954e-01
  -2.5627382e-01   4.2685296e-01
   7.3624018e-02   8.8958840e-01
  -9.8985111e-01   9.6667921e-01
   9.4018107e-01   1.0605699e+00
  -2.1497269e-01   1.0339023e+00
   1.0344629e+00  -3.2421682e-01
   1.2240001e+00  -2.2984306e+00
   5.6672051e-01  -5.4597859e-02
   7.4702968e-01   7.7987155e-01
  -5.2864538e-01   4.0038615e-01
  -2.1679357e+00   1.8702651e+00
   6.9412650e-01   6.4627374e-01
  -7.2819138e-01   1.3978622e+00
   1.5157865e-01   7.7980954e-01
  -1.3488763e-03  -1.1029636e+00
  -9.1266487e-01   1.9247088e-01
   1.3098653e+00   6.4294597e-01
   5.2597492e-01  -1.6158096e+00
  -3.9773722e-01   8.4292187e-01
  -1.6058579e+00  -1.0666704e-01
   3.9601157e-02   7.2517361e-01
  -8.5787047e-01   1.2639131e+00
   3.9453283e-01  -1.2839348e+00
   9.4413155e-01  -8.4193298e-02
   1.9683434e-01  -1.2875517e+00
   1.3640528e+00  -1.9276789e+00
   1.4565810e+00  -1.9148598e+00
   1.7377642e+00  -2.0657530e+00
  -2.4942421e-02   6.9071829e-01
   1.9022115e+00  -3.1180873e+00
  -4.6616733e-01   5.7205549e-01
  -3.5883273e-01   1.1894586e+00
  -1.8331935e+00   1.7386007e+00
   1.2355727e+00  -1.8014294e+00
  -6.7596289e-01  -1.4743667e+00
  -8.1081730e-01   1.0515913e+00
   7.2116359e-01  -1.2830724e+00
  -8.9693049e-01  -1.2191867e-01
   6.5597484e-01  -3.9737051e-01
   8.1302596e-01   3.9033485e-02
   1.2272383e+00  -2.0765313e+00
  -1.5351590e+00   1.2175770e+00
  -5.3642043e-01   1.5626483e+00
   1.2866755e-01   6.6774192e-02
  -1.8630078e+00  -2.2183110e-03
   8.5121127e-01  -1.1416492e+00
  -1.7833270e-01   1.1106289e+00
   3.1034684e-01  -1.3488395e-01
   2.9137176e-01  -8.4438759e-01
  -1.1652982e+00   1.4629127e+00
  -1.6668722e+00   1.4019206e+00
   9.8504816e-02  -1.1023373e+00
   1.3359384e-01  -1.4179846e+00
  -1.7079695e-01  -5.4056083e-01
   8.6079267e-02   4.8271308e-01
   1.8972340e+00  -8.4806630e-01
   1.6585963e+00  -2.3833689e+00
  -3.5200620e-01   9.2508228e-01
   8.1369525e-02  -1.7577089e+00
  -6.7387362e-01   3.9363504e-01
   7.6580846e-01  -2.1112465e+00
  -1.2861474e+00   1.0044531e+00
   8.6471936e-01  -1.6268413e+00
  -4.1298815e-01  -8.3859171e-02
  -2.7015368e+00   3.9033340e-01
   1.5598505e-01  -1.5237542e+00
  -4.0965587e-02  -4.0122563e-01
   3.5727785e-01   4.4621869e-01
   2.2198696e+00  -1.7827992e-01
  -9.1113118e-01   1.3063285e+00
   8.5906202e-01  -1.8960009e+00
   1.4731093e+00  -1.0458098e-01
   4.4350818e-01  -1.7275282e+00
  -5.8376351e-01  -1.6819380e+00
   8.1902881e-01   1.8883118e-01
  -4.6285043e-01  -1.4324860e-01
  -1.7485780e+00  -2.1582365e-01
  -2.9289268e-01  -4.2712167e-01
   1.5529722e-01   4.2082220e-01
   9.6862565e-01  -3.2763253e-01
  -9.9799434e-02   1.3857381e-01
   7.0055730e-01   5.8594460e-01
  -9.1185682e-01   1.3414250e+00
   4.8771147e-01  -1.4668067e+00
   5.1987680e-01  -4.9899568e-01
  -2.9832803e-01   5.6198468e-01
   3.0102875e+00  -4.1210207e+00
  -8.9689944e-01   7.6048328e-01
  -1.1304048e+00  -2.5552648e-01
   1.8781151e-01   5.4781315e-02
  -4.6983667e-01   8.7305938e-01
  -1.2999316e+00  -3.6664826e-01
   3.8076114e-01  -1.2752570e+00
  -1.4355681e+00   1.2353201e+00
  -3.7429959e-01   1.1288603e+00
  -2.5693595e+00   7.3554477e-01
  -7.9777403e-01   9.9289726e-01
  -4.3435152e-01   6.4284862e-01
   9.0017715e-01   3.1910205e-01
  -1.5043853e+00   1.2858690e+00
  -5.3248764e-01   1.4577340e+00
   3.3466390e-01  -9.1539402e-01
  -1.2907004e+00   9.9244054e-01
   6.0600071e-02   1.4361509e+00
  -2.4343358e-01  -5.7593103e-01
   8.2957722e-01  -1.4725411e+00
   2.5127219e-01   3.4110711e-01
  -9.8144338e-01   1.1226554e+00
   2.4391520e-01   1.0594313e+00
  -2.4189426e-01  -7.5279785e-02
   1.1076220e+00   2.3786772e-01
   1.2959778e+00  -3.1678338e-01
  -3.9056723e-01   1.3377344e+00
  -9.6924378e-02   1.0396873e+00
  -1.7259226e+00   1.8362832e+00
   1.1872641e-01   5.0833751e-01
   9.0761671e-01   5.7382855e-01
   2.1810737e-01  -1.4729852e+00
  -6.3107659e-02   1.1575152e+00
  -7.4450221e-01   9.6034088e-01
   2.5920520e-01  -2.2519047e-01
   2.1654140e+00  -3.4663606e-01
  -2.1010420e+00  -2.5396937e-01
  -1.4199035e-01   8.5029928e-01
   3.8493532e-01   1.0203576e+00
   1.5518959e-01   1.1881685e+00
   2.3536586e+00  -1.4048821e+00
   3.0404540e-01   9.1107702e-01
   1.0690904e+00  -1.3533246e+00
  -8.8195108e-01   1.5758651e+00
   5.2376187e-01  -5.5199367e-01
  -1.1487288e+00   8.1259520e-01
   2.4438378e-01   8.8013498e-01
   1.6641682e+00  -1.8884162e-01
   2.2889771e-01   5.6665474e-01
  -5.6406150e-01  -1.1605776e+00
   1.4241897e+00  -1.4966477e-01
  -4.7261355e-01   4.5138374e-01
  -1.1100532e-01   8.0875466e-01
  -2.8129117e-01  -3.1843395e-03
   8.7079939e-01   4.2652835e-01
   6.1396459e-01   9.8690776e-01
  -1.2702347e+00  -4.2781013e-01
  -2.5486660e-01   4.0296742e-01
   5.6911724e-01  -2.4809974e+00
   1.1846345e+00  -4.1191412e-02
  -3.1242471e-01   7.5709837e-01
   1.2219567e+00  -3.8233556e-02
  -8.4884618e-01  -6.9265904e-01
  -2.6672683e-01   7.2917027e-02
  -8.8590657e-01   1.2413595e+00
  -9.1790075e-01  -3.6868766e-01
  -1.7142354e+00   6.6631515e-01
   1.0136865e+00   3.7477349e-01
   1.4721030e+00   1.0044036e+00
  -5.8279484e-01  -9.6524031e-01
  -2.2251611e+00   1.3633699e+00
  -1.4593072e+00   8.0791270e-01
  -1.7833156e-01   2.3089252e-01
  -1.3829324e-01   8.6559804e-01
  -2.6784039e-01   8.7912907e-01
  -3.5691699e-01   1.0851436e+00
  -1.8212898e-01  -2.8963046e-01
   3.4450904e-01   8.3915190e-01
  -5.7493588e-01  -4.8093430e-01
  -3.3675140e-01  -9.5668712e-01
   1.6801853e+00  -6.8177419e-01
  -6.4522014e-01  -9.8102720e-01
  -1.9944708e+00   1.5437016e+00
  -1.5053676e-01  -8.5936704e-01
  -2.4697942e-01   6.7872104e-01
  -1.5780915e+00   1.9422040e+00
   3.2779006e-01   1.4498848e+00
   6.5414319e-01   8.4909988e-01
  -8.9070767e-01   1.0133853e+00
   7.7234467e-01   3.4713964e-01
  -1.1597915e-01  -8.9986956e-01
  -8.6562493e-01   8.6016049e-01
  -1.6054643e+00   4.0671586e-01
  -2.1934297e+00  -2.0087500e-02
   1.9167603e+00  -3.6156570e-01
  -8.1520615e-01   1.2796574e+00
  -7.7344880e-01  -7.5463283e-01
  -4.6478114e-01   1.6111420e+00
  -9.4487218e-01   1.2327254e+00
  -8.6339532e-01   7.3403024e-01
  -7.4571710e-01  -1.1640176e-01
  -2.5766693e-01  -1.3780392e+00
  -9.1893951e-01   1.6396420e-01
  -6.3763920e-01   1.3578887e+00
   2.2797384e+00  -4.7744859e-01
  -5.9568973e-01   1.2898712e+00
   1.1012352e+00   2.2761546e-01
   1.3574109e+00  -1.7171770e+00
   1.9687745e+00  -8.4092249e-03
   1.7484599e-01  -1.2328783e+00
   1.3224080e+00  -1.6307627e-01
  -4.7140506e-01   1.4500314e+00
   1.4779401e+00  -2.3145984e+00
