   5.2280204e-02   1.8126827e-01
   3.2467160e-01  -9.2052475e-01
  -3.4396128e-03  -6.2523756e-02
  -5.4276104e-01   7.9487025e-01
   6.5292235e-01  -6.5716142e-01
  -4.8200122e-01   6.9461985e-01
   6.6566719e-01  -4.1864187e-01
   4.1131414e-01  -8.9450609e-01
  -2.4704784e-01   6.7009043e-02
  -7.1524941e-01   6.8652954e-01
  -5.8889906e-01   4.2489482e-01
   1.6629955e+00  -1.2480904e+00
   1.2219555e+00  -1.4695392e+00
  -2.0684083e-01  -2.1369245e-01
   1.0411277e+00  -1.0345230e+00
   6.4728261e-01  -7.1778287e-01
  -2.0525997e+00   2.5265090e+00
   6.0745858e-01  -4.6452440e-01
  -1.0632516e+00   1.0979838e+00
   3.6128595e-01  -2.7286067e-01
  -9.6965931e-01   6.6619190e-01
  -7.8968989e-01   8.9016795e-01
  -1.3607899e-02   3.5250589e-02
  -3.6955829e-01   7.7648056e-01
   4.1565175e-01  -4.5207466e-01
   1.1612971e+00  -8.8322926e-01
  -4.8291477e-01   8.4636014e-01
   9.0591006e-01  -4.5250709e-01
   3.3292609e-01  -5.0795043e-01
  -8.8414227e-01   9.5964407e-01
   3.6334038e-01  -9.2595460e-01
   1.0092931e+00  -1.1823254e+00
  -1.2916259e-01  -4.0099370e-01
   1.0321637e+00  -8.8840614e-01
   6.8372392e-01  -4.0277047e-01
  -5.0916960e-01   5.5887551e-01
   9.3550234e-01  -1.4595524e+00
  -7.9710806e-02   2.6348856e-01
   5.1755279e-04  -3.8193392e-02
  -1.0475634e-01  -8.4138599e-02
  -2.9483561e-02  -2.3006348e-01
  -1.8651789e+00   1.8931834e+00
   1.4725135e+00  -1.3447491e+00
   2.2704586e-02  -1.8880179e-01
  -4.7730971e-01   4.3192237e-01
  -4.2800853e-02  -4.2649689e-01
  -5.8243519e-01   4.9325976e-01
  -1.4001972e+00   1.2454273e+00
  -1.3428828e-01   6.2229508e-02
  -7.6397703e-01   8.6745144e-01
  -6.1993683e-01   4.6208117e-01
   4.1905469e-01  -7.9019875e-01
   4.0738451e-01  -7.1781312e-01
  -8.8985343e-01   1.1390430e+00
   9.2906907e-01  -1.2139202e+00
   9.1640090e-01  -1.2125671e+00
   1.2794695e+00  -1.2465163e+00
   1.0092727e+00  -1.0859909e+00
  -1.3113263e+00   1.4464143e+00
  -2.9528762e-01   3.5056402e-02
   1.3001129e+00  -1.2863394e+00
   9.7544808e-01  -1.1577935e+00
   1.9779292e+00  -1.2563211e+00
  -1.0027774e+00   9.0815033e-01
   7.8533005e-01  -1.0341618e+00
  -1.6077146e-01  -1.9142317e-02
   9.1420850e-01  -1.1055365e+00
  -8.7447168e-01   1.0925828e+00
  -1.7633849e+00   2.1836228e+00
  -5.1662906e-01   4.3190655e-01
  -7.0933428e-01   5.3558728e-01
  -4.2469804e-01   5.4200455e-01
   9.8190006e-02  -1.6092180e-01
  -5.7686213e-01   6.7124381e-01
  -1.7415291e+00   1.4421646e+00
  -2.1817749e+00   2.7195433e+00
   6.0114094e-01  -7.8335046e-01
   8.5118731e-01  -4.2354882e-01
   2.4429011e+00  -2.3338177e+00
  -7.7619993e-01   8.6455008e-01
  -2.3416006e+00   2.8907111e+00
   3.2815006e-02  -3.7584287e-01
   7.3297209e-01  -8.7889060e-01
   2.5982438e-01  -8.2210460e-01
  -2.9339657e-01   1.0957933e-01
   1.9857030e-01  -7.9413600e-01
  -2.3970089e-01   1.3387325e-01
   1.5390235e+00  -1.1857682e+00
  -1.3233519e+00   1.1316383e+00
  -1.5809848e+00   1.6077954e+00
  -4.1970168e-01   6.2808391e-01
  -1.4265634e+00   1.5250181e+00
  -7.1949950e-01   7.7122152e-01
   1.4691549e+00  -1.3397504e+00
  -7.4775030e-01   1.1590450e+00
  -3.9229237e-01   5.6392520e-01
   8.9606227e-01  -1.1168789e+00
  -7.1686075e-01   3.8910815e-01
   7.1264387e-01  -4.3670618e-01
   1.9118965e+00  -1.2426241e+00
  -8.4854274e-01   9.6919212e-01
   5.8206539e-01  -6.9059317e-01
  -2.0826483e-01   5.2407234e-01
   1.1047387e+00  -1.5129104e+00
   9.0557136e-01  -1.1068019e+00
   4.4490597e-01  -2.9853384e-01
  -1.0597872e-01   1.0408984e-01
   1.1337007e+00  -1.0101057e+00
   3.1285549e-01  -2.3267645e-01
   2.7110160e+00  -2.1965698e+00
   5.3193982e-01  -1.5768498e-01
   7.3250202e-01  -7.5899522e-01
   2.6007468e-01  -1.3088113e-01
   6.6621334e-01  -9.4284654e-01
   1.7541876e-01  -4.5710733e-02
  -1.7231223e+00   1.9281548e+00
   7.9754974e-02  -3.9080211e-01
  -1.0601249e+00   8.6034395e-01
  -5.1232393e-01   6.2077667e-01
  -8.6904994e-01   1.0904901e+00
  -1.0804055e+00   8.1558852e-01
  -5.4326543e-01   3.0614145e-01
   2.0197553e+00  -2.1868002e+00
   9.9441460e-01  -1.0522941e+00
   6.3096437e-02   6.6652035e-02
   2.9954031e-01  -4.0040434e-01
   5.0924653e-01  -5.6765200e-01
  -9.5851886e-01   1.1514386e+00
  -5.0700142e-02  -1.1580130e-01
   1.0225629e-01  -5.2822226e-01
  -1.6178485e-02   1.1891741e-01
   2.2080468e-01  -1.9525373e-01
   2.6376706e-01  -3.1848881e-01
   3.8268981e-01  -5.4591774e-01
  -4.7386479e-01   4.8054935e-01
   2.3855280e-01  -4.1392012e-01
   9.0656705e-02  -4.3944058e-01
   1.6971070e+00  -9.9987139e-01
   9.9327911e-01  -1.2387858e+00
  -2.5064971e-01   3.7789000e-02
  -1.4187392e+00   1.3718294e+00
   3.6785489e-01  -4.6035965e-01
   1.0219675e+00  -1.1605327e+00
  -9.7872093e-01   6.9968696e-01
   2.6962698e-01  -2.9149921e-01
  -1.5142520e+00   1.5725377e+00
   6.6503708e-01  -7.3013667e-01
   6.5142615e-01  -6.8579226e-01
   4.0837023e-01  -9.3059217e-01
  -1.0512861e+00   1.5758413e+00
   1.4281332e-01  -4.6671999e-01
  -7.4959809e-01   6.7133906e-01
  -5.9382880e-02  -2.1949703e-01
   2.5347149e+00  -2.4024089e+00
   6.2253487e-01  -4.2809603e-01
   1.2778467e+00  -1.1228186e+00
   7.9269236e-01  -8.1352476e-01
   2.6061096e-01  -5.2273639e-01
  -1.3311808e+00   1.5739502e+00
   3.5764147e-01  -7.8351469e-01
  -2.3983015e+00   3.0170567e+00
  -7.0690462e-01   6.3596865e-01
   1.1086438e+00  -1.1807541e+00
   9.1448503e-02  -3.6720578e-01
  -4.8275464e-01   2.5419328e-02
  -8.3631082e-01   1.2162809e+00
  -1.7112595e+00   1.7889698e+00
   2.0211559e+00  -2.1150573e+00
   1.4321373e+00  -1.0686837e+00
  -1.6273781e+00   1.7148084e+00
  -1.7780108e+00   2.1884679e+00
  -4.4586810e-01   1.3549089e-01
   3.0927665e-01  -2.4884802e-01
   1.8440294e-01  -5.7160924e-01
   7.3064925e-01  -5.0703004e-01
  -1.3857727e-03   6.2393029e-02
  -1.7659133e+00   2.1589532e+00
  -1.3025683e+00   1.0590635e+00
   1.2092524e+00  -9.7124853e-01
  -2.1132571e-02  -2.8722866e-01
   7.5273213e-01  -9.6357333e-01
   1.0167493e+00  -1.1612857e+00
  -5.5256879e-01   6.9682677e-01
   3.2293586e-01  -1.3858802e-01
  -1.7069092e-01  -1.7513893e-01
  -8.9561910e-01   1.1276049e+00
  -1.7087413e-01   2.5085062e-01
   2.9348039e-02  -1.0845774e-01
  -1.1909727e+00   1.0554979e+00
  -1.0063018e+00   8.6499169e-01
  -3.7496000e-01   5.4998159e-01
  -2.3964978e-02   3.0722121e-01
   1.2667622e+00  -1.2187681e+00
  -2.1771559e+00   2.6530309e+00
   2.2519933e-02   5.9032028e-01
   1.9737424e+00  -1.8919056e+00
   1.1595506e+00  -1.0813684e+00
  -4.0252331e-01   4.7195750e-01
   1.1861438e+00  -8.5292440e-01
  -1.3573899e+00   1.0160603e+00
   1.4005872e+00  -1.4561867e+00
   1.7900111e-01  -1.3957082e-01
   1.4562574e+00  -1.4884789e+00
  -3.9461031e-01   1.6052856e-01
  -6.4133218e-01   5.6724296e-01
   3.7292940e-01  -7.6131992e-01
   1.4748042e+00  -1.7088435e+00
  -1.4164842e-01   3.3423781e-01
  -2.2634912e-01   1.7415569e-01
   1.0902216e+00  -1.2571937e+00
   1.2835541e+00  -1.2551239e+00
  -9.2258624e-01   1.1644929e+00
   5.9236098e-01  -8.7049578e-01
  -5.7368138e-01   8.7170160e-01
   1.3362164e+00  -1.6332414e+00
  -6.7860259e-01   6.1368678e-01
  -2.4534510e-01   1.3874126e-01
   7.5150171e-02   3.9269407e-03
  -5.5310584e-01   2.2518110e-01
  -9.7455374e-02   3.9841507e-01
  -1.5654676e+00   1.0885620e+00
   1.7340274e+00  -1.5515150e+00
   1.4022589e+00  -1.5274795e+00
   8.8567294e-01  -1.3283497e+00
   1.6678583e+00  -2.1642271e+00
   2.6210274e-01  -1.8923894e-01
  -2.7494033e+00   3.2001860e+00
   2.4113772e-01  -3.0014706e-01
   1.6912060e+00  -1.3462836e+00
  -1.1011306e+00   1.2653661e+00
  -5.6594653e-01   2.5492735e-01
  -6.7761965e-02   2.6005660e-01
  -1.1321930e+00   1.4597425e+00
  -6.0792597e-01   3.6155666e-01
   8.3140056e-01  -3.5680402e-01
  -2.2277339e+00   2.3907467e+00
   1.5437889e-01  -1.6036048e-02
   1.3042878e+00  -1.4417474e+00
   2.8133693e+00  -2.4893040e+00
  -1.2591122e+00   1.2872116e+00
   9.5015610e-01  -8.9221756e-01
   2.9716936e-01  -3.7028228e-01
   1.1201111e+00  -1.3807694e+00
  -4.5479867e-01   1.9248798e-01
   3.0699617e-01  -4.3453986e-01
  -4.9295198e-01  -6.5525459e-03
  -2.7822303e+00   2.6191616e+00
   2.8969696e+00  -2.5340000e+00
   1.0622999e-01  -3.7753136e-01
  -5.0717966e-01   5.0650492e-01
  -1.1519806e+00   1.2504171e+00
   1.0233331e+00  -1.3149444e+00
  -1.8516005e+00   2.0721002e+00
   6.3988253e-01  -7.4325277e-01
  -1.0464283e+00   1.4299858e+00
  -3.7068938e-01   4.8625297e-01
  -4.9397043e-01   4.5475625e-01
   7.7327585e-02   2.1712007e-02
  -8.8364168e-02   2.5631510e-01
  -9.9715598e-01   8.4205135e-01
  -3.8937512e-01  -1.6608898e-01
  -7.9843930e-03   4.9733102e-01
   1.0035223e-02  -1.0805946e-01
  -1.0127135e+00   1.2789308e+00
  -1.6606139e+00   2.3070165e+00
  -1.7490425e+00   2.0420801e+00
   7.1715166e-01  -3.7712204e-01
   4.7850084e-01  -7.7796240e-01
  -3.0715090e-01   3.0128018e-01
   1.7142814e+00  -1.4284106e+00
   3.1312567e-01  -3.6860216e-01
  -1.3137773e-01   3.3259052e-01
   1.4594931e+00  -1.2460117e+00
  -5.7169006e-01   4.3076023e-01
  -1.1930648e-01  -1.7113500e-01
  -1.5881248e+00   1.9431680e+00
  -5.6576891e-01   8.7831977e-01
   1.6878494e+00  -1.7596049e+00
   4.5142685e-02  -5.7813226e-01
   1.7421369e+00  -1.6932240e+00
   5.8860951e-01  -4.1091354e-01
  -1.9441015e+00   1.9619377e+00
   7.1625512e-01  -4.7535594e-01
  -4.4196254e-01   2.0122593e-01
   3.7517021e-01  -2.6731595e-01
  -5.6812310e-02   5.8254475e-02
   1.1533856e-01  -3.6610908e-01
   6.0251005e-01  -3.4939632e-01
   3.3567050e-01  -1.8488312e-01
   1.4268510e-02   7.3763523e-02
   7.2609402e-01  -5.7137757e-01
  -3.2814259e-01  -3.2040201e-02
   7.0894827e-01  -5.0745854e-01
  -7.1700853e-01   1.0848072e+00
   1.3814118e+00  -8.4285976e-01
   1.9035591e+00  -1.8070666e+00
   3.1187990e-01  -1.0209295e-01
  -1.2761832e+00   1.1247732e+00
   5.1521707e-01  -1.7024614e-01
  -1.8274831e+00   2.1937755e+00
  -2.1104590e+00   2.3563780e+00
   7.3415704e-01  -4.6751109e-01
   5.1841248e-01  -7.4368022e-01
  -8.3573246e-04   1.3366290e-01
   1.1886860e-01  -5.1527660e-01
  -4.9581938e-01   2.3992976e-01
   1.7120937e+00  -1.7489942e+00
   6.9627268e-02  -6.1830560e-02
  -8.4414497e-01   2.9788366e-01
   1.9845777e+00  -1.7846334e+00
  -4.8635162e-01   3.5370040e-01
   7.2096825e-01  -5.1671933e-01
   1.1161082e-01  -4.1289941e-01
   2.6675363e-02   7.1980920e-02
  -7.5116183e-01   8.3861979e-01
  -7.4702046e-02  -5.0709276e-02
   2.0136194e-01  -9.8862259e-01
  -9.8129554e-01   1.2242117e+00
   4.4429738e-01  -3.4607733e-01
  -9.7821093e-01   7.3438537e-01
  -6.2219807e-01   4.8321159e-01
  -2.1955102e-01   2.2530022e-01
  -1.3926668e-01  -1.1162289e-01
   2.3327521e+00  -1.9136110e+00
  -1.0026907e+00   1.3370381e+00
  -9.7919556e-01   1.3092357e+00
  -4.8781505e-01   7.9334951e-01
   1.2705169e+00  -1.2782436e+00
   7.0550357e-02  -1.0732028e-01
   1.6268777e+00  -1.7183020e+00
   1.1328566e-01  -6.1731456e-01
   2.2313690e+00  -1.8187224e+00
   2.3795734e+00  -2.1649126e+00
  -1.5977342e+00   1.8970473e+00
  -1.5672569e+00   1.8005201e+00
  -5.2021076e-01   7.9543736e-01
   1.1337964e+00  -1.0841184e+00
  -9.5915144e-01   1.3191483e+00
  -1.3203101e+00   2.0151541e+00
   1.2349417e-01  -1.3316177e-01
   2.4658348e-01  -1.8223307e-01
  -8.1389159e-01   1.2764920e+00
   6.6652783e-01  -7.9193494e-01
  -1.2704048e+00   1.1655172e+00
   7.1453162e-01  -4.3612836e-01
   1.2639743e-01  -3.0127200e-01
  -1.2782194e+00   1.2932611e+00
   5.6206282e-02   1.0873900e-01
   4.6126674e-01  -5.7004214e-01
  -1.3971923e+00   1.6654340e+00
   1.8703387e+00  -1.3507190e+00
   4.3092988e-01  -6.5437135e-01
   7.5919137e-01  -6.2880482e-01
   2.9477846e-01  -2.4758607e-01
   6.6525651e-01  -8.1203757e-01
   1.1328943e+00  -7.4995761e-01
   1.5561678e+00  -1.6567074e+00
   1.0040099e+00  -1.0511817e+00
  -4.8289456e-01   9.1162022e-01
   4.3676520e-01  -1.6625696e-01
  -4.6950882e-01   6.8763924e-01
  -1.2618744e+00   1.1522390e+00
  -8.8555705e-01   1.0308477e+00
   1.1872306e+00  -1.3496246e+00
  -3.8839917e-01   2.0739356e-01
   1.7961259e-01  -2.4914748e-01
   1.2101732e+00  -1.1775051e+00
   1.0245641e+00  -1.2507714e+00
   1.5157200e+00  -9.9667431e-01
  -1.3293337e+00   1.3306734e+00
   6.8334105e-01  -6.3605019e-01
  -1.0445905e+00   1.0449288e+00
  -8.5533311e-01   1.1316977e+00
  -3.2765549e-01  -8.5433938e-02
   7.2528785e-01  -5.7860444e-01
  -9.6652589e-01   1.4854135e+00
  -1.6559666e-01  -1.8187147e-01
   6.2706073e-02  -3.5009818e-02
  -1.2354287e+00   1.1809824e+00
  -1.0513611e+00   1.0656151e+00
   1.3133925e-01   1.2667212e-01
   6.2609044e-01  -9.3733327e-01
  -3.6593764e-01   9.9931300e-02
  -5.1372395e-01   2.4567211e-01
   9.9656243e-01  -8.0370468e-01
  -1.4681251e+00   1.7954703e+00
  -5.8200639e-01   2.2198500e-01
   1.5260516e+00  -1.8457107e+00
  -1.1134930e+00   1.2595852e+00
   1.1883825e+00  -1.3330453e+00
  -3.4568203e-01   6.6601087e-02
   5.6238362e-01  -2.1626411e-01
   1.8673953e+00  -1.3149956e+00
  -1.1877039e+00   1.3242408e+00
  -5.2513932e-01   4.5870702e-01
   3.2340596e-02  -1.2324248e-01
  -1.4195408e+00   1.3091005e+00
   5.3710933e-01   2.6490734e-01
   3.6249374e-01  -6.7184656e-01
  -1.0462128e+00   1.2139298e+00
  -4.3417888e-01   9.9487191e-01
  -1.8012053e+00   1.7392057e+00
   3.2593124e-01  -3.9108049e-01
  -1.4388652e+00   1.3799544e+00
  -6.3897449e-01   8.6429716e-01
   6.0805768e-01  -8.6070440e-01
   6.8324446e-01  -5.0821642e-01
  -2.6065629e-02   1.6476692e-01
   1.0730835e+00  -1.1410145e+00
   3.6524361e-01  -5.3677985e-01
  -1.3039043e-01   4.3140392e-02
   9.6473038e-01  -1.2655598e+00
   8.4198780e-02  -1.7325239e-01
  -3.2012989e-01   3.6845943e-01
  -1.1491301e+00   1.3398751e+00
  -7.6339417e-01   7.7752126e-01
  -1.2783241e+00   1.5612083e+00
  -5.1031999e-01   5.3688837e-01
   1.0609336e+00  -1.2084815e+00
  -1.0608493e+00   1.3354525e+00
   3.5603349e-01  -4.5780445e-01
  -6.7802702e-01   7.6904034e-01
   3.5603245e-01  -9.8010384e-01
   8.4291306e-01  -1.2712660e+00
   1.0348294e-01  -5.4414712e-01
   1.4625321e+00  -1.6501377e+00
  -6.3216644e-01   5.1523926e-01
  -1.6323942e+00   1.5771836e+00
  -4.7357078e-01   1.0327581e+00
   2.1154659e-02  -4.5759798e-01
  -9.1685849e-01   6.8976042e-01
   4.3793140e-01  -4.1039885e-01
   2.0681899e-01  -1.2684413e-01
   2.0044507e+00  -2.0505467e+00
   2.5753504e-02  -5.9031675e-01
  -1.0504619e+00   8.4237939e-01
   1.7777055e+00  -1.8760088e+00
   3.5867270e-02  -6.9048418e-01
   5.1242695e-02  -1.9114372e-01
  -9.5057663e-01   9.4913721e-01
   4.3377359e-01  -3.1323150e-01
   6.4879745e-02  -3.9207400e-02
   9.4047603e-01  -9.2007921e-01
  -1.4085569e+00   1.6882672e+00
   5.6219657e-01  -5.4343987e-01
   1.4577409e-01  -6.7552769e-02
   5.2130543e-01  -6.2053710e-01
  -5.2668564e-01   2.5837960e-01
  -1.3109191e-01   1.2399855e-01
   9.0875496e-01  -8.6214114e-01
   1.0525585e+00  -1.2562936e+00
  -1.3729451e-01  -2.2369335e-01
  -1.6741752e-01  -4.3904432e-01
   1.3732636e+00  -1.3405029e+00
   9.1976710e-01  -5.4654956e-01
  -2.3872464e+00   2.8523066e+00
   1.7273241e+00  -1.2489110e+00
   1.4718516e+00  -1.2439295e+00
  -5.2408419e-01   3.4365442e-01
  -7.0509726e-01   7.9959410e-01
  -3.8234896e-01   5.9571908e-01
   4.8849809e-01  -4.2830971e-01
   3.6642669e-01  -4.0930975e-01
  -2.2390760e-01   2.4477570e-01
  -2.4347191e-01  -1.9655842e-01
  -4.4164777e-01   2.1716945e-01
  -1.7974626e+00   2.2378898e+00
   4.4026654e-01  -2.7196170e-01
  -5.5077008e-02  -5.2946554e-01
  -3.9646564e-01  -8.8272310e-03
  -4.0041400e-01   4.5895064e-02
   1.9658965e+00  -2.1155626e+00
   2.7699623e-01  -5.2103841e-01
  -1.0187289e-01   6.5508270e-01
   1.7236585e+00  -1.7481871e+00
   1.0555942e+00  -1.1724306e+00
  -1.9151453e+00   2.3415827e+00
  -1.8230152e+00   2.2135486e+00
   3.8667551e-01  -3.3170047e-01
   7.7614600e-01  -1.0349337e+00
   2.3108518e+00  -1.9528300e+00
  -5.4040599e-01   7.4067564e-01
  -3.0279365e-02   2.4283195e-01
  -1.0730737e+00   7.7947234e-01
   3.3354690e-01  -2.7944594e-01
   1.3449310e-01  -5.1717723e-01
   1.9413373e+00  -1.5823759e+00
  -8.8601634e-01   9.1104261e-01
   5.8434584e-01  -8.4852674e-01
   1.8989662e+00  -1.7731792e+00
  -3.2437251e-01  -5.1437139e-03
   1.3712007e+00  -1.3349501e+00
  -1.8906642e+00   1.9487008e+00
   8.0838727e-02  -4.8305960e-01
  -5.3009923e-01   8.3334684e-01
  -2.2749943e-01   2.2917660e-01
  -2.1674387e+00   2.5224245e+00
   6.2675257e-01  -7.4812007e-01
   5.4571400e-01  -6.4476899e-01
  -7.5947684e-01   7.9530884e-01
  -3.4799309e-01   4.6012381e-02
   8.7304220e-01  -1.1023461e+00
   5.5119761e-01  -7.5869838e-01
   9.1048108e-01  -1.6215897e+00
   5.2009987e-01  -5.0302362e-01
  -1.9899560e-01  -5.2371174e-03
  -4.3208454e-02   3.4615530e-01
   9.0835676e-01  -1.2259859e+00
  -1.0859479e-01  -3.7174112e-02
   1.1771007e+00  -7.0545033e-01
   4.9863773e-01  -8.1699192e-01
   1.5849410e-01   3.1575668e-01
   6.3997449e-01  -8.2828258e-01
  -1.2550153e+00   9.0274610e-01
   5.6885421e-01  -8.1831171e-01
   3.8839004e-01  -2.4384298e-01
   1.5822985e+00  -1.7814801e+00
  -2.1187715e+00   2.3294267e+00
  -9.2718588e-01   9.1752316e-01
   1.1421725e+00  -1.1485098e+00
  -6.6607567e-01   6.7078612e-01
   8.5707708e-01  -1.2046152e+00
   6.2111569e-01  -5.5538583e-01
   9.1438080e-01  -8.7741944e-01
   5.2652808e-01  -1.1464157e+00
  -8.2585228e-01   4.1791859e-01
   7.5134678e-01  -7.9459903e-01
  -9.0315507e-01   1.3614147e+00
  -1.0604315e+00   1.2914337e+00
   1.2338780e-01  -3.0706201e-01
   8.2839455e-01  -9.0553530e-01
   1.0448443e+00  -1.4450092e+00
   8.1237061e-02  -4.6958824e-02
  -6.4450314e-01   1.5175490e-01
   1.2708078e+00  -1.0912011e+00
  -9.4656212e-01   3.5221688e-01
  -1.1206313e+00   6.7631593e-01
   1.1828483e+00  -1.1109838e+00
   1.8375921e-01  -2.3981118e-01
  -1.9238768e-02  -1.6442370e-01
   1.6318000e+00  -1.4171249e+00
   6.0230068e-01  -6.3675141e-01
   1.2600602e+00  -1.4320571e+00
  -2.8100961e-01   1.8255422e-01
   2.8176168e-01  -3.2258735e-01
  -1.6062496e+00   1.6665179e+00
   6.0385821e-01  -1.0371283e+00
  -6.2467569e-01   4.4893213e-01
   5.0500482e-01  -8.5623314e-01
  -1.3138110e+00   1.3352312e+00
  -1.8106498e+00   1.8570259e+00
   2.2246768e+00  -2.0230704e+00
   4.2962957e-01  -6.0763909e-01
  -5.2877728e-01   8.2599546e-01
   7.6586434e-02   2.0637337e-01
  -7.2063195e-02   4.6728846e-01
   7.1387148e-01  -1.2376635e+00
   1.3409211e+00  -1.8024710e+00
   7.5770992e-01  -7.9051594e-01
   1.3055704e-01  -2.1347662e-01
   4.2770620e-01  -5.7348999e-01
   9.5842547e-02  -3.2112689e-02
  -2.6259158e-01  -1.6228474e-02
  -2.0337196e-01   1.4092038e-01
   4.4775477e-01  -4.2882392e-01
   6.4666461e-01  -3.3628868e-01
   5.8384863e-01  -4.5890584e-01
  -5.0179397e-01   4.4670335e-01
   2.3938224e-01  -1.4105647e-01
   2.9008954e+00  -2.0676529e+00
  -1.5590508e-01   1.8294825e-01
   9.8577950e-01  -9.9746237e-01
   7.7049910e-01  -8.5167962e-01
   7.1227582e-01  -8.1963737e-01
   1.5590387e-01   7.5907820e-02
  -3.5124104e-02   2.1799429e-01
  -1.4317350e+00   1.3989786e+00
   4.7744168e-01  -7.2823310e-01
   5.1996584e-01  -8.5482346e-01
   6.6346626e-01  -6.2256364e-01
   1.2809833e+00  -8.5507185e-01
   2.6269599e-01  -7.2461171e-01
  -1.1140278e+00   9.2724850e-01
  -3.1021870e-01   2.1589001e-01
  -2.8445334e-01   3.3686122e-01
  -3.7503110e-01  -6.6507895e-02
   9.9489285e-01  -1.2787823e+00
   4.9632713e-02  -1.9487793e-01
   6.9386359e-01  -7.9420868e-01
   1.1163862e-01  -1.8198148e-01
  -1.2242064e+00   1.3265746e+00
  -9.0103697e-01   1.1275536e+00
  -2.7116853e-01   4.8128624e-01
  -7.1494700e-01   6.8774089e-01
  -5.5031162e-01   4.0955308e-01
  -5.9018904e-01   6.7019508e-01
  -8.6815183e-01   6.2215785e-01
  -6.9919985e-01   7.5685445e-01
   1.3560274e+00  -1.5273145e+00
  -5.6128953e-01   5.8347481e-01
   1.0373754e+00  -7.7699093e-01
   8.2420990e-01  -5.0378998e-01
   7.6563536e-01  -8.1448018e-01
  -4.0255409e-01   6.5353685e-01
  -6.3080963e-01   7.1156229e-01
   8.2190072e-01  -1.0260517e+00
   2.0527329e-01  -5.3590057e-01
   2.7716741e-01  -4.4751302e-01
  -5.8087164e-01   6.4439075e-01
  -3.4530162e-01   9.5999983e-02
   2.7632104e+00  -2.4635840e+00
   2.0800933e-01  -9.1398318e-01
  -1.2387378e+00   1.4959182e+00
   1.4938545e+00  -1.5419247e+00
   5.1845129e-01  -4.7635806e-01
  -9.0617337e-01   6.4849280e-01
  -9.3184889e-01   8.2949979e-01
  -9.4379617e-02  -2.0945675e-01
   1.0707248e+00  -1.4067417e+00
  -1.1458918e+00   1.3875050e+00
   2.6629680e-03  -1.2191773e-01
   5.3050309e-01  -2.7613148e-01
   8.0022303e-01  -1.0814356e+00
  -4.3532992e-01   2.2294331e-01
  -6.5686058e-01   5.2417126e-02
  -1.7619940e+00   1.8932846e+00
  -6.1072087e-01   9.0970964e-01
   6.0816976e-01  -1.4794853e-01
  -1.4638909e+00   1.3984425e+00
  -2.0198850e+00   2.1524769e+00
   1.7368317e-01  -5.8682099e-01
   6.6067086e-01  -1.2129376e+00
  -2.5640188e-02  -2.0075708e-01
  -2.3659974e-01   3.5659786e-01
  -1.1809113e+00   1.5008651e+00
   1.1541568e+00  -1.4953875e+00
  -6.2580415e-02   8.6839128e-02
  -2.5906762e-02   1.9423493e-01
  -7.7292596e-01   8.0851874e-01
   6.6735295e-02  -2.2298501e-01
  -1.5156844e-01  -1.6490746e-01
  -2.8722581e-02   6.3716218e-01
  -1.8111644e+00   1.6013534e+00
  -4.7337347e-02  -2.4491063e-01
  -5.2505265e-01   5.5895363e-01
   3.0151064e-01  -4.5610684e-01
   1.8824781e-01  -4.5908865e-01
   3.7660949e-01   1.5010025e-01
   2.0159776e+00  -1.8216721e+00
   5.5267337e-02  -1.1382721e-01
   1.1730269e-01  -1.8744891e-01
  -1.3559197e+00   1.7757219e+00
   6.5274402e-02  -1.9942024e-01
   5.6618980e-01  -1.1805574e+00
  -4.5521482e-02   1.6328811e-01
  -1.2830255e-01  -7.9082419e-02
   2.2520458e-01  -1.6072028e-01
   6.9626816e-01  -2.8647442e-01
   1.0183287e+00  -8.9609485e-01
  -5.5814149e-01   3.4725445e-01
  -1.7126717e-01  -2.3273688e-01
  -7.0957180e-01   6.5228287e-01
  -1.0353265e-01   5.1996905e-01
  -1.7433784e+00   2.5971353e+00
   1.4243021e+00  -1.1735756e+00
   1.7742869e+00  -1.5775829e+00
   1.6701278e+00  -1.4947116e+00
  -1.6266631e-01   5.3018503e-01
   1.2410206e+00  -1.0460104e+00
   1.9784139e+00  -2.0156927e+00
  -3.2696610e+00   3.4550545e+00
   6.0007188e-01  -8.3702296e-01
  -9.3260937e-01   8.6719131e-01
   5.6378539e-01  -1.5040525e+00
  -8.3900941e-01   7.1344115e-01
   3.4291771e-01  -7.1775163e-01
   4.9919409e-01  -4.5063600e-01
   5.6031837e-01  -3.6652541e-01
   1.1606110e+00  -1.4171791e+00
  -1.5698577e+00   1.5583548e+00
  -3.9345397e-01   4.9554302e-01
  -2.1777551e+00   2.2026426e+00
   1.8447670e+00  -1.5761395e+00
  -9.1624103e-01   8.6389286e-01
   1.0721584e+00  -1.0399322e+00
  -1.8304581e-01   3.2807378e-01
   5.0168575e-01  -3.0551105e-01
  -6.1125298e-01   9.1023469e-01
  -4.0285977e-01   2.1784096e-01
   1.4294196e-01  -4.9422273e-02
   6.3516674e-01  -5.0205942e-01
  -1.4229110e+00   1.4813926e+00
  -3.3879880e-01   3.3949347e-01
   4.5281399e-01  -4.1073017e-01
  -5.6463151e-01   6.8885518e-01
   8.9522113e-01  -8.3107829e-01
   5.6975593e-03  -4.6868808e-01
  -7.4260343e-01   2.2938703e-01
   9.2626653e-02  -3.9003193e-01
   4.6253193e-01  -6.6707646e-01
  -1.0764122e+00   7.7269974e-01
   1.0818809e+00  -9.7633517e-01
   1.4577105e-01  -4.7299919e-02
  -3.4438104e-01   6.9939572e-01
  -3.2289102e-01   2.2379766e-01
  -7.9328194e-01   9.1912483e-01
  -1.8277898e+00   1.8066139e+00
   6.6002888e-02   1.6804698e-01
   6.5050317e-01  -5.1059916e-01
  -4.8005465e-01   5.8824499e-01
   1.6899482e+00  -1.7882140e+00
  -5.1589350e-02   1.3921134e-01
  -6.7980893e-01   4.1241603e-01
  -1.6368689e+00   1.6652189e+00
  -2.1464806e+00   1.9099598e+00
  -2.8470359e-01   3.2335343e-01
   9.3894220e-01  -1.2929341e+00
   1.0572359e+00  -1.0399013e+00
   3.8628292e-01  -6.1519478e-01
   3.7782518e-01  -5.2086550e-01
   7.0601089e-01  -4.4446161e-01
   5.8791190e-01  -4.4732042e-01
   1.0243629e+00  -9.0704273e-01
  -1.0253125e+00   7.0727193e-01
  -4.0153043e-01   4.7998971e-01
   1.3972824e+00  -8.3790892e-01
  -4.2415756e-01   1.3760277e-01
   1.4613663e+00  -1.5765740e+00
  -9.0897283e-01   6.7438985e-01
   8.2903659e-02  -1.8667740e-01
  -1.2617079e+00   1.3938255e+00
  -1.2338469e+00   1.8667468e+00
   6.2255106e-02  -1.5659284e-01
   1.8439470e+00  -1.5440927e+00
  -7.1972412e-01   7.8668800e-01
  -4.3690727e-01  -3.0684309e-02
  -1.9152122e+00   2.4005007e+00
  -3.2983212e-03   2.6087872e-02
   9.4161494e-01  -1.1800118e+00
   1.1358467e-01  -1.2682928e-01
  -7.3608135e-01   4.6533808e-01
  -1.4205871e+00   1.7928311e+00
   1.4696801e+00  -1.6283051e+00
  -4.6874567e-01   5.4098330e-01
  -1.1606125e+00   8.1991732e-01
   3.0140706e-01  -2.6607121e-01
   1.4440373e+00  -1.0033449e+00
  -2.9088538e-01   2.2019102e-01
  -2.1112385e-02  -2.8003999e-01
   4.3330181e-01  -6.0079691e-01
  -8.5106330e-01   6.0673092e-01
  -7.3138252e-01   4.0454455e-01
  -9.6080940e-01   6.7776699e-01
  -7.4633504e-01   8.2119724e-01
  -1.8976446e-01  -5.1500458e-02
  -1.4362041e+00   1.6578748e+00
  -1.6000669e+00   2.2606866e+00
  -1.1858200e+00   1.2117232e+00
   1.1669834e+00  -7.0408659e-01
  -2.2958554e-01   1.8929345e-01
  -4.9446963e-01   5.4102263e-01
  -2.0616667e+00   2.1470917e+00
  -1.7778930e+00   1.9100333e+00
   7.7301479e-01  -6.9825476e-01
  -1.8879600e+00   2.1528621e+00
  -6.3046442e-01   7.9410428e-01
   1.5297823e-01  -2.2086523e-01
  -5.4158381e-02   1.1277073e-01
   1.8528167e-01  -2.5784525e-01
  -8.2202595e-02  -1.6981746e-01
  -1.2175317e-01  -1.6513374e-01
   6.7833907e-01  -5.4711658e-01
   4.2937275e-01  -1.0910717e-01
   3.5326032e-02   2.8098132e-01
   1.0571046e+00  -7.7613862e-01
   1.1366271e+00  -1.1581173e+00
  -8.8488696e-01   9.3950587e-01
   1.0073761e+00  -1.0705256e+00
   8.7288251e-01  -3.3180186e-01
  -4.7591380e-01   1.0476588e-01
  -2.1642383e+00   2.4513188e+00
   9.6601308e-01  -7.0833801e-01
   6.7295307e-01  -2.1573618e-01
  -4.7442984e-02  -1.8815266e-01
  -1.4838490e+00   1.4482811e+00
   8.8636904e-01  -7.3027800e-01
  -1.4695621e+00   1.9308398e+00
  -1.7843277e+00   2.1585934e+00
  -5.7314863e-01   7.0600380e-01
  -1.2008838e+00   1.0970691e+00
   3.2394736e-02   1.2406151e-01
  -5.6849766e-01   5.9476536e-01
  -3.7391590e-01   6.1230356e-01
   2.5463234e+00  -2.1898036e+00
   1.4286806e+00  -1.3808366e+00
  -1.8683032e+00   1.5762075e+00
  -1.5303179e+00   1.2008384e+00
   1.2625535e+00  -1.7054641e+00
   1.0451562e+00  -1.3751880e+00
  -2.0993602e+00   2.0428535e+00
  -2.3312928e+00   2.6492210e+00
   8.4229293e-01  -8.4940210e-01
  -7.5425708e-01   1.0871075e+00
  -1.0665807e+00   9.8212795e-01
   6.2036735e-01  -6.6448257e-01
  -1.0082841e+00   1.0732564e+00
   1.6898815e+00  -1.5993889e+00
   2.8292417e-01  -1.5823284e-01
  -2.0964829e+00   2.1345745e+00
   3.7014045e-01  -5.5538110e-01
   4.6806458e-01  -5.7366967e-01
   4.4724862e-01  -4.4751660e-01
   1.5000459e+00  -1.3170954e+00
  -8.9286345e-01   1.4109535e+00
   8.1026712e-01  -8.1105084e-01
   1.5799369e-01   1.7759807e-02
  -1.6513251e+00   1.7090491e+00
   1.5409198e+00  -1.5840979e+00
   4.5513220e-01  -7.4152357e-01
  -1.5717831e+00   1.7673197e+00
   7.7645788e-01  -7.0161415e-01
  -1.9965577e-01   5.3513524e-01
   3.5062083e-01  -4.3341911e-01
  -2.9772824e+00   3.0832506e+00
  -1.5484358e+00   1.8351120e+00
  -1.0709848e+00   7.9969589e-01
   8.7066297e-01  -1.1377267e+00
  -1.2915717e-01  -2.3386221e-01
  -1.0577155e+00   1.1546343e+00
  -1.2601632e+00   1.1661148e+00
   4.1292134e-01  -7.7780895e-01
  -4.0778009e-02  -4.2083651e-01
   1.6140329e+00  -1.4206551e+00
  -1.4145676e+00   1.3986941e+00
  -3.4310762e-01   4.6746037e-01
  -6.9064780e-01   9.4085641e-01
  -4.6057883e-01   5.9821275e-01
  -5.2907283e-01   4.8166653e-01
  -1.0160058e+00   6.0741718e-01
  -4.2543780e-01  -8.3022660e-02
   1.6838761e-01  -4.0081070e-01
  -3.2934462e-01  -1.5827693e-01
  -1.6197872e-01   1.1417507e-01
   2.1868658e-01  -4.5265878e-01
  -1.7160217e-02  -1.7887901e-02
   2.8620162e-01  -4.0505885e-01
  -1.0193908e+00   1.4478409e+00
  -2.3715355e-01   2.3026002e-01
  -1.2422572e+00   1.4998436e+00
  -1.6272469e-01  -1.3924928e-01
  -1.0115894e+00   9.5644942e-01
  -1.5042994e-01   1.2047416e-01
   9.6371132e-02   3.8348064e-02
   4.5800105e-01  -7.5675560e-01
   7.2792451e-01  -8.9925270e-01
   5.2358245e-01  -9.4017377e-01
   1.7134042e+00  -1.1102305e+00
   2.3955993e+00  -1.5639232e+00
   4.8575052e-01  -2.8923035e-01
   1.2021701e+00  -1.2298907e+00
   2.2795825e-01  -2.3905010e-01
   1.3869905e+00  -1.0952348e+00
   3.2657644e-01  -3.2191074e-01
  -1.7406692e+00   1.6154772e+00
   5.2910299e-01  -7.4521518e-01
  -1.5823599e+00   2.0074985e+00
   1.4231389e+00  -1.6782704e+00
   1.5825884e+00  -1.7912658e+00
  -4.2900931e-01   4.1304933e-03
   7.9762686e-01  -9.6302362e-01
   4.2439807e-01  -6.0751997e-01
   7.1511436e-01  -1.0647371e+00
   3.3251454e-01  -1.6103514e-01
  -1.4959859e-01   2.0807103e-01
  -4.2892383e-01   5.2394320e-01
  -7.2473583e-02  -3.4629068e-01
   8.5147302e-01  -6.4152147e-01
   6.1996544e-01  -5.1594315e-01
  -3.6642337e-01  -8.0322440e-02
  -5.8591617e-01   3.8629250e-01
  -1.2278060e-01   2.2891322e-01
  -4.1299139e-02   4.2379443e-01
  -6.3424976e-01   5.6433131e-01
   2.4941894e+00  -2.0750864e+00
   9.4129732e-01  -1.6252517e+00
  -6.7843013e-01   1.1114057e+00
  -1.5194729e+00   1.5231292e+00
   6.2764725e-01  -4.9593191e-01
   1.2056737e-01  -2.6727414e-01
   6.0890082e-01  -7.0373430e-01
  -7.3989819e-01   5.5152241e-01
  -3.9528759e-01   5.2776049e-01
  -1.3216687e+00   9.4585702e-01
   2.0133178e-02  -2.9908718e-01
  -3.1655155e-01  -4.8198242e-03
   1.7361078e-01  -4.1183982e-01
  -2.9213990e-01   4.3304795e-01
   1.9305885e-01  -1.4734779e-01
   7.8252746e-01  -1.0882564e+00
  -5.6921114e-01   3.3185258e-02
  -7.7140665e-02   8.9237500e-02
   2.4003283e+00  -1.8741580e+00
  -1.0016763e+00   5.6657904e-01
   7.1632517e-01  -9.3764395e-01
  -4.1533285e-01   1.5095996e-01
  -6.4379330e-02  -1.9243553e-01
  -1.5691918e+00   1.7218079e+00
   8.1332613e-02   9.7216794e-02
  -9.7114234e-02  -8.1385377e-02
   8.9821628e-01  -6.6569840e-01
   1.2594892e-01   3.7061803e-01
  -7.5236593e-01   1.4454987e+00
  -2.3764246e+00   2.3069834e+00
  -1.2870383e+00   1.0101310e+00
  -7.6846201e-01   8.2818515e-01
   1.3801421e+00  -1.3082106e+00
  -4.1302651e-01   5.1031603e-01
  -6.4708361e-01   9.8758614e-01
   7.0075717e-01  -4.8996803e-01
  -3.2788609e-02   3.1115368e-01
  -3.9613474e-01   8.0301527e-02
   6.9300417e-02  -2.6747058e-01
  -1.5323822e+00   1.3568053e+00
  -9.7443571e-01   9.1305080e-01
   5.2438960e-01  -9.6697481e-01
   3.5552214e-01  -3.9542741e-01
   7.2914630e-01  -1.2159826e+00
  -1.4380465e+00   1.4092505e+00
   1.8980412e-01   2.7635166e-02
  -1.4745849e+00   2.0437968e+00
  -1.8342815e+00   1.8166360e+00
   8.2615901e-01  -1.1229394e+00
  -8.7868133e-01   7.6919746e-01
   8.4641222e-01  -1.2997411e+00
   1.7260432e+00  -1.5302036e+00
   1.7750707e-01  -3.4006252e-01
   6.5268406e-01  -1.3188240e+00
  -1.1821455e+00   7.9323183e-01
  -4.7127622e-01   4.8522143e-01
  -1.0276773e+00   9.3192957e-01
   9.0271863e-01  -1.3913287e+00
  -5.8476526e-01   7.1775571e-01
  -2.7204597e-01  -8.0746872e-02
  -9.9915296e-01   6.8379445e-01
  -3.1542886e-01   8.3372552e-02
   7.0202229e-02   6.3105941e-02
   9.5563322e-01  -5.2651189e-01
  -1.8830069e+00   1.6280935e+00
  -7.2262858e-01   7.9868870e-01
  -7.7080411e-01   4.2288045e-01
   6.0705950e-01  -7.7437247e-01
  -1.2378260e+00   8.9584074e-01
   4.2803024e-01  -7.3521080e-01
   5.8463929e-01  -1.4862896e-01
  -5.6771319e-01   7.2303583e-01
   3.2479775e-01  -2.6997801e-01
   4.2185035e-01  -3.3466179e-01
  -4.7475691e-02   1.7426590e-02
   2.2033555e+00  -2.2071028e+00
  -1.5491370e-01   2.6521742e-01
   1.5448420e+00  -1.3982599e+00
  -7.0171344e-01   6.5443395e-01
  -2.8047542e-01   2.0570729e-01
   1.2900568e+00  -1.3983478e+00
   8.1449177e-01  -8.6649925e-01
  -1.0527430e+00   1.1320987e+00
  -9.3140289e-01   6.8485428e-01
   4.4961984e-01  -5.8509050e-01
   1.2801311e+00  -1.8905912e+00
   3.0620794e-01  -3.9699488e-01
  -6.7395876e-01   1.1813837e+00
   1.1408279e+00  -1.0351416e+00
  -2.1923835e+00   2.3018966e+00
   3.6886502e-01  -7.3442191e-01
  -1.6484258e+00   2.1592345e+00
  -2.2258256e-01   4.1645688e-01
   6.8543273e-01  -6.2847527e-01
   7.0967538e-01  -4.2559478e-01
   7.3434153e-01  -8.3115115e-01
   1.1575824e-01  -3.9046023e-01
  -8.8433307e-02  -1.7298005e-01
   2.8360425e+00  -1.6360565e+00
  -3.1677006e-01   2.3483625e-01
   1.3014244e-01  -3.3296482e-01
   5.9121277e-01  -3.3057571e-01
  -6.3686684e-01   7.7605766e-01
  -3.8747379e-02   2.9720786e-02
  -4.3293443e-01   4.4315155e-01
   1.7028457e-01  -1.2374994e-01
   1.0010001e+00  -1.1341512e+00
   2.5697095e-03   5.8020505e-01
   1.0069200e+00  -9.5681735e-01
  -3.9502305e-01   3.4575194e-03
   4.5200249e-01  -1.0667884e-01
  -9.2784414e-01   9.1979068e-01
  -1.1681303e-01  -1.6973853e-01
   8.1999723e-01  -9.2827532e-01
  -9.4867861e-01   1.1257372e+00
  -1.1778167e+00   1.1862935e+00
   2.6762938e-01   4.8032468e-02
