  -5.1921604e-01   2.4104843e-01
   1.4643002e+00  -9.3923459e-01
  -1.0736280e-02  -3.3723336e-03
  -8.1556160e-02   3.0621566e-01
  -7.8593782e-01   6.9973521e-01
   1.5578999e+00  -1.2478659e+00
  -1.8838845e+00   1.9579901e+00
  -1.4524491e+00   1.6794572e+00
   3.5367484e-01  -5.0544949e-01
   2.3910807e-01   2.6781234e-01
  -1.5202401e-01  -3.5284484e-02
  -1.2412758e+00   1.3966143e+00
  -2.4163389e-01   1.7269359e-01
   1.8556633e+00  -1.3950579e+00
   6.6867193e-01  -1.3032246e-01
  -1.0251383e+00   1.4275056e+00
   8.6860788e-01  -9.4623962e-01
   4.5187741e-01  -1.3761270e+00
  -8.0352393e-01   1.0667090e+00
   1.3541749e+00  -1.0354495e+00
  -1.4972085e-01   3.2244612e-01
   2.7676684e-01  -4.9910245e-01
  -1.7584193e+00   2.0144522e+00
   1.5648587e+00  -9.9725486e-01
  -3.3244071e-01   5.9799898e-01
  -2.0228140e+00   1.9410586e+00
   2.0162156e-01  -2.0326059e+00
  -1.1212674e+00   8.5955142e-01
   3.0671908e-01  -1.8211765e+00
  -1.4021194e+00   1.0773692e+00
   7.0122753e-01  -6.3239820e-01
   1.3864366e+00  -1.1661735e+00
  -2.4868307e-01   1.5269857e-01
   1.5277941e+00  -1.2703866e+00
   1.8185168e-01  -2.4063689e-02
   3.7175043e-01  -7.8107610e-01
   1.5917158e+00  -1.1605083e+00
  -3.4533943e-01  -2.7322513e+00
   1.8220823e+00  -1.1781634e+00
  -1.3510268e+00   1.1528806e+00
  -1.1890698e+00   1.3049163e+00
  -7.1896665e-01   1.0825390e+00
  -1.4522430e+00   1.5527543e+00
  -1.0244991e-01   1.2049142e-01
  -1.4863252e+00   1.4795480e+00
  -4.3536041e-01   5.8636391e-01
  -5.3808031e-01   4.3731061e-01
  -3.5645173e-02  -3.0356247e-02
   4.3439177e-01  -2.2721796e-01
  -5.8918873e-01   8.6201960e-01
  -1.3048223e-01  -2.6005620e+00
  -1.2567550e+00   7.3092241e-01
  -6.9545419e-01   8.0283361e-01
  -2.8905944e+00  -4.2344756e-01
   6.9543696e-01  -2.7083064e-01
   1.0442138e+00  -9.1367923e-01
  -9.3810972e-01   9.8880558e-01
   7.8520665e-01  -3.8176568e-01
   1.0735897e-01   1.0446904e-02
  -3.2781303e-01   1.9502915e-01
  -8.7773365e-02  -2.4201176e+00
   1.2462817e+00  -1.1349022e+00
  -2.1679012e-01   3.5414875e-01
  -1.1457004e+00   1.3061458e+00
  -7.7701592e-01   7.8785744e-01
   1.3275472e-01  -3.8286703e-01
  -1.4552495e-01   5.4670591e-01
  -1.3577893e+00   1.4855690e+00
   1.0264586e+00  -7.8967353e-01
   3.3454977e-01   5.2747458e-02
  -9.5997458e-01  -8.2933942e-01
   5.9345575e-01  -3.5403331e-01
  -1.6850468e+00   1.9235784e+00
   6.5139286e-01  -4.6570306e-01
  -1.9990362e-01   4.0755046e-01
  -1.2414448e+00   1.3612287e+00
  -7.0237309e-02   5.9950859e-02
  -4.9137104e-01   7.5537355e-01
  -2.3061589e+00   2.3555967e+00
   4.4794761e-01  -3.5792336e-01
  -1.2068561e+00   9.7431375e-01
  -5.0546476e-01   6.3038648e-02
  -6.8414059e-01   9.0850418e-01
  -4.0264910e-01   5.8568799e-02
  -1.5553113e-01   2.6843166e-01
   4.3098303e-01  -4.8560990e-01
  -2.6795345e-02  -1.4946923e-01
   3.1021584e-01   3.3923941e-02
  -2.2306002e-01   4.2877790e-01
  -1.2908055e+00   1.4536396e+00
   7.7254373e-02  -9.3706960e-01
  -1.2906390e+00   1.1545032e+00
  -1.0540394e+00   1.0890326e+00
   2.3162871e-04   8.3854369e-02
  -6.2717796e-01   8.5732834e-01
  -9.4414400e-01   1.0109358e+00
   6.2793648e-01  -6.0823408e-01
  -2.7331354e-02   6.5611862e-01
  -1.7785429e+00   1.8131905e+00
  -2.0187183e-01   1.9577421e-01
  -1.3909526e+00   1.1921919e+00
   1.8441389e+00  -1.1356237e+00
  -6.7307701e-01   9.5411642e-01
   4.0687603e-01  -2.1758513e-01
   3.4888587e-01  -8.4231108e-02
   7.3483310e-01  -2.2126168e+00
   3.3808998e-02   1.3645539e-01
   2.3351018e-01  -2.5210533e-02
   4.1583706e-01  -4.7956678e-01
   1.7443125e+00  -1.1741740e+00
  -1.2842859e+00   1.3087898e+00
  -1.0549554e+00   5.1700191e-01
  -7.5685470e-01   7.1557017e-01
   1.2616319e-01  -8.1964590e-02
   2.6153236e-01  -7.8814278e-01
  -1.2132951e+00   1.5803835e+00
   7.3756970e-01  -8.0501113e-01
   5.0649806e-01  -3.7374976e-01
   3.8649841e-01  -4.2612503e-01
  -6.9833751e-01   2.4287348e-01
  -1.8223016e+00   2.3025897e+00
   8.0039604e-01  -8.1430374e-01
  -1.4973846e+00   1.6658831e+00
   1.1724678e+00  -8.3804078e-01
   9.3768724e-01  -6.6010748e-01
   1.8340690e+00  -1.2477608e+00
  -1.2046987e+00   1.1786422e+00
   6.7352235e-01  -5.6979887e-01
   4.2350566e-01  -1.6174638e+00
   6.8498948e-01  -5.8866370e-01
  -1.0568974e+00   4.3883869e-01
  -1.5734259e+00   1.4489980e+00
   1.3260627e-01  -1.1570404e+00
  -6.7764842e-01   1.2687231e+00
  -5.3418782e-01   3.6281279e-01
  -2.2119044e-01   5.2603205e-01
   5.9404031e-02   2.5728203e-01
   6.8850648e-01  -7.3800950e-01
   2.4716024e-01  -2.9172998e-01
   2.6031135e+00  -1.3297605e+00
   2.9006323e-01  -4.0648955e-01
  -5.7521524e-01   4.9785339e-01
   5.4367365e-01  -6.0986457e-01
   1.3734451e+00  -9.2305050e-01
   1.3036710e+00  -8.3795523e-01
   1.1624054e+00  -8.8381188e-01
   1.6342737e-01  -9.1223608e-02
  -8.3183018e-01   7.1439855e-01
   3.4033786e-01  -3.0809121e-01
  -1.7763845e+00   1.7753237e+00
  -1.5722975e+00   1.7660402e+00
   5.4697997e-01  -3.6041212e-01
  -6.1330155e-01   5.3144582e-01
   2.3872415e+00  -1.4396557e+00
   6.8558411e-01  -5.9745570e-01
  -4.8675347e-01   8.0078181e-01
  -9.9233788e-01   8.2928961e-01
  -8.7528711e-01   1.0733489e+00
  -5.2693441e-01  -1.7885624e+00
  -3.9302281e-01   5.2110410e-01
   2.2691251e-01  -2.5057779e-01
   2.5100370e-01  -1.1859790e-01
  -2.0883184e-01   5.9596020e-02
   8.5108960e-01  -6.4214106e-01
   1.3572661e+00  -1.0062854e+00
   2.0567796e-01  -4.7740733e-01
  -1.5249741e-02   3.1288792e-01
  -9.0525887e-01   7.4885417e-01
   4.5664571e-01  -6.3544554e-01
  -4.6530534e-01   3.8702861e-01
   9.6227183e-01  -8.8422544e-01
  -5.6449345e-01   4.9332206e-01
   6.2204938e-01  -4.4440918e-01
   1.3842553e+00  -2.3911031e+00
   8.3957414e-01  -4.9410981e-01
   8.5259929e-01  -7.8895693e-01
  -9.0081458e-01   9.8047956e-01
  -8.9576256e-01   9.0718485e-01
   8.3612615e-01  -8.6554589e-01
  -1.0454478e+00   1.1879003e+00
  -2.6121479e-01   2.1715670e-01
  -3.4288398e-01   1.2062857e-01
  -7.8769073e-02   8.2461117e-02
   8.3294937e-01  -9.8262124e-01
   4.0021777e-01  -3.5659153e-01
  -6.1166485e-02   1.9828950e-01
   5.8019971e-01  -6.4699040e-01
  -8.0874170e-01  -1.6817403e+00
  -9.5993237e-01   9.9244354e-01
   4.6860922e-01  -6.6820550e-01
  -2.4838000e-02  -1.9948470e-01
   1.5807646e+00  -1.1868278e+00
  -2.0854935e+00   2.1532381e+00
   1.8401991e+00  -1.4340488e+00
  -2.9347735e-01   6.4322990e-01
   1.3700480e-01  -2.1387555e-01
  -8.1608355e-01   7.6827668e-01
  -1.9888244e+00   2.3415871e+00
  -1.7464413e+00   2.1282328e+00
  -1.0313202e+00   1.1347188e+00
   1.6867416e+00  -1.0806227e+00
   2.1459187e+00  -1.1719038e+00
  -5.7035004e-01   5.0058163e-01
   7.3990671e-01  -8.0951319e-01
   7.4757531e-01  -2.7023971e-01
  -1.1412956e+00   1.1667538e+00
  -1.1356155e+00   1.2584368e+00
  -2.7831626e-01   4.3493023e-02
   7.6361839e-01  -7.3637769e-01
  -1.5838210e+00   1.3102788e+00
   6.0474045e-01  -7.0128479e-01
  -8.2243889e-01   9.0952553e-01
   1.6802419e+00  -1.1143679e+00
  -3.1819656e-01   8.8722219e-02
   8.9210926e-01  -7.9696093e-01
  -1.4006320e+00   1.5198075e+00
   4.5376400e-01  -1.8897214e-01
   3.5637921e-01  -8.6030050e-01
   9.1987460e-01  -7.3379296e-01
  -7.9344616e-01  -1.0518028e+00
  -1.0406164e+00   1.0217577e+00
  -9.8146873e-01   9.6828765e-01
  -6.1124420e-01   5.2424974e-02
   1.4330694e+00  -9.8932883e-01
   3.6237094e-01  -4.3603965e-01
   8.7157295e-01  -1.0229081e+00
  -7.6947497e-01   1.1285165e+00
   1.7184526e+00  -1.3036521e+00
  -5.3576089e-01   2.4235955e-01
   8.7148165e-01  -5.0336393e-01
   2.8628384e+00  -1.3750945e+00
  -1.0969436e+00   1.4416678e+00
  -6.4338044e-01   8.6628084e-01
  -4.2081569e-01   4.4241779e-01
  -7.2714420e-01   3.4299262e-01
   5.0136855e-01  -2.2456987e-01
  -5.4894175e-01   1.6275361e-01
   2.7374874e-01  -3.8620655e-01
  -2.0865548e-02   4.3719896e-01
   2.8560079e+00  -1.3595091e+00
  -7.1233459e-01   9.9883948e-01
  -1.5720318e+00   1.2366923e+00
   6.3451771e-01  -4.3263781e-01
   4.4743483e-01  -2.6396177e-01
  -1.6636609e+00   1.5627160e+00
  -1.3123169e-02   7.9460626e-01
   2.2210187e+00  -1.4532525e+00
  -2.5864605e-01   3.8896785e-01
   1.1119161e-01  -1.6722568e-01
   4.1729939e-01  -4.3000366e-01
  -6.6287265e-02   3.7703970e-01
   1.9376788e+00  -1.3658866e+00
  -1.5393854e+00   1.6803738e+00
  -5.4479378e-01   7.7610562e-01
  -6.7336592e-01   9.0324130e-01
   1.1062831e+00  -9.4376344e-01
  -9.2573091e-01   1.0159793e+00
  -1.2097701e+00   1.2493025e+00
   4.4568275e-01  -5.0780543e-01
   4.3549025e-01  -4.2546887e-01
  -1.3865033e+00   1.4248367e+00
  -1.2011448e+00   1.5619685e+00
   1.0026851e-01   1.2943740e-01
   1.2110069e-01   1.9725918e-01
  -5.1239165e-01   6.7837639e-01
   2.6678902e-01  -8.3478267e-02
   9.5141763e-01  -7.9416169e-01
  -1.5727519e+00   1.7301907e+00
  -3.1565445e-01   1.2776388e-01
  -1.2382496e+00   1.2135681e+00
  -3.5442424e-02   2.3251317e-01
  -1.3916150e+00   1.2683577e+00
  -3.7766435e-01   3.1004552e-01
  -2.1303660e+00   2.6207839e+00
   2.3311774e+00  -1.1622319e+00
   8.8227177e-01  -7.8361627e-01
  -1.7540184e-01  -4.7216130e-02
   1.1125538e+00  -1.0763397e+00
  -2.3494301e-01   3.1912666e-01
   2.3376395e+00  -1.2647697e+00
   1.3448829e+00  -8.0326126e-01
  -1.0478084e+00   1.0382570e+00
  -6.4000914e-01   1.1894853e+00
   4.9863647e-02   1.6987157e-01
  -9.6611498e-01   9.4923015e-01
   3.1704661e-01  -1.7722960e+00
   1.9184088e-01  -2.5884111e-01
   4.5710948e-01  -2.4578907e-01
  -6.8625370e-02   7.1180344e-02
  -3.6877951e-01   8.7085156e-01
   1.4005893e-01  -3.0573351e-01
   4.6760876e-01  -3.8520750e-01
   1.3918341e-01  -7.3785780e-02
   1.8329616e+00  -1.3371099e+00
  -5.9717049e-01   7.2566087e-01
  -6.6367858e-01   9.4074717e-01
   4.0712619e-01  -5.0569650e-01
  -1.1289427e+00   1.3979007e+00
  -7.4254024e-02   2.7949437e-01
  -1.6364746e-01  -1.0095407e+00
  -1.2090357e+00   1.3434005e+00
  -6.7015845e-01   4.6364258e-01
  -1.6522531e+00   1.8741191e+00
  -4.1136240e-01  -6.6138680e-01
   1.7432644e-01   2.9355427e-02
   7.3856683e-01  -6.3109002e-01
   2.7287389e-01  -2.1508206e+00
  -5.3884865e-01   9.4006842e-01
   2.0627660e+00  -1.2913389e+00
  -1.0279158e-01  -3.4329378e-01
  -6.0473789e-01   5.7233035e-01
  -1.5301117e+00   1.6494807e+00
   3.5412569e-01   1.0291009e-01
   5.2119839e-01  -3.7586374e-01
   5.9074633e-02  -5.3937034e-02
   1.0954353e+00  -5.9851272e-01
  -8.5702838e-01   4.0461011e-01
   1.2783053e+00  -1.0627861e+00
  -1.1522297e+00   1.3394626e+00
  -4.4262260e-01   5.9468931e-01
   4.7843112e-01  -4.6977749e-01
  -1.0558066e-01   1.5826411e-01
  -3.0110574e-01  -4.5964273e-03
   1.0365357e+00  -9.5725382e-01
  -1.5442079e+00   1.7192123e+00
  -8.8923355e-01   7.0805637e-01
   9.1054038e-01  -1.0347315e+00
   8.2090611e-02  -1.4679889e-01
   3.6653398e-01  -1.8669881e-01
   2.8661612e-01  -6.0493283e-01
   1.9287887e-01  -8.2589599e-02
  -2.1443977e+00   2.1068611e+00
   3.0242912e-04  -5.9719196e-02
   1.2840656e+00  -2.3915798e+00
  -4.3465624e-01   5.6326170e-01
  -1.5175701e-01   1.1034955e-01
   1.1844373e+00  -8.5102946e-01
   1.4217600e-01  -1.4543978e-01
  -3.0092321e-01   4.2969674e-01
  -1.2346352e+00   1.1573622e+00
  -3.8976431e-01   2.9837029e-02
   6.5145570e-01  -6.9867946e-01
  -3.1661727e-01   5.8702794e-01
   2.5939572e-02  -2.6160347e-01
   1.6193643e+00  -1.2215899e+00
  -1.7554472e+00   2.1225770e+00
  -7.4274373e-01   8.5639745e-01
  -5.3692715e-01   7.7280314e-01
   1.6323390e-01  -2.3984858e-02
  -2.8210048e-01   4.2228039e-01
  -3.0898940e-01   2.7740070e-01
  -1.5795552e+00   8.9165175e-01
   1.9366556e-01  -7.9016433e-02
  -4.1043028e-01   7.0253713e-01
  -4.8829275e-01   5.9900767e-01
  -8.1419114e-02   2.7887709e-01
  -1.8055445e-01  -2.0235076e-02
  -4.5653708e-03   3.2145357e-01
   8.5378983e-01  -7.4354099e-01
   1.2901116e-01  -4.9986057e-01
  -1.9087476e+00   1.9745583e+00
   8.2696235e-01  -7.6075747e-01
  -7.4746389e-01   7.9440786e-01
  -4.2310296e-01   4.7829004e-01
  -1.5269027e+00   1.4776516e+00
  -1.0751663e-01  -3.4536535e-01
  -7.5585170e-02   1.5942093e-02
  -1.5109580e+00   1.1187806e-01
  -2.5973300e+00   3.8703624e+00
   6.8048675e-01  -2.1612615e+00
  -6.4412462e-01   9.8994466e-01
  -4.7392462e-01   5.0097504e-01
   2.4152002e-01  -1.9805642e-01
  -2.6523269e-01   1.1814558e-01
  -1.4272747e+00   1.4978369e+00
  -1.5236860e+00   1.8145158e+00
   8.4022820e-02  -5.1283593e-01
   1.1915255e+00  -7.4594663e-01
  -1.6100107e+00   1.5221214e+00
  -4.8102150e-02  -1.5189886e+00
  -9.1483552e-01   6.0548986e-01
  -7.8921656e-01  -1.9388819e-02
   7.4902769e-01  -5.3726458e-01
   1.3766209e+00  -1.0110667e+00
   4.7739983e-01  -1.2714582e-01
   1.7120583e+00  -1.6664124e+00
  -1.5338162e-01   7.6874141e-02
  -1.6610832e-01   1.2457421e-01
  -1.7464488e-01   4.0099430e-01
   6.2925458e-02  -2.7399678e-01
   8.2338387e-01  -3.6185161e-01
  -9.7258437e-02  -6.5146596e-02
  -5.9570166e-01   4.5283261e-01
   5.2387692e-01  -2.0059281e+00
   4.0405641e-01  -4.4673111e-01
  -6.4288756e-01   8.6517855e-01
   2.6490870e-01  -1.6514147e-01
   8.5110046e-01  -4.7516325e-01
   6.7313227e-01  -1.3200642e-01
  -1.3776261e-01   2.2786641e-01
   1.0966016e+00  -1.0240860e+00
  -3.5555776e-01   6.5121234e-01
   5.7800523e-01  -3.5123548e-01
  -4.9588888e-01   5.6751626e-01
   6.6455898e-02   1.6970067e-01
   1.7186617e+00  -1.1478779e+00
  -1.1431081e-01  -2.0641928e-01
   3.5372773e-01  -4.0839585e-01
   4.4030661e-01  -3.3879767e-02
  -1.1258840e+00  -3.7686851e-01
   2.8494893e-01  -1.2409424e+00
   2.3120215e+00  -2.0213409e+00
   4.3347114e-01  -4.4115084e-01
  -2.0608897e+00   1.9906218e+00
   1.4122816e+00  -1.1239542e+00
  -1.3770280e+00   1.4233617e+00
   3.3102884e-01  -1.9141675e-01
  -1.5092062e+00   8.7435820e-01
  -9.3549318e-01   7.3839718e-01
   8.8345419e-01  -7.3494080e-01
   4.0721252e-01  -3.1497330e-01
  -7.5574766e-01   9.4984137e-01
  -1.7375099e+00   1.9615542e+00
  -1.0333216e+00   1.0346687e+00
   5.2281110e-01  -4.7577686e-01
   2.4313063e-02   1.8293252e-01
  -5.1497736e-01   3.5833869e-01
   1.5191882e+00  -1.3227040e+00
   1.4792807e+00  -1.5941241e+00
  -3.5130251e-02  -3.5048547e-01
   1.8228958e+00  -1.2988145e+00
  -1.5246407e+00   9.5812304e-01
   4.8478944e-01  -4.7684766e-01
  -1.3854940e+00   1.7009133e+00
   2.6520191e-02  -1.5481046e-01
   1.2080452e+00  -9.1648028e-01
   2.9062567e-01   5.8760275e-02
   2.8558735e-01  -1.8697722e-01
   1.8413298e-01  -2.1418169e-01
  -5.9304181e-01   7.6147181e-01
   2.4824220e+00  -1.4075555e+00
  -6.6518913e-01   5.1626249e-01
   1.8097885e-01  -2.1493517e-01
   1.4180171e+00  -9.9372017e-01
   1.7979956e+00  -2.4075572e+00
  -7.3396885e-02   7.6431181e-01
  -4.7579162e-01   4.4562991e-01
   1.6509388e+00  -1.2103957e+00
   6.6708337e-01  -4.7493462e-01
   5.2693041e-01  -4.9579946e-01
  -4.8963987e-01   6.7952312e-01
  -2.0601318e+00   1.6227933e+00
  -2.6207996e+00   2.3964340e+00
  -6.5322317e-01  -5.7888424e-01
   1.2667996e-01   2.3228144e-01
  -7.7920226e-01   6.0334297e-02
  -4.8214816e-01   4.0102059e-01
  -1.7789703e-01   1.7124315e-01
  -5.3060199e-01   5.3103156e-01
   3.0534224e-01  -1.2498386e-01
  -1.4425052e+00   1.4411010e+00
   2.5038354e-01  -4.2408949e-01
  -9.3963850e-02  -2.5630035e-01
   1.6259950e+00  -1.0040598e+00
  -5.1375921e-01   5.3435384e-01
  -1.3392519e+00   1.4836617e+00
  -1.0094258e+00   1.0908709e+00
   2.9341496e-02  -2.2026510e+00
   8.7134539e-01  -6.7407700e-01
   1.3338970e+00  -1.2087078e+00
  -1.1372494e-01   5.7561725e-01
   6.0638660e-01  -8.4498555e-01
  -3.5917844e-01   4.5052645e-01
  -7.2464123e-01   4.5179319e-01
   6.6675705e-01  -6.6124358e-01
   2.4827933e-01  -2.2481612e-01
   1.2345929e+00  -8.2217985e-01
   1.0971643e+00  -8.8067512e-01
   4.4287102e-01  -2.9846929e-01
  -1.3357111e-01  -2.4098608e+00
   2.3454470e-01  -5.5754126e-01
   1.7255402e+00  -1.0533492e+00
   3.9539236e-01  -1.9797611e-01
   1.0873453e+00  -2.1829560e+00
  -1.4426458e-01   4.6234419e-01
  -7.2125759e-01   6.6847767e-01
   1.6677411e-01  -4.0334288e-01
   1.3527049e-01  -4.9616467e-01
  -1.6626321e+00  -1.9065915e+00
   2.4613269e+00  -1.4737892e+00
   9.9205175e-01  -1.0127472e+00
  -4.6150730e-01   8.3594761e-01
  -4.2779856e-01   3.2098961e-01
   1.1707007e+00  -1.2973129e+00
  -1.4355373e-01   6.7449056e-02
  -3.4329242e-01   4.4581915e-01
  -3.1469299e-01   2.0264956e-01
  -1.4391791e-01   2.8769402e-01
  -1.6578481e+00   1.8794497e+00
  -1.5057463e+00   1.4893670e+00
  -7.7840116e-01   5.5846112e-01
  -4.3150115e-01   3.5131344e-01
  -2.4010523e+00   2.2901411e+00
   1.1951635e+00  -8.6183124e-01
  -1.4513487e-01   1.9026957e-01
  -9.8598643e-01   1.0730917e+00
   8.8757844e-01  -7.3731154e-01
  -8.6310598e-01   7.3731865e-01
   1.9648600e+00  -1.2305939e+00
   1.2853863e-01  -3.1613218e-01
   1.7172228e-01  -2.8094896e-01
  -1.5456235e+00   1.5348945e+00
   9.5090008e-01  -1.0390238e+00
   1.3942341e+00  -1.0444823e+00
  -1.1280389e+00   8.1860773e-01
   6.5650890e-01  -5.2467949e-01
   2.1317267e+00  -1.3471368e+00
  -4.8796134e-01   5.6456098e-01
   1.9414287e+00  -1.1284365e+00
   7.3369526e-01  -6.7546776e-01
  -6.0361485e-01   6.4304741e-01
   3.1907837e-01  -2.8739550e-01
  -1.4678785e+00   1.3009433e+00
  -1.0582718e+00   1.1060078e+00
   2.0251685e+00  -1.7736517e+00
  -1.0055657e+00   1.1287670e+00
  -7.2328920e-01   6.6845543e-01
   2.1504395e+00  -1.3289519e+00
   4.6415168e-01  -5.6268233e-01
  -6.0576904e-01   5.0613139e-01
  -1.2290438e+00   1.1141940e+00
  -1.9413378e+00   1.8163673e+00
  -8.0420785e-01   8.4695691e-01
   7.1919261e-01  -4.8415177e-01
  -4.1071309e-02   1.0357074e-01
  -1.1438364e+00   1.2910874e+00
   9.2232264e-01  -1.9911109e+00
  -8.1808277e-01   6.9454339e-01
   5.4849908e-01  -4.5319426e-01
  -2.6656099e-01   3.8659558e-01
  -4.5238390e-01   5.6586303e-01
  -1.5962640e+00   1.7060506e+00
   1.7799711e-01  -3.7510758e-01
  -9.3659719e-01   1.3023223e+00
  -3.4853777e-01  -9.0549757e-01
   9.9561671e-01  -9.0517753e-01
  -1.1866189e+00   1.4031734e+00
   1.4634918e+00  -1.0913295e+00
   2.4996606e-01  -1.0809634e-01
   7.2718164e-01  -7.2334685e-01
  -1.2790390e+00   1.6947634e+00
   8.8771115e-01  -7.7778805e-01
  -1.7197130e+00   1.7368659e+00
  -3.4518466e-01  -1.8714968e+00
  -4.0475333e-01   6.7999589e-01
  -1.6944726e+00   1.9964108e+00
   7.4750702e-01  -6.4203460e-01
   3.2094891e-01  -9.8491056e-01
  -4.6432245e-01   2.5843496e-01
   1.6891989e+00  -1.8321580e+00
   6.1814854e-01  -1.7069815e-01
  -4.9675228e-01   5.8287539e-01
   4.0869794e-01  -2.5623874e-01
   7.8979533e-04  -8.1984811e-01
   1.0789986e+00  -8.6086595e-01
  -1.7051098e+00   1.7943324e+00
  -7.3546741e-01   8.7333878e-01
   1.8020034e+00  -1.1804468e+00
   1.6675693e+00  -1.2155210e+00
   1.7948955e+00  -2.3796919e+00
   3.7402847e-02  -4.7450824e-02
   1.2980238e+00  -7.6998802e-01
   2.8367380e-01  -5.6940364e-02
   2.5699493e-01  -3.4227264e-01
   2.5054663e-01   1.4441980e-01
   2.5474508e-01  -4.6653110e-01
  -1.2505090e-01   4.2746230e-01
   7.3286294e-01  -1.2043966e+00
   1.2229209e+00  -8.7604797e-01
   1.2386215e+00  -7.7334570e-01
  -9.9033682e-02   7.6732676e-02
  -4.6528348e-01   6.9108257e-01
   6.2554437e-01  -4.8444390e-01
  -1.2904954e+00   1.3602407e+00
  -9.3222740e-01   8.6341048e-01
   1.8019276e+00  -1.1366903e+00
  -2.0276458e+00   2.4335966e+00
   1.5234644e+00  -1.0842141e+00
   4.3373831e-01  -4.9580690e-01
   9.8836264e-01  -8.1232027e-01
  -6.1176298e-01   5.8633179e-01
  -1.8608732e-01   2.0026560e-01
   5.7770023e-02   2.5459643e-02
   1.7979218e+00  -1.2065608e+00
  -6.3451036e-01   5.6342503e-01
   2.2330665e-01  -8.2591095e-01
   6.5596114e-01  -4.6852838e-01
   8.0521446e-02  -2.5659402e-01
   1.1520781e+00  -7.7747785e-01
   1.3670521e+00  -1.0031850e+00
   2.4339324e-01  -2.6870773e-01
  -6.4896984e-01   7.5656807e-01
  -1.4845120e+00   1.5271096e+00
   4.0272786e-02  -4.4801218e-02
   2.1774888e-01  -2.3807311e-01
   1.0676877e-01   1.3800873e-01
   1.4605226e+00  -1.0650658e+00
   9.1351304e-01  -4.0227705e-01
   8.3620770e-02   7.4348164e-02
  -1.3961519e+00   1.6133258e+00
  -1.2437203e+00   1.1232160e+00
  -3.8233852e-01  -1.3193360e+00
   7.4331773e-01  -6.3929446e-01
   1.8004493e-01  -4.9279435e-01
   1.0469387e+00  -1.8503668e+00
   1.0501600e+00  -2.5994628e-01
  -2.2719082e+00   2.3363007e+00
   5.8324327e-01  -3.2679008e-01
   1.0480979e+00  -9.3158212e-01
  -7.0654948e-01   7.7129307e-01
   3.1039990e-01  -4.1028879e-01
  -1.8432967e-01   3.3121706e-01
  -1.4021389e+00   4.6141590e-02
   2.2168952e-01  -1.6060555e-01
  -9.1219065e-01   1.0626542e+00
   1.7334537e+00  -9.7605357e-01
   6.8390632e-01  -6.8653350e-01
   3.5323609e-01   5.7018749e-02
  -1.2416256e+00   1.4266833e+00
  -3.6183396e-01   6.5224558e-01
  -1.0805196e+00   8.0855526e-01
   1.2254717e+00  -2.1421958e+00
  -1.6071783e-01   2.7815200e-01
   1.9711548e-01  -1.2521386e-01
  -6.7443779e-01   1.3005656e+00
  -3.5220330e-02  -1.9438034e-03
   1.0318057e+00  -8.9262114e-01
   4.1941561e-01  -3.8981769e-01
  -7.3687391e-01  -7.6440870e-01
   5.2875419e-02  -1.5221817e-01
  -8.1661613e-01   7.8207395e-01
  -7.3310421e-02   2.6102792e-01
  -1.4756234e+00   1.4090819e+00
   4.9943340e-01  -5.2234493e-01
  -3.3779154e-01   5.6452160e-01
  -2.0103130e-01   5.4205227e-01
   3.1454057e-01  -4.8964060e-01
   3.8865234e-01  -3.6619579e-01
   6.3465272e-01  -7.4044361e-01
   1.8791531e-02  -1.7760864e-01
   9.8641875e-02   2.6082706e-01
  -1.4156080e+00   1.7897601e+00
   1.2036887e+00  -8.5517894e-01
   2.9196330e-01  -3.6051986e-01
   4.6417120e-01  -1.0413328e+00
  -1.5845190e+00   1.8049534e+00
  -3.4645244e-01   2.6658435e-01
   9.2098957e-01  -7.4500441e-01
  -2.1572056e-01   9.7715087e-03
  -2.2062645e-01  -2.7910536e+00
  -2.0319662e-01   3.4502109e-01
   8.2642215e-01  -4.9257316e-01
   3.4647871e-01  -5.5377583e-01
   7.8526770e-01  -5.7637015e-01
   7.0780219e-01  -2.9658552e-01
   1.5541780e-01   1.7789694e-01
  -2.6296381e-01   3.5327280e-01
  -6.8257132e-01   5.8991721e-01
   2.4618151e+00  -1.1689854e+00
   1.5596373e+00  -1.4811258e+00
  -3.4204309e-01   7.0339846e-01
   9.0762493e-01  -8.7239208e-01
   1.0124649e+00  -6.5893704e-01
   7.0418196e-01  -6.9936170e-01
   1.3120619e+00  -1.0459063e+00
   1.0114927e+00  -4.8497163e-01
   3.2862114e-01  -3.7146661e-01
   4.4117458e-01  -2.9745381e-01
  -4.1178010e-01  -5.8402715e-02
   1.8249655e-01  -2.3629868e-01
  -2.8839386e-01   1.3419447e-01
  -6.7354770e-01   8.7364070e-01
   6.3603302e-01  -1.3697640e+00
  -7.8685442e-01   1.0013044e+00
  -8.8425233e-01   7.0698308e-01
   1.4085252e+00  -1.0402458e+00
  -1.3924119e+00   1.3414933e+00
   2.5589450e-01   4.5454867e-02
   2.7622496e-01  -3.9450575e-01
   7.5767423e-01  -7.6291752e-01
   1.5759240e+00  -1.5420230e+00
  -2.5835615e-01  -6.1857478e-02
  -1.5291114e+00   1.2419915e+00
  -7.7276609e-01   1.5616257e-01
  -8.4319005e-01   1.0257934e+00
   3.9276971e-01  -1.2245627e-01
   1.0996633e+00  -1.1555026e+00
  -9.4229386e-01   9.0768064e-01
   6.8982287e-01  -1.2311560e+00
  -4.6966660e-01   7.9206496e-01
  -8.3839830e-01   7.6497918e-01
   3.8478166e-01  -3.3990575e-01
   1.6895743e+00  -1.3024347e+00
  -1.0110698e+00  -1.0730465e+00
  -4.7061186e-01   7.1315528e-01
  -9.3531648e-01   8.7472890e-01
   1.8629750e+00  -1.2187462e+00
  -5.0636423e-01   2.7211151e-01
   7.4411450e-02   4.1607725e-03
   3.4400769e-01  -2.2420410e-01
   9.8173429e-01  -2.2937170e+00
   1.9992066e+00  -1.2701796e+00
   1.1121283e+00  -1.0705958e+00
  -6.8411957e-02   6.7553706e-02
   6.7605674e-01  -2.1590078e+00
   3.4838184e-02  -5.0503060e-01
  -1.7966584e+00   4.4392915e-01
  -2.9360166e+00   2.0117658e+00
   2.0893028e-02  -1.5902091e-01
   4.0577601e-01  -5.6815156e-01
  -4.8623016e-01   3.5133857e-01
  -3.9503707e-01   6.2378245e-01
  -4.8601033e-01   5.8663557e-01
  -2.0855114e-01  -1.1158068e+00
  -2.0301100e-01   5.7677510e-01
   7.2575150e-02  -2.8696618e-01
   3.6541249e-01   1.7847425e-01
  -5.0332377e-03   2.7362477e-02
   1.0309001e+00  -1.5866031e+00
   1.4200370e+00  -1.3714106e+00
  -1.1981282e+00   1.1458948e+00
  -2.5014314e-01  -2.4618272e-01
   2.1403799e+00  -1.2227681e+00
   7.9642555e-01  -4.6742344e-01
   2.1476170e+00  -1.5525442e+00
  -8.9062646e-01   7.9750706e-01
  -1.2177072e+00   1.4737898e+00
  -6.8706658e-01   6.7174403e-01
  -1.7705298e+00   1.7579584e+00
  -6.7833609e-01   7.9838914e-01
   6.9908392e-01  -3.5720636e-01
  -3.6243007e-01   3.4416490e-01
  -1.4851887e-01   7.8260766e-01
  -5.2536884e-01  -7.6671194e-01
   1.2974886e+00  -1.0264746e+00
  -4.7244598e-02  -4.5843386e-02
  -6.3773063e-01   6.8464785e-01
   2.3444566e+00  -1.2986563e+00
   5.7042554e-01  -3.3264510e-01
  -4.9182144e-01  -2.3984837e-01
  -1.0234496e+00   1.1328127e+00
   2.2064828e+00  -1.3190600e+00
   1.7351974e-01  -2.7443716e-01
   8.1830554e-01  -7.3876056e-01
   4.2114268e-01  -6.1546781e-01
  -6.4584034e-01   6.5585373e-01
  -1.6222041e+00   7.1260728e-01
  -1.4601958e+00   1.0409190e+00
  -6.9737331e-02   1.1787410e-01
  -9.2092139e-02  -1.4994032e-01
   7.6093662e-01  -7.9493726e-01
   2.1402492e-01  -5.4288097e-01
  -7.3538316e-01   6.2279340e-01
   2.7287483e-01  -5.1365238e-01
   9.1655181e-02   5.5717576e-02
   8.4751757e-01  -4.5634168e-01
  -1.3404627e+00   1.0498329e+00
   1.5970239e-01  -7.2468626e-02
   7.7965930e-01  -5.0525386e-01
  -9.3326230e-01   7.3806771e-01
  -2.0471489e+00   2.2061244e+00
   3.5075489e-01  -2.6188073e-01
   1.1091827e+00  -7.5282575e-01
   1.2492625e+00  -6.4345970e-01
  -6.7408923e-02   3.1694307e-01
   1.4882720e+00  -2.5066209e+00
  -3.6941769e-01   2.5693358e-01
   4.6512815e-01  -4.6779872e-01
   1.6458003e+00  -1.3145656e+00
  -3.9839563e-02  -2.7961286e-02
   2.0858624e+00  -1.4312357e+00
  -7.6834480e-01   6.1569227e-01
  -1.0256230e-01   1.0850824e-01
  -1.1468913e-01  -3.0687628e-01
   1.4617473e-02   2.9588220e-01
  -1.0139495e-01  -6.1299788e-01
   1.0501296e+00  -7.9976800e-01
  -6.1015591e-01   2.0864234e-01
   2.5463950e+00  -1.2588987e+00
  -2.4590086e-01   4.4669659e-01
  -1.0618304e+00   8.6079270e-01
   5.2524183e-01  -5.1906361e-01
   1.1657483e+00  -2.2817886e+00
  -1.0803211e+00   1.0525868e+00
   1.1180929e+00  -1.0006264e+00
  -1.9252819e+00   2.1076646e+00
  -1.0936405e+00   1.3323237e+00
   1.7953448e+00  -1.1161589e+00
   2.5038666e-01   2.0235434e-01
   5.7588608e-01  -7.6025148e-01
  -1.9026281e+00   2.1466802e+00
  -5.5308859e-01   8.5522253e-01
  -8.9585543e-01   8.8601958e-01
   6.5496788e-02   1.1200947e-01
  -1.9697576e-02   1.5061500e-01
  -1.8994303e-01   5.5423795e-02
   1.1645162e+00  -1.1287984e+00
   1.0400092e+00  -6.6105992e-01
  -1.9369699e+00   2.1139992e+00
  -1.0271223e+00   1.2687801e+00
  -2.0057773e+00   2.2415491e+00
  -8.8765670e-01   1.0333039e+00
  -1.0286108e+00   1.0690841e+00
   1.6495004e+00  -9.4680921e-01
  -8.3906983e-01   5.9156478e-01
   8.8273862e-01  -6.5749910e-01
  -1.1586792e+00   1.1177887e+00
  -5.1028009e-01   8.1116051e-01
  -1.0228497e+00   1.0941588e+00
   2.3253759e-01  -5.2197174e-01
  -9.9784661e-01   1.3888078e+00
  -6.1298335e-01   3.0604463e-01
   2.1235294e-01  -1.2093123e-01
   1.6226116e+00  -1.2142267e+00
   5.9915600e-01  -4.1923558e-01
  -5.6676739e-01   8.3934599e-01
   3.0339012e-01  -1.3486649e-01
   8.5624801e-01  -8.0919944e-01
   1.6987281e+00  -1.3219356e+00
   1.5375707e-02  -1.4312435e-01
  -2.3468679e-01   3.9121953e-01
   1.4535300e+00  -7.1549848e-01
   1.6779274e+00  -1.2552685e+00
   7.7751058e-01  -6.1545046e-01
  -2.6507114e+00   3.4745390e+00
   2.4802488e+00  -1.2682719e+00
   7.6733463e-01  -5.0900131e-01
  -2.2045579e-01   4.6259700e-02
   3.1223669e-01  -3.1267602e-01
   3.1509774e-01  -4.2496276e-01
   1.3596550e+00  -9.9901419e-01
  -3.7372575e-01   3.7095459e-01
   4.4613666e-02  -4.5734884e-02
   1.2463057e-01  -1.3472133e-01
  -7.5073738e-01   8.1763816e-01
  -2.6848239e-01   3.3927670e-01
  -9.5524268e-01   8.1623390e-01
   4.0378750e-01  -1.9528055e-01
  -5.5189256e-02   1.1838848e-02
   9.3179067e-02  -3.3788019e-01
  -1.0758810e+00   1.2375960e+00
   3.9880286e-01  -2.7438926e-01
   1.4903548e-01  -4.0175393e-01
   6.5841447e-01  -5.4768185e-01
  -5.5271698e-01  -1.1956382e+00
  -1.6410748e+00   1.9313333e+00
   1.7932315e+00  -1.2089397e+00
  -4.6934834e-01   4.9867598e-01
   8.7395183e-01  -7.7608336e-01
   1.1789659e-01  -4.3623867e-02
   9.6718256e-02  -3.9236825e-02
  -9.2764980e-01   1.2417856e+00
   1.6977116e-01  -2.5271565e-01
   8.8449257e-01  -6.2204235e-01
  -1.7707195e-01   3.3318976e-01
   5.0099105e-01  -2.9144284e-01
  -6.1414198e-01   4.9873253e-01
   6.2510924e-01  -6.0125224e-01
   1.7716344e+00  -1.1849585e+00
  -9.4875403e-01   9.9049083e-01
  -3.7030686e-01   4.5726561e-01
  -8.5909234e-01   8.8839910e-01
   2.4598836e-01  -1.4735839e-01
   7.7326331e-01  -8.6007930e-01
  -1.2259751e+00   1.1330320e+00
   3.2792105e-01  -5.7063971e-01
  -7.0117476e-02  -1.5450861e-01
  -6.6473469e-01   7.0805768e-01
  -1.6937911e+00   2.1488241e+00
  -3.2793999e-01   8.4149521e-02
   4.5219776e-01  -6.9883397e-01
   7.6382408e-01  -5.7806694e-01
  -4.4206411e-01   5.8719261e-01
   4.0026427e-01  -4.9171887e-01
   1.8722177e-01  -9.4517400e-02
   8.0744175e-01  -6.7548955e-01
   1.8445706e+00  -1.1355294e+00
   1.0759741e+00  -9.2383952e-01
   5.5548409e-01  -4.4169862e-01
  -6.3393736e-02   3.5187222e-01
  -1.2403034e+00   1.1865584e+00
   1.4650311e+00  -1.2306847e+00
   3.5498696e-01  -6.0576628e-02
  -3.8721419e-01   3.9292039e-01
  -1.5822296e+00   2.1880746e+00
   9.1256088e-01  -6.0646309e-01
   3.5578485e-01  -4.1273948e-01
  -2.1640844e+00   1.9701754e+00
   4.9786990e-01  -7.3718735e-01
  -8.6249435e-01   9.3710779e-01
   1.6282824e+00  -1.2494460e+00
  -4.8645394e-03   4.8675808e-01
  -6.3291402e-02   2.0464543e-02
   1.4043543e+00  -1.1677072e+00
  -8.4502204e-01   7.5629805e-01
   1.5964324e+00  -1.2475524e+00
   1.4793701e+00  -1.1312928e+00
   7.9666339e-01  -4.2675090e-01
  -2.3379761e+00   9.7606614e-01
  -5.4065382e-01  -8.5193693e-01
  -3.0186323e-01  -2.4640160e+00
  -2.2852450e+00   2.5439934e+00
  -3.1278467e-01   1.4490188e-01
   5.9990479e-03  -1.2558498e+00
   3.6022501e-01  -4.4520301e-01
   6.5271993e-01  -3.9557249e-01
   5.7717931e-01  -2.9259483e-01
  -3.6430196e-01   4.9808461e-01
  -5.1055338e-02  -4.7038055e-01
  -9.7083987e-01   1.3098255e+00
  -7.0509839e-01   9.4550228e-01
   2.4576210e-01  -1.7748658e-01
   1.7713608e+00  -1.2687027e+00
  -8.3307211e-01   6.0090978e-01
   4.2021164e-01  -3.3750927e-01
   1.0708079e+00  -8.0872375e-01
   6.8002359e-01  -5.5923521e-01
   8.8668879e-01  -8.7001294e-01
   4.4161075e-01  -6.6140042e-01
  -2.5591408e-01   5.0953073e-01
  -6.2102880e-01  -2.2749476e-01
  -8.5339129e-01   5.6612349e-01
  -3.9535387e-01   6.0150365e-01
  -6.8787343e-01   5.5928578e-01
   1.8133378e+00  -1.4348504e+00
  -1.7883377e+00   1.8142898e+00
  -1.3618758e+00   1.3614210e+00
  -6.6179394e-01   2.1206994e-01
   1.5800116e+00  -9.2512853e-01
  -1.4114491e+00   1.8163545e+00
  -1.4278331e+00   1.6844443e+00
   3.9966034e-01  -4.0457495e-01
  -8.1947469e-01   8.7536415e-01
  -1.1574293e+00   1.3770533e+00
   6.5478114e-01  -6.1055560e-01
  -3.7323328e-02   1.3836421e-03
  -2.1361165e+00  -9.0882172e-01
  -1.3658034e+00   1.4031397e+00
  -1.4096752e+00   1.5295148e+00
   1.2810650e+00  -9.9910290e-01
   6.7879934e-01  -5.4924644e-01
   8.0960351e-01  -7.6931173e-01
  -1.1968456e+00   1.3206886e+00
   9.1160344e-01  -1.1390388e+00
   1.4283390e+00  -8.8969921e-01
   1.4630621e+00  -1.0281990e+00
   8.8290977e-01  -3.0350601e-01
   2.1898690e-02  -2.0214391e+00
   1.7631128e+00  -1.1907320e+00
  -1.9391774e-01   5.5653658e-01
   1.9017513e-01   2.4537367e-01
   4.4450101e-01  -3.5178636e-01
   1.8653194e+00  -1.2345860e+00
  -8.5242380e-02  -3.6245790e-01
   5.6651219e-01  -5.7304448e-01
  -1.4173755e+00   1.5382484e+00
   1.0608592e+00  -8.1288713e-01
  -1.5774065e+00   1.6799696e+00
   3.1807510e-01  -4.7215355e-01
  -2.3222760e+00   2.4348800e+00
  -3.9083864e-01   3.2527284e-01
  -3.4523825e-01   5.2278410e-01
  -1.9032744e-01  -1.2635416e+00
   7.9573752e-01  -9.0267678e-01
   7.9310983e-01  -8.3696342e-01
   6.1436187e-01  -1.4279770e+00
  -1.5091349e+00   1.6217805e+00
  -1.0053274e+00   1.0662126e+00
  -1.0680922e+00   1.3740467e+00
  -6.8301359e-01   7.9724242e-01
  -9.3672440e-01   7.3667916e-01
   1.5559067e+00  -9.8358718e-01
   1.3471010e+00  -1.0751112e+00
  -5.8530688e-02  -1.2813216e+00
  -1.1084155e+00   1.3284327e+00
   7.2168333e-01  -1.5728975e+00
   4.7630724e-01  -9.5878056e-02
   1.2703557e+00  -9.4912577e-01
   1.6593653e+00  -1.1770097e+00
   7.6407774e-01  -7.4831737e-01
   3.1871462e-01  -2.7223421e+00
  -1.0865924e+00   1.2553840e+00
   3.4868574e-02   6.2395733e-02
   2.7446158e-01  -3.6022207e-01
  -6.8582611e-01   8.5495780e-01
   1.9433534e+00  -1.2257545e+00
  -7.2069167e-02   1.9601079e-01
   2.7888699e+00  -1.4382804e+00
  -3.2380063e-02   1.6974890e-01
  -5.4635432e-01   5.0524165e-01
