   7.7045659e-01  -8.7033512e-01
  -4.8938755e-01   8.6231960e-02
   1.7397068e+00  -1.5956213e+00
  -7.5062952e-01   6.5673188e-01
  -9.4340345e-01   1.6807529e+00
   4.3702901e-01  -6.8422388e-01
  -9.3338773e-01   1.0056328e+00
  -1.8336009e-01  -1.7832443e-01
  -5.1845300e-01   4.7836088e-01
  -1.3201036e-01  -8.6032263e-02
  -8.3111978e-01   8.5994978e-01
   2.0165418e-01  -3.6804390e-01
   6.2526472e-01  -7.1282457e-01
  -7.5071557e-01   8.0971277e-01
   1.7034839e+00  -1.6165380e+00
   1.0262061e+00  -9.8128651e-01
   1.5321348e+00  -1.3034124e+00
  -1.0047923e+00   1.8153515e+00
   9.3906203e-01  -1.0135569e+00
  -3.2237494e-01  -1.4344428e-01
  -2.3449037e-01   1.1502743e-01
  -7.3301566e-01   2.9725317e-01
  -9.1909652e-01   1.8083815e+00
   1.2481482e+00  -1.0733509e+00
  -5.6704455e-01   2.5554825e-01
  -1.6780256e-01  -1.9291636e-01
  -2.3595421e-01  -2.2982527e-01
   4.6577994e-01  -6.5380654e-01
  -9.2068299e-01   2.3394837e+00
   2.6420539e-01  -4.7301307e-01
  -9.1016007e-01   1.3185164e+00
  -6.1810979e-01   2.6170526e+00
   5.4017301e-01  -4.6663095e-01
  -2.5693878e-01  -1.3515250e-01
  -9.2236718e-01   9.9590569e-01
   1.5706784e+00  -1.4094085e+00
   7.8606545e-01  -8.9860343e-01
  -6.7739815e-01   4.2729859e-01
  -9.3832867e-01   1.0851723e+00
   2.7760465e-01  -2.9084793e-01
  -8.8220773e-01   7.0256036e-01
  -7.1202769e-01   4.0392320e-01
   1.8098419e+00  -1.4767843e+00
  -8.3215278e-02  -2.2820036e-01
  -6.6702005e-01  -1.4470500e-01
   1.2574776e+00  -1.4806969e+00
  -7.9161910e-01   7.6868072e-01
  -2.1278011e-01  -1.7164302e-01
  -1.1152862e+00   1.6846566e+00
   1.3918522e-01  -3.8044067e-01
  -8.6556107e-01   1.3047790e+00
  -1.0122020e+00   8.4253464e-01
  -2.8508473e-01  -2.0002960e-01
  -8.2484851e-02  -1.4013062e-01
  -5.4386090e-01  -8.1385775e-02
   1.7756065e+00  -1.5355996e+00
   3.3826344e-02  -4.7257146e-01
  -7.1968087e-01   2.3721999e+00
  -5.6499053e-01   2.0048901e-01
   1.1108823e-01  -4.1578826e-01
  -2.0348450e-01  -2.0141795e-01
  -6.3397563e-03  -3.5790632e-01
   2.4776022e-01  -5.8350315e-01
  -9.5412006e-01   7.4564641e-01
  -7.1680177e-01   5.6848360e-01
  -8.4955031e-01   7.8177705e-01
  -1.0104919e+00   2.0185187e+00
  -7.0937278e-01   3.7040181e-01
  -8.5010625e-01   1.5109760e+00
  -1.0210838e+00   9.8214479e-01
   4.7965793e-01  -7.6415637e-01
   1.8192577e+00  -1.4966065e+00
   4.1856373e-03  -2.8629342e-01
   7.6081085e-02  -3.4511651e-01
   5.0043969e-01  -5.9165762e-01
   1.0047947e+00  -1.0285886e+00
  -5.5058447e-01   1.6377097e-01
  -9.7960648e-01   1.0852109e+00
  -9.2798324e-01   8.3670638e-01
  -7.9162542e-01   6.4743797e-01
   1.7488944e+00  -1.4720589e+00
  -1.1092431e+00   1.5317931e+00
  -7.6888317e-01   6.3670003e-01
  -3.3567376e-01   7.6299846e-02
  -2.0933897e-01  -2.5276816e-01
   3.6068147e-02  -1.8992605e-01
  -8.4153972e-01   6.9933682e-01
  -6.1500552e-02  -6.9233051e-02
   1.9044272e-02  -3.4352392e-01
   5.4289002e-01  -8.1247170e-01
  -6.9193749e-01   1.0061085e+00
   2.7420983e+00  -2.0111566e+00
  -2.4305278e-01  -7.8368986e-02
  -2.8635064e-02  -2.4465087e-01
  -8.7204847e-01   7.2753815e-01
   8.8052989e-02  -6.3325596e-01
  -9.2403997e-01   5.0062911e-01
  -9.5424664e-01   9.6167462e-01
  -8.1617422e-01   1.1845979e+00
   2.0642759e+00  -1.7861767e+00
  -7.3049203e-01   4.9181579e-01
   4.8700582e-02  -4.4227008e-01
  -7.0848432e-01   2.2302117e-01
  -5.6945222e-02  -3.8256738e-01
  -1.0111745e+00   9.1583248e-01
  -9.6018420e-01   1.2054174e+00
  -8.6514016e-01   9.5056512e-01
   7.0754749e-02  -2.2477936e-01
  -8.1315720e-01   1.2094677e+00
  -9.0154374e-01   1.2465681e+00
  -8.4298838e-01   6.6859957e-01
  -3.5117651e-01   1.0687498e-01
  -5.2069210e-01   2.1177483e-01
  -4.4604321e-01   9.1124659e-02
  -5.8063870e-01   5.0735831e-01
   3.6857904e-01  -5.0796836e-01
   9.2587004e-01  -1.0391571e+00
   1.0083368e+00  -1.0481629e+00
   2.5855963e-01  -6.7293110e-01
   1.1375317e-01  -3.9200283e-01
  -1.0218403e+00   1.6224983e+00
   6.1574361e-01  -6.3163844e-01
  -7.4999084e-01   6.3529397e-01
  -2.1794803e-02  -3.2931147e-01
  -1.6557806e-01  -5.9707270e-02
   8.3727704e-01  -9.3238146e-01
  -8.3936458e-01   1.0150789e+00
   6.3910829e-01  -9.8559483e-01
   6.6808008e-01  -7.9568815e-01
  -4.1466952e-01   5.1263554e-02
  -3.9438919e-01   1.4948113e-01
  -2.8520677e-01  -1.1887080e-01
  -8.2894818e-01   5.2287147e-01
  -1.1012133e+00   1.0407741e+00
  -9.3854192e-01   2.0438875e+00
  -8.3833780e-01   1.3637185e+00
  -1.1951244e+00   1.2470251e+00
   7.0048981e-01  -5.5454300e-01
   2.1341173e+00  -1.4921231e+00
   1.4214953e+00  -1.3897251e+00
  -1.3083647e-01  -2.7861989e-01
  -7.8692796e-01   4.4616256e-01
  -9.8169576e-01   1.2270059e+00
  -2.6560623e-02  -4.0405334e-01
  -7.4853026e-01   9.7375111e-01
  -7.6670744e-01   5.5425586e-01
   8.8821659e-02  -4.7967882e-01
  -6.3616764e-01   5.7124840e-04
  -1.2407785e-01  -3.2358646e-01
  -9.9313469e-01   1.5387762e+00
  -1.1513020e+00   1.5745473e+00
   9.3000133e-01  -9.8375665e-01
  -8.4586143e-01   4.7539538e-01
  -4.8592356e-01   3.4826400e-01
  -9.8077966e-01   1.6547899e+00
  -1.0713160e+00   9.4462782e-01
   9.6136709e-01  -1.0840685e+00
  -1.0789514e+00   9.4835124e-01
  -5.9823860e-01   4.5235070e-01
   1.7658012e-01  -4.9947330e-01
  -1.5957662e-01  -2.6107419e-01
  -1.0260763e+00   7.9744372e-01
   1.0361887e+00  -9.5515094e-01
   5.6757327e-01  -5.9441948e-01
  -8.8112827e-01   6.5338057e-01
  -6.1496089e-02  -2.7455504e-01
   8.6547597e-01  -1.0492345e+00
  -6.2837363e-01   9.2727524e-01
  -7.4705172e-01   8.1084490e-01
  -1.2122571e-01  -2.2175598e-01
  -8.4253369e-01   1.7555219e+00
   2.2695342e+00  -1.7444930e+00
  -2.9741907e-01  -8.9791939e-02
   6.8883645e-01  -9.0123144e-01
  -1.0347345e+00   1.3232058e+00
   2.1513155e-01  -2.2331138e-01
   1.9897440e+00  -1.7416269e+00
   1.2078096e+00  -1.0911139e+00
  -7.8265821e-01   1.0262431e+00
   1.6441188e+00  -1.3123038e+00
  -3.6811085e-01   2.4551195e-01
  -4.1085974e-01   1.9279843e-01
   1.0361310e+00  -1.0314321e+00
  -4.3797446e-01   1.1639638e-01
   3.1292343e-02  -2.6138225e-01
   2.0843198e+00  -1.6097032e+00
  -8.2573697e-01   5.7214829e-01
   4.1351418e-01  -5.8535597e-01
   1.1117466e-01  -5.1484124e-01
  -1.4920880e-01  -4.5371817e-01
   1.0173353e+00  -8.0475559e-01
  -4.9453374e-01   2.6285631e+00
  -2.1162946e-01   1.1709431e-01
   1.4696907e+00  -1.3115491e+00
  -7.6588693e-01   1.9580030e+00
   1.2324305e+00  -9.3350741e-01
  -7.5393257e-01   7.1876638e-01
  -2.4119682e-01  -3.6065399e-02
  -8.6508307e-01   5.7312688e-01
   7.4045943e-01  -8.0334078e-01
  -4.7900730e-01   8.7963152e-02
   3.7608334e+00  -2.6237037e+00
   1.8085983e+00  -1.5029445e+00
  -2.7023324e-01  -1.1473993e-01
  -3.4047519e-02  -1.2742247e-01
  -1.0200599e+00   1.5721971e+00
   9.4257243e-01  -7.5291466e-01
  -5.1333575e-01   2.5604158e+00
  -9.9507109e-01   1.3794641e+00
  -1.7440828e-01  -3.0672969e-01
   2.9961605e-02  -2.9976809e-01
  -1.8940112e-02  -7.4790027e-02
   2.2180620e+00  -1.9015045e+00
   7.0218715e-01  -7.5763924e-01
   9.9401359e-02  -2.9124820e-01
  -8.3744544e-01   9.2440364e-01
  -1.0687506e+00   1.0674404e+00
   2.7642606e-01  -7.0828843e-01
  -3.3670339e-01   1.1917198e-01
   3.7261369e-01  -6.2756771e-01
   2.4587845e+00  -1.4866043e+00
  -7.5891747e-01   3.8283044e-01
  -8.1750730e-01   1.9225044e+00
  -3.9261099e-01   2.6347592e-04
  -9.1837426e-01   1.5900676e+00
   7.2636235e-01  -8.7414666e-01
  -8.5889719e-01   1.0082485e+00
   1.4358365e-01  -3.3404783e-01
  -4.3865380e-01   2.8177462e-01
   2.6919592e+00  -1.9674318e+00
  -5.9257263e-02  -3.8195399e-01
  -5.6104294e-01   2.5413330e-01
   2.9474496e-01  -4.6487063e-01
   7.5798640e-01  -9.3575767e-01
   1.0432917e+00  -9.6674129e-01
  -9.3588179e-01   1.4954130e+00
  -2.8881278e-01  -4.4239560e-02
  -1.1048078e+00   9.7943216e-01
  -1.4867423e-01  -2.8307238e-01
  -9.1245585e-01   1.1196846e+00
  -1.5802869e-01  -2.3441813e-01
  -1.0892855e+00   2.0947784e+00
  -8.0748510e-01   8.7139699e-01
   1.7470512e+00  -1.5090477e+00
  -5.0134130e-01   4.0708952e-01
  -1.1243696e+00   1.7200867e+00
   1.6146151e+00  -1.5146169e+00
  -6.5559617e-02  -3.3789629e-01
  -2.2877267e-01  -7.5044590e-02
  -9.7834641e-01   1.5744087e+00
   3.0517010e-01  -5.4854739e-01
  -5.0038625e-01   4.5988148e-01
   6.6553808e-02  -4.1750144e-01
  -4.9541132e-01   5.6947749e-01
   1.6025056e-01  -4.6346689e-01
  -6.5849680e-01   7.1616046e-01
  -4.0495526e-01   1.2474138e-01
  -7.2396649e-01   3.5534721e-01
  -8.9862452e-01   8.0646240e-01
   7.1217613e-01  -7.7104068e-01
  -2.0398728e-01  -1.7456454e-01
   6.7899357e-01  -7.4055166e-01
   6.5258684e-02  -5.5134572e-01
   9.5884386e-01  -7.8304378e-01
  -4.0191480e-01  -9.2077576e-02
  -2.1446103e-01   3.2506613e-02
   2.5682091e-02  -3.4364340e-01
   2.3697481e+00  -1.8669212e+00
  -1.0327244e+00   8.4028496e-01
  -6.9756557e-01   2.8182669e-01
   1.2258063e-01  -1.9885286e-01
  -6.2572725e-01   6.2565345e-01
  -8.2408251e-01   1.0307916e+00
  -1.2636143e+00   1.0182977e+00
   6.3831796e-03  -1.8676456e-01
   1.8324906e+00  -1.4791508e+00
  -1.1413930e+00   1.5048792e+00
  -1.1893959e+00   1.1850438e+00
   2.7758294e-01  -5.2948891e-01
   7.7691630e-01  -8.8377327e-01
   9.7654352e-01  -9.6137354e-01
  -4.3968162e-01   2.7989436e-01
  -5.8196188e-01   2.9867900e-01
  -4.8255915e-01   2.5010483e-01
   6.1926267e-01  -7.5238921e-01
   7.4817764e-01  -7.4598283e-01
   6.7836642e-01  -5.5859298e-01
   6.4713962e-01  -9.5426585e-01
   1.4426460e+00  -1.3892932e+00
   1.0132658e+00  -1.0985358e+00
  -6.2676882e-01   4.9019925e-01
  -9.6589021e-01   5.6647254e-01
  -9.1128058e-01   5.8133732e-01
  -4.2086404e-01   1.9006165e-01
   4.7998255e-01  -5.0355060e-01
   1.7658737e+00  -1.6171817e+00
  -4.4170956e-01   2.1495153e-01
  -3.1101303e-01   6.7970469e-02
   6.7516176e-01  -8.9410672e-01
  -9.5609762e-01   9.3888952e-01
   5.0298949e-01  -5.3582989e-01
  -3.6583192e-01   1.5012255e-01
  -6.9612467e-01   5.1865196e-01
  -2.4846873e-01  -1.2656254e-01
   5.1635522e-01  -8.3115062e-01
   2.7063459e+00  -2.1507832e+00
  -6.2564813e-01   4.6609253e-01
   1.5752987e-01  -6.1790604e-01
  -7.6128689e-01   7.5502775e-01
   1.3541139e+00  -1.3117793e+00
  -1.0012876e+00   1.0353968e+00
   4.0515059e-01  -4.7202520e-01
  -9.4327037e-01   9.8684226e-01
  -7.7925404e-02  -2.8255864e-01
  -3.4482114e-01  -8.4852716e-03
  -7.8196246e-01   6.1681273e-01
   1.6591340e-01  -3.9610778e-01
   4.6993639e-01  -6.9788273e-01
  -4.0931888e-01   2.0207073e-01
  -7.5780198e-01   4.3336522e-01
  -4.6990520e-01   3.2896945e-02
   1.0393873e+00  -1.0817166e+00
  -6.9777911e-01   6.6841160e-01
   5.4615036e-01  -6.5219304e-01
   2.0904745e+00  -1.5448619e+00
  -9.5460565e-01   7.1044865e-01
  -5.8541459e-01   2.7311285e-01
   8.4518073e-01  -9.2735466e-01
   2.5220458e-01  -4.2385479e-01
  -5.4693786e-02  -1.0536869e-01
   2.5810887e-02  -3.7234287e-01
  -3.7309400e-01   1.8358573e-01
   1.9081249e+00  -1.7054998e+00
  -7.0954238e-01   2.3903617e+00
  -8.0858597e-01   4.0209224e-01
   5.2064528e-01  -7.6337684e-01
  -8.6231146e-01   4.8673236e-01
  -5.8187017e-01   4.2950506e-01
  -9.0921712e-01   1.5036674e+00
   4.5914064e-01  -6.1006542e-01
   8.1122237e-01  -1.0538543e+00
   5.1466897e-01  -6.5453341e-01
   3.6356495e-01  -3.6952955e-01
  -4.1493859e-01   1.4683112e-03
   5.4739424e-01  -6.8879087e-01
  -1.4277370e-01   2.1003426e-02
   6.3700961e-01  -1.0390154e+00
   1.0825018e-01  -3.7395939e-01
  -2.1294775e-01  -9.7331464e-02
  -2.5649682e-01  -1.0349574e-01
   1.2706860e+00  -1.1530819e+00
  -9.7165227e-01   1.5842144e+00
  -7.2390059e-01   2.7963601e-01
   2.5431516e-01  -3.6639356e-01
  -5.1136407e-02  -3.9949182e-01
  -2.4852557e-01   3.5348245e-02
   2.2035524e-01  -4.1970734e-01
  -4.7070653e-01   2.1840856e-01
  -7.3039856e-01   4.8256554e-01
  -1.0013218e+00   8.7611796e-01
   1.4663476e+00  -9.8051646e-01
  -8.4216099e-01   3.6106172e-01
   1.4531295e+00  -1.5408290e+00
  -8.9863545e-01   1.8411422e+00
  -1.0940196e+00   1.4737819e+00
  -5.5863631e-01   6.5183476e-01
   1.3553206e+00  -1.2286158e+00
  -8.6039122e-01   1.0898171e+00
   1.5900042e+00  -1.2808497e+00
   1.3933965e+00  -1.0968235e+00
  -4.6587164e-01   1.8148342e-01
   3.0425496e-01  -7.9942253e-01
   6.7321079e-01  -1.0076313e+00
  -5.4306559e-01   7.0777123e-02
   1.8799360e+00  -1.6593059e+00
  -3.1000592e-01  -1.2701184e-01
   1.0235102e+00  -8.9535501e-01
  -4.3841355e-01   1.2024330e-01
   8.1407950e-02  -4.5531613e-01
  -8.4679206e-01   5.6726604e-01
   1.1327008e-01  -2.7719454e-01
  -8.0802275e-01   5.7447586e-01
  -7.1886629e-01   5.5915942e-01
  -1.1187785e+00   1.4589006e+00
  -4.5315346e-01   3.8312842e-01
  -4.4225043e-01   7.8567488e-02
   2.8033587e+00  -2.3304482e+00
  -6.9344905e-01   2.2051591e-01
   2.0598571e-01  -5.6523710e-01
  -2.4561502e-01   1.1398697e-01
  -8.1989930e-01   7.8294132e-01
  -8.1897226e-01   1.8224708e+00
  -9.3829169e-01   5.6972652e-01
  -1.0019217e+00   1.4610756e+00
  -4.6875956e-01   9.1592394e-02
  -1.0517006e+00   1.0353308e+00
   4.0411782e-01  -4.8881348e-01
  -7.2699949e-01   3.6100720e-01
   6.0818556e-01  -6.7118759e-01
   1.2278747e+00  -1.1104786e+00
  -7.1948379e-01   3.6234063e-01
   2.1209943e-01  -7.6585488e-01
   1.2667405e+00  -1.2753277e+00
   5.5951856e-02  -2.0970409e-01
  -2.1534939e-01   4.6467899e-02
  -1.0222484e+00   6.4187940e-01
   2.8455410e+00  -2.1727339e+00
   1.0036716e+00  -1.0869033e+00
   1.0898536e-01  -3.4019789e-01
  -8.2194799e-01   6.9501288e-01
  -6.4965698e-01   2.2266520e+00
   2.1119409e-02  -2.7146218e-01
   5.9716760e-01  -6.1879650e-01
  -9.0720547e-01   8.0571084e-01
   7.0572902e-02  -2.7321617e-01
   1.5501768e+00  -1.3373660e+00
  -4.6500644e-01  -6.1088080e-03
  -9.8343826e-01   1.4216311e+00
   4.8098933e-01  -6.4124484e-01
   1.8869097e+00  -1.6997145e+00
   3.1844405e+00  -2.1711770e+00
  -2.8646084e-01  -1.0406175e-01
  -7.6705368e-01   3.4563583e-01
   1.0064767e+00  -9.0697533e-01
  -8.8914046e-01   1.5481573e+00
  -5.9764109e-01   4.3607618e-01
   2.0845268e+00  -1.6383159e+00
  -6.1268497e-01   4.7111647e-02
   2.4810817e+00  -1.9221895e+00
  -8.5076720e-01   4.4171030e-01
  -8.1087866e-01   6.4226304e-01
   1.3620825e-01  -2.9193397e-01
   2.0303828e+00  -1.8254433e+00
   1.9919749e+00  -1.4266434e+00
  -7.4166715e-01   5.6915398e-01
   1.8019951e-01  -7.2941149e-01
   7.2645886e-01  -8.9168025e-01
   2.4559911e-01  -6.1098243e-01
  -8.8886259e-01   7.8182411e-01
  -6.4955237e-01   7.3320776e-01
  -3.2159872e-01   2.7010616e-01
  -1.0043640e+00   1.3167405e+00
  -2.9067739e-01  -5.6507606e-02
   1.0725790e+00  -1.0519452e+00
   1.1831341e+00  -1.1011346e+00
   1.1613535e+00  -1.0789539e+00
  -1.1074842e+00   1.4159913e+00
  -8.7147392e-01   8.0838425e-01
  -4.4116769e-02   4.3953166e-02
  -1.0857186e+00   1.2621325e+00
  -7.0357010e-01   4.0545227e-01
   1.6309574e+00  -1.1682589e+00
  -7.3270204e-01   5.0925745e-01
   7.3949478e-01  -1.0267368e+00
  -1.0250724e+00   1.6406106e+00
  -6.8327140e-01   4.8065730e-01
  -4.1465393e-01  -6.4247618e-02
  -3.4036269e-01   6.3162423e-02
  -1.0364417e+00   1.5038466e+00
  -9.7920496e-01   1.1468547e+00
   9.3041966e-01  -9.1757486e-01
  -8.6636736e-01   8.0030358e-01
   1.8968557e+00  -1.8414417e+00
  -2.9750882e-01   2.6528494e-01
  -8.7383734e-01   1.2816419e+00
  -9.4708202e-01   1.2076934e+00
   6.5701536e-01  -8.0762347e-01
  -9.7369303e-01   1.5183157e+00
  -2.6566539e-01  -1.5088554e-01
  -8.7522304e-01   8.1627461e-01
   3.5788984e+00  -2.4911811e+00
   6.7270007e-01  -9.0846299e-01
  -3.1429815e-01   8.3887726e-02
  -6.7832728e-01   4.2157048e-01
  -9.1800643e-01   9.3743930e-01
  -5.3738597e-01   4.1744870e-01
  -5.3147151e-01   4.1247394e-01
  -6.8000790e-01   3.9246539e-01
  -1.0898800e+00   1.0766291e+00
   4.9251435e-01  -7.7227974e-01
   1.3315837e+00  -1.2404241e+00
  -4.5604248e-01   4.0803455e-01
   1.6911115e+00  -1.5090227e+00
   1.4917812e+00  -1.2216670e+00
  -9.5502687e-01   1.7089514e+00
   6.8043951e-01  -6.6530530e-01
  -5.0707626e-01   2.2071003e-01
  -3.0038370e-01  -4.6308475e-02
  -9.0191570e-01   5.6271088e-01
   7.3139742e-01  -8.9241572e-01
  -1.0818808e+00   9.4625395e-01
  -3.5827412e-01  -2.1793167e-01
   7.7560329e-01  -7.9559433e-01
  -8.7167687e-01   8.0369183e-01
  -8.3432846e-01   3.3111902e-01
  -4.4789696e-01  -1.2800786e-01
   2.1551238e+00  -1.8460431e+00
  -7.6557488e-01   6.1537985e-01
  -6.1561599e-01   2.9036607e-01
   3.2847454e+00  -2.3305873e+00
  -2.1692560e-02  -1.6919650e-01
   2.2718962e+00  -1.7552239e+00
   3.4450284e+00  -2.3455945e+00
  -9.0198163e-01   1.4372309e+00
   1.1264598e+00  -7.6105172e-01
  -9.3929022e-01   6.9749092e-01
   6.0147881e-02  -3.4613689e-01
  -1.0030617e+00   1.2509742e+00
   2.5196167e+00  -2.0231141e+00
   9.9906486e-01  -9.2838051e-01
   3.7254356e-01  -2.8659456e-01
  -6.8805819e-02  -3.0093926e-01
  -8.5147581e-01   4.7036111e-01
  -8.4473495e-01   1.2833618e+00
   5.1934265e-01  -7.8771021e-01
   1.6928546e+00  -1.3892626e+00
  -8.2363925e-01   3.2888798e-01
  -1.0599533e+00   1.7152666e+00
   1.0567305e+00  -1.0039182e+00
   3.5551084e+00  -2.4557297e+00
   4.6218798e-02  -3.1893678e-01
  -9.2000048e-01   8.7856373e-01
   5.8843881e-01  -8.3128657e-01
   2.9675324e+00  -2.4122941e+00
   1.4254090e+00  -1.3740258e+00
  -7.6695221e-01   4.9270826e-01
  -7.3953767e-01   5.0038349e-01
  -5.2602022e-01   2.3382682e-01
  -9.7646817e-01   1.1213421e+00
  -7.4027928e-01   2.8157004e-01
  -9.9710008e-01   8.0353949e-01
  -8.8807401e-01   8.7256497e-01
  -7.6164319e-01   2.1437323e+00
  -9.4117101e-01   1.5586487e+00
  -7.9917080e-01   1.2337065e+00
   4.8331851e-01  -8.0040198e-01
  -7.3682739e-01   3.6536849e-01
  -1.0119096e+00   1.0484877e+00
  -9.2261197e-01   5.9649941e-01
  -3.4460289e-01   3.7792963e-01
  -3.6905505e-03  -1.3084425e-01
  -9.6929746e-01   1.8205630e+00
  -9.1349364e-01   1.5996082e+00
  -7.8826694e-01   1.4352423e+00
   2.8847848e+00  -2.1012574e+00
   2.3235849e+00  -1.6566878e+00
  -4.5058425e-01   9.8884476e-02
  -6.3143857e-01   2.3766463e-01
  -1.0242846e+00   7.5342837e-01
  -8.8004096e-01   4.8699007e-01
   2.8198425e+00  -2.1710636e+00
  -5.8289680e-01   2.5496736e-01
   2.9004861e-01  -4.3046032e-01
  -1.0064805e+00   1.8977503e+00
  -8.6094418e-01   8.5885450e-01
   3.7479014e+00  -2.5224080e+00
   5.0750333e-01  -9.3154227e-01
   3.7609482e+00  -2.5731661e+00
  -5.0427215e-01   2.4825953e+00
  -3.1311061e-01  -6.1272353e-02
   2.3540108e+00  -1.9052526e+00
  -7.5444775e-01   5.1549420e-01
   3.8205838e+00  -2.7153973e+00
   1.4703253e-01  -2.2111055e-01
  -7.7687841e-01   8.2476532e-01
  -8.9387594e-01   4.6545736e-01
   3.4632165e-01  -9.7194160e-01
  -8.9951402e-01   7.1711932e-01
  -8.8257628e-01   1.6387581e+00
   4.7262721e-01  -6.2987568e-01
  -9.5790607e-01   1.6307762e+00
   6.7672646e-01  -8.5975088e-01
  -8.0302941e-01   2.0731907e+00
   1.0347165e+00  -9.0591142e-01
  -7.6519472e-01   4.0797982e-01
   2.8817382e+00  -2.3575768e+00
   1.9566105e-01  -6.7152454e-01
  -5.9874325e-01   3.0506820e-01
  -3.5023323e-01   1.3602095e-01
   1.7406258e+00  -1.3969453e+00
  -2.7715651e-01  -1.3174650e-01
   1.9374368e+00  -1.6738116e+00
   1.2124373e+00  -9.8187656e-01
   4.0019313e-01  -6.4118983e-01
   1.8117710e+00  -1.4851640e+00
  -6.0704617e-01   1.0753398e-01
  -7.1156585e-02  -8.2289036e-02
   1.9417413e+00  -1.6107925e+00
  -8.9863218e-01   1.8588361e+00
  -9.3281465e-01   1.2783257e+00
  -9.4562896e-01   7.7482021e-01
  -5.7513486e-01   2.6926389e-01
  -7.5456309e-01   2.1894847e+00
  -8.8843478e-01   9.9641403e-01
   5.7828306e-01  -5.7857193e-01
  -3.4638923e-01   2.4974964e-01
  -5.8246202e-01   3.1692581e-01
  -6.8020885e-02  -3.5704653e-01
  -1.3178175e-01  -3.1605255e-01
  -9.4837513e-01   6.3937231e-01
  -8.9220543e-01   1.0356873e+00
   7.0939247e-01  -6.8491965e-01
   1.0691545e-01  -2.8239678e-01
   3.4300245e+00  -2.3617362e+00
  -2.9854638e-01  -6.8466806e-03
  -7.5926032e-01   5.3707529e-01
   3.8290908e-01  -4.7632326e-01
   9.0421873e-01  -9.8003756e-01
   2.2415034e+00  -1.8438546e+00
  -5.9740039e-01   3.6265299e-01
   3.7137580e-01  -6.1683884e-01
  -8.7881357e-01   8.6117433e-01
  -2.9523426e-01   1.2198978e-02
   6.3686947e-01  -9.2151957e-01
  -2.0906295e-01   7.7047670e-03
   1.3306810e+00  -1.2633547e+00
  -9.3241510e-01   2.1321641e+00
   8.8212623e-01  -1.0626829e+00
  -1.0964317e-01  -2.6277385e-01
  -9.8240785e-01   1.0001854e+00
   3.5600389e-01  -5.7006999e-01
  -5.2017414e-01  -7.0233928e-02
   2.7620283e-01  -3.7967049e-01
   8.6508482e-01  -8.2908479e-01
  -1.0399041e+00   4.8569223e-01
  -2.4172299e-01  -8.2258785e-02
  -7.2051370e-01   1.9538398e+00
  -4.2447649e-02   1.2484646e-01
   3.3787599e-04  -5.5531978e-01
  -4.4737627e-01  -2.7631867e-02
  -7.4606620e-01   2.3294507e+00
  -7.5326399e-01   4.7554806e-01
   2.6097340e-01  -3.4538461e-01
  -1.1094663e+00   7.9132469e-01
  -9.2438808e-01   1.5689515e+00
   6.0851666e-01  -1.0459737e+00
  -1.1248594e+00   8.7883113e-01
  -1.2684085e+00   1.1053117e+00
   8.2974678e-01  -8.2748593e-01
  -6.3864581e-01   2.6017223e-01
  -5.7216943e-02  -5.0012500e-01
   7.9326023e-01  -6.6600072e-01
  -8.8788186e-01   4.3839017e-01
   2.4685421e+00  -1.6581045e+00
   1.7982075e-01  -3.9814577e-01
   5.5149892e-02  -2.5986391e-01
  -5.5222955e-01   1.5005260e-01
  -4.3805022e-01   2.0168780e-01
   2.8163140e-02  -2.4068424e-01
   7.8215336e-02  -3.4088137e-01
   1.8267796e-01  -4.8818477e-01
   1.3907766e+00  -1.1249860e+00
  -1.0213560e+00   1.4401528e+00
  -7.2753550e-01   4.5047414e-01
  -6.7590622e-01   3.8330992e-01
  -2.5386830e-01   1.3828966e-01
  -1.0029803e+00   1.2141153e+00
   1.2525144e+00  -1.2010117e+00
  -5.2063660e-01   3.1032570e-01
   3.6495737e-02  -3.5768782e-01
  -7.3697612e-01   1.6508260e+00
   8.1796710e-01  -9.6544184e-01
   1.2073858e+00  -1.1267840e+00
  -9.0177621e-01   7.6809123e-01
  -7.0003227e-01   2.2358685e+00
  -7.7109871e-01   6.4233203e-01
  -1.0860790e+00   1.4250229e+00
   1.1862995e+00  -1.1626525e+00
   2.7904080e-01  -4.3270487e-01
   1.2344349e+00  -1.1059873e+00
   3.1666315e-01  -5.2426412e-01
  -8.0738206e-01   2.4444253e-01
   2.0248523e+00  -1.4504895e+00
  -9.9957918e-01   1.1086580e+00
  -7.0785405e-01   6.2881804e-01
  -8.0557957e-01   4.8570439e-01
  -1.0314761e+00   1.0056483e+00
  -6.6719547e-01   2.4387899e-01
   3.1054356e-01  -4.2486580e-01
  -9.2612742e-01   2.2757195e+00
  -1.0090080e+00   9.5326706e-01
  -1.8274351e-01   5.8432896e-03
  -9.6695420e-01   1.0780419e+00
  -6.7436063e-01   1.3202577e-01
  -8.9152298e-01   3.9469411e-01
  -5.3655486e-01   3.8400374e-01
   2.8120634e-02  -4.8141001e-01
  -6.0743485e-01   2.8095972e-01
  -2.5097171e-01   2.6403078e-01
  -4.7018354e-01   3.6647657e-01
   1.6039066e-01  -4.9728939e-01
   7.6869477e-01  -8.1537350e-01
  -8.4888589e-01   3.5081331e-01
   3.2666011e-01  -6.0856140e-01
  -5.6444096e-01   3.5044191e-01
  -1.9137838e-01  -3.0578733e-02
   9.2351837e-01  -9.5921508e-01
  -9.1270155e-01   7.0388768e-01
   1.2127969e+00  -1.0974825e+00
  -5.8517543e-01   1.8196429e-01
   1.3797868e+00  -1.1887471e+00
  -7.1060655e-03  -2.4921538e-01
   4.6781723e-02  -5.1540347e-01
   2.1083560e-01  -4.8590552e-01
   3.1453300e+00  -2.2715017e+00
   8.2125530e-01  -8.6288838e-01
   2.5974119e-01  -4.8000634e-01
  -8.9103333e-01   1.8022636e+00
   3.7335060e-01  -4.3157077e-01
  -1.8826115e-01   1.5846442e-01
  -3.5010229e-01  -8.9364156e-02
  -9.8098582e-01   1.2242912e+00
  -9.4418372e-01   4.5683391e-01
   1.0139778e+00  -1.0991511e+00
  -8.6894305e-01   1.6320980e+00
  -7.8996990e-01   6.8417036e-01
   1.9933739e+00  -1.6130065e+00
  -1.0786503e+00   1.8913640e+00
  -5.8355931e-01   6.1456065e-01
   1.4343871e-01  -5.9599876e-01
   2.2267128e-01  -3.1523076e-01
   3.6252353e-01  -4.8215270e-01
  -1.1428589e-01  -2.1577479e-01
  -5.2096132e-01   1.0430942e-01
   7.8436494e-01  -1.0019640e+00
   1.0150492e+00  -1.1046656e+00
  -7.3055325e-01   3.8965717e-01
  -3.6953251e-01   1.7280748e-01
   8.7760678e-01  -1.0135384e+00
  -8.8537917e-01   5.5974678e-01
   3.3598103e-01  -3.1997500e-01
  -3.7696630e-01   2.7349418e+00
  -1.0411608e+00   9.2431498e-01
  -8.6421470e-01   9.6593163e-01
  -1.4193789e-01  -3.3054173e-01
  -7.4778417e-01   1.8378036e+00
  -7.4059748e-01   4.7315685e-01
   1.2744835e+00  -1.2877596e+00
  -6.9382292e-01   1.8345320e-01
  -5.9095946e-01   7.3861477e-01
  -8.4187523e-01   2.0929899e+00
  -7.9206461e-01   6.6060276e-01
  -1.0337587e+00   9.3163659e-01
   3.7418190e-01  -3.7840237e-01
  -7.2868455e-01   1.6673041e+00
  -8.7257418e-01   1.0636354e+00
  -6.2432513e-01   3.6369729e-01
   9.0813360e-03  -2.1851443e-01
  -8.4178233e-01   2.0457565e+00
  -9.9022578e-01   7.8304183e-01
   1.1545192e+00  -9.9758308e-01
  -7.2121790e-01   2.3191577e-01
  -2.5558411e-01  -7.0731492e-03
   8.2541519e-01  -7.7617515e-01
  -2.2541472e-01   9.2190323e-02
   1.4551953e-01  -3.1088600e-01
  -9.7106328e-01   8.7787465e-01
  -9.9111489e-01   1.6262287e+00
   7.1197246e-01  -8.8977684e-01
   2.2500900e+00  -1.8809598e+00
  -8.8701972e-01   1.2051695e+00
   1.2877793e-01  -4.2172251e-01
   1.6985419e+00  -1.4407500e+00
  -4.1959923e-02  -2.4690061e-01
   3.4018000e+00  -2.6054079e+00
  -7.8109820e-01   5.9632416e-01
  -9.7903378e-01   6.0881078e-01
  -5.7148901e-01   2.8794438e-01
   5.0371335e-01  -6.7036265e-01
   3.6922178e-01  -5.0988204e-01
  -7.3822203e-02  -3.3896730e-02
  -8.5876753e-01   1.5427115e+00
   1.2115750e+00  -1.1778978e+00
   9.3403276e-03  -3.4892371e-01
   1.3414065e-01  -5.1705133e-01
  -1.1607857e+00   1.4018005e+00
   7.2569959e-02  -2.6651238e-01
  -4.4803546e-01   2.2965629e-02
   3.1123649e+00  -2.0804360e+00
  -1.0898522e+00   1.3641252e+00
   3.5840346e-01  -6.2078548e-01
   1.2762340e-01  -5.6698353e-01
   3.4581067e+00  -2.2964588e+00
   2.5532680e-01  -5.8227857e-01
  -6.3016485e-01   3.0088049e-02
  -6.7250641e-01   6.1556268e-01
  -3.3702339e-01   9.8091392e-02
  -9.4339493e-01   1.7354179e+00
   1.1315313e+00  -1.1080559e+00
  -1.0391976e+00   1.5034719e+00
  -2.4795489e-01  -1.3192894e-01
  -1.9381372e-01  -7.9728675e-02
  -1.0453093e+00   1.3708189e+00
  -7.2628906e-01   4.2659898e-01
  -3.9377531e-01   3.1883373e-01
  -4.0392620e-01   5.0286708e-02
   4.3774454e-01  -3.2679187e-01
   1.0842164e+00  -1.1676104e+00
  -1.0296430e+00   1.1668168e+00
   9.8448939e-01  -8.0211645e-01
   8.5620039e-01  -9.9974065e-01
  -1.0893686e+00   9.8709138e-01
  -8.3618749e-01   4.3816273e-01
   9.2594144e-01  -1.2394015e+00
  -4.5818767e-01  -5.0488339e-02
  -3.7682120e-01   8.0642420e-02
   2.5831419e-01  -2.9920002e-01
   3.1747335e-01  -6.0272321e-01
   2.2655711e-01  -5.1188170e-01
  -4.5040826e-01   5.4556258e-01
   6.6406333e-01  -8.2636725e-01
  -1.0089014e+00   1.2490504e+00
   9.4774615e-02  -3.0167154e-01
   6.3080424e-01  -5.2557836e-01
  -8.5537950e-01   1.4898112e-01
  -1.8778766e-01   2.5509195e-03
   3.3336157e+00  -2.1787973e+00
  -3.8381539e-01  -5.9946338e-02
   2.5775197e+00  -2.0769794e+00
  -6.1970451e-01   2.4915208e+00
  -5.2958914e-01   2.6124497e-01
   2.9012644e-01  -4.7855801e-01
   2.7340421e-02  -3.2479247e-01
   4.0489280e-01  -7.0597349e-01
   9.0726236e-01  -1.0889797e+00
   1.6234846e+00  -1.4754994e+00
   6.2435845e-01  -9.1471628e-01
   2.7610992e+00  -2.2625775e+00
   1.5451842e+00  -1.3925016e+00
  -2.2548337e-01  -1.7929423e-02
  -7.2429712e-01   5.4649562e-01
   2.3724945e+00  -1.8254732e+00
  -8.7138209e-01   1.0852607e+00
  -7.5959859e-01   7.5549318e-01
  -1.4751776e-01  -7.8484143e-03
  -3.8348219e-02  -2.3219914e-01
   1.0592977e+00  -1.0124427e+00
  -4.8116957e-01   2.5705962e-01
  -1.0412263e+00   8.7596637e-01
  -7.1292133e-01   6.1091251e-01
   1.0425383e-01  -2.3927418e-01
   1.9205737e-01  -6.5040462e-01
   1.6611123e+00  -1.3485102e+00
   9.3923760e-01  -1.0654262e+00
  -9.6984828e-01   1.4192229e+00
   1.4103481e+00  -1.3540520e+00
  -7.4164049e-01   5.0295925e-01
  -1.0052673e+00   9.3371686e-01
  -1.0534915e+00   1.1974231e+00
  -1.1482367e-01  -4.1497213e-01
  -9.6622866e-01   8.3292129e-01
   1.6989385e+00  -1.5068878e+00
  -9.8228435e-01   1.2368889e+00
  -1.4710449e-01  -9.9760101e-02
   4.1048446e+00  -2.9219591e+00
   2.2718889e+00  -1.9181355e+00
  -7.8585803e-01   5.1284405e-01
  -9.6849583e-01   1.3125466e+00
  -2.5768817e-01  -1.3841447e-01
   1.2012908e+00  -1.1232676e+00
   3.6967685e-02  -3.5291805e-01
   3.8188822e-01  -4.8987661e-01
  -6.7418218e-01   5.6616809e-01
   1.9427706e+00  -1.7749578e+00
  -1.0328382e-01  -8.3858271e-02
   2.2619566e+00  -1.7152623e+00
  -5.3171921e-01   1.3427021e-02
   7.9470290e-01  -9.2056849e-01
  -5.7995621e-01   3.3088404e-01
  -5.6326695e-01   3.2505508e-01
  -4.2152982e-01   1.6395629e-01
   3.4608215e-02  -2.3118530e-01
   1.6118078e+00  -1.4207412e+00
   1.0882033e+00  -1.1982480e+00
  -9.3375397e-01   9.1364912e-01
  -1.7512561e-01   5.8054734e-02
  -1.0083426e+00   8.2385111e-01
  -7.9784274e-01   1.0979859e+00
   1.0131494e+00  -1.0053080e+00
  -8.8869944e-01   1.4115220e+00
  -9.3915607e-01   8.6629658e-01
  -1.0286325e+00   9.5335957e-01
  -8.8425652e-01   2.0080600e+00
  -1.0170486e+00   1.7714887e+00
   1.7200568e-01  -2.6279029e-01
  -6.9848675e-01   3.5549969e-01
  -8.6948554e-01   4.7612531e-01
  -8.7311976e-01   8.4080190e-01
  -5.8379463e-01   4.2098302e-01
  -1.2672073e-01   6.5701512e-02
   1.9792219e+00  -1.7133305e+00
   9.3854825e-01  -8.9050757e-01
   5.0830307e-01  -8.0213659e-01
   1.2307751e+00  -1.1217252e+00
   8.5413748e-02  -3.7867242e-01
   1.0954600e+00  -1.2929594e+00
   7.2556822e-01  -8.0877958e-01
  -7.3851527e-01   7.5458020e-01
   1.8831338e+00  -1.6572493e+00
  -3.6259776e-01   1.6214617e-01
  -1.0553686e+00   1.4101056e+00
  -4.1841759e-01   2.2161883e-01
  -4.2280157e-02  -4.2727631e-01
  -1.0560324e+00   8.3045331e-01
  -5.6719949e-01   2.3535885e-01
   2.1969406e-01  -6.1901390e-01
  -4.4267625e-02  -2.2294981e-01
  -4.7010159e-01   8.5349304e-02
   1.4668917e+00  -1.4188058e+00
  -2.3651538e-01   2.9938470e-01
  -4.9235182e-01   2.6814040e-01
   4.3456368e-01  -4.4248587e-01
  -6.2649576e-01   4.3221397e-01
  -8.1387709e-01   6.3505194e-01
  -7.5086699e-01   3.8118204e-01
  -4.1898733e-01  -5.3634759e-02
   2.2872819e+00  -2.0156992e+00
  -7.9180866e-01   1.0448746e+00
  -6.4927126e-01   2.3952379e-01
   2.2552376e+00  -2.0233057e+00
   7.9155550e-02  -2.4331526e-01
  -6.8479576e-01   2.0092779e+00
   3.9505285e-01  -5.1089207e-01
  -4.8496218e-01   2.8801172e-01
   7.3898963e-02  -4.2830568e-01
  -5.5256766e-01   2.5475564e+00
   3.6570030e-01  -7.4697759e-01
  -9.3398548e-01   1.8152085e+00
   7.8686882e-01  -9.9481142e-01
  -3.4249709e-01  -1.0583463e-01
  -1.2382517e-01   2.8036822e-02
   1.2740410e-01  -3.8516056e-01
   1.9131349e-02  -3.0997277e-01
   1.2615480e+00  -1.3379152e+00
   4.3436169e-01  -7.4027930e-01
   6.5853555e-01  -8.1496241e-01
  -8.3987799e-01   1.0226888e+00
  -8.7877959e-01   8.4769788e-01
   1.4655090e+00  -1.2089128e+00
  -9.1014843e-01   8.9204144e-01
   1.1322681e+00  -7.4987617e-01
  -9.0677289e-01   1.6509257e+00
  -6.4132072e-01   1.9432347e-01
  -1.2429500e-01  -6.2024776e-01
  -9.0135671e-01   1.5537195e+00
  -2.2506063e-01  -2.4062816e-01
   3.7268650e-03  -5.3657871e-02
   7.4718535e-01  -1.0613287e+00
  -2.5151440e-01   3.0695704e+00
  -1.0022067e+00   1.5137571e+00
  -9.7492864e-01   1.6979547e+00
  -1.1867005e-01  -2.4148377e-01
   1.0963142e+00  -9.0032201e-01
  -7.9477429e-01   7.7379206e-01
  -7.9450540e-01   1.0286549e+00
  -8.3706020e-01   1.0156083e+00
  -3.3261762e-01  -1.2547868e-01
  -8.8884984e-01   5.1112982e-01
  -7.4642444e-01   2.3795787e-01
  -1.4959094e-01   6.1167061e-03
  -6.1707739e-01   4.0410649e-01
  -5.1632817e-01   2.7900331e-01
   2.1774114e-01  -4.6247706e-01
  -6.0565713e-02  -1.1852399e-01
   2.2134894e+00  -1.7107333e+00
  -1.3633911e-01  -1.5941248e-01
  -9.3320439e-01   1.6895038e+00
  -8.5271851e-01   7.0213377e-01
  -9.4770194e-01   1.0586067e+00
  -9.5215030e-01   6.6312571e-01
   2.3416490e-01  -3.8822114e-01
  -7.9830745e-01   4.4147223e-01
   2.1220798e-01  -4.2786195e-01
   9.1614159e-01  -9.9001885e-01
   5.1287248e-01  -4.7840571e-01
  -6.0554945e-01   4.1319712e-01
  -6.9221588e-01   5.7163972e-01
  -6.0039496e-01   2.8596383e-01
  -9.5565943e-02  -2.7884906e-01
  -5.0049517e-01  -5.2232841e-03
  -3.2481753e-01   1.7367144e-01
  -4.3452352e-01   9.2863530e-02
  -1.2254855e+00   8.9509611e-01
  -5.5808743e-01   3.9986636e-01
   9.9681207e-01  -9.8688784e-01
  -2.5578741e-01  -2.6893124e-01
  -4.1160991e-01   1.6401391e-02
  -3.5780640e-03  -4.9829183e-01
  -4.3940290e-01   3.2275337e-01
  -8.3631813e-01   9.9262588e-01
  -1.0382218e+00   1.5173847e+00
  -1.9342908e-01  -1.8018855e-01
  -2.4634170e-01   1.4833983e-01
  -5.0932441e-01   4.2722297e-01
  -4.8260856e-01  -1.1246322e-01
  -2.9681681e-01   2.2203776e-01
  -9.8027449e-01   1.6943245e+00
  -9.0281014e-01   8.7043208e-01
  -8.9992668e-02  -1.5103528e-01
  -8.1156240e-01   8.5885950e-01
