   6.9156416e-01  -1.0073790e+00
   1.0983262e+00  -8.9763857e-01
   4.0960664e-01  -5.4780910e-01
  -8.6006349e-01  -2.1031324e-01
   1.3110758e+00  -8.9291524e-01
   1.4390719e-01   3.8214980e-01
   2.0467163e-01   2.7244180e-03
   9.0823511e-01  -2.2767182e-01
  -6.6732088e-02   3.9288337e-01
   8.8122484e-02   4.3898499e-01
   1.1108707e+00  -7.5619258e-01
  -4.6361823e-01   9.8000119e-01
  -1.7458605e+00   7.5488055e-01
  -5.1399001e-01   7.5447525e-01
   1.0379134e+00  -1.2213574e+00
   1.0599929e-01  -4.8814313e-01
   1.5740678e-01   3.7723265e-01
  -5.7579195e-01   2.0285027e-01
   5.8015588e-01  -6.1678186e-01
  -1.4226511e+00   3.2414685e-01
   1.4587875e+00  -2.4318353e+00
   1.3694613e+00  -8.4223246e-01
  -1.1149118e+00   1.0847204e+00
   1.0033934e+00  -9.7208524e-01
  -7.3506510e-01   5.3574011e-01
  -1.6209676e+00   1.0786148e-01
  -7.1826038e-01   4.6331499e-01
  -5.7886875e-01   5.7400051e-01
   4.5355413e-01   1.5795787e-01
   6.9493727e-01  -5.3118256e-01
  -3.0658814e-01   7.0348319e-01
  -9.9817854e-01   5.8296633e-01
  -1.1851048e-01   6.0607882e-01
  -1.1756664e+00   1.1806570e+00
   4.3646415e-01   5.8622187e-01
  -1.1586169e+00   1.2638648e+00
   9.4696839e-01  -1.1861310e+00
   7.0020891e-01  -9.7005729e-01
   1.4196306e+00  -1.3246967e+00
  -4.5239714e-01   8.1317207e-01
  -7.1384185e-01   5.5873318e-01
  -1.4509786e+00   6.1797580e-02
  -7.1222531e-01   1.0458304e+00
   6.4813599e-01   2.2405239e-01
  -5.4353892e-01   7.3224157e-01
   6.9415033e-01  -1.0521838e+00
   8.3494367e-01   1.2196601e-01
  -2.0779968e+00   8.3865226e-01
   2.6781073e+00  -5.0219484e+00
   1.7738620e+00  -2.7333436e+00
  -2.4384138e+00   6.9010742e-01
  -1.1909461e+00   1.5163971e+00
  -8.2817301e-01   1.0386314e+00
   5.4578850e-01  -1.0619743e+00
  -1.4351871e+00   1.2518628e+00
  -2.4500166e+00   1.3043279e+00
  -7.8642651e-01   3.7181991e-01
   2.4280134e-01   7.4590485e-01
   1.0388321e+00  -1.3630227e+00
   5.4929164e-02   2.5652620e-01
   2.8001542e-01   4.6624312e-01
  -1.8109768e+00   1.4576360e+00
  -1.8768410e-01  -6.5556508e-01
   6.3538751e-01  -1.1639317e+00
   9.6163975e-01  -5.9515288e-01
   1.0131621e+00   1.1787847e-01
   7.3358539e-02  -1.0536483e-01
  -1.0177456e+00   1.0597912e+00
  -3.5755554e-01   6.6067949e-01
  -3.3682295e-02   6.9907130e-01
   9.9754109e-01  -2.9968273e-01
   2.0985013e+00  -3.7219336e+00
  -6.8920388e-01  -8.2609419e-03
  -1.8941748e-01   1.6346851e-01
  -1.0529537e+00   9.9044866e-01
   1.0690972e+00  -4.3703831e-01
  -3.5585653e-01   1.2504416e+00
   3.0171308e-01   9.5939243e-01
   1.7378455e+00  -2.1798884e+00
  -3.8539476e-01   7.2165446e-01
  -5.1873618e-04   9.3115818e-01
  -9.6007119e-01   5.5634577e-01
   3.3931538e-01  -8.2660501e-01
   1.0286622e+00  -6.4929450e-01
   1.1402066e-01   8.6661077e-01
   1.4988038e-01   6.5155447e-01
  -4.2563299e-01   3.3252034e-01
  -7.5129776e-01  -2.2104070e-01
  -5.0662265e-01   4.9473930e-01
   1.0798771e+00  -9.1863309e-01
  -1.3297759e+00   1.2223292e+00
   4.1312189e-01   1.2053233e-01
   1.1446983e-01   6.3085212e-01
  -3.0709203e-01   3.8523810e-01
  -1.0955872e+00   1.2111310e+00
   1.6560387e+00  -1.8308753e+00
  -3.0522983e-01  -2.7683255e-02
   1.1082276e+00  -8.8801352e-01
  -8.5766319e-01   6.0000222e-01
   1.4014636e-01   3.8688643e-01
  -3.3001925e-01   5.5238489e-01
   1.4247871e+00  -4.6626264e-01
   9.6296075e-01  -6.4184514e-01
   3.3319059e-01   3.8515608e-02
   1.6188377e+00  -1.5467366e+00
  -9.3216000e-01   1.4752683e+00
  -7.2321705e-01   1.9966084e-01
   8.2377201e-01  -9.9135172e-01
  -1.2421708e-01   7.4016892e-01
   1.5355837e+00  -1.7095706e+00
   6.9970031e-01  -1.7168916e-01
  -5.9967789e-01  -1.9646668e-01
  -1.4016037e+00   1.1861269e-01
  -2.2308008e+00   7.6964990e-01
   2.8322086e+00  -3.6044658e+00
  -6.5103068e-01   9.0323565e-01
   1.6074869e+00  -2.4970642e+00
  -6.1412163e-01   8.2174239e-01
  -5.6954953e-01   8.0938807e-01
   1.3110188e+00  -2.2376625e+00
  -7.6790434e-01   8.0421782e-01
   7.5503419e-01  -1.3270587e+00
  -4.3643998e-01   3.3672144e-01
   3.9586157e-01  -1.0802847e+00
   2.2052934e+00  -4.0475644e+00
   1.1082512e-01   3.0323964e-01
  -3.3198802e-01  -5.7700465e-01
  -3.4612316e-01   1.5657850e+00
   1.1272478e+00  -2.8955896e+00
   7.9143059e-01  -8.4553784e-01
   1.3492420e+00  -7.0799530e-01
   6.8560696e-01  -1.6859566e+00
   1.1882603e+00  -2.5890938e+00
  -2.8393418e-01   9.3747725e-01
   1.3037950e+00  -1.0812062e+00
  -1.1277754e-01   4.1727247e-01
  -8.3439274e-01   9.6686886e-01
  -3.7048103e-01   1.0546996e+00
  -8.7565211e-01   1.0620971e+00
   8.1804859e-01  -3.9825400e-01
  -2.1254393e-01   2.3322578e-01
  -5.0754519e-02   7.7190641e-01
  -6.0962785e-01   1.2141524e+00
  -1.6459759e+00   3.7677173e-01
   3.9766927e-02   4.5888710e-01
  -1.5031424e+00   1.1727892e+00
  -9.1349101e-01   9.9650282e-01
  -3.4120892e-01  -6.4033187e-01
   7.7794524e-01  -4.9850516e-01
  -5.9044910e-01   1.6351391e+00
   3.1757399e-01   6.3841815e-01
  -1.5642542e+00   1.4111967e+00
  -2.7297621e-01  -1.8059930e-01
   2.8474806e-01   2.4642788e-01
  -1.5400396e+00   1.0427634e-01
  -5.4012492e-01   1.1679746e+00
  -2.9367762e+00   1.6028706e-01
   7.5607998e-01   3.3356769e-01
   8.3398025e-01  -7.2435505e-01
  -1.0654788e+00   2.2680671e-01
  -2.3810406e-01   9.4997708e-01
   8.0753935e-01  -3.6577949e-01
   3.0124009e-01   3.8949197e-01
  -1.1620662e-01   1.9843540e+00
  -1.5718983e+00   3.9744459e-01
  -5.3498731e-01  -4.2479250e-01
   3.1868380e-01   3.0055733e-01
  -1.5800477e-02   4.6797953e-01
   1.1880252e+00  -4.5425317e-01
  -9.7678793e-01   1.0861551e+00
   2.0281094e+00  -2.8077835e+00
  -6.8549273e-01   8.6618155e-01
   1.0159780e+00  -1.2082396e+00
   1.1243132e+00  -1.0405808e+00
   9.9601071e-01  -8.4008385e-01
   1.1148179e-01   2.6084834e-01
   4.3005325e-01  -4.8583919e-02
   1.0260712e-01   4.8392704e-01
   1.5354417e+00  -1.0485054e+00
   3.8694032e-01   2.8086745e-01
   1.6375027e+00  -1.5829911e+00
  -8.2346136e-01   7.3644508e-01
   7.0343952e-01   2.6790317e-01
  -4.4538790e-01   5.6874758e-01
  -2.0270851e+00   5.7873790e-01
   1.5340744e+00  -2.3633350e+00
  -1.9202861e+00   1.1457367e+00
  -2.0503039e+00   6.5289346e-01
   1.6771487e+00  -2.1283163e+00
   1.3033114e+00  -4.2781105e-01
   6.0181558e-02   7.0662624e-01
  -2.0057397e+00   1.2928593e+00
  -1.0458441e+00   3.1228937e-01
  -1.7659982e+00   8.1956313e-01
   9.6869366e-01  -7.3903343e-01
   3.7067649e-01   1.2668561e-01
  -7.8755889e-01   7.0394960e-01
   8.0488369e-01  -7.8875928e-01
  -2.5421705e-01   7.3320255e-01
  -8.8438620e-02   6.4539970e-01
  -5.2336492e-01   7.5128201e-01
  -1.5948255e-01   9.9904960e-01
  -3.3397121e-01   6.2474196e-01
   1.1401579e+00  -1.5351362e+00
  -1.3866316e-01   5.6156925e-01
   3.3028290e-01   4.6531393e-03
  -1.1975757e+00   1.2701200e+00
   4.8713671e-01  -1.2415070e+00
  -3.9764181e-01  -4.4687878e-01
   1.9083172e+00  -2.2500355e+00
  -5.2505705e-01   7.8346903e-01
  -1.6898371e-01   6.3348013e-01
   1.0790520e+00  -4.5310554e-01
   1.0153210e+00  -7.9834839e-01
  -2.1857087e-01   7.6773046e-01
  -6.0104114e-01   4.9312212e-01
  -2.7472365e-01  -2.4807147e-01
   3.6118345e-01  -5.2576203e-01
   8.1312785e-01  -1.7078182e+00
  -1.4191674e-01   1.1789994e+00
   2.4465570e-01  -1.0202075e+00
  -5.9447254e-01   7.5868645e-01
  -4.4629430e-01   4.0832361e-01
  -2.1585495e+00   1.0789667e+00
   9.2255298e-01  -1.1333885e+00
   6.1697729e-01   2.3214549e-01
   7.5547547e-02   9.0038587e-01
   1.1944013e+00  -5.2683309e-01
  -1.2228896e+00   9.7907768e-01
  -9.2496094e-01   7.3156429e-04
  -1.0757069e+00  -9.7421002e-02
  -4.4606015e-01  -1.0358090e-01
   4.1142322e-01  -5.6507813e-01
  -1.3727488e+00   9.3890337e-01
  -7.1694684e-01   1.1431261e+00
  -1.3467162e+00   1.3993319e+00
  -1.9960309e+00  -7.6551368e-02
   1.0665923e+00  -9.4810959e-01
  -1.2880887e+00   1.4260147e+00
  -1.4596731e+00  -1.2206419e-01
   6.1364436e-01   2.0159717e-01
   1.8048438e+00  -1.9880786e+00
  -3.4103433e-01   4.6306342e-01
  -1.8018008e-01   7.7387143e-01
   8.2102543e-01  -1.1442886e+00
   2.3758695e-01   2.6384311e-01
  -8.8763897e-01   1.1670166e+00
  -8.4010810e-01   1.4012308e+00
  -1.0907151e-01  -1.3293251e-01
  -9.9642771e-01   1.2717398e+00
  -7.5940821e-01   1.1869188e+00
   1.3422272e+00  -2.3792469e-01
   1.1002168e+00  -7.1516652e-01
   3.2755871e-01   7.8801507e-01
  -5.3728081e-01   6.2551772e-01
   1.4745606e+00  -1.5351730e+00
  -1.9085356e+00   6.3982420e-01
  -9.9680355e-01   1.3836503e-01
   5.4226009e-01   3.8553780e-01
   3.4789585e-02   1.1360213e+00
   1.1293804e+00  -6.0387430e-01
   9.5573444e-01  -1.0515112e+00
  -1.5886797e+00   1.1887332e+00
  -7.1847254e-01   8.2984292e-01
   3.4303148e-01   2.6780072e-01
   4.7937171e-02   2.4724466e-01
   3.5272251e-01   9.0041539e-03
   6.9716811e-02   3.6117642e-01
  -3.2587770e-01   1.2815989e+00
  -1.1505942e+00   4.9032158e-01
  -1.5187442e+00   5.4134403e-01
   1.5426604e-01  -3.1385314e-01
   1.0114291e+00  -2.7919076e-01
   1.0502603e+00  -2.7320608e-01
   2.9549158e-01   1.1909631e-01
   1.8912529e-01   1.8865424e-02
   1.1832241e-01   3.7818112e-01
   1.1563616e+00  -1.0704089e+00
   1.0612535e+00  -3.5222580e-01
   4.3075842e-01  -7.9470341e-01
   4.8721592e-01  -2.7894827e-01
  -5.7148147e-01   9.3216023e-01
   4.1098569e-01   4.0624304e-01
   5.1786564e-01  -9.4884323e-01
  -1.1232857e+00   3.6209135e-01
   8.8108743e-01  -5.4401069e-01
  -4.3287972e-01   1.1981865e+00
  -8.2635864e-01   9.5645319e-01
   8.5540823e-01  -1.3935085e+00
  -3.9679295e-01  -1.9720922e-01
  -4.7370341e-01   6.0119764e-01
  -1.3564521e+00   9.0046665e-01
   1.8958265e-01  -8.3283072e-01
   6.0608030e-01  -5.0082002e-01
  -3.9847303e-01  -3.7177220e-01
   1.4720726e+00  -1.7329783e+00
   1.2737576e-01   2.0870796e-01
   1.8458694e+00  -2.6384839e+00
  -4.0530867e-01  -2.5191027e-01
   8.4276953e-01  -1.9289490e-01
  -1.2507462e+00   6.9237865e-02
  -1.5426392e+00   1.0052694e+00
  -9.9834536e-01   9.9756510e-01
  -1.5560670e+00   1.2033298e+00
   6.5547293e-01  -2.7565013e-01
  -3.0414170e-01   8.0589717e-01
   1.5800615e+00  -1.8877975e+00
  -5.9017361e-01   8.3306905e-01
  -8.6931088e-01   1.4044995e+00
  -2.8222790e-01   7.2291346e-01
  -5.2949938e-01   1.2649053e+00
   2.0129644e-01  -6.6862025e-01
  -1.3950988e+00   1.1239880e+00
   9.4543486e-01  -5.8264948e-01
  -2.3485084e+00   6.8253348e-01
   1.0763870e+00  -1.3901228e-01
  -1.0108018e-01  -4.5573369e-01
   1.4359224e+00  -1.9163495e+00
  -1.1738470e+00   1.1478322e-01
   1.1482724e+00  -1.4743365e+00
  -3.5575705e-01   7.8139880e-01
  -3.3156251e-01   2.5491477e-02
  -7.0070006e-01   1.3071535e+00
   7.5345236e-02   3.8423809e-01
   1.7272844e-01   1.8387898e-01
  -5.7345352e-02   7.0175825e-01
   7.5349221e-01  -6.7731018e-01
  -9.8365776e-01   1.2141908e+00
  -4.1412641e-01  -1.3179378e-01
   2.1644745e+00  -1.8723469e+00
   1.4790117e+00  -9.0844860e-01
  -6.3250598e-02   7.2447843e-01
   1.2241595e-01   8.8894303e-01
   2.3687667e+00  -1.6707665e+00
  -6.5482482e-02   1.1558257e-01
   2.0265417e+00  -2.8272620e+00
   1.1961804e+00  -1.8137878e+00
  -1.1006918e+00   6.7960977e-01
  -2.3761342e-01   9.1052421e-01
   8.8819174e-01  -1.5455860e+00
  -9.7275210e-01   1.9470679e-01
   7.6691214e-01  -9.5375389e-01
   8.6685100e-01  -5.3122809e-02
   1.7642512e-01  -9.0618826e-01
  -1.8174673e-01  -1.2314713e-01
   7.3590516e-01  -1.3421475e+00
  -5.4962254e-01   1.6234535e+00
  -4.9484491e-01   7.8976234e-02
   2.3653189e-01   9.8151445e-01
   5.3756625e-01   2.4097290e-01
   5.5163253e-01  -1.9239400e+00
  -9.3998943e-01   7.9449378e-01
   9.2032329e-01  -1.0058836e+00
  -2.1533720e-01   1.7837033e-01
  -9.8738236e-01   2.0668227e-01
  -4.4856915e-01   6.1932452e-01
   5.7474637e-02   2.9846124e-01
  -1.2770295e+00   5.4775899e-02
   2.6723903e-01  -4.3957863e-01
   4.2969231e-01   1.1759217e-01
   1.7352079e+00  -2.3450133e+00
  -6.1759244e-01   1.0036734e+00
   8.4843949e-01  -2.8292241e-01
  -1.1387532e+00  -1.5596143e-01
   3.9241993e-01  -1.0348340e+00
   1.0267052e+00  -8.2307447e-01
  -3.6626270e-01   7.8376610e-01
  -1.0169057e+00   3.0605370e-02
  -4.5062412e-01   9.5556368e-01
  -6.1834143e-01   1.1738442e+00
   1.3587070e+00  -1.8443308e+00
  -6.9552463e-01   4.2765458e-02
  -6.8818671e-01   1.1474123e+00
  -9.4318567e-03  -1.7525469e-01
   3.2500861e+00  -5.3754902e+00
  -6.8678621e-01   9.0941127e-01
   7.1356029e-01   5.3760759e-02
  -1.3485287e+00   9.4299588e-01
  -2.1559184e+00   4.7263534e-02
  -4.9627539e-02   8.0141867e-01
  -2.2233144e-01  -1.3221375e-01
   1.2047684e+00  -8.1283578e-01
  -1.1804006e+00   2.6669403e-01
  -1.6130327e-01   7.0429951e-01
  -7.6653245e-01  -1.1770302e-02
   3.5435273e-02   4.0603809e-01
   1.1668034e+00  -8.5842982e-01
  -9.5275686e-01   4.0993569e-01
   2.8019527e-01   2.3201487e-01
   6.5263097e-01  -1.4158140e+00
   1.5015710e+00  -1.6602395e+00
   6.0074949e-01   1.6757134e-01
  -4.1976373e-02  -7.4948903e-01
  -8.6223872e-03   2.5943164e-01
  -8.6051670e-01   5.2714727e-01
   3.8210348e-01  -7.4652621e-01
   2.4839083e-02   4.0524243e-01
   1.3783198e-01   8.8256622e-01
   1.1554236e+00  -1.6022077e+00
   6.7941301e-01   4.0139856e-01
   9.8079197e-01  -1.7697983e+00
   4.2270028e-01   7.6630838e-01
  -2.2564916e+00   2.3223762e-01
   2.2239255e+00  -2.8168132e+00
  -9.3697869e-01   9.9888286e-01
   1.6903406e+00  -2.3123889e+00
  -3.7029828e-01   1.0014362e+00
   1.0863839e+00  -1.2913541e+00
   7.3319736e-01  -1.0896831e+00
   3.3605438e-01   7.3868517e-01
  -1.4862727e+00   1.3803648e+00
  -1.2473652e+00   7.7219301e-01
   4.1913052e-01   5.4098102e-02
  -4.4161733e-01   8.2705854e-01
  -1.1107049e+00   9.7884681e-01
  -1.1399688e-01   9.4482349e-01
   5.5544918e-01  -4.3142542e-01
  -4.8741333e-03   2.4578104e-01
   8.2396290e-01  -1.5677602e-01
  -3.7239539e-01  -4.9214228e-02
  -9.6565314e-01   1.0047159e+00
   8.2416521e-01  -1.5490203e+00
   1.8713316e-01  -8.7888863e-01
  -3.9598913e-01   9.2930554e-01
   1.7073087e+00  -1.4441055e+00
  -1.6579221e+00   1.5277666e+00
  -1.2036233e+00  -1.0174586e-01
  -2.0265783e-01   8.4475634e-01
   6.4426295e-01  -1.9448674e-01
   1.5604033e+00  -2.3044028e+00
  -6.2765084e-02  -7.3005183e-02
   5.0852413e-02  -7.5586295e-01
   5.4609217e-01  -6.3140937e-01
   6.4171623e-01  -1.7294826e+00
   4.7046349e-01  -3.2664379e-01
  -9.4411544e-01   1.2567816e+00
   1.1241400e-02   5.0262578e-01
  -1.7606944e+00   5.8779923e-01
  -3.6735585e-01   2.4782149e-01
   1.1400416e+00  -1.4525401e+00
   1.9637368e+00  -3.1903283e+00
   5.8434132e-01  -5.0502573e-01
  -3.6676432e-01   3.7325746e-01
  -9.2835895e-02   3.3196104e-01
   1.1700524e-01   5.1922025e-01
   1.6446476e+00  -1.3854573e+00
   8.0029008e-03   2.5671314e-01
   7.0721631e-01  -1.6047499e-01
  -1.1110767e-01   9.6069506e-01
  -7.0644411e-01   1.0150637e+00
  -2.7085266e-01   1.9728140e-01
   1.6262063e+00  -1.7780541e+00
   2.7554198e-01   7.0209890e-01
  -1.5459289e-01   3.7513771e-01
   7.4531737e-01  -1.0860516e-01
  -4.6922765e-01   2.2701394e-01
  -3.4177090e-01  -8.3934787e-03
   1.0055892e-01   5.1878419e-01
   7.1988445e-01   2.2586710e-01
   1.3151722e+00  -7.9250631e-01
   2.3203776e+00  -4.6606206e+00
   3.7234176e-01   5.1471371e-01
   3.7634481e-01   5.2624249e-01
   4.1260238e-01   4.4133240e-01
   2.9851895e-01   6.2086338e-01
  -4.9448173e-01  -2.5857940e-01
  -1.3100010e+00   6.2396543e-01
   5.4284897e-01  -2.6272188e-01
  -1.2144197e-01   7.7992982e-01
  -1.6175197e+00   2.0824634e-01
   4.6833288e-02   1.6673525e-01
  -5.7526611e-01   1.1861074e+00
  -1.9830871e+00   1.3668164e+00
  -1.7423072e-01   9.9931252e-01
   6.6283611e-01  -2.2398724e-01
   2.1178371e-02  -4.1308614e-02
   5.3672844e-01   2.9798984e-01
   7.7534718e-01   5.1103412e-02
   1.4349539e+00  -2.0789313e+00
  -6.1116453e-01   9.2906842e-01
   1.5025221e-03   8.3072561e-01
  -7.1620604e-01   2.6064055e-01
  -1.4334972e+00   2.8428680e-01
   2.1222677e-01  -7.1809835e-01
   7.6717032e-01  -1.3129054e+00
  -5.2755809e-01   5.6202909e-02
  -5.3346151e-01   7.6829731e-01
  -1.6492460e+00   1.0294733e+00
  -2.4417508e+00   1.0193270e+00
   1.0007989e+00  -4.8718434e-01
  -9.8823021e-01   1.0168606e+00
  -3.3934589e-01   6.6036380e-01
   1.4447206e-01   1.1317153e-01
   1.1643574e+00  -7.7476497e-01
   1.9458780e-01  -6.6014952e-01
  -1.0447660e+00   1.3090320e+00
   1.5056060e+00  -2.8339087e+00
  -1.9867020e+00   8.2597550e-01
   2.2023092e+00  -2.5992706e+00
  -1.3008883e+00   1.1235195e+00
  -2.1379289e+00   6.7256268e-01
  -1.0691291e+00   1.0519887e+00
   7.8775137e-01  -5.4545683e-01
   3.6359768e-01  -2.5889730e-01
   6.7762753e-01  -1.0184284e+00
   1.1785763e+00  -2.2334779e-01
  -1.1701525e+00   1.0156079e+00
  -1.7296173e+00   1.2076236e+00
  -2.4649924e-01   9.6101043e-01
   1.4361661e+00  -4.6556144e-01
   8.0569372e-01  -6.5052677e-01
  -7.8792689e-01  -3.5400900e-01
  -1.1881579e+00   1.1791059e+00
  -3.8986930e-01   1.5267951e-01
  -1.0470558e+00   1.0726618e+00
   2.9842682e-01   2.2247813e-01
   1.1083339e-01   5.3672553e-01
   1.0035273e+00  -1.8326184e+00
  -8.7255155e-01   1.2403438e+00
   6.8735990e-01   9.4516513e-02
  -5.7877868e-01   2.5817744e-01
  -2.3240336e+00  -1.9054186e-01
  -1.6897544e+00   8.8471465e-01
   3.7670376e-01  -3.7198143e-01
  -1.5408306e-01   1.0998181e+00
  -1.1746480e+00   6.4133881e-01
  -1.6207390e+00   1.0014279e+00
  -1.3433646e+00   3.1017087e-01
  -9.9499240e-01   1.6421864e-01
  -1.2668567e+00   7.8322777e-01
  -1.2036851e+00   1.1484611e+00
  -6.4900125e-01   9.5085216e-01
   1.1004112e+00  -2.1283890e+00
  -1.3152238e+00   8.2080435e-01
  -1.2301327e+00   8.7320979e-01
   9.5056203e-01  -1.0299879e-01
  -1.0743705e+00   1.2343605e-01
   1.1218202e-01   8.0019608e-01
  -1.8890979e+00   1.3933264e+00
   7.1166431e-01  -2.1867584e-02
  -2.0531563e-01   3.7608076e-01
   1.1511165e+00  -6.2020955e-01
   3.0365127e-01   5.4826620e-01
   1.3283884e+00  -1.9756740e-01
  -1.5365285e-01  -3.6579320e-01
   1.7058078e+00  -2.1199264e+00
   1.2914573e+00  -1.4216839e+00
   5.5869236e-02   5.3785470e-01
   1.6169383e-01   4.6610423e-01
   1.1575596e-01   8.1987068e-01
  -3.1147692e-01   7.3824562e-01
   6.6357700e-01   1.0408608e-01
  -7.1199589e-01   8.3020200e-01
  -1.0179845e+00   9.4912693e-01
  -1.1014965e+00   7.1471469e-01
   1.9820081e+00  -2.6432928e+00
  -1.0777664e-01  -1.5318565e-01
   6.3150914e-01  -5.8741476e-02
  -7.6179729e-01   1.0557867e+00
   1.5788077e+00  -1.2960780e+00
  -2.4015125e-01  -1.2496757e-01
  -2.2105530e-01   1.2557395e+00
  -1.6692704e+00   6.6256105e-01
   9.3165086e-01  -8.1526233e-01
  -1.9562477e-01   1.1593958e+00
   6.2822450e-01   7.5337724e-04
   1.2253932e+00  -1.8369137e+00
   1.0820666e+00  -1.9516486e+00
   3.5312726e-01   6.4554732e-01
   2.8657704e-01   1.6006933e-01
  -1.2722635e+00   1.9645102e-01
  -5.3283493e-01   2.6217124e-01
   1.7198688e+00  -2.0440965e+00
   3.8688119e-01  -2.6307590e-01
   1.8869088e-01   4.5309426e-01
  -8.3306923e-02  -4.2729060e-01
  -1.7120918e-01   6.0627650e-01
   2.1234417e-02   8.7432537e-01
   1.3821728e-03   4.6894924e-01
  -2.6065027e-01   3.2516111e-01
  -1.0662065e+00   1.3620442e+00
  -1.5851455e+00   7.9351616e-01
   1.1256473e+00  -1.9082124e-01
   3.6764224e-01   1.6235014e-01
   3.0947657e+00  -4.7210435e+00
  -3.5171021e-01   1.2794910e+00
  -1.7027590e+00   1.2340062e+00
   1.2164444e+00  -1.5198104e+00
  -8.2311996e-01   1.2381849e-01
  -2.5233845e-01   3.8837494e-01
   8.0708324e-01  -5.7514031e-01
  -1.5124658e+00   1.6599847e-01
  -5.2492720e-01   3.4055935e-01
  -7.5005597e-01   9.9447325e-01
   6.6400221e-01   3.2576239e-01
   6.3731175e-01   2.5889941e-01
   2.6996653e-01  -5.8982802e-02
  -1.0806770e+00   1.0570784e+00
  -1.3897037e+00   1.6469808e-01
  -1.2814675e+00   5.5477041e-02
   5.7630009e-01   3.3685475e-01
   4.5135331e-01  -7.0262177e-01
  -4.3472365e-01   5.6203814e-01
  -5.3992542e-01   5.6486415e-01
   9.0610436e-01  -1.1248806e+00
   8.2882020e-01  -5.8692070e-01
  -4.2146548e-01   5.3197750e-01
   4.6787092e-01  -1.6806040e-01
   1.5942784e+00  -1.3305730e+00
  -5.1492818e-01   8.1776106e-02
  -6.6076154e-03   8.3438687e-01
   7.6421272e-02   1.1027815e+00
   7.0121672e-01   1.8764608e-01
   7.8586140e-01  -9.5054647e-02
   2.9956368e-01  -9.8690708e-01
   9.5306436e-01  -5.9935120e-01
   1.1168387e+00  -6.7309594e-01
   5.9421580e-01  -3.0526676e-01
   9.8463024e-01  -1.2872439e+00
   1.1441252e+00  -1.4038411e+00
  -3.0473144e-01   3.3597411e-01
  -3.1690227e-02   5.1457879e-01
  -1.2687200e+00   9.8631175e-01
  -6.3071067e-01   1.0298744e+00
  -1.3733399e+00   1.2023770e+00
   4.4181325e-01   4.2774431e-01
   5.0135664e-02   2.7486087e-01
  -7.0185313e-01   4.8322850e-01
   6.5655392e-01   1.2793446e-02
  -7.3876675e-01   1.0282290e+00
   1.2376861e+00  -1.9182505e+00
   1.0810416e+00  -8.7899153e-01
  -4.3955200e-01  -2.2472740e-01
  -1.2448508e+00   1.0288245e+00
   1.7944858e-02  -5.1960835e-01
  -2.9632202e-01   7.5146893e-01
  -9.8408876e-01   5.7801991e-01
   8.4712436e-01  -5.9776847e-01
  -2.4728100e+00   6.9984417e-01
   4.3832081e-01   5.7488315e-01
  -4.2103118e-01  -3.8764858e-01
  -1.7329468e+00   9.6159445e-01
   1.3794168e-01   6.0473532e-01
  -1.1348401e+00   7.8112940e-01
   1.5972083e-01   5.9607663e-02
   4.7667354e-01  -1.0578488e-02
  -7.1020619e-01   9.3588534e-01
  -1.1248890e+00   1.1799710e+00
  -7.7244865e-01   1.0574961e+00
  -3.4539534e-01  -4.4523692e-01
  -7.2567955e-01   2.7384113e-01
  -3.6806124e-01   1.1785527e-01
  -7.5672297e-01   4.8448914e-01
   1.4463927e+00  -1.2725638e+00
   9.7968765e-01  -7.4544744e-01
   2.9315019e-01   8.5502595e-02
  -5.5773105e-01   3.8167304e-01
  -2.0135193e+00   4.0331045e-01
  -1.7801718e+00   1.6820564e-01
   6.0923949e-01  -5.7082779e-01
   1.6146380e+00  -1.4470679e+00
   1.3309507e+00  -7.8986918e-01
  -1.8226423e+00   1.0256863e+00
   1.5772101e+00  -1.8545926e+00
   1.6846258e+00  -2.2031927e+00
  -8.0706338e-02  -5.1966449e-01
  -9.9965566e-01   7.0299085e-01
  -3.4477129e+00  -4.5453351e-01
   5.1716182e-01  -4.3181959e-01
  -1.8613546e+00   1.1000994e+00
   4.8684459e-02   3.0759779e-01
  -3.6592080e-01  -8.4678220e-02
   6.8015094e-01  -2.3517943e-03
   6.4381238e-01  -2.3289929e-01
  -2.3431843e-01   4.4105123e-01
  -4.7032880e-01   4.1105307e-01
  -9.8507967e-01   4.1619164e-01
  -1.2274535e+00   1.0274434e+00
   2.2294807e-01   6.6621640e-01
  -1.6608741e+00   8.3936807e-02
  -2.1857370e+00   7.8158925e-01
   4.0730626e-01  -1.1916203e+00
  -1.3122163e+00   4.9826624e-01
  -8.0635070e-01   1.4908619e+00
   3.6190165e-02  -4.0682073e-01
  -2.6530660e+00   4.8464309e-01
   1.7487992e-01   6.4603412e-01
  -2.4949329e+00   2.2976094e-01
   4.9041079e-01  -2.0400822e-01
   4.0375680e-01   8.7846202e-01
   1.2653290e+00  -6.0180952e-01
   5.3129584e-01  -3.8021116e-01
   1.2135933e+00  -1.5484108e+00
   1.7537198e+00  -1.7930710e+00
  -1.5477976e+00   1.1586655e+00
   6.1610262e-01  -5.9635649e-01
  -1.0213157e+00   6.0542493e-01
   1.4134747e+00  -2.0608381e+00
   3.6446951e-02   2.5565055e-04
  -1.6026778e+00   8.8247186e-01
  -2.6998240e-01   9.7048912e-01
   8.5378063e-01   2.1008294e-01
   8.5448939e-02  -2.1516220e-02
   7.1794622e-01  -4.3745248e-01
  -4.1128003e-01   1.1945386e+00
  -1.1804762e-01   7.2271753e-01
   1.1231244e+00  -6.9848789e-01
  -7.9239753e-01   8.8819220e-01
   1.4315906e+00  -1.2657913e+00
   3.0898944e-01   5.2271428e-02
  -1.4041291e+00   6.3878828e-01
   2.4227551e+00  -2.6646609e+00
  -6.5285708e-01  -4.7356533e-01
   3.0846780e-01  -1.0503962e+00
  -5.3091497e-01   6.2490011e-01
   1.8641964e+00  -1.4944877e+00
  -1.2656486e+00   5.8951456e-01
   1.0509613e+00  -1.0373317e-01
  -1.5646036e-01   5.6586423e-01
   6.0546106e-02   2.4833558e-01
   6.9700601e-01  -8.6833759e-01
  -2.9231680e-02   4.9195898e-01
   6.1209428e-01  -2.8145551e-01
  -5.2093893e-01   7.2826594e-01
  -1.0305513e+00   5.7499380e-01
   8.6586927e-01   9.9866405e-02
  -8.5485479e-01   1.2793343e-01
  -5.8391913e-01   1.1729235e+00
  -2.7458292e-01  -1.8827778e-02
  -3.5678259e-01  -7.0833724e-02
   9.0468791e-01  -9.3675386e-01
   2.1451719e-01  -1.2140160e+00
   1.8850646e-01  -5.1548932e-02
   9.5005261e-01  -9.5194339e-01
   1.1991876e+00  -1.0884535e+00
  -2.1525385e-01   9.9803358e-01
  -1.2534600e-01   7.6464094e-01
   4.6331488e-01  -4.1849382e-01
   1.4141560e-01   5.6193864e-01
  -8.6096055e-01   2.4280971e-01
  -4.7448505e-02   6.2838866e-01
  -8.2798882e-01   9.4179722e-01
  -9.7689030e-01   1.1599594e+00
  -3.7336409e-01   4.2615646e-01
   1.6386497e+00  -1.3332097e+00
  -4.4737500e-01   6.0517683e-02
  -7.5856400e-01   5.8173396e-01
   2.7026820e-02  -3.8780813e-01
   1.0455941e+00  -9.4561191e-01
   2.4943558e+00  -4.2002025e+00
  -2.5019259e-01   1.1904305e+00
  -2.7418654e-01   1.4366756e+00
   1.8423661e+00  -2.2232270e+00
   1.4049283e-01  -6.3977260e-01
   5.7870456e-01   3.6499917e-01
  -5.0286506e-01   4.4837700e-01
  -7.0628592e-02   8.3935889e-01
   4.2439137e-01   8.0768951e-01
  -2.3045548e-01   4.9915959e-01
   8.8238464e-01   1.5807368e-01
   1.0473669e+00  -1.1440548e+00
   9.9961548e-01  -1.2289456e+00
   8.4024954e-01   4.3841606e-02
   3.2336292e-01   6.0897239e-01
   2.4487960e-01   9.1242527e-01
   4.4568723e-01  -8.1666637e-01
   7.0731784e-01  -6.4391601e-01
   9.0010178e-01  -5.5145311e-01
   1.8316430e+00  -1.5252820e+00
  -4.9498728e-01   3.9135774e-01
   1.8504616e-01   1.8270990e-01
   3.4183771e-01  -8.4964469e-02
  -2.1777395e+00   5.1616708e-01
  -2.2677162e+00   1.1383232e+00
   5.2688947e-01  -4.1527056e-01
   6.4820884e-02   7.3916132e-01
  -2.3975342e+00   6.0216713e-01
  -1.8951138e-01   7.2066081e-01
  -2.3394930e+00   1.0555630e+00
   7.3742431e-01  -3.7309061e-01
   2.7903314e-01   2.1754169e-01
   1.7325939e+00  -2.0336401e+00
   8.2160564e-01  -1.0772492e+00
   2.3946703e-02  -5.4895880e-01
  -5.1135151e-01   2.1989036e-01
   1.1487274e-01   8.4009950e-01
   1.5097968e+00  -1.6485340e+00
  -9.8438547e-01   5.9191775e-01
  -1.1467476e+00   1.4735744e+00
   4.5686629e-01   2.0059327e-01
  -5.8591682e-02   1.1777128e+00
   5.5512262e-01   4.3364546e-01
   4.8826802e-01  -1.4674033e+00
  -4.8709432e-01   8.6385635e-01
   7.3342356e-01  -2.3478833e-01
  -2.4647679e-01   5.8484503e-01
   1.2692794e+00  -5.0580841e-01
  -2.9183702e-01  -1.7925004e-01
  -7.0717044e-01   9.9832657e-01
   5.8142038e-01   2.5640307e-01
   5.9768161e-01   2.4081921e-02
  -3.1412718e+00   2.0503128e-01
  -3.8413214e-01   6.5754838e-01
   2.0998400e-01   2.2148245e-01
  -1.2915953e-01   1.7541731e-01
   2.2697538e-01   7.6897027e-01
   3.5055293e-01   1.9366149e-01
   6.8104951e-01  -4.6566378e-01
  -4.4087767e-01   7.0128630e-01
  -1.4560207e+00   9.9235536e-01
   4.0698882e-01   3.7121276e-01
  -1.3893806e-01   1.1783657e+00
   1.3752979e+00  -1.7118753e+00
   4.2428623e-01   2.1657786e-01
  -1.0236040e-01  -4.0518324e-01
   1.1542814e+00  -5.1651791e-01
   1.8089862e+00  -2.0285537e+00
  -7.5543102e-01   7.0266675e-01
   1.4657647e-01   6.4882173e-02
   2.6262249e-01   2.4059690e-01
   1.3914459e+00  -1.7642325e+00
   6.3306779e-01  -1.5994173e-03
  -1.7362825e+00   1.1213390e+00
  -6.2524509e-01  -1.7962523e-01
  -6.7596664e-01   6.4869242e-01
  -1.9011687e-01  -7.3836822e-02
  -1.5767118e+00   1.7087338e+00
  -1.6316638e+00   2.0846311e-01
  -3.8433634e-01   1.0304457e+00
  -3.2223669e-01  -5.1392044e-01
  -3.2058290e-01   1.1828603e+00
  -1.0370990e+00   1.9196541e-01
  -7.9658617e-01   4.5166961e-01
   3.3689404e-01   4.0020669e-01
   1.7823988e+00  -2.3239338e+00
  -8.4404941e-02   6.1279006e-01
   6.2430727e-02   4.6045511e-01
   1.1738342e+00  -6.0660270e-01
  -9.0662077e-01   8.9830966e-01
  -2.2213304e-01   8.9267209e-01
   5.7559456e-01  -1.8062400e-01
  -9.5244017e-01   1.4650633e+00
   7.5034814e-01  -1.2741300e+00
   1.0577643e-01   9.4355530e-02
  -7.3472403e-01   5.1963129e-01
   1.7947779e+00  -1.9348974e+00
   8.6275095e-01  -5.7883624e-01
   1.7268964e+00  -1.8330224e+00
   1.3188489e+00  -9.8002278e-01
   8.2793254e-01  -9.8569021e-01
  -1.0342955e+00   1.0765607e+00
  -3.1814672e-01   9.4708463e-01
   5.9507666e-01  -1.1229980e-01
   1.5088311e+00  -1.6759524e+00
  -1.2276992e+00   9.1717780e-01
  -5.0436938e-02   2.4252443e-01
  -1.0557279e+00   3.6186723e-01
   8.8527626e-01  -7.0224573e-01
  -8.6397872e-01   1.1770478e+00
  -2.0351977e-02  -2.5783662e-01
   2.2387784e+00  -2.2817184e+00
  -1.3101158e-01   6.9893908e-01
   2.1436674e+00  -2.8867790e+00
   8.6922421e-01  -5.7697050e-01
  -4.7692988e-01   1.5040735e+00
  -1.1149268e+00   1.2991720e+00
  -2.9665843e-01   6.7243466e-01
   6.3443239e-01   1.5099037e-01
  -1.4621406e+00   1.0286643e+00
   1.6959695e-01   6.2663808e-01
   1.7477857e+00  -1.7771703e+00
   1.0658784e+00  -1.3440550e+00
  -1.3214987e-01   7.1027607e-01
   1.7610556e+00  -1.7469883e+00
  -1.1642384e+00   3.2780945e-01
  -8.1763225e-02   6.9127893e-01
  -1.2190055e+00   2.7847627e-01
   1.2854414e+00  -1.0940842e+00
  -7.4364240e-01   9.5492272e-01
  -3.6766360e-01   4.1463929e-01
  -8.2801862e-01   9.9989760e-01
   2.0124190e+00  -2.8620923e+00
  -1.2906889e-01   1.0107008e+00
   7.5324985e-01  -1.3605491e-01
   2.2577482e+00  -2.4858198e+00
   2.3876594e-01   6.4551578e-01
   7.1935828e-01   1.1401218e-01
   1.1631885e+00  -1.2617818e+00
   1.5981285e+00  -1.3474043e+00
   9.8845241e-01  -1.1280333e+00
   5.4952994e-01  -7.4235732e-02
   6.5426418e-01  -4.7787090e-01
  -3.6438411e-02   6.9554035e-01
   5.4731002e-01   1.1645318e-01
   2.0670268e-01   1.5142098e-01
   2.0347834e+00  -2.5954728e+00
  -7.3361467e-01   9.7692143e-02
   1.7701956e-01   5.2680374e-01
   9.8176397e-01  -5.6026745e-01
  -2.6230556e-01   8.6167238e-01
  -6.9527911e-01   1.5867895e+00
   1.0882994e+00  -2.0701817e-01
   1.5658119e+00  -6.7554442e-01
   3.0936516e-01   8.4697160e-02
   2.6101663e-01   2.1176156e-01
  -1.7121128e+00   1.1179361e+00
  -3.9800350e-01   8.5074487e-01
  -7.9827937e-01   6.0803879e-01
  -2.1770266e+00  -5.0661069e-03
   5.4706237e-01   8.3542900e-02
  -1.8678736e+00   1.7048136e+00
   1.3282731e-01   6.1291204e-01
   2.0263723e-02   6.1992340e-01
   1.2352501e+00  -1.3643996e+00
  -8.2631867e-01   1.0137618e+00
  -7.1645559e-01   1.0212455e+00
  -8.6138455e-02   1.1038522e+00
  -3.0449611e-01   1.6801520e-01
   6.3007950e-01  -1.0645143e-01
   8.7200754e-02  -5.2328558e-01
  -1.0691207e+00   1.2031262e+00
  -8.2836357e-01   1.2291001e+00
  -4.9117910e-01  -3.4674857e-01
   4.8729608e-02   8.8604222e-01
   1.3981147e+00  -7.9068829e-01
  -8.8642652e-01   7.2316514e-01
  -3.9365764e-01   2.8738952e-01
  -1.0100119e+00   5.7558190e-01
   1.1588539e+00  -3.8522861e-01
  -9.9616819e-01   4.2335930e-01
   1.9840738e-01  -4.3381825e-01
  -1.6959645e-01  -3.7724681e-02
  -4.8405177e-01   9.7992072e-01
   1.3556771e+00  -3.9986809e-01
   1.1682599e-02   6.9785210e-01
   6.1904625e-01  -9.9229707e-01
  -2.4770185e-01  -3.5992735e-01
  -8.3553754e-01   7.6548656e-01
   3.7651386e-01  -2.9084132e-01
   1.5920145e+00  -2.0024502e+00
   1.3034552e+00  -1.0431370e+00
   4.3941038e-01   2.6897513e-01
   2.5782791e-01   2.3465069e-01
   1.5550846e+00  -2.5121423e+00
   7.6572635e-01  -6.6934921e-01
  -7.8685756e-01   1.1581888e+00
  -4.5510280e-01   5.9968255e-01
  -9.0821245e-01   1.3153363e+00
   1.6738014e+00  -1.8735439e+00
   9.3126678e-01  -8.9293177e-02
   1.1570951e+00  -1.0128951e+00
  -7.5548600e-01   9.4099530e-01
  -1.6710794e-01   6.0570511e-01
   1.1256651e-01   5.0582662e-01
  -1.4023980e-01   3.6503947e-01
  -1.0173175e+00   1.0219860e+00
  -5.9644984e-01   1.1834512e+00
  -1.0501648e+00   1.9078132e-01
   8.1290261e-01  -1.2361241e+00
  -2.6135040e-01   1.0857214e-01
  -1.6955787e-01   1.0107780e+00
   3.8807652e-01   1.0329508e-01
   1.7520330e-01  -2.4201906e-01
   2.7397177e-01   9.7932701e-01
  -7.0911584e-01  -6.6586315e-02
  -2.4844558e+00   1.1268802e+00
  -2.3222887e+00   1.4580882e-01
  -7.3544166e-01   8.9597836e-01
   1.1988718e-01  -1.7579821e-01
   1.0316789e+00  -5.4891944e-01
   2.2879355e+00  -3.0419325e+00
  -7.5012112e-01   8.5588173e-01
  -1.1863654e+00   8.2609119e-01
  -1.3431876e-02   7.0445728e-01
   1.3570079e+00  -8.2554922e-01
   6.5983433e-01  -1.0298409e+00
  -4.3798792e-01   5.8370677e-01
   4.0562647e-01  -6.5700730e-01
   9.9898138e-01  -5.1620663e-01
  -6.5233973e-01   6.1492838e-02
  -1.5049009e+00   8.6542127e-01
  -2.0682818e-01  -6.9062779e-01
  -9.0948410e-01  -2.6450862e-01
  -3.8238837e-01   3.1811577e-01
   7.3728343e-02  -2.8837213e-01
   1.6421528e+00  -3.3910040e+00
  -3.2496544e-01   1.0020675e-01
  -1.6542121e+00   9.3308318e-01
  -7.1700502e-01   7.1670834e-01
  -7.8015960e-01   1.4358376e+00
   5.3574948e-01   2.6554537e-01
  -2.9247518e-01   8.2665046e-01
   1.7463766e-01   6.9828014e-01
  -4.0166123e-01   1.1687836e+00
   6.2642542e-01  -3.4478499e-01
  -2.1498443e-01   3.8812256e-01
   9.1932815e-01  -6.7530457e-01
  -2.0225826e+00   1.0723513e+00
  -1.6016563e+00   1.3035954e+00
   1.2019722e+00  -4.7653574e-01
