   5.3460271e-01  -6.6216484e-01
   1.5085460e+00  -1.6006714e+00
   7.8234773e-01  -6.7240805e-01
  -1.0430240e-01   6.6040383e-02
  -8.2174336e-01   8.8001175e-01
  -3.0445076e-02  -1.9561840e-01
  -8.4919029e-01   9.8731427e-01
  -6.2929342e-01   6.9198535e-01
   1.1681647e+00  -1.6700971e+00
   1.7465615e+00  -1.5081429e+00
  -4.2894775e-01  -1.6678881e-02
   1.2068217e+00  -7.9410642e-01
  -1.8157814e+00   1.8565945e+00
   8.6181618e-01  -8.4210975e-01
  -2.1717075e-01   6.7152762e-02
  -4.4446805e-01   2.7234292e-01
  -1.6446268e-01   1.2145060e-01
   1.1499986e+00  -1.2560030e+00
   2.5286633e-01   3.7533593e-01
   3.7801203e-01  -4.2382788e-01
   9.6697803e-01  -1.3454146e+00
  -9.1791406e-01   7.8605369e-01
   1.0926143e+00  -1.1990290e+00
  -5.6324102e-01   8.5573299e-01
   2.8851143e-01  -2.3640222e-01
   5.3256752e-01  -6.6535128e-01
   1.6134519e+00  -2.2295542e+00
   9.2312414e-01  -8.4341104e-01
  -1.3275352e+00   1.0013403e+00
  -4.2237881e-01   4.3502539e-01
  -3.4958715e-01   4.8002803e-01
   9.1328013e-01  -1.0527238e+00
  -1.2388369e+00   1.0075592e+00
  -1.2925653e+00   1.0813386e+00
  -1.6323669e+00   1.7087095e+00
  -1.1217996e+00   1.0037831e+00
   1.8805984e+00  -1.6070807e+00
  -2.9687854e-01   4.3318236e-01
   4.8153629e-02   1.5597745e-01
   5.5900415e-01  -3.4954940e-01
  -1.3903201e+00   1.2765989e+00
   4.9525619e-01  -6.5046914e-01
   1.0345667e+00  -1.1195015e+00
  -9.8574973e-01   8.6371254e-01
   6.7765329e-01  -6.2731068e-01
  -8.3074307e-01   9.1402771e-01
  -1.4492685e+00   1.3279697e+00
   6.7281373e-01  -5.8281585e-01
  -3.0307345e-04   2.6080878e-02
   5.7141370e-01  -6.0115030e-01
  -1.0742271e-01   1.5807041e-01
  -1.6196711e-01   3.9250037e-01
  -3.4044070e-01   4.7071523e-01
  -1.2845133e-01   5.7836681e-01
  -1.1520272e+00   1.1989784e+00
  -9.1121889e-01   9.2835020e-01
  -9.8788945e-01   9.4437035e-01
   3.4311162e-01  -4.6711705e-01
  -3.2841061e-01   1.7653695e-01
  -4.9781473e-02   9.4370951e-02
   7.3294279e-01  -5.7560294e-01
   4.1080343e-01   9.3242645e-02
  -1.1398722e-01   2.3796916e-01
  -1.0080171e+00   7.9886917e-01
  -9.8475172e-01   9.8372689e-01
   1.5126224e+00  -1.7609108e+00
  -1.3201494e+00   1.3935044e+00
  -2.2764107e+00   2.6847854e+00
   9.2447955e-01  -1.1903399e+00
  -2.1019948e+00   2.1808973e+00
  -1.1407678e-01  -2.5895195e-01
   7.7742493e-03  -1.7417039e-01
  -2.6672910e-01   3.4793651e-01
  -5.5849092e-01   5.7859900e-01
   7.2536516e-01  -5.6053263e-01
   1.7596531e+00  -1.5877948e+00
   2.4446978e-01   6.8085939e-03
   7.5000887e-01  -7.2151360e-01
   4.2874293e-01  -2.2032420e-01
  -4.2276210e-01   2.5653883e-01
   7.6151076e-01  -2.7851993e-01
  -4.1667183e-01   5.9888108e-01
  -9.8428513e-01   5.6315730e-01
   2.3916080e+00  -1.5658862e+00
  -1.3198935e-01  -9.6735843e-02
   7.4873723e-01  -4.8731413e-01
   3.5861105e-01   2.0773345e-01
  -5.9766595e-01   3.7013465e-01
  -1.0622112e-01   6.2415171e-02
   3.1624246e-01  -3.6782713e-01
   2.6208361e-01  -3.4851005e-01
   5.5041852e-01  -2.9591630e-01
  -7.1345525e-01   9.4075299e-01
   1.0048283e+00  -9.0039217e-01
  -1.0755841e+00   9.7918028e-01
   2.0048483e+00  -3.3161532e+00
   8.2311627e-01  -4.7238391e-01
   1.6983933e-01  -3.6211519e-01
  -2.2094758e-01   4.2884014e-01
   4.6982343e-01  -3.4903497e-01
  -1.3791570e+00   1.1327325e+00
   4.7826235e-01  -7.0820143e-01
  -8.5534674e-01   8.7940493e-01
   1.6722257e+00  -8.9245677e-01
   4.3720936e-01  -2.1307539e-01
   1.1349182e+00  -1.0427239e+00
   1.5803548e-01  -3.9130924e-02
  -1.4506282e+00   1.7088038e+00
  -3.7611206e-01   1.2808943e-01
   1.3989664e+00  -1.1802994e+00
   2.8193922e-01  -3.4457182e-01
   7.0607339e-01  -5.2682921e-01
  -2.4743050e+00   2.9896734e+00
  -1.3940347e+00   1.4705610e+00
   3.1334805e-01  -1.4354782e-01
   8.2911551e-01  -9.6163729e-01
  -5.4174052e-01   5.9928631e-01
   1.4000520e+00  -1.4521583e+00
  -1.2889106e+00   1.1304323e+00
   1.6364718e+00  -2.0575175e+00
   1.4279363e+00  -1.5759325e+00
  -1.4598967e+00   1.1014850e+00
   1.3668284e+00  -1.2517508e+00
  -8.1116562e-01   7.6347527e-01
   5.0187538e-01  -3.0831216e-01
  -1.1775394e+00   9.5479517e-01
   5.2839939e-02  -2.9270784e-01
  -4.7418669e-01   4.6967936e-01
   8.4670539e-01  -6.0184965e-01
  -1.3457465e-01  -1.5086535e-01
   1.4883040e+00  -1.2546891e+00
  -8.7071977e-02  -9.2987391e-02
   1.0237233e+00  -9.1783585e-01
   1.5121471e+00  -1.7034957e+00
  -3.6628665e-01   1.5070292e-01
   4.0213082e-01  -2.8254626e-01
  -1.0822549e+00   8.8139516e-01
  -3.3915664e-01   3.4028705e-01
   1.4645519e+00  -1.5204658e+00
  -9.2627323e-01   6.8731502e-01
  -4.6394690e-01   2.7666607e-01
   4.2905958e-01  -7.7312022e-01
  -5.1235112e-01   9.8142980e-01
  -1.1871108e+00   1.0495901e+00
  -6.4908930e-01   3.7091068e-01
  -1.5775661e+00   1.5064202e+00
  -1.4701135e+00   1.3264497e+00
  -1.4284848e+00   1.3972316e+00
  -1.1564052e+00   1.0622183e+00
  -7.1202023e-01   7.4582703e-01
   8.0463541e-01  -9.6253163e-01
  -7.6402327e-01   9.4029050e-01
   8.9362478e-01  -9.5318707e-01
   1.5339962e-01   1.9105673e-02
   1.6762096e+00  -1.8493968e+00
   2.3560003e-01  -2.7105719e-01
   5.6122133e-01  -1.8573054e-01
  -1.5576977e-01   2.4284932e-02
  -2.4226065e-01   2.4839151e-01
   6.0100936e-01  -5.2503247e-01
   5.7912049e-01   3.3615438e-02
  -1.4465416e+00   1.4151176e+00
   4.8866040e-01  -1.7854676e-01
   2.6028110e-02   1.3379404e-01
  -5.2382836e-03  -2.5348290e-02
  -1.0813557e+00   7.6661973e-01
  -1.7762555e+00   1.4307093e+00
  -2.0631242e+00   2.4651713e+00
   3.0230521e-01  -4.7358284e-01
  -1.9847579e+00   2.0737014e+00
   8.6385734e-01  -6.2500541e-01
  -2.7613453e-02   2.9122551e-01
   3.0413690e-01  -6.6429673e-01
   1.7602984e+00  -1.9574650e+00
  -1.7683846e+00   1.7766485e+00
   9.5274324e-01  -7.4441101e-01
   1.0577049e+00  -4.3012035e-01
  -8.7612848e-02   3.0220401e-01
  -9.2267167e-02   2.3231919e-01
  -4.7876861e-01   5.3996096e-01
  -1.2429270e+00   1.0301050e+00
   7.6360676e-01  -8.5727545e-01
   1.2097610e+00  -1.2524679e+00
  -1.4828626e-01  -8.1329473e-02
   4.9078386e-01  -2.4383436e-01
  -5.5565359e-01   4.5144441e-01
  -7.9339646e-01   6.5245075e-01
  -1.5453494e+00   1.2054017e+00
  -1.0511600e+00   9.9823047e-01
   6.7143065e-01  -6.2273514e-01
   8.2722800e-01  -5.1879998e-01
   1.1376882e+00  -1.1635278e+00
   7.1339893e-01  -1.0575609e+00
   6.0340840e-01  -4.8203709e-01
   7.8445566e-01  -5.6132616e-02
  -3.3857448e-01   3.2309159e-01
   1.3819619e+00  -1.4550910e+00
   1.6685969e+00  -1.3832834e+00
  -5.3516672e-01   5.6319148e-01
  -9.0138047e-02   1.5770082e-01
  -5.0746475e-01   4.2948203e-01
   1.1241127e+00  -1.1135747e+00
  -9.0299568e-01   9.6926324e-01
   1.2351575e+00  -1.2916874e+00
   1.6643019e+00  -1.0078624e+00
   4.8756384e-01  -1.5441276e-01
  -7.0498357e-01   1.0642824e+00
   4.5275873e-01  -5.0832557e-01
  -6.0454577e-01   4.8880760e-01
  -1.4172609e-01   6.4172679e-03
  -2.0834128e+00   2.3116127e+00
  -5.9501540e-01   5.3381412e-01
  -1.4599421e+00   1.3789250e+00
  -7.9993792e-01   2.5426155e-01
   5.7003078e-01  -6.0708147e-01
   1.4322852e+00  -1.5161337e+00
   1.0874282e-02   1.0474713e-01
  -2.5632258e+00   3.7515372e+00
   3.5810707e-01  -1.6811649e-01
   5.1682917e-01  -2.3651600e-01
  -1.6727613e+00   1.3985604e+00
  -1.8392279e-01   4.1824877e-01
   1.1616160e+00  -8.8485014e-01
  -4.8257505e-01   4.0961430e-01
  -4.2294881e-01   4.8061846e-01
   5.5887561e-01  -7.2487418e-02
   1.2006783e-01  -2.5501106e-01
   6.2659400e-01  -5.0829005e-01
  -1.5169032e+00   1.2870881e+00
  -1.7673941e+00   1.4752397e+00
  -4.1204558e-01   3.7456924e-01
  -2.1806638e+00   2.3654531e+00
  -5.7946962e-01   4.9002509e-01
  -7.0710872e-01   5.3808350e-01
  -6.6888633e-01   6.3997310e-01
  -1.9626538e+00   1.7672158e+00
   7.2172342e-01  -6.1001660e-01
  -3.0394680e-01   8.4485449e-01
   6.8555503e-01  -5.9956247e-01
   2.4738643e-01  -5.2891295e-01
   8.1031196e-01  -7.2740379e-01
   2.4420366e-01  -3.4541916e-01
  -9.8388358e-01   6.4272351e-01
  -1.1312909e-01   2.3259252e-01
   1.1220067e+00  -1.0788224e+00
   6.3214296e-01  -6.0431664e-01
   4.5402956e-01  -6.7516273e-02
   3.6694862e-01  -7.7846216e-02
  -6.9359002e-01   7.9014424e-01
  -1.9931085e+00   1.9554777e+00
   5.5419208e-01  -5.8401000e-01
  -9.6289469e-01   8.2683882e-01
   1.0097506e-01  -1.2790648e-01
   2.4238772e+00  -2.3190161e+00
   2.9827856e-01   1.1093531e-01
   7.4606729e-01  -5.8357236e-01
   3.7728650e-01  -1.4251158e-01
   1.8394806e+00  -1.8420185e+00
  -7.5793139e-01   7.4453675e-01
  -1.3111738e-01   2.2955054e-01
  -9.4892290e-01   9.7604688e-01
  -1.1662821e-01   2.3091613e-01
   5.2590332e-01  -4.2259530e-01
  -2.1585733e+00   2.2632566e+00
   5.9224714e-01  -6.4096470e-01
  -3.2123423e-01   1.3716876e-01
  -1.7543811e+00   1.4211404e+00
  -2.4745935e-01   3.1684527e-01
  -1.2102216e+00   1.1850174e+00
   4.6377042e-02   4.5735114e-02
  -7.2292758e-01   7.2547987e-01
  -1.6373455e+00   1.7022156e+00
   1.3555974e-01  -2.3519184e-01
   2.0384972e-01  -2.0788135e-01
  -1.0607830e+00   9.2625395e-01
   8.1570703e-01  -4.7579196e-01
   2.1750331e-01  -1.4800009e-01
  -6.6550481e-01   5.6835553e-01
  -7.9298929e-01   5.9046671e-01
  -1.5610523e+00   1.6174832e+00
  -1.0825510e+00   8.0469885e-01
  -1.8422691e+00   1.9445156e+00
   8.5373222e-01  -1.1975798e+00
  -5.9814442e-01   1.6442963e-01
  -7.9776684e-01   5.8343643e-01
   4.7043835e-01  -3.7861706e-01
   1.1441180e-01  -5.9096310e-02
   4.5961387e-01  -4.0653726e-01
  -1.3914810e+00   1.3877809e+00
   1.2933241e+00  -1.0391194e+00
  -9.9635807e-01   8.4784287e-01
   1.2279718e+00  -1.2030222e+00
   4.8962445e-03  -2.3454143e-03
  -1.8739216e+00   1.9468596e+00
  -8.1406137e-01   7.4206060e-01
   1.1574563e+00  -9.9793837e-01
   6.9368272e-01  -5.8770130e-01
  -5.3633003e-01   4.5172421e-01
   2.6932235e-01  -1.6551383e-01
  -5.9357988e-01   5.0952745e-01
  -1.8961412e-01   3.8798074e-01
   1.4645974e+00  -1.2533398e+00
   3.0690119e-01  -3.4768010e-01
   1.1281637e+00  -3.1859830e-01
  -1.1454437e+00   1.1757503e+00
   4.0776646e-01  -5.2165143e-01
  -1.0717694e-01   2.1226962e-01
   6.0227166e-02   1.8437674e-01
   1.2820660e+00  -9.9703754e-01
   7.1259010e-01  -7.8693499e-01
   5.3356490e-01  -3.9484043e-01
   4.7504765e-01  -4.3896011e-01
   7.8968567e-01  -4.4116067e-01
  -1.0912973e+00   1.0095228e+00
   8.8454870e-01  -8.9837086e-01
  -7.8682939e-01   7.1837505e-01
   5.4662963e-01  -4.0762831e-01
   2.7691716e-01  -2.7307998e-01
  -1.3269002e+00   1.3768415e+00
   1.3851275e+00  -1.4413314e+00
   1.3651018e+00  -1.3307935e+00
   4.2367568e-01  -4.6444365e-01
  -6.8499311e-01   4.5077037e-01
  -2.6433924e-01   1.7010307e-01
  -1.2230613e+00   9.7354001e-01
  -1.3480318e-01   1.2206816e-01
   1.0371783e+00  -9.7209989e-01
   4.4570033e-02   8.9031089e-03
   5.7871234e-01  -5.7204495e-01
  -4.1071252e-01   4.8131048e-01
   6.8026705e-01  -3.5451001e-01
  -3.2509348e-01   4.3499683e-01
   5.6703524e-02   3.0680737e-02
   1.8544634e+00  -2.6260209e+00
   3.4443804e-01  -3.1941466e-01
  -1.9017192e-02  -1.1340153e-01
   1.5233230e-01  -1.6542862e-01
  -1.0703866e+00   1.0268490e+00
   2.3881856e+00  -1.9091784e+00
  -2.0373053e+00   1.7239038e+00
  -1.4330285e-01   1.3079230e-01
  -1.2957772e+00   1.2499661e+00
  -8.7138546e-01   5.7720800e-01
  -4.0642501e-01   1.6492189e-01
  -9.6508504e-01   6.9464696e-01
  -5.6581202e-01   2.4619602e-01
  -2.0555298e-01   1.9523881e-01
  -7.5437740e-01   6.8806824e-01
  -1.2044014e-01   5.4065892e-02
  -1.0150991e+00   1.0548174e+00
   1.4615599e+00  -1.8317931e+00
  -1.4095218e+00   1.5169204e+00
  -3.1284543e-02   6.4235389e-01
  -1.2346964e+00   1.2665171e+00
   2.8619358e-01   2.1148147e-01
   9.3554988e-01  -1.1348416e+00
   7.5647478e-01  -5.8099585e-01
   4.4097038e-01  -4.3204588e-01
   9.2312721e-01  -3.4798740e-01
   9.4506827e-01  -6.1658289e-01
   8.5734321e-01  -1.1269835e+00
  -1.1279116e+00   1.0679063e+00
  -1.9863349e+00   2.5398482e+00
   8.9771992e-03   6.4078586e-02
  -2.7434255e-01   3.3122229e-01
  -4.5745894e-01   2.8031374e-01
   8.5815507e-02  -2.6175154e-01
   5.6189165e-01  -7.1536987e-01
   1.0989239e+00  -5.8495269e-01
   3.2733777e-01  -6.6866104e-01
   9.3946273e-01  -8.5359513e-01
   1.2745170e+00  -6.3249949e-01
  -2.5353916e+00   3.3321065e+00
  -6.6912782e-01   5.5116101e-01
   6.7727077e-01  -7.2033579e-01
   1.6742983e+00  -1.8684931e+00
  -5.5469559e-01   4.4663026e-01
   1.6403760e+00  -1.7547887e+00
   1.5340933e+00  -1.5903983e+00
   1.2059433e+00  -1.2368063e+00
  -2.3480556e-01   3.1744453e-01
  -1.8439518e+00   1.9865308e+00
  -1.6354993e-02   8.6427309e-02
  -2.5350948e-01   4.1224010e-01
   9.9541951e-01  -3.8603822e-01
   2.8022412e-01  -3.1713275e-01
   6.3281849e-01  -5.2033294e-01
  -5.3724874e-01   3.3360157e-01
  -1.9046023e+00   1.8028359e+00
   4.0664553e-01  -4.0550357e-01
  -1.3149070e+00   1.0096990e+00
   8.7049449e-01  -9.3525316e-01
  -1.1107278e+00   1.1752577e+00
   1.7882423e-01   3.5802886e-01
  -1.5994231e+00   1.7246982e+00
   1.0410997e+00  -1.1883932e+00
  -6.1502030e-01   4.3498640e-01
   1.8282800e-01  -2.8934600e-01
  -2.1187600e+00   2.0633298e+00
   1.9758299e-01  -2.7119469e-01
  -1.0569409e+00   9.8602534e-01
   5.3339602e-01  -6.2278107e-01
  -1.6203187e+00   1.3237437e+00
  -1.9032252e+00   1.8040438e+00
  -8.6891868e-01   5.5056950e-01
  -1.5123504e+00   1.2179516e+00
   5.0216984e-01  -2.9765127e-01
   9.1576132e-01  -2.5777111e-01
   1.0221395e+00  -9.2369428e-01
  -1.5745147e+00   1.4384347e+00
  -3.3276615e-01   2.7713546e-01
  -5.3510744e-01   4.9528530e-01
   1.4323081e+00  -9.1028173e-01
   1.0309438e+00  -1.3030692e+00
   4.9020304e-01  -4.1074175e-01
   5.3538333e-01  -4.5431597e-01
   1.3816418e+00  -1.3092306e+00
   8.2380294e-01  -7.6135422e-01
  -4.8297366e-01   2.1589274e-01
  -9.5110334e-01   6.6216958e-01
   9.1461550e-01  -6.0728383e-01
   1.2499973e-01  -1.3980342e-01
  -2.2047909e-01   1.8778841e-01
   4.4025246e-01  -2.5113201e-01
   2.3252238e+00  -3.1640566e+00
   1.1691316e+00  -1.1884029e+00
   2.2375566e-01  -5.2980742e-01
  -3.2703978e-01   3.5652768e-01
   6.2789540e-01  -6.2488358e-01
  -4.4981130e-01   4.9867858e-01
  -5.7537877e-01   6.4019974e-01
  -3.4067663e-01   2.7749349e-01
   3.7572579e-02  -2.3151782e-01
  -4.2135842e-01   3.9297233e-01
  -2.8633409e-01   1.4196267e-01
  -4.0001172e-01   2.1422884e-01
   1.2230177e+00  -1.3004953e+00
   1.6196982e+00  -1.6326423e+00
  -3.6622534e-01   4.4489116e-01
  -5.7104267e-01   5.9649738e-01
   1.3374666e+00  -1.3232026e+00
   7.9080332e-02  -3.6720220e-02
  -4.8480879e-01   4.3436085e-01
  -1.4933409e+00   1.3980253e+00
   8.6074884e-01  -8.9784521e-01
   4.8384920e-01  -4.9817900e-01
  -1.9125403e-01   1.6388213e-01
   5.2519636e-01  -1.6746006e-01
   1.0089262e+00  -6.5592196e-01
   5.4268011e-01  -5.7948877e-01
   2.5030500e-01  -2.4515843e-01
   8.6643858e-01  -8.2506201e-01
   1.5284259e+00  -1.3763538e+00
  -8.3272312e-01   9.7528305e-01
  -6.0783070e-01   5.4619798e-01
  -7.3788703e-01   5.7106972e-01
   1.7773564e+00  -2.3471756e+00
  -1.0378963e+00   1.2100871e+00
   1.0904829e-01  -4.2779037e-02
   1.2128008e+00  -1.5470485e+00
  -6.6336860e-01   5.3873903e-01
   1.1690559e+00  -2.9395436e-01
  -4.3418583e-01   3.0310872e-01
   7.6406310e-02  -2.4667050e-01
  -5.6228700e-01   7.1369968e-01
  -1.3168861e+00   8.9055116e-01
   5.7874442e-01  -7.8175115e-01
  -1.4209843e+00   1.3027165e+00
  -1.5501264e+00   1.4379714e+00
  -1.4069052e+00   1.0988786e+00
  -7.1546488e-02   4.2924013e-01
  -6.1943895e-01   6.8539425e-01
  -5.5736243e-01   3.9178085e-01
   6.4214291e-02  -1.1614713e-01
   1.5120264e+00  -1.6054981e+00
   7.1889347e-01  -6.9627363e-01
  -1.0840090e+00   8.0722949e-01
  -1.5684347e-01   1.7234532e-01
   2.1313841e+00  -2.7045068e+00
  -4.4570421e-01   1.8061003e-01
  -7.3575938e-01   4.4829575e-01
   1.0178525e+00  -8.2289797e-01
  -5.3066182e-01   4.3401192e-01
   2.3603089e-01  -1.2707141e-01
   1.3383201e+00  -1.2928457e+00
   1.3088902e+00  -1.3349244e+00
  -1.0514561e+00   8.4895965e-01
  -1.0961452e+00   9.7248200e-01
   9.9813619e-01  -9.6728350e-01
  -1.5872532e-01   1.0687869e+00
  -6.5171274e-01   5.2495749e-01
   7.7054829e-01  -4.5475872e-01
   1.2509544e+00  -1.5833532e+00
   1.1804511e+00  -1.0775871e+00
  -9.3989422e-02   1.5021683e-01
   7.4210521e-01  -9.9483255e-01
  -1.1219408e+00   1.0012956e+00
  -1.2248601e-02   5.9687450e-02
  -2.6150453e-01   1.3060892e-01
  -1.4572790e+00   9.2404636e-01
  -4.3835246e-02  -1.2955720e-01
  -4.1176824e-02   1.7413834e-01
  -7.0359833e-01   6.6892882e-01
  -7.2606888e-01   5.4079442e-01
   6.8543210e-01  -7.3469566e-01
  -3.2512970e-01   3.4894645e-01
   5.7146113e-01  -3.7706520e-01
   4.5383024e-01  -5.1240630e-01
  -1.2958190e+00   1.2716432e+00
  -9.8608026e-01   1.4091526e+00
  -3.5416998e-01   3.4436413e-01
   1.5220763e-01  -1.8003787e-01
   1.1111011e+00  -1.3083992e+00
  -3.1976414e-03   1.6729666e-01
   5.9068569e-01  -4.0237765e-01
   7.4582683e-01  -6.4960423e-01
   1.2398275e+00  -1.6719809e+00
  -1.3112630e-01   2.2809257e-01
  -1.6644929e-01   3.6237073e-01
   1.2851302e+00  -5.7463473e-01
  -1.4038915e+00   1.2700024e+00
   3.8882413e-01  -3.4243381e-01
   1.6659077e+00  -1.8190220e+00
   6.0829962e-01  -3.4412400e-01
  -4.6795175e-01   6.0027907e-01
  -1.2437111e+00   1.0111062e+00
  -6.8261926e-01   3.6537355e-01
   7.9589916e-02   6.7081519e-02
  -1.3309609e-01   2.9575471e-01
  -2.6362753e-01   9.8337388e-02
  -3.5546930e-02  -1.5952865e-01
  -2.7289860e-02  -1.3104112e-01
   5.9927625e-01  -5.2766679e-01
  -2.2398709e+00   2.1320894e+00
   9.7091103e-01  -8.5589997e-01
   1.1716699e+00  -1.4048316e+00
   2.5120526e-01  -2.7472501e-01
   1.1537814e+00  -1.0021476e+00
  -6.2695047e-01   8.0919514e-01
  -1.0670342e+00   1.1449494e+00
   3.6097753e-01  -1.2585942e-01
   1.9812860e-01  -1.1113567e-01
  -1.2682139e+00   1.0806384e+00
  -1.3125145e+00   1.0103517e+00
  -1.3691619e+00   1.2971165e+00
  -9.7132649e-01   7.5951549e-01
   1.0485548e+00  -7.5944463e-01
  -7.7617202e-01   6.8138435e-01
  -5.6945358e-01   4.2314985e-01
   4.3238621e-01  -3.2403380e-01
   5.1065080e-01  -2.9302536e-01
   1.1778648e-02  -1.2284438e-01
   4.9545964e-01  -4.6647766e-01
   6.5007343e-01  -6.1169154e-01
  -1.7812652e+00   1.6408219e+00
  -1.4414076e+00   1.4503873e+00
   1.1457426e+00  -1.0919886e+00
   4.5967489e-01  -4.7058270e-01
  -9.6126374e-01   1.0042003e+00
   1.3264329e+00  -1.2165447e+00
   1.4489604e+00  -7.8798269e-01
   7.2016534e-01  -3.5549420e-01
   4.3568526e-01  -5.3797520e-01
   5.3514867e-01  -6.8117093e-01
   6.0111463e-01  -5.5718383e-01
   2.8631679e-01  -2.2583948e-01
  -1.2981166e+00   1.2978090e+00
   2.5149358e-01   1.0985109e-04
   6.0942466e-02  -1.6274415e-01
  -1.8048136e+00   1.7582381e+00
   8.1027143e-01  -8.7967090e-01
  -1.3653874e+00   1.3235720e+00
  -7.3833339e-01   5.6807339e-01
  -1.4281698e+00   1.3104178e+00
  -3.4330802e-01   2.5424251e-01
   8.1341311e-01  -8.9283303e-01
  -7.8578200e-01   7.0395525e-01
   5.9135150e-01  -5.7940847e-01
   3.3339752e-01  -3.1006421e-01
  -5.5485689e-01   5.2722949e-01
  -9.8325745e-01   1.0338425e+00
  -1.3634934e+00   1.1711771e+00
   1.6571938e+00  -1.7282058e+00
  -1.9955647e-01   2.9981664e-01
  -1.8794799e-01   1.6796524e-01
   2.8374849e-01  -1.7666293e-01
  -1.0807371e+00   9.5269977e-01
   7.6182857e-01  -7.3547149e-01
  -1.8879575e-01   3.2556412e-01
   1.6628814e+00  -2.0826953e+00
  -2.5791846e-01  -7.3715320e-03
  -8.7445123e-01   8.0306016e-01
   8.2126821e-01  -4.4159406e-01
   1.3321597e+00  -1.3862549e+00
   1.7059880e+00  -1.8976010e+00
  -1.2408069e+00   1.0693703e+00
  -1.1681135e+00   8.8779290e-01
   1.4018356e+00  -1.5726146e+00
   5.2668644e-01  -2.6131951e-01
  -4.9282226e-01   3.7765977e-01
   1.3936174e+00  -1.3741561e+00
   1.2423000e+00  -1.0829851e+00
  -4.9082766e-01   5.2419709e-01
  -2.2256393e+00   2.3260015e+00
  -7.1220934e-02  -2.7293334e-01
   4.7985293e-01  -1.7990745e-01
  -1.9515122e-01   2.4867470e-01
   1.4533648e-01   3.0214212e-04
  -6.4086567e-01   6.4822828e-01
  -1.3907655e+00   1.6232732e+00
   4.6807308e-01  -5.2012494e-01
  -1.1143839e-01   2.7364856e-01
  -1.7873795e+00   1.3475192e+00
  -3.2816929e-01   2.9739766e-01
  -7.6540305e-01   6.9268199e-01
  -8.3869932e-01   9.8564369e-01
  -4.0927509e-03   1.1535375e-02
  -4.6024731e-01   3.1684619e-01
   7.3717683e-01  -7.1576314e-01
   1.4747409e-01  -1.0762593e-01
  -2.1388745e-01   3.2501219e-01
  -1.7813893e+00   1.7988971e+00
   4.3267167e-01  -2.9229752e-01
  -2.9562507e-01   3.1289080e-01
  -5.2384480e-01   6.9406463e-01
   1.1339097e+00  -8.2242096e-01
  -9.2984816e-01   7.9204594e-01
  -1.2612450e+00   9.0647427e-01
   7.3085630e-01  -6.1678412e-01
   1.2373659e-01  -1.1062698e-01
  -9.8095392e-02   1.6886024e-01
   1.2661066e+00  -1.8937492e+00
   2.9319110e+00  -3.0658663e+00
   4.9002023e-01  -3.7236170e-01
   3.7368820e-01  -3.3161454e-01
   9.0617697e-01  -1.1397681e+00
  -2.4746831e+00   2.9602339e+00
  -7.9929923e-01   7.1490088e-01
  -1.1955009e+00   1.0562736e+00
   2.0560502e+00  -2.0020576e+00
   2.0253998e+00  -3.1522209e+00
   7.5637094e-01  -9.5662707e-01
  -1.3591348e-01   6.0220225e-02
  -1.3456082e+00   1.3148658e+00
  -9.8165691e-01   1.0466369e+00
   7.3143928e-01  -8.3474710e-01
   1.6217514e+00  -1.9066182e+00
  -1.0758944e+00   1.4280660e+00
   1.9366243e+00  -2.6197555e+00
   2.0907036e-01  -2.9209739e-01
  -3.7963279e-01   5.1816070e-01
  -1.3089535e+00   1.0467000e+00
   1.8634990e+00  -2.5451363e+00
   9.6601518e-01  -9.5925756e-01
  -6.6813297e-02   6.1531971e-02
  -1.2906668e+00   1.4816110e+00
  -1.3531015e+00   1.3316887e+00
   7.6617168e-01  -6.9444334e-01
   4.7873799e-01  -3.6599727e-01
  -1.0829441e+00   8.5522185e-01
   1.1377818e+00  -1.2750592e+00
   1.8067223e+00  -9.8823259e-01
  -1.3031884e+00   1.0346674e+00
   1.7327570e+00  -1.6247433e+00
   8.2793466e-01  -6.3363331e-01
   1.1494933e-01  -3.0023304e-01
  -1.5254329e+00   1.1767730e+00
   1.4496224e+00  -1.6670323e+00
  -1.6285713e-01   6.2546251e-01
   1.9562174e+00  -2.3497088e+00
   2.9574219e-01  -5.1303852e-02
   1.8228080e+00  -7.5235425e-01
   2.5625828e-01  -1.4768770e-01
  -1.0352730e+00   8.5336393e-01
   3.6219391e-02   6.1937340e-02
   1.2680666e-01  -8.7054931e-02
   2.5023101e-01  -2.5512985e-01
  -1.4502087e+00   1.3612322e+00
  -1.6448753e-01   7.9356633e-02
   1.1380284e+00  -1.0189543e+00
  -2.0254768e+00   2.0131164e+00
  -1.1244766e+00   6.2850645e-01
   2.5173997e-02   7.4416923e-03
   1.0121949e+00  -8.7639220e-01
  -1.9607005e-01   3.5268156e-01
   6.0247607e-01  -7.6437556e-01
  -2.6240120e+00   2.9081340e+00
   7.8725785e-01  -5.6467404e-01
   5.8515227e-01  -5.9579410e-01
   9.1445832e-01  -7.4873469e-01
  -4.7315162e-01   4.3210996e-01
  -3.7481518e-01   4.8611516e-01
  -4.4697758e-01   3.3883754e-01
  -1.0260153e+00   1.1603823e+00
   9.8584645e-01  -4.8110266e-01
  -4.8978893e-01   4.2062816e-01
  -9.7716511e-01   8.6575164e-01
  -1.3921156e-01   3.2487792e-01
  -1.9840626e+00   2.1050835e+00
  -1.3134828e+00   1.0801597e+00
   3.1560598e-01  -2.2832592e-01
  -2.4851540e-01   2.8392576e-01
   7.4848248e-01  -6.9867927e-01
   6.9426597e-01  -8.2194928e-01
   1.8935174e+00  -1.9852816e+00
   1.4076049e+00  -1.4344789e+00
   1.1485342e+00  -1.0351837e+00
   9.7234066e-02   1.7035990e-03
   3.8324220e-01  -2.6161654e-01
   2.9457344e-01  -3.4169465e-01
   1.1383922e+00  -1.2135495e+00
  -7.0003627e-01   4.4754666e-01
  -2.2792477e-01   1.0614464e-01
  -1.1406661e+00   1.0608046e+00
  -1.7718731e+00   1.5741760e+00
   5.8278646e-01  -1.0438408e-01
   3.4996782e-01   7.6042371e-02
   1.1957052e+00  -1.5212407e+00
  -1.0831866e+00   1.0830103e+00
  -4.3609313e-01   2.7128075e-01
  -2.6412904e+00   2.8433014e+00
   1.6150036e+00  -1.7240524e+00
  -1.2189086e-01   1.4634854e-01
  -2.6138195e-01   1.6309928e-01
   9.2268044e-01  -6.1020773e-01
   8.7411875e-01  -9.2380389e-01
   8.9840398e-01  -8.7405490e-01
   1.3488437e-01   4.4146323e-02
   1.5469592e+00  -1.3344770e+00
  -1.1264933e+00   9.7297745e-01
  -1.9245090e+00   1.6738831e+00
   3.8195618e-01  -4.6240307e-01
  -1.0614495e+00   7.9406658e-01
  -9.2279140e-01   9.2915072e-01
   5.0618340e-01  -1.4824481e-01
  -1.2225130e+00   1.0785883e+00
   9.3673645e-01  -4.7814184e-01
   1.1382807e+00  -8.3630332e-01
   4.4398359e-01  -2.1765332e-01
  -6.7965561e-01   5.6884964e-01
  -8.7308552e-03  -1.1915693e-01
   4.5077827e-01  -4.6320946e-01
   3.1258821e-01  -3.4756000e-01
  -1.5971072e-01   1.0578959e-01
  -4.9323830e-02  -8.1695666e-02
  -3.3178306e-01   7.4222461e-01
  -6.4525375e-01   6.5551682e-01
   3.1791556e-04   1.0290495e-01
   7.3301699e-01  -7.8477443e-01
   4.5205010e-01  -3.4031563e-01
   3.8435595e-01  -2.1556359e-01
   1.7175774e+00  -1.8048675e+00
   4.9143383e-02   2.1856664e-01
   5.1675548e-01   5.2347782e-02
  -1.9680241e+00   1.7778742e+00
  -1.4214315e+00   1.5058243e+00
   7.7448476e-01  -5.5592291e-01
   4.1643384e-01  -2.9726637e-01
   2.0972728e-01  -2.0897510e-01
  -7.6306563e-01   7.7955312e-01
   6.2454551e-01  -5.6206353e-01
   1.7166403e+00  -1.8995914e+00
  -1.4185361e+00   1.3703651e+00
   9.9009071e-01  -1.2161769e+00
  -6.6229282e-01   6.0990227e-01
  -7.6938529e-01   9.1334579e-01
  -6.4596565e-01   6.9253518e-01
   3.2231904e-01  -3.2282661e-01
   2.5856461e-01  -2.6929718e-01
   1.5841944e+00  -1.7216672e+00
   6.6853769e-01  -4.5261102e-01
   5.4823626e-01  -7.5800513e-01
  -7.5413860e-02   9.2126278e-02
  -4.2740984e-02   4.5711456e-01
  -1.2050213e+00   9.7417570e-01
   5.8053169e-01  -5.1989605e-01
   1.7809783e+00  -8.2569666e-01
  -1.6273951e+00   1.5448032e+00
  -8.1218668e-02   6.4894299e-02
  -4.3490867e-01   4.4764661e-01
   1.2669199e-01  -5.6888241e-02
   5.6166077e-02   1.4149296e-01
   8.6484574e-01  -7.3202928e-01
   1.6776623e+00  -1.7039565e+00
   8.0459787e-01  -8.1309524e-01
  -4.1973275e-01   4.3822608e-01
   6.2781580e-01  -7.6956994e-01
  -1.5948311e+00   1.3442581e+00
  -1.5858844e+00   1.3225964e+00
   2.1029693e-01  -1.3797254e-02
  -8.1268133e-01   6.9361491e-01
   2.1137736e+00  -2.5556697e+00
  -2.3055952e-01   5.1188643e-01
   1.8556558e+00  -1.7068075e+00
   5.3313182e-01   1.6093376e-01
  -1.6078014e+00   1.4801103e+00
   6.3812955e-01  -3.1612958e-01
   6.1522001e-01  -7.1904754e-01
   3.6864555e-01  -2.5114063e-01
  -5.0733193e-01   8.4530230e-01
  -4.0160592e-01   4.8284742e-02
  -4.1013647e-01   4.1079366e-01
   8.8733904e-01  -9.1480655e-01
  -1.6758691e+00   2.1414899e+00
  -1.6577675e+00   1.5649347e+00
   1.2900941e+00  -9.7564159e-01
   4.6572469e-01  -5.1266063e-01
   3.3743727e-01  -2.3686225e-01
  -7.7242139e-02   3.6531008e-02
   5.1338303e-01  -3.6436528e-01
   8.8471098e-01  -9.3946063e-01
  -9.5858830e-01   9.4866786e-01
  -7.0255518e-01   7.4072624e-01
   2.0374937e+00  -2.6707629e+00
   1.8319524e+00  -1.9419540e+00
   5.9699512e-01  -3.6741652e-01
   1.6165453e+00  -1.7246577e+00
  -1.7888444e-01   3.3953086e-01
  -1.2956990e+00   9.3611282e-01
  -1.6334976e+00   1.4913787e+00
  -2.9981182e-01   1.0367326e-01
   4.1879425e-01  -3.3514831e-01
  -1.1087326e+00   9.1974232e-01
  -1.7803684e-01  -1.3320743e-01
  -1.0778558e+00   8.9378588e-01
   2.8625753e-01  -2.8835598e-01
   4.7512078e-01  -6.1409058e-01
  -5.2634311e-02   1.8189836e-01
  -9.8047782e-01   9.5388463e-01
   1.4401125e+00  -1.3066186e+00
  -7.9544196e-02  -3.1358541e-02
  -7.2825233e-01   5.7773805e-01
  -3.7952869e-01   2.8132306e-01
   9.8635849e-01  -9.7835484e-01
  -6.0075983e-01   7.7949896e-01
   7.5264537e-01  -6.0252531e-01
   1.2982592e-01  -1.7109182e-01
   3.9876775e-01  -3.5624313e-01
  -1.6184350e+00   1.6745388e+00
   1.9721932e+00  -2.6515010e+00
  -4.1460048e-01   4.6496145e-01
  -8.4932252e-01   9.9734757e-01
   1.4399759e-01   1.8524233e-01
  -3.7926503e-01   3.3648703e-01
   8.5635490e-01  -9.8612733e-01
  -3.9278603e-01   9.3574077e-02
   2.3752554e-01   3.5137647e-02
  -1.3566066e+00   1.1630353e+00
   1.5380049e+00  -1.2394791e+00
  -5.9592243e-01   5.4568426e-01
   1.0988924e-02  -2.9707715e-01
  -1.0837277e+00   9.6102958e-01
   8.7820140e-01  -1.0486860e+00
   5.3252591e-01  -4.5364743e-01
   5.0736089e-01  -3.6602578e-01
  -1.5482354e+00   1.4274730e+00
  -1.2621990e+00   1.0113787e+00
   5.2608959e-01  -7.3829508e-01
   1.0426160e-02  -1.5228898e-01
  -5.7072759e-01   3.0517301e-01
   6.3328955e-01  -6.9935182e-01
   1.5456082e+00  -2.5217367e+00
   6.7479891e-01  -6.6975509e-01
   1.7751221e-01   1.2504281e-01
   1.7939985e+00  -1.8709515e+00
   6.2115005e-01  -6.6203418e-01
  -1.3126923e-02   1.0952351e-01
  -4.0301077e-01   3.4873313e-01
  -5.5588230e-01   3.2130406e-01
   6.2081014e-02  -1.9914140e-01
   2.1279842e+00  -3.0867457e+00
  -1.7351432e+00   1.9010214e+00
  -1.9401047e-01   2.4954033e-01
  -1.1657587e+00   1.1560650e+00
   6.0687193e-01  -4.8824631e-01
  -3.9556819e-01   4.9412020e-01
   7.4103376e-01  -3.4385899e-01
  -5.6456225e-01   5.3095943e-01
   1.6090987e+00  -2.1038611e+00
  -1.7044863e+00   1.5864887e+00
   5.4834217e-01  -7.1215704e-01
   1.9108914e+00  -1.8701793e+00
  -3.0721338e-01   1.6099188e-01
   5.5075117e-01  -8.5940066e-01
  -7.6005027e-02  -4.5257023e-02
  -4.0923219e-01   4.8158134e-01
  -8.5948536e-01   7.2867861e-01
  -5.9533483e-04  -1.3524612e-01
  -1.0761486e+00   8.9504027e-01
  -1.7287493e+00   1.5561240e+00
   2.3875414e-01  -1.5312146e-01
  -2.0107624e+00   1.7274762e+00
  -3.8221887e-01   2.6970503e-01
   7.6225010e-01  -8.2250377e-01
  -6.7135875e-01   6.9167150e-01
  -2.7487356e-01   4.4538936e-01
  -7.0686103e-02   5.0396809e-02
  -2.6285379e-01   1.9671267e-01
   9.0448980e-01  -2.2382355e-01
  -1.5027079e-01   5.1757603e-02
   1.0628307e+00  -9.2943589e-01
   1.6562456e+00  -1.8274797e+00
   4.3275744e-01  -3.4007787e-01
   6.4661101e-01  -6.5391551e-02
   1.5121178e+00  -1.6102682e+00
  -3.1443114e-01   1.9177274e-01
  -1.8118099e-03   1.8499763e-01
  -1.3837477e+00   1.3650240e+00
  -2.3536395e-01   2.4611674e-01
  -6.5931158e-02   1.9603066e-01
   1.0845391e+00  -6.0869451e-01
  -4.4977018e-01   6.6559903e-01
   1.2128021e+00  -1.3884788e+00
  -9.1076119e-01   7.7981335e-01
   9.2089294e-01  -9.5194194e-01
  -8.8502645e-02  -1.7105199e-01
  -5.0907911e-01   3.4526448e-01
  -6.3059018e-01   6.6616668e-01
   1.2104896e+00  -1.2666898e+00
  -2.0805315e+00   1.9207663e+00
  -4.5033933e-01   2.8032814e-01
   9.0646793e-01  -9.7838764e-01
   9.7391248e-01  -5.6481796e-01
  -2.0014880e+00   1.9378372e+00
   5.3741900e-01  -4.7681153e-01
   1.2863219e+00  -1.1863433e+00
  -8.0237008e-02   3.0389801e-02
   4.6035021e-01   5.2436567e-02
   5.7383167e-01  -6.5058974e-01
   1.4503552e+00  -1.4227151e+00
   1.2141620e+00  -1.1530787e+00
  -1.9560494e+00   1.6254091e+00
   6.6961394e-01  -7.0139628e-01
  -1.8164797e-01   4.0596667e-01
  -9.5366404e-01   9.3775065e-01
   5.9029607e-02  -1.0402958e-01
   3.5811349e-01  -3.3891636e-01
  -1.1002587e-01   8.7095038e-03
   1.0594313e+00  -1.0933287e+00
  -5.6404363e-01   1.6670110e-01
   2.9921048e-01  -7.2373653e-02
   1.0083497e+00  -1.2723964e+00
  -1.5303210e+00   1.3215387e+00
   6.0691423e-01  -8.2735814e-01
  -1.8910444e+00   1.7695679e+00
  -1.8313955e-01   4.0488248e-01
  -9.3257887e-01   1.0810387e+00
   1.7465820e+00  -1.8941675e+00
   7.7325508e-01  -5.9820518e-01
   9.3020214e-01  -9.3201171e-01
  -6.7037980e-01   5.2222095e-01
   1.0516490e-01  -6.0151635e-02
   1.4839772e+00  -1.4303338e+00
   9.3306288e-01  -1.2810672e+00
  -1.2893038e+00   1.0383433e+00
   1.2061086e+00  -1.2744474e+00
   1.5264250e+00  -1.3059023e+00
  -7.3773576e-01   5.2180386e-01
   4.4106343e-01  -5.4571976e-01
   9.6293015e-01  -8.9875538e-01
   1.1279188e+00  -1.1358733e+00
   2.5117714e-01  -2.3474722e-01
  -4.7768804e-01   4.2195480e-01
   1.7244182e-01   5.0785629e-01
  -1.4869004e+00   1.4617677e+00
  -3.7337162e-01   2.5953768e-02
   2.8173897e-01  -1.6554600e-01
  -1.2044487e+00   1.0226414e+00
   5.0941868e-01  -4.6224311e-01
   1.3660009e+00  -1.3505674e+00
  -1.5256240e+00   1.2511389e+00
  -1.1936033e+00   1.0002665e+00
   7.8963633e-01  -7.0624118e-01
  -1.4982371e+00   1.0598586e+00
   5.8506612e-01  -4.8927683e-01
  -3.8497707e-01   1.5517972e-01
  -1.1101793e+00   9.9601098e-01
  -3.5239943e-01   5.7457701e-01
   2.9568099e-01  -2.4006125e-01
   4.9628379e-01  -3.5808673e-01
   5.3162777e-01  -5.9945087e-01
  -2.3238834e+00   2.3019222e+00
   1.0358506e+00  -9.4346317e-01
  -9.8643756e-01   8.1548518e-01
  -1.8311740e+00   1.6974026e+00
   1.9800009e+00  -1.2589106e+00
  -1.2357728e+00   1.3116698e+00
  -9.8683087e-01   8.1471898e-01
   6.9561144e-01   8.7948880e-02
  -5.3053636e-01   5.9849739e-01
   9.6159011e-01  -7.2477559e-01
   1.5631999e+00  -1.4992547e+00
   7.6552414e-01  -8.2386855e-01
   1.6388518e-02   2.8109841e-01
  -3.3845572e-01   5.0775796e-01
  -7.1968801e-01   6.7346082e-01
   1.3309859e+00  -1.7680573e+00
  -1.9362684e+00   1.8894240e+00
   5.5904345e-01  -7.2980780e-01
   6.0579429e-01  -7.0706036e-01
