   1.5178306e+00   1.1570785e+00
   3.9772055e-01   2.1037446e-02
   3.1801711e-01   1.5840834e-01
  -2.9129206e-01  -3.7103655e-01
   1.3824947e-01  -1.0173775e-01
  -1.4339387e+00   2.9206708e-02
  -3.7104328e-01  -9.1367402e-01
   6.9465396e-01   1.2357052e-01
  -3.7102351e-01  -5.9870340e-01
  -6.4284325e-01  -6.1800030e-01
   6.0103615e-01  -3.5127299e-01
   1.7100084e+00   1.9743425e+00
  -2.1449114e-01  -7.8170924e-01
   1.0264509e+00   5.6811487e-01
  -1.1071589e+00  -4.4066025e-01
  -4.2869365e-01  -8.3881675e-01
  -2.0365178e+00   7.5298374e-01
  -5.9656521e-01  -1.1224831e+00
   8.5569872e-01   3.4327186e-01
   2.0154154e-01  -7.9712426e-01
   5.2367865e-01   2.6155900e-02
   4.7969805e-01   8.3204463e-02
   6.7442894e-01   4.5562277e-01
  -1.1051233e+00  -3.7757257e-01
   2.0408701e-01  -6.5263478e-01
  -6.9652460e-01  -3.7144795e-01
  -1.8621614e+00   2.6817703e-01
   9.2211110e-01   8.1828962e-01
  -1.2804030e+00  -3.6973445e-01
   1.3014171e+00   2.7047231e-02
   2.3882795e+00   3.8842833e+00
   1.4599763e+00   1.9800361e+00
   1.2619386e+00   3.3362596e-01
   1.4442243e-01  -8.7517067e-01
   1.7800564e-01   2.1028214e-02
  -2.0415879e-01  -7.9438901e-01
   9.2281628e-01   8.6736707e-02
   8.3284462e-01   2.2975484e-01
   7.0902580e-02  -9.7251808e-01
   1.1027818e+00   8.3156316e-01
  -3.5195354e-01  -8.8929980e-01
   3.6268775e-01  -5.2624992e-01
  -2.7442165e-01  -5.9353051e-01
  -2.3261094e-02  -9.1607178e-01
  -2.0994610e-01  -3.9633134e-01
   7.9396708e-01  -3.0213524e-01
  -8.3021377e-02  -1.0666514e+00
   1.9869402e+00   2.6215304e+00
  -1.4284905e-01  -8.6937943e-01
  -1.3314766e-01  -7.2763728e-01
   1.0174443e-01  -3.2630886e-01
  -5.0958933e-01  -7.3770879e-01
   1.0147317e+00   1.2294630e-01
  -4.7911472e-01  -8.2229254e-01
  -8.6699076e-01  -6.3996577e-01
  -3.7679306e-01  -9.2502335e-01
   8.4172943e-01   1.6562322e-01
   2.4798200e-01  -7.4671353e-01
  -3.6158083e-01  -1.0050294e+00
   4.8484161e-01  -1.1239684e+00
  -5.2239673e-01  -9.7938349e-01
  -1.1076126e+00  -6.2899208e-01
   4.6510540e-01   4.5430740e-01
   1.1109193e+00   1.3358126e+00
   1.0748772e+00   2.4317367e-01
   3.0348697e-02  -5.7426086e-01
  -2.6564386e-01  -7.8818067e-01
  -4.9353720e-01  -8.0838368e-01
  -6.8327529e-02  -6.8840645e-01
   3.0091029e-01  -8.1346595e-01
   2.3451323e+00   3.2614066e+00
  -5.2284263e-01  -7.7572556e-01
  -1.3147261e-01  -6.1967605e-01
   1.1052957e+00   4.9632372e-01
  -1.3643422e+00  -1.8246906e-01
  -1.6837038e+00   2.7804291e-01
   8.1472665e-01  -1.5666719e-02
   1.3906961e-01  -8.3934345e-01
  -1.5273031e-01  -3.3193682e-01
   2.1899507e-01  -5.3031598e-01
   6.3127612e-01   2.7130124e-01
  -1.3030774e+00   4.6628579e-03
   8.4470318e-01   4.4687557e-01
  -1.7564543e+00   6.1337969e-01
   1.7802355e-01   1.2057466e-01
   3.2419714e-03  -7.3082282e-01
  -5.3944092e-01  -9.4992341e-01
   1.5538819e-01  -6.2292015e-01
  -1.2469561e-01  -4.5925355e-01
   8.9317286e-01   4.3453852e-01
   9.6821151e-01  -4.6794409e-02
  -8.5602374e-01  -5.6584271e-01
   1.6340841e+00   1.8586360e+00
  -2.1737858e-01  -1.1205883e+00
   6.4791265e-01  -1.1115940e-01
  -8.0990894e-01  -5.2405463e-01
  -2.7545951e-01  -6.2707413e-01
   1.8289312e+00   1.8340716e+00
  -3.8994492e-01  -6.2847075e-01
  -7.4124868e-01  -7.1805220e-01
  -1.0374091e+00  -4.5484144e-01
   6.6715576e-02  -6.4568179e-01
  -2.6758846e-01  -3.0627811e-01
  -3.7727161e-01  -6.6558765e-01
  -4.1100865e-01  -7.8212451e-01
  -9.5382322e-01  -8.7106452e-01
   1.4559212e+00   9.3902179e-01
   2.4746327e+00   3.9346458e+00
  -8.9106102e-02  -7.5746098e-01
   1.1914998e-01  -3.9784356e-01
  -5.7524142e-01  -5.6473305e-01
  -7.9150250e-01  -8.1109163e-01
  -2.0664337e-01  -2.5740279e-01
  -1.8254408e-01  -8.5548499e-01
   5.2718886e-01   7.4969549e-01
   1.1533887e-01  -6.0814747e-01
   1.7279173e-01  -8.7404758e-01
  -8.4863511e-01  -2.1718584e-01
  -8.0616956e-01  -7.2533450e-01
  -9.2595147e-03  -6.2856632e-01
   5.1510901e-01  -6.8617153e-01
  -1.4442459e+00   5.5847550e-03
   3.3612560e-01  -5.3015474e-01
   1.1109261e+00   7.7896182e-01
   1.5160576e+00   1.4887821e+00
   5.8575294e-01  -1.7760949e-01
  -4.9180810e-01  -2.3727461e-01
  -2.5735609e-01  -1.1632081e+00
   1.2343931e-01   6.2778297e-02
  -2.2682335e-01  -7.6259781e-01
  -1.0647761e+00  -6.3852620e-01
  -1.4910919e+00  -1.5317431e-01
   2.6138061e-01  -5.5606226e-01
  -7.4586017e-01  -5.2151244e-01
   3.6929503e-01   2.2735815e-02
   1.2665361e-01  -8.8739709e-01
  -6.0660522e-02  -8.7815423e-01
   1.2190108e+00   1.1576766e+00
  -1.8407477e+00  -5.0248211e-02
   1.6424174e+00   1.4457180e+00
   2.2693105e+00   3.4309596e+00
  -5.2845398e-01  -5.2328940e-01
  -1.7105590e+00   1.7752680e-01
   9.3071986e-01   7.5351956e-01
   5.6799762e-01   2.4405500e-01
   1.2510266e+00   4.1597017e-01
  -1.4767933e+00   1.0772479e-01
  -7.9089520e-01  -4.1722346e-01
   8.3164651e-03  -7.3245268e-01
   9.2907124e-01  -1.8795586e-02
   1.5605892e+00   8.0351081e-01
  -4.9048140e-01  -9.1407514e-01
   8.5449959e-01   6.1416544e-02
  -9.9115150e-01  -5.5597483e-01
  -1.3094088e+00  -4.4187574e-01
   3.4431293e-01  -1.3397732e-01
   3.6917206e-01   3.7067812e-01
   4.8137530e-01  -5.7367895e-01
  -1.5179136e+00   6.8044372e-02
   5.8651620e-01  -2.6781328e-01
  -4.3604538e-01  -9.6076870e-01
  -8.0117043e-02  -6.3555977e-01
  -1.2859763e-01  -1.0439682e+00
  -6.0482079e-01  -4.9185795e-01
  -1.1014850e+00  -6.0375732e-01
  -6.6108434e-01  -8.1612584e-01
   1.1223897e+00   7.7962971e-01
  -5.7856450e-01  -6.1833853e-01
  -5.0039623e-01  -3.7168557e-01
   5.0282056e-01   3.7056212e-01
  -2.9252305e-01  -5.8076552e-01
   8.9926920e-01   1.7469914e-01
   9.2894400e-01   4.3949707e-01
  -3.1945603e+00   3.2365849e+00
  -4.2573581e-01  -6.9327860e-01
  -3.1308361e-01  -6.2589050e-01
   1.4659210e+00   1.6304738e+00
  -2.4687418e-01  -6.4923921e-01
   1.0350228e-01   3.2385597e-01
   5.1953118e-01  -1.9912108e-02
  -2.7133119e+00   1.6035523e+00
   2.5412616e-01  -3.8124556e-01
  -1.4623458e+00  -1.0298260e-01
  -5.6767881e-01  -1.0381609e+00
  -1.3387400e+00  -2.1338997e-01
   1.2122666e+00   3.6096317e-01
   1.0290245e-01  -5.8031277e-01
  -1.1608889e-01  -4.2782269e-01
   2.3309021e-01  -5.9714228e-01
  -1.2392024e+00  -2.6301200e-01
  -4.9686596e-01  -3.0262293e-01
   6.0220476e-01   8.8954546e-01
   7.3087980e-01   3.9677818e-02
  -3.8148595e-01  -1.2074012e+00
  -8.0111573e-01  -7.2248970e-01
  -1.0370207e+00  -4.5955713e-01
   8.4280629e-01  -1.1664281e-01
  -1.3314071e+00  -2.8631969e-01
   2.3671344e-01  -9.4233763e-02
  -3.7831296e-01  -8.5729940e-01
   4.5495946e-01  -2.9771507e-02
   1.3884947e+00   1.1800783e+00
   6.4898125e-01  -5.0640495e-01
   1.5239530e+00   2.1515379e+00
  -5.7559827e-01  -5.5950275e-01
  -1.8072390e-01  -5.1813525e-01
   2.2130328e-01  -3.0022838e-01
  -2.2643658e+00   1.5898421e+00
   1.6266417e-01  -2.4490377e-01
   9.1534108e-01   1.5812533e+00
   8.6909517e-01   3.0159206e-01
   1.0828962e+00   9.5583275e-02
   1.3098949e+00   1.7341601e+00
   1.6660404e+00   2.6659789e+00
  -5.8449190e-01  -6.2273328e-01
   3.6804098e-02  -3.1124229e-01
   1.6968342e+00   1.6805431e+00
  -2.7895291e+00   1.4276613e+00
   1.5241355e-02  -9.9601469e-01
  -1.2576468e-01  -1.3390759e-01
  -2.3188079e+00   2.0009728e+00
   8.3077014e-03   9.2361673e-02
  -6.1726882e-01  -8.5984056e-01
  -6.1850936e-01  -7.1808529e-01
  -5.4612725e-01  -1.6074276e-01
   2.9236103e-01  -4.6645559e-02
  -1.1183849e+00  -3.2738044e-01
  -9.4034269e-01  -1.9321669e-01
  -9.6731405e-01  -6.7498480e-01
  -2.2448484e+00   9.2408320e-01
   9.0989795e-01   7.9730785e-02
   5.1873222e-01  -4.0133749e-01
   4.9824477e-01  -1.0283707e+00
   4.5072616e-02  -8.5777810e-02
  -9.4091551e-01  -4.4156745e-01
   1.5835103e+00   1.6087569e+00
  -1.6271150e+00   4.5543031e-01
   5.7111971e-01   4.1141865e-01
   3.1819372e-02  -8.5589462e-01
  -6.2065846e-01  -7.1142665e-01
  -1.3169461e-01  -2.5510131e-01
  -2.4095477e+00   1.6179095e+00
   5.2092805e-01   2.4929408e-01
  -3.8402684e-01  -5.3219293e-01
   4.4369719e-01  -6.0866098e-01
  -1.1892389e-01  -2.4916502e-03
   5.8363167e-01   1.6029699e-01
  -3.5186470e-02  -5.5315993e-01
   3.1120721e-02  -3.7272873e-01
   3.2309779e-01  -6.0587445e-01
   1.1749350e+00   1.1036381e+00
  -1.2533647e+00  -5.6053966e-01
  -1.3026397e+00  -2.2778258e-01
  -1.8175067e+00   6.3296655e-01
   1.9940744e-01  -5.5449756e-01
  -9.8260005e-01  -5.3424710e-01
  -1.9688412e-01  -1.0644485e+00
   1.7334236e+00   2.1547724e+00
   1.8586679e-02  -1.0379417e+00
   2.0001236e+00   2.4450069e+00
  -1.6493639e-01  -5.2726068e-01
  -1.0869511e-01  -1.0864695e+00
   7.8576930e-01   4.5109493e-02
   2.5283680e+00   4.4291995e+00
   9.3424980e-01   6.1537605e-01
   7.6891910e-01  -1.9835022e-01
   7.7355354e-01  -2.3281073e-01
  -1.5063318e+00  -6.9993066e-02
  -1.9428527e+00   5.7587928e-01
   1.3006531e+00   1.8102412e+00
   7.4393943e-01  -2.1023301e-01
  -5.5817109e-01  -8.3733494e-01
  -3.9694705e-01  -8.5374962e-01
  -5.7306376e-01  -9.7707256e-01
   6.2500685e-01  -1.4324897e-02
   7.4891849e-01   3.3675384e-01
   8.7801316e-01   1.4478219e-01
  -7.5319249e-02   6.7493982e-01
  -8.7185155e-01  -3.6323353e-01
  -5.4360948e-02  -4.7185047e-01
  -2.6237789e-01  -4.1609080e-01
   9.3130059e-01   1.6746672e-01
   2.6888008e-01   6.0624605e-02
  -1.9351916e+00   5.8909181e-01
  -4.6164972e-01  -9.6967772e-01
  -4.0976575e-01  -9.5290911e-01
  -8.6948931e-01  -7.4116912e-01
  -6.9821357e-01  -2.7952964e-01
  -1.1565058e+00   1.0944389e-01
   4.8231072e-02  -6.6559712e-01
   1.6064826e+00   2.4165394e+00
  -5.6064024e-01  -6.1420348e-01
  -8.0014159e-01  -5.7489895e-01
   2.7703477e-01  -3.1937223e-01
   4.1491473e-02  -4.3057773e-01
   8.5944335e-02  -6.8668739e-01
  -7.9393346e-01  -7.1089883e-01
   5.4929162e-01  -4.5710661e-01
  -6.5053319e-02  -6.4377694e-01
   6.2572445e-01   5.9798850e-01
  -1.6055787e+00  -2.3217371e-01
  -3.7288958e-01  -4.1303038e-01
   1.9239452e-01  -8.9346542e-02
   6.0269767e-01  -4.5634215e-01
  -1.1289672e-01  -8.3563691e-01
  -5.4474190e-01  -8.2620876e-01
   6.3506347e-01   4.6570699e-01
  -1.2457809e+00  -8.2542111e-01
   6.9087296e-01  -1.9406552e-01
   4.9458436e-02  -4.8261162e-01
  -8.0016318e-01  -5.2087234e-01
   9.5158195e-03  -1.7723054e-01
   1.0652878e+00   8.9705228e-01
  -6.7127179e-01  -9.5695391e-01
  -3.2327654e-01  -5.0368438e-01
  -1.6921392e+00   5.3435197e-01
   1.0536996e+00  -3.5176761e-01
  -1.0355924e+00  -4.9154653e-01
  -4.7978293e-01  -9.1149578e-01
   7.3060297e-01  -6.9478840e-02
   1.0132353e+00   3.2705774e-01
  -3.6241142e-01  -9.8867005e-01
  -3.5813656e-01  -1.0043850e+00
  -8.1896769e-01  -6.0298519e-01
   7.2682953e-02  -1.0940490e+00
  -1.6160095e+00   3.5674356e-02
   1.1657744e+00   7.0216680e-01
  -6.4074867e-01  -4.6890389e-01
  -2.4599467e+00   1.8163963e+00
   4.9303183e-02  -1.9281277e-01
   1.5296432e+00   1.2266303e+00
  -3.6606402e-01  -9.1396816e-01
   2.1664869e+00   3.2823177e+00
   6.2755982e-01   5.3958334e-01
  -1.0438068e+00  -3.4376479e-01
   6.7858686e-01  -2.1388832e-01
   1.3311456e+00   1.1938072e+00
   9.4902777e-01   8.8811211e-01
   1.5709719e+00   1.2414263e+00
   6.9369207e-01   2.5913647e-01
   1.7283009e+00   1.5397820e+00
   1.9976598e-01  -2.4295058e-01
   9.0527027e-01   2.4591132e-01
  -2.0047140e-02  -6.8773301e-01
   4.9121702e-02  -1.8205271e-01
   1.0174378e+00   1.3565774e-01
  -1.5549380e+00   1.5003567e-01
   2.6736754e-01  -6.5563947e-01
  -1.0606137e+00  -2.3332086e-01
   6.2124978e-02  -6.3628428e-01
  -6.9975592e-02  -2.6852253e-01
   1.4887333e-01   1.2564717e+00
  -8.0856142e-01  -4.3391084e-01
   7.6552028e-01   5.4815156e-01
   1.0552101e+00   9.2241909e-01
   1.0555150e+00   8.8451041e-01
  -2.0590473e+00   9.2081049e-01
  -1.5902209e+00   2.4792833e-01
   4.6304179e-01   5.0971446e-01
   1.6817335e-01   1.0175180e-01
   1.1953346e-01  -7.8246880e-01
  -6.6715991e-01  -8.9293046e-01
   4.9940105e-01  -5.5084856e-01
  -1.7259252e-01  -1.1662385e+00
   4.9024850e-01   3.7680637e-01
   5.8086466e-03  -9.0170106e-01
   5.6816200e-01  -1.3746371e-01
   1.5330768e+00   1.2607506e+00
  -4.7228070e-02  -7.2274117e-01
  -6.8382347e-01  -5.7346138e-01
  -8.0396011e-01  -8.8133796e-01
  -1.5914156e-01  -1.0073948e+00
   7.9310852e-01   4.8877566e-01
   8.7310988e-01   7.2805511e-01
  -1.0900421e+00  -3.4174076e-01
  -7.0377375e-01  -6.5809143e-01
   1.4247974e+00   9.5176566e-01
   4.7079119e-01  -6.4943950e-02
   5.4984379e-01   4.3239571e-01
  -1.2375152e+00  -5.3841859e-01
   1.5688918e+00   1.7024014e+00
   1.5500366e+00   1.8663250e+00
   9.3990416e-02  -3.2941920e-01
  -1.4953008e-01  -5.8600763e-01
  -2.2382262e-01  -8.4867533e-01
   5.0475375e-01   3.6849504e-01
  -3.6606902e-01  -7.7210989e-01
  -8.4784979e-01  -5.4233799e-01
   3.8996131e-01  -2.4080426e-01
  -1.0837210e+00  -6.4489359e-01
   1.0007544e+00   3.5365834e-02
   1.4248303e-01  -4.6680775e-01
  -1.7425155e+00   1.5171189e-01
   7.0244793e-01   6.1709401e-01
  -6.9032354e-01  -1.0124710e+00
   9.1542161e-02  -8.6401819e-01
  -5.0397136e-01  -8.0679452e-01
   5.7157026e-01  -6.3337330e-01
   1.6063046e+00   1.2181303e+00
   1.6145994e+00   2.3360904e+00
   1.6110810e+00   1.6999634e+00
   1.8124622e+00   2.5786004e+00
  -1.6825453e+00  -8.7554407e-02
  -4.2343444e-01  -9.2467393e-01
  -3.0980243e+00   2.9574583e+00
  -1.0734558e-01  -2.7446202e-01
  -1.0027747e+00  -7.8243659e-01
  -3.6968930e-01  -3.7543762e-01
  -6.1210365e-01  -6.9563717e-01
   3.7278554e+00   5.4910557e+00
   6.0273287e-02  -7.7669335e-01
  -4.6496996e-01  -7.3246441e-01
  -1.0609125e+00  -5.2092398e-01
   3.5834648e-01  -9.0904453e-01
  -9.8859699e-01  -3.5106268e-01
  -1.1549651e+00  -4.0233113e-01
  -7.6446196e-01   7.7768157e-01
   1.5166544e+00   1.9339637e+00
  -9.3094549e-01  -6.6601578e-01
  -3.9700181e-01  -6.1798074e-01
   4.9178898e-01  -4.4708111e-02
   2.9363584e-02  -5.5388293e-01
  -8.0712470e-01  -5.5238620e-01
  -1.3228506e-01  -8.0311810e-01
   7.6294049e-01   4.1635939e-01
  -2.5154369e-01  -7.3471210e-01
   7.4673577e-01   9.8324760e-01
  -9.3038510e-01  -7.0546458e-01
   4.7070759e-01   1.2505313e+00
  -2.7392614e-01  -5.0894243e-01
  -5.1511665e-01  -8.0086905e-01
   7.5361192e-01   7.5695873e-01
  -6.5393445e-01  -9.6530877e-01
  -1.6650622e+00  -1.4798965e-01
   7.2991437e-01   9.3051685e-01
  -1.9151256e+00   8.4217688e-01
   1.0221030e+00   4.9092576e-01
   2.2252490e-01   2.3586353e-01
   7.4625098e-01  -2.3213528e-01
   1.4371283e-01  -7.7207199e-01
  -2.0708297e+00   7.4075492e-01
  -2.1592504e-01  -8.8041587e-01
  -3.6127285e-01  -7.1609772e-01
  -1.4696677e+00  -3.9751589e-01
  -1.7258486e+00   5.6391065e-01
   1.4772979e-01  -3.9014103e-01
   1.3061168e+00   6.7348274e-01
  -1.2834121e-01  -2.6191066e-01
   7.5481283e-02   3.2114126e-01
  -1.2773291e+00  -2.9744696e-01
   1.3794297e+00   1.3756400e+00
   5.2095453e-01  -1.6873156e-01
  -1.4168765e+00  -3.3728472e-01
  -1.4470916e+00   4.0890654e-01
   4.1569708e-01   6.9711748e-02
  -5.8961206e-01  -8.2220817e-01
   1.3750120e-01  -7.7707818e-01
   9.7205344e-01   5.6878757e-01
   5.6567814e-01  -4.0614938e-02
   5.2298997e-01  -4.4844975e-01
  -1.7087890e+00  -5.8937712e-02
   1.9958545e-01  -1.3831138e+00
  -3.2314443e-01  -1.1262446e+00
  -5.0055416e-01  -7.0521862e-01
   9.9804550e-01   5.4470995e-01
   6.4367087e-01   2.5411169e-01
  -7.2273381e-01  -7.9130738e-01
  -5.1279797e-01  -7.6442698e-01
  -2.2994360e+00   1.4489588e+00
   3.5059156e-01  -6.5247506e-01
  -3.0095317e-02  -1.2657502e-02
  -5.0314108e-01  -4.8104768e-01
  -1.4434736e+00  -4.4438141e-01
  -1.0001893e+00  -8.2182566e-01
   3.3396409e-01  -5.5985345e-01
   3.9395919e-01  -2.7915533e-01
  -6.0165497e-01  -6.7130121e-01
  -2.5733838e-01  -8.6788025e-01
  -8.4868437e-01  -6.3483152e-01
   7.9750755e-01   1.1498040e+00
   1.3856552e+00   1.3168374e+00
   2.7983765e-01   2.6570209e-02
  -1.9954020e-01  -1.1702661e+00
  -8.6630435e-01  -5.3842944e-01
  -5.1216883e-01  -9.2052295e-01
  -1.3234130e+00  -3.5386829e-01
  -8.9601552e-01  -6.1188395e-01
  -1.1518723e+00  -7.1371798e-01
   5.8757996e-01   3.6574018e-01
  -2.1856284e+00   1.7437346e+00
   7.8747261e-01  -3.3868670e-01
   9.7708170e-01   5.4123395e-01
  -1.0858611e-01  -1.2014390e+00
   8.9777553e-01   1.2420652e-01
  -5.5848417e-01  -5.0795224e-01
   1.9662051e-01   1.2877306e-02
  -2.3638972e-01  -2.6962607e-01
  -4.5399635e-01  -4.4116418e-01
  -9.5766113e-01  -1.3968042e-01
  -5.5989949e-01  -1.7902245e-01
  -4.5155504e-01  -3.4188753e-01
   6.7505850e-02  -2.7153728e-01
  -8.6364906e-01  -6.3561165e-01
  -1.4470171e+00  -4.4787519e-01
   4.9662565e-01  -5.0819962e-01
   5.3091726e-01   6.2687613e-01
  -3.7824081e-01  -6.0920341e-01
  -2.1586998e-01  -5.0790763e-01
   1.2495504e+00   8.8226917e-01
  -8.0223007e-02  -8.3251600e-01
   1.2057534e+00   5.6751534e-01
  -3.9757603e-01  -1.0029946e+00
  -8.7156382e-01  -4.4643496e-01
  -5.9695545e-01  -9.6061296e-01
  -8.8880262e-01  -2.9563324e-01
   9.2876056e-01   3.7558939e-01
   1.5992547e+00   1.4802521e+00
   3.8991443e-01  -5.3506694e-02
   7.3961705e-01  -3.8562659e-01
   5.1561366e-01   4.5776107e-02
  -9.7563187e-01  -4.4858189e-01
   4.2795582e-01  -1.7117697e-01
  -7.3103483e-01  -5.5293754e-01
  -4.7596952e-01  -4.7673803e-01
   4.6929641e-01   9.6716896e-02
  -1.7261632e-01  -3.7279969e-01
  -9.9694246e-01  -3.2884619e-01
   2.0348387e+00   2.5817575e+00
   8.8833539e-01  -1.5942163e-01
  -1.3825552e+00  -5.6222818e-01
   1.1031269e+00   1.5349815e+00
  -5.1932967e-02  -1.2173827e+00
  -1.0432922e+00  -6.6761542e-01
  -1.0723135e+00  -2.9403987e-01
  -4.3737356e-01  -7.2396285e-01
   1.5108539e+00   1.1718717e+00
   6.6392320e-01  -4.7486624e-01
   4.8199428e-01  -5.9753558e-01
   7.2064808e-01   3.5721917e-01
  -5.5958119e-01  -4.9614070e-01
  -1.7893229e-01  -5.2613518e-01
   1.5417484e+00   1.6717129e+00
   7.1824339e-01   1.5005828e+00
  -1.7636255e+00   2.6639618e-02
  -1.8125005e-01  -8.1537230e-01
   1.6092501e+00   2.2369916e+00
  -7.7612318e-01  -6.4990591e-01
  -1.4551659e-02  -8.1066221e-01
   4.4210550e-01  -2.2469380e-01
  -4.1363153e-01  -1.0316642e+00
   5.5741567e-01  -9.1529918e-02
  -6.9002632e-01  -6.9296609e-01
  -1.3146550e-01  -4.0054572e-01
   1.2288541e+00   3.4675135e-01
  -5.3983819e-01  -8.1394424e-01
   1.4324533e-01  -6.2052922e-01
  -5.0509027e-01  -7.8255312e-01
   7.0037012e-01  -4.3190867e-02
  -1.5190235e+00  -2.4019017e-01
  -7.1875777e-01  -7.8945427e-01
  -1.6547981e+00   4.1922612e-01
  -9.3208418e-01  -6.5602845e-01
  -1.0986507e+00  -3.5115266e-01
  -1.6777188e+00  -1.7880536e-02
  -9.0625897e-01  -5.2444693e-01
   5.9019981e-01   2.8624506e-01
   1.6267266e+00   1.6542874e+00
  -1.2575111e+00  -1.6262616e-01
  -3.0966170e-01  -9.3750290e-01
  -5.0781973e-02  -1.7008094e-03
   7.8127745e-02  -6.7403545e-01
  -6.6349749e-01  -7.8998652e-01
  -1.4339171e+00  -2.4041843e-01
   4.6101517e-01  -4.9470736e-01
  -3.7532383e-01  -9.1279878e-01
   8.2380168e-01   7.1488515e-01
   6.2808288e-01  -1.2508230e-01
  -1.0148509e+00  -3.6725615e-01
  -2.2376627e-01  -7.4913450e-01
  -4.0173267e-01  -1.1312666e+00
   7.4118449e-01   2.3882853e-01
  -2.2228824e-01  -8.1330516e-01
  -2.7380164e-01  -6.1861850e-01
  -1.4687543e+00  -1.4138095e-01
  -2.4621050e-01  -8.6166483e-01
   4.7428453e-01  -1.8342340e-01
   1.3054078e+00   1.0448931e+00
   8.2347642e-01   9.9756531e-01
  -3.7384659e-01  -9.2518096e-01
  -1.9683465e+00   3.4213985e-01
   8.8463513e-01   3.4435414e-03
   2.8891848e-01  -2.2967976e-01
   2.3827413e-01   1.2943834e+00
   6.2335963e-01  -2.6395675e-01
   1.4607774e+00   1.2819678e+00
  -2.6907036e-01  -9.8537086e-01
   1.1830294e+00   1.6468030e-01
  -1.9383506e-01  -4.0987028e-01
  -1.6796697e+00   1.6714806e-02
  -8.6342291e-02  -9.9946963e-01
  -8.9916699e-01  -9.0768147e-01
   1.4430220e+00   1.2257424e+00
  -1.3039089e-01  -6.5229108e-01
  -2.2873065e-01  -8.7376517e-01
  -1.9022396e+00   1.4055133e+00
   7.9885640e-01  -7.2100302e-01
  -1.6784986e-01   2.2718840e-01
  -8.0255087e-01  -6.4443336e-01
   1.3686416e+00   2.5641129e+00
   7.7623009e-01  -2.0840029e-02
  -2.1851701e+00   1.3590292e+00
  -1.0476047e+00  -6.2508091e-01
   3.0030738e-02  -6.7483631e-01
   5.5859880e-01  -6.4381362e-01
   1.7005651e-01  -5.7189382e-01
  -6.8817783e-01   5.1153245e-03
   1.8629964e+00   2.9272926e+00
  -8.5380692e-01  -8.6793602e-01
   1.3347201e+00   2.7764766e-02
   7.8148688e-01   8.0152572e-01
   3.4604469e+00   5.7209619e+00
  -5.4247161e-01  -6.5602857e-01
  -1.3718249e+00  -3.1032299e-01
  -5.9185776e-01  -7.7592919e-01
  -2.2831121e+00   9.5432158e-01
  -5.3330156e-01  -6.4333976e-01
   3.5460165e+00   5.3472116e+00
   7.2166880e-01  -5.1945429e-01
  -1.1433609e+00  -5.5912873e-01
  -1.2221801e+00  -1.3307761e-01
  -5.1026214e-01  -7.7866894e-01
  -5.8384167e-01  -8.8464629e-01
  -2.1184829e-01  -7.5379239e-01
   7.4141399e-02  -8.1991893e-01
  -1.6293621e+00   3.6269398e-01
  -2.3085817e+00   1.6649321e+00
   4.8405962e-03  -4.9551747e-01
  -1.0430505e-01  -5.1486556e-01
   1.4054721e-01  -1.5349523e-01
  -5.7973298e-01  -9.1468464e-01
   1.6727526e+00   2.4584073e+00
  -7.5719763e-01  -8.0932094e-01
  -1.3238871e+00  -3.3750865e-01
  -4.9839124e-01  -6.7523902e-01
   1.3336299e+00   1.3517009e+00
   1.1017661e+00  -6.6727796e-02
   1.4648951e+00   1.2122635e+00
  -7.4880355e-02  -7.6597916e-01
   3.7889825e-01  -8.0275481e-01
   9.7622748e-01   1.0284510e+00
  -7.8747458e-01  -5.9854772e-01
   1.1033286e+00   3.2777183e-01
   2.4766944e-01  -1.7378223e-01
   5.6044647e-01   3.1396240e-01
   9.3792808e-01   3.6108572e-01
  -9.8478570e-01   2.8705071e-02
   2.6162179e+00   4.0919261e+00
  -3.5829674e-01  -1.0870454e+00
  -1.8219765e-01  -8.5631208e-01
  -3.5948811e-02  -3.0824254e-01
  -9.6503161e-01  -3.1029466e-01
   8.1339757e-01   6.7038427e-01
   6.8284940e-01  -6.8430552e-01
   2.2407197e-02  -2.3554658e-01
  -6.8564964e-01  -5.3452116e-01
  -7.1105866e-02  -5.1910566e-01
   4.3153698e-01  -1.1528310e-01
  -1.3781163e+00  -2.0322294e-01
   2.6575267e-01  -3.9476112e-01
   4.8861635e-01  -5.3492767e-01
  -1.4806533e+00   1.5234723e-01
   1.2403197e-02  -5.6061720e-01
  -4.3043051e-01  -1.9648944e-01
   5.5337938e-01  -5.0890367e-01
   7.0182607e-01   1.5831939e-01
   1.0184742e+00   7.5479970e-01
   1.5103051e+00   1.4817197e+00
  -9.2606292e-01  -2.7716619e-01
   5.4720226e-01  -4.8543129e-01
  -1.2013019e+00  -3.9719418e-02
   2.3043911e-01  -2.8790811e-01
  -2.6320428e-01  -8.4237249e-01
   6.2353252e-01  -4.9070186e-01
  -8.0690205e-02  -3.8552701e-01
   2.1269631e-01  -5.3707844e-01
  -1.3892718e+00  -1.7763257e-01
  -8.9904719e-01  -9.3833217e-01
  -9.7272570e-02  -9.8097112e-01
   4.1697512e-01  -4.2455097e-01
   1.1553522e+00   1.5047957e+00
   9.6219339e-01   7.2193289e-01
   1.6722280e+00   1.6970862e+00
  -1.0580778e+00  -3.9960536e-01
   1.0526624e-01  -6.2774907e-01
  -1.6531786e+00   6.4015307e-01
   1.9257209e+00   3.6257125e+00
  -1.0999619e+00  -4.1900982e-01
  -3.0015030e-01  -5.0381614e-01
   1.8032910e+00   1.5876777e+00
   2.5378613e+00   3.8659603e+00
   4.5087886e-02  -7.0884239e-01
   3.0389972e-01  -5.3894156e-01
   2.6685401e-01  -1.9510703e-01
   1.0685197e+00   8.0494807e-01
  -1.7489199e+00  -1.0671208e-01
   2.9366937e-02  -1.2784966e-01
  -1.1023752e+00  -4.6317962e-01
  -2.7640508e+00   2.4893860e+00
   1.4803455e+00   1.7441117e+00
   6.6625421e-01   2.7173277e-01
  -4.8228408e-01  -8.9741892e-01
   5.7474920e-02   8.1069114e-02
  -1.6225852e+00   5.4904739e-02
  -6.2138385e-01  -3.3164823e-01
   2.8987057e-01  -4.3962152e-01
   4.9786456e-02  -7.1098946e-01
   4.7869341e-01   5.1604581e-01
   3.9132326e-01  -1.0617833e-01
  -1.5582951e-01  -9.6876936e-01
   5.6366468e-01  -6.8954082e-02
   6.4973440e-01   2.8149587e-01
   1.0525571e-01  -1.5079168e-01
   1.2515835e-01  -1.0768317e+00
  -1.3580829e+00  -3.9835239e-01
   7.1411753e-01   6.1537139e-01
  -9.0578797e-01  -6.7719731e-01
  -1.2679331e+00  -4.0456283e-01
   2.8684862e+00   4.6643058e+00
   2.4890919e-01  -2.8360283e-01
   1.3909841e+00   1.8968074e+00
   9.4264974e-01   1.0901731e-01
  -2.6935182e+00   2.2360221e+00
   5.3755009e-01  -4.6612655e-01
  -1.0435808e+00  -3.3136849e-01
   7.0249917e-01   8.8664181e-01
  -6.6960127e-01  -5.5568522e-01
   3.5819214e-01  -2.0101636e-01
   3.6082314e-01  -5.5157937e-01
  -1.3910600e+00  -3.3035602e-01
   1.7220627e+00   1.7550105e+00
   3.8160697e-01  -8.7919529e-01
  -1.6718285e+00   8.4410099e-02
  -1.5142860e-01  -2.3662211e-01
   3.9115506e-03  -7.3617449e-01
   4.5246789e-01  -5.6443400e-02
   5.0242881e-01  -1.0868056e+00
   2.4800225e-01  -1.5031803e-01
   5.0369700e-01  -1.0282227e+00
  -5.5427413e-01  -7.8667746e-01
  -1.3633222e+00  -2.4065000e-02
   1.4744326e+00   4.4729972e-01
   1.5590479e-02  -1.8538811e-01
  -3.7093722e-01  -4.9302012e-01
  -6.2417257e-01  -9.0434694e-01
   5.8046871e-01   1.4380445e-01
   3.1706462e-01  -8.5583237e-01
   1.0942114e+00   7.6277001e-01
   7.4360802e-01  -1.8725731e-01
   1.0563430e+00   1.0878062e+00
   7.9882846e-01   7.3178219e-01
  -2.8364670e+00   2.4534886e+00
   1.9400409e+00   2.6500582e+00
   1.3940465e+00   1.5758137e+00
   1.3707449e+00   1.1743365e+00
   3.3099994e-01  -8.8974103e-01
   1.2460190e+00   5.0431720e-01
  -1.0990493e+00  -7.7102528e-01
  -4.5659078e-01  -3.1939512e-01
  -1.5070847e-01   6.1450393e-01
   9.9208870e-01   8.0740738e-01
   2.6746940e+00   3.6571051e+00
   9.3172616e-02  -4.5494339e-01
   8.4514798e-01  -1.4148276e-01
  -8.3296471e-01  -5.1751414e-01
   1.2606585e+00   1.7854342e-01
   1.9503427e+00   2.7173229e+00
  -9.8783147e-01  -6.5643061e-01
   1.8192921e+00   2.0200833e+00
  -9.0829731e-01  -9.1548116e-01
   1.1099150e+00   1.0146716e+00
   2.1704134e-01  -4.5657255e-01
  -9.5987507e-01  -6.4833530e-01
   1.1846041e+00   1.7007130e+00
   6.5686143e-01   3.2913427e-01
   1.1048546e+00   1.3764582e+00
   7.6108574e-01   6.9991042e-01
  -1.6946333e+00   6.0190254e-01
   1.3156011e-01  -8.0816016e-01
   2.4114103e-01  -9.5486768e-01
   8.6055623e-02  -9.2285777e-01
   5.6872262e-01  -4.1894154e-01
   8.0582969e-01   1.4878709e-01
   2.6890968e-01  -9.9506964e-01
  -1.1871655e+00  -6.3748373e-01
  -9.4478630e-01  -7.7867056e-01
   6.3684194e-01   8.8812604e-01
   2.8665791e-01  -1.9741410e-01
  -3.2230946e-01  -6.0146730e-01
   8.2852769e-02  -1.0703164e+00
   1.4456716e+00   1.7711288e+00
   1.1996807e+00   1.1820211e+00
   2.2746413e+00   2.9491251e+00
  -5.9582499e-01  -5.7212592e-01
   4.8799514e-01  -2.9841021e-02
   1.4010910e+00   9.6119227e-01
   7.7785517e-01  -1.3225310e-01
   5.8030581e-01   2.5697519e-01
   6.7560132e-02  -2.5404852e-01
   4.1054017e-01   4.7171409e-01
  -1.8423274e+00   3.3385264e-01
  -5.7229278e-01  -9.6237364e-01
  -1.4189940e+00  -3.1104908e-01
  -1.9457839e+00   9.0317986e-01
  -9.7997404e-01  -3.2224165e-01
   2.7517693e-01  -1.1167797e-01
   2.7085654e-02  -2.6214519e-01
  -5.6332991e-01  -5.6335032e-01
   7.7015830e-01   1.2505912e-01
  -4.2468123e-02  -7.1929561e-01
   1.4513705e+00   1.1273464e+00
  -4.5492504e-01  -7.4291786e-01
   2.4825718e-01  -2.3396211e-01
  -1.3211456e-01  -5.9147919e-01
  -1.4629576e-01  -5.4927916e-01
  -9.1963410e-01  -4.9464736e-01
   8.2872416e-01   5.6334181e-01
   5.1038441e-01  -4.9968514e-02
   1.2464294e+00   8.8476404e-01
  -1.2983095e+00  -7.9043253e-02
   1.6154338e+00   2.6407560e+00
  -1.0784493e+00  -7.5978554e-01
  -1.7943685e+00   6.2427893e-01
  -2.1140060e+00   5.7604103e-01
  -8.5904445e-01  -1.0236220e+00
  -1.6529772e+00  -5.3245427e-03
  -2.3469084e-01  -1.0151238e+00
   9.0743818e-01  -3.1335771e-01
   7.6819644e-01   1.3162667e-01
   9.4173615e-01  -2.9988659e-02
  -8.3495066e-01  -9.3649321e-01
   1.2431946e+00   1.0797790e+00
   1.0047160e+00   1.2249901e+00
   2.2263040e+00   3.2541711e+00
   7.0443088e-01  -4.5848837e-02
   1.0908476e+00   6.0647103e-01
   3.1221010e-01  -3.8827217e-01
  -4.3472977e-01  -7.6580370e-01
  -8.8143898e-01  -7.7551917e-01
  -2.4859002e+00   2.3950487e+00
  -6.4431167e-01  -1.9737968e-01
  -2.1455631e-01  -6.5925174e-01
  -6.2815799e-01  -8.4286482e-01
   7.9185253e-01   2.9780926e-01
  -8.5371849e-01  -5.2357002e-01
  -4.4202226e-01  -9.2892454e-01
   4.8377331e-01  -3.2698887e-01
   1.0563908e+00   2.5233214e-01
  -6.7506717e-01  -7.2542785e-01
   8.7665304e-01   4.8981994e-01
  -7.2888254e-01  -9.3735871e-01
  -2.2266015e-01   1.1858767e-01
  -2.9781331e-01  -4.1111018e-01
   3.5428730e-01  -2.4841883e-01
  -1.1720972e+00   6.8297218e-02
  -1.1814426e+00  -2.4263998e-01
   1.8350470e+00   2.4441983e+00
  -1.3569514e+00  -3.2635043e-01
  -7.8138149e-01  -4.6452100e-01
  -1.3420143e+00  -3.7700697e-01
  -4.6324047e-01  -8.1334202e-01
   1.2108995e-01  -5.4246027e-01
   1.0796360e+00   1.8317671e-01
   8.9337960e-01  -2.2945999e-01
   3.8049446e-01  -2.5678070e-01
  -1.4341837e-01  -8.1151897e-01
  -6.1084908e-01  -9.0744123e-01
   7.2379679e-01   2.5679176e-01
   1.6868752e+00   2.1971413e+00
  -1.0196452e+00  -5.7523335e-01
  -3.3949579e-01  -3.9996121e-01
  -9.4621755e-01  -3.4872882e-01
  -3.1034801e-01  -1.0671123e+00
   1.0860073e+00   1.5261202e+00
  -2.1920073e+00   9.8404771e-01
  -2.8339983e-01  -8.4051320e-01
  -1.7162542e+00  -5.0919488e-03
   1.4163616e+00   4.8452406e-01
   6.9039263e-01   5.2461882e-01
  -6.4202968e-02  -7.5608680e-01
   9.5158077e-01   5.3900437e-01
   2.0217370e-01  -8.7383753e-01
   5.2557403e-01  -8.8697407e-02
   1.4177181e+00   8.6331032e-01
   1.8344296e+00   2.9534261e+00
   3.2621998e-01  -8.7780829e-01
   9.8256142e-02  -8.1737664e-01
   1.5005442e+00   2.3849182e+00
  -3.1628060e-01  -7.0392706e-01
   1.5149583e-01  -7.1874990e-01
  -7.2544694e-01  -6.1679813e-01
   1.6005705e+00   2.5720882e+00
  -1.7123774e+00   9.7550025e-01
   3.9664150e-01  -7.0788819e-01
   3.9052587e-01  -5.1216563e-01
   5.0059632e-01  -7.0225155e-02
   1.1862935e+00  -1.7551801e-01
   9.7678960e-01   2.3041611e+00
   4.0550144e-01  -1.5996982e-02
  -2.0892253e-01  -9.5203955e-01
   1.0728378e+00   1.3011717e+00
  -7.2807740e-01  -5.5049371e-01
  -1.3914160e+00  -2.5013414e-01
   1.7255493e+00   2.3502330e+00
   5.7159356e-02  -7.2878554e-01
   5.8876320e-01   2.1554875e-01
  -1.2875969e-01  -8.3217140e-01
  -9.0825247e-01  -6.8662108e-01
   1.0806747e+00   7.9237838e-01
  -1.3029635e-01  -6.2769019e-01
   1.1207485e-01  -8.5205684e-02
   1.4126786e-02  -4.4704328e-01
   7.5732469e-01  -2.2159345e-02
  -1.5335865e+00   3.1927598e-01
   1.0834775e+00   1.4701492e+00
   6.8558004e-01  -1.6745984e-01
  -4.5434995e-01   1.2038784e-01
   6.1025995e-01  -7.9101308e-01
   6.3272323e-01   4.7990812e-01
   6.4262551e-02  -1.9620951e-01
  -1.3248030e+00  -7.8144421e-01
  -4.1733408e-02  -9.4442126e-01
   6.6770343e-02  -8.2610061e-01
  -9.9098958e-01  -6.2709469e-01
  -1.0711867e+00  -5.6799432e-01
   1.8702559e+00   3.1980135e+00
   2.0043164e-01  -8.4769642e-01
  -1.7037334e+00  -3.0878762e-03
  -1.1602154e-01  -8.0129865e-01
  -3.9651108e-01  -9.3532922e-01
   3.6108203e-01  -6.0142834e-01
   2.5519370e+00   4.0237167e+00
   2.7648087e-01  -1.0185596e+00
  -1.8870655e+00   1.2614504e+00
   1.4657232e-01  -1.2373100e+00
  -1.2282203e+00  -3.1466058e-01
   1.0111062e+00   1.3081650e+00
   6.6833142e-01   2.8009633e-01
  -1.0560212e+00  -3.5860801e-01
  -2.5512642e-01  -8.2790716e-01
  -5.8873055e-02  -4.6186475e-01
  -1.9395933e+00   5.6408992e-01
  -1.1459750e+00  -6.3325631e-01
  -3.3938343e-01  -1.0589070e+00
  -4.2637203e-01  -7.7231448e-01
   6.4916632e-01   7.7232002e-02
   5.6694118e-01  -1.3880303e-01
   1.6981156e+00   1.9866913e+00
  -1.4261149e+00  -1.8128385e-01
  -1.7962705e+00   2.6588419e-01
   8.6691162e-01   1.0416300e+00
  -2.0790751e-01  -6.0086427e-01
   7.9814626e-01   1.0918940e+00
  -2.2524358e-01  -9.0764354e-01
  -1.0609428e+00  -6.4777634e-01
  -3.9314642e-01  -5.1017220e-01
  -8.9062193e-01  -1.4236230e-01
  -2.0448816e-01  -1.0903751e+00
  -2.1848648e-01  -1.0942656e+00
  -8.4567494e-02  -5.9345231e-01
   3.4918642e-01  -1.0636929e+00
  -1.5142431e-01  -7.8282090e-01
   2.9456934e+00   5.4613678e+00
   8.3213258e-01   1.9920271e-01
  -9.8585931e-01  -4.0877807e-01
  -5.4821149e-01  -8.2930497e-01
  -6.2689049e-01  -7.6085483e-01
   7.1428901e-01   1.5718369e-01
  -7.8892997e-01  -7.8203467e-01
   4.0823604e-01  -7.5814609e-01
  -7.9948166e-01  -4.6197262e-01
   3.6761518e-01  -8.7628576e-01
   5.8180816e-01  -8.3377067e-01
   6.1134639e-01  -2.3355153e-01
   6.0368371e-01   2.9171934e-01
   1.5318046e+00   1.6478623e+00
   1.3893816e+00   1.1495538e+00
  -1.1528555e+00  -5.7731963e-01
  -1.0919354e+00  -8.0400430e-01
   3.4419727e-01  -1.0473166e+00
   5.3088905e-01  -5.2214359e-01
   6.9099320e-01  -7.1880194e-02
  -8.8349169e-02  -1.0475104e+00
  -1.1928792e+00  -3.5580681e-01
  -1.2845744e+00   1.3680781e-02
   5.9764944e-02  -5.2158490e-01
  -5.7532202e-02  -3.2893599e-02
   6.8105849e-01   1.8841130e-01
   5.1765491e-02  -8.1017774e-01
  -5.3814990e-01  -9.8956929e-01
  -7.6776586e-01  -7.6887463e-01
