   3.5049010e-01  -6.7693974e-02
  -3.1399421e-01  -1.5714806e+00
   3.8350707e-01  -6.4464066e-01
   1.5855230e-01  -9.3225173e-01
   1.6722115e+00   8.7188291e-01
  -7.2437939e-01   7.0524723e-01
   4.1828647e-01   6.4871082e-01
   3.6019330e-01   1.1282230e+00
   1.4202815e+00   3.4271989e-02
  -3.0267832e-01   7.1160426e-01
  -7.4178461e-01  -1.3054724e+00
  -4.4535020e-01  -1.9152661e+00
  -3.8983071e-01  -1.7773843e-01
   1.0949627e+00  -3.2087975e-01
   4.6148000e-01   1.0324620e-01
  -1.8265472e+00   1.2939460e+00
   5.0672758e-01   8.9744335e-02
   2.6848373e-01   5.3157041e-01
   6.4136831e-01   1.1997216e-01
  -1.2193881e+00   1.8094100e+00
  -5.6141544e-01   5.9214839e-01
   4.9703789e-01   4.4548981e-02
  -1.4094282e-01   1.3711887e+00
   9.0272225e-01  -8.1522075e-01
  -1.5302769e-01   1.5492969e+00
  -5.9048223e-01  -1.6357062e+00
   4.2974040e-01  -4.5002566e-02
   4.6897958e-01  -4.3187670e-01
   8.2441971e-01   5.2225234e-01
  -7.9552086e-01  -5.8502350e-01
  -7.8430687e-01  -6.7813229e-01
   8.0493709e-01  -5.5106232e-01
  -9.2579736e-01  -1.7466802e+00
   1.7451062e-01  -1.1965644e+00
   1.5306607e+00  -4.4931773e-01
  -2.5074216e+00  -2.3461651e+00
   5.1335239e-01  -6.3288558e-01
  -6.6481787e-01   1.5041250e+00
  -2.4013500e-01  -1.2393920e-01
  -1.5413402e-02  -1.6231546e+00
  -2.7023952e+00   1.8696589e+00
  -3.1718689e-01   1.4626875e+00
  -1.8937373e+00  -2.2542013e+00
  -2.7033142e+00   1.6064362e+00
   2.4336427e-01   5.6007130e-01
   7.6180433e-01  -1.0190695e+00
   1.0475578e+00   3.4475756e-01
   8.2028210e-01  -9.6021946e-01
   5.9405386e-01  -2.0952719e+00
   6.3981173e-01   6.2173370e-01
  -1.0906440e+00   7.0864455e-01
   5.9593550e-01  -9.3653896e-01
  -2.7219576e-01   6.0655535e-01
   1.2293117e-01   4.1770638e-01
  -1.4520113e+00   1.1236348e+00
   3.9774292e-01   9.5535132e-01
   5.3471149e-02   4.6537347e-01
   4.0285882e-01  -1.5968867e+00
   7.8634163e-01  -9.6211125e-02
  -9.1475280e-01  -1.0351861e+00
  -2.6206348e-01  -1.5658365e-01
   4.1600840e-01   7.3862921e-01
   6.4283390e-01  -6.0838661e-01
   1.5951092e+00  -2.7229348e-01
  -3.1933551e-01   6.4922342e-01
   9.9877890e-01   7.2925325e-01
  -1.2919353e-02   1.1822191e+00
   1.1456553e+00  -2.1517396e-01
   5.7197707e-01  -7.6275937e-01
   7.1879559e-01   2.3880764e-01
   1.4248993e+00  -4.4325166e-01
  -1.5079258e+00  -1.7534497e+00
   4.3767734e-01  -1.0187735e+00
  -6.8012102e-02  -1.2457926e+00
  -5.7411076e-01  -8.3483062e-01
  -5.9560459e-01   9.7365555e-01
  -2.9060053e+00  -2.5507034e+00
  -5.0133378e-01   6.2050455e-01
   9.0342255e-01  -4.2114583e-01
  -3.4515887e-01  -8.7973986e-01
  -8.9382774e-01   7.7034437e-01
  -6.5316920e-01   1.6878897e+00
   9.6175771e-01  -4.7987540e-01
   5.2961759e-01   1.0875746e+00
   5.7904268e-01  -8.1509621e-01
   9.7371777e-01  -1.0835248e+00
  -1.0830489e-02   4.8297290e-01
  -3.0653456e-01   6.1921265e-01
   1.2666932e+00  -6.2970053e-01
   1.3068650e+00   6.5376264e-02
  -1.4378569e+00  -1.4210122e+00
   3.0930899e-01   7.5984552e-01
  -9.0866707e-01  -2.5288984e+00
  -1.0370767e+00   1.5875783e+00
  -5.2355172e-01  -1.2462578e+00
  -6.3483849e-01  -4.2516578e-01
   7.1115469e-01   9.1805222e-03
  -7.6363858e+00   3.5356176e+00
  -5.1691095e-01  -4.1544559e-01
  -3.8077894e-01  -7.7713159e-01
   4.0268978e-03   7.9519363e-01
   9.3900669e-02  -4.6388578e-01
   9.4824703e-01  -5.7738800e-01
  -1.2915542e-01  -1.5096155e+00
   8.5504524e-01   5.5175399e-01
   6.5011998e-01  -1.1482512e+00
   5.5586673e-01   4.5078005e-01
  -4.3687650e-01  -9.8044663e-02
   1.2922784e+00  -4.8966396e-01
  -1.2617584e-01  -1.3190460e+00
  -3.1747511e-02  -8.7020438e-01
   1.1326330e+00   7.0059655e-01
   8.7160091e-01   2.1660548e-02
  -2.8711455e-01  -1.4644250e-01
   1.0562664e+00  -4.2351051e-01
  -1.4035347e+00  -1.2158424e+00
   1.1366705e+00  -6.0403510e-02
  -8.5930260e-01   1.1829386e+00
  -5.1246299e-01   1.5689910e+00
  -2.2604402e+00   1.7129598e+00
   4.8792723e-01   8.7486242e-01
   1.2288849e+00   2.3954017e-01
   1.6996838e-01   4.2501190e-02
  -2.6551309e-01   5.2662631e-01
   1.3507182e+00  -4.8026956e-01
  -1.6819561e-01   9.9783798e-01
   4.3673839e-01   1.0712047e+00
  -1.0334771e+00  -2.1416335e+00
  -7.6178739e-01   1.0287300e-01
  -9.6800285e-01  -1.3824431e+00
   7.5429375e-01  -9.2777463e-01
  -7.5709990e-01  -1.2941809e+00
  -9.8225453e-01   1.7473605e+00
   5.9312947e-02   6.5338951e-01
   1.0116816e+00  -4.9255049e-01
  -5.5670907e-01  -2.2256080e+00
   4.1213597e-01  -2.3833449e-01
   2.5443768e-01  -1.2270747e+00
   2.3005231e-01  -6.4745866e-01
  -1.4745621e+00   1.3930344e+00
   5.3382648e-01   2.7027012e-01
   1.5805606e-02  -4.3698883e-01
   8.7774548e-01  -6.5553274e-01
   1.7841212e+00   2.2089654e-01
   2.0044504e-01   4.6723035e-01
   2.6003537e-01  -1.7227033e+00
  -8.4565676e-01  -1.8230756e+00
  -2.0697461e+00   1.1776589e+00
   1.0196372e+00  -1.9153735e-01
  -1.4034035e+00   8.3898246e-01
  -4.5103255e-01   5.8468900e-01
   1.3248180e-01  -1.1289348e-01
   9.6997786e-01  -5.3539050e-01
   4.2471374e-02  -1.9120848e+00
   7.8182818e-01  -3.5227843e-01
   5.9307489e-01  -2.1768861e-02
   5.3998171e-01  -7.6652460e-01
  -1.0797985e+00   1.7132110e+00
   1.0201676e+00  -9.6370855e-01
  -1.1129616e+00   1.1711985e+00
  -1.5540606e-01  -4.0133409e-01
  -5.3857611e-01  -2.7423064e+00
   1.1624249e+00   2.4177994e-01
   4.6016962e-01  -1.2779281e+00
  -1.4041522e+00   1.0132055e+00
   1.1760431e-02   4.0262877e-01
   7.8136674e-01   7.2403435e-01
   5.1864160e-01  -1.1477453e+00
  -2.7716434e-02  -2.0607558e-01
   1.5954311e+00  -4.1659398e-01
  -2.3086524e-02  -7.3548916e-01
   7.8829802e-01   2.5680263e-01
   4.4928782e-01  -2.6146677e-01
  -8.2503330e-01  -2.7582605e+00
  -4.7061768e-02   8.8417520e-01
  -1.1949424e+00  -2.8892240e-01
  -3.3654160e-01  -4.4205812e-01
   7.1214001e-02   6.8456734e-01
   1.2458294e+00  -4.2537074e-02
   1.0785600e+00  -9.4249884e-01
  -1.0614845e+00   6.3778697e-01
   4.1137065e-01  -9.7159344e-01
   4.1445801e-01  -5.5973311e-01
   2.1492409e-01  -8.6550640e-01
  -2.4569828e+00   2.0699106e+00
   5.2419432e-01  -9.6006542e-01
   6.2307345e-01   4.1294866e-01
   5.6759259e-01  -4.4304378e-01
  -5.3003138e-01   9.7501741e-01
   2.1418008e-01  -1.8351675e+00
  -1.1298457e-01   8.3274156e-02
  -2.1216634e-01   1.4758131e+00
   8.9163626e-01  -9.5363184e-01
   2.5517886e-01  -3.7944225e-01
   4.6746407e-01   9.2190317e-01
  -4.9211523e-01  -1.5478431e-01
   3.6363868e-02  -3.9532647e-01
   7.6440219e-01   2.8026296e-01
   3.4673915e-01  -1.5149544e+00
  -4.0840061e-01  -3.9862674e-01
  -1.4733094e+00   1.2815816e+00
  -6.9406204e-01  -3.8609162e-01
  -9.7954964e-02  -1.3851222e+00
   1.2265782e+00   7.3301848e-01
   1.1038372e+00  -6.8971856e-01
  -8.2863959e-01   9.9740465e-01
   3.9706964e-01  -1.6103899e+00
   1.0046610e+00   4.2257825e-01
  -8.1632513e-02   9.2721729e-01
   3.1214782e-01   6.1396269e-01
  -9.0988932e-01   3.0300059e-01
   5.9703310e-01   4.4133899e-01
  -2.2189581e-01  -1.5820651e-01
  -1.2696888e-01   9.4428400e-01
  -1.0508397e+00  -1.5937192e+00
   8.0629661e-01  -7.1749488e-02
  -2.3058848e-01  -4.6096557e-01
   2.2211097e-01   4.5777525e-01
   8.5484705e-01  -5.5999585e-01
   8.1867429e-01  -3.2857416e-01
   4.7417874e-01   6.2418238e-02
   3.3663750e-01   6.3515424e-01
  -4.2932635e-01   1.1699167e+00
  -2.5730572e+00   1.6501753e+00
   1.2496593e-01  -4.9819043e-01
   5.2399760e-01   4.2186412e-01
   7.1286774e-02   9.9099672e-03
  -8.9309335e-01   1.1678836e+00
   7.8532402e-01  -4.9024680e-01
   7.6882448e-01  -8.4023809e-01
  -6.6134759e-01   5.1994043e-01
   1.2515417e+00   3.7053957e-01
   1.1232930e+00  -1.3534318e+00
  -8.0595137e-01   6.9079257e-01
   2.8478098e-02  -1.0282999e+00
   7.4701276e-01  -1.0088155e+00
   4.3385488e-01   1.1192182e+00
   1.1160861e+00  -7.9595507e-01
   7.6426964e-01   3.4438119e-01
   8.6062660e-01  -1.6450112e-01
  -2.8860726e-01  -2.2227471e+00
  -4.4820675e-01  -1.3410385e+00
  -9.1768314e-01  -1.9629178e+00
   1.3414357e+00  -7.7936850e-01
   5.4306092e-01  -1.9359346e+00
   5.3164630e-01   9.6791812e-01
  -1.7584771e-01   5.3374853e-01
   1.6891155e+00  -2.7706618e-01
  -5.6351664e-01  -1.4739741e+00
   1.7285803e-02  -6.4574764e-01
  -4.4630373e-01  -1.4781257e+00
  -7.4377056e-01   6.9373670e-01
   7.3410396e-01  -1.5646964e+00
  -4.1430516e-01   6.4248661e-01
   6.4516792e-01   2.5385113e-01
   1.2866118e+00  -6.2691604e-01
  -1.0714323e+00   2.2954270e-01
  -3.1955031e+00   2.8994713e+00
   1.9224711e+00  -2.4281827e-01
   1.5244072e+00  -1.2786949e+00
   1.2767098e+00  -1.5905493e-01
   4.0260872e-01  -1.1539542e+00
  -7.1750464e-01   1.5582096e+00
  -1.1326253e+00   6.1022361e-01
   5.3999917e-01  -7.4422314e-01
  -5.9687152e-01   7.2938773e-01
  -3.8856769e-01  -2.1928774e+00
  -5.7391364e-01   6.2487662e-01
   2.8538364e-01  -7.8086500e-01
   9.1738200e-02   1.0116597e+00
  -2.0290314e+00  -1.6256658e+00
   8.6007868e-01   5.6887658e-01
   8.5672574e-02   1.0960956e+00
   4.4971173e-01   6.2343354e-01
   1.0628115e+00  -7.7718717e-01
  -6.3706109e-01  -3.0551712e-01
  -7.0527263e-01  -7.1188706e-01
  -1.6971227e+00   1.8512456e+00
   6.9954442e-01  -1.4161144e+00
   9.4316596e-01  -3.5695307e-01
   4.3324613e-01  -5.0874730e-01
  -6.9980704e-01   6.1292838e-01
   7.5635969e-01   1.3166000e-01
   1.4848782e-01  -1.3079322e+00
   7.8904650e-01   8.1802204e-03
   1.9509528e-01  -1.7993209e-01
  -2.4908376e-01   2.1693259e-01
  -2.5016310e-01   1.0798626e+00
   2.1008449e-01   8.9114341e-01
   7.1082066e-01   1.7206526e-01
  -1.1158003e+00  -8.6202291e-01
   1.0766871e+00   2.0667029e-01
  -3.6404007e-01   1.3046457e+00
   2.1732373e-01  -1.6035132e+00
  -2.5044612e-01   1.9625552e-01
   9.4330232e-01  -4.9369207e-01
  -1.5589328e+00   1.2179588e+00
  -2.7502139e+00   1.7801493e+00
   2.1511335e-01   4.4387413e-01
  -5.5047199e-01   3.4303253e-01
   9.6645634e-01  -6.2847560e-01
   9.3380136e-01  -1.1008653e+00
   1.3199885e+00   2.5616161e-01
  -2.6425160e+00   2.4209161e+00
  -6.9334301e-01   1.4252283e+00
  -3.2802047e+00  -3.1376680e+00
  -3.7840025e+00   2.1406865e+00
  -1.1966040e+00  -2.3777375e+00
   4.1007896e-01  -3.4388218e-02
   9.1240491e-01  -8.4921029e-01
   1.2245162e+00  -5.8842969e-01
   4.3172134e-01  -3.0140213e-01
   9.6362718e-01  -1.8415554e-01
   1.5121839e+00  -1.4585140e-02
  -2.7936900e+00   2.1700947e+00
  -5.7238175e-03   1.2972491e+00
   1.3005786e-01  -1.3520276e+00
   5.6926788e-01  -9.6154071e-01
  -4.9948952e-01   3.2396473e-01
   1.2262293e+00  -1.4264606e+00
  -5.9221276e-01   1.3232114e+00
  -3.8626958e-01  -1.5256314e+00
  -9.9424244e-03   5.8633119e-01
  -2.7423091e-01   2.1200346e-01
  -1.1388891e+00  -1.2658684e+00
  -2.0094951e+00   1.8598023e+00
   1.1975169e+00  -1.0438192e+00
   8.1306491e-01   5.8712556e-01
  -1.9480720e+00   1.6800143e+00
  -6.8677464e-01   2.0047182e+00
   7.8183486e-01   6.6228272e-01
   6.0723804e-01  -1.6468232e+00
   1.3230765e+00   9.7774255e-01
   5.4696641e-01  -6.2882646e-01
   8.4828045e-01  -3.5057514e-01
   1.2507427e+00   7.2116775e-02
   9.1492958e-01  -2.9990930e-01
   7.8484058e-01   7.9761905e-01
   5.9824115e-01  -5.9151310e-01
   8.7085380e-01   5.5168518e-02
  -1.7630003e+00   1.9222014e+00
   1.0432446e+00   4.2469937e-02
   9.1707657e-01  -6.8330978e-01
  -6.3329860e-01   2.3324660e-02
   1.1911069e+00  -1.6743397e-01
   7.8501567e-01   1.0372689e+00
   5.7970019e-01  -1.3364665e+00
  -6.3496834e-01   7.0286546e-01
   6.2492828e-01  -8.8282750e-02
   1.5448552e-01  -1.4213736e-01
  -6.9194573e-01  -2.0157628e+00
  -2.5230193e-03   2.7801011e-01
  -7.3393705e-02   2.6590195e-01
   7.5168085e-01   3.6198062e-01
  -1.1483951e+00   1.4452681e+00
   1.6115927e+00   2.3866708e-01
   1.1402411e+00  -7.0153269e-01
  -1.0179940e+00   1.1643225e+00
   7.9402647e-01   6.9240893e-01
   4.6072452e-01  -4.9058820e-01
   5.7628886e-01   4.8498173e-01
  -2.2208719e-01  -1.3014807e+00
   2.0705321e-01  -2.5735700e-01
  -7.6508163e-01  -3.2374441e-01
  -3.8085016e-01  -6.1943999e-01
   5.4333047e-01   9.6306558e-02
  -2.1117265e-02   1.1581827e+00
   4.9059384e-01   6.4295143e-01
   5.0190954e-01  -4.0331605e-01
  -3.2821140e-01   1.7783199e+00
   3.5950153e-02  -3.5126238e-01
  -2.6813234e-01   1.2267362e+00
  -3.6045788e-01   1.2407999e+00
  -3.1936064e-01   9.2773306e-01
   2.1257436e-01  -1.4839320e+00
   7.1197452e-01   3.6359862e-01
   1.8296042e-01   1.0179005e+00
  -5.4469590e-01   2.5268011e-01
   1.2524771e+00   4.1108128e-01
   5.5394305e-01  -8.9589719e-01
  -5.1528862e-01   4.2774443e-01
   5.0872809e-01   9.8967517e-01
  -2.1982254e-01   1.0486237e+00
  -1.2486530e+00  -1.6701494e+00
   1.0816210e+00   6.7899753e-01
   1.0230402e+00  -3.2456315e-01
  -7.7904095e-02  -1.1727549e+00
  -1.6465303e+00   1.5246643e+00
   4.2110472e-01   1.1815032e+00
   6.9085286e-02   1.5314864e+00
   4.8142533e-01   3.9909149e-01
   9.1290366e-01  -8.1245635e-01
   1.3223264e+00   2.1299773e-01
  -5.3142747e-01   1.0355712e+00
   8.6746697e-01  -4.7395308e-01
   6.8119437e-01   6.8611850e-01
   6.9453135e-01   8.2443602e-01
   3.3221245e-01  -8.5591216e-01
   6.3877434e-01  -3.9929965e-01
  -2.2256503e-01  -9.7583400e-01
  -1.3252120e-01   1.5502060e+00
   1.4790424e+00  -3.2567544e-01
  -1.2437613e+00  -1.5531861e+00
  -4.5631844e-01  -4.1035239e-01
   1.1099284e+00   5.1171786e-01
  -5.3471787e-01   1.0293241e+00
  -1.4549894e+00   1.3961560e+00
   1.0019073e+00   7.9518389e-01
   8.4358473e-01  -1.7888250e+00
   4.8079944e-01  -6.6287657e-02
  -8.8433869e-01  -4.1097401e-01
   6.4928971e-01  -3.0026212e-01
   1.5150110e+00  -4.6607257e-01
  -8.3224337e-01  -3.3331085e-02
   8.8070701e-01   1.7250036e-01
   3.5880481e-01   3.4524620e-01
   1.4272239e-01   4.0341355e-01
   4.7704115e-01  -1.2931964e-01
   5.7216616e-01  -4.2885571e-01
   6.1900704e-01  -4.8895862e-02
   8.5627686e-01  -1.6672552e-01
   5.4771966e-01   6.4793831e-01
   2.2658342e-02   1.5187088e+00
   6.0761060e-01  -4.7358031e-02
   7.6424509e-01   1.0847797e-01
   1.3510416e+00   2.3096586e-01
  -2.8470501e-01  -2.7713885e-01
  -7.6013190e-01  -1.0562570e+00
  -7.6510902e-01   3.1936926e-01
  -3.0683199e-01  -1.1052083e+00
   1.3279433e+00  -1.6771492e-01
   5.1544050e-01  -8.1271402e-01
  -5.5769580e+00   2.9766452e+00
   3.7003836e-01   1.5792493e-01
   1.5499739e+00  -1.3369539e-01
  -1.9875573e+00   2.0106807e+00
   2.4066434e-01   1.6154183e-01
   9.9671271e-01   7.7105165e-01
  -2.2206116e-01  -1.7255403e+00
   7.2955616e-01   6.5638322e-01
   6.6738039e-01  -7.3461595e-01
   1.2801765e-01   7.1049730e-02
   8.0972116e-01   8.8732528e-02
  -4.5509930e-01  -1.0339387e-01
   1.8958278e-01   1.0270919e+00
   1.9005373e-01  -8.7841647e-01
   6.2862120e-01  -1.9278583e-01
  -4.6928193e-01   5.1557936e-01
   6.3804794e-01   1.9129660e-01
  -1.2723671e-01   1.3900827e+00
   1.2073477e+00  -3.2545932e-01
   3.0206316e-01   1.1278558e+00
  -2.2641998e+00   1.9153860e+00
   1.5157549e+00   4.2416915e-02
   1.1486875e+00   8.2806418e-01
  -5.0609260e-01  -1.0344387e+00
  -4.7849444e-01   6.8918229e-01
  -8.1579694e-02  -8.2029485e-02
   8.6606526e-01  -5.8799082e-01
   4.8735757e-01   8.5193004e-02
  -1.5008502e+00  -2.6523391e+00
   2.1878031e+00  -7.7128288e-01
   9.2435412e-01   6.8174071e-01
   6.9950325e-01  -7.0839277e-01
  -2.6710015e-01  -6.4599718e-01
  -1.3428587e+00   1.1750137e+00
   5.9582394e-01  -1.0253948e-04
   1.0395012e+00   1.7490055e-01
  -1.1858547e+00   5.2212756e-02
  -1.2833364e+00   1.5693653e+00
  -6.8211514e-01  -1.0285973e+00
  -1.0093668e+00   1.2032282e+00
   8.8207558e-01  -7.6166376e-01
   7.3776778e-01   9.0249664e-01
   3.7945199e-01  -8.2120475e-01
  -1.1122983e-01  -1.6422089e+00
   5.7816300e-01   1.0855564e+00
   3.4390201e-01  -8.3251435e-01
  -1.1307081e+00   1.2754151e+00
   6.7245853e-01   3.2998542e-01
  -3.4474379e-03   8.7833650e-01
  -6.3983940e-01  -9.7335343e-01
  -1.0046685e+00  -1.6883519e+00
  -2.0769224e-01  -5.2898764e-01
  -8.7463487e-01  -2.6265631e+00
   8.1042627e-01   7.7919939e-02
  -2.9027081e-03  -3.4353154e-01
   7.0280709e-01   3.0436186e-01
   8.7680052e-01   5.8102423e-03
  -6.1723673e-01  -7.1476561e-02
  -1.5893341e+00   1.5192305e+00
   6.9340107e-01   1.1807227e+00
   6.6640475e-01  -5.1602415e-01
   1.4333314e+00  -3.9196933e-01
   4.7113522e-01  -1.1772048e+00
  -2.4214058e+00   1.9404963e+00
  -8.4520665e-01   1.3918632e+00
  -6.2010930e-01   1.5954784e-01
   4.4536628e-01  -8.9768079e-01
  -3.7384244e-01   4.5681699e-01
  -2.8841489e-01   5.8375961e-01
   1.2377757e+00  -9.1027347e-01
   1.0492777e+00   2.5316682e-01
  -1.0583537e+00  -1.0479846e+00
   1.4619311e+00  -2.9080722e-01
  -2.7265077e-01   5.3451970e-01
   1.4849891e-01  -4.8894082e-01
  -8.8164645e-01   1.1077658e+00
  -2.0003834e+00   1.7871453e+00
   1.8686821e-01   8.3631300e-01
   1.0556244e+00   4.3884747e-02
  -1.3286679e-01   9.5153134e-01
  -4.9198888e-01   1.8450411e+00
   8.6099314e-01   1.8553405e-01
   2.6806674e-01   1.4131360e+00
  -1.2826477e-01  -1.3564468e+00
   1.3425768e-01  -5.3453370e-01
   5.9724395e-01   9.5755636e-01
   9.0135538e-02   2.1497057e-01
   4.2542974e-01  -1.4167699e+00
  -8.1783470e-01  -5.8092586e-01
  -1.5986478e-02   1.0723866e+00
   3.1053985e-01   1.4667489e-01
   1.2626316e+00  -6.3429487e-01
  -1.1260102e+00   1.4109800e+00
   7.5692613e-01   7.0036190e-01
   1.0581441e+00   2.5353629e-01
   9.0682270e-01  -3.4530240e-01
   6.4510121e-01  -1.0656762e+00
  -1.1756989e+00   1.0991168e+00
  -6.3719841e-01   4.1946317e-01
   2.3889171e-01  -5.8642264e-01
  -1.1471095e+00   7.3231447e-01
   1.0588470e+00  -3.6617421e-02
   1.0589163e+00   4.9091375e-01
  -2.1069205e-01   1.1465414e+00
   1.1042244e+00  -7.3810402e-01
   1.0930712e+00   4.1175258e-01
   3.6478170e-02   2.0349625e-01
  -1.0990694e+00  -8.3708769e-01
   3.4537761e-01   2.5240679e-01
  -3.9057760e-01  -7.7241529e-01
  -4.0749379e-01   1.0198305e+00
   7.1358016e-01  -1.1829084e+00
   2.6555310e-02   5.5484499e-02
   1.2370371e+00  -1.7497066e-01
  -9.7839648e-01   1.7353377e-01
  -5.6397180e-01   4.9988227e-01
   6.5857080e-01  -1.0862497e+00
   1.2496713e+00  -2.7617487e-01
   8.7324748e-01   7.0764209e-02
  -3.5797098e-02  -1.7378683e+00
  -1.3317734e+00   1.2825183e+00
   8.3464250e-01   5.3224006e-01
   4.9951543e-01  -1.0210603e+00
  -5.9721175e-01   6.4369338e-01
   4.9124093e-01  -1.6062915e+00
  -1.0158859e+00   1.5008408e+00
   1.2031085e+00  -8.1341786e-01
   1.3916938e+00  -3.9453075e-01
  -6.3295621e-01  -7.2552533e-01
   3.8872384e-01   6.4080801e-01
  -5.1186955e+00   3.0630920e+00
  -6.4659054e-01   9.4916251e-01
  -1.1509692e-01   5.8677687e-01
   2.0906286e-01   1.3777945e-01
  -2.5093531e-01  -8.4716440e-01
  -2.8283309e+00   2.0729291e+00
  -3.0042134e-01   6.6409921e-01
  -7.3211988e-01   1.0311999e+00
   1.1340642e+00   3.7987377e-02
  -1.1549539e-01   5.4942835e-01
   4.5951808e-01  -7.2904621e-01
  -5.8368212e-01   1.8586452e+00
   4.8153755e-02  -7.3770343e-01
   6.3799359e-01  -5.6841013e-01
   7.1089577e-01   9.9573607e-01
   3.1425673e-01   1.5590968e+00
  -1.6219089e-01   5.6748821e-01
   9.5755037e-01  -9.7097622e-01
  -1.8275901e+00  -1.5778273e+00
   7.4529845e-01   7.5744427e-01
   9.1657770e-01  -1.1516246e-01
   1.1429423e+00  -5.5033238e-01
  -1.2824911e-02  -5.7096200e-01
  -6.2698511e-01  -1.5320850e+00
  -3.6690575e+00   2.3831549e+00
   8.5285581e-01  -1.4725747e-01
   4.4925786e-01   6.6626926e-01
   8.1315862e-01  -2.4754428e-01
   4.8553081e-01  -1.0142630e+00
   6.4135182e-01  -3.8781128e-01
   9.6446342e-01   2.6374080e-01
  -4.3350908e+00   2.9809686e+00
   2.2148886e-01  -3.4358157e-01
   4.6877975e-01  -3.8506736e-01
   7.4437917e-01  -8.4787806e-02
   1.0011721e+00  -1.0541356e+00
   5.4959544e-01  -1.3200454e-01
  -2.7209790e+00   1.8674471e+00
  -8.8613318e-01   9.2088610e-01
   1.2585135e-01  -2.1475071e-01
   7.6491039e-01  -6.0161162e-01
   1.0423523e+00  -4.3476130e-01
   7.0706243e-01   5.5035561e-01
   3.9383136e-02  -1.5153093e+00
   3.1751187e-01   1.0341358e+00
   3.5232174e-01  -1.3283046e-01
   7.2894556e-01   1.8981959e-01
  -3.2476087e-01  -1.0914509e+00
  -2.4475142e+00   1.6219651e+00
  -2.0167229e-02   1.1357911e+00
  -3.7790552e-01  -1.0430027e+00
   6.5787455e-01  -6.2437120e-01
   4.1042316e-01  -9.9224834e-01
  -3.7854049e-01   1.2099995e+00
   9.1558697e-01   7.0739205e-01
   6.9267867e-01  -5.9074746e-01
  -5.6956361e-01  -1.8013552e+00
   5.2287129e-02  -4.2364441e-01
  -6.0590818e-01  -1.3479470e+00
  -1.6561312e-01   1.4970815e+00
  -2.7160105e-01   7.0398924e-01
  -6.5334806e-01  -1.0901808e+00
  -1.0447514e+00  -1.8236309e-01
  -6.8259039e-01  -6.5361411e-01
   6.7100268e-01   8.6602364e-01
  -8.7890884e-01   6.1396395e-01
  -1.8222940e+00   2.1106292e+00
  -5.2682653e+00   2.7212626e+00
   8.5232937e-01  -9.6808342e-02
  -6.3633686e-01   1.4194669e+00
   9.5125253e-01  -1.6075211e-01
  -5.7572710e-02   5.2944921e-01
  -1.2753213e-01  -1.8995762e+00
  -4.6753620e+00   2.3939677e+00
   7.5911732e-01   2.5016393e-01
  -3.1724507e-02   5.9135798e-01
  -2.5387873e+00   1.9695690e+00
   3.4761471e-01  -2.5893830e-01
  -6.6062326e-01  -1.5500123e+00
   7.4082496e-01  -3.6600880e-01
   7.9146221e-01   3.1012986e-02
   4.2414063e-01  -1.0766611e+00
  -1.0878723e+00   1.8236402e+00
  -1.3749539e+00  -2.4591878e+00
   1.1740414e+00  -4.6435969e-01
   1.3045696e+00   4.3968012e-02
  -7.6449732e-01   1.2428387e+00
  -7.5154593e-02  -2.8368186e-01
   1.1396556e+00  -1.0127098e+00
   2.2466121e-01  -1.4727283e-01
  -4.3478687e-01   3.8815118e-01
   5.2140605e-01   1.2668903e-01
   5.5719420e-01  -5.2823034e-01
   1.0341810e+00   7.7421097e-01
  -1.4805964e+00   9.6294888e-01
   1.2731703e+00  -3.6251990e-01
  -4.6395958e-02   1.2556722e-01
   2.8818750e-01  -1.7163856e+00
   8.4797885e-01   1.3052646e+00
  -7.1288105e-01   1.0525195e+00
   1.2144308e+00  -6.9933435e-01
  -3.5169551e+00   3.0547943e+00
   4.7685270e-01  -1.0274732e+00
  -1.8336960e+00  -1.5367985e+00
  -1.3580551e-02  -1.1538539e+00
   4.9601798e-01   4.5595471e-01
   2.6914067e-01   5.6763202e-01
   3.6348163e-01   8.5713478e-01
   2.3306247e-01  -8.3507939e-01
   5.1217300e-01  -8.3706342e-01
  -2.9439390e-01   6.1769430e-01
  -7.2484911e-02   9.4616078e-01
  -2.2840536e+00  -2.2664701e+00
  -7.9277013e-01  -9.6360452e-01
   3.2464515e-01  -1.1006041e+00
  -5.1515252e-01   1.5229911e+00
   8.2412800e-01   3.6027353e-01
  -3.3135799e-01   9.7114771e-01
  -3.3564064e-02  -4.5247560e-01
  -1.7593200e+00   1.4810352e+00
  -2.4445485e+00  -2.3855076e+00
   5.5581916e-01  -7.4313371e-01
  -1.0539034e+00   4.3836721e-01
   6.2118708e-01   3.6324494e-01
  -2.7002009e-01  -8.5376405e-01
   7.5793843e-01  -1.0611631e+00
   8.7646253e-01   1.3028682e-02
   7.6077331e-01  -1.6149027e-01
  -5.5688725e-02  -7.6808805e-01
   4.5496756e-01   3.1821124e-01
  -1.7303566e+00   1.5305718e+00
  -8.7780425e-01  -6.3517764e-01
   1.2316105e+00  -1.0916726e+00
  -3.5260463e-01  -1.9514212e-01
   1.0733575e+00  -3.2526817e-01
   1.6477331e-01  -2.1905186e+00
  -1.1995292e+00   1.9551123e+00
  -1.8643692e-01  -2.0647049e+00
   1.9734249e-01   5.5146726e-01
  -2.3258471e+00   1.3589089e+00
   6.1609955e-01  -3.2317564e-01
   1.0661756e+00  -5.8064339e-01
   1.0601395e+00   2.7543581e-01
  -1.2145582e+00   3.3190425e-01
   1.0442537e+00  -1.6788119e-01
  -8.0470282e-01   1.3966805e+00
   5.8089053e-01  -8.5215511e-02
  -2.9340596e+00   2.0813833e+00
  -9.5300916e-01   1.1374044e+00
  -5.8476969e-01   6.4727320e-01
  -3.6681729e-01   7.9054001e-01
  -9.6849491e-01  -5.8948742e-01
  -2.7360969e+00   1.8842190e+00
  -4.3021443e-01  -1.3862777e+00
   2.8992174e-01   8.1992584e-01
   1.4426333e-01  -1.0666387e+00
   3.2009648e-01   2.4387472e-01
  -7.4588229e-01  -2.2019516e+00
   5.7518603e-01  -2.7172488e-01
  -1.0030251e+00   7.0696399e-01
  -7.1289724e-02  -1.3198248e+00
   8.7334195e-01  -5.8448291e-01
  -9.2249543e-01   3.4177706e-02
   1.3612573e+00   4.1586463e-01
  -2.6112756e-01  -1.3019802e-01
   2.2943438e-01  -1.1814285e-01
   3.6621276e-01  -1.6017236e+00
  -1.0838491e+00   9.0927429e-01
   1.3043880e+00   2.2385329e-01
   9.1285719e-01   1.0104371e-02
   3.7048038e-01   1.2144979e+00
   9.4737394e-01  -4.1397573e-01
   9.8323892e-01  -4.4405622e-01
  -3.4131523e-01   1.8759213e-01
   1.0703916e-01  -2.6554826e-01
   1.2522603e-01   2.4165536e-01
   4.9335553e-01   9.7376304e-01
  -3.8491635e+00   2.7691672e+00
  -1.8450061e-01   1.1160525e-01
   3.8129838e-01   6.8180651e-01
  -5.1932414e-01   1.3898892e-01
  -1.0592753e+00   1.4641220e+00
   4.9505045e-01  -6.5458212e-01
   4.0846145e-01   1.0014602e-01
  -7.8812105e-01  -8.3233052e-01
  -9.2198657e-01   1.5588961e+00
   1.8779656e+00   4.9414584e-01
  -9.2623186e-01   6.6506956e-01
   1.1058882e+00  -7.1709679e-04
   3.0153594e-01   8.9518016e-01
  -7.9343448e-01   1.2134728e+00
   1.8861696e-01   4.7913298e-01
   8.4204740e-01  -1.6273927e+00
   1.5250460e+00   6.3505812e-01
  -3.6636619e-01  -1.4995580e+00
  -6.8480803e-01   1.6758987e-01
  -3.9213944e-01  -1.9066996e-01
   9.8539756e-01  -1.6431713e-01
  -9.3362100e-02   6.5694014e-01
   5.9591341e-01  -2.9748917e-01
  -1.7382648e+00   1.5184770e+00
  -1.3155341e+00  -5.0679276e-01
  -1.7486281e+00  -1.6304482e+00
   4.4420678e-01  -8.3237238e-01
   1.0283077e-01   8.4046178e-01
  -3.1358489e-02   4.9245788e-02
   3.0283655e-01   3.5144120e-01
   9.1468360e-01  -9.5877915e-01
   7.4639613e-01  -1.4701831e+00
   6.0463332e-01   1.2034148e+00
   5.2535626e-01  -1.3949142e+00
   4.1820988e-01  -4.0180395e-01
  -3.6471565e-01  -5.5762622e-02
   9.3531235e-01   4.2911797e-01
  -2.5453352e+00   2.0497886e+00
   2.9026560e-01   3.6708008e-01
   9.1110727e-01  -6.2830621e-01
   1.1666842e-01  -7.5812063e-02
   2.8022311e-01  -1.4552841e+00
   6.0637627e-01  -3.1074158e-01
  -2.3995893e-01   9.6558887e-01
  -1.5725797e+00  -3.0569271e+00
   2.8407953e-01   7.5618160e-01
   2.6852287e-01   9.6642490e-01
   1.3179870e+00   1.3870406e-01
   8.2699619e-01  -8.1627684e-03
   6.3247059e-02  -1.1084044e+00
  -7.8395130e-01  -1.0479107e+00
   1.7450286e+00  -7.3263981e-01
   1.3884857e+00  -4.8546889e-01
   1.7948756e-01   1.2655187e+00
   8.0579057e-01   6.7741848e-01
  -2.5871354e+00   2.2963039e+00
   2.6102435e-01  -5.7898208e-01
   1.1512318e+00  -1.0032115e+00
  -8.7701473e-01  -7.3553946e-01
   8.0660875e-01  -3.3569728e-01
  -3.4268642e-01  -1.8091176e+00
   1.2628846e+00  -5.8547467e-01
   1.2337262e+00   6.2596808e-01
  -9.3265461e-01   1.2763338e+00
   7.6959695e-01   2.1368993e-01
   7.2704922e-01   2.3493539e-01
  -1.6286495e+00   1.6476208e+00
  -1.1810236e+00   1.1845305e+00
   3.1080646e-01  -1.1072695e+00
  -6.3801448e-01   1.3776189e+00
   1.1466462e+00   1.5945910e-01
  -9.3419023e-01   4.4731505e-01
   2.8079774e-01   2.0253120e-01
   2.8207461e-01  -3.3222599e-01
   1.4629497e+00   1.5830210e-01
   8.7194130e-01   5.7512006e-01
   7.9246259e-01  -1.3268587e-01
   6.0757976e-01   6.9465782e-01
  -1.6489451e+00   1.8411091e+00
   9.2864593e-01   2.4350428e-01
   2.5419176e-01  -1.5129574e+00
   1.1956771e+00   8.7744172e-02
   9.6313770e-01  -5.4334562e-01
   7.5391925e-01  -4.5658054e-01
   1.3378507e+00   4.2302842e-02
  -5.1589007e-01  -2.1817004e+00
   6.9632643e-01  -8.6099014e-02
  -2.5806794e+00   1.8174103e+00
   6.7101562e-01   7.0508888e-01
   1.1285171e+00  -5.2201673e-01
   1.5479705e-01  -1.6794282e+00
   1.3120616e-01   2.3235515e-01
  -4.7260938e-01  -1.1835832e+00
   8.2060984e-01  -1.8156341e-01
   1.0159744e+00  -9.6034705e-01
  -2.3277161e-01   8.2616435e-01
  -1.9366474e-02  -1.7904286e+00
  -3.9367226e-01   1.1270489e-01
   8.3482281e-01  -5.1335534e-01
   1.1800932e+00  -6.1976929e-01
  -3.7315909e-01  -1.1711808e+00
  -1.1838728e+00   7.2218052e-01
   6.8403740e-01  -5.5078771e-01
  -4.5056871e-01  -5.7875686e-01
  -1.6935670e+00   2.0169961e+00
  -1.4788973e-01   1.2970748e+00
   1.2984403e-01   2.0037830e-01
   2.6933155e-01  -7.5023119e-01
   6.1013822e-01  -3.6662592e-01
  -1.0956340e-01  -1.8423692e+00
   2.7532379e-01   1.4008509e+00
   1.3069379e+00   1.0093289e-01
  -1.0853410e+00   7.2871932e-02
  -5.3341169e-01   4.3123658e-01
  -4.4371702e-01   2.8909721e-01
   1.3020662e+00  -5.1404518e-01
   3.1175048e-02   6.6532564e-01
  -9.0734916e-01   7.7353676e-01
   9.5542041e-01   1.5966837e-01
   9.5987877e-02  -1.0236088e+00
  -4.2535487e-01  -1.3353468e+00
   1.9578684e-01  -1.8014741e-01
   8.6705847e-01  -1.2679397e+00
   1.7811183e-01  -5.6775677e-01
  -3.1366378e-01   1.2341255e+00
  -3.6301314e-01   7.1308650e-01
   1.2660999e+00  -9.9783904e-01
   7.2772491e-01  -5.2526566e-02
   4.9272736e-01   7.6977254e-02
  -1.1046731e+00  -2.5699825e+00
  -1.0155114e-01   3.1431595e-02
   5.7567741e-01  -6.0517340e-01
  -1.4969776e+00   1.8922560e+00
  -4.9709988e-01   1.0214024e+00
   2.7494912e-01  -1.0123305e-01
   5.9467007e-01  -4.4435857e-01
  -2.1271407e+00  -2.0405575e+00
  -2.6024282e+00   1.8837539e+00
   4.7890950e-01   3.3578192e-01
  -4.3210467e-01  -5.7183114e-01
   1.0318865e+00  -5.2620326e-01
  -5.8605777e-01  -6.5228645e-01
  -1.0262043e+00  -6.3879704e-01
   1.3162053e+00   3.5963134e-01
   1.9299648e-01   1.3918753e+00
  -2.2484852e+00   1.5163408e+00
   9.9472522e-01  -7.3336147e-01
  -4.2036964e-01  -1.7026325e+00
   9.8672297e-01   4.5880161e-01
   1.0748788e+00  -5.8045344e-02
  -4.6990462e-01  -2.0422062e-01
  -6.8685959e-01   2.1412920e-01
  -6.6542303e-01   4.2907247e-01
   6.4722601e-01  -2.4854725e-01
  -4.0002189e-01  -1.4931158e+00
   9.5031799e-01  -5.2600324e-01
  -2.4012986e-01   8.1078339e-01
  -1.0112337e+00  -1.3843286e+00
  -4.0540613e-01  -5.3182826e-01
  -1.1814268e+00   9.2896390e-01
  -7.7189404e-01   1.1812414e+00
   1.5711324e+00  -1.2734885e-01
   1.8354212e-01  -1.7945709e+00
   1.3676586e+00  -7.0008480e-02
  -1.2081663e+00  -5.1786089e-01
   2.5597806e-01   3.4359281e-01
   1.0064316e+00  -9.9340133e-01
  -6.4372884e-01  -1.1880892e+00
   1.3943263e+00  -2.1339563e-01
   1.9455037e-01   5.6747206e-01
  -6.2586332e-01  -1.3683286e+00
  -6.8483154e-01  -2.8688897e-01
  -7.7919049e-01   1.4803059e+00
  -4.1008985e-01   1.2633311e-01
  -1.2320974e-01  -9.4341330e-01
   9.2213864e-01  -8.8856032e-01
   4.2488697e-02  -1.6505398e+00
  -1.4069840e+00   2.0054507e+00
   1.2268048e+00  -8.4739444e-01
   7.5931313e-02   5.6780959e-01
  -3.6051828e-01   2.8701253e-01
   9.1468003e-01  -8.5700989e-01
  -9.8626497e-01   1.1920291e+00
   3.7071540e-01   1.5633961e-01
   1.3944932e+00  -5.1811221e-01
  -9.7202948e-01  -8.2186823e-01
  -5.3309119e-01   2.1524407e-01
   1.3553622e+00   1.8249375e-01
  -1.9800116e+00   1.4449602e+00
  -1.8859216e+00  -1.6695933e+00
   5.7395376e-01  -9.8347122e-02
   2.4900259e-01  -5.0957380e-01
   1.1465932e-01  -1.0073169e+00
  -1.0821881e+00   1.4156637e+00
  -8.0914934e-01   9.3988254e-01
   1.2830935e+00  -1.7772007e-02
   2.1323274e-01  -1.1395130e+00
   1.2435204e+00  -3.6324801e-01
  -1.9447019e+00   1.4100349e+00
  -5.0903433e-01  -9.4691066e-01
  -2.3414029e-01   3.0343452e-01
   1.2215179e+00   8.5668128e-02
   1.0676153e+00   8.8767577e-01
  -8.8331304e-01  -8.0309140e-01
   4.7617295e-01  -9.1375045e-01
   7.9364425e-01   1.6682707e-01
   1.3083345e+00  -1.0963371e+00
  -2.5325297e+00   1.5633965e+00
   1.5373694e+00   2.0766119e-01
  -3.9867726e-01  -4.2395328e-01
   1.9861109e-01   1.3482184e+00
   6.6403823e-01  -9.6270588e-02
   1.1569156e+00   2.4338652e-01
   1.2592952e+00  -8.2698056e-01
  -1.0660027e+00  -4.7170827e-02
  -1.3345402e-02  -9.5659353e-01
   1.3932724e+00   3.0589641e-01
  -7.5835671e-01   5.8048708e-01
  -2.8459277e+00   1.8752536e+00
  -4.3207296e-01   2.5052859e-01
  -6.3844029e-01  -2.7415818e-01
  -1.7228095e+00   1.0340760e+00
   1.2304586e+00  -1.2597311e-01
  -4.7386059e-01   8.7523962e-01
  -1.5402806e+00   1.2387596e+00
  -6.5633311e-01  -1.0521933e+00
   1.0465502e+00  -4.8988540e-02
   7.2343511e-01  -3.2081914e-01
  -2.5772371e+00  -2.4815024e+00
   1.6218066e+00  -1.6391061e-01
   9.4708061e-01   3.0278328e-01
   1.4422697e+00   6.2213114e-02
  -1.0704237e+00  -9.9173895e-02
   9.3866848e-01  -2.0727986e+00
  -6.1937272e-01   2.4457909e-01
  -1.5785691e-01  -2.0818359e-02
  -5.8811940e-02   1.4434398e+00
  -2.1813436e-01   1.6565701e+00
   7.7668257e-01  -9.1822962e-01
  -6.8950377e-01   6.8962575e-01
   9.1400564e-01  -1.4259796e+00
   1.4206302e+00  -3.8016111e-01
  -3.8638723e+00   2.2599035e+00
  -2.0051890e-01   1.2974071e+00
   8.8200658e-01   8.4427637e-01
  -8.4952683e-02   6.4387480e-01
  -1.7696047e-01  -4.2416573e-01
   7.0861368e-01  -1.6649727e-01
  -3.1848781e-01   6.9256255e-01
   8.9019254e-01  -3.3524968e-02
   2.6931511e-01   9.0149867e-01
  -3.6169006e+00   2.2074894e+00
   2.4307610e-01  -3.0008534e-01
   5.6993504e-01   6.4502770e-01
  -2.7752957e-01   3.5029689e-01
   7.7139314e-01   4.5922381e-01
  -1.9501772e+00   1.7997514e+00
   4.4520995e-01  -4.0202665e-01
   8.6516243e-02  -9.5043983e-02
   1.5457420e+00   8.5428047e-02
   1.7227680e-01  -2.0255030e-01
