  -4.9378442e-01   1.3876571e+00
  -1.2628290e+00   1.7116271e+00
   7.2903033e-01  -8.9738637e-01
  -1.5757579e+00   1.8765063e+00
  -6.8963980e-01  -1.5355169e-01
  -7.7501107e-01  -2.9788802e-01
   1.6818761e-01  -3.8902761e-01
   4.1649553e-01  -4.7995060e-01
   1.5938687e+00  -1.7394884e+00
  -8.7718309e-01  -4.6389028e-02
  -5.6228508e-01   1.3598800e+00
  -5.6690292e-01   8.7582970e-01
  -1.6611464e+00   2.1158850e+00
   6.3448862e-01   1.4110403e+00
  -3.9324849e-01   7.1570325e-01
  -5.3044986e-01  -7.1218080e-02
  -1.1877621e-01  -9.0145409e-01
  -4.2839137e-01   1.0296703e+00
   1.7083406e+00  -2.0447021e+00
  -1.2883785e+00   1.4222421e+00
  -9.4136393e-01   9.1579628e-02
   6.4288076e-01   1.0858585e+00
   4.5572155e-01  -9.9462748e-02
   1.2540965e-01   2.5585110e-01
   1.1725162e+00  -2.6743382e-01
  -6.9863773e-01   1.8167895e-01
  -9.0743910e-01   1.5216497e-02
  -3.5629528e-01  -7.5226570e-01
   1.4893822e+00   4.5433469e-01
  -1.6010233e-01   2.8546172e+00
   7.5414280e-01   7.0151376e-02
   1.4788512e+00  -3.1557049e+00
  -6.2404365e-01  -3.8069179e-02
   2.7002974e+00  -1.0635865e+00
   8.2322747e-01  -5.2292046e-01
  -3.8867062e-01   5.9216442e-01
  -1.8629456e-01  -8.2353776e-01
  -1.1819882e+00   1.2136107e+00
   5.3839639e-01  -1.8287685e-01
   1.3209602e+00  -1.2911917e+00
   7.7814106e-01  -4.7891424e-01
   2.0257355e+00  -2.2880807e+00
  -8.4232528e-02  -3.9575941e-01
  -1.5096930e+00   2.9878662e+00
   2.9361186e-01  -1.5978482e+00
  -7.4074249e-01   2.4050089e+00
   2.9885071e-01  -2.9454298e-01
   5.8501599e-01  -7.2576189e-02
   2.8716275e-01   1.1696190e+00
   1.1267425e+00  -8.0490658e-01
  -7.3419391e-01  -3.5986714e-01
   1.6577316e-01  -1.7827819e-01
   9.9006370e-01  -9.0387354e-01
   1.2283483e+00   1.6405355e-01
  -1.8508244e-02   6.1146403e-01
  -1.1917140e+00   3.0241358e-01
  -1.4516408e+00   1.0483895e+00
  -1.2863602e-01  -3.8406523e-01
   9.2742438e-01  -2.5247057e-01
   8.9741932e-01  -7.0447835e-01
  -3.0799384e-01   7.5100382e-01
   1.3223345e-01  -1.1862166e-01
   1.6018630e+00  -1.4533207e+00
  -1.3492860e+00   7.9384272e-01
  -1.4067676e+00   1.1399940e+00
  -5.4539680e-03   1.0092078e-01
   1.4983309e-01  -1.4014997e-01
  -1.2626699e+00   2.5698941e-01
  -7.2934042e-01  -2.9943033e-01
   3.0919766e+00  -1.3854862e+00
  -1.4628071e+00   1.1441315e+00
  -7.6604152e-01   9.1268557e-01
  -4.9441717e-01   1.6869516e+00
  -6.4743466e-02  -6.5688570e-02
  -8.0711769e-01   4.4432616e-01
  -9.1160492e-02  -7.9268926e-01
  -6.9129079e-01   1.5549335e+00
  -5.5662572e-01   5.3430107e-01
   3.1457858e-01  -3.5824949e-01
   2.6949577e-01  -5.0181519e-02
   1.0866043e+00   4.9719683e-01
   3.9245122e-02  -1.0115072e+00
  -8.5800343e-01   1.3059149e+00
   2.4373847e+00  -1.1398560e+00
  -6.5177559e-01  -1.1091672e+00
   2.0300828e+00  -5.3169055e-01
   9.3610078e-02   1.4678927e-02
   1.7381723e+00  -1.5031151e+00
  -5.0207502e-01  -5.3598534e-02
   1.0702477e+00   9.1739188e-01
  -5.8658863e-01   4.1443197e-01
   3.0637073e-01  -1.0102286e+00
  -1.8073557e-01   1.8839418e+00
  -9.6914838e-01   8.6529230e-01
   8.5972923e-01   1.0366241e-01
   1.4101953e+00  -1.4460498e+00
   2.2773683e+00  -2.5294523e+00
  -8.4416321e-01   8.4123511e-01
   2.4245402e-01   1.8945585e-01
  -1.4717288e+00   1.5535180e+00
  -4.3489769e-01   9.3627092e-01
   8.5581075e-01  -7.6116283e-01
  -5.4889314e-01  -4.1107443e-01
  -1.0056836e+00   5.3838146e-01
  -9.5569055e-01   7.0313074e-01
   1.4430873e+00   3.5295512e-02
   8.9576872e-01  -4.6709221e-01
   9.8826255e-01  -8.0554384e-01
   2.0233803e+00  -9.3923423e-01
  -3.1860495e-01   3.9238284e-01
   1.0833144e+00  -5.8199906e-01
  -1.0943015e+00   8.0834011e-01
   9.3147690e-02  -9.2287015e-01
   3.6415509e-01   1.6555490e+00
  -8.7525779e-02  -5.9661156e-01
   9.4836052e-02   4.3260152e-01
  -1.5725747e+00   1.1930689e+00
   2.3385796e-01   1.0070949e-01
   1.2596383e+00   6.3382427e-01
  -5.3703209e-01  -4.9144800e-01
   4.1171350e-01   2.9170663e-01
  -1.2422981e+00   9.9152169e-01
  -8.9004441e-01   9.8102662e-02
  -7.0834400e-01   9.7656046e-01
   1.1151938e+00  -1.6226706e+00
  -8.6565741e-01   9.5014904e-01
   1.9336067e-01   2.5654614e-01
  -3.4778244e-01   7.4007955e-01
   3.2894303e-01  -1.3889570e+00
   2.0404333e+00  -3.3435824e-01
   3.0721379e-01  -2.9356096e-01
  -1.8722589e-01  -2.4543932e-01
   1.7895453e+00  -2.0108524e+00
  -1.4907315e-01   8.2001947e-01
   2.1663236e-01  -7.4749991e-01
   9.2231420e-02  -2.7762219e-01
  -1.5293319e+00   2.8121217e+00
   7.7543847e-01  -3.6110899e-01
   1.7157918e+00  -1.5982657e+00
   4.2071601e-01  -1.8048051e-01
   1.8533556e-01   1.8714446e+00
   3.9083746e-01  -8.6905043e-01
  -7.8751897e-01  -2.6427856e-01
  -6.7899759e-01   1.1033435e+00
  -1.0169541e-01   7.4096029e-01
  -8.5792585e-01   2.2185504e-01
  -1.3315018e+00   1.4356592e+00
   9.5016127e-01   1.8413653e-01
   9.5565820e-01  -6.5642085e-01
  -3.4684599e-01  -3.9469283e-01
  -1.2061788e+00   5.4956553e-01
  -3.1396195e-01  -3.5631752e-01
  -1.2976722e-01  -1.2437433e+00
   3.2585188e-02   5.4981326e-01
   1.2615419e+00  -2.4410309e-01
   4.3942344e-01  -4.7634944e-01
   4.9279213e-01  -2.7417098e-01
   6.2061187e-01   7.2315610e-01
   1.0093285e+00  -6.4304365e-01
  -5.8466757e-01   7.8454255e-01
   8.3182219e-01  -3.8879400e-01
  -5.0885379e-01   5.1965866e-01
   2.4926820e+00  -1.7417222e+00
   1.2345320e+00  -1.0397201e+00
  -1.4064538e+00   8.2524122e-01
   4.9878097e-01  -7.3483012e-01
  -1.0138519e+00   2.8506260e+00
   2.0674036e+00  -6.4015710e-01
   9.0643261e-01  -6.4322947e-01
  -7.9692219e-01   2.2266215e-01
  -5.0490492e-01  -3.2227031e-01
   1.1694094e+00  -1.1740850e+00
  -1.4469470e+00   1.4851221e+00
  -9.6594877e-01   1.0595232e+00
   1.3325023e-01  -1.1601216e-02
   1.3615130e+00   2.6240601e-01
  -1.4937106e-01   1.7972329e-01
   9.2745682e-01   5.0573671e-01
  -1.1179337e+00   8.8668716e-01
  -8.3325539e-01   7.1295529e-02
  -1.2317261e+00   7.6890598e-01
  -6.1931156e-01  -2.8389787e-01
  -2.9127011e-01   1.2788776e+00
  -1.3846461e+00   1.3371751e+00
  -1.0485965e+00   2.3668127e-01
  -5.4124740e-01  -4.2698613e-01
  -1.2627564e-01   7.7882680e-01
   1.1075795e-01  -1.1146086e+00
  -8.0482223e-01   6.9865302e-01
  -1.4110943e+00   7.9041969e-01
   6.0385219e-01   7.4856764e-02
   4.4628184e-01  -1.4630130e+00
   1.7504762e+00  -1.7757520e+00
  -2.9743162e-01  -4.7093042e-01
  -7.9271497e-01   1.2693020e-01
  -1.4197912e+00   9.4851494e-01
   3.4245233e-01  -1.1208556e-01
   7.8372381e-01  -5.3582056e-01
  -1.0589893e+00   1.2252523e+00
   6.0144447e-01  -3.1601982e-01
  -3.4212189e-01   2.5907965e-01
   1.5511663e-01  -8.2189276e-01
  -9.2103567e-01   5.9748980e-01
   1.5513585e-01  -1.1085196e+00
   1.1249526e+00  -8.7316426e-01
  -9.2357579e-01   8.7487271e-01
  -8.1525413e-01  -3.8417432e-01
  -4.9165400e-01  -3.7050128e-01
  -9.3351356e-01   1.7840642e+00
  -1.1866440e+00  -2.1613512e-01
  -1.0439546e+00   9.2360507e-01
  -1.8692697e-02  -3.3942256e-01
  -9.3597852e-01  -6.5698513e-02
   5.5444742e-01  -1.1925512e+00
  -4.4050021e-01  -5.1841992e-01
  -6.1286804e-01   1.7733879e+00
  -4.8332266e-01  -5.5441104e-01
   2.3269360e-01  -1.4386611e+00
   2.3679918e+00  -7.8909795e-01
  -8.1046449e-01   5.7109000e-01
  -1.1627631e-01  -2.5792372e-01
  -2.0947813e-01  -1.9904602e-01
  -1.3140929e+00   5.9773147e-01
  -6.1488001e-01   1.5511286e-01
   1.3772295e+00   1.9052281e-01
  -5.4460395e-01   3.0806922e-01
  -3.6195083e-01  -7.9654510e-03
  -1.4945431e-01  -3.8697501e-01
   2.3189024e-01  -1.4153089e+00
   1.5627129e+00  -1.8811734e+00
  -4.7477416e-01  -2.7107926e-01
  -1.2509715e+00   8.2956204e-01
  -1.2675093e+00   6.6175693e-01
  -1.1893759e+00   7.8529064e-01
   5.6863962e-02  -1.0557797e-01
  -6.2760610e-01  -2.4205346e-02
  -7.9437441e-01  -2.2367638e-01
  -1.0952500e+00   2.2308432e+00
  -5.8553970e-01   2.9695850e+00
  -6.2297097e-01  -3.3012708e-01
   1.7164400e+00   1.4631416e-01
   2.5651433e-01  -1.2337613e+00
   8.1302425e-01  -7.2807999e-01
   3.7259597e-01   4.9783804e-02
  -3.4940132e-01  -8.6747847e-01
  -1.4481755e-01  -2.1498854e-01
  -8.5469037e-01   6.8389519e-03
  -3.7969757e-01  -2.5182414e-01
   1.7026179e+00   1.0839488e-01
  -6.3833504e-01   1.0903215e-01
  -6.7327744e-01   6.5596578e-02
   1.7242147e+00   1.7893633e-01
   1.2086574e+00   4.1688259e-01
  -7.5839726e-01  -2.5434170e-01
  -1.0401186e+00  -1.4240422e-01
  -2.9899703e-01   1.3532045e-01
  -7.5605697e-01   1.1769621e-02
  -9.2049404e-01   2.7549262e-01
  -9.0984586e-01   7.0857183e-01
   6.7690148e-01  -7.0518289e-01
  -1.0608924e+00   4.6043207e-01
  -2.9792776e-02  -8.2903211e-01
  -7.9560377e-01   1.3456693e+00
   3.7261686e-01  -1.0429066e+00
  -7.4736289e-01   2.2426116e+00
   2.9508186e-01   8.2666071e-03
  -3.6083627e-01  -6.4408492e-02
  -9.4873251e-01   8.8504970e-01
  -8.9662521e-01   5.6706363e-01
   1.0966165e+00   6.9826529e-01
   1.0110686e+00  -1.0966463e+00
  -1.0819493e-01  -3.3230595e-02
  -2.7968788e-01  -6.4299269e-01
   9.7710001e-01   4.9965437e-01
  -2.5401572e-01  -5.1197266e-01
   4.8634485e-01  -1.6739466e+00
  -1.0463905e+00   5.8387635e-01
  -1.2880878e-01   1.0752890e+00
   7.2268000e-01  -2.4289613e-01
  -3.9883248e-01   9.1270781e-01
  -9.4874329e-02  -5.9940220e-01
  -1.3733632e+00   1.2085367e+00
  -2.0006104e-01  -5.1759125e-01
   2.5307629e-01  -1.3446029e-01
   6.5374502e-02  -8.4737325e-01
  -1.3872463e+00   1.7500310e+00
  -6.2874388e-01   9.8092642e-01
   2.7678714e-01  -7.6613628e-01
  -1.3354976e+00  -3.6522032e-02
  -1.4543918e+00   2.2588978e+00
  -7.4348681e-01   2.2980508e-01
  -5.3345661e-01   1.4543479e-01
  -4.5010899e-01  -1.2591972e+00
  -4.0687325e-01   1.1896681e-03
   7.4678644e-01  -1.5066252e+00
  -2.6106185e-01  -7.3808172e-01
   6.0504033e-01  -2.6936275e-01
  -1.2610581e+00   8.9200785e-01
   1.1591439e+00  -7.7345860e-01
  -5.1262640e-01  -2.4299691e-01
  -5.3967303e-01  -4.9972001e-01
  -1.2532686e+00   1.7655881e+00
  -1.3780063e+00   4.2434925e-01
  -4.2204762e-01  -1.0295752e-02
  -1.1566569e+00   4.7782365e-01
   2.4054953e+00   2.0889595e-01
  -1.1041473e+00   9.8645165e-01
   1.4402092e+00  -1.3590696e+00
  -2.1026489e-01   1.3677702e-01
   2.4767425e+00  -5.5544549e-01
   8.9903045e-01   1.5353432e-01
   7.8256522e-01  -4.4229252e-01
   8.3754937e-01  -3.1726612e-01
  -3.9406584e-01  -4.0276507e-02
  -5.5969886e-01   2.7617129e-01
  -1.0101743e+00   1.5092483e+00
   2.1419179e-01   1.9786964e+00
   1.3242883e+00   2.1082154e-01
   1.9672341e-01   1.4697920e+00
   2.6414485e+00  -1.3099322e+00
   1.0789736e-01  -7.0594784e-01
  -1.5005672e+00   5.6598174e-01
   2.5869897e-01   4.7550672e-01
  -2.7146036e-01   2.5687140e+00
  -5.9409616e-01   1.0198088e+00
   1.1969405e+00  -1.1107321e+00
  -3.4997781e-01  -5.8478911e-01
  -9.1325328e-02  -4.4561735e-01
  -2.0507014e-01  -5.6904272e-01
   2.8215373e+00  -1.2582597e+00
  -1.4840756e+00   1.0379065e+00
   1.6913142e+00  -1.5305601e+00
  -8.4313525e-01   2.2008539e+00
  -1.1887375e+00   3.0925178e-01
  -1.2460832e+00   1.0697154e+00
  -1.5007304e+00   1.8235186e+00
  -1.3476370e+00   1.1646811e+00
  -3.8435203e-01  -3.2351568e-01
  -5.1773304e-01  -4.7988383e-02
  -7.2917780e-01   1.0591733e+00
   6.2947665e-02  -6.8293684e-01
   3.2369452e+00  -6.5424115e-01
   4.6722174e-01  -6.7384202e-01
   2.6266698e+00  -1.6910930e+00
  -9.3416001e-01   1.2461072e+00
   8.1105269e-01  -1.7491747e+00
  -1.5878016e+00   1.0897935e+00
  -3.1318761e-01   1.1219900e+00
  -1.1609544e+00   7.0094888e-01
  -7.5280508e-02   7.4155199e-01
  -7.3369225e-01   1.6272392e-02
   4.9307731e-01   1.8431278e+00
  -5.2180446e-01  -5.4256686e-01
  -1.3506993e+00   1.2670639e+00
  -1.0745246e+00   4.6978813e-01
   6.2616942e-01  -4.6355011e-01
   1.0818823e+00  -1.5537403e+00
  -1.2988275e+00   9.9652969e-01
   1.5310311e+00  -2.1455316e+00
   9.7502801e-01  -3.3630366e-01
  -1.6783148e+00   1.0411605e+00
  -9.2031747e-01  -1.5202375e-01
   6.1662137e-01  -8.7355908e-01
   1.3731406e+00  -1.3329585e+00
   3.2508830e-01  -2.1650129e+00
   1.4335781e-01  -1.0294875e+00
  -1.0343758e+00   9.9381389e-01
  -1.4886230e+00   2.5090906e+00
   2.5352850e-01  -1.0260054e+00
   5.7956132e-01  -1.4924846e+00
  -8.3889522e-01   9.2215097e-01
  -8.4791221e-01   2.9762972e-01
   2.3944238e-01  -1.2760154e+00
  -3.0797026e-01   8.5792142e-01
  -3.8110168e-01   1.3722501e+00
  -1.4598860e+00   1.2542961e+00
   1.5249275e+00   2.8040246e-01
  -1.1996414e+00   1.2845067e+00
   6.0638594e-01   1.5307601e+00
  -4.4323298e-01  -1.3296916e-01
   3.3063576e-01  -3.0692020e-02
  -3.8387163e-01   5.7461080e-01
   7.2849562e-01  -1.1928761e+00
   1.4770885e+00  -1.4808391e+00
  -1.0513469e+00   1.4755306e-01
   8.3765802e-01  -2.2468850e+00
   2.4996244e+00  -7.3713574e-01
   2.1332308e-01   8.6073721e-01
   3.4830126e-01  -1.6591967e+00
  -1.1876351e+00   6.8286873e-01
  -1.2407541e+00   6.1616913e-01
   9.3326764e-01  -9.2957240e-01
   1.4181563e-01   5.2819470e-01
  -1.8421923e+00   1.3437996e+00
   9.1002902e-01  -5.1199248e-01
   7.9635977e-01  -3.4902617e-01
  -4.2460547e-01  -3.9432081e-01
  -6.5216134e-01  -2.5141056e-01
  -1.9477071e-01  -6.0096783e-01
   1.9474544e+00  -2.0511610e+00
   6.9565717e-01  -3.2230090e-01
  -6.3270261e-01   1.2384130e+00
  -7.1625163e-01  -2.5370536e-01
   2.1804631e+00  -9.4732402e-01
  -7.4525595e-01   6.7707803e-01
   1.7157037e+00  -1.3067106e+00
  -2.6706571e-01   9.7226195e-01
   5.5576917e-01   9.2871784e-01
  -5.2229205e-01   4.8911399e-01
   1.3604677e+00  -1.0209697e+00
  -3.5213706e-01   1.1636731e+00
  -1.0082034e-01  -5.1172816e-01
   4.0144987e-01  -3.7731861e-01
  -1.1710900e+00   1.1242843e+00
   1.6554525e-01   2.7621342e-01
  -1.2947924e+00   5.8477179e-01
  -9.9454379e-01   1.6435137e+00
   1.6148421e+00  -9.7793337e-01
  -5.9583603e-01   1.2326055e-01
  -1.0786783e-02  -1.2829758e+00
   1.3810921e+00   3.3660077e-01
  -1.8356508e+00   1.3807585e+00
  -9.0793836e-01   7.2315988e-01
   3.6559735e-01  -9.1303520e-02
   8.4465517e-01  -1.6243822e+00
  -6.4629993e-01  -5.6226011e-01
   5.8192820e-01   8.2434711e-01
   1.0296842e+00  -7.3876083e-01
  -2.2227440e-01   5.2032230e-01
  -1.7327305e-01  -9.6249171e-01
  -3.5758993e-01   3.1736594e-01
  -1.1533630e+00   8.0829704e-02
  -5.8926827e-02  -8.1554944e-01
  -5.4195329e-01   1.2580736e+00
   1.5193485e-01  -1.2011673e+00
  -1.1334828e+00   1.0937769e+00
  -8.7443160e-01   1.9023565e-01
   2.9094955e-01  -1.5266188e+00
  -4.0523254e-01  -5.0129620e-02
  -5.4786007e-01   8.1965468e-01
   1.5265767e-02   3.7454037e-03
   9.0730847e-01  -5.6334502e-01
  -1.2075582e+00   1.2601985e+00
  -1.9487163e-01  -8.0530078e-01
  -1.6012948e-01   1.8933963e-01
  -1.0297952e+00   7.1311735e-01
   1.2392973e+00  -1.1446325e+00
   8.7109666e-02  -5.3036225e-01
   1.1393358e+00  -1.4278521e+00
  -2.2598885e-01   1.8362587e-01
   4.9461472e-01   1.1311496e+00
  -1.2212477e+00   8.7426761e-01
   1.9136243e+00  -5.2621228e-01
  -1.2459631e+00   1.3743794e+00
  -8.3345874e-01  -3.7910191e-01
   3.2316593e-01   1.7872356e-01
  -2.9681050e-02   6.6961690e-01
  -1.3120722e+00   9.0952183e-01
  -1.2907881e+00   1.8743065e+00
  -2.1319522e-01  -4.3291756e-01
   9.0225729e-01  -8.7495530e-01
  -9.5024586e-01   2.8045348e+00
   4.1024809e-01  -4.8471900e-01
  -4.9401394e-02  -5.1478392e-01
   9.5425873e-01  -7.5221033e-01
  -1.3142788e+00   9.8267241e-01
  -6.2059565e-01  -5.0095873e-02
   7.3799742e-02   1.4072412e+00
  -1.0807090e+00   1.3757991e+00
  -2.6875230e-01   5.0725536e-01
  -2.9550812e-01  -3.8932485e-01
  -1.0751099e+00   4.7610092e-01
   8.1480366e-01  -5.3876739e-01
   2.8929776e+00  -9.3396504e-01
  -1.0648290e+00   3.4650687e-01
   1.0782231e+00   2.2328107e-01
   1.1839158e-01  -6.1804307e-01
   9.9879270e-02   1.3146994e+00
   1.1565289e+00  -1.9686760e+00
  -4.3806157e-01   9.9714201e-01
  -1.1070737e+00   5.3204059e-01
   1.0230444e+00  -1.0300417e+00
   5.1354141e-01  -1.6185334e+00
   1.1250702e+00  -9.4611692e-01
  -1.6666156e-01   1.3512202e+00
   1.6764121e+00   9.5554615e-02
   1.0952314e+00  -1.0307511e+00
  -1.1836315e+00   1.5603582e+00
   7.7864067e-01  -1.0850298e+00
   6.9344581e-01  -6.7639320e-01
  -2.6285256e-02  -7.9950227e-01
  -3.1431386e-02  -3.8815844e-01
  -8.5115043e-01   1.0797475e-01
   4.0905301e-02  -1.2704040e+00
  -9.2800506e-01   1.1578141e+00
  -1.0736194e+00  -9.6741428e-02
   2.6350073e-01  -3.0189904e-02
   3.6906699e-02   8.1074773e-02
  -4.0252057e-01  -4.9716820e-02
  -3.0015400e-02   3.4260076e-01
  -1.2279837e-01   4.8990188e-01
  -3.4954729e-01   1.2376530e-01
  -1.3527417e+00  -7.8643074e-02
   7.7797456e-01  -5.9137886e-01
  -1.2540266e+00   1.3557452e+00
   1.4931384e+00  -2.3565660e+00
   1.4713441e+00   5.6174439e-01
   3.9269490e-01   6.8508517e-01
  -7.3349344e-01  -1.8462297e-01
  -1.3811025e+00   1.5019773e-01
  -1.7357521e-01   3.5923055e-01
   1.4283554e+00   6.9827421e-01
   5.0187113e-01   5.0036170e-01
   1.9012905e+00  -9.2613543e-01
   5.0296517e-01  -7.8301961e-01
  -3.5941644e-01   1.1636318e+00
  -7.1600445e-01   4.2829811e-01
  -2.8272497e-01   6.6864283e-01
  -9.7914596e-01   5.7081347e-01
   1.9683282e+00  -2.1288106e+00
  -7.3565618e-01  -7.5476183e-02
   3.1363546e-01   3.8755351e-01
   2.6434204e-01  -1.4744020e+00
  -6.0100981e-01   4.0885791e-02
  -3.7427367e-01  -4.2486872e-01
  -1.1794099e+00  -1.4543348e-01
  -3.0182584e-01  -6.0494008e-01
   2.8848520e+00  -1.5121624e+00
   2.0035073e-01   7.1175594e-01
  -7.2601704e-01   1.2596999e+00
   1.3064708e+00   1.9151570e-01
   1.0652204e+00  -1.3733144e+00
   5.4432791e-01  -3.4389357e-01
  -5.9837214e-02   5.2328944e-01
  -1.4002402e+00   1.0942980e+00
  -5.1883658e-01   1.0787732e+00
  -7.0194139e-01   4.2345916e-01
  -2.9378053e-01   9.6077780e-01
  -1.5148380e-01   2.3916432e-01
  -1.5586248e+00   6.9470146e-01
   2.3672813e+00  -1.8708561e+00
  -1.2957112e+00   1.5135215e+00
   2.0263395e-01   4.9584998e-01
   2.0452062e+00  -1.8282585e+00
   5.9931751e-01  -7.3609194e-01
   1.8050669e+00  -2.1432057e+00
  -5.3506864e-01   4.9070138e-01
  -2.2975601e-01   5.1080842e-01
   2.4558144e-02  -1.2688798e+00
   1.1720468e-01   7.9523106e-01
  -6.2191005e-01   4.8749924e-01
  -7.5366835e-01  -9.7587785e-03
   3.9974730e-01  -1.4959853e+00
  -7.7381941e-01  -2.3399219e-01
   1.0973701e+00  -5.4134998e-01
  -1.3625350e+00   9.6297398e-01
  -3.9617971e-01  -3.3203674e-01
   8.1214870e-01  -7.7591106e-01
   2.0230884e+00  -6.6687302e-01
  -5.9799280e-03   1.3978763e+00
  -9.8051353e-01  -1.2024364e-01
  -1.2026767e+00   5.4062071e-01
  -2.5644005e-01   7.7384818e-02
   3.2204912e-01  -1.0673566e-01
   5.6213822e-01  -4.0350342e-01
   1.6005334e+00  -1.3476420e+00
   5.4387456e-02  -1.3865538e+00
   4.0523721e-02  -7.2056483e-01
  -2.9666358e-01   6.9624199e-01
   3.5768802e-01   4.9852666e-02
   5.4615036e-01  -1.6115257e+00
  -1.7790287e-01  -8.9986102e-01
   6.8169831e-01  -2.0108052e-01
  -9.6544566e-01   2.8338760e+00
  -6.9387886e-01   2.2732140e+00
  -6.4074502e-01  -4.0138922e-01
  -4.9435579e-01   9.5921342e-02
  -4.1688252e-02   7.1617313e-01
  -4.6295395e-01  -2.4631689e-01
   1.5210526e+00  -1.1367322e+00
   1.5319860e+00  -1.1145541e+00
  -4.1588655e-01  -3.6003342e-01
   8.9559916e-01  -1.3591986e+00
   8.8898352e-01  -3.2460097e-01
  -8.5771968e-01   2.7304402e-01
  -9.4905450e-01  -1.0828196e-01
   1.5695727e+00  -6.6662160e-01
  -4.4833429e-01  -5.4118281e-01
  -1.0848283e+00   7.9183052e-01
   1.6060815e+00  -1.5395154e+00
   1.1058998e+00  -5.7623436e-01
  -6.6536584e-01  -1.0533878e-01
   3.2641804e-01   7.0280785e-02
   6.6511147e-01  -1.6611927e+00
  -1.1966184e+00   1.3787798e+00
   1.6389745e+00  -1.9096175e+00
  -5.9015905e-01  -9.4858476e-01
   8.5169145e-01  -2.6229460e+00
   2.1472628e+00  -4.8191395e-01
  -1.2886751e-01  -9.4918690e-01
  -5.7799202e-01  -1.0995827e+00
   2.7485097e-01  -1.3566641e+00
  -9.6770350e-01   1.6881930e+00
  -5.7947846e-01  -5.8820522e-01
  -4.9442306e-01  -5.1632792e-01
   1.4209079e+00  -1.4980211e+00
  -9.3564109e-01   1.9334796e+00
   5.3266891e-01  -4.1274206e-01
   1.0952474e+00  -7.9795886e-01
   4.5481971e-01  -1.5318144e-01
  -8.9029597e-01   1.9805971e+00
  -1.2483762e+00   9.6098230e-01
  -9.5011124e-01   3.0844123e-01
  -5.7613147e-01   3.7023801e-01
  -2.0556308e-01  -8.1712981e-01
  -1.6566616e+00   9.4810132e-01
   1.1007710e-01  -5.7517334e-02
  -6.3810070e-01  -1.7328790e-02
  -1.0912196e+00   2.9606485e-03
  -6.8244902e-01   2.5627089e-01
  -1.2212604e+00   1.0290159e+00
   1.2740899e-01   1.5100124e+00
  -1.3772048e+00   1.2651324e+00
  -1.0615919e+00   8.0896827e-01
  -6.8194415e-01   1.2522001e+00
   1.3527268e-02  -5.9275597e-01
  -1.4080191e-01  -6.3527187e-01
   1.7865491e+00  -1.9970938e+00
   8.6496136e-01  -1.0567779e+00
  -2.0206486e+00   7.4969631e-01
   1.6630979e-01  -3.7248969e-01
  -1.3204113e+00   3.8556162e-01
  -4.7695258e-01  -5.5576099e-01
  -6.9375443e-01   8.6830133e-01
  -1.0496315e+00   4.5746617e-01
   2.9450659e-01  -4.8946213e-01
  -1.1548512e+00   5.0011879e-01
   3.7023189e-01  -1.0240076e+00
   4.4652281e-01  -1.4251029e+00
  -1.5991600e+00   1.8053722e+00
   1.4758432e+00  -5.4858994e-01
   3.4811387e-01   2.0473443e-01
   1.0739062e+00  -6.4069777e-01
  -1.2606865e+00   8.6999872e-01
  -3.1778698e-01  -4.6345721e-01
  -1.0052126e+00   1.6676938e-01
   3.6584684e+00  -2.0673547e+00
   1.8195286e-01   2.2440239e+00
   1.6470033e+00  -1.5271812e+00
   3.2594061e-01  -1.2344974e+00
   2.9358101e-01  -1.8420726e-01
  -2.8839531e-01   1.0877596e+00
   8.6629129e-01  -1.9011089e+00
  -6.0876373e-01  -5.6642784e-01
  -5.0522401e-01  -1.5177337e-01
  -9.6041107e-02   6.2018275e-01
  -9.2606789e-01   4.9961522e-01
  -5.6161896e-01   5.8102649e-01
   4.5991005e-01  -1.3463596e-01
   1.2150620e+00   4.8722410e-01
   1.5606050e-01  -8.9664245e-01
  -3.2647455e-01   3.4110882e-01
   4.2487334e-01  -9.4623231e-02
   1.0068044e+00  -4.5456175e-01
  -1.8196869e-01  -4.0864181e-01
  -1.1896211e+00  -3.0301743e-01
  -1.0556922e+00   1.9417013e-01
  -1.1028289e+00  -1.2169834e-01
  -1.1969245e-01   2.8666039e-01
  -8.1702955e-01   4.6930700e-01
   2.6172983e+00  -1.1449686e+00
  -6.2128160e-01   1.5689100e+00
   1.7955674e+00  -3.2128233e-01
  -2.6977228e-01  -1.6323517e-01
   3.0032643e-01   1.7278072e-01
   1.3393299e+00   1.3630378e-02
  -2.5289110e-01  -1.1537576e-02
  -7.4753385e-01   1.9136940e+00
  -1.0374797e+00   4.4286934e-01
  -1.2679354e+00   6.6482972e-01
  -4.5994776e-01  -1.0551040e+00
   2.9915076e-01  -9.6977719e-01
  -1.0779142e+00   6.5969771e-01
   1.5008812e+00  -4.8424044e-01
  -8.0800856e-01   1.1731432e+00
   2.2731607e-01  -2.4007608e+00
   1.3635245e+00   2.6736339e-01
  -2.4512850e-01   6.9105197e-01
   1.8226689e+00  -6.0127224e-01
  -1.5532480e+00   1.8053356e+00
  -3.7623880e-01   9.1047315e-01
  -1.2341789e+00   8.1121858e-01
  -9.0937430e-01  -2.0073549e-01
   6.0242264e-01   2.8831924e-01
  -6.6840015e-01   4.1438889e-01
  -2.7740442e-01   5.2348611e-01
   1.3220004e+00  -1.1532954e+00
  -7.4841871e-02  -6.3853968e-02
  -1.0674446e+00   5.8944518e-01
  -1.4066681e+00   7.1962722e-01
   1.1331578e-01  -2.6438870e-01
   1.5136221e+00  -1.4962570e+00
  -5.3721977e-01   1.3604174e+00
   5.0765259e-03   4.1001638e-01
  -2.1554581e-01  -1.1438244e+00
  -8.3500225e-01   6.8423854e-02
  -1.4400733e+00   1.7298457e+00
   5.0275615e-01  -6.3057351e-01
  -3.5415924e-01   9.5353719e-01
   1.3602700e-02   3.0915231e-01
   2.2390006e+00  -6.9199022e-01
   1.4957634e+00   4.1190141e-01
  -5.5019375e-01   5.4251680e-01
  -1.2691268e+00   8.1028951e-01
  -1.4372739e-01   9.5592533e-01
   2.8816502e+00  -1.4975918e+00
   5.7605328e-01   1.1727688e-01
  -1.8186067e-01   1.4681776e-01
  -1.3119007e+00   6.5446578e-01
  -1.0683694e-01   7.0881720e-01
  -2.4155789e-01  -9.7672298e-01
   1.2148174e+00  -8.9836903e-01
   1.2644456e+00  -1.0541828e+00
  -1.1073712e+00   1.0691154e+00
  -4.1091093e-01  -4.6881890e-01
  -8.6212515e-01  -8.0424092e-01
   1.6591662e+00  -1.0015304e+00
   6.8813837e-01  -7.9997775e-01
  -5.1402352e-02   5.0956501e-01
  -4.1817012e-01  -8.4682811e-01
  -4.5505858e-01   2.5287667e-01
  -5.0011679e-01   4.1451792e-01
   8.3465081e-01   1.1502005e+00
   7.4023359e-01  -2.2066408e+00
  -1.5347177e-02  -1.3685575e+00
   1.6397559e-01   2.4405234e-01
   3.0019512e-01  -1.3670086e+00
  -9.7500226e-01   7.5687827e-01
   5.9661961e-01  -3.7621980e-01
  -6.6034187e-01   3.5053607e-01
  -1.5550329e+00   1.2543769e+00
   3.0827169e+00  -1.0218512e+00
   9.3108427e-01  -1.7227003e+00
  -1.3376186e-01  -1.5120323e-01
   2.6242519e-01  -9.2722403e-01
   8.9964464e-01  -1.1283832e+00
   1.3834009e+00  -1.5833506e+00
  -1.2841007e-01   7.4818344e-01
   1.4744597e+00  -1.1542398e+00
  -1.6283944e-01   1.9566699e+00
  -1.0458589e+00   6.2788608e-01
  -8.2813860e-01   1.8186843e+00
   1.5717077e+00  -8.4917351e-02
   1.4539546e-01  -1.1700776e+00
  -1.3729416e+00   7.6910283e-01
   3.0067182e-01  -3.0616889e-01
  -1.1035286e+00   1.7246608e+00
  -1.0711753e+00   2.2651265e+00
   9.5674767e-01  -6.8268258e-01
  -1.1975557e+00   1.0236517e+00
   1.0781075e+00  -1.4562227e+00
  -1.2091628e+00   1.3061068e+00
   1.2618521e-02  -5.4239529e-01
   4.0765585e-01  -1.2399077e-01
   8.3070040e-02  -7.8386554e-01
  -1.5575771e+00   9.0998150e-01
  -1.4585186e+00   1.9030188e+00
   3.0737561e-01  -1.3215781e-01
  -2.5437288e-01  -9.1039426e-01
  -3.7319965e-01   1.3486649e+00
  -7.6682855e-01   2.7704625e-01
  -3.1354709e-02  -4.3741098e-02
   1.4366252e+00  -1.2957105e+00
   1.4359217e+00  -9.7133833e-01
   1.8937704e+00  -1.7865072e+00
  -3.9197879e-01  -6.4262978e-01
  -1.2704567e+00   8.7029830e-01
  -2.2485953e-01   5.8669239e-01
  -9.4736430e-01  -1.8233190e-01
   2.5146285e-01  -1.0666802e+00
  -8.0917447e-02  -1.2274085e+00
  -3.8497217e-01  -2.6803154e-03
  -9.6007728e-01   1.3546080e-02
   2.2732327e-01   4.2359271e-01
  -1.4598279e+00   1.2437501e+00
  -4.7496288e-01   1.7139161e+00
   3.6443307e-01  -4.1593079e-01
   1.9622975e+00  -1.0637942e+00
   2.2129655e-01   6.0994342e-02
   1.7815514e+00   1.2416518e-01
   3.6053968e-01  -1.3320753e+00
  -4.1429517e-01  -6.2697177e-01
  -1.7299045e-01  -8.1595556e-01
  -1.7372129e-02  -7.1791623e-01
  -1.5064952e+00   9.2989554e-01
   1.3323281e+00  -9.4380797e-01
   2.2906786e+00  -1.0338280e+00
  -1.0795125e-01  -1.1553115e+00
   3.9266159e-01  -2.5760345e-01
  -1.0926864e+00   1.6603483e+00
  -1.2411013e+00   5.1013855e-01
  -5.4083640e-01   1.7342701e+00
  -1.7898540e+00   1.5352003e+00
  -8.2088124e-01   5.2764189e-01
   1.7194578e+00   6.5802455e-03
   1.5426998e-01   4.4019947e-01
   2.7881895e-01  -3.1219383e-01
  -1.0505269e-01   8.0159007e-01
  -3.2571869e-01   1.7678514e+00
  -1.2441103e+00   1.5995423e+00
   2.0314789e-01  -1.1891230e+00
   1.0176952e+00   4.3228505e-01
   1.3708704e+00  -6.4620749e-01
  -1.0073296e+00   5.7774615e-01
   6.6144072e-01   4.3607569e-01
  -1.4797415e+00   1.1517726e+00
  -6.7404497e-01   1.7237829e+00
   1.3058887e+00  -1.4329542e+00
  -9.9559396e-01  -7.2637425e-01
   1.1785400e+00  -5.3854355e-01
   1.6827989e+00  -1.1482960e+00
  -1.0289135e+00   6.2089271e-01
  -5.2612177e-01   1.5410533e+00
  -1.0628933e+00   2.0852473e+00
   3.3681845e-02  -1.0448971e+00
  -1.3555931e-01   9.7884228e-01
   1.3617976e+00  -1.7300145e-02
  -6.0692670e-01   1.5386633e+00
   2.3151098e-02   2.4223845e-01
  -2.2905396e-01  -1.0016552e+00
   1.3549984e-01   2.4425559e-01
  -6.1628568e-01  -1.3598363e-01
   1.0276614e+00  -1.1736347e+00
   1.1613223e+00  -3.1398915e-01
  -8.8354850e-01  -5.5930549e-01
  -3.9938559e-01  -2.8900998e-01
   7.3042675e-01  -7.0913715e-01
   1.4489655e+00   2.2933994e-01
   1.2753643e+00   3.2313202e-01
  -1.0569237e+00   5.4302583e-01
  -1.7596681e+00   1.4093358e+00
  -7.8183035e-01   8.5952779e-01
   4.9581048e-01  -4.3065670e-01
  -5.1704963e-01  -1.4133947e+00
   3.3515769e-01   5.7779974e-02
  -1.1689487e+00   1.6625831e+00
   7.7064404e-01  -2.0671874e+00
   1.5975033e+00  -1.2657298e+00
   1.4484519e+00   5.7164163e-01
   2.0804269e-01  -5.2713037e-02
  -1.9960384e-01   2.1079619e+00
  -5.9566032e-01  -2.4342045e-01
   8.3646771e-01  -2.7347323e+00
  -1.6179920e+00   1.4747652e+00
  -1.4703589e+00   1.1463780e-01
   1.2017403e+00  -1.4189303e+00
   3.1170833e-01  -1.4309851e+00
   1.7249466e-01  -2.4832101e-01
  -9.9593104e-01   3.2750878e-01
  -9.0446039e-01   6.8827629e-01
  -8.8152519e-01   3.2522595e-01
   2.2918965e+00  -2.8968907e+00
  -5.4724348e-02   8.7652739e-01
  -4.7455553e-01  -5.7237250e-01
  -1.8312561e-01  -5.5626106e-01
   5.2446083e-01   1.6489530e-01
  -1.4602151e+00   1.2274345e+00
   1.4050736e-01  -1.2783370e+00
   7.6147379e-01  -7.7026556e-02
  -7.2311895e-01   1.7269934e+00
  -1.1893500e+00   2.0606490e+00
   1.5743608e-01  -2.2919631e-01
   3.0175587e-01  -3.5550909e-02
   5.1701526e-01  -1.6213354e+00
   1.7912990e+00  -1.0012341e+00
  -7.3588047e-01  -1.9580645e-01
   2.8003018e+00  -1.1374597e+00
   1.2788765e+00  -1.3131281e+00
   1.6450653e-01  -6.5719375e-03
   2.2050108e+00  -9.3917052e-01
   2.1125899e+00   1.3727955e-01
  -1.3910838e+00   1.3078134e+00
   3.0681237e-03  -1.1541044e+00
   1.4772008e+00  -2.1051227e+00
  -2.7813132e-01  -7.6582332e-01
   1.8092066e+00  -1.7950832e+00
   5.8013209e-01  -8.1885379e-01
   8.5485168e-01  -8.6090306e-01
   1.1285903e+00   6.4836989e-01
  -2.9916280e-02   3.5687088e-01
   2.4888368e+00  -1.9782255e+00
   9.7224523e-01  -8.4797069e-01
   2.5331814e+00  -9.0803493e-01
  -2.2231764e-01   1.1394119e+00
  -1.1873955e+00   1.9056231e+00
   5.7522895e-01  -1.0314521e+00
   1.0764817e+00  -5.1628036e-01
  -7.2237741e-01   3.2700708e-01
  -5.7279391e-01  -3.8104649e-01
  -4.0351868e-01   1.7293282e-01
  -8.8539235e-01   5.4281643e-01
   3.0043462e-01   1.1473327e+00
  -1.4184222e+00   9.0720692e-01
   1.4884161e+00  -1.7509168e+00
  -1.4904039e-01   4.0366322e-01
  -1.1041590e+00   4.3324878e-01
  -4.2664054e-01  -4.5112130e-02
  -1.3092591e+00   1.5723706e+00
   6.4589176e-03  -6.3568200e-02
  -8.0135297e-02  -9.7362952e-02
   2.0824825e-01   3.1658612e-02
  -1.2942105e+00   6.8505264e-01
  -1.1113806e-02   3.4291634e-01
  -8.5192976e-01  -8.1096933e-01
  -1.1049625e+00   1.3048688e+00
  -9.7294456e-01  -1.6653807e-01
  -3.4858800e-01   4.4850451e-01
  -9.5452837e-01   9.0501249e-01
   7.5338496e-01   3.4131275e-01
   3.8804719e-01  -2.0117500e-01
  -9.9074619e-01   6.0675048e-01
  -1.3492024e+00   1.4758320e+00
  -8.8417020e-01   7.1991109e-01
  -7.6292008e-01   4.0269605e-02
  -1.3927582e+00   1.2095005e+00
   8.1992485e-02  -1.1748554e+00
   1.9946748e-01  -8.6599743e-01
  -1.2995120e-01   7.2770801e-01
   8.7380228e-01   4.5997001e-01
   1.7977794e+00  -1.4911054e+00
   5.3927217e-01  -7.4504449e-02
   2.6712277e-01  -5.9598254e-01
   8.3577654e-03  -1.0100713e+00
  -7.2187521e-02   8.7679108e-01
  -7.7403559e-01   1.5454914e-01
   8.2488833e-01   9.3219490e-01
   1.8367622e-01   3.4801989e-01
  -1.2144225e+00   8.8093416e-01
  -5.6039702e-01  -4.1518671e-01
  -5.9920010e-01   1.6434451e+00
   1.2289328e+00  -1.2461476e+00
   3.1884166e+00  -1.7859385e+00
  -6.8052370e-01  -9.4289937e-01
  -9.3045941e-01   5.3152627e-01
   6.7860175e-02  -1.0252092e+00
  -1.0258770e+00   7.9774933e-01
   3.1139528e-01  -3.0688327e-01
  -9.7495290e-02   8.3953003e-01
   2.7648900e-01  -1.5211010e+00
  -7.4772393e-01  -3.4933892e-01
   1.5645600e+00  -1.7719282e+00
   1.4062124e+00  -1.6641328e+00
   8.8676050e-01  -2.1114459e+00
   1.5474039e+00  -5.2295681e-01
  -5.8141893e-01   8.9416639e-02
  -6.3676966e-01  -2.2395325e-02
  -1.6618033e-01   3.9068991e-01
   2.5540131e-01  -8.8640322e-01
  -8.0157579e-01   3.0717251e-01
   6.6425076e-01  -4.2646568e-01
  -9.0223567e-01   5.9090877e-01
   3.9412539e-01  -4.8984190e-01
   5.1099637e-01  -1.7023853e+00
  -5.7026032e-02  -7.9306559e-01
  -5.7396844e-01   5.9081552e-01
  -1.9012243e-01  -1.2481275e+00
   1.3193361e+00  -6.5966064e-01
  -4.4341802e-01  -2.6003065e-01
   6.4910691e-01   7.7655694e-01
  -1.4439284e+00   2.0549967e+00
   2.0037383e+00  -1.0580426e-01
   1.1965360e+00  -9.3885528e-01
   1.0925420e+00  -1.9108556e+00
  -6.1129924e-01   1.0430836e-01
  -1.1301097e+00   3.5201400e-01
   2.3895748e+00  -2.6221690e+00
   1.1738912e+00  -1.8434150e+00
   1.5903147e-01   4.4977905e-01
   7.1056049e-01  -9.6371406e-01
  -1.0364353e+00   1.0503886e+00
   4.6558396e-01  -3.1888795e-01
  -9.9345202e-01   4.1761872e-01
  -5.5053053e-01   1.0146467e+00
   5.5307544e-01  -1.9095675e+00
  -1.8493362e+00   1.2950595e+00
   1.8679761e-01   1.2952624e-01
  -5.4612318e-01   6.9959752e-01
   6.6772019e-01  -9.5687643e-02
  -1.6944091e+00   1.0453397e+00
  -5.1035602e-01  -6.6490638e-01
  -5.1289263e-01   7.6587762e-01
  -1.1107332e+00   1.2494465e+00
  -5.7715932e-01  -6.9545476e-01
   8.4277638e-01  -7.3068512e-01
   3.8589275e-01   4.4893834e-01
   3.0743361e-02   1.4547371e+00
  -1.5791544e+00   1.7929374e+00
  -6.8432677e-01   1.7748724e-01
  -5.0884111e-01   8.2517260e-01
   6.0134101e-01  -9.0525095e-02
