   1.0388271e+00  -8.1193429e-01
  -1.4552973e+00   1.4189151e+00
  -1.4109846e+00   1.2461057e+00
   1.9028859e+00  -1.5478956e+00
   1.2250838e+00  -1.1173470e+00
   7.1665636e-01  -6.6703646e-01
  -2.3295587e-01   2.3651493e-01
   1.1912243e+00  -1.4099126e+00
   8.2110852e-01  -5.5479154e-01
  -1.8009382e+00   1.9181633e+00
   1.0731809e+00  -1.2403237e+00
   2.4121465e-01  -2.6440720e-01
  -4.4385417e-01   4.1498270e-01
  -7.1897600e-01   5.9438614e-01
  -3.9964842e-01   5.2686596e-01
   2.6731484e-01  -4.1228432e-02
   1.8260706e-01  -1.2081453e-01
   8.4850551e-02  -2.1698674e-01
   7.7901009e-01  -5.5354505e-01
   2.9232449e-01  -3.4626761e-02
   1.2158948e+00  -8.6826422e-01
  -2.5163387e-01   3.9652271e-01
  -2.0441029e+00   1.9625752e+00
   8.9062811e-01  -1.1038567e+00
  -1.0146738e+00   1.0839499e+00
   5.8429082e-01  -6.3484052e-01
  -7.5803891e-01   9.7342233e-01
  -3.0046519e-01   4.9012228e-01
   1.0588334e+00  -6.9743932e-01
   9.2607625e-01  -9.4407515e-01
  -4.3357803e-01   7.6877872e-01
  -3.8260249e-01   5.1600321e-01
   7.4175410e-01  -8.4064131e-01
   1.3862076e+00  -1.2976859e+00
   8.9263793e-01  -8.6479048e-01
  -4.4017082e-01   4.0764933e-01
   1.4392260e+00  -1.4351812e+00
   6.0450482e-01  -7.4534244e-01
   5.9031231e-01  -8.0596174e-01
   3.5314161e-03   4.8826244e-01
   1.7441978e+00  -2.3606887e+00
  -2.3560550e+00   1.9681773e+00
  -9.7884184e-01   5.0926446e-01
   7.2339514e-01  -4.0797578e-01
   1.0089794e+00  -1.1474645e+00
   2.4358253e-01  -7.9445615e-02
  -1.0849294e+00   1.3781852e+00
  -4.2329273e-01   4.3581680e-01
   1.0884868e+00  -9.2618018e-01
  -5.1037718e-01   4.9546812e-01
   1.6510380e+00  -2.0175368e+00
  -8.7444336e-01   9.6721082e-01
   5.9522413e-01  -4.8614683e-01
   5.8411742e-01  -6.6611997e-01
  -5.9872547e-01   4.7440895e-01
  -1.4873036e-01  -1.3497227e-03
  -1.3293266e+00   1.3861370e+00
  -1.2843600e+00   1.0234952e+00
   4.2735095e-01  -3.2268397e-01
   1.2029961e+00  -1.4584449e+00
  -1.3689458e+00   1.3247253e+00
  -3.4434329e-01   7.4231795e-02
  -9.1965576e-01   8.1870084e-01
   1.2133556e+00  -1.0099710e+00
  -2.6487794e-01   3.5950489e-01
   1.5358105e-01   1.1892239e-01
  -1.3963856e+00   1.8822556e+00
   6.4037358e-02  -1.8332213e-01
   1.6548139e+00  -1.5336814e+00
   1.6837753e-01  -8.3710609e-02
  -8.5012037e-01   5.6461504e-01
  -5.6915520e-01   6.2724299e-01
   8.6308393e-01  -1.2311057e+00
  -2.0555401e+00   2.1485582e+00
  -2.1636128e+00   2.8853009e+00
  -4.5121398e-01   4.5085112e-01
  -1.3268426e+00   8.8177484e-01
  -5.0648827e-01   3.5745637e-01
  -5.9925443e-04   9.6450324e-02
   1.7497811e+00  -2.7489099e+00
  -1.0718320e+00   1.2506804e+00
  -1.0224121e+00   7.3685670e-01
  -5.4289175e-01   5.1723942e-01
   8.7596910e-01  -5.7386011e-01
  -3.0214227e-01   3.4179765e-02
   8.9049879e-01  -5.7676573e-01
   8.7543748e-01  -9.6291770e-01
  -2.2140833e-01   2.3420096e-01
   6.5162186e-01  -4.4762436e-01
  -7.2329871e-01   7.6290359e-01
   4.6695462e-01  -3.0999743e-01
  -7.2104964e-01   8.1201149e-01
   1.4974847e+00  -1.8113515e+00
   7.6127299e-01  -1.1951521e+00
   1.3981336e+00  -9.1516059e-01
   7.0915554e-01  -7.5923298e-01
  -1.4070870e-01  -2.7962537e-01
  -3.4337022e-01   4.3239764e-01
  -1.5634069e-01   5.0176525e-01
   2.4647651e-01  -3.4187896e-01
   1.6319531e+00  -2.0530013e+00
   2.4872192e-01  -6.9866093e-01
  -9.7278813e-01   9.2861509e-01
   2.1533183e+00  -2.2944944e+00
   1.6086959e+00  -1.1982733e+00
   1.6280006e-02  -1.8215284e-02
  -2.0284103e+00   1.6717991e+00
   5.0683467e-03  -4.2341283e-01
   5.7979395e-01  -8.4074787e-01
   1.4202920e+00  -1.7638639e+00
  -7.9227817e-02  -2.4450661e-01
  -5.1174906e-01   4.8465480e-01
  -1.2417178e+00   1.1084448e+00
   1.1136487e+00  -7.9205052e-01
   1.4071833e+00  -1.6475654e+00
   1.0890229e+00  -8.1037589e-01
   2.1515993e+00  -1.9961353e+00
  -1.7693611e-01  -4.4755439e-01
  -1.2482450e+00   1.6913775e+00
   1.1191006e+00  -6.6598196e-01
  -1.2302830e+00   1.1573125e+00
   9.5950756e-01  -8.9793686e-01
  -1.8993799e+00   1.9884299e+00
   1.1582489e+00  -9.2234471e-01
  -6.7377926e-01   4.4385235e-01
  -1.6111235e+00   1.3802761e+00
  -4.9014793e-01   7.8169801e-01
  -8.0287717e-02   1.7489185e-01
   1.2779166e+00  -7.7591470e-01
  -5.5901466e-02   4.6513936e-02
   7.9899268e-01  -9.6489238e-01
   1.4180407e+00  -1.4593457e+00
   1.4949371e+00  -7.5953600e-01
   1.5056446e-01  -2.9883597e-01
   9.9268802e-01  -7.7069960e-01
  -2.9104256e-01   2.9426510e-01
  -1.4903903e+00   1.5771758e+00
  -3.8716076e-01   2.8735290e-01
   8.4495422e-01  -6.8310279e-01
   1.2181299e-01   3.6150225e-01
   2.6305848e-01  -8.8368917e-02
   5.6742084e-01  -3.7378963e-01
   8.6232204e-01  -4.2943805e-01
   4.4923290e-01  -7.1198165e-01
   5.9203037e-02  -2.5727068e-01
  -1.4352112e+00   1.0643223e+00
  -2.8185025e-01   5.4829523e-01
  -4.9296079e-01   6.3296797e-01
  -1.7147879e+00   1.7112943e+00
   1.7462158e-02  -1.4436839e-01
   1.6002346e+00  -1.3325933e+00
  -1.9668662e-01   4.2596658e-01
  -8.1448291e-01   5.6245194e-01
   4.1103870e-01  -1.2679263e-01
   3.1705547e-01  -1.5415099e-01
   1.4984841e+00  -1.3591951e+00
  -9.2655491e-01   5.6565589e-01
   9.0643591e-02   9.0183787e-02
   1.0655245e+00  -9.8695784e-01
  -6.5251078e-01   2.2158151e-01
  -1.6833062e-01   2.8617275e-01
   7.7319197e-01  -7.8357887e-01
  -6.7981739e-01   7.8596424e-01
  -2.6762823e-02  -4.4538318e-02
  -2.2079957e+00   2.7853328e+00
  -7.0980318e-01   4.4808707e-01
   1.8895206e+00  -1.9455850e+00
  -1.2860860e+00   1.3652271e+00
   1.8205401e+00  -1.8495063e+00
  -6.1960886e-01   5.9322891e-01
   7.4299009e-01  -4.2442248e-01
  -1.6762060e+00   1.4926289e+00
   1.0477984e+00  -1.2768812e+00
   8.1337011e-01  -7.6962892e-01
  -1.1588700e-01   3.7918156e-01
   1.5387286e+00  -1.2483665e+00
   2.8549506e-01  -4.2056530e-01
  -2.3796465e+00   2.7030010e+00
  -1.3662341e+00   1.2599132e+00
  -1.5523492e+00   1.1380799e+00
   9.2159393e-01  -5.3309448e-01
   9.8556689e-01  -7.0704234e-01
   6.5662564e-01  -1.0677269e+00
   1.1894314e+00  -8.8391218e-01
   1.3505503e-01  -1.2011589e-01
   2.4499371e-01  -2.7362392e-01
  -1.7521752e+00   2.0794113e+00
  -7.9632165e-02   1.3207608e-02
   2.2531940e-01   1.9572813e-01
   4.7928092e-01  -2.9883342e-01
  -7.9706122e-01   6.0359773e-01
  -1.0505734e+00   9.4633860e-01
   2.1334787e-01  -2.1156722e-01
   9.1386386e-01  -9.3575933e-01
  -9.9405742e-01   7.2139429e-01
  -6.5749149e-02   7.8961692e-02
   4.9617847e-02  -1.3436180e-01
  -2.0196891e+00   2.6532261e+00
  -7.0490540e-01   8.3743978e-01
   7.9842395e-01  -7.6271826e-01
   7.7883815e-01  -8.0254855e-01
   1.8759259e+00  -1.5312378e+00
  -1.1581573e+00   9.8568905e-01
  -5.6952951e-02  -2.4269920e-02
   1.4935383e+00  -1.3559147e+00
  -3.9109805e-01   2.6568109e-01
   9.1030341e-01  -9.1099686e-01
  -4.3725660e-01   6.3223160e-01
   1.1418842e+00  -9.8123332e-01
   2.0181977e-01   2.4763975e-03
  -1.5109887e+00   9.9365074e-01
  -5.4939068e-01   3.4899937e-01
  -7.9658718e-01   5.1511880e-01
   1.7755427e+00  -2.0408425e+00
   9.8249520e-01  -8.4285800e-01
  -1.1199549e+00   1.2831608e+00
   1.4194002e-01   3.4994487e-01
   1.4860137e+00  -1.1510252e+00
  -2.7867631e-02   3.6364533e-01
  -1.1987747e+00   1.0998152e+00
   1.1242862e-01  -1.9769166e-01
  -2.3325006e-01   3.8282826e-01
  -7.1416047e-01   6.6130310e-01
   3.3811670e-01  -3.2473893e-01
  -1.2938666e+00   1.0330398e+00
  -5.0775918e-01   1.1162310e-01
  -6.3409157e-02   1.5245556e-01
  -8.5541045e-01   8.4575567e-01
   4.5895113e-01  -6.2169174e-01
  -1.7470930e+00   1.5351046e+00
  -2.1926938e+00   2.1401649e+00
  -8.3833961e-01   7.7333796e-01
   1.0895391e+00  -1.0396873e+00
   9.9346950e-01  -1.2447380e+00
  -3.4756152e-01   6.1479130e-01
  -2.1426063e+00   1.7883453e+00
  -1.3744859e+00   1.2236466e+00
   4.8781747e-01  -6.5133290e-02
   9.1268308e-01  -1.0534344e+00
  -8.1976681e-01   1.0863183e+00
   6.1420709e-01  -3.8684110e-01
  -1.6595446e+00   1.1574777e+00
   1.2156805e+00  -9.9801475e-01
   2.7706360e-01  -3.2537633e-01
  -5.1118579e-01   3.6492310e-01
  -1.3636779e+00   1.0799002e+00
  -3.6279004e-01   3.7884647e-01
  -2.6125245e-01   4.0038293e-01
   1.9322856e+00  -1.5629870e+00
  -6.9738394e-01   4.5640357e-01
  -1.3964345e-01   8.2542045e-02
   4.1006838e-01  -3.5492106e-01
  -1.0908188e+00   9.3703693e-01
  -5.6644285e-01   4.9748060e-01
   1.0149524e+00  -7.7188064e-01
  -7.9568615e-01   7.5391743e-01
   1.4176719e+00  -1.7859170e+00
  -2.2391507e+00   2.3935564e+00
  -1.0399933e+00   7.9339760e-01
   8.2496319e-01  -6.2053442e-01
  -3.3551944e-01   3.0378862e-01
   1.7373861e+00  -2.1466742e+00
   6.2671033e-01  -6.0365627e-01
  -1.0671539e+00   8.5006774e-01
   3.9022480e-01  -1.2078387e-01
   6.0300737e-01  -4.8388528e-01
   8.6158378e-01  -7.0375737e-01
   1.3870680e+00  -1.0864941e+00
  -1.0072250e+00   8.2872905e-01
  -4.7390539e-01   3.6798208e-01
  -1.1040878e+00   7.1141686e-01
   7.0746450e-01  -4.6018279e-01
  -9.4120998e-01   1.0922120e+00
  -1.6830413e+00   1.8434768e+00
  -1.2392514e+00   8.9044199e-01
   2.6505782e-01  -3.6924879e-01
   6.2877599e-01  -6.4342216e-01
   1.5042968e+00  -1.1180466e+00
  -3.7712436e-01   6.2269634e-01
   1.6281593e+00  -7.5707123e-01
  -8.0881510e-01   8.5113207e-01
  -1.1505272e+00   9.5892727e-01
  -9.8541072e-01   1.0251312e+00
   1.4062229e+00  -1.9290492e+00
  -7.2130102e-01   4.2868730e-01
  -1.5024485e+00   1.2361524e+00
  -1.2007130e+00   1.2171218e+00
   6.5525275e-01  -7.1613467e-01
   1.6093780e+00  -1.2548262e+00
   6.9127554e-01  -8.5538445e-01
  -1.1608101e+00   9.2520602e-01
  -1.1276073e-01   2.0986247e-01
   3.5187223e-01  -4.4872518e-01
   3.2896891e-01  -3.4227270e-01
   2.1145167e+00  -3.2051675e+00
   4.0330643e-01  -7.0059166e-01
  -1.5779074e+00   1.5162615e+00
  -3.7418839e-01   5.1411581e-02
  -1.3593948e+00   1.0525905e+00
   4.8775344e-01  -3.7458342e-01
  -3.3764262e-02  -5.8099103e-02
   1.8932763e+00  -1.3786334e+00
   7.3266680e-01  -6.1460406e-01
  -1.7106035e+00   1.2913254e+00
   4.8040358e-01  -4.4056170e-01
  -5.1771121e-01   6.1116706e-01
  -5.6658008e-02   3.8840244e-01
   7.7371122e-01  -1.0079996e+00
   2.6660108e-01   1.0601585e-01
  -1.0269323e+00   1.0599673e+00
   1.3539702e+00  -1.0401334e+00
  -6.2228092e-01   6.5298351e-01
  -7.2062272e-01   9.1757828e-01
  -3.9033777e-02   1.2284971e-01
   3.5571539e-01  -2.9869671e-01
   1.5643087e+00  -1.1280037e+00
   1.8113692e+00  -2.1509425e+00
   1.3532535e+00  -1.0745047e+00
   1.2952480e+00  -1.5875977e+00
   1.2224046e+00  -1.1962641e+00
   1.9366965e+00  -2.0803061e+00
   4.5872751e-01  -2.2480607e-01
   7.5127723e-01  -4.9779846e-01
   1.8904812e+00  -2.2110926e+00
   1.5324646e+00  -1.9713413e+00
  -1.3068289e+00   8.5648704e-01
   1.9043469e-01  -2.8683560e-01
  -2.6266490e-02   2.1336583e-01
   7.1815790e-01  -6.6399828e-01
   2.3074984e+00  -2.2163180e+00
  -2.0993075e-01  -6.8213407e-02
   3.4018318e-01  -2.6503909e-01
  -1.1594262e-01   4.6767441e-01
  -1.4754480e+00   1.2721265e+00
   1.2476509e+00  -5.4503226e-01
   1.4883627e+00  -2.1549491e+00
  -6.7225028e-01   5.9227090e-01
   1.5559572e+00  -2.8420329e+00
  -1.6581945e-01   3.4925951e-01
  -1.6467807e+00   1.8467475e+00
  -8.0829251e-01   5.9755303e-01
  -5.5563607e-01   5.1566563e-01
   1.1905803e+00  -9.9394747e-01
  -1.2328871e-01   3.8443842e-02
   1.3564513e-01  -6.5067702e-02
  -9.2132570e-01   5.2130462e-01
  -6.3069141e-01   5.3138836e-01
   2.2489289e+00  -2.1644789e+00
  -2.3513785e-01   2.3618692e-01
   1.6090673e+00  -2.1465741e+00
  -1.7405386e+00   1.5297648e+00
   1.5947695e+00  -1.8500901e+00
   4.4649316e-01  -4.2480304e-01
  -9.9149986e-01   1.0552159e+00
   6.0715189e-02  -2.3739212e-01
   1.6761393e-01  -1.4426186e-01
  -4.4846032e-01   5.4585672e-01
   1.2440962e+00  -7.8469066e-01
   9.0159972e-01  -7.8800876e-01
   7.8147563e-01  -6.0084174e-01
   2.8742181e-01  -1.0664498e-01
  -1.3031257e+00   1.3242272e+00
  -1.1769832e+00   1.1085200e+00
  -2.5733539e-02  -1.5728754e-01
   1.2488241e+00  -1.4498008e+00
  -3.2795952e-01   4.2968926e-01
  -1.6585413e+00   1.4929774e+00
  -2.1084846e+00   2.1673594e+00
   1.2023559e+00  -1.0567296e+00
   1.4560597e+00  -1.6750118e+00
  -1.9675421e-01   1.5753494e-01
  -2.4602469e-01  -2.6004299e-02
   3.6467448e-01  -2.9016376e-01
  -2.4571766e-01   2.9758869e-01
  -1.4803843e+00   1.5009767e+00
   5.4001196e-01  -2.7658685e-01
   7.0243851e-01  -9.6544878e-01
  -4.7527593e-01  -1.0006277e-01
   1.1748594e+00  -6.8065005e-01
  -1.5256664e+00   1.3531926e+00
   6.9366306e-02  -6.2918009e-01
   7.2476174e-01  -7.1082993e-01
   3.8909637e-01  -2.3139776e-01
   1.7679352e-01  -1.0977234e-01
  -1.3287383e+00   1.4300309e+00
  -9.7283138e-01   1.0775881e+00
   1.7327620e-01  -2.8087222e-01
  -3.5978281e-01   7.0823287e-01
   1.2992900e-01  -3.6799430e-01
  -1.6310901e-01   9.9821321e-02
   3.1046535e-01   1.4649885e-01
   1.3511630e+00  -1.1415790e+00
   1.7021377e-01   3.2138454e-02
  -1.9327950e+00   2.0036333e+00
   7.6713957e-01  -8.5131517e-01
   7.3247117e-01  -5.4869602e-01
  -3.3187388e-01   4.1482876e-02
  -1.1583740e+00   9.5916171e-01
   7.1508614e-02   1.0916496e-01
   2.3533351e-01  -1.2056936e-01
   9.8773574e-02  -2.2283702e-01
   3.5847214e-01  -5.2825443e-02
   8.0589528e-01  -9.5748323e-01
   7.9816885e-01  -8.0655354e-01
  -1.4774274e+00   1.3880841e+00
   2.2239780e+00  -2.2831832e+00
  -1.6559013e+00   1.7613331e+00
  -4.5041060e-01   3.5705129e-01
  -1.2204539e+00   1.2585314e+00
  -5.7424113e-01   4.5692642e-01
  -1.6927983e+00   1.6410535e+00
  -4.8079775e-01   3.2524593e-01
  -8.2634336e-01   6.0405653e-01
  -1.2004487e+00   1.1400734e+00
   5.4863441e-01  -4.6700933e-01
  -8.4974169e-01   1.1215593e+00
   6.2886272e-01  -3.4919931e-01
  -1.2738911e+00   1.2316429e+00
   1.9480722e+00  -2.7984503e+00
   1.0658122e+00  -1.0294910e+00
  -3.0921179e-01   1.1485908e-01
   5.4519504e-01  -2.4065571e-01
   1.6617454e+00  -1.2838649e+00
   1.4100111e+00  -1.1272780e+00
  -1.1504500e+00   1.2856591e+00
   2.8230648e-01  -4.0356142e-01
  -2.0842078e+00   1.6926682e+00
  -3.8633437e-01   4.9468661e-01
  -1.7311064e+00   1.8082425e+00
  -1.1300986e+00   1.0746462e+00
  -8.1033728e-02   2.7100039e-01
  -7.9743204e-01   6.2849156e-01
   7.0463614e-01  -3.2200214e-01
  -1.5842583e+00   1.4977091e+00
  -4.4247853e-01   3.8823291e-01
   1.5144215e+00  -1.8173309e+00
   1.1387427e-01  -9.9184683e-02
  -9.7625711e-01   8.9313310e-01
  -1.0369643e+00   6.5337886e-01
  -1.5383498e+00   1.9486721e+00
   5.8303985e-01  -5.7121151e-01
  -1.1850050e+00   1.1045980e+00
  -9.8841701e-01   8.1839450e-01
   1.6583283e+00  -1.3224848e+00
  -1.7168938e-01   1.3012446e-01
  -1.0155257e+00   1.0782632e+00
  -3.3501344e-01   5.4485102e-01
  -1.2255749e+00   1.0758960e+00
   4.8102477e-01  -4.4080440e-01
  -1.0180790e+00   1.0389556e+00
   7.6131904e-01  -6.0953227e-01
   7.0312578e-01  -6.8466667e-01
   4.9000722e-01  -5.6272172e-01
   6.9574938e-01  -6.0724058e-01
  -1.4130629e-01  -1.9700725e-01
  -1.3118606e+00   1.2016450e+00
   1.6708822e-01  -2.3660695e-01
   9.2392468e-01  -7.3545653e-01
   1.1532835e+00  -9.2225310e-01
   6.4861899e-01  -6.1028887e-01
  -1.0578621e+00   1.0512741e+00
   1.0189190e-01  -1.3803310e-02
   9.4515324e-01  -8.9688141e-01
   4.9992482e-01  -1.6217721e-01
   7.0888001e-01  -2.2946191e-01
   1.1602427e+00  -1.3364873e+00
   1.4899643e-01  -1.6296695e-03
  -5.0454287e-01   8.4685205e-01
  -1.3191359e+00   1.3208795e+00
  -6.1678380e-02   9.7113920e-02
  -4.8616342e-01   2.1761016e-01
  -5.5801316e-01   3.1060292e-01
  -1.5851340e-01   1.6920006e-01
   1.1424356e+00  -1.3630930e+00
  -9.7061590e-01   1.0844999e+00
   9.3643727e-01  -7.1653443e-01
  -1.1537259e+00   7.9628587e-01
  -1.3729987e+00   1.3600690e+00
  -5.0365232e-01   5.0398128e-01
   2.3456132e-01  -3.6441842e-01
  -8.5457048e-01   6.1645418e-01
   2.1909730e-01  -3.4568893e-01
   1.4311667e+00  -1.2076575e+00
  -1.9650307e+00   2.0775390e+00
  -2.1644432e+00   2.5190028e+00
  -1.7913400e+00   1.8564837e+00
   9.5418897e-01  -6.6632640e-01
   5.9302337e-01  -3.8013680e-01
   4.0118731e-01  -4.3392511e-01
   1.3621764e+00  -1.0198782e+00
   6.9217604e-01  -4.4695292e-01
  -1.1470197e-01   9.7642396e-02
  -1.1388359e+00   1.0773927e+00
   6.1433531e-01  -9.8650025e-01
  -6.8673360e-02   3.8050445e-01
  -2.4157797e-01   4.3522638e-01
  -3.1617102e-02   4.0171777e-01
   4.2139772e-01  -4.1092717e-02
  -2.3777278e-01   2.0834123e-01
  -4.5438065e-01   7.4630516e-01
   1.0674159e+00  -1.2901069e+00
  -9.3370832e-01   4.6251587e-01
   3.6416052e-01  -2.8369370e-01
  -2.6924269e-01   2.4000655e-01
  -3.8788574e-01   5.8616241e-01
  -4.7640796e-01   2.6130901e-01
  -6.8019482e-01   4.7230536e-01
  -1.8914204e+00   1.8594121e+00
  -1.3514726e-01   4.1490423e-02
  -3.2510457e-01   2.9740961e-01
  -7.9458536e-01   9.5786000e-01
  -1.6230120e+00   1.5440211e+00
  -1.2088746e+00   1.1988646e+00
  -8.1129965e-01   6.9413908e-01
  -1.6549557e+00   1.4681636e+00
   2.1333328e-01  -1.6804810e-01
  -2.4808358e-01   3.2425346e-01
   1.5939590e+00  -1.7867261e+00
   3.7618189e-01   1.4553151e-02
   4.5880517e-01  -6.1104354e-01
   4.5197604e-01  -3.7735608e-01
  -8.8723636e-01   4.0296832e-01
  -5.6563185e-01   4.3043751e-01
  -1.5609404e+00   1.4212529e+00
   8.7987005e-01  -8.6131169e-01
   9.8315660e-01  -1.2240327e+00
   1.9041999e+00  -1.6264172e+00
   4.1356284e-02  -1.2201886e-02
   7.7948777e-01  -7.1179468e-01
  -3.0696497e-01   4.2681665e-01
  -3.1826057e-01   4.8440188e-01
   1.9466304e+00  -2.9829368e+00
  -1.0376293e+00   8.7620741e-01
  -7.2537570e-01   5.9356434e-01
   5.3382242e-01  -3.8096745e-01
  -1.4920240e+00   1.5196788e+00
   7.1195477e-01  -6.7701616e-01
   5.9487479e-01  -4.4202654e-01
   5.6732499e-01  -2.8897531e-01
   6.6341251e-01  -3.2717177e-01
   1.6585717e-01  -2.4326192e-01
  -1.9379539e-01   3.0033301e-01
  -5.0923629e-02  -1.1105980e-02
  -6.2214200e-01   9.5404021e-02
  -5.1623529e-01   4.2890231e-01
  -3.5092685e-01   5.5979753e-01
  -7.5463624e-01   6.7186685e-01
   7.7078211e-01  -4.2958114e-01
   1.1834725e-02  -2.5292568e-01
   1.1605631e+00  -1.0932864e+00
  -6.8792280e-02   3.2399599e-01
  -3.7660961e-01   9.2700655e-02
  -1.7197899e+00   1.6216915e+00
  -5.7033642e-02  -2.2987847e-01
   4.7710978e-01  -3.9898098e-02
   6.5027307e-01  -3.8336908e-01
   2.7337378e-01  -4.4485139e-01
   8.6981822e-01  -1.3363798e+00
   7.7928558e-01  -4.4155562e-01
   3.5685186e-01  -3.1598885e-01
   2.6464123e-01   5.1361782e-02
   1.0007953e+00  -9.7389844e-01
  -1.5673352e+00   9.2428960e-01
  -8.1837960e-01   8.5938575e-01
  -1.2128823e+00   1.1663056e+00
   3.2740627e-01  -6.4676582e-01
   7.7520058e-01  -5.0448916e-01
   1.8686107e+00  -1.8372287e+00
  -1.3428806e-01   9.3608673e-02
   1.1043791e+00  -7.5582845e-01
  -1.6433898e+00   1.3238234e+00
   3.3278760e-01  -3.8136251e-01
  -2.1204191e+00   2.4118646e+00
  -2.1307731e+00   1.9172673e+00
  -9.4780598e-01   3.9180156e-01
  -1.3006484e+00   8.1167463e-01
   8.6057672e-01  -9.7835972e-01
   1.4188172e+00  -1.8945070e+00
   2.0393514e-01  -4.5606800e-02
   1.0998037e+00  -1.2472430e+00
  -2.7673334e-01   3.0343472e-01
   9.4249807e-01  -9.7023793e-01
   2.5452254e-01  -7.6357081e-01
   6.8648238e-01  -4.2615719e-01
   2.9910900e-01  -2.3231958e-02
  -7.0379699e-01   3.7760113e-01
  -1.6184351e-01   3.0307781e-01
  -3.6239182e-02  -1.2273161e-01
   6.3899774e-01  -5.3882298e-01
   6.3888056e-02   1.3441546e-01
   1.1861344e+00  -1.4033333e+00
   1.0547673e+00  -5.1384871e-01
   1.1869095e+00  -9.2209473e-01
  -8.5920184e-01   8.7716900e-01
   1.5677860e+00  -2.4557898e+00
   8.4593058e-01  -4.2022256e-01
   3.2748876e-01  -1.8924664e-01
  -9.3107732e-01   1.2775156e+00
  -7.0950175e-01   7.0646208e-01
  -1.0842843e+00   6.5853386e-01
  -1.0794406e+00   9.1710368e-01
   1.0166532e+00  -8.2263757e-01
  -2.9313288e-01   4.9381337e-01
  -1.1139248e+00   1.0269483e+00
   9.3941108e-01  -1.0180317e+00
   1.3759402e+00  -1.1932003e+00
   1.1985719e+00  -7.7361489e-01
   9.2270793e-01  -8.6267313e-01
  -8.7465009e-01   8.7378449e-01
  -1.0802552e+00   1.2657914e+00
   1.1335751e+00  -1.1932254e+00
   1.7298590e-02  -2.8346236e-03
  -5.4360335e-01   3.4824593e-01
   1.5887291e+00  -3.2308269e+00
  -8.5759143e-01   4.6846984e-01
   1.5132708e-01  -2.4680519e-01
   1.4154579e-01  -6.9108757e-02
   8.7327313e-01  -9.4995624e-01
   2.7814275e-01  -3.0333338e-01
  -1.6186990e+00   1.1527360e+00
   1.3248936e+00  -1.6377755e+00
   1.8912540e+00  -1.6456460e+00
   1.3515951e+00  -1.0605788e+00
   1.1527990e+00  -1.2197735e+00
   1.0967639e+00  -9.6559873e-01
   5.1702986e-01  -4.1543674e-01
   9.3634635e-01  -9.0797718e-01
  -1.9844092e+00   2.7571368e+00
   4.7792040e-01  -4.7491277e-01
  -7.9049379e-01   1.0202110e+00
  -6.7514271e-02  -1.6196921e-01
   8.5280684e-02  -1.5270334e-01
  -3.8415792e-01   5.9191113e-01
  -8.3460202e-01   9.7814055e-01
  -9.9470770e-01   5.8599414e-01
   9.4998221e-03   1.7297872e-02
  -7.8787609e-01   4.2260679e-01
  -6.0644224e-01   5.8642245e-01
   6.0056764e-01  -7.4108004e-01
   2.7183788e-01  -1.4540464e-02
   8.6060067e-01  -7.8741577e-01
  -1.0099306e+00   7.6699074e-01
   4.6054151e-01   1.6260421e-01
   5.7434521e-02   5.0825058e-02
  -3.6751259e-01   1.8362991e-01
  -1.4316739e+00   1.3125818e+00
  -9.7189051e-01   5.9531117e-01
  -9.2762298e-01   7.8448341e-01
   3.2176122e-01  -1.9881762e-01
   1.4028277e+00  -1.2563138e+00
   1.1283405e+00  -7.2665635e-01
  -1.4647220e+00   1.1398850e+00
  -3.3567125e-01   3.9688955e-01
   3.4780952e-01  -1.9976222e-02
  -1.8849096e+00   3.4635653e+00
  -1.2260801e+00   1.3511324e+00
  -7.5830991e-01   6.5469192e-01
  -3.8397658e-02   1.2262913e-01
  -1.0797687e+00   1.2747319e+00
  -1.5026311e+00   1.3509769e+00
  -1.2536399e+00   1.5941475e+00
   5.6562963e-01  -2.9856853e-01
   2.9311368e-01  -5.9610622e-02
  -1.3773036e+00   1.3612633e+00
   1.2098794e+00  -1.3538919e+00
  -2.1708435e+00   1.9168684e+00
   2.0842729e+00  -2.1833969e+00
  -7.3996595e-01   5.4619933e-01
   5.0431347e-01  -5.2307947e-01
   7.2473965e-01  -2.8360146e-01
  -8.1791451e-01   5.6218224e-01
   7.7335577e-01  -7.8654280e-01
   5.9203757e-01  -7.9204608e-01
  -1.0485860e+00   4.9014688e-01
   8.5795049e-01  -7.7160535e-01
  -1.7975934e+00   1.5141669e+00
  -6.7678010e-01   9.8782173e-01
   9.7432093e-02  -4.2667560e-01
   2.0813400e+00  -2.5535661e+00
   1.3317493e+00  -9.2114746e-01
  -9.4845462e-01   4.8001799e-01
   6.9029040e-01  -5.2983365e-01
   4.1095813e-01  -2.8333947e-01
   9.2197583e-01  -3.1286977e-01
  -3.2729314e-01  -1.8961168e-02
   1.6235714e+00  -1.7368234e+00
  -1.1691289e+00   9.8295448e-01
  -6.6897015e-01   5.4252738e-01
  -5.9228941e-01   4.1221925e-01
  -5.4843102e-01   5.1456604e-01
  -6.8913419e-01   9.3617947e-01
  -8.6535979e-01   7.8592481e-01
   9.2521081e-01  -6.6643186e-01
  -6.0904084e-01   7.1065991e-01
   1.9993772e+00  -2.2118732e+00
   3.3488839e-01  -3.4655607e-01
   2.8855968e-01  -7.7670281e-02
  -2.1009118e+00   2.1004990e+00
   1.8837546e-01  -2.3985451e-01
   7.7763525e-01  -6.1528657e-01
  -7.8478523e-02  -3.2894334e-03
   7.8861591e-01  -6.2866859e-01
  -2.1012287e-01   3.3760455e-01
   1.6372752e-01  -3.3846678e-01
   4.4106258e-01  -4.3516324e-01
  -1.0613869e-01   2.9780790e-01
  -3.8887910e-01   4.4078363e-01
   1.1837726e+00  -9.4589608e-01
  -3.5512353e-01   3.4445672e-01
   1.7049923e+00  -2.0213945e+00
  -1.0078119e+00   9.1351342e-01
  -1.5729489e+00   1.1968000e+00
   2.0967113e+00  -1.5407472e+00
  -1.6091573e+00   1.3778538e+00
  -1.1284338e+00   1.2429024e+00
   5.1110565e-01  -4.8252738e-01
  -1.3550299e+00   1.2627569e+00
   1.3633418e+00  -9.2813629e-01
  -8.5996880e-01   7.5464093e-01
  -1.0800880e-01   2.4003929e-01
  -3.1203605e-01   2.2702601e-01
  -1.1875842e+00   1.0614226e+00
  -6.1286436e-01   4.3452733e-01
  -2.0759435e-02   1.8089723e-01
  -1.3877070e-01  -7.9647601e-02
  -1.8661888e-01   2.7488214e-01
   1.8321342e-01  -1.6073300e-01
  -5.7153274e-01   4.7923574e-01
  -9.9956965e-01   1.0696143e+00
   1.2102891e+00  -9.1258565e-01
  -4.4600482e-01   5.8510489e-01
  -4.2849312e-01   5.4433681e-03
   3.1617342e-01  -1.2293671e-01
   9.5777641e-01  -7.6324924e-01
   2.0321714e-01  -3.7504867e-01
  -4.4514926e-01   2.6475239e-01
   8.5305725e-01  -6.6658048e-01
   8.9746784e-01  -8.8379308e-01
  -4.6496490e-02   1.4582980e-01
  -1.0528584e+00   8.5701589e-01
  -1.8786582e-01  -1.7750855e-01
  -1.1355181e+00   1.0521826e+00
  -5.0339566e-01   2.3473362e-01
  -1.8208305e-01   3.0557956e-01
   5.7023408e-01  -6.0378762e-01
   2.8400360e-01  -8.8987678e-02
  -1.5313675e+00   1.5288608e+00
  -7.2902522e-01   6.7281826e-01
  -4.7388974e-01   1.2383743e-01
   1.7339444e+00  -1.6048858e+00
   1.7159490e+00  -1.8108644e+00
   1.2188477e+00  -8.9534240e-01
  -3.2247975e-01   1.7169366e-01
   1.9083193e-01   5.0850426e-02
  -9.7101229e-01   5.6042377e-01
   2.8314350e-01  -6.7550851e-01
   1.5710499e+00  -1.6262508e+00
  -2.1109020e+00   3.3007050e+00
  -3.2808908e-02   1.2728015e-02
   7.8875705e-01  -1.0502318e+00
   1.5762155e+00  -1.5802859e+00
  -6.8232242e-01   2.0418497e-01
  -4.4626066e-01   1.6849025e-01
  -9.4044984e-01   8.9760102e-01
  -4.0372084e-01   2.8920082e-01
   5.8809799e-01  -5.6470420e-01
  -1.7695415e+00   1.9658527e+00
   1.5290990e+00  -1.4499012e+00
   2.5367098e-01  -6.6621853e-01
  -9.0432104e-01   1.7510300e-01
   4.5640810e-01  -5.6132897e-01
  -2.6101706e-01  -1.6238521e-01
   7.8493933e-01  -2.9319221e-01
   1.1840990e+00  -7.5401088e-01
  -3.8647053e-01   4.5947358e-01
   5.9017486e-01  -8.5033474e-01
   6.2716082e-01  -6.8157394e-01
  -1.2714072e+00   9.7401351e-01
   1.1702391e+00  -1.0918428e+00
  -8.3456114e-01   4.8261016e-01
   2.3718327e-01  -2.9448876e-02
   8.7208390e-02   3.6361288e-03
  -2.3888054e+00   3.0576265e+00
  -1.2078242e+00   1.7406148e+00
  -1.7247191e+00   1.6986123e+00
  -1.3069586e+00   8.1017989e-01
  -5.3143732e-01   3.6868393e-02
   1.6201064e+00  -1.8015471e+00
  -1.3497065e+00   1.6512649e+00
  -7.2162164e-01   6.1185258e-01
   4.0528576e-01  -2.6830015e-01
  -1.3054835e+00   1.0537488e+00
   4.2578263e-01  -5.3322319e-01
  -1.0991830e+00   1.3462819e+00
  -1.0365432e+00   9.4683562e-01
  -9.1829635e-04  -2.3509197e-01
   1.2100693e+00  -1.6182325e+00
   1.4181818e+00  -1.2519195e+00
  -6.4275427e-01   6.1687458e-01
  -1.7321822e+00   1.9896324e+00
  -1.0003744e+00   7.5374558e-01
  -1.8296890e-01   8.9988174e-02
   1.4135889e+00  -8.3639928e-01
  -5.9339648e-01   4.7353426e-01
   1.0898481e+00  -1.0092135e+00
   3.0423278e-01  -2.1799550e-01
   9.4723761e-02  -1.9192594e-01
   5.6113402e-01  -1.1934997e-01
   4.4423959e-01  -2.1847649e-01
   1.7131026e+00  -1.4917642e+00
   1.5135764e+00  -1.5510604e+00
  -2.0876467e-01   6.5009060e-02
  -1.0688117e+00   8.7868751e-01
   1.2134600e+00  -1.0383989e+00
   1.6379950e+00  -1.6289339e+00
  -5.0911140e-01   1.6052294e-01
  -5.0561951e-01   7.1479934e-01
   3.6420045e-01  -3.2925252e-01
  -8.8627366e-01   8.0422698e-01
  -1.4663916e+00   1.2426524e+00
  -7.8153676e-01   5.9879781e-01
  -2.0121470e+00   1.7028920e+00
  -1.6760419e+00   1.9524662e+00
   1.1848524e-02   2.1523878e-01
   7.7868445e-01  -7.3620383e-01
  -4.1624154e-01   3.3339534e-01
  -1.6609406e-01   7.1860379e-02
   6.7632550e-01  -4.1497452e-01
   1.4812207e+00  -1.1513221e+00
  -1.9090547e+00   2.3041307e+00
  -1.0368944e+00   9.3286780e-01
  -6.3861885e-01   5.2212967e-01
  -8.5527238e-02   6.9207424e-02
  -1.1354943e+00   1.3945400e+00
   4.7881599e-01  -4.9343335e-01
  -1.8483298e+00   1.8210944e+00
   7.9879565e-01  -7.8298912e-01
  -2.7693836e-01   5.9638378e-02
  -4.6833855e-01   1.6736056e-01
   1.1134076e+00  -1.0353935e+00
  -6.6301535e-01   6.3466031e-01
  -9.4190421e-01   6.2544424e-01
   1.5467518e-01  -3.0690203e-02
   4.8024857e-01  -2.6841813e-01
  -2.1456411e-01   4.6855547e-01
  -1.4996272e+00   1.3794679e+00
   9.7904521e-01  -4.4289258e-01
  -1.3131451e+00   1.0428695e+00
  -2.9308589e-01  -1.7957865e-03
  -8.1967607e-01   6.4841863e-01
  -1.5838534e+00   2.0516754e+00
   1.1115075e-02   1.5031542e-01
  -1.7469943e+00   1.6663972e+00
  -2.2253656e-02  -6.8468745e-02
  -2.8545844e-01   7.3635209e-01
  -6.4039755e-01   8.1527107e-01
  -9.4501642e-01   7.3302290e-01
   7.9483778e-01  -6.8664176e-01
   8.4603910e-01  -6.6468990e-01
  -1.9488370e+00   1.5067438e+00
  -1.3364381e-02  -1.0587719e-01
  -8.5043245e-01   9.8761494e-01
  -1.6639784e-01   1.3055731e-03
  -3.9947316e-03  -1.1843104e-01
  -4.5966205e-02   3.5787900e-01
   7.0692570e-01  -1.1006724e+00
   4.9636147e-01  -5.5202752e-01
  -2.0562018e+00   2.4232087e+00
  -8.4054261e-01   6.0979744e-01
   6.3795214e-02  -9.0226972e-02
   2.9827120e-01  -3.7248835e-01
   1.1032297e+00  -1.2173400e+00
  -8.5881393e-01   7.2671691e-01
   2.3627160e-01  -3.4473381e-01
  -2.2558242e+00   2.3542147e+00
  -2.9676568e-01   1.6848517e-01
  -8.8265496e-01   1.0849863e+00
   9.2066282e-01  -6.4179882e-01
  -1.1614813e+00   8.5628005e-01
   7.5289438e-01  -7.1204987e-01
  -1.4026381e-02  -2.0672689e-01
   1.0903293e+00  -1.2673609e+00
  -9.5537433e-01   7.5037097e-01
   2.0914672e-01  -2.8420648e-01
   1.3856254e+00  -1.1470809e+00
   8.3788746e-01  -5.1016846e-01
  -1.0799364e+00   1.2281745e+00
   5.6073027e-01  -5.4603817e-02
   5.3871830e-02  -2.2434617e-01
  -2.8985869e-01   3.4910312e-01
   2.1129140e-01  -4.2110792e-01
   1.3364417e+00  -1.0388245e+00
   5.8384474e-01  -7.3931718e-01
   1.8050777e+00  -1.4483161e+00
   7.0363731e-01  -7.5951419e-01
   2.7381192e-01   1.2168352e-01
   3.4793428e-01  -7.5456956e-01
   1.1407725e+00  -1.3214058e+00
   1.1598578e-01  -1.2051705e-01
   3.6696176e-01   1.2559784e-02
  -2.4338221e-01   2.9802114e-01
  -1.6470718e+00   1.3096365e+00
   7.2635282e-01  -4.4371799e-01
   4.6380006e-01  -2.2265144e-01
  -9.9026738e-01   7.0468801e-01
   5.3058786e-01  -5.2215649e-01
   9.1129932e-01  -6.8846577e-01
   1.4558097e+00  -1.4066616e+00
   1.0414249e+00  -8.6972263e-01
   6.4518816e-01  -3.6533499e-01
  -8.4114697e-01   6.9850582e-01
  -6.0418303e-02   8.4053928e-02
   1.9194538e+00  -2.4879630e+00
   8.7478918e-02   2.6538032e-01
  -5.7873854e-02  -3.8576785e-01
   1.9420477e+00  -2.1284166e+00
   2.7188391e-01  -1.7349660e-01
   1.0435817e+00  -9.4478537e-01
  -1.1088842e+00   1.2340006e+00
   9.4621422e-01  -6.2812780e-01
   1.3637834e-01  -2.0112186e-02
   5.6272911e-01  -4.5920537e-01
  -6.6103132e-01   7.7995991e-01
  -3.9059817e-01   6.1168957e-01
   5.2732110e-02   1.1428472e-01
   9.6316325e-01  -9.5763875e-01
   5.1286654e-02  -4.6940475e-02
  -1.0161264e+00   6.7257564e-01
  -1.4674062e-01  -1.7795940e-02
  -2.8806432e-01   3.5846266e-01
   3.3705748e-01  -6.6420253e-01
   7.2077545e-01  -5.3050440e-01
   5.7353922e-01  -6.2496307e-01
   1.6279780e-02  -9.7122589e-02
  -4.2587844e-02   1.1006084e-01
   1.5418911e+00  -1.6341119e+00
  -8.0546263e-01   6.5919681e-01
   1.1735251e+00  -9.3130439e-01
   1.3724242e+00  -1.2585117e+00
  -8.9200184e-02   1.8624799e-01
   1.4481710e+00  -1.5898330e+00
  -1.1382726e+00   8.8260735e-01
   9.7913109e-01  -7.2627870e-01
  -1.0674487e+00   1.0803454e+00
  -1.1770476e+00   8.8660686e-01
  -1.5833596e+00   1.8352803e+00
   6.7343534e-01  -8.4046322e-01
   1.0826682e+00  -7.6743502e-01
  -2.7446779e-01  -6.2205951e-02
   1.8918149e-01   1.4006655e-01
   1.6480531e+00  -1.4826157e+00
   1.0220605e+00  -1.1587999e+00
   6.3696309e-01  -4.7545233e-01
  -8.6528835e-01   8.1900513e-01
   1.6951039e+00  -2.1329302e+00
   1.0922021e+00  -1.0143968e+00
   6.1008899e-01  -4.7024100e-01
  -7.5804058e-01   8.3511513e-01
   1.4048951e+00  -1.4195671e+00
   2.8081555e-01  -3.8064801e-01
  -8.9923672e-01   1.2126915e+00
   1.3655275e+00  -1.2648951e+00
  -9.8174164e-01   6.4960300e-01
   1.1693174e+00  -8.2248382e-01
   2.3514682e-01  -1.3490052e-01
   8.3906351e-01  -4.6010754e-01
  -1.6743310e-01   6.8336541e-02
   1.0656147e-01  -3.1988472e-02
   7.3262536e-01  -7.9445009e-01
  -1.4458293e+00   1.4646498e+00
  -4.2676675e-02   3.1014714e-01
  -5.3596376e-01   5.3043616e-01
   4.5852829e-01  -4.9785406e-01
  -1.0570850e+00   8.8895109e-01
   4.9679828e-01  -4.0979187e-01
  -2.2939615e-01   1.8066962e-01
   8.4737748e-01  -6.3131050e-01
  -9.2519211e-01   7.4545744e-01
   9.7550521e-01  -9.1381350e-01
   4.0934056e-01  -6.9801362e-01
   4.0395915e-01   9.9985709e-02
   6.7624133e-01  -5.9848519e-01
   4.6158599e-01  -2.8721225e-01
  -9.4951461e-01   9.4741223e-01
  -1.7898143e+00   1.5187256e+00
  -4.1465674e-01   1.0870058e-01
  -1.0338200e+00   1.1222222e+00
   5.6436121e-01  -6.0671947e-01
  -5.5326500e-01   5.3802279e-01
   9.5740734e-01  -9.0447984e-01
   5.0190133e-01  -5.1699891e-01
  -5.7278953e-01   3.5126359e-01
  -8.4853903e-01   1.0927098e+00
   1.4749024e+00  -1.8944364e+00
  -1.1661518e+00   8.4440113e-01
   9.0524866e-01  -9.2236900e-01
   5.4325606e-01  -3.0323160e-01
   4.7640117e-01  -2.5112782e-01
  -7.2958522e-01   6.0749553e-01
   4.6893122e-01  -4.0456368e-01
