   5.4279611e-01  -5.8394510e-01
  -1.5420685e-01  -6.0917854e-01
  -1.4077166e+00   4.6782378e-01
   4.9364690e-01  -3.7198272e-01
   6.1070515e-01   1.4170901e-01
  -2.4227248e-01   1.0643919e+00
  -1.7740476e+00   1.6107239e+00
   1.1764021e+00  -2.1652085e+00
   4.3403413e-01   2.5686243e-01
   6.1706988e-02   2.5649695e-01
   6.1498370e-01  -5.1988153e-01
   2.9877317e-01  -1.8853052e-01
   2.8739438e-01   6.5833333e-01
   4.2076459e-02  -1.2727947e+00
  -2.9971821e-01   1.3283536e+00
  -3.9136252e-01   1.2809529e+00
   1.4934022e+00  -1.8357657e+00
  -6.8625958e-01   2.0533560e+00
  -2.3999911e+00   1.6081516e+00
   9.4334513e-01  -1.7421600e+00
   6.8370585e-01  -5.2252022e-01
   5.5207732e-01  -7.6959462e-01
   1.0175290e+00  -1.7622813e+00
  -5.8210776e-01   4.0192010e-01
  -1.1106215e+00   1.2005896e+00
  -1.7629733e-01  -7.2685043e-01
  -3.0320139e-01   8.6688275e-01
  -1.8471570e+00   1.3666690e+00
  -6.1433029e-01  -3.0630760e-01
  -5.0051757e-01   1.6312753e-01
   6.0011704e-01   5.4299461e-01
  -6.8987985e-02  -6.4960590e-01
   6.8926793e-01  -8.0692047e-01
  -1.3997255e+00   9.2770034e-01
  -1.7882416e+00   1.1575328e+00
  -2.1034914e+00   1.9496611e+00
  -5.0179776e-01   5.7778220e-01
  -4.1229779e-01  -1.2864292e-01
   8.3082932e-01  -6.2803563e-01
  -1.7637097e+00   1.7221200e+00
   5.8760256e-01  -8.4917994e-01
  -1.4217969e+00   1.4774824e+00
   6.3495478e-01  -4.9814166e-01
  -6.9983748e-02   1.7375821e+00
  -1.6248579e+00   1.8172851e+00
  -3.6313456e-02  -8.4776051e-02
   3.4031860e-01  -8.6382543e-01
   3.3415056e-01  -1.0600808e+00
  -4.9711458e-01   1.3384736e-02
   1.4287940e-01   1.2679313e-01
  -1.1617919e+00   1.3252151e+00
   9.8087849e-01  -3.5639118e+00
  -1.9135783e-01  -3.9679164e-01
   1.0624928e+00  -1.6299306e+00
   9.1979219e-01  -7.4131180e-01
   4.7642819e-01   1.4645858e-01
   1.3544719e-01   3.5670185e-01
  -3.3690074e-01   1.6255280e-01
   9.2016387e-01  -1.3655056e+00
   8.8092920e-01  -1.2646381e+00
   1.1192505e+00  -1.8490896e+00
   7.7896160e-01   3.4177847e-01
   3.9393851e-01  -4.3618199e-01
   1.4244223e+00  -6.6108464e-01
  -2.1144179e+00   2.0828759e+00
  -7.1940770e-01   4.9889921e-01
  -2.6697455e+00   1.8041657e+00
  -7.5700611e-02   4.7277928e-01
  -2.7742975e+00   3.3042546e+00
   4.7979065e-01  -5.3512338e-01
   1.3024982e+00  -9.3020756e-01
  -5.3996196e-01  -8.3905281e-01
   4.9268770e-01  -1.3474269e+00
  -4.6173718e-01   1.3990879e+00
  -1.0294401e+00   1.5922764e+00
   7.1724790e-01  -1.6452689e-01
  -1.1911781e-01  -4.1574423e-01
  -9.4911616e-01   9.8591880e-01
   1.5945915e+00  -1.2557254e+00
   5.7719107e-01  -8.6665376e-01
   1.1679459e+00  -2.9428262e+00
   6.5770577e-01  -8.0828239e-01
   1.9456655e-01  -1.1034752e-01
  -4.7845969e-01   2.5428424e-01
  -2.8777077e-01   1.2214158e-01
  -2.4449004e+00   1.4015786e+00
   1.3707014e+00  -2.2028205e+00
  -1.7902746e+00   7.5279025e-01
   9.0185102e-01  -1.7900384e+00
  -2.3641960e+00   1.6349379e+00
   7.3934152e-01  -3.1470085e-01
  -7.4433151e-01  -6.8654011e-03
   6.8045373e-01  -1.4913958e+00
   3.0999266e-01  -2.5670656e-01
  -4.3792189e-03  -4.3725682e-01
   1.2665171e+00  -2.0898914e+00
   6.8673904e-01  -5.4713749e-01
   5.1679634e-01   1.1083702e-02
  -3.1880597e-01  -4.4743985e-02
   1.5303505e+00  -1.8351002e+00
  -3.6215601e-01  -4.9510753e-01
  -1.7480916e-01  -3.2116863e-02
  -1.7347358e-01   2.6214433e-01
  -1.7547002e+00   2.4496090e+00
  -2.1465360e+00   2.1317148e+00
  -2.7328437e-01   6.1153748e-01
  -7.7175829e-01   3.1594582e-01
   2.2911946e-01  -1.1242291e+00
   1.0990987e+00  -1.7031290e+00
  -5.8337893e-02   9.1211709e-02
   1.7998940e-01   6.9625186e-01
   4.1220759e-01  -1.4157836e-01
   5.5429294e-01  -4.0791895e-01
   8.8167123e-01  -4.7583740e-01
   6.4140948e-01   4.0051872e-01
   1.4588757e-01  -2.0136155e-01
   7.0434199e-02   5.6540506e-01
   5.4098126e-01  -4.1422290e-01
   1.1588743e+00  -1.6858211e+00
   1.1301031e+00  -1.6038138e+00
  -1.3346268e+00   1.2184003e+00
  -6.7449477e-01   1.9326354e+00
   2.5152723e-01   4.2787532e-01
  -5.7128710e-02   1.4725933e+00
   4.0144922e-01  -7.9206818e-01
  -1.3206584e+00   1.0383091e+00
  -3.3360892e-01   2.4907955e-01
   2.7310009e-01   6.1021946e-01
  -1.6254029e+00   1.8693806e+00
   1.4470657e+00  -1.2097151e+00
   5.9700199e-01  -1.0341867e+00
   3.3481793e-01   1.7770555e-01
   2.3413900e-01  -2.8928931e-01
  -3.4076128e-01   7.0433502e-01
   1.0977127e+00  -1.3162253e+00
   8.5889573e-01   1.4758650e-02
   1.8282437e-01   8.4449539e-01
   5.5522392e-01  -4.2255786e-01
   1.0551611e+00  -1.1554729e+00
  -1.8352218e+00   1.4109038e+00
   1.1301411e+00  -4.4651170e-01
  -1.5703452e+00   2.1634057e+00
  -1.3867828e+00   1.3492962e+00
   1.1431346e+00  -1.5043494e+00
   1.0252013e+00  -2.5582025e+00
   8.7769893e-01  -7.1459803e-01
  -5.4180932e-01   4.1599790e-01
   8.3298278e-01  -4.8701141e-01
  -2.0455327e-01   1.2744603e+00
   1.0665371e+00  -1.8840655e-01
   2.7340186e-01   5.1397867e-01
  -1.0244118e+00   3.0368194e-01
  -5.8098411e-01  -1.6328795e-01
  -1.6515389e+00   1.6751255e+00
  -1.2965202e+00   9.2622111e-01
   2.6493484e-01   3.6228444e-01
  -1.1844033e+00   1.6007654e+00
  -1.5266631e+00   1.0804202e+00
  -2.5094466e+00   2.8545045e+00
  -1.4803385e+00   1.0026346e+00
  -1.8518869e-01  -2.9329731e-02
   3.1122725e-01   4.7778580e-01
  -3.9192308e-01   6.1115855e-01
   1.0357050e-01   5.2240600e-01
   1.7927941e-01   2.7312763e-01
  -2.0524453e+00   2.1007330e+00
   2.3530542e-01  -9.1911213e-01
   1.0478437e+00  -1.2835264e+00
   1.2884654e+00  -1.3672437e+00
   3.3762256e-01  -1.0628429e+00
   6.9692612e-02  -1.8807346e-01
  -2.7927408e-01   8.2614698e-01
   1.6878720e-01   7.0386256e-01
   1.1945099e+00  -1.3105498e+00
  -5.4107006e-01   5.1878398e-01
   5.2732188e-01  -9.4799799e-01
  -3.8847928e-01   9.3926750e-01
  -1.2314733e+00   1.0547441e+00
  -3.2020955e-01   6.1162545e-01
  -4.1461608e-01  -3.1634769e-01
  -1.5681950e+00   2.2366661e+00
   4.7340541e-01  -4.2365827e-01
  -8.7270661e-01   1.5079059e+00
  -1.5336392e+00   2.2676535e+00
   1.2130687e+00  -1.0044391e+00
   5.6400650e-01  -1.4478911e+00
  -6.4113545e-01  -3.0600301e-01
   6.6793321e-01   2.8230939e-01
   1.2060864e+00  -1.4203503e+00
  -7.4290619e-01  -2.0986647e-01
   5.8057568e-01  -3.2003145e-01
  -2.5336874e-01   5.8551635e-01
  -4.6370424e-01   9.2913482e-01
   5.0761934e-02  -1.8957912e-01
  -2.3305648e+00   2.0043326e+00
   1.1160963e+00  -8.7773050e-01
   4.9725230e-01  -2.6328424e-01
  -9.5213531e-01  -3.3969282e-01
   1.4805467e+00  -1.0037887e+00
  -1.7956074e+00   1.0708347e+00
  -8.0026030e-02   5.7200566e-01
   2.0973538e-01  -1.8080745e-01
   5.2777074e-02  -6.6810846e-01
  -5.2668223e-03   6.4554718e-02
   5.6692775e-01  -7.5992242e-01
  -1.6758475e+00   2.6205426e+00
  -2.3341672e+00   3.0715340e+00
  -1.6636429e-01  -4.8309478e-01
  -5.7282586e-01  -6.0527605e-01
  -9.5766339e-01  -2.3144166e-01
  -9.6135483e-01   1.5067336e+00
   4.0599802e-01   5.5072896e-02
  -3.7790100e-01  -9.4377589e-01
  -5.4089921e-01   1.9065473e-01
   1.1208752e-01  -3.2438776e-01
   1.0401220e+00  -3.1393830e-01
  -8.2820310e-01   3.4338370e-01
   8.2552198e-01  -1.3613055e+00
   1.4549522e+00  -1.1523633e+00
   1.0933162e-01  -7.2930165e-01
  -1.3885310e-02  -2.6575724e-01
   2.7374966e-03   6.2783526e-01
   1.2185142e+00  -1.4661200e+00
   9.8032930e-01  -8.1864371e-01
   6.0850792e-01  -6.7684748e-01
   1.3168104e+00  -2.6170905e+00
  -1.2458405e+00   1.0726960e+00
  -2.9751842e-01   8.4736650e-01
   9.1192059e-01  -1.9979843e+00
  -9.9949664e-02   5.4364466e-02
   1.0350148e+00   9.2810790e-02
  -1.6822191e+00   7.5282055e-01
   2.4557239e-01   5.5345584e-01
  -4.7411065e-01   1.0277269e+00
   2.3005311e-01  -1.0699576e+00
   1.1436940e+00  -1.3507667e+00
   1.1896676e+00  -1.1143925e+00
  -4.5870718e-01   7.1528333e-01
   7.3646564e-01  -1.5143484e+00
   4.3640422e-01   3.4171828e-01
   8.5449726e-01  -1.0241717e+00
   1.5640027e+00  -2.1812731e+00
   1.0062973e+00  -7.6830358e-01
   6.9292974e-01  -1.2222306e+00
  -3.6827878e-02   5.6775393e-01
  -2.1196230e-01   5.1488786e-01
   7.3997337e-01   4.0196255e-01
   6.3114570e-01   4.6048836e-01
   6.8545732e-01  -1.4747948e+00
  -9.4367721e-01   1.5917429e+00
  -2.0750546e+00   1.9044565e+00
  -9.4186913e-01   6.7588535e-01
  -1.9946168e+00   1.5877205e+00
  -1.4464374e+00   1.6490191e+00
   1.3297659e+00  -3.4359479e+00
  -9.9749981e-01   1.0568497e+00
   7.0974161e-01  -1.2769630e+00
  -1.5469571e+00   1.8600447e+00
  -2.5435310e+00   2.8812667e+00
  -3.3266731e-01   1.5441337e+00
   8.8369470e-01  -6.1304601e-01
  -8.8345341e-01   1.3034744e+00
   4.4868317e-01   1.8308797e-01
   1.5210789e+00  -2.0320962e+00
   5.6883299e-01  -5.5228447e-01
  -8.0678277e-01   1.2711795e+00
   8.9870709e-01  -9.3657630e-01
  -4.1585227e-01   3.9339962e-01
  -7.2606770e-02  -6.4335167e-01
   1.1153918e+00  -1.6562976e+00
   1.6782566e-01   4.7237618e-01
  -3.0476929e-01  -1.1388311e-01
   8.0423774e-01  -1.1226347e+00
  -1.4384516e+00   1.6653536e+00
   9.7693556e-02  -6.7581201e-01
   6.7997950e-01  -2.7756992e-01
   1.5235148e+00  -1.3742239e+00
  -1.6219429e-01   9.8554356e-01
  -1.0803405e-01   5.1656038e-01
   5.7012802e-01   2.3216059e-01
  -3.8898650e-01   1.8170484e+00
   6.3935104e-01  -5.5701252e-02
   1.0031258e+00  -1.0041623e+00
   8.6064710e-01  -2.0296481e+00
   4.4740467e-01  -4.3612716e-01
   4.9406599e-01  -2.2061945e-01
  -7.8404896e-01   2.6609909e-01
   2.7835241e-01   3.2046451e-01
   1.1524437e+00  -2.0280045e+00
  -1.4989737e+00   1.3384459e+00
   1.3686935e-01   3.5460867e-01
   7.5992080e-01  -1.3286488e+00
  -6.3449913e-01   6.9549695e-01
  -1.0357062e+00  -5.0015780e-02
   9.3136369e-03  -7.4073195e-01
   7.8305664e-01  -9.0052080e-01
   5.7543843e-01  -5.2143460e-01
  -6.0396813e-01   1.5271973e+00
  -3.0906703e-01   3.4497645e-01
  -1.8590229e+00   1.9674724e+00
   7.0415710e-01  -7.9660380e-01
   1.0806538e+00  -1.2983205e+00
   2.0563378e-01   5.7774830e-01
   2.3981897e-01   1.0364912e-01
  -2.1562778e-01   1.5472876e-01
   1.1174874e+00  -1.1984804e+00
  -6.6904549e-01   1.9398680e+00
  -1.6972274e+00   1.8983371e+00
  -1.6759820e+00   2.0775714e+00
   9.9837554e-01  -2.1494723e-01
  -1.0876619e+00   1.5705731e+00
   1.9102853e-01  -1.0494810e-02
   9.9220961e-01  -1.3021740e+00
   4.9682043e-01  -1.6618139e-01
   5.0804934e-01  -7.6862757e-01
   2.6760209e-02   2.1686056e-01
  -6.7571295e-02   4.8683281e-01
   4.8108291e-01  -2.2541974e-01
  -1.0166154e+00   9.4356369e-01
  -1.7300942e+00   1.0730757e+00
   9.8213728e-01   2.2932490e-01
   6.0657384e-01  -4.7180071e-01
   1.1247065e+00  -6.9095770e-01
   3.0394017e-01  -2.6965516e-01
  -1.5219806e-02   4.6003507e-01
  -5.4458021e-01   9.7835712e-01
   9.4325994e-01  -1.4923808e+00
   1.3763004e+00  -1.9658078e+00
  -1.2778008e-01  -1.0425984e+00
  -2.5361724e-01   1.5589524e-01
   6.8720611e-01  -3.7796804e-01
   6.8923443e-01  -3.8461385e-02
   9.5458045e-01   1.8558219e-02
   1.0108640e+00  -1.0570167e+00
   6.6846626e-01  -1.5915057e+00
  -4.2611514e-01  -3.7463138e-01
  -1.4754352e+00   1.4156446e+00
  -1.1919845e+00   2.1144386e+00
  -1.0445515e+00   8.1176288e-01
   8.8110445e-01  -8.3129680e-01
   6.7808170e-01  -1.1126854e+00
   2.2724962e-01   2.3791981e-01
   5.1856505e-01   1.6936218e-01
  -2.5226434e-01  -4.0593227e-01
  -1.2920539e+00   1.2206667e+00
   1.2500004e+00  -5.4320137e-01
   5.2253924e-01  -9.3518815e-01
  -2.9889808e-01  -6.2961796e-01
   1.1490339e+00  -6.3720571e-01
  -1.3455202e+00   1.3862144e+00
   1.2705796e+00  -1.3589587e+00
   4.7261102e-01  -9.0154383e-02
  -1.7281185e+00   1.5516281e+00
   1.5231933e+00  -1.5142633e+00
  -3.2606099e-01   1.9932519e+00
   7.1600048e-01  -3.4620038e-01
   1.2687116e+00  -2.5925735e-01
  -2.6789116e-01   6.4778725e-01
   1.4882825e+00  -9.4710844e-01
  -1.0357461e+00   1.5032855e+00
   1.0976775e+00  -2.3429906e-01
   3.2909728e-02  -7.9559107e-01
   8.1861579e-01  -1.6201413e+00
   3.5098069e-01  -9.5423677e-01
   4.8140952e-02   3.1199940e-02
   1.2588189e+00  -1.4433839e+00
   1.4439897e-01   8.4712252e-01
  -1.3424808e+00   1.2759481e+00
  -1.7166625e-01   1.3917457e-01
  -5.9191261e-01  -4.6587461e-01
  -3.3663660e-01  -5.9104856e-01
   8.2044184e-01  -5.2060574e-01
   1.2557887e+00  -1.7469250e+00
   2.2430232e-02  -5.3602839e-03
  -9.4005229e-01   3.9462666e-01
   1.7702628e+00  -9.0710572e-01
  -9.7219766e-02   3.0316781e-01
  -2.6616975e-01  -2.6846768e-01
  -1.2406822e+00   1.0038098e+00
   1.5903763e+00  -2.5819620e+00
   1.1073883e+00  -2.4112005e+00
   1.3532389e-01   2.3092488e-01
   9.1275527e-01  -3.1032525e+00
   8.1740614e-01   1.5376613e-01
   1.3464885e+00  -1.3425277e+00
   9.5709426e-01  -5.4786220e-01
   8.9323644e-01  -8.0879017e-01
  -1.6106301e-01  -6.3160916e-01
   1.3040862e+00  -1.0803427e+00
  -2.0032925e-01   7.3456218e-01
  -8.2093123e-02   1.5799334e-01
   5.0661352e-01  -3.6919688e-01
   9.6386335e-01  -1.0931868e+00
   5.2196498e-01  -1.2198659e+00
   5.1876491e-01   1.1869053e-02
  -1.5704068e+00   1.0212613e+00
   1.8309901e+00  -1.1642380e+00
  -8.9570740e-01   1.2792301e+00
  -1.0637700e+00   9.4810210e-01
  -4.3070858e-01   3.0492749e-01
   1.2293469e-01   1.2935060e+00
  -5.0950277e-01   1.4165937e+00
  -4.9819906e-01   7.1233075e-01
  -8.7495500e-01  -8.2847222e-02
  -1.1573741e+00   1.6225599e+00
   8.8451474e-01  -7.1162398e-01
  -7.8438200e-01   8.6047190e-01
   2.7965519e-01   5.7196608e-01
  -9.1558660e-01   3.0217766e-01
   1.2292710e+00  -1.3573573e+00
  -7.5612065e-02   2.7821665e-01
   1.5316963e+00  -2.1473736e+00
   6.0430456e-01  -5.1449406e-01
   1.3772984e-02  -8.2855872e-01
   6.2271214e-01  -4.0556611e-01
   6.2703526e-01   3.0472571e-02
   2.1288888e-01   7.6345048e-01
   4.2951326e-01  -1.2668109e+00
   1.0137371e+00  -5.1833465e-01
   1.0114539e+00  -8.9443654e-01
   1.1160756e+00  -3.3907180e-01
   9.2632625e-01  -6.0345105e-01
  -4.7618552e-01   5.6122381e-01
  -1.9372281e+00   1.4054503e+00
  -1.3540039e+00   1.8989114e+00
  -2.5224224e-01   2.0097326e-01
  -3.5572747e-01  -7.3565090e-02
   3.9300351e-01  -1.5046897e+00
  -1.5321366e-01   1.5265913e+00
   5.5095488e-01  -1.2154421e-01
   1.3500811e+00  -7.8660997e-01
   1.3731345e+00  -1.3886661e+00
  -2.8542538e+00   1.3068043e+00
   1.0403414e+00  -7.4646465e-01
  -2.5011774e+00   2.0045506e+00
  -1.0831387e+00   1.8437799e+00
  -1.6937448e+00   1.0188921e+00
   3.0197326e-01  -3.4561908e-01
   4.1126596e-01  -3.2491960e-01
   1.1798073e+00  -6.3061581e-01
  -1.4964193e+00   1.3028065e+00
  -5.6423402e-01   8.0584576e-01
   9.0681504e-01  -8.1207769e-01
  -1.5208286e+00   9.7663734e-01
  -4.4696325e-01   1.3927683e+00
  -4.6051483e-01   9.8431556e-01
   1.8794333e-01  -1.2717345e-01
  -2.1810997e+00   1.9790061e+00
  -1.0040414e+00   5.2801864e-02
   9.1570360e-01  -9.4778695e-01
  -8.3840595e-01   1.4937997e+00
   2.5811490e-01  -1.3035117e-01
   2.4352073e-01  -1.6460329e-01
  -1.0153556e+00   3.6362050e-01
   4.4294893e-02  -4.8755913e-02
   2.4967261e-01  -1.2842352e+00
   1.4676601e+00  -2.0944373e+00
  -1.3287623e+00   2.0512923e+00
  -2.3900746e+00   1.4095209e+00
   1.0076422e-01   4.1327229e-01
   1.2962509e+00  -1.5887915e+00
   1.8039037e-01   2.1897778e-01
  -1.0535872e+00   5.5656728e-01
  -8.5002174e-01   1.4540862e+00
   1.8049548e+00  -1.6473818e+00
   6.0121197e-01  -8.7209339e-01
  -1.2585527e+00   7.2650867e-01
  -4.1935047e-01  -1.8478857e-01
   1.3143202e+00  -8.5093878e-01
   6.7004157e-01  -4.8779321e-02
   9.9081303e-01  -1.0482303e+00
   1.1388392e+00  -2.6040743e+00
   1.1684635e+00  -2.1007945e+00
  -7.9699306e-01   1.2804728e+00
   1.5372114e+00  -2.6471210e+00
   4.1714412e-01  -1.7858102e-01
   1.2231222e+00  -2.0154645e+00
  -1.5126936e+00   2.2129659e+00
   1.1550538e+00  -7.3265256e-01
  -8.5940040e-01   7.1324152e-01
   2.5979256e-01  -4.9849721e-01
   1.2631785e+00  -2.5587261e+00
   1.6720357e-01   5.5113962e-01
   1.0978655e+00  -9.8414129e-01
  -4.6461749e-01   8.2827848e-01
   1.1755465e+00  -1.0865293e+00
   4.4839972e-01  -5.2321432e-01
   1.4000098e+00  -3.8252464e-01
   7.5316947e-01  -1.4643551e+00
  -1.5550260e-01   4.3854176e-01
   1.2377441e+00  -1.9181568e+00
   8.5537502e-01  -1.8299330e+00
  -1.3531825e+00   1.7825009e+00
  -4.0394343e-01   4.9205614e-01
   1.1145601e-01   5.8658646e-01
   1.0429101e+00   3.8865465e-01
   3.0750822e-01  -6.0943155e-01
   1.2800061e-01  -1.7962751e-01
  -4.0325638e-01   5.7416044e-01
   7.0226013e-01  -1.8956992e-03
   5.1958250e-01   2.3792989e-01
   2.5158029e-01   6.0425764e-01
   3.1553200e-01   3.1116490e-01
  -1.7034244e+00   2.1593712e+00
  -9.9729937e-03  -1.5203859e-01
   1.1231762e+00  -7.0147780e-01
  -1.9322992e+00   2.3229412e+00
   7.3153552e-01  -4.2447227e-01
   1.1319854e+00  -1.9332364e+00
  -9.1465069e-01   9.3873879e-01
   1.4230446e+00  -1.5410213e+00
   6.4353804e-01  -4.8653740e-01
   1.0261824e+00  -1.1544426e+00
  -1.8630087e+00   5.8450669e-01
  -2.2581127e+00   1.4685535e+00
  -8.8588486e-01   3.8571847e-01
  -1.0417721e+00   1.3616931e+00
  -4.7881666e-01   1.1338559e+00
  -1.7590864e+00   1.2969342e+00
   1.1190823e+00  -6.7257804e-01
   5.5884692e-02  -5.5185028e-01
   3.8237724e-01  -2.2199371e-02
  -1.7317633e+00   8.8139529e-01
   8.1359502e-01  -1.2401783e+00
   1.5087295e-01  -3.4451747e-01
   3.1068772e-01  -3.1875229e-01
   7.6547988e-01   3.9997755e-02
  -8.1641349e-02   1.1672424e-01
   1.3252024e+00  -7.9977455e-01
   1.2929643e+00  -6.7286806e-01
  -1.6713636e-02  -1.1161977e-02
  -1.2713964e+00   9.8224559e-01
  -3.7617989e-01   8.6688373e-01
   9.9095402e-01  -8.2326376e-01
  -6.4714416e-01   4.5064284e-01
   4.4275429e-01  -5.4261120e-02
   5.0904140e-01  -1.5456526e+00
   4.4390858e-01  -1.0025884e+00
   5.0828709e-01  -1.9321816e+00
   2.7882137e-01   3.5556804e-01
  -1.4278555e+00   1.4095353e+00
   1.3483301e-01   1.4315167e+00
   1.0843224e+00  -1.4546323e+00
   2.8505944e-01   3.1001963e-01
  -1.6458387e-01   1.8201856e+00
  -1.5457264e+00  -3.4529683e-02
   1.0265357e+00  -6.4820208e-01
   8.6825322e-01  -4.8909256e-01
   1.1319459e+00  -1.5001575e+00
   5.2391637e-02   8.9586760e-01
   7.7151003e-01  -1.0254438e+00
   1.0761229e+00   2.6273324e-01
  -1.2422599e-02   4.0312241e-01
   2.7991315e-01  -1.7569491e-01
   9.4727650e-01  -9.5662558e-02
  -7.6295188e-01  -2.9502341e-01
  -5.1230845e-01   1.7225333e-01
  -8.7092601e-01   5.1811810e-01
  -1.8943579e+00   2.3393953e+00
   8.2747979e-01  -4.1001819e-01
  -2.5665886e-01   2.3983847e-02
   1.1074264e+00  -1.5528776e-01
  -8.4867685e-01   1.3199073e+00
   7.6021301e-01   2.3441746e-01
  -8.7722725e-03  -2.2248428e-01
   1.1639442e+00  -2.6203989e+00
   1.3934461e+00  -1.6103882e+00
  -1.6618348e+00   1.0725785e+00
   1.3709708e+00  -1.3153097e+00
  -5.6351744e-01   8.1550203e-01
   1.6496372e-01   3.9401009e-01
   1.2592442e+00  -5.0062989e-01
  -2.5176313e+00   1.9212018e+00
   2.8790122e-01  -3.9107166e-01
  -4.4726266e-01   4.5786609e-01
   1.9573096e-01  -8.5012201e-02
   9.2341308e-01   3.1003969e-01
  -1.1547308e-01   1.0637076e+00
  -2.3071179e-01   6.6921496e-02
   8.9951346e-01  -1.0365679e+00
  -1.6568015e+00   1.7319947e+00
   3.1073085e-01   9.6711997e-01
   1.4854797e-02   6.8663614e-02
   1.1435835e+00  -1.0733405e+00
   1.9967781e-01  -1.4173724e+00
   1.0437396e+00   8.7680284e-02
   1.1992494e-01   1.0539621e-01
   8.8836969e-01   1.9198766e-02
  -2.3428060e+00   2.0955340e+00
   1.7359448e-01  -1.0288024e+00
   1.6081833e-01   2.9014816e-01
  -2.5126165e+00   1.5611466e+00
  -7.2996601e-01   3.6720145e-01
  -1.1299138e+00   9.3131049e-01
  -4.9469852e-01   8.5295163e-01
  -6.7334942e-01   1.4103680e+00
  -4.3059842e-01   3.3211317e-01
   7.7809722e-01  -1.1089604e+00
   2.1051170e-01   7.7458604e-01
  -1.7364314e+00   1.7645064e-01
   8.5594768e-01   4.3962133e-02
  -6.3313671e-02   1.1042180e-01
   8.9237653e-01  -2.2306944e-01
  -1.0892684e+00   1.0574341e+00
   7.5799650e-01  -1.0938014e+00
  -1.4402231e-01   1.2396662e-01
  -2.2720240e+00   2.6835200e+00
  -1.0284503e+00   1.5902614e+00
   1.2603534e+00  -2.0459749e+00
   1.4258426e+00  -1.0196640e+00
  -4.5461224e-01   4.1484820e-01
  -6.6965664e-01   1.8365752e+00
   4.2825332e-01  -6.9565149e-01
   6.3593906e-03   1.1806182e+00
  -3.6412661e-01   1.2354401e+00
   1.0973239e+00  -5.4065342e-01
   2.4091845e-02  -1.2770547e-01
   9.8523224e-01  -3.6403823e-01
   1.3271567e+00  -8.0710920e-01
  -2.1926834e-01   1.2635555e+00
  -3.0872659e-01  -3.9842418e-02
  -3.4156265e-01   1.0393789e+00
   1.8667916e-01  -4.7334821e-01
   1.4251487e+00  -2.2860365e+00
  -5.8748865e-01   1.6811099e+00
  -9.4633242e-02  -1.0222357e-01
  -1.5664454e+00   1.8912550e+00
  -1.2270219e-01   9.0984996e-01
  -5.4537542e-01   6.2182813e-01
   1.2534436e+00  -9.0494377e-01
  -1.1163947e+00   2.6423904e+00
  -1.3743831e+00   1.0423133e+00
   2.9734961e-01  -1.0334402e+00
   1.2861319e+00  -8.0810042e-01
   4.5552288e-01   8.4763572e-01
  -8.5565584e-01   8.4429480e-01
   1.3338750e+00  -2.4711428e+00
   5.3928125e-01  -4.6433348e-01
  -1.7740870e+00   2.2103678e+00
   4.9856200e-01  -3.5451187e-01
   9.6522020e-01  -3.3073942e-01
  -2.6995291e+00   3.2409774e+00
   2.9195272e-04  -9.4898594e-01
   8.4339416e-02   7.1084812e-01
  -2.7495537e+00   1.9540592e+00
  -5.5432650e-02   1.7727397e-01
  -8.5488219e-01   8.7694761e-01
   1.2632935e+00  -1.3033489e+00
   3.5008553e-01   3.8355916e-02
   2.0713303e-02   5.2437793e-02
  -1.0087919e+00   2.3469878e-01
  -1.2485818e+00   1.6414869e+00
   6.2885454e-01  -5.0474065e-01
  -3.1165358e-01  -1.0554255e-01
   1.3178091e+00  -1.2914687e+00
  -4.7200076e-01   6.9247195e-01
   1.2607084e+00  -1.0224716e+00
  -8.0293180e-01   1.5588670e-01
  -1.1789979e-01  -3.5889086e-02
   5.5436400e-01  -1.8847704e-01
   7.5531070e-01  -9.8696537e-01
   2.1823462e-01   1.6754847e-02
   1.0599836e+00  -1.4091241e+00
   2.7087764e-01   3.7283174e-01
   1.3169547e+00  -1.2825094e+00
  -5.2745483e-01   6.8371863e-01
  -9.7265529e-01   1.0829694e+00
   1.0027549e+00  -2.6407343e+00
  -1.8764875e+00   1.4101240e+00
  -2.0108434e+00   1.9827620e+00
   1.2607411e+00  -8.9491674e-01
   6.4146331e-01  -2.0920379e-01
   5.5223826e-01  -1.9242347e-01
  -2.1017860e+00   2.4291955e+00
   1.2730758e-01   5.0113736e-01
  -1.5235676e-01   4.4393034e-01
   7.3349341e-01  -1.9066164e-01
  -2.5675475e-01   8.6881755e-01
  -1.7631886e-02   5.5221576e-01
   9.2358996e-01  -3.3483532e-01
   6.4666941e-01  -1.1566293e+00
  -2.0669691e+00   1.7658588e+00
  -2.4528836e+00   2.8597931e+00
  -7.1903557e-01  -5.8605388e-01
   1.4727114e-01   5.0324181e-01
  -1.1440241e+00   7.3984391e-01
  -3.2591305e-01   1.0169040e+00
  -9.6648961e-01   4.4199922e-01
  -9.2710823e-01   1.7126421e+00
   5.1418453e-01   7.0619515e-03
   9.2084036e-02   1.0452629e+00
   3.4640735e-01  -9.2607335e-01
  -5.6226794e-01   3.8434290e-01
   5.2772236e-01   4.7154420e-01
   7.4731164e-01  -1.0629819e+00
   1.4387117e+00  -1.1863156e+00
  -2.8348693e-02  -4.3296628e-01
   1.2118882e+00  -2.3099252e+00
  -9.8012806e-01   1.2014580e+00
   3.5532548e-01  -1.0482742e+00
   3.0370224e-01  -7.0720917e-01
  -2.2782014e+00   1.5484727e+00
  -5.4281642e-01   1.2690104e+00
   5.3588933e-01  -1.1007252e+00
  -3.6644067e-01   3.6151400e-01
  -1.6720246e+00   1.7652565e+00
   1.5493111e+00  -1.2161992e+00
  -9.5913910e-01   1.5680207e+00
  -1.1743479e+00   8.2487803e-01
   7.7200023e-01   7.3305353e-01
  -5.6597012e-01   1.1683676e-01
  -1.3080164e+00   1.8275349e+00
  -1.0220775e+00   1.2752662e+00
   3.7837853e-01  -8.5827368e-01
  -2.3362506e-01   6.8285235e-01
   7.9434672e-02  -9.6580601e-01
   5.8066339e-01   2.5623110e-01
   1.4198377e+00  -1.7073666e+00
  -1.7932375e+00   1.2966852e+00
   8.3913387e-01  -1.6879797e+00
   4.2261436e-01   3.1177083e-02
   1.6547976e+00  -1.4566506e+00
  -1.6963804e+00   1.9070366e+00
   1.1712195e+00  -2.3304588e+00
   3.6798361e-01  -9.9270791e-03
   1.1882026e+00  -2.2431515e+00
   5.1961890e-02  -5.5023907e-01
  -1.7069105e+00   2.2736382e+00
   6.5412605e-01  -6.9108782e-01
   1.1393515e+00  -7.0348235e-01
   2.5583754e-01  -1.1304151e+00
  -6.3415722e-01   1.8811195e+00
  -1.1173626e+00   9.5545896e-01
   1.3385054e-01   7.6977753e-01
  -2.7335493e-01   1.9226443e-01
   6.4147971e-01  -4.5560811e-01
   2.7594457e-03   4.5175470e-01
   1.1496812e+00  -8.0620272e-01
   3.8431078e-01  -6.5664301e-02
   5.7294572e-01   5.6249582e-01
   7.7803359e-01  -3.5171587e-01
  -5.3989514e-01  -1.9657194e-01
   1.8683217e-01   8.7562647e-01
  -1.9026026e+00   2.5974230e+00
   2.2396230e-01  -1.0207681e-01
  -1.4095545e+00   1.0634835e+00
  -7.7748548e-01   2.5922193e-01
  -2.8119592e-01   6.4734275e-01
  -6.5195368e-01   1.2044210e+00
  -9.8484778e-01   1.9514048e+00
  -1.1969724e+00   4.8715011e-01
  -1.4278432e+00   1.4041411e+00
  -7.1186837e-01   3.0190250e-01
   1.1523406e+00  -6.2882548e-01
   1.3807588e+00  -1.8768586e+00
   4.3854827e-01  -8.9752190e-01
   1.3602511e+00  -1.7900661e-02
   1.3518339e+00  -7.7129573e-01
   5.6259367e-01   1.1236256e+00
  -1.6008819e+00   7.6814625e-01
   7.7902070e-01  -9.3458089e-01
   1.0732220e+00  -1.0194752e+00
   1.3045979e+00  -1.7544369e+00
   5.0388898e-01   2.2475383e-01
   6.0078591e-01   2.1226841e-01
  -1.5096375e+00   6.2103539e-01
   5.5950835e-01  -4.2832085e-01
  -1.9584265e+00   2.1233195e+00
  -1.3124504e+00   8.6470620e-01
   8.5608808e-01  -1.6351287e+00
  -1.1884618e+00   5.3111607e-01
   8.9589595e-01  -1.2935576e+00
   7.7806508e-01  -4.5862357e-01
  -1.3128866e+00   1.2757497e+00
   5.7368475e-01   4.5133278e-01
  -1.2102532e+00   3.8260559e-02
  -1.4560816e-01   1.2908352e-01
   7.3703022e-01  -1.4614488e+00
   1.1245047e+00  -1.9762620e+00
   1.1320852e+00  -1.4373879e+00
   1.3849477e-01   3.2573430e-01
   8.7987906e-01  -7.6958759e-01
  -3.5717536e-01  -1.4405789e-01
  -5.8051213e-01   1.5857536e+00
   1.0375966e-01  -1.4708164e-01
  -2.6234449e+00   1.4656967e+00
   8.8259226e-01  -5.7998376e-01
   1.1229703e+00   1.8467059e-01
  -2.0089201e+00   1.2364615e+00
  -1.5049233e+00   1.7090525e+00
  -4.0856182e-01   4.4277691e-01
   9.6014582e-01  -3.1172528e+00
  -1.8569839e+00   9.6665763e-01
   8.1268047e-01   9.8156745e-01
  -2.2338477e+00   2.8137781e+00
   1.3198024e+00  -1.9536544e+00
  -2.3323908e+00   3.1027805e-01
  -1.3202006e+00  -1.6844296e-02
   9.9353135e-02   3.6056226e-03
   2.9380245e-01  -1.1937866e+00
   1.6895220e-01   7.6508031e-01
   8.1314018e-01  -7.2939925e-02
   1.5707857e+00  -1.7262861e+00
  -1.5998253e+00   2.1064791e+00
   1.2663713e+00  -2.4031308e+00
   2.2469262e-01   7.8923584e-04
  -5.2370058e-01   3.3770169e-01
  -6.6105286e-01   4.8078927e-01
   4.8097139e-01  -5.0636771e-01
  -5.6232206e-01  -1.1420610e-01
   1.3180086e+00  -1.1411855e+00
   3.2231831e-01   7.0897327e-01
   1.0428963e+00   7.3487038e-01
  -7.0084126e-01   9.7260058e-02
  -1.7063498e+00   1.4114285e+00
  -1.0658736e+00   4.6312568e-02
   6.6967866e-01  -7.0662562e-01
  -1.4517397e+00   1.1828358e+00
   3.3392379e-02  -1.7330873e-02
   2.9502485e-01  -1.5162421e+00
   1.1510548e+00  -2.1927152e+00
   6.8143273e-01  -1.1465756e+00
  -7.5838666e-02   3.8672363e-01
  -6.8714701e-02  -1.3325953e+00
   3.7324427e-01  -1.5123073e+00
  -1.9744576e+00   2.4252340e+00
  -1.6936705e+00   2.7797364e+00
   9.9373793e-01  -1.9684339e+00
  -2.7263044e-01   6.2087417e-01
  -1.4893430e+00   1.5369239e+00
  -3.5653598e+00   3.7349860e+00
   1.3494265e+00  -1.3492427e+00
  -5.4914719e-02   4.9205200e-02
  -2.4759637e+00   1.5850663e+00
  -1.7211653e+00   6.1094929e-01
   1.3876144e+00  -9.9187548e-01
   1.0510517e+00  -2.5679826e+00
   1.2931488e+00  -1.8649116e-01
  -9.1986802e-01   2.9773749e-01
   1.9401576e-01  -2.7241253e-01
  -6.1430296e-02   8.5521990e-01
   5.3464300e-01  -3.6672927e-01
   1.5575084e+00  -1.3552720e+00
  -2.3195504e+00   2.4932974e+00
   7.6484371e-01  -3.3600641e-01
   7.9516017e-01  -1.2706238e+00
  -1.1931551e-01   4.1855481e-01
   2.2722796e-01   7.3091399e-02
   9.0096949e-01  -1.2088034e-01
  -4.5669716e-01   1.0543023e+00
  -1.5025502e+00   2.0707434e+00
   6.5445856e-02  -9.5053935e-01
  -1.8933494e+00   1.2056232e+00
  -2.2187757e-01  -1.1323011e-02
  -2.2549163e+00   1.4604463e+00
  -1.1104709e+00   1.3775922e+00
   6.5641958e-01   4.4910214e-01
  -4.8102762e-01   1.1108301e+00
  -2.0484715e+00   1.3475336e+00
  -1.1371136e+00   6.0191332e-01
   4.3351126e-01   7.9235457e-01
  -1.8241197e-01   1.7775587e-01
   9.3543684e-01  -4.8284729e-01
   1.0901621e+00  -1.5040381e+00
  -6.7913441e-01   1.0302380e+00
  -7.9755458e-01   1.5507164e+00
   7.8016562e-01  -9.3694400e-01
  -2.8263736e-01   5.3664759e-02
   9.0716759e-01  -6.2919008e-01
  -3.1549897e-01   2.8976725e-01
   1.1743743e+00  -6.9122425e-01
   9.3487140e-01  -9.7857251e-02
  -2.2224439e-01   5.3278266e-01
   1.1102537e+00  -2.6861343e+00
   1.0266442e+00   2.2641546e-01
  -6.0594884e-01   5.1172706e-01
   8.1289458e-01  -4.1355555e-01
   1.4426209e+00  -1.2314949e+00
   7.5435637e-01  -8.3672208e-01
   1.0833496e+00  -4.7271360e-01
   1.4849335e-01  -1.2502543e+00
   2.3702724e-01  -6.0002341e-02
   4.6978649e-01  -5.2764516e-01
   2.1314065e-01   3.5332257e-01
   7.6280367e-01   1.6610463e-01
  -7.2547552e-01   1.0197021e+00
   9.9406043e-01  -3.1612509e+00
   9.9661598e-01  -1.9021547e+00
   2.6185431e-01  -6.3387474e-01
   1.1256934e+00  -2.4763858e+00
  -2.1376388e+00   2.7124011e+00
   8.4081623e-01  -6.1529703e-01
   2.9987582e-01   3.0378478e-01
   1.0737076e+00  -4.7390068e-01
  -2.9030262e-01   8.6590587e-01
   2.8052928e-01  -9.0426938e-01
   1.2192248e+00  -1.3719911e-01
  -1.7738089e+00   1.3693955e+00
  -1.0240193e+00   1.3698546e+00
   6.2562770e-01  -3.2320213e-01
   9.2039503e-01   5.3970976e-02
  -2.4220877e+00   1.4525125e+00
  -1.6913328e+00   1.0396126e+00
  -9.8581585e-01   1.3658366e+00
  -1.1026100e+00   2.6082953e-01
  -1.8589186e-01  -6.8051945e-02
  -2.1800943e-01   2.0054520e-02
   3.1141667e-01  -5.1751861e-01
   8.4792782e-01  -1.7123435e+00
   1.4487025e+00  -2.3045317e+00
  -2.0330775e-01   1.2701209e+00
  -7.3787358e-02   7.9577652e-01
   4.7400931e-01   8.4088836e-01
   6.9444171e-01  -4.9461036e-01
  -3.2604534e-01   8.1263621e-01
   9.8635109e-01  -3.8076387e-01
   1.3318653e+00  -7.2570311e-01
  -1.1423235e+00   1.4699405e+00
   8.7032639e-01  -1.3610046e+00
   7.8097777e-01   1.2195038e-01
  -1.5589664e+00   2.4921820e+00
   2.3392579e-01   1.3314494e-01
   8.3510080e-01  -8.8393511e-01
   1.6186806e-01  -2.6185249e-01
   2.8705994e-01  -1.0803003e-01
   2.0197736e-01  -6.3876859e-01
   4.5105911e-01   6.9987288e-02
   1.1615475e-01   4.9339971e-01
   1.1476996e+00  -8.4349895e-01
   1.4331114e+00  -2.9313967e+00
   1.3314515e+00  -2.6411448e+00
   3.0804236e-02   8.1619856e-01
   9.5053878e-01  -6.2111218e-01
  -5.0954459e-01   4.4303402e-01
  -1.7331332e+00   1.6846795e+00
  -6.9403239e-01   7.0585492e-01
  -4.7639762e-01   3.8386073e-01
  -2.2316790e-01   2.9014485e-01
   2.2319701e-01   8.8761357e-02
   6.6726620e-01  -1.6500125e+00
  -1.5469012e+00   1.3056860e+00
  -1.7866175e+00   1.2742994e+00
   2.8665503e-01   7.1929209e-01
  -1.5957054e-01  -1.1290556e+00
  -2.4892775e-01  -2.4586180e-01
   8.6869689e-01  -5.9037104e-01
  -7.3174104e-01  -2.8282951e-02
  -8.4266990e-02   1.6048125e-01
   8.4429628e-01  -1.5520020e+00
   4.1963284e-01   2.4947082e-01
  -1.4363436e+00   1.3175600e+00
   3.5718366e-01   6.6006862e-01
   1.6409133e+00  -3.1581542e+00
   1.7006339e-01  -1.0266406e+00
   1.1066062e+00   3.1677469e-01
   4.2528092e-02  -7.5052009e-02
  -9.3769663e-01   9.3746143e-01
  -1.8440949e-02  -1.0768151e-01
  -8.8889060e-01   1.7101209e+00
   6.0893542e-01  -5.2023945e-01
  -1.3425315e+00   1.6794137e+00
   1.0619383e+00  -8.6806564e-01
   1.3989979e+00  -2.8054236e+00
  -9.5065192e-01   1.0901164e+00
  -3.7526954e-01   1.5538787e+00
   6.4525696e-01  -2.3771783e-01
   6.7425492e-01  -1.0071483e+00
   9.6281059e-01  -1.3706347e+00
   1.2618814e+00  -1.6362976e+00
   9.4633568e-01   4.7554700e-01
   8.5362529e-01   2.2406471e-01
   1.7797522e-01  -1.0330992e+00
  -1.2446239e+00   1.0884767e+00
  -9.8331499e-02   4.6348008e-01
   3.4196288e-01  -6.7088320e-01
   6.2532784e-01  -1.5523190e+00
   1.1900848e+00  -1.3191372e+00
   9.1474367e-01  -7.1597385e-01
   3.1958784e-01   5.9423889e-02
  -2.0765531e+00   3.3209247e+00
   9.7986772e-01   2.7608559e-01
  -5.9989962e-01   1.3498029e+00
   6.1403320e-01  -1.9289190e-01
  -6.9103880e-01   2.2521534e+00
   3.6869690e-01   2.4014214e-01
  -7.8596681e-02  -9.0681045e-01
   9.1418221e-01  -2.2987476e-01
   7.6264200e-02   6.4899924e-01
   1.2332705e-01  -5.9420155e-02
   9.4129334e-01  -2.3504391e+00
   9.3476408e-01  -1.7664306e+00
   1.1271042e+00  -1.9712509e+00
  -1.0739439e+00   1.1692115e+00
   9.4503491e-01  -1.1928783e+00
   1.3247837e+00  -1.5074316e+00
   2.9404857e-01   4.3905077e-02
  -2.4173551e+00   1.2571859e+00
   5.7474943e-01  -7.2408818e-01
   1.1050294e+00  -1.8354935e+00
  -1.4587811e+00   1.3991399e+00
