   1.1492742e+00  -1.0521827e+00
   1.9179567e-01  -1.3300872e+00
   1.4262734e-01  -1.6950209e+00
  -9.6737287e-01   3.0984384e-01
  -1.6209766e+00   7.3845401e-01
  -1.1519638e+00   4.1928438e-01
  -4.9810909e-01   4.0022726e-01
   2.3094672e-01   1.0027578e+00
   8.2691692e-01   5.7591932e-01
  -6.0355287e-01   1.5928616e+00
  -5.8973693e-01   1.2556552e+00
   1.8838349e+00   1.7294460e-01
  -2.8652457e-01   9.8541005e-02
  -3.7282990e-01   7.3452857e-01
  -2.6831636e-03   9.7939959e-01
  -4.7780767e-01  -1.3757416e+00
   5.0710936e-01   1.9263935e-01
  -1.1339531e+00  -7.4722800e-01
   9.7587328e-02   1.9152062e+00
   2.9197569e+00  -2.2490994e+00
  -1.1165092e+00   9.5766194e-01
  -8.2382215e-01   9.3987861e-01
   1.9360955e+00  -4.5748271e-01
  -2.4574114e+00   6.2581364e-02
   1.3606563e+00   3.3897643e-01
   7.6604563e-01  -1.3656009e+00
  -1.6963676e+00  -5.4534012e-01
   1.0403129e+00  -7.6276697e-02
  -9.5081851e-02  -1.3455177e+00
   2.4045159e-01  -1.7429202e+00
  -1.1435598e+00  -1.9028695e-01
  -1.0775004e+00   1.6782084e+00
   1.8730447e+00  -1.9110591e+00
  -1.9113300e+00   1.0790236e+00
   2.1004708e-01  -3.5071539e-01
   1.6304831e+00  -8.0700195e-01
  -1.3229953e+00  -1.6795710e-01
  -1.0068383e-01  -1.4329578e+00
   6.7116108e-01  -1.3917619e+00
  -9.5531157e-01   1.4367254e+00
  -4.0265627e-01  -4.8133077e-01
  -3.3626530e-01  -1.1596584e+00
   1.5128292e+00  -3.5634326e-01
   9.7310397e-01  -1.3400445e-01
  -2.8566848e+00   1.2619795e+00
   1.6549753e+00   3.7508810e-01
   1.9145328e-01   1.1473414e+00
  -3.4537110e-01  -4.3458614e-01
   1.0728463e+00  -3.3109450e-01
  -4.9432348e-01  -9.0427644e-01
  -1.2470036e+00   1.1642487e+00
   7.5067066e-01   7.9592231e-01
  -1.4700231e-01   6.6292539e-01
  -8.6193364e-01   1.1656256e+00
   1.4993291e+00   1.1301674e-01
   8.5415396e-01  -1.8217657e+00
  -1.0853392e+00   8.2649795e-01
   1.5931554e+00   3.4245436e-01
   3.2351006e-01   4.3070368e-01
  -1.5605006e+00  -3.2995165e-01
   3.2468827e-02  -5.2810984e-01
  -9.7173380e-01   3.9873434e-01
   4.6343769e-01   7.5252746e-01
  -1.8662360e-01  -1.0541093e-01
  -1.1370572e+00   1.4413846e-01
  -2.1342421e+00   5.8129028e-01
  -6.3112896e-01  -2.9320594e-01
  -1.0534381e+00  -4.2256278e-01
   2.4366586e+00   5.1461319e-01
   2.3985371e-01   1.0967800e+00
   1.0254435e-01  -4.7949501e-01
  -2.3945697e-01   2.1426723e+00
   5.4984366e-01  -3.6259878e-01
   1.3500435e+00  -2.8908822e-01
   7.0684879e-01   2.8243301e-01
   1.0850651e+00  -8.2273148e-02
  -2.3248915e-01   9.5831529e-01
   3.1181828e-01  -1.0636553e+00
   9.2790015e-01  -4.8471217e-01
  -1.9911097e+00   1.5942446e+00
   9.1210631e-01  -1.7851184e+00
  -2.5075781e-02   1.3471969e+00
  -1.6131832e-01  -4.6128744e-01
   5.9126143e-01   9.3613141e-01
  -1.4599518e+00   1.0135864e+00
  -1.4701286e+00   7.4801293e-01
   1.0531013e+00   5.9155952e-01
   1.6249549e-01   5.3834414e-02
  -5.9000370e-01  -2.7513322e-02
   8.9415932e-01  -1.1830724e+00
   3.8301924e-01   7.9619370e-01
  -4.9878305e-01   9.3688338e-01
  -1.6852656e+00   1.3432702e+00
   2.3048438e-01  -1.7927165e+00
   1.4186663e+00   6.6461062e-01
  -6.6523232e-01   4.9524813e-03
  -1.2322421e+00  -3.2802725e-01
   3.3942971e+00  -8.3006725e-01
   1.5490578e+00  -1.7781657e+00
   7.1854489e-01  -1.4445280e+00
   2.1441965e+00  -2.3662026e+00
   8.0597692e-01   6.8594320e-01
   6.6462874e-01  -1.2431893e+00
  -2.0855773e+00   1.4635224e+00
   1.6670528e+00   9.7272900e-02
  -1.1393741e+00   6.6604362e-01
  -6.9484483e-01   6.3843042e-01
  -2.7853498e-01   5.0573660e-01
   2.6792204e+00  -2.8134434e+00
  -1.3070274e+00   1.0025256e+00
  -1.3919106e-01  -7.8387716e-02
  -1.5062900e+00   3.3625334e-01
  -3.3738943e-01  -1.0800660e+00
  -6.4213960e-01   3.0604247e-01
  -1.0557378e+00   1.1979685e+00
   5.5714080e-03  -1.2450503e+00
   1.8396227e+00  -2.0101739e+00
   1.4642418e+00  -9.0718517e-01
  -3.6557021e-01   1.0219775e+00
  -7.1421833e-01  -3.6197175e-01
   5.4978760e-01  -8.6013911e-01
   6.4391998e-02   9.6637009e-01
  -3.2028357e-01   7.0310664e-01
   7.2246292e-01  -3.5923303e-01
  -2.8958248e-03   1.0978138e+00
  -2.5528918e+00   1.5273699e+00
   4.7904953e-01   1.1126691e+00
  -3.1417872e-01   9.3374263e-01
  -1.6298788e+00  -3.9093206e-01
  -2.5457058e+00   1.5911557e+00
   1.1315026e+00  -5.2633537e-01
  -2.4242476e-01  -6.6975987e-01
  -6.4516189e-01   1.1586200e+00
   1.7731817e-01  -3.4021900e-01
  -6.9255669e-01  -5.2101422e-01
  -9.8884273e-01  -2.1762443e-02
  -6.9376337e-01  -1.0125571e+00
   9.0055513e-01  -6.5485547e-01
  -2.9647854e-01   7.0085579e-01
  -1.9258157e+00  -9.4485010e-01
  -5.2323415e-01   1.1888453e+00
   9.8372050e-02   7.2434937e-01
   2.2243840e+00  -1.5496151e+00
  -1.2799019e-01  -4.9157909e-01
   3.2356580e-01  -6.6086288e-01
  -9.8226491e-01  -4.5127320e-01
  -1.1130260e+00  -3.7173005e-01
  -3.4441071e-01  -7.0116510e-01
   1.0888824e+00  -2.0373175e+00
   1.6276074e-01   1.1454059e+00
   7.9812370e-01   5.4669104e-01
   4.7550128e-02  -1.1499215e+00
   2.9608280e-01  -4.8368004e-01
  -8.0000251e-01   6.0620219e-01
   2.3469793e+00   1.3285204e-01
  -6.0639269e-01   9.1641892e-01
  -6.4411132e-01  -1.2894300e+00
  -2.8060249e+00   1.2790315e+00
  -2.0202684e+00   2.7690188e-01
   6.6184566e-01  -6.8562611e-01
   6.6870718e-01   6.2002995e-01
  -2.1744117e+00  -3.8138056e-01
   1.1529007e+00   2.0875344e-01
  -2.2869869e-01   1.3400279e+00
   1.8527451e+00   8.9553331e-02
   6.0969365e-01   1.0071916e+00
  -5.7838740e-01   1.5306295e+00
   1.8497644e+00  -1.3214112e-01
  -1.9631705e+00   3.8359931e-01
  -5.7852677e-02   1.4169658e+00
  -4.1608009e-01  -1.1775648e+00
  -8.3601181e-01   1.8978198e+00
  -5.7906241e-01   8.7329948e-01
   7.5501870e-01  -1.0483827e+00
   8.8795037e-01  -8.2435194e-01
   1.5566507e-01  -4.7532232e-01
   1.1926181e-01  -1.5502403e+00
   4.3735593e-02  -6.9501796e-01
  -2.8661713e-02   9.2715303e-01
  -1.6053477e+00   1.5714418e+00
  -5.7851625e-01  -1.3688132e+00
   4.7431976e-01   1.4201878e+00
  -1.0799264e+00   1.0195915e+00
   1.7408058e-01   4.1303749e-01
   9.9468722e-01  -1.9716002e+00
  -3.8494227e-01   1.0612258e+00
   7.1560813e-02  -1.3719137e+00
   4.6381805e-01   8.7188493e-01
  -1.1547295e+00   5.3627875e-01
   1.0866554e+00  -3.3619656e-01
  -1.2123535e+00  -5.9277691e-01
   6.0613496e-01  -2.6612286e-01
   1.1370817e+00  -2.0719842e-01
  -1.4886721e-01  -9.6809708e-02
  -2.2303004e-01   2.9237205e-01
  -1.0163322e+00  -1.0780346e+00
   1.2680316e+00  -6.5087473e-01
  -8.3015551e-01  -6.1198582e-02
  -1.5181830e-01  -6.0194012e-01
   9.2779584e-01  -1.1386979e+00
  -4.6452961e-01  -6.2033584e-01
  -1.1465374e+00   3.2080064e-01
  -3.7850082e-01   1.2866865e+00
   1.0264389e+00   2.0245122e-02
  -1.3064791e+00  -4.4807602e-01
  -4.4174185e-01  -7.9599308e-01
   1.6336269e-01   3.9102121e-01
   2.6867724e-01  -1.9984393e-01
  -1.0483322e+00  -6.7504171e-01
   1.0039855e+00  -6.9054580e-01
   9.4355771e-02  -1.0830931e-01
   6.8729049e-01  -1.5938327e+00
   1.2068020e-01   1.7688110e+00
   4.0957107e-01   2.7769320e-01
  -5.4649816e-01   8.9995422e-01
   1.0104619e+00  -7.4584041e-01
   8.0049826e-01  -7.9222767e-01
   7.4139251e-01  -5.9182262e-01
   2.8396933e-01   8.1715007e-01
   1.6953263e+00  -1.0230591e+00
   6.8020812e-01   9.3831145e-01
   3.9484164e-01   8.2725252e-01
   6.5707369e-01  -1.3253498e+00
   3.9782427e-01  -9.0464500e-01
   5.4560105e-02  -1.6906081e-01
   4.9326556e-01   5.9804458e-01
   5.9148309e-01   3.1956292e-01
   1.0662249e+00   6.0462252e-01
  -2.0978331e-01   7.8188480e-01
  -5.7061967e-01   9.2109991e-01
   4.3296768e-02   1.4725929e+00
  -3.8862673e-01   8.8482832e-01
  -8.0228314e-01  -3.0007759e-01
   6.4908962e-01  -5.2031265e-01
   1.7538527e+00  -1.6233983e+00
   5.6490047e-01  -1.1828797e-01
   8.7680315e-01  -9.4991493e-01
  -3.7664488e-01   7.0753959e-01
   1.1938103e+00   3.0190422e-01
  -6.8139779e-01   9.8960516e-01
  -2.7620592e-02  -1.3507445e+00
  -4.1716619e-01   2.5240878e-02
   2.0568626e+00  -2.0618031e-01
   1.6176890e+00  -3.3413656e-01
   5.6468983e-01  -1.7629706e+00
  -1.5450853e+00   1.3915937e+00
  -5.5038434e-01   6.0550866e-01
   9.7988557e-02   3.3906729e-01
   7.4183373e-01  -8.6399365e-02
  -1.9713885e+00  -4.3425195e-01
  -6.5640245e-01   5.9647061e-01
  -1.3843007e-01  -1.4037160e+00
   2.8047476e-01  -8.9435259e-01
  -2.5164235e-01  -1.1177774e+00
  -3.6747664e-01  -6.7381914e-01
   2.6760947e-01   4.4362178e-01
   8.5554966e-01   1.5825638e-01
  -1.9662291e-01   6.3960948e-01
  -8.7329521e-02   5.9283799e-01
   1.0619365e+00   2.0713228e+00
   5.3275347e-01  -4.9813839e-01
  -1.1960244e+00   3.5694470e-01
   8.3271431e-01  -1.5657870e+00
  -1.2929013e+00  -3.1735142e-01
  -2.4137500e-01  -8.3314579e-01
   1.2712753e+00  -1.7650176e+00
   1.0068292e+00   1.5113300e-01
  -1.4633474e+00   7.1206983e-01
   8.1519127e-01  -1.6324745e+00
   3.2246737e-01  -1.1574186e-01
   1.1459267e+00  -3.0815874e-01
   1.0883479e-01   3.0212574e-03
  -7.6732561e-01   1.3712312e+00
   1.0436803e+00  -6.6515073e-01
   6.6006195e-01  -9.1975779e-01
  -1.9485203e-01   8.3979759e-01
   4.0550498e-01  -1.3207394e+00
   4.7920961e-01  -5.3055559e-01
  -3.9916572e-01  -1.3715962e+00
  -3.3434229e-01  -1.3888051e+00
   1.2535032e+00   1.3120592e-01
   6.3608317e-01   9.9909289e-01
   1.2611069e-01  -7.0927687e-01
  -1.3407715e+00   9.3445971e-01
   2.1856542e+00  -1.2045437e+00
   3.4430022e-01   4.8499942e-01
   1.6339410e+00   1.2063438e-01
  -3.3546477e-01   4.7339045e-01
  -4.8679165e-01   7.4520557e-01
   3.6672591e-01   5.9484351e-01
  -2.4512621e-01   1.0060401e+00
  -3.8138996e-01   8.0846017e-01
   1.6767640e+00  -1.9334076e+00
   1.2179312e+00  -1.5362381e+00
  -4.0499531e-02  -1.1639688e+00
   1.3424781e-01   1.2763036e+00
  -8.1477627e-01  -5.4266788e-01
   1.1146022e+00  -1.2770380e+00
  -8.0385104e-04   6.7994205e-01
   1.1936930e+00  -1.1723140e-01
  -7.9548372e-01   8.9145293e-01
  -2.1703089e+00   7.5654953e-01
  -3.9094018e-01   6.5798793e-01
   9.3785899e-01  -1.7649526e+00
   6.1422084e-01  -1.5680266e+00
   4.2794525e-01   5.3702507e-01
  -1.1139784e-01  -4.1731323e-01
  -1.7388813e-01  -8.9670982e-01
   3.7947391e-03  -9.3079101e-01
   6.2007955e-01  -1.6985322e-01
   5.2085397e-01  -3.9972523e-01
   1.3811111e-02  -7.7798272e-02
  -1.8685316e-01  -3.1754595e-02
   1.5659572e-01   6.7461646e-01
  -9.0564963e-01   1.2643646e+00
  -6.3135840e-01  -6.5353882e-01
   1.2550464e-01  -2.6283612e-01
   9.2210647e-01  -9.2836256e-01
  -5.8788028e-01   7.3640549e-01
  -1.2187131e-01   9.8398306e-01
   7.1161802e-01  -1.0688009e+00
   8.6385409e-02   8.0875876e-01
   1.0850148e+00  -2.0460048e+00
  -3.8605779e-01   8.1931263e-01
   3.2695858e-01  -1.5901523e-01
  -1.1014723e+00   1.1362168e+00
   5.9019305e-02  -4.8214658e-01
   2.1717862e-02   1.0847904e+00
   5.2492627e-01   7.7434305e-01
   2.3511635e+00  -2.1843571e+00
  -8.3203982e-01   2.2265019e+00
  -3.7614202e-01   1.0365438e+00
  -9.3322063e-01   2.1856031e-01
   1.1642367e+00   9.2534331e-01
   6.6976906e-01   1.7974600e-01
  -5.3513689e-01   2.1081588e-01
   6.1236635e-01   1.4215835e-02
   1.2368874e+00   1.4740428e-01
  -4.8456087e-02   5.4244441e-01
   1.4006050e+00  -1.5679055e+00
   1.1773664e+00   3.5153252e-01
   5.3929937e-01  -1.6573653e+00
  -3.8057930e-01   1.0773051e+00
  -2.1724336e-01   1.4774002e+00
  -6.1520189e-01  -1.1316536e+00
  -5.5031836e-01   4.2594097e-03
   2.3820474e+00  -1.3792626e-01
   1.7518855e-01   1.3634049e+00
  -3.5923102e-02  -6.7127016e-01
  -1.4987298e+00   6.8266728e-01
  -2.1711723e+00   1.7508512e+00
  -3.6649953e-02  -1.4376317e+00
  -5.8022419e-01  -6.9763504e-01
  -1.5457941e+00   4.4935211e-01
  -5.9423485e-01   5.6009150e-01
   8.5337159e-01  -2.3048749e+00
   5.7034626e-01  -1.7088637e+00
   5.5162167e-01  -1.3735336e+00
   1.0601636e+00  -1.1469101e+00
   2.2043252e+00  -1.4669345e+00
   7.3351311e-01   5.5581215e-01
   1.1726991e+00  -5.4105548e-01
  -1.0769395e+00   1.0970103e+00
  -7.5379871e-01   1.0356286e+00
  -1.2301598e+00   1.4521728e+00
   3.5628899e-01  -4.4646709e-01
   1.2612167e+00  -1.8271895e+00
  -1.4772291e-02   4.8076360e-01
   1.6797722e-01   8.0773430e-01
   3.8725320e-01  -1.8753731e+00
  -4.6715130e-01  -1.6514069e+00
   1.0575015e+00  -1.3742649e+00
   2.3248472e+00  -6.5010733e-01
  -8.4411993e-01   4.9033070e-01
   6.9481349e-01  -4.0895929e-01
   6.3746715e-01  -1.4266785e-01
  -4.2344488e-01   6.4611293e-01
   5.7839662e-01   6.0068211e-01
   1.0798818e+00   6.6707695e-01
  -5.2043703e-01  -4.4890758e-01
  -2.1468231e-01  -1.0819529e+00
   2.3918356e-01  -9.4362613e-01
   4.2057955e-01  -1.2528531e+00
   7.6182119e-01   1.7713792e-01
  -4.6217763e-02   1.6726555e-01
   1.1269824e+00  -6.0284743e-01
   9.0377922e-01  -8.5811639e-01
  -5.2221062e-01  -1.8257167e-01
  -5.1497073e-01   1.1864107e+00
  -5.9313771e-01  -1.0338737e+00
   1.2089030e+00   2.4850218e-01
  -6.7309369e-01  -7.1569190e-01
   5.3009991e-01   6.2327939e-01
  -4.3004126e-01   7.9013127e-01
  -6.9026664e-01   9.8819138e-01
   4.7278873e-01   1.8575071e-01
  -5.4649131e-02   7.2146587e-01
  -5.8320230e-01  -1.9585572e-01
   1.4956310e+00  -1.1837536e+00
   2.8762164e+00  -1.0867707e+00
   2.6640420e-01   5.6332172e-01
  -2.4954506e+00   5.5756597e-01
  -1.6361696e+00   7.1791676e-01
   6.8155840e-01   2.8958261e-01
  -5.9026421e-01   5.9020603e-01
  -1.6953848e+00   1.7207365e+00
  -1.0902152e+00  -4.8849021e-02
  -5.3964861e-01   1.3014426e+00
   1.1920283e+00  -5.1190298e-01
   5.7248746e-01   6.5664269e-02
  -6.4881496e-01   1.1536916e+00
  -6.5531984e-01  -9.3823742e-01
  -6.6944693e-01  -8.7006509e-01
  -1.2448736e+00   1.5681598e+00
   1.6470124e+00  -2.2904504e+00
  -9.7294829e-01  -1.3982705e+00
   1.1112438e+00  -5.7869672e-01
  -1.3928071e+00   6.9572050e-01
   1.0843255e+00  -1.7631469e+00
   4.2001750e-01   9.9240308e-01
   4.4476643e-01   9.8295863e-02
  -7.7361956e-02   7.9857681e-01
  -8.5955975e-01   1.2986494e+00
  -1.0909673e+00  -1.1834512e+00
  -7.2100006e-01  -6.4177405e-01
   1.0943643e-01   9.7031883e-01
   2.3569241e-01   9.1079811e-01
  -1.1099344e-01  -1.4222776e+00
   4.9213639e-01   5.3588020e-02
   2.6344546e+00  -2.9671943e-01
   5.4647158e-01   9.3598577e-02
   8.2498517e-01  -2.7675483e-01
  -1.8187916e+00  -2.6577623e-01
   3.4290523e-01  -1.8770519e-01
   5.4844730e-01  -1.3696633e+00
   8.6927786e-01  -2.1241591e+00
   5.0816766e-01   4.1385372e-01
  -1.1689674e+00   2.1654393e-01
   1.2126455e+00  -1.0340507e+00
  -4.2563750e-01  -1.3282715e+00
  -5.6782840e-01  -7.6677345e-01
  -4.3637237e-01   1.3485059e+00
  -6.4632526e-02   1.8680603e-01
  -6.5553755e-01   4.0760818e-01
  -1.1775635e-01   1.0788584e+00
   1.5924905e+00   3.2021234e-01
  -3.6128642e-02  -9.6702528e-01
  -4.5918214e-01  -6.9928939e-01
  -4.3553165e-01   9.2749840e-01
   5.6547308e-01  -1.7708149e+00
   8.1073623e-02   1.2431961e+00
  -5.1941306e-01  -3.1393486e-01
  -1.1178660e+00   1.2744655e+00
  -5.9601576e-01   1.1439796e+00
   4.2312431e-01  -1.4164471e+00
   2.8745261e-01   6.2012214e-01
   1.2776020e-02  -7.3855263e-01
  -1.4170199e+00   6.3791739e-01
  -5.7206410e-01   1.2968350e+00
  -5.3399642e-01  -9.3328924e-01
   2.5524796e-01   7.4946244e-02
   1.1298551e+00   7.6338696e-01
   7.6983544e-01  -1.6433640e+00
  -1.5603922e+00  -6.0862120e-01
   1.2900689e+00  -8.8134741e-01
  -6.7161795e-02   9.0411439e-01
  -9.6088065e-01   1.4032692e+00
  -2.7116067e+00   1.7310229e+00
  -8.7699058e-01   1.3621776e+00
   2.9071131e-02  -4.0753397e-01
  -1.0943529e+00   1.3881413e+00
  -4.5927076e-01   9.4342732e-01
  -1.2428285e+00   1.1017292e+00
  -3.0749461e-01   8.6363588e-01
   2.1269812e-01  -3.7671606e-01
   6.3191797e-01   8.1240071e-01
  -8.7367708e-01   1.2966265e+00
  -1.2964781e+00   1.0990065e+00
   1.0114414e+00  -4.7469935e-01
   2.5152166e-01  -1.1809041e-01
  -1.3786353e+00   1.3635269e+00
   4.6839392e-01  -2.0633311e-02
   3.3850387e-01  -7.0913235e-01
  -7.5720122e-02   3.3417846e-01
   1.7723749e+00  -1.5211664e+00
  -1.1108795e+00   3.7685133e-01
   1.4833003e+00  -2.6097759e-02
   1.6450456e-01   9.9975327e-01
   8.2291081e-02   2.0109968e-01
   2.8486414e-02   1.8099034e+00
   2.0542466e-02  -5.0365755e-01
   8.2667936e-01  -1.6549086e+00
  -3.0418750e-01   1.2181760e+00
  -5.2355733e-01   1.1130703e+00
  -1.1407278e+00   8.6171276e-01
   7.1337929e-01   7.3211504e-01
  -1.4848215e+00   1.7417759e+00
  -2.6734525e-01   6.1044461e-01
   2.3426462e-02   6.9660637e-01
  -7.9506412e-01   2.5122254e+00
  -1.1805468e+00   1.3404453e+00
   3.8080537e-01   9.1589690e-01
  -3.9457243e-01   5.4485268e-01
   4.3166896e-02   6.4863989e-02
  -1.2228943e+00   2.7237327e+00
  -6.9867773e-01   5.2592414e-01
   6.5894293e-03   1.3508733e+00
  -6.1747690e-01   7.9453511e-01
   6.7771649e-01   1.6705652e-01
   6.9595669e-01  -1.1179704e+00
   5.2865802e-01   8.9574717e-01
  -8.5097829e-01   1.2746129e+00
  -2.2089166e+00   2.1450510e-01
   1.4862371e-01  -9.6333819e-01
  -1.6498700e+00   1.1741338e+00
  -8.2635462e-01   1.3473143e+00
   1.6674263e+00  -1.6715897e+00
   7.3210230e-01   2.0284840e+00
   2.4749737e-01  -1.1253616e+00
   1.3874928e+00  -1.3452780e+00
  -1.2589463e+00   5.4339671e-01
   2.3642779e-01   5.0466432e-01
   9.7624720e-01   1.5384528e-01
   6.0180740e-02   4.6755321e-01
   4.8824111e-01  -1.8680520e+00
  -6.9777712e-01   4.5344025e-01
   1.2270931e+00  -9.6570745e-01
   1.6585618e+00  -4.5951407e-01
  -4.3472246e-01   8.5891259e-01
  -2.5528015e-01  -1.7602493e+00
   1.0667762e+00  -3.4938081e-01
   6.6911748e-01  -4.6435877e-01
  -4.2569635e-01   6.9758477e-01
  -7.2737545e-01   8.8426078e-01
   2.0975687e-01  -1.1924417e+00
  -6.6012690e-01   1.0949250e+00
  -1.2295300e+00   1.9061683e-01
   1.2451703e+00  -1.5414842e-01
  -2.6021753e-01  -1.7123821e+00
  -2.4525986e-01  -3.8688669e-01
   2.8331575e+00  -2.6918690e+00
   3.8948100e-01  -9.7419781e-01
  -2.0354684e+00   7.2286699e-01
   5.4206555e-01   3.8218545e-01
  -6.3026034e-01  -1.0374832e+00
   5.7246743e-01  -1.7828206e+00
   7.3126081e-01  -1.0407922e+00
  -7.6556029e-01   8.2809199e-01
  -6.7183233e-01  -5.5569313e-01
   5.5067321e-01  -1.2997630e+00
   2.8820799e-01  -1.3990243e+00
  -1.7095986e+00   2.0518678e+00
  -2.8075357e-01   9.6903541e-01
  -7.5924912e-01   1.3081561e+00
  -4.2037472e-01  -1.1968791e+00
  -1.2468139e-01   7.7086919e-01
   1.7893198e+00   3.4826800e-01
   2.0407430e-01   1.1536718e+00
  -7.4031173e-02  -9.5207810e-01
   5.7033151e-01   3.6950610e-01
   6.7504755e-01  -5.2294160e-02
  -1.0007697e+00   6.8785026e-01
  -1.3766743e+00   1.2686454e+00
   1.9013896e-01  -5.6864118e-01
  -1.3679974e+00   1.2441277e+00
   5.3621348e-01  -1.0942465e+00
  -9.5810336e-02  -1.1056165e+00
  -9.4186475e-01   1.2536256e+00
   7.8564609e-01  -4.5737770e-01
  -1.1254438e+00   9.0614382e-01
  -4.8248105e-01  -1.2616729e-01
  -5.7261448e-01  -7.8193831e-01
   2.4391811e-01   4.3333016e-01
   1.3620750e+00  -1.4264039e+00
   6.5358087e-01   3.9514142e-01
   6.7223259e-02  -1.2116230e+00
  -9.7753480e-01   5.4915874e-01
  -2.2416411e-01   8.1301944e-01
   8.7470614e-01  -4.0568129e-01
  -1.8502443e+00  -6.2729155e-01
  -6.3774548e-01   7.7450107e-01
  -1.0468560e+00   1.4127915e+00
  -6.0191389e-01   3.0179945e-01
  -8.1099164e-01   1.0932743e+00
   5.9556196e-02   9.3155572e-01
   1.7963024e-01   6.4878878e-01
  -1.6790343e+00   1.5920424e+00
  -2.0043420e+00   3.9118537e-01
  -1.8507990e+00  -7.2674202e-01
  -6.5272662e-01   1.4547113e+00
   1.6504935e+00   4.6148949e-01
  -2.2805128e-01   1.0786233e+00
  -2.5278314e-01   1.4074564e+00
   1.3533721e+00  -2.6082231e-02
  -2.0142306e+00  -1.5338150e-01
   7.6782871e-01  -1.1461989e+00
   4.3340154e-01  -1.8129238e+00
   2.0934796e+00  -7.5103484e-01
   2.5083286e-01  -1.6796891e+00
  -1.0563812e+00  -3.9917199e-01
  -7.0177129e-01   1.0684138e+00
   3.5542665e-01   1.9227668e+00
  -1.7375692e+00   2.7519993e-01
  -1.4404197e+00  -2.2892417e-01
  -2.5994711e+00   1.4988825e+00
   4.7963950e-01  -1.5283820e+00
   2.2726468e+00  -5.9258276e-01
   2.1277297e+00  -1.8234330e+00
  -1.5569949e+00  -2.4355955e-01
   1.2577203e+00   4.2167530e-01
  -3.6778358e-01   3.5521942e-01
  -2.5799390e+00   3.4476530e-01
  -1.3990775e+00  -1.0689494e+00
  -5.4482398e-01   7.1052760e-01
   1.7419882e-01   1.6738275e+00
   5.2238131e-01   1.2842278e+00
   2.2355994e+00  -1.7274042e+00
  -1.3153907e+00  -5.1978734e-01
   1.2848076e-01  -2.4607659e-01
   1.4834275e-01   7.6618130e-01
   1.7064936e-01   4.3728657e-01
  -9.1055366e-01  -9.0783943e-01
  -4.9050910e-01   5.2361340e-01
   1.3213631e+00   5.2115145e-01
   1.0892656e+00  -9.3380908e-01
   5.0738764e-01  -1.7293066e+00
   1.3151840e+00  -1.7895038e-01
   2.0801637e-01   6.1569106e-01
  -7.7622964e-01  -9.8116160e-02
  -2.2056777e+00  -2.1223404e-01
  -2.9114431e-01   1.2491879e+00
  -2.1867372e-01   1.2131963e+00
   2.5520548e-01  -1.2918190e+00
   7.7882068e-02  -1.0888803e+00
  -4.7570512e-01   5.0377044e-01
  -1.9349190e+00   1.1274953e+00
  -1.3292387e+00   1.4005412e+00
  -8.0758402e-01   7.5976780e-01
   9.8587918e-01  -7.6181113e-01
   1.9474767e+00  -4.2258261e-02
   1.2294219e+00  -2.2558736e+00
  -1.0575140e+00   3.6393041e-01
   8.3735941e-01   1.3675510e+00
  -1.8753989e+00   2.1229261e-01
  -9.8586920e-01  -1.1035270e-01
  -1.1425189e+00  -9.4694302e-01
  -2.7246918e+00   1.4561836e+00
  -4.2041635e-01   6.2348214e-01
  -1.0477719e+00   2.4240311e-01
  -1.6104595e+00   7.9463367e-01
  -1.7317144e+00  -8.7040289e-01
   4.2708730e-01   3.8881741e-01
  -2.4441416e-01   1.6871741e-01
   9.0895029e-01   8.6075064e-01
  -1.2579386e+00   1.7497457e+00
  -2.1463407e+00   1.6122081e+00
  -1.5290376e+00  -8.6518854e-01
  -1.1978500e+00  -4.0970772e-01
  -2.4526570e-01   3.0344337e-02
  -1.0331246e+00  -2.7081683e-01
  -4.1891257e-01  -5.9047908e-01
  -8.7410214e-01  -1.1142834e+00
   2.4855642e-01   3.7748701e-01
  -6.0660563e-01  -8.7418593e-01
  -4.1774905e-01   1.0419903e+00
   1.9884481e-01  -2.4120109e-01
  -7.2660059e-01   9.3946086e-01
  -1.3837585e+00   6.2612142e-01
   3.8312080e-02   1.9574549e-01
   4.4399434e-01  -4.0934696e-01
   5.5381967e-01   1.1235748e+00
   1.4755140e+00  -2.8478377e-01
  -1.5030735e+00   7.2821881e-01
  -6.4563018e-01  -5.7143960e-01
   1.1439462e+00  -2.8309479e-01
  -7.4192740e-01  -7.5541416e-01
   8.4947667e-01  -1.5133028e+00
  -5.0565974e-01   1.0732920e+00
   2.9063373e+00  -1.4094131e+00
  -4.3983362e-01  -8.4686469e-01
   1.3262495e+00  -2.1420522e+00
   4.8244763e-01  -7.6774398e-01
   4.4649137e-01   7.7046007e-01
   2.1096394e+00  -1.4248571e+00
   8.9970743e-01  -5.0096932e-01
  -3.5137593e-02   7.9217695e-01
   1.5625380e-01  -1.6960272e+00
  -1.5511099e+00  -7.6590864e-01
   1.0367439e+00  -1.1763534e+00
   9.4496111e-01  -1.6256406e+00
   9.6926258e-01   5.1633357e-01
  -2.2665867e-01   4.2666100e-01
  -7.3693302e-01   1.0911737e+00
   9.2818559e-02   9.8008770e-01
  -2.5558146e-03   1.4480668e+00
  -5.6735154e-01   9.6291459e-01
   1.2046878e-01  -1.4355824e+00
  -1.6421608e+00   3.8012442e-01
   7.4569371e-01   1.6047773e+00
   2.8359889e-01  -1.8133118e+00
  -1.0789439e+00   3.9861652e-01
  -5.4156068e-01  -1.5799155e-02
  -3.6216496e-01   1.3519800e+00
  -2.5535505e-01   9.7537310e-02
  -6.5070119e-02   1.5836066e-01
  -1.5694607e-01  -1.3573592e+00
   2.9972781e-01   4.9341020e-01
   1.3967303e+00  -9.7680572e-01
   7.9606790e-01  -5.9382693e-01
  -3.8761754e-01   1.4990551e-01
   1.5059176e+00  -1.3054550e+00
   5.2649242e-01  -1.4096751e+00
   2.7544383e-01  -1.8902844e+00
   1.8400518e-01  -1.2102049e+00
   2.1439312e-01  -7.5453734e-01
   1.5312958e+00   5.9675937e-01
   7.4200722e-01   4.2687614e-01
  -2.3235030e-01  -7.7226888e-01
   1.6685371e+00  -5.3851781e-01
  -5.6391580e-01   1.0031719e+00
  -3.7801875e+00   2.1946248e+00
   4.8083051e-01  -2.3540954e-03
  -3.9936866e-01   1.4964688e+00
   1.0793846e+00  -1.9361537e+00
  -5.5140605e-01  -1.2553783e+00
   6.7568533e-01   1.2233909e-01
   1.0504766e+00  -8.0585580e-01
  -1.8094005e+00   1.9559810e+00
  -1.6050053e+00   2.0947891e-01
   5.1949448e-01  -1.6589420e+00
   1.0734094e+00   6.2945845e-01
  -1.2360310e+00  -5.8523535e-01
   9.0276015e-01  -7.8638655e-01
  -2.2182397e-01  -8.8684881e-01
  -4.4359789e-01  -6.5812565e-01
  -2.3710549e-01  -9.1919338e-01
   5.0798523e-01  -7.4505461e-01
  -1.8432373e-01   4.6952305e-01
  -1.5396570e+00   7.2798021e-01
  -6.9841227e-01   6.0080607e-01
   2.6934731e-01  -1.8574603e+00
   3.5837581e-02   2.5221163e-02
  -5.4439515e-01   1.3976581e+00
  -5.6472990e-01   7.7976391e-01
   1.2399153e+00  -1.0817823e+00
   8.0599427e-01   1.5441680e-01
  -2.2877502e-01  -2.8335473e-01
   7.9090067e-01   7.5387537e-01
   6.4371161e-01   5.4286424e-02
  -1.5301915e+00   9.1946477e-01
  -6.2900535e-01   1.3899387e+00
  -3.6446670e-01   1.4861325e+00
   1.4238558e+00   4.6108649e-01
  -6.8914503e-01   6.3987809e-01
  -1.0669852e-01  -1.5690725e+00
   7.5015012e-03   4.2667953e-01
  -8.4725104e-01   1.0817358e+00
  -2.4560491e-01  -8.4835048e-01
  -5.4237446e-02   7.7858080e-01
   3.8291580e-01   9.3183204e-01
   1.0139519e+00  -9.7620672e-01
   8.3495995e-01  -4.1386513e-02
   9.0219390e-01   5.8060310e-01
   4.3582912e-01  -1.8780461e+00
  -1.1389036e+00   1.1894994e+00
  -2.0816869e-01  -5.0274260e-01
   4.2979665e-01   1.1523836e+00
   1.9523856e+00  -1.7747333e+00
  -8.7094911e-01   1.0823025e+00
  -1.5589657e+00  -4.8521223e-01
  -1.9034074e-01   1.3441804e+00
  -3.9338573e-01  -1.1544345e+00
   8.2976257e-01  -1.8104336e+00
   1.3949251e-01  -1.4019138e+00
  -2.0168692e+00  -2.9933162e-01
   1.7423950e+00   1.4366957e-01
   5.7246044e-01   5.7837062e-01
  -9.4851860e-01   1.0346395e+00
  -6.6185302e-01  -5.7092651e-01
  -4.4469324e-02  -1.5498915e+00
  -1.2470541e+00   9.7630899e-01
   5.4562484e-01  -5.9373285e-01
  -9.0452995e-01   7.8296254e-01
  -1.0389974e+00  -3.5750918e-01
  -4.5920643e-01  -5.5412909e-01
  -8.2296115e-02  -1.1849249e+00
  -6.5422161e-01   1.8387771e+00
  -1.8527224e-01   1.0469730e+00
  -3.9531747e-01   8.8177579e-01
  -9.9514093e-01   1.0725178e+00
   7.3157743e-01  -9.5912799e-01
  -1.5804325e-01  -9.2746894e-02
   1.1954911e-01   9.9879278e-01
   1.0169182e+00  -2.5919253e-01
   9.2959037e-01   7.7727387e-02
   5.8989841e-01   1.6313663e-01
  -1.1735527e+00  -6.4279688e-01
   1.4328929e+00  -4.8879031e-01
   4.7232961e-02  -7.9987140e-01
  -1.8875398e+00  -4.2618265e-01
  -7.5369821e-01   1.3048893e+00
  -7.4871021e-01  -1.3452069e+00
  -4.2216163e-02   1.5279810e+00
  -1.3066471e+00   1.0231058e+00
  -1.2165706e+00   6.2998101e-01
  -5.1238247e-02   3.2259215e-01
   4.5341204e-01  -5.3099606e-01
   3.4514295e-01  -2.8074739e-01
  -3.8974875e-01   1.3839554e+00
  -1.3019071e+00   1.1716140e+00
   1.3862925e+00   2.1385595e-01
   4.2544246e-01  -1.4844680e+00
  -1.2192845e+00   4.9333431e-01
  -1.4415776e+00   7.4965544e-01
  -8.3312301e-01   3.8441484e-01
  -5.8613759e-01   2.6915909e-01
   1.1115549e+00  -1.8641987e+00
   3.0900637e-01   6.9694178e-01
   6.9082558e-01  -6.1977798e-01
   1.4903589e+00  -1.1655581e+00
  -1.0680572e-01   8.5695028e-01
  -2.3925249e-01  -6.5722502e-01
   2.3163238e-01   5.0175832e-01
   1.3240988e+00  -1.6295021e-01
  -1.1022339e+00   2.3404379e-01
  -1.1488809e+00  -6.1602297e-01
  -1.9924858e+00  -3.6315583e-01
  -1.1502032e+00  -1.3366429e+00
  -1.6725204e+00   1.3230121e+00
  -8.5561731e-01  -7.3960817e-01
  -7.5321352e-01  -4.0511227e-01
   2.9084341e-01   6.0970285e-01
  -3.4947841e-01   5.3960742e-01
  -1.0639044e-02  -1.2488936e+00
   1.6873132e+00   4.3189829e-01
   3.4724571e-01   1.4703044e+00
  -4.2684393e-01  -2.3632508e-01
  -5.5108201e-01   6.2923102e-01
   3.2782972e-01   3.3716971e-01
   2.9965530e-01  -6.7080255e-01
   1.3146534e+00  -1.3524175e+00
   9.1614606e-02  -4.0913794e-01
   3.6180293e-01  -2.6756901e-01
  -6.0852539e-01  -7.1555645e-02
  -1.0704117e-01  -7.4276278e-01
   1.6895637e-01  -3.1016171e-01
  -5.3029151e-01   1.1428825e+00
   1.4983013e+00  -2.2479030e+00
   1.2256908e+00  -1.3775828e+00
   3.9316622e-01   2.3254849e-01
  -6.8942490e-01  -7.5338871e-01
  -1.1013281e+00   1.4994914e+00
  -5.5734717e-02   9.2176147e-01
  -3.1266624e-01   1.3132468e+00
  -1.0804553e-01   4.3581161e-01
   4.8334500e-01   8.7226726e-01
   8.0675424e-01   6.3175227e-01
  -6.4658633e-01   6.2598638e-01
  -1.2991215e-01   1.1599509e-01
   1.0398090e+00  -1.0840340e+00
   1.6262405e-01  -4.6864955e-01
  -4.1176889e-01   2.2825368e-02
  -6.8622237e-01  -1.2699950e+00
   1.2762423e+00  -3.9500474e-01
  -6.4004247e-01   1.0821303e+00
  -9.3238510e-01   1.4160067e+00
   1.7619951e+00  -2.3693506e+00
   1.1527477e+00  -1.3637431e+00
   7.4804505e-01  -1.8288445e+00
  -1.0906624e+00   1.5436763e-01
   3.1799779e-01  -1.8032574e-01
  -1.0329870e+00   1.4267147e+00
  -7.1986951e-02  -1.3845696e+00
   1.3345396e-01  -7.2409109e-01
  -2.2749616e-01   5.6135069e-01
  -1.3089681e-01  -1.5755663e+00
  -6.3217128e-01   1.4205363e+00
  -3.3867689e-01   9.1075213e-01
  -1.0290114e+00  -7.7397981e-01
   2.5087241e-01   8.3123737e-03
   6.4835932e-01  -1.2790251e+00
   3.2470010e-01   1.0095121e+00
  -2.3642503e-01  -2.7412672e-01
   1.2075592e+00   7.0787149e-02
   1.1541611e+00   1.7471515e-01
  -7.4919772e-01  -1.0021909e+00
   2.0081786e+00  -1.6925165e+00
  -1.3633468e+00   1.2777359e+00
  -3.0599118e-01   7.1124588e-01
  -9.0799444e-01   1.5477910e+00
   4.3955256e-01  -1.5441409e+00
   1.0142380e+00  -1.1077129e+00
   9.0537695e-01  -8.0902426e-01
   5.9169923e-01  -1.5331659e+00
   1.1643229e+00  -5.0441990e-01
  -3.8679991e-01  -6.7572508e-01
  -1.7315293e+00  -3.7022099e-01
  -1.0192678e+00   1.0945921e-01
  -2.2190767e-03   1.0886683e+00
   1.2964481e+00  -6.5419943e-01
  -1.0529432e+00  -5.8933773e-01
   9.2282455e-02  -2.0273047e+00
  -6.2411836e-01   9.0472205e-01
  -2.5661828e-01   6.3352956e-01
  -1.2618489e+00   1.1389290e+00
  -6.4892206e-01  -6.0526601e-01
   8.1716815e-01  -5.9603546e-01
   1.4001796e+00   7.7713456e-01
   9.0450523e-01   7.2381278e-02
  -1.0450564e+00  -7.2402958e-01
   3.9473814e-01  -1.5455399e+00
   3.5551418e+00  -2.5767026e+00
  -6.2843498e-01  -9.3542503e-01
   1.1455288e+00   2.7857873e-01
   6.0547597e-01   6.7509786e-01
   1.0681279e+00  -4.5163587e-01
   1.9690369e+00  -7.4013468e-01
  -9.3686030e-01   1.1653997e-01
   1.0403689e+00   1.7195539e-01
   4.5591934e-01   1.6155401e-01
   1.4330320e+00   1.0260648e+00
   4.0652484e-01  -9.2656012e-01
  -1.4697535e+00   5.4221382e-03
  -8.8347060e-01   1.2792940e+00
   6.9573738e-01   6.4727930e-01
  -1.0219012e+00   1.3220794e+00
   1.9201422e-02  -3.2245029e-01
  -1.8489696e+00   6.1412828e-01
   1.0850511e+00  -1.2521350e+00
   2.1017423e-02  -2.0537754e+00
   4.4782962e-01   8.9219067e-01
   6.6767146e-01   3.8674052e-01
  -9.0294464e-01  -9.6785153e-01
  -3.1928017e-02   2.5156693e+00
  -1.4618263e-01   2.8781489e-01
  -9.8616741e-01   7.7276949e-01
  -1.3465461e-01  -1.0117243e+00
   5.6506246e-01   7.3830156e-01
   7.5197535e-01  -1.4010752e+00
  -7.6941171e-01  -1.8844367e-01
   2.7020689e-01  -1.4280059e-01
   1.6787963e+00  -1.2825332e+00
   1.6221211e+00   2.9786090e-01
  -1.2800873e+00   1.5745190e+00
  -6.1490357e-02   1.2271770e+00
   4.9037441e-01  -1.4530444e+00
   7.9516070e-01  -1.7426924e+00
   1.7823078e+00  -9.1188723e-01
   6.1385998e-01   7.0639459e-01
   1.3958301e+00  -2.1150558e+00
   4.3704070e-01  -4.5050177e-01
   3.1423295e-01  -1.0052716e+00
   8.0590085e-01   1.1814092e-01
  -2.2799878e+00   1.3139787e+00
  -5.6286715e-01   1.0868698e+00
   1.0266225e+00   2.9598052e-01
   5.7745950e-01  -7.8404705e-01
   1.8354346e-01   5.1496651e-01
  -1.4869110e+00   2.0152979e+00
   2.9873593e-01  -1.7659354e+00
   8.8231842e-01   5.6196881e-01
  -1.0586157e-01   8.3427855e-01
   4.3425531e-01   4.5500339e-01
   9.4812588e-01   8.1180548e-01
  -6.8647266e-01  -2.8393738e-01
  -7.7027589e-01   1.0677322e+00
  -9.8160944e-01  -5.5796994e-01
   9.1746044e-01   1.6058287e+00
   2.3284606e-01  -1.0677314e+00
  -5.8305799e-01   1.0325300e+00
  -1.3369059e+00   6.8461522e-01
   4.2940287e-02   9.3372459e-01
  -3.4805599e-01   9.8067571e-01
  -5.2236111e-02   1.0042544e+00
   5.9053885e-01   4.1668333e-02
   2.5302676e+00  -7.8032974e-01
   7.2236716e-01  -3.7056281e-01
  -1.6030691e+00   6.2293298e-01
   1.3170314e+00   4.8478669e-01
  -1.3741208e+00   2.9813287e-01
  -1.5607989e+00   2.9677969e-01
  -1.6937030e-01   1.2415093e+00
   2.4712571e-01   5.4957805e-01
  -6.5259046e-01  -5.9245496e-01
   1.7826185e-01   9.4935613e-01
  -8.8486895e-01   1.3558181e+00
   2.1906808e+00  -1.5638152e+00
   1.1039639e+00   7.5676330e-01
  -1.0809812e+00  -1.6105784e-01
  -2.6851245e+00   2.0787521e+00
   1.0946974e-02   8.0369714e-01
  -6.7350664e-01   1.1896483e+00
   1.0806457e+00   4.7273638e-01
  -1.5199954e+00   1.7691965e-01
   2.0098373e+00  -3.9879562e-01
  -1.4918552e+00   5.9402589e-01
   1.5378807e+00  -3.4110877e-01
   9.2868286e-01   8.5443328e-01
   1.8075879e+00   1.1968063e+00
   9.9997516e-01   5.9969853e-01
