   6.2088787e-01  -2.5830622e-01
  -5.9309651e-01   7.8847639e-01
  -1.3408154e+00   1.7734613e+00
  -7.3091752e-01   7.8504886e-01
  -5.4057512e-01   6.2583071e-01
  -1.8147348e-01   1.9475733e-01
   6.0576467e-02  -2.1981445e-01
   6.3250166e-01  -6.5452094e-01
   3.0507010e-01  -3.7469727e-01
   7.0949487e-01  -7.1961060e-01
   5.0013882e-01  -8.5262888e-01
  -2.7179566e-01   7.3094986e-01
  -1.2009390e-01   9.2886914e-02
   1.1002035e+00  -1.2422671e+00
  -8.9792704e-01   1.1174437e+00
  -1.3892656e-01  -4.1106089e-02
  -1.3911445e-01  -8.6295979e-02
  -8.0422027e-01   5.1147972e-01
  -6.1087683e-01   9.6445056e-01
   6.5537662e-01  -8.6648819e-01
   1.1885554e+00  -1.2115079e+00
   1.3993078e+00  -1.3993101e+00
  -1.1843576e+00   1.8707323e+00
  -3.3051208e-01   5.7977096e-01
   3.4108119e+00  -1.6170917e+00
  -9.6758007e-01   9.8091249e-01
   2.0222955e+00  -1.5783901e+00
  -6.2712604e-01   8.1090007e-01
   1.5703211e+00  -1.3321125e+00
  -9.3736293e-01   9.0723521e-01
   6.2133768e-01  -9.5473312e-01
  -1.3342447e-02   5.6091909e-02
  -9.2224006e-02  -4.0397264e-01
   6.1304775e-01  -4.1262359e-01
   6.5646517e-01  -8.4580190e-01
   2.7534229e-01  -5.2473800e-01
   5.2436033e-01  -2.3870188e-01
   1.0104784e+00  -1.0485624e+00
   1.2118884e+00  -1.2575761e+00
  -8.9251022e-01   1.3793232e+00
  -3.6039649e-02   3.1520963e-02
  -1.6575171e-01   1.2214856e-02
   3.7305988e-01  -2.7974318e-01
   1.2496714e-01  -5.9866062e-01
  -2.6030347e+00   2.5742112e+00
  -9.6701011e-02  -2.6409521e-01
   8.1950478e-01  -1.0938812e+00
  -4.3255934e-01   6.1915713e-02
  -1.8684564e-01  -3.5115378e-01
   1.6229042e-01  -2.2533186e-01
  -4.9381760e-01   6.6863455e-01
   9.9311597e-02  -2.4087325e-02
   1.3092572e+00  -1.3641400e+00
  -1.5196466e+00   1.6327207e+00
   1.7303586e+00  -1.4418017e+00
  -1.8019300e-01  -8.8737584e-02
   1.2258265e+00  -9.8603916e-01
  -2.2177350e-01  -3.7108590e-02
   6.4841637e-01  -9.2361188e-01
   3.5649580e-01  -5.5399463e-01
   4.4078056e-01  -4.6322500e-01
  -5.6656526e-01   8.3402599e-01
   1.0447438e+00  -1.0188155e+00
   3.2033858e-01  -4.9426030e-01
  -9.3479631e-01   9.7282476e-01
   8.3795616e-01  -7.3825452e-01
  -1.0259540e+00   1.2585090e+00
  -6.5158726e-01   4.7661880e-01
   1.3488263e+00  -1.2179329e+00
   1.6002627e-02  -3.3254310e-02
  -1.7135973e+00   1.9105364e+00
   1.3962515e-01  -1.7724219e-01
  -1.5775921e+00   1.5200737e+00
  -1.0639280e+00   1.2012606e+00
   4.9001506e-01  -7.9919701e-01
   1.4394875e+00  -1.2991237e+00
  -1.4540444e-01   2.4791350e-01
   1.3805906e+00  -1.3635350e+00
  -7.2858713e-01   5.4331331e-01
  -1.6262842e-01   2.3435663e-01
   1.3261398e-01  -5.0022647e-01
   1.1541306e+00  -1.1416521e+00
   4.9662209e-01  -8.7780051e-01
  -6.7575911e-01   7.2734395e-01
   1.0986605e+00  -1.3062069e+00
   5.2598018e-01  -6.1519836e-01
   4.0828726e-01  -6.2819179e-01
   9.9763098e-01  -1.2145839e+00
   1.4664453e+00  -1.3333598e+00
   6.5742837e-01  -8.2894842e-01
  -2.8636701e-01   5.4091744e-01
  -1.5104197e+00   9.8606610e-01
  -4.3953241e-01   1.0488959e+00
   4.0507881e-01  -7.4349723e-01
  -5.2750378e-01   4.4666046e-01
   1.5199129e+00  -1.1790912e+00
  -4.8519711e-01   5.1462161e-01
   8.6548808e-01  -9.5611929e-01
  -9.3661714e-01   9.4299403e-01
  -1.1402006e+00   9.4878251e-01
  -1.9936976e-01   2.9997132e-01
  -1.8534812e+00   2.2945819e+00
  -2.0338378e+00   2.2415780e+00
  -1.8384861e+00   2.1203434e+00
   1.1574437e-01   7.8262778e-02
  -1.2837539e+00   1.3810823e+00
  -8.0176052e-01   6.0726215e-01
   6.6570997e-01  -7.9930489e-01
  -1.0376331e-01  -3.0474063e-01
   2.0363166e-01  -3.9802965e-01
  -1.9178528e+00   1.8382107e+00
  -8.3252231e-01   1.0168954e+00
  -5.9253061e-02  -1.7259622e-01
  -2.2220850e-01   5.3350774e-01
   1.0274089e+00  -1.1586687e+00
   1.2448161e-01  -5.3338249e-01
   1.4182013e+00  -1.3297545e+00
   1.4699338e+00  -1.4184884e+00
   9.1020063e-01  -8.9409103e-01
   1.0048634e+00  -1.1550549e+00
  -7.9644631e-01   9.4663402e-01
   7.7403172e-01  -9.8345389e-01
   2.8493850e+00  -1.5818173e+00
   9.5856455e-01  -1.2667844e+00
  -1.2522733e+00   1.3972769e+00
   7.7692435e-01  -1.1203057e+00
  -3.1146610e-01   8.4952210e-01
  -1.8307607e-01   1.4911126e-01
   7.5596326e-03  -3.2786499e-01
   4.2316074e-01  -1.9379482e-01
  -6.5883703e-01   5.8875883e-01
  -9.3224605e-01   1.1519348e+00
  -1.7818262e+00   2.2232343e+00
   9.8169264e-01  -8.8316417e-01
   2.5448555e-01  -4.9825257e-01
  -6.0887207e-01   1.2890141e-01
  -1.1173320e-01  -1.8797361e-01
   3.7535815e-02  -3.5504732e-01
  -3.1865313e-01   8.2889297e-01
   4.4019453e-01  -1.3933183e-01
  -1.1901647e+00   1.3658468e+00
   7.8797611e-01  -8.9361838e-01
   4.9268687e-01  -7.2311377e-01
  -7.6466807e-02   4.9454338e-02
   6.0493319e-01  -5.7070134e-01
  -7.1015605e-01   6.4638103e-01
  -1.0181129e+00   8.7814957e-01
  -1.2796990e+00   9.4879460e-01
   2.9666012e-01  -5.1361572e-01
  -2.1067870e+00   2.2574583e+00
  -5.4832919e-01   3.2539114e-01
   3.9741691e-01  -6.1567244e-01
  -1.0484049e+00   6.0186695e-01
  -2.9896476e-01   1.9121614e-01
  -5.0586315e-01   4.6836685e-01
  -7.6037589e-01   8.1492358e-01
   8.7240468e-03  -4.3112835e-01
  -1.4592398e+00   1.2157749e+00
   1.0017992e+00  -9.7694860e-01
   8.5327675e-01  -9.7469814e-01
   2.8174364e-02  -3.9496912e-01
  -1.2679039e-01   3.3905719e-01
  -2.3792430e-01   1.3947983e-01
  -7.0695106e-01   9.4045894e-01
   1.8217786e-01  -3.0462873e-01
   2.3685427e-01  -3.4473895e-02
  -6.5324237e-01   3.8426580e-01
   1.1625992e+00  -1.0786658e+00
  -5.2257798e-01   8.7839333e-01
  -9.2737459e-01   1.6378904e+00
   2.3696125e-01  -1.5617692e-01
   1.0766542e+00  -9.5301465e-01
   7.5793266e-02   2.0396798e-01
   2.1720866e-01  -4.4908190e-01
   9.3978050e-01  -1.0812590e+00
  -3.6295979e-01   3.9441615e-01
  -5.9501095e-01   8.1277903e-01
  -2.0884751e+00   2.1350167e+00
   6.0004927e-01  -4.4252848e-01
  -6.5011589e-01   7.7006607e-01
  -6.5299174e-01   6.8161764e-01
   1.0572543e+00  -6.4922456e-01
  -3.1741464e-01   3.4429750e-01
  -1.3317799e+00   1.3484372e+00
  -6.8858385e-01   3.0734875e-01
   3.2120683e-01  -6.2933173e-01
  -6.5701502e-01   5.5652439e-01
   3.8360954e-01  -6.0717364e-01
   7.5663864e-02  -6.2016997e-02
   6.1741149e-01  -7.6170940e-01
  -3.3087004e-01   1.4340583e-01
  -9.4554551e-01   8.9963732e-01
   1.9792038e-01  -1.5716728e-01
  -2.0149315e+00   2.0486119e+00
  -7.4567694e-01   5.1398909e-01
  -7.7936370e-01   8.8779636e-01
   5.3244880e-01  -5.7824862e-01
  -2.0679179e+00   1.8155725e+00
  -3.7876601e-01   5.5844936e-01
   1.3967717e+00  -1.3926495e+00
   1.0830193e+00  -1.1870649e+00
   1.6445645e+00  -1.3654165e+00
   1.9487867e+00  -1.4711553e+00
  -9.4459265e-02  -2.0802818e-01
  -8.3017836e-01   8.4375729e-01
   1.2794878e-02  -3.9068458e-01
   1.0611276e-02   1.3277541e-01
  -8.0618945e-01   5.6895632e-01
  -1.4096662e-01  -2.6218490e-01
  -1.0527908e+00   7.9464354e-01
  -1.3555862e-01  -1.4016988e-01
   1.2683897e+00  -1.3688175e+00
  -1.3611611e+00   1.0800343e+00
   6.8215535e-01  -8.8836166e-01
  -5.7784980e-01   5.4629355e-01
   6.1204937e-01  -6.3184617e-01
  -1.4924656e-01   1.7822353e-01
   8.5017657e-01  -1.1593799e+00
  -6.5796904e-01   2.9364300e-01
   6.1584546e-01  -7.5681749e-01
  -8.4743623e-03  -1.7820577e-02
   5.7029168e-02  -3.6239595e-01
   6.0522142e-01  -4.4475906e-01
   6.4844612e-01  -7.2985384e-01
  -8.7013421e-01   8.3354685e-01
   1.8408030e+00  -1.4984521e+00
  -1.1416145e+00   1.0926049e+00
   7.1016019e-01  -6.5680804e-01
   2.4046925e-01  -1.2780970e-01
   1.2122662e+00  -1.2685702e+00
   2.5764242e-01  -7.5964138e-01
   6.9763890e-01  -8.2055030e-01
  -1.1417978e+00   1.5183131e+00
   9.6697522e-01  -1.0288388e+00
   4.2844322e-01  -6.9097854e-01
  -2.0676190e+00   2.5498325e+00
   1.1862573e+00  -1.3145880e+00
   1.4974341e+00  -1.3254402e+00
  -4.4133577e-01   3.7222544e-01
   3.8238082e-01  -9.8987427e-01
   5.6132081e-01  -5.5386757e-01
   6.6329967e-01  -8.4322469e-01
   1.8537542e+00  -1.4456014e+00
   3.0092674e-01  -7.9817150e-01
   2.3283442e-02  -2.9437553e-01
  -7.6869728e-02  -7.6491170e-02
   2.2654707e-01  -7.7289811e-01
  -3.6336153e-01   3.1786192e-01
  -1.1275989e-01   1.9475774e-01
  -1.2627739e+00   1.1738287e+00
  -1.2580821e-01  -1.2473780e-01
   2.2539890e-02  -6.8114490e-03
  -1.0315477e+00   1.2301125e+00
  -1.0218964e+00   1.1430747e+00
   2.5972285e+00  -1.5696665e+00
  -1.2268995e+00   1.5759584e+00
  -1.6001208e+00   1.8689083e+00
  -1.9899141e-01  -1.1259741e-01
   9.5448057e-01  -1.0925213e+00
  -1.0889360e+00   1.1039048e+00
   1.0101358e+00  -8.8458211e-01
   2.4445760e+00  -1.5959869e+00
  -4.2670880e-01   4.5504127e-01
   1.1080171e+00  -1.1942433e+00
  -4.9487225e-01   9.3650422e-01
  -4.0020421e-01   4.5370779e-01
   2.1247898e-01  -6.8957375e-02
   1.5038779e+00  -1.3079481e+00
   3.1116839e-01  -4.4199674e-01
  -3.8920072e-01   3.5569160e-01
  -1.2982547e+00   1.3364151e+00
  -7.9484996e-01   5.5140705e-01
  -2.8851979e+00   2.5404163e+00
   3.6457470e-01  -4.7597652e-01
   8.1690905e-01  -8.2230998e-01
  -1.7908191e-01  -2.2325575e-01
  -2.4056879e+00   2.3700175e+00
  -2.8560652e-01   1.6420060e-01
  -4.8700834e-01   4.2061703e-01
  -6.8042229e-01   1.0109746e+00
   4.5213126e-01  -3.9585067e-01
  -9.0820698e-01   1.1852863e+00
  -1.2107834e+00   1.3338504e+00
  -1.1355527e+00   1.2026536e+00
  -1.6034902e+00   1.8343262e+00
  -2.1202584e+00   2.1665714e+00
  -2.1041789e+00   2.1946545e+00
   1.4503138e-01  -6.7805637e-01
   9.7715444e-01  -1.0315581e+00
   4.5731994e-01  -7.1613309e-01
  -8.6597533e-01   3.4914527e-01
  -1.6653733e+00   1.4792080e+00
  -1.9822951e-01   5.9542347e-01
   1.1417253e+00  -1.0813361e+00
   7.7243580e-01  -7.4167899e-01
   3.0474266e-01  -6.8466448e-01
  -1.6148884e+00   1.6493233e+00
  -1.4733771e+00   1.4571738e+00
  -1.1981116e+00   1.0239183e+00
  -4.6169049e-01   3.3106004e-01
   1.7851050e+00  -1.4808470e+00
  -1.5490934e-03   3.0110914e-01
  -5.2103827e-01   2.0981900e-01
  -6.0983214e-02  -1.2747910e-01
   1.3308420e+00  -1.2841715e+00
  -1.1228138e-02  -4.6401553e-01
   6.9522062e-01  -7.7531488e-01
  -7.1623455e-01   1.1692117e+00
  -1.4283970e-01   2.1844872e-01
  -1.9561343e-01  -3.2599426e-01
   9.4631643e-01  -1.0980877e+00
  -2.6190039e-01  -6.7450793e-02
  -1.0874776e+00   1.2256402e+00
   8.4883044e-02   3.2686471e-02
  -7.9593208e-01   2.6341081e-01
  -1.8069996e-01   2.7479199e-02
  -6.7385780e-01   7.1786398e-01
  -6.0341360e-01   4.9900406e-01
   8.0275752e-01  -7.3419441e-01
  -3.3728620e+00   2.7056039e+00
   1.5004379e-01  -2.5552916e-01
   1.1081023e+00  -1.2331137e+00
  -1.3225343e+00   1.4696018e+00
  -2.5563035e-01   3.3980296e-01
  -2.1985296e+00   2.3498780e+00
   1.0621715e+00  -1.1366943e+00
  -2.0384451e-02   9.8375402e-02
  -4.2604537e-01   9.0715701e-01
   7.3006760e-01  -9.5586986e-01
  -7.0082834e-01   7.2186975e-01
  -9.7253249e-01   9.1535253e-01
   8.5101148e-01  -1.1672281e+00
  -5.9154436e-01   4.5012295e-01
  -7.4638613e-03  -3.9847564e-01
   1.1220633e+00  -1.2267168e+00
   1.9263007e+00  -1.5480919e+00
   2.2952308e+00  -1.4717734e+00
  -8.4430852e-01   8.7610652e-01
  -8.7329872e-01   9.6491056e-01
   7.6095869e-02  -4.3709994e-01
   1.6297558e+00  -1.3842589e+00
   4.3760867e-01  -6.2566976e-01
  -5.1060147e-01   4.2366083e-01
   1.7414789e-02  -3.0752589e-02
  -2.0151179e+00   2.5930667e+00
   9.4360328e-01  -1.0430402e+00
   7.9717855e-01  -1.0330203e+00
   7.4355542e-01  -6.9175039e-01
  -1.2157699e+00   1.2146992e+00
  -6.0771712e-02   1.8805332e-01
   4.3254188e-01  -4.6906150e-01
  -1.7682832e-01  -2.1075711e-01
   1.0650200e+00  -9.9471507e-01
  -3.8971445e-01   6.7219818e-01
  -1.0331867e+00   9.4611126e-01
   3.8797793e-01  -7.0726055e-01
   1.0626859e+00  -8.8313134e-01
  -2.4906336e-01   4.6686716e-01
  -7.0175576e-01   7.1898950e-01
   1.6074647e+00  -1.3933003e+00
   1.3950800e-01  -2.5491657e-01
  -1.3593994e-01   5.4616768e-02
  -2.3623759e+00   2.3991163e+00
   9.5881730e-01  -1.0008611e+00
   3.4388504e+00  -1.6130917e+00
   2.7064151e-01  -5.3945425e-01
   1.8911714e-01  -3.8989126e-01
  -6.0701607e-01   9.2794930e-01
   1.5425027e+00  -1.3726263e+00
  -1.3332827e-01  -1.1499501e-01
   2.5680451e-02   1.7564878e-02
   2.1986412e+00  -1.5791385e+00
  -5.7961600e-01   9.8162310e-01
  -1.2180786e-01   2.7512158e-01
   2.4866648e+00  -1.6250778e+00
   4.8727778e-01  -6.1735250e-01
  -1.7125575e+00   1.5790187e+00
  -6.6537706e-02   6.8282333e-03
   1.7311272e+00  -1.1715623e+00
  -1.1106614e+00   1.0569937e+00
  -8.4519961e-01   1.4143710e+00
  -1.9941743e-01  -6.3277907e-02
  -1.3598495e+00   1.4679395e+00
  -7.1269671e-01   6.1342732e-01
  -6.2344257e-01   8.6102269e-01
   3.4729440e-01  -3.5800036e-01
  -8.4667654e-02   1.3474572e-01
   3.2128534e-01  -1.5974633e-01
   1.5710457e+00  -1.3917147e+00
  -1.7227456e-01   5.9447864e-02
   5.8320385e-01  -8.0999696e-01
  -5.5520916e-01   7.0655907e-01
   1.4165240e+00  -1.2429943e+00
   3.3093769e-01  -5.1088666e-01
   3.0904923e-01  -7.0291860e-01
   7.0479894e-02  -4.8170425e-01
  -3.3514970e-01   3.0994238e-01
  -5.6297678e-01   3.6124208e-01
   3.7260132e-01  -6.4520997e-01
   6.7217450e-01  -6.1988379e-01
   1.8098315e+00  -1.4728982e+00
  -2.9224240e-01   1.6941540e-01
   9.4657297e-01  -1.0179724e+00
   6.2959179e-01  -7.8496695e-01
  -3.6283207e-01   2.2385277e-01
   6.8529786e-01  -7.9986667e-01
   8.7375458e-01  -9.5608974e-01
  -1.2423476e+00   1.0804217e+00
   5.8021973e-01  -9.2776159e-01
   4.5369907e-01  -4.3516917e-01
  -1.7093843e+00   1.7512934e+00
   7.3912895e-01  -8.2441643e-01
  -1.1030223e+00   1.1304821e+00
  -2.0394890e+00   2.6054735e+00
   1.2667528e+00  -1.0351539e+00
   2.4172793e-01  -6.0740752e-01
   7.6161443e-02  -1.6569642e-01
  -3.1852843e-01  -9.0949779e-02
   5.1303117e-01  -5.9116735e-01
  -7.6978768e-02   1.5527506e-02
   2.2273251e+00  -1.4805455e+00
   4.6580995e-01  -3.5392504e-01
   9.2392079e-02  -4.0432568e-01
   5.7524473e-01  -8.4123613e-01
   1.9901706e+00  -1.5732659e+00
  -2.5353989e-01  -1.6309149e-01
  -2.5567183e-01   2.9841383e-01
   1.6738088e+00  -1.2406241e+00
   1.4638955e-01  -3.9237016e-01
   3.0372261e-01  -6.3165177e-02
  -3.0116823e-01   2.2155438e-01
  -8.2276265e-01   8.6764808e-01
  -1.1568532e+00   1.2900637e+00
  -9.7606945e-01   8.2613151e-01
   1.5119360e+00  -1.2162720e+00
   2.2898779e-01   1.6525738e-01
   3.3419988e-01  -2.0539339e-01
   2.8146965e-01  -5.4235265e-01
  -1.2887977e+00   9.7432417e-01
   2.2244585e+00  -1.5472471e+00
  -4.6719283e-01   2.6383455e-01
  -6.2350931e-01   4.8340956e-01
  -3.2943141e-01  -4.5849214e-02
   1.3971320e+00  -1.3229036e+00
   1.1045178e+00  -1.2548263e+00
   5.5773115e-02  -7.4684473e-02
  -1.6136812e-01  -1.0650312e-01
  -2.8274995e+00   2.4662805e+00
   1.0049645e+00  -1.0621489e+00
   1.0746970e+00  -1.3139565e+00
   7.9982146e-01  -8.1423176e-01
   1.0048144e+00  -9.9689011e-01
  -1.0703727e+00   1.4914231e+00
   1.0710103e+00  -1.0932070e+00
   2.2009288e-01   1.1931608e-02
   5.7946491e-02  -2.6974978e-01
  -1.1147095e+00   1.4572129e+00
  -2.0196453e+00   2.1247588e+00
   5.2711256e-01  -5.2077716e-01
  -1.5021376e+00   1.4008650e+00
   1.7330654e+00  -1.4673197e+00
  -1.2357562e-01   5.9014900e-01
   1.2999902e+00  -1.0695263e+00
  -1.5126993e+00   1.7396376e+00
   1.3715461e+00  -1.2429988e+00
  -5.0849506e-01   4.6534443e-01
   5.4550203e-01  -7.6371197e-01
   1.0927773e-01  -4.4103208e-01
  -1.4922964e+00   1.3693534e+00
  -2.2293129e-03  -6.1398848e-01
  -3.9249844e-01   3.7822851e-01
  -1.4188101e+00   1.1288319e+00
  -1.2765923e+00   1.2297261e+00
  -1.0328026e+00   7.3832472e-01
   5.6378691e-01  -7.3563958e-01
  -1.6272652e-01  -3.9921292e-01
  -1.7336838e+00   1.5458900e+00
   1.9560529e+00  -1.4972057e+00
   1.2484971e-01  -4.1625498e-01
  -3.0761003e-01   1.0014138e-01
  -5.8721901e-01   6.5726206e-01
   5.6570459e-01  -6.8854796e-01
   3.0121151e-01  -3.4051778e-01
  -1.9245529e+00   2.1879901e+00
   8.5048889e-01  -9.4995166e-01
  -3.6308494e-01   4.8734294e-01
  -3.1321783e-01  -1.5267769e-01
   2.0153299e-01  -4.8463040e-01
   6.8999172e-01  -8.5278535e-01
  -1.0501591e+00   1.0906289e+00
  -2.2322206e-01   4.5925671e-01
  -8.7871829e-01   8.7255618e-01
  -3.1220158e-01   5.0808539e-01
   8.1080869e-01  -7.7174062e-01
  -3.8909608e-01   4.8823130e-01
   4.3023519e-02  -1.0909582e-01
   8.1212883e-01  -9.5064138e-01
   1.2070650e-01  -3.3993704e-01
   1.2762164e+00  -1.3845793e+00
   1.1820419e+00  -1.2950593e+00
   7.5454872e-02   6.9953990e-02
   3.8585218e-01  -6.6719191e-01
  -3.3547588e-01   2.2219884e-01
  -1.3079829e+00   1.4479649e+00
   4.2615502e-01  -3.0175060e-01
   8.9646354e-01  -9.7474253e-01
  -3.3833216e-02  -3.3295451e-01
   4.9911365e-02  -1.8809875e-01
   6.9696380e-01  -7.1755433e-01
  -6.9846937e-01   6.0972652e-01
  -6.6501558e-01   4.3210546e-01
   1.2677501e+00  -1.2994762e+00
   1.1869572e+00  -1.0615616e+00
   1.3800481e-01  -2.8885679e-01
   1.9683410e+00  -1.4981763e+00
  -1.5601082e-01  -1.1978523e-01
   3.6248009e-01  -5.0787571e-01
  -8.8093329e-01   6.0121552e-01
   8.9692264e-01  -7.7136172e-01
   5.3024727e-01  -7.1896926e-01
  -1.7883220e+00   2.2621955e+00
  -1.9010040e+00   1.9442270e+00
   3.8828545e-01  -8.4936133e-01
  -7.0816150e-01   9.6937588e-01
   2.8315243e-01  -4.4716043e-01
  -2.5185280e+00   2.4482540e+00
   1.9358245e+00  -1.4888700e+00
  -1.0115790e+00   6.8765637e-01
  -3.8265805e-01   1.9734598e-01
  -7.8531551e-03  -6.7685843e-03
  -7.8856513e-02  -7.6404141e-03
  -3.2496228e-01   4.2829395e-01
  -8.7094722e-01   8.5441218e-01
  -2.6961678e-01   3.5892531e-01
  -8.9019093e-01   8.6561504e-01
  -1.0819782e+00   1.3902159e+00
   5.1515038e-01  -6.1997237e-01
  -2.6371448e+00   2.8414429e+00
  -3.5812777e-01   4.6689290e-01
   3.7196594e-01  -3.2113776e-01
  -3.8840408e-01   5.9144501e-01
  -7.2456798e-01   9.2975965e-01
   2.2853281e-01  -6.0649343e-01
   5.2096083e-01  -7.4361367e-01
   2.9509601e-01  -4.4926517e-01
  -1.1158130e+00   8.4279415e-01
   1.9709701e+00  -1.3998680e+00
   4.7145025e-01  -4.8899617e-01
   6.6117238e-01  -5.5013348e-01
   7.5576508e-01  -6.5608606e-01
   1.4367252e+00  -1.3530079e+00
   4.6899132e-02  -3.3089109e-01
   5.5193389e-01  -6.6561005e-01
   3.8609360e-01  -3.0971004e-01
  -1.5949042e-01  -1.5398635e-01
  -5.7806077e-01   3.1108461e-01
  -6.3051784e-01   4.4163366e-01
  -1.0109506e-01   3.3195048e-01
  -1.7947114e-01   1.6235301e-01
  -1.9897823e-01   1.7663465e-01
   1.4475033e+00  -1.3417153e+00
  -6.0017730e-02  -2.5461471e-01
  -3.6962832e-01   5.1708636e-01
   1.7278008e+00  -1.4547565e+00
   6.7051797e-01  -8.0867460e-01
  -9.1751852e-01   8.0519405e-01
   1.3657060e+00  -1.3350811e+00
  -1.8101726e+00   2.2043462e+00
   8.0994762e-01  -9.1319055e-01
   1.9388838e-02  -3.4124189e-01
   4.5758435e-01  -3.1342874e-01
   4.7182246e-01  -4.3908857e-01
  -7.8663645e-01   7.9718879e-01
   2.2027176e+00  -1.5771943e+00
  -2.1299395e-01   1.0179210e-02
   3.7668240e-01  -2.9780637e-01
   9.2238376e-01  -1.1935463e+00
   2.0400276e+00  -1.4752789e+00
  -2.9153874e-01   1.1224478e-01
   6.3382699e-01  -9.7026509e-01
  -1.0196943e+00   8.3065484e-01
  -1.1825679e+00   1.2822745e+00
  -6.8708318e-02  -3.4701262e-01
  -1.0897542e+00   8.0672638e-01
   1.2605238e+00  -1.2895856e+00
   1.8334592e+00  -1.4398444e+00
   1.1436497e+00  -1.1266176e+00
  -1.3619253e+00   1.2740006e+00
  -6.1031591e-01   3.4025474e-01
  -2.0944252e+00   2.6207293e+00
   5.8947595e-01  -7.0507459e-01
   1.2381215e+00  -1.2009185e+00
   7.7919829e-01  -1.1260087e+00
   4.8096527e-01  -7.6695128e-01
   2.0355537e+00  -1.4773736e+00
   6.0884752e-01  -9.7639188e-01
  -1.9538389e+00   1.9354286e+00
   7.7471277e-01  -8.5162467e-01
   1.6714778e+00  -1.3523165e+00
  -2.0214543e+00   1.9581644e+00
  -5.8924981e-01   7.0901680e-01
   1.0682489e+00  -1.1637968e+00
  -2.9567916e-01   4.4275308e-01
  -1.9221123e+00   2.0246558e+00
  -1.7176706e+00   1.7649400e+00
   2.2127711e+00  -1.5750602e+00
   4.6414181e-01  -7.6303653e-01
  -3.3971875e+00   2.6872856e+00
  -1.6449590e+00   1.8406307e+00
  -1.0229479e+00   1.2547738e+00
  -7.1056818e-01   9.4159175e-01
  -3.9878941e-01   2.7454821e-01
  -4.0189310e-01   3.0513936e-01
  -1.3078910e+00   1.4308893e+00
  -1.4695320e+00   1.3825428e+00
   1.0607981e+00  -1.0501331e+00
   5.2961982e-01  -6.8930749e-01
   9.8050662e-01  -1.2559816e+00
  -6.7587316e-01   1.0987354e+00
   5.7398891e-01  -7.8186518e-01
  -1.0333628e+00   8.9490116e-01
   1.7258140e+00  -1.3964811e+00
   1.2809656e+00  -1.0501720e+00
   1.5856822e-01   1.4204622e-01
  -8.4290252e-02  -1.0692901e-01
  -1.3358787e+00   1.4044288e+00
  -9.0789454e-01   9.3351450e-01
   6.7973093e-02   1.8912442e-01
   6.1210185e-01  -8.1282527e-01
   2.5039634e-02  -2.9973823e-01
  -3.1760720e-01   4.6243674e-01
  -7.9126172e-01   2.4250109e-01
   8.8450796e-01  -1.2258004e+00
   5.6307009e-01  -5.4358262e-01
   8.3014383e-01  -1.0393174e+00
  -1.7093890e+00   1.3501791e+00
   7.6266321e-01  -8.6966110e-01
  -4.2556050e-01   1.5247542e-01
  -2.2506724e+00   2.3366762e+00
   1.0108095e+00  -1.0931771e+00
   7.4476336e-01  -9.7522102e-01
  -1.3411114e+00   1.6100894e+00
   3.0753366e-01  -6.3895743e-01
  -7.8426104e-01   3.8804909e-01
   3.1273529e-01  -3.8279749e-01
  -5.1689480e-01   2.1827881e-01
  -6.2661672e-01   3.6281711e-01
  -5.1516970e-01   6.2386079e-01
  -9.8543877e-01   1.0182994e+00
   8.8652520e-01  -1.1513277e+00
  -1.3753366e+00   1.4908292e+00
  -1.8067325e-01  -2.1278698e-02
   1.0358735e+00  -1.1074678e+00
   1.0823507e+00  -1.2140652e+00
  -2.9521308e-04  -4.9253208e-01
  -2.0442591e+00   2.2133697e+00
   3.3121725e-01  -3.5587822e-01
   1.0519272e+00  -1.0135815e+00
   8.1167854e-01  -1.0074502e+00
  -3.4544460e-01   4.5146328e-01
  -4.4058131e-01   4.6206247e-01
  -3.5019082e-01   8.7630007e-02
  -2.2555017e-01   3.3368231e-01
   6.4037538e-01  -8.2049577e-01
  -6.3255843e-01   5.0368779e-01
  -1.5039620e+00   1.8028347e+00
  -4.1599113e-01   2.1775586e-01
  -1.3304043e-01   2.0578726e-01
   7.2082968e-01  -6.8779173e-01
   3.4418477e-01  -6.0211509e-01
   2.5005050e-01  -3.9929106e-01
  -1.1087883e+00   1.4047334e+00
  -2.2885650e-01  -1.5100656e-01
   1.0522970e-01  -4.4769320e-01
  -7.7552328e-01   9.5217286e-01
  -3.2085941e-01   1.3244406e-01
  -1.9193275e-01   3.7591023e-01
  -1.9771727e-01  -2.0213854e-02
  -4.4832658e-01   7.4328096e-01
   1.1903821e-01  -5.9229175e-02
   1.3092695e+00  -1.1193842e+00
  -2.0538410e+00   2.1623012e+00
  -1.6386833e+00   1.5961196e+00
  -7.7942421e-01   8.2641430e-01
   7.8321288e-02  -5.4112278e-01
  -1.2987305e+00   1.7446089e+00
  -3.3004793e-02  -2.5588572e-01
   7.0191923e-01  -6.9010523e-01
  -1.0435814e+00   9.2615707e-01
   1.1138950e+00  -1.1009269e+00
   6.0492607e-01  -7.3515230e-01
   6.0076285e-01  -9.7594228e-01
  -1.0429197e+00   1.2212970e+00
   3.5066998e-01  -3.8475701e-01
  -6.1837104e-01   5.8371658e-01
   1.1301280e+00  -1.2659895e+00
  -1.5921169e+00   1.8322708e+00
  -6.2070539e-01   7.1203268e-01
  -1.4881928e+00   1.8209847e+00
  -3.1397020e-01   3.1297700e-02
  -2.2711643e-01   2.7594460e-01
   3.5672190e-01  -6.3138986e-01
   1.1737734e+00  -1.1375956e+00
  -3.6161009e-01   1.0346142e+00
  -2.4846642e+00   2.4143979e+00
  -3.8323557e-01   1.9834364e-01
  -3.9293163e-01   1.4116775e-01
  -2.2782049e+00   2.3878468e+00
   6.2515336e-02  -9.7964455e-02
  -1.1034954e+00   1.1844585e+00
   2.1426872e-01  -3.3249893e-01
  -1.4976420e-01   1.5146115e-02
   4.1011838e-01  -4.9440790e-01
   4.4736989e-01  -1.4134773e-01
  -1.3549751e-01  -2.1894676e-01
  -1.0521459e-01   2.8701242e-01
  -1.4576458e+00   1.5183037e+00
   7.5612910e-01  -9.9888275e-01
  -3.7671793e-01   1.4473036e-01
  -3.3969591e-01   2.5687729e-01
  -7.8456214e-02  -1.6525155e-01
   2.7878728e-01  -4.0063903e-01
   1.6251655e+00  -1.4081344e+00
  -8.7694504e-02   4.2433180e-01
  -2.0438888e+00   1.8838424e+00
  -5.6287262e-01   7.4896705e-01
  -2.8220241e-01   1.1845313e-01
   1.4439142e+00  -1.3233584e+00
  -1.0435425e+00   1.2462285e+00
   1.0085574e+00  -1.0996846e+00
  -6.6397198e-01   6.1209613e-01
   4.3235984e-01  -7.5420692e-01
   1.5345706e+00  -1.2514101e+00
  -8.2888099e-02   4.7490897e-02
  -1.4200932e+00   1.7494646e+00
  -1.3479888e+00   1.3294271e+00
  -1.3685310e+00   1.6334170e+00
   2.7876824e-01  -3.3379460e-01
  -3.8134199e-01   3.8347638e-01
  -6.5915599e-01   7.7350987e-01
   2.3294240e-01  -5.4843535e-01
   4.5003435e-01  -2.8230223e-01
   3.1246707e-02  -2.2223833e-01
   6.7219566e-01  -6.5934799e-01
   1.2397894e+00  -1.2818616e+00
  -2.5770483e-01   3.4605307e-01
  -1.4001829e+00   1.4616472e+00
   5.2394877e-01  -5.9565405e-01
   1.3111403e+00  -1.0531831e+00
   3.1862185e-01  -6.7027169e-01
  -1.0380107e-01   2.4487840e-01
  -3.1110085e-01   6.8566785e-03
  -1.4436463e+00   1.3954301e+00
  -6.8444188e-01   4.1512360e-01
   1.9815393e+00  -1.5364122e+00
   1.2588862e+00  -1.1850136e+00
  -8.4532618e-01   1.0241388e+00
   1.6511005e-01  -4.0668633e-01
   1.0118385e+00  -9.8936236e-01
   3.8740626e-01  -5.6496940e-02
  -2.3444184e-01   4.0559776e-01
   2.0935968e-01  -5.8761166e-01
   1.3550037e+00  -1.3795282e+00
  -1.4815253e+00   1.6359138e+00
   1.9036848e+00  -1.5521157e+00
   3.5629188e-01  -4.4997762e-01
   1.6630344e+00  -1.4961334e+00
   1.7046391e+00  -1.4414847e+00
  -9.9095329e-01   5.0016928e-01
  -9.5341849e-01   6.6869242e-01
  -2.3608060e+00   2.3441544e+00
  -1.7481754e+00   2.3706362e+00
  -7.1970603e-01   1.0410969e+00
   8.6325285e-01  -8.4417412e-01
   5.9106972e-01  -6.3764114e-01
  -4.5832149e-02  -6.4563617e-02
  -1.2367907e+00   1.3080412e+00
   4.5761591e-01  -8.1887513e-01
  -3.3117222e-01   1.3742813e-01
   1.4955218e+00  -1.2433617e+00
   5.3986200e-01  -6.3855275e-01
  -4.7602549e-01   1.0701455e-01
  -4.0755782e-01   2.2297876e-01
  -3.4706823e-01   2.1038460e-01
   4.5350367e-02  -4.0718911e-01
  -1.1357662e-01   4.6839566e-01
  -1.5547198e-01  -2.3717196e-02
  -5.2151194e-01   1.0065344e-01
   1.7395865e-01  -2.2503369e-01
  -1.7474060e+00   1.7559039e+00
   2.7307839e-01  -5.6588975e-01
   1.5706851e+00  -1.3839831e+00
   7.6099332e-01  -8.1486462e-01
   8.9934448e-01  -8.6824398e-01
  -5.7213799e-01   5.1655949e-01
  -1.2439231e-01  -4.0110314e-01
   3.0511055e-01   4.2532681e-02
   1.5207423e+00  -1.3718459e+00
   3.8094710e-01  -8.6638251e-03
   4.4678826e-02  -3.3130955e-01
   8.9970313e-01  -9.4607983e-01
   5.6509793e-01  -2.7055016e-01
   1.0392425e+00  -1.0390859e+00
   7.9725728e-01  -1.0326590e+00
   7.5505269e-01  -9.2346225e-01
   6.4814141e-01  -1.0596841e+00
  -3.0907063e-01   7.7031318e-01
  -1.6967061e-01   3.7677542e-01
  -2.9038158e-01   1.5938537e-01
  -2.2081178e+00   2.3803834e+00
  -1.6322152e+00   2.2469025e+00
   1.5600366e-01  -4.0197801e-01
  -2.4199864e-02  -2.1397688e-01
   2.3359991e+00  -1.5152627e+00
   9.9208165e-01  -1.0842493e+00
  -1.2380106e+00   1.7186702e+00
   2.0867995e+00  -1.5052069e+00
  -2.1433584e+00   1.8981417e+00
  -1.5965785e-02  -3.6761059e-02
   1.9885400e+00  -1.4992764e+00
  -2.0291692e+00   2.1715941e+00
  -1.9195935e-02  -3.1203090e-01
   4.2111701e-01  -6.6228329e-01
  -1.3839217e+00   1.2011676e+00
   6.6116082e-01  -9.1825640e-01
  -1.1949893e-02   7.6553935e-02
   1.1796141e+00  -1.2883804e+00
  -3.9473390e-01   3.3302174e-01
  -6.6938175e-01   7.4163193e-01
  -7.8058163e-01   7.1910233e-01
   1.1668137e+00  -9.1868670e-01
   5.9074345e-01  -3.4914859e-01
   1.1235534e+00  -1.1776007e+00
   9.3229787e-03   4.0712695e-01
  -4.3509025e-01   7.2054975e-01
   2.4294617e+00  -1.5975604e+00
   1.1698944e+00  -9.4968384e-01
  -1.0715703e+00   1.2061550e+00
   1.3214447e+00  -1.3465287e+00
   2.8117304e-01  -1.9037733e-01
   1.5960036e+00  -1.3988749e+00
  -1.9258489e-01   3.5349013e-03
  -1.1009290e+00   9.2941018e-01
  -1.6570077e-01  -1.5592182e-01
   1.3381526e+00  -1.1288287e+00
  -9.5388206e-01   9.0817710e-01
  -6.8383085e-01   6.7769561e-01
  -5.3739195e-01   3.8538817e-01
   4.3993713e-01  -7.4177945e-01
  -8.8126084e-02   1.5846395e-01
   8.2319704e-01  -8.1859552e-01
  -1.0826956e+00   1.2623010e+00
   3.7175530e-01  -3.7666210e-01
  -1.6234977e+00   2.0121176e+00
   1.5603909e+00  -1.1824261e+00
  -2.5581182e-01   5.8179066e-01
  -1.9707390e-01  -1.1851378e-01
   1.7727466e+00  -1.5074535e+00
  -2.4717609e-01   6.6710758e-01
   3.3090390e-01  -7.7672669e-01
   2.1538796e-01  -9.2770739e-02
   3.0673673e-01  -6.3006599e-01
  -4.4698856e-01   2.4091695e-01
   9.4508746e-01  -1.0673070e+00
  -1.0240565e+00   1.2275673e+00
   8.4080180e-01  -1.1423972e+00
  -8.9786790e-01   1.0466041e+00
  -5.7227697e-02  -1.1024263e-01
  -6.6382730e-01   1.3110724e+00
  -1.2426858e+00   1.4491306e+00
  -1.1940214e+00   1.5497356e+00
  -6.6397587e-01   8.4973393e-01
   4.5245010e-01  -6.0205655e-01
  -1.2821965e+00   1.4073517e+00
   3.1856793e-02  -8.7026072e-02
   4.4613921e-03   2.7656733e-02
   1.4010260e-01  -3.5655612e-01
   1.6897748e+00  -1.4806610e+00
  -8.4775373e-02   5.7778661e-02
  -1.5458915e-01  -2.3379824e-01
  -2.6173391e-01   1.3490895e-01
   3.8333943e-02  -4.8031308e-02
   1.1014197e+00  -1.0533456e+00
   1.0843668e-01  -1.0905116e-01
  -1.0756226e+00   1.3325058e+00
  -2.0012096e+00   2.4863787e+00
   8.1322139e-01  -1.1099223e+00
  -1.0764925e-01  -2.3713033e-01
  -1.8978499e+00   1.9978391e+00
   1.0708617e+00  -9.8606601e-01
   9.9592932e-01  -1.1132291e+00
  -6.2750785e-01   4.7150696e-01
   5.7553104e-01  -9.1361188e-01
   6.5836508e-01  -7.9853374e-01
   1.4199954e+00  -1.2624942e+00
  -1.0066835e+00   1.5061786e+00
   3.9445154e-01  -2.6262568e-01
  -4.3817355e-01   3.6355771e-01
  -5.8401083e-01   7.3543163e-01
   3.7826455e-01  -6.2754471e-01
   9.4640315e-03  -1.9133498e-01
  -8.3535622e-01   6.3421365e-01
   2.1827559e+00  -1.5368646e+00
  -5.9403768e-01   8.9085621e-01
   1.2501644e+00  -1.0511386e+00
   8.9458526e-01  -8.5002055e-01
   1.6363538e-01  -4.4719250e-01
  -8.3162509e-01   8.8044731e-01
   1.1482702e+00  -1.1903898e+00
   6.9745468e-01  -9.2590093e-01
  -4.5433845e-01   3.4961957e-01
  -9.3585397e-01   9.1294724e-01
   7.0031065e-01  -7.3733827e-01
   7.5099678e-02  -3.7315119e-01
   1.6145658e+00  -1.3344309e+00
   6.6221031e-01  -5.6058468e-01
  -5.7670573e-01   4.7181280e-01
   6.2675258e-01  -7.7350409e-01
  -8.6726635e-01   5.5733611e-01
   5.3899022e-01  -4.7469750e-01
  -3.7734882e-01   1.3477989e-01
   4.9388990e-01  -7.8095570e-01
   5.9533655e-01  -5.0977806e-01
  -7.5923128e-01   8.7155009e-01
  -1.4277366e+00   1.6569527e+00
   2.6866415e-01  -1.5515177e-01
   4.0324476e-01  -4.2047180e-01
  -3.7695516e-02  -3.4694338e-01
   5.6401775e-01  -6.7249657e-01
   3.4270092e-01  -4.9366950e-01
  -2.7120596e-01   6.4390195e-02
  -2.1973024e-01  -6.4013953e-02
  -3.9172322e-01   2.6301514e-01
  -1.6956382e+00   1.9361382e+00
   1.2437493e+00  -1.0180348e+00
   9.9994783e-01  -1.0007957e+00
  -1.2476898e+00   1.1677211e+00
  -2.5162221e-01  -4.6349680e-02
  -8.2783684e-02   1.0937284e-01
  -1.0107022e+00   1.1184127e+00
  -9.7403361e-02  -7.8088685e-02
   1.1988888e+00  -1.0721909e+00
   3.2277489e-01  -6.4986315e-01
  -5.6595258e-01   6.1236939e-01
   1.0511072e+00  -9.2609194e-01
  -3.4034891e-01   1.8108622e-01
   6.1808923e-01  -8.3482169e-01
  -9.9977859e-01   1.2448341e+00
  -8.0275222e-01   9.9872759e-01
   2.0915456e+00  -1.5104718e+00
  -6.9976800e-01   4.8680292e-01
   3.6475578e-01  -2.4060513e-01
  -9.5377319e-01   1.3730182e+00
   1.6024399e+00  -1.3926798e+00
  -3.5932233e-01   3.8049908e-01
  -9.4580431e-01   1.2357041e+00
   5.4548576e-01  -9.3399893e-01
   1.7447471e+00  -1.4537863e+00
  -5.5796317e-02  -7.8003228e-02
  -1.3145059e+00   1.1038928e+00
   7.9947254e-01  -9.8286953e-01
  -3.3166058e-01   2.5542674e-01
  -1.3960631e+00   1.3461722e+00
  -6.8202066e-01   3.7837768e-01
   1.1654774e+00  -1.2424063e+00
   1.9110210e+00  -1.5058805e+00
   4.7230360e-01  -6.3698850e-01
  -1.9342878e-01   4.2890703e-01
  -1.2801116e+00   1.0106593e+00
   4.9640015e-01  -8.0603574e-01
   1.0022749e+00  -1.1098850e+00
   1.4145961e+00  -1.3579397e+00
   1.1129087e+00  -1.3655764e+00
   1.7321268e+00  -1.5649919e+00
  -1.7846929e-02  -1.7170728e-01
   4.4564699e-01  -2.7983453e-01
   3.0156937e-01  -2.8920323e-01
   3.2545362e-02  -3.3286341e-01
   1.8818198e-01  -6.5366364e-01
  -7.4572673e-01   1.1106823e+00
   3.3894253e-01  -5.0990877e-01
  -1.7241931e-01   3.1756955e-01
  -1.5340580e+00   1.6431948e+00
  -1.2996625e+00   1.2184070e+00
  -1.2930003e+00   1.0539207e+00
  -5.2975718e-01   3.8345167e-01
  -7.5305933e-02   2.5388720e-01
  -4.4790857e-01   6.0874319e-01
  -3.6750673e-01   6.6289587e-01
  -2.4418715e-01  -1.8254624e-01
  -8.0876092e-03  -1.6033632e-01
   1.2266423e+00  -1.1438623e+00
   2.1423461e+00  -1.5197183e+00
   7.6775487e-01  -7.6150376e-01
  -4.0025576e-01   7.1343217e-01
   1.0249195e+00  -1.1549021e+00
  -9.3721281e-01   1.2445534e+00
   5.2548720e-01  -4.5383290e-01
  -1.1063718e+00   1.0693065e+00
   1.2832923e-01  -1.5358041e-01
