   8.9083510e-01  -7.0348468e-01
  -1.1523483e+00   7.3778962e-01
   1.8855909e-01   3.7813244e-01
  -1.8297323e+00   1.2098325e+00
   3.8188104e-01   6.2351264e-02
   1.1591140e-01  -3.1623947e-01
  -4.9919294e-01   4.2885412e-01
  -1.0334588e+00   1.0709227e+00
   7.1144157e-01  -4.6923952e-01
   3.1017598e+00  -3.4726446e+00
   1.0364273e+00  -5.6141722e-01
   7.9442492e-01   9.9217977e-02
  -7.2486202e-01   1.2085960e+00
   1.1609461e+00  -1.1321664e+00
  -1.2985567e+00   2.1137471e+00
  -7.3721477e-01  -9.7758295e-02
  -1.0018340e+00   7.7176073e-01
  -4.6127894e-03  -8.8048761e-02
  -1.2581443e+00   1.5167063e+00
   3.4628135e-03   4.2775373e-01
  -1.5081952e-01  -3.1278900e-01
   1.0939179e+00  -9.9364226e-01
  -9.7621280e-01   5.7053272e-01
  -1.6825392e+00   1.2513875e+00
  -1.0913411e+00   1.0432670e+00
   1.3795246e+00  -2.6188084e+00
  -2.2220876e-01   2.3089511e-01
   3.2355089e-01  -3.4615918e-01
   2.5199403e-01  -7.2823254e-01
   6.9720010e-02   1.9493260e-01
  -2.8453051e-02   2.4690494e-01
   2.6732590e-01   5.0732305e-01
   1.9975100e-01  -8.6576363e-01
   9.1768139e-01  -8.7814404e-01
  -1.1218809e+00   1.1518650e+00
   1.4771572e+00  -1.8938930e+00
  -4.7174842e-01   5.9086158e-01
   4.3872512e-01  -1.8813516e-01
   6.1802106e-01  -2.1587507e-01
   4.8567607e-01  -6.2767469e-01
  -4.3532330e-01   5.2907329e-01
  -2.4993609e-01   1.3871049e-01
  -7.5366908e-01   6.9701939e-01
  -5.7544288e-01   6.2932733e-01
  -6.8921778e-01   1.1680111e+00
   1.0570422e+00  -1.3463286e+00
   8.3527708e-01  -1.9413125e-01
   5.0735096e-01  -1.9558087e-01
   7.9553849e-01  -6.2102793e-02
   7.2723922e-02  -4.1416208e-01
   6.6307983e-01  -8.2242222e-01
  -5.4912256e-01   1.2334773e-01
   2.7947483e-01  -1.2026672e-01
   5.6933801e-01   4.3708878e-02
  -9.1222387e-03   4.6654984e-01
   2.2769434e+00  -1.7230227e+00
   9.3563545e-01  -7.3811503e-01
  -1.1681591e+00   1.2685650e+00
   1.6711818e-01   5.0270349e-01
  -6.8779241e-01   6.7895977e-01
  -1.2651378e+00   1.0238094e+00
   4.1028882e-01  -4.9236837e-01
  -1.6171668e+00   1.4035523e+00
  -1.8390536e+00   1.4702805e+00
  -4.6619580e-01   8.4699736e-01
  -9.1714441e-01   6.4239932e-01
  -1.6469736e+00   1.7432850e+00
  -3.4624336e-01  -6.9369692e-02
  -3.7974675e-02   8.5938018e-02
  -5.3277995e-01   2.2198316e-01
   1.1963457e-01   2.7952282e-01
  -1.2066015e+00   1.3164414e+00
   2.5047493e+00  -1.9171900e+00
  -1.1483105e+00   1.0314518e+00
  -3.2470355e-01   7.3716563e-01
  -8.0285812e-01   6.4586116e-01
   1.4164749e+00  -1.4007766e+00
  -5.1954682e-01   1.0930627e+00
   3.3180907e-01  -1.5936061e-02
  -3.8915900e-01   1.8128021e-01
   7.9421449e-01  -1.9596506e-01
  -1.6781869e+00   1.5582669e+00
  -6.6454376e-01   4.6899577e-01
   1.8754327e+00  -2.2491495e+00
  -1.4186378e+00   1.0862773e+00
  -1.5341429e-02   3.7048224e-02
   5.8213322e-01  -2.4947779e-01
   3.1513946e-02   2.3699483e-01
  -1.5848324e-01   8.3059537e-01
  -6.7545557e-01   1.0521235e+00
  -7.5688111e-02   1.6622426e-01
   1.2506266e+00  -6.6049483e-01
  -1.1798492e+00   1.3268437e+00
  -6.8554046e-01   4.6103002e-01
   8.9937093e-01  -3.7362767e-01
  -7.4589415e-01   5.8304050e-01
  -5.4100008e-01   4.3094460e-01
   3.7686552e-01  -1.2985450e+00
   1.4957410e+00  -1.2174270e+00
   5.9886005e-01   3.3483083e-01
  -1.6313579e-01   8.6717875e-01
   2.8076639e-01  -7.7749546e-01
   1.9569131e+00  -2.6252170e+00
  -1.7857348e+00   1.9455200e+00
  -4.4354917e-01   5.9506058e-01
   1.8114687e+00  -1.0579682e+00
  -3.6453551e-01  -1.1693729e-01
  -7.8391946e-01   3.3696541e-01
  -4.7959678e-01   4.3708173e-01
  -2.2004106e+00   1.7878532e+00
  -2.0417156e-01   1.1476651e-01
   9.4815422e-01  -2.6427083e-01
   5.0913109e-01  -6.4496247e-01
  -1.2109220e+00   3.8065386e-01
   1.6622818e+00  -1.4388100e+00
   5.7243019e-01  -1.0550536e+00
   1.1674253e+00  -1.4342462e+00
   6.2610653e-01  -1.8728189e-02
   2.7628836e-01   6.9989255e-02
  -6.0822112e-01   6.9511568e-01
   2.9397482e-01  -7.5993837e-01
   3.1188390e-01   6.1332666e-01
  -9.5968957e-01   9.0532755e-01
   6.0621268e-05   5.5997221e-03
   6.9743422e-01  -1.5075668e-01
  -1.1169739e+00   1.3269565e+00
   7.9043687e-01  -3.4464930e-01
   4.5053887e-01  -8.5866963e-01
   2.2045079e-01  -9.5255231e-01
  -4.6175907e-01   5.4955155e-01
   2.1311604e+00  -2.2440548e+00
   3.6836860e-01  -4.6907506e-01
   1.1695850e+00  -1.5778206e+00
   1.0477772e+00  -1.4494732e+00
  -6.4492412e-01   7.3090840e-01
  -8.5628835e-01   1.0803511e+00
  -2.4309335e+00   1.1944702e+00
   4.9835841e-01  -1.8737703e-01
  -2.1452460e+00   1.9720210e+00
   1.1129395e+00  -8.4384967e-01
  -1.3975073e+00   1.0157860e+00
  -3.2593471e-01  -3.8851572e-01
  -1.2051002e+00   6.9583541e-01
   2.1737840e-01  -1.3261813e-01
   1.4690959e-01   4.6900051e-01
   9.3086572e-02  -1.3687883e-01
   1.5343325e+00  -1.7313031e+00
  -4.5775120e-01   5.8148899e-01
   7.2744331e-01  -1.2478878e+00
  -1.5895299e+00   1.5916965e+00
   1.6381886e-01  -2.8174790e-01
   1.2371820e+00  -1.5164234e+00
  -1.0916528e+00   1.0794430e+00
   3.9463623e-01  -1.3233999e-01
  -3.7147588e-01   4.6186343e-01
   2.0206739e-01   5.9918380e-02
  -5.3830170e-01   1.2409413e+00
   3.4619816e-01  -4.6159213e-01
  -2.3419934e+00   1.8186294e+00
   1.1721618e+00  -1.6760940e+00
   1.1478128e+00  -1.5373293e+00
   2.0791782e+00  -2.1639447e+00
  -2.3115575e+00   1.8229406e+00
  -6.0183402e-01   9.6147977e-01
   2.8192603e-01  -4.5319584e-01
   8.5980241e-02  -8.6975659e-01
  -3.1429045e-01   7.9057983e-01
   6.3470388e-01  -1.0316877e+00
   8.9712461e-01  -4.8599215e-01
  -3.7996809e-01   1.5214226e-01
   1.9882479e+00  -2.0518627e+00
   7.9564993e-01  -5.4892129e-01
  -1.2284913e+00   6.2337980e-01
  -4.2437676e-01   4.9209716e-01
   4.0350042e-01  -8.8224350e-01
  -2.1280430e+00   1.3071263e+00
  -7.9562428e-02  -1.3877116e-01
  -5.6441899e-01   1.0338131e+00
   4.1587776e-01  -8.4224633e-01
   1.2411837e+00  -1.2756541e+00
   4.3433988e-01  -9.8556798e-01
   9.1867128e-01  -1.2862918e+00
   9.1089340e-01  -3.6087868e-01
  -1.4992913e+00   1.0752851e+00
  -1.4818941e+00   1.6280334e+00
   6.3554342e-01  -2.4402316e-02
   4.2365059e-01  -2.5796194e-01
  -1.8844766e+00   1.5390172e+00
   2.0144640e-01  -2.6947945e-01
   3.7655408e-01  -5.5052664e-02
  -9.1994255e-01   8.6748956e-01
   7.1908497e-01  -8.9748232e-01
   1.0035159e+00  -1.3929882e+00
  -1.7771714e-01   1.7656871e-01
   4.5121602e-01  -3.7636733e-01
   5.4954494e-01   2.3772990e-02
   1.4789500e+00  -1.7524012e+00
  -3.0198878e+00   2.3545378e+00
  -7.5965442e-02   3.4995822e-01
   8.7242221e-01  -1.0992366e+00
  -7.6490235e-01   9.2126692e-01
   1.3966843e+00  -1.3690036e+00
   5.1521045e-01  -1.0734374e+00
  -1.3680754e-01   1.0933912e-01
  -1.8395580e-02  -1.5743880e-01
   4.0810618e-01  -3.5227458e-02
  -1.0075325e+00   1.1733986e+00
   8.8802771e-01  -1.1168821e-01
  -1.0952903e+00   8.6336292e-01
  -1.3224599e+00   9.8262854e-01
   8.0112213e-01  -6.4206312e-01
  -8.4499782e-02   5.6079854e-01
  -1.5220788e+00   9.6898529e-01
   1.6806483e+00  -2.2951343e+00
  -1.4199819e+00   1.3005537e+00
   1.0482042e+00  -9.1055519e-01
  -3.4824233e-01   1.1655326e-01
   9.1876093e-01  -9.0189089e-01
  -1.0017166e+00   1.1707649e+00
  -1.4101706e-01   2.7609060e-02
  -1.8818216e-01   1.9125901e-01
  -1.1131871e+00   8.0676787e-01
   1.6498384e+00  -1.3774266e+00
  -4.2007929e-01   1.6648992e-01
   1.0232945e+00  -3.6521339e-01
  -6.1395805e-01   1.1084145e-02
  -1.1336905e+00   1.5959873e+00
   8.2513231e-01  -6.2258341e-01
  -2.4461015e+00   1.6546929e+00
   9.1888445e-01  -4.2891580e-01
   6.1287282e-01   3.3442847e-02
   2.0203137e+00  -2.4694162e+00
  -5.4550806e-01   7.3460821e-01
  -4.8069393e-01   1.7218718e-01
   1.0318440e+00  -9.1304875e-01
   1.0773599e+00  -1.7105039e+00
   5.1191938e-01  -3.3665854e-01
  -9.8340208e-02  -2.0569322e-03
   1.3533439e+00  -4.7288654e-01
  -8.5508484e-01   6.8323614e-01
  -9.6605848e-01   1.0268885e+00
  -3.1390043e-01   9.3129666e-01
   9.6528401e-01  -2.6411107e-01
   9.2993248e-01  -5.2201132e-01
  -7.4412478e-01   9.9539740e-01
  -5.4522625e-01   6.8385831e-01
  -6.7112969e-02  -1.1747997e-01
   7.6620669e-01  -1.3822475e+00
  -1.5902968e-01   1.2407393e-01
   8.9636831e-01  -7.2750227e-01
   1.3913372e+00  -1.0609612e+00
   2.3425617e-01  -2.5831402e-01
   1.1911897e+00  -8.5107166e-01
   4.9518927e-01  -3.2227886e-01
  -4.6278084e-01   8.3650041e-01
  -2.3535121e+00   1.3938061e+00
  -3.7600542e-01   1.9876217e-01
   6.0725815e-01  -9.6179291e-01
  -1.0891313e+00   1.1381442e+00
  -1.0074094e+00   3.2287330e-01
   6.3728216e-01  -4.1042890e-01
  -9.9094985e-01   7.2219548e-01
   1.0301504e-01   9.6174071e-02
   4.9051671e-01  -5.6185042e-01
  -4.8185604e-01   4.5845935e-01
   8.5424520e-01  -6.0899767e-01
  -1.5866013e+00   1.4960413e+00
  -7.6537783e-01   5.5062876e-01
   1.6818970e+00  -1.3001157e+00
   1.7392938e-01   1.1834910e-01
  -4.9691951e-02   5.8845885e-01
   9.7475434e-01  -4.0622494e-01
   3.4940058e-01   1.9868418e-01
   1.4316595e-01  -3.9210876e-01
   6.8655447e-01  -1.6223571e-02
  -1.0450719e+00   9.3394077e-01
   2.7714118e-01  -1.3774342e-01
   1.0616054e+00  -9.6176801e-01
  -1.4624622e+00   1.0097351e+00
   2.6914605e-01  -3.0165109e-01
   4.7762637e-02   1.4642918e-01
   7.1788154e-01  -1.9552615e-01
  -1.5019910e-01   1.5316149e-01
   2.4406711e-01  -4.1126205e-01
  -9.3492579e-01   9.0862960e-01
  -1.1479895e-01  -8.4470289e-02
  -1.6848516e+00   1.0430628e+00
  -1.2946506e+00   1.3493296e+00
  -6.7016148e-03  -2.5447564e-01
  -2.1586341e-01   3.4763237e-01
  -4.1001962e-01   7.3865817e-01
  -5.8935106e-01   2.7315661e-01
  -4.3789570e-02   2.1475393e-01
  -2.1423150e-01  -9.8560757e-03
  -1.1011539e+00   1.2747210e+00
   2.5829385e-01   2.1187264e-02
  -4.4194192e-01   4.5475369e-01
  -1.2885941e+00   7.7729186e-01
  -5.9186912e-01   5.0299507e-01
  -2.2628776e+00   1.8906844e+00
  -2.8155977e-01  -1.5391660e-01
   1.4215226e-01   6.0187229e-01
   3.8773841e-01   3.2819270e-02
  -1.7566080e+00   1.4399281e+00
   5.6034109e-01  -1.0339311e-01
   1.4071195e+00  -5.6028070e-01
   3.7349409e-01  -3.7688202e-01
  -6.6071234e-01  -5.5352417e-02
  -2.9749241e-01   7.7955785e-01
  -8.9997454e-01   7.5033196e-01
  -1.3806430e+00   9.0769168e-01
  -1.7929151e+00   1.6932249e+00
   7.7411453e-01  -1.0659473e+00
   6.7264617e-01  -5.2993762e-01
  -4.0760485e-01  -2.9522115e-02
   1.0165344e+00  -8.0437464e-01
   9.8387952e-01  -3.3429636e-01
   2.8156135e-02  -3.0031279e-02
   1.6433960e-01  -3.1452901e-01
  -6.0208242e-02  -3.9965431e-01
   5.5225314e-01  -2.7079196e-01
  -8.6201166e-01   1.4311478e+00
  -1.4962121e-01  -2.9144830e-01
  -1.6686532e+00   1.4591309e+00
   2.7910171e+00  -3.2896396e+00
   1.1634272e+00  -9.1588938e-01
   2.6400151e-01  -1.5542887e-01
   9.1867694e-01  -7.6298092e-01
  -4.3432500e-01   1.0912308e+00
   2.9991300e-01  -1.1050861e+00
   1.4794595e+00  -9.4563668e-01
   4.4453410e-02   4.8054814e-01
   1.0667627e+00  -1.1526359e+00
   1.5549836e+00  -1.6063648e+00
  -4.4541484e-01   5.5397906e-01
  -5.8467546e-01  -2.5972526e-02
  -1.2588196e+00   5.0180712e-01
   4.6218105e-01  -1.9514069e-01
  -5.0733245e-01  -3.9392964e-01
   1.9490274e+00  -1.6016001e+00
   1.1352732e+00  -1.1704423e+00
   7.1204592e-01  -2.5096134e-01
  -7.9008769e-01   7.6614803e-01
  -1.8411382e+00   1.5938750e+00
  -2.8361943e-01   5.5796354e-01
  -4.8075259e-01   6.9655161e-01
  -8.5240913e-01   1.7091977e+00
   2.6404658e-02   2.9963067e-02
   1.1880309e+00  -7.5883640e-01
  -9.2305740e-01   8.2229452e-01
  -1.8135036e+00   1.7125147e+00
   4.7825517e-01  -4.8207732e-01
  -2.3572253e+00   1.6911806e+00
   1.1000906e+00  -7.7037530e-01
   2.7773649e-01  -3.6800890e-01
  -7.1683794e-02   5.8356951e-01
   5.2305263e-01   8.0478089e-01
  -1.7469349e+00   1.5745886e+00
   9.6604826e-01  -8.6219711e-01
   5.4378791e-01   5.3354953e-01
  -7.7605557e-01   4.6238750e-01
   8.6636761e-01  -9.1541367e-01
   7.2488681e-01  -1.0969165e+00
  -6.5215854e-01   4.6838930e-01
   1.3481520e+00  -4.2168383e-01
  -1.0750692e+00   7.6224651e-01
   2.0159906e+00  -1.5063538e+00
   1.2032864e-01   3.7069082e-01
  -2.4094774e-01   4.9719057e-02
   9.5419959e-01  -1.7114227e-01
   4.3366299e-01  -6.7075421e-01
  -7.1794218e-01   1.2002395e+00
   6.6252533e-01  -8.9328489e-01
  -1.9675868e-01   6.9066878e-01
  -6.4666582e-01   7.8738216e-01
  -3.8218169e-02   8.5518547e-01
  -4.3083685e-01   3.7993278e-01
  -2.0888033e-01   2.8194175e-02
   7.2022198e-03  -1.3143778e-01
  -1.0607955e-02  -3.1388622e-01
  -7.2321906e-01   5.8708305e-01
  -9.3351764e-01   9.6923536e-01
   7.4810296e-01  -4.3230171e-01
  -2.7970605e-01   5.1924316e-01
   1.2535876e+00  -1.2810514e+00
  -1.1844979e-01   2.3630039e-01
   4.0020752e-01  -2.5515286e-01
   1.1734975e+00  -8.3123451e-01
   7.9980494e-01  -4.1415453e-01
  -2.5064492e-02  -3.0460199e-01
   1.0886680e+00  -6.3987644e-01
  -1.1800116e+00   6.7264992e-01
   6.9752463e-01  -6.7166035e-01
  -2.1264950e+00   1.1705319e+00
   4.7051006e-01  -6.8818697e-01
  -4.0427880e-01   1.2188308e-02
   1.7120098e+00  -2.5930888e+00
   6.2625416e-01  -6.0739489e-02
  -3.5193675e-01   9.0736975e-01
  -5.7136684e-01  -1.9298686e-01
   3.3853250e-01   1.9497247e-01
   2.2775138e-01  -2.7558255e-01
  -4.8385248e-01   6.4968103e-01
   6.3728196e-01  -3.6591425e-01
   1.0160550e+00  -1.5094070e+00
   3.2977315e-01  -4.3035722e-01
  -8.4656138e-01   8.6811256e-01
  -2.3973556e+00   1.4273747e+00
  -1.3717400e+00   7.9080122e-01
   3.2643852e-01  -1.4254175e-01
   2.8728768e-01   1.7466683e-01
  -5.1999741e-01   6.7053285e-01
  -3.8296152e-01   3.9986982e-01
   7.8175653e-01  -5.0232096e-01
  -1.3994997e+00   1.3528394e+00
   2.3736247e-01  -4.1335446e-01
  -1.1328873e-01  -4.7487733e-01
  -5.6850341e-01   6.1092592e-02
   4.6599623e-01  -5.7911456e-01
   2.1646295e-01  -1.4138887e-01
   5.5305810e-01  -7.3471664e-01
   1.0768959e+00  -6.4541773e-01
   1.4069586e-01   3.7832019e-01
  -8.1709707e-02  -1.7718980e-01
   3.7115484e-01  -7.2447660e-01
  -3.0747024e-01  -5.8580032e-02
   6.0794712e-01  -7.8578394e-01
   2.3798922e-01  -2.4890628e-01
  -1.4092689e+00   1.6347865e+00
  -7.7174714e-01   9.4643060e-01
   1.1840324e+00  -6.6063530e-01
  -7.2547666e-01   7.7865712e-01
  -3.5477001e-01   3.7007831e-01
   3.6581886e-01  -5.5201242e-01
   3.0746734e-01  -1.4504423e-02
   7.1280537e-01  -1.1484327e+00
  -1.3372936e+00   1.7493526e+00
  -3.2037780e-01   5.4192941e-02
  -1.2275082e+00   1.6419019e+00
   6.5525859e-01  -2.3990436e-01
   2.2735864e+00  -2.7013964e+00
  -5.0017885e-01   1.3817343e+00
   1.3953990e+00  -1.8505278e+00
   3.3190930e-01  -4.0486164e-01
   3.3788975e-02   4.8462777e-02
   1.4371010e+00  -1.8982514e+00
   1.4767108e-01  -5.3923040e-01
   1.4040112e-01   4.7721760e-01
   2.6891670e-01  -4.0733121e-01
   1.5446860e+00  -1.4396812e+00
  -6.1383200e-02   5.7730910e-01
  -1.7305357e+00   9.6776938e-01
   7.8750390e-01  -5.7043322e-01
  -8.6031318e-01   1.1700417e+00
   2.8925198e-01  -1.3089952e-02
  -1.5535753e-01   1.9791134e-01
   1.3596649e+00  -2.1154230e+00
  -1.3116493e+00   7.0284208e-01
   4.7583478e-01  -4.4861286e-02
  -5.8661985e-01   1.4566459e+00
  -2.0004017e+00   1.2784472e+00
   1.6584999e+00  -1.6717898e+00
  -2.2321766e+00   1.0813997e+00
  -8.3067005e-01   9.3057726e-01
   2.1616954e-01  -1.1274641e-01
   6.1771117e-01  -6.5161714e-01
   7.5796596e-01  -7.1545279e-01
  -8.1288555e-01   1.1672494e+00
  -1.0886698e+00   1.8730819e+00
   2.9305638e-01   1.4385846e-01
   3.8577756e-01  -3.2366140e-01
   7.6991097e-01  -4.3010564e-01
   2.1943690e+00  -2.9269593e+00
   1.5633434e+00  -1.9924274e+00
   4.3725829e-01  -3.9731886e-01
  -2.6286564e-01   2.1229182e-01
   1.5718781e+00  -1.4398995e+00
  -1.3374705e+00   1.2780269e+00
   1.1705645e+00  -9.3140161e-01
   1.7567974e-01   8.2847874e-02
  -2.3080444e-01   4.5335085e-01
   3.5868282e-01  -3.0348893e-01
   1.3592009e+00  -8.9602931e-01
  -5.8832258e-01   6.4544993e-01
  -1.1623538e+00   1.0615538e+00
   4.4931893e-01  -7.3563907e-01
  -3.9951453e-01  -1.9126320e-01
   5.1162750e-01  -1.5673207e-02
  -1.6262266e+00   2.0583177e+00
  -5.6777017e-01   6.3057542e-01
   1.4987790e+00  -1.4507061e+00
   1.4008517e+00  -6.5629555e-01
  -2.1307630e-01   7.8926524e-01
  -4.4221053e-01   1.9686975e-01
  -3.2921056e-01   7.1576620e-01
   9.1365847e-01  -4.9346742e-01
  -2.7939220e+00   1.8174900e+00
   1.5718011e+00  -3.1167677e+00
   9.8337994e-02   2.6970351e-01
  -4.6022931e-01   3.3254290e-01
   3.7063516e-01  -2.4244976e-01
  -1.1045414e+00   1.3683926e+00
  -6.3467664e-01   6.5959460e-01
   6.7489045e-01  -4.7453321e-01
  -8.2572609e-01   6.3512023e-01
   8.2624003e-01  -8.7275563e-01
  -4.4983166e-01   5.0789900e-01
   7.2446861e-01  -1.3820125e+00
   1.5087403e+00  -1.8710823e+00
  -1.0481842e+00   1.0078628e+00
  -3.9974665e-01   1.3749583e-01
   1.8247143e+00  -1.7560118e+00
   1.5582364e+00  -1.6349525e+00
   1.8378639e+00  -1.8841967e+00
   6.8758994e-01  -9.7159237e-01
  -8.6245464e-02   2.7562706e-01
  -4.1927898e-01   5.5461131e-01
  -2.0394554e+00   1.0707522e+00
   4.3382135e-01  -2.5839686e-01
  -7.2759001e-02  -4.5913345e-02
  -8.4959987e-01   8.4392063e-01
   1.3029353e+00  -1.5574252e+00
  -1.3204025e+00   1.5035148e+00
   4.8678647e-01  -5.3086730e-01
  -1.4548616e+00   1.6454005e+00
   2.6217634e-02   2.9483131e-02
   7.6181860e-01   8.9098324e-02
   1.4570462e+00  -1.5423018e+00
   2.7216150e-01  -5.5329365e-01
   8.0777952e-01  -1.7444991e+00
  -1.1267154e+00   1.1339756e+00
   3.5584557e+00  -4.5118898e+00
  -1.3373951e+00   1.1414031e+00
  -8.9406865e-01   9.1780340e-01
   5.7195407e-01  -4.5956867e-01
   3.4743452e-01  -5.0599450e-01
  -7.8513485e-01   1.4780643e+00
  -5.7888783e-01   6.2793783e-01
   2.0729115e-01   2.4748068e-01
  -1.0234429e+00   9.0186091e-01
   5.2198955e-02  -3.8419359e-01
  -9.2916458e-01   7.9259542e-01
  -1.1599995e+00   9.6733383e-01
  -8.9162520e-02  -3.1508659e-01
  -7.6879424e-01   1.4553353e+00
  -9.4261211e-01   3.7294650e-01
  -1.1485029e+00   1.0874644e+00
  -8.8463432e-01   9.9662133e-01
   2.0455328e-01  -1.6841100e-01
  -9.8723351e-02   9.7431177e-03
   9.2863295e-01  -3.8185995e-01
   6.0067603e-01  -7.1473459e-01
  -1.0683794e-01   8.5091305e-01
  -3.2371887e-01   7.1372581e-01
   1.0257724e+00  -1.0368556e+00
   2.2634913e+00  -2.0814652e+00
   2.9624252e-01  -4.7853736e-01
   8.4699886e-01  -8.0341130e-01
   1.2406202e+00  -1.7905536e+00
   4.8923399e-01  -1.0160351e+00
   4.0194398e-01   2.7472741e-01
   1.1203292e-01   3.1349219e-01
  -9.6621791e-01   5.1322115e-01
   7.3370258e-01  -6.6126105e-01
   8.7452366e-01  -6.1785387e-01
   2.0069142e+00  -2.6375318e+00
  -7.1981829e-01   5.1885084e-01
  -1.6497534e-01   6.2761459e-01
   2.0153907e-01   4.6849720e-01
   1.3929265e+00  -1.7963263e+00
   5.4261704e-01  -1.1702409e+00
   6.1043687e-01  -6.2222515e-01
  -1.5739092e+00   1.2637170e+00
  -1.8387775e+00   1.6766213e+00
  -7.4259868e-01   6.2775481e-01
   2.8810059e-01  -2.5009354e-02
  -7.0076174e-01   8.4410521e-01
  -6.0357893e-01   1.7739117e-01
  -5.9268032e-02   4.5349617e-01
  -5.8319450e-01   7.2111835e-01
  -3.5314392e-01  -6.1571033e-01
   1.1589559e+00  -5.5216937e-01
  -4.8113355e-01   4.7126388e-01
  -1.6228015e-01  -6.3422178e-02
  -6.4265972e-01   1.0225332e+00
   2.6468212e+00  -3.6961662e+00
  -1.7121214e+00   1.0799152e+00
  -1.8465768e+00   1.4654006e+00
  -1.0090676e+00   8.2450610e-01
   4.3246294e-01  -6.2078338e-01
  -4.4573707e-01   7.0131547e-01
   3.2704100e-01  -5.4563340e-01
   1.2454982e+00  -1.3473001e+00
  -2.0608018e-02   8.5799051e-02
  -7.8461313e-01   5.7257962e-01
   1.1204027e+00  -1.1062525e+00
  -1.2828439e-01   3.5054472e-01
  -7.0101285e-01   5.7413535e-01
   7.9838856e-01  -2.5006836e-01
  -1.4864516e-01   4.6441971e-01
   9.4970150e-01  -8.8741131e-01
   9.5646318e-01  -1.2297054e+00
   4.6791006e-01  -7.8965873e-01
  -1.0800258e+00   1.1202335e+00
  -2.7229550e-01   9.6025179e-01
  -8.3244203e-01   7.5085042e-01
  -1.2756109e-01   1.0024230e+00
   1.1339131e-01   4.4918250e-01
  -1.0227287e-02   3.1037594e-02
  -1.1060963e+00   1.2153158e+00
  -6.1819488e-01   8.2168171e-01
   7.4112938e-01  -8.4320621e-02
  -2.6840163e-01  -2.7603014e-02
   4.4365498e-01  -9.2522156e-01
   1.2506874e+00  -1.2792228e+00
  -1.9137898e+00   1.4702204e+00
   4.9051997e-01  -5.3645287e-01
  -6.9179160e-01   4.2112605e-01
  -1.3922928e+00   9.2582453e-01
   6.9717633e-02   5.0608288e-01
   1.3912269e+00  -1.1921603e+00
   9.3436407e-01  -1.0459494e+00
  -1.4886109e+00   1.4065930e+00
   1.1347150e+00  -8.5688349e-01
  -1.3994704e-01   1.1651488e-01
   4.4237265e-01  -5.4233926e-01
  -4.4177655e-01   5.3708379e-01
   2.1441012e-01  -3.1435831e-03
   7.0520028e-01  -1.1996783e+00
  -2.6658986e-01  -3.1847380e-02
   1.7890551e+00  -2.2197441e+00
  -9.8196430e-01   1.3415132e+00
  -2.5361719e-01  -1.2376361e-01
  -3.5110623e-01   6.9223952e-01
  -2.0590708e+00   1.5629440e+00
  -5.7766780e-01   7.0400258e-01
   1.9868856e+00  -1.7312459e+00
  -9.2295813e-02   6.8875746e-01
  -5.1927592e-01   9.3187647e-01
  -1.2758773e+00   1.6074042e+00
   3.2192782e-01  -3.5824278e-02
   3.1289289e+00  -3.6093807e+00
   6.5022504e-01  -1.9930317e-01
  -8.6542292e-01   5.1257378e-01
  -5.8453758e-01   9.1137772e-01
  -7.0268586e-01   1.1210031e+00
   2.0319765e-01  -2.5789054e-01
   4.2002522e-01  -6.8059440e-01
  -2.2596898e+00   1.4649508e+00
  -5.4279423e-01   8.8410144e-01
   3.1410342e+00  -4.7226663e+00
   9.6355135e-02  -4.4008746e-01
   4.9636860e-01  -1.1396920e+00
   4.5506082e-01  -1.1312759e-01
  -1.0820965e+00   4.0551265e-01
   9.1114265e-01  -1.6873122e+00
   1.7974562e-01   3.6146655e-01
   4.3795456e-01  -5.0202741e-01
  -6.7555310e-01   1.0820938e+00
  -5.7051210e-01   6.6088443e-01
  -1.7948100e+00   1.5852772e+00
  -9.7390532e-01   5.2638122e-01
  -1.2920194e+00   1.7555084e+00
   1.6204738e+00  -2.2929338e+00
   6.9420230e-01  -3.0380208e-01
   2.6925493e-01  -1.0467489e+00
   2.5047620e-01  -2.9758084e-01
   9.9392640e-01  -7.0199992e-01
  -1.0820071e+00   7.5799907e-01
   6.7029337e-01  -1.3234421e+00
  -3.4268517e-01   9.6633372e-01
  -7.5278971e-01   1.0948676e+00
  -3.0518530e-01   2.5146400e-01
   1.4542373e+00  -1.9380571e+00
  -6.7361657e-01   9.4573736e-02
  -4.0508571e-01   1.0123580e+00
   2.3195486e+00  -2.4717230e+00
   2.2730632e-02   2.4523964e-01
   4.8057101e-01  -7.0915382e-01
   6.7929171e-01  -7.1181279e-01
  -7.8596177e-01   2.9889616e-01
   3.9358200e-01  -4.5352515e-01
   4.8886255e-01  -1.3078935e-01
   4.0796358e-01   2.4610878e-01
  -7.5331568e-01   8.8841058e-01
  -3.7085705e-01   1.6513607e-01
   4.4988340e-01  -5.3659218e-01
   1.1212291e+00  -1.1662485e+00
   1.4493346e+00  -1.8857585e+00
  -7.0405927e-01   8.6382572e-01
  -1.9260143e+00   1.4016271e+00
  -3.6530887e-01  -5.9786433e-01
  -5.9944566e-01   3.1633394e-01
  -2.3921259e-01  -1.0202584e-01
  -2.0064783e-01   3.2040727e-01
   2.5114898e+00  -2.6443447e+00
  -1.2677654e+00   1.2454758e+00
   1.5815477e-01  -6.0258117e-01
   6.2133050e-01  -3.7247498e-01
  -1.0001922e+00   7.7874541e-01
  -1.5950120e-01   1.1682569e+00
   5.9722370e-01  -8.8786640e-01
  -1.1290207e-01   7.8003406e-01
  -1.1532611e+00   1.2239771e+00
   2.5070400e-01   4.8095780e-01
   8.8107158e-01  -2.6218039e-01
  -4.3659108e-01   4.1277318e-01
   2.3945366e-01   8.3186421e-02
  -7.1528632e-01   5.2901354e-01
   2.2618522e-01   9.6833004e-02
  -1.2292865e+00   7.1756555e-01
  -5.1279521e-01  -2.1351492e-01
  -6.7218765e-01   8.8070714e-01
  -7.2959137e-01   4.7385389e-01
   5.5160702e-01  -3.8753698e-01
   1.7173782e-01  -1.3123559e+00
  -6.5895336e-01   1.0344944e+00
  -1.7129393e+00   1.1640799e+00
   5.0793951e-01  -1.0308014e+00
   1.5477842e-01   6.1391319e-03
   1.1357276e+00  -1.8046407e+00
   8.4906910e-01  -1.1054991e+00
  -7.2684436e-01   8.0041409e-01
   9.5916964e-01  -1.3125988e+00
  -8.7453994e-01   7.5584194e-01
  -2.8487411e-01   5.3052687e-01
  -5.6221384e-01   3.2744597e-01
  -7.9941489e-01   7.9176759e-01
   3.9338282e-01  -3.1829313e-01
  -1.5111025e+00   1.2199174e+00
   6.4263693e-01  -3.8490220e-01
  -3.5343626e-01   5.9275033e-01
  -4.3366885e-01   2.6653669e-01
  -6.7971768e-01   1.0966455e+00
  -1.0931802e+00   8.7938679e-01
  -9.0900156e-01   1.1533084e+00
  -6.7771415e-01   8.6929050e-01
   7.7548737e-01  -1.3278958e+00
   1.7643136e-01  -4.9354066e-01
  -6.9535742e-01   9.6807079e-01
  -6.9034046e-01   2.9535155e-01
   4.2333652e-01  -8.0134770e-02
   5.5776570e-01  -1.1330033e+00
  -1.9508492e+00   1.0460717e+00
  -2.7481814e-01   3.2248502e-01
  -2.1890571e+00   1.1270018e+00
  -3.0315284e-01   2.3120356e-01
  -3.5364018e-01  -1.6108930e-01
   6.1015134e-01  -1.1298942e-01
   4.8784991e-01  -3.1920325e-01
   8.4346277e-01  -1.0722933e+00
  -1.1170960e+00   1.1696791e+00
  -1.7654823e-02  -1.9242253e-01
   3.4870854e-01  -5.2482654e-01
  -1.0888798e+00   1.2900299e+00
  -3.7969313e-01   5.5283129e-01
   1.9104082e+00  -1.9435998e+00
  -1.1436782e-01   2.6344499e-01
   6.0287409e-02  -5.1207064e-01
  -1.1073801e-01  -1.4699996e-01
   8.5486169e-01  -9.2682247e-01
   9.1475711e-01  -1.4130271e+00
   3.0364885e+00  -2.5470768e+00
   7.3450048e-02   3.7188041e-01
  -7.9548703e-02   5.2339358e-01
   1.1317794e+00  -6.8365059e-01
   1.4938625e+00  -2.3686262e+00
   2.0740955e+00  -1.4225028e+00
   2.8610458e-01   7.0283410e-02
  -2.1887510e+00   1.9656806e+00
  -7.1025954e-01   8.4670623e-01
   1.0290288e+00  -5.7818021e-01
   8.3972756e-01   7.7478266e-02
  -3.9280630e-01  -2.6440478e-01
   2.5125820e-01  -3.4438293e-01
   3.0099474e-01  -1.5847030e-02
  -4.9752010e-02  -3.3638894e-03
   1.0665951e+00  -1.4105266e+00
   1.8583980e+00  -1.9058797e+00
   5.9055321e-01  -7.0777056e-01
  -1.3683924e+00   1.5725847e+00
  -5.1437186e-01   4.2983043e-01
  -2.0846178e+00   1.7286669e+00
  -5.9848498e-01   4.6523588e-01
   1.7543608e+00  -2.4195994e+00
  -3.4048339e-01  -3.5912147e-01
   1.0768720e-01  -9.7010794e-02
   2.0476968e+00  -2.0031907e+00
  -5.6167941e-01   8.5302166e-01
   1.5023973e+00  -8.1049635e-01
  -3.7290067e-01   6.1121606e-01
  -3.7090997e-01  -1.9975735e-01
  -1.4216085e+00   1.5586318e+00
  -1.1711640e-01   2.5461766e-01
  -9.5339573e-01   7.1234299e-01
   1.4006005e+00  -1.5190831e+00
   1.3671519e+00  -1.3795558e+00
   1.2776214e+00  -1.4032170e+00
  -1.0328344e+00   1.0077043e+00
  -1.8368492e+00   1.2996656e+00
   2.9193069e-01   1.1032718e-01
  -7.0783145e-01   6.2594400e-01
   4.5138631e-01   5.1795597e-01
   3.9151423e-01  -1.0328155e+00
  -3.1027566e+00   2.0873114e+00
   4.2824031e-01  -5.9055235e-01
   8.8644715e-01  -2.1451830e-01
   8.7935980e-01  -1.8284503e+00
  -1.6919595e+00   1.0743084e+00
  -2.8370192e-01   1.9284969e-01
  -1.0369053e+00   7.4503253e-01
  -5.3059660e-01   1.0591975e+00
  -5.4664615e-03  -1.2566618e-01
   6.3390672e-02   1.8246993e-01
   7.8828834e-01  -6.5035282e-01
  -7.6950269e-01   9.1322820e-01
  -3.4955691e-01  -2.7081767e-02
   1.6770410e-01   6.4364889e-01
   5.7373887e-01  -6.6669976e-01
   6.4502914e-02  -5.8651612e-01
  -2.5845225e+00   1.7915820e+00
  -1.2547370e+00   6.0806240e-01
   1.7677849e+00  -2.1209551e+00
  -1.0786718e+00   1.9123276e+00
  -2.4290596e+00   1.7537291e+00
  -2.4738963e-01  -1.1572395e-01
  -2.7651538e-02   5.3230419e-01
   1.8938071e+00  -1.8025776e+00
   4.7767898e-02   4.0901240e-01
   1.0279057e+00  -1.2633709e+00
  -3.8768243e-01   6.7832919e-01
  -1.6058398e+00   9.2653468e-01
   1.7408004e-01  -1.8750112e-01
  -2.9757851e+00   1.7287929e+00
  -2.1310566e+00   9.8264004e-01
  -1.0030616e+00   1.1146092e+00
   4.7370584e-01  -8.1910935e-02
   1.7311979e+00  -2.1711084e+00
  -5.2527532e-01   5.8494600e-01
   3.7746600e-01  -9.1413854e-01
  -5.2554520e-01   7.4336984e-01
  -1.4466126e+00   1.2124888e+00
   4.7296459e-01  -4.6195246e-01
  -1.1927694e+00   1.0778916e+00
   1.2491432e-01   6.3574419e-01
   1.7186046e-01   3.8343168e-01
  -1.1794255e+00   5.2774048e-01
  -2.2605926e+00   1.7473475e+00
  -6.1298226e-02   4.8489127e-01
  -1.2050355e+00   5.2649278e-01
   2.1094475e-01   3.7863539e-02
  -1.3855739e+00   1.6964048e+00
  -1.9155080e+00   1.7035718e+00
   5.4213997e-01  -6.0302787e-01
  -3.2066026e-01  -4.4459509e-02
  -6.0666470e-01   9.6212396e-01
   1.9683582e+00  -2.7288883e+00
   1.1722346e-01  -1.9038067e-01
   1.0528266e+00  -1.2112199e-01
   1.2720798e+00  -1.2945621e+00
   8.4019935e-01  -2.8861051e-01
   2.6310473e+00  -3.2892991e+00
   7.3980864e-01  -9.9210784e-01
   1.0089122e+00  -6.2043965e-01
   1.2070526e+00  -1.4524971e+00
   1.2883889e+00  -1.4526082e+00
  -4.5389777e-01  -1.7352094e-02
   7.3981480e-01  -1.4207534e-01
  -7.4708496e-01   4.0991399e-01
  -1.5812909e-01   6.8753364e-01
  -3.7778978e-01   4.2263430e-01
  -4.5080340e-01   5.6622176e-01
  -2.8091452e-01   5.7671433e-01
  -8.7602480e-01   3.0705543e-01
   1.4430912e+00  -1.0177274e+00
  -8.5814488e-01   1.1702090e+00
  -6.8663401e-03   2.4731539e-01
  -1.2980204e-01   8.6830279e-02
   6.1588121e-01  -1.4351716e-01
   2.7550848e-01   1.7925314e-01
  -2.4558228e-01  -1.3072027e-01
  -9.0251976e-01   2.7829823e-01
   1.5985470e+00  -1.6007074e+00
  -5.2689165e-01   5.8509771e-01
  -1.4152498e+00   1.2301325e+00
  -7.1517358e-01   6.7543544e-01
   1.5087816e+00  -1.8266003e+00
   1.9709701e+00  -2.7446173e+00
  -8.1517405e-02   6.7087621e-01
   3.9477397e-01  -4.5091285e-01
   1.3253013e+00  -7.5989558e-01
  -8.4101160e-01   1.0692820e+00
   2.3322579e-01  -6.2593791e-01
   1.0756491e+00  -1.7793934e+00
   5.3266071e-01  -4.4471531e-01
   1.9733722e+00  -2.6163553e+00
  -8.0294633e-01   5.3994849e-01
  -1.2987786e+00   8.0989444e-01
   1.1260323e+00  -1.4635690e+00
  -4.0811311e-01   3.0522406e-01
  -1.1441674e+00   7.7228301e-01
   1.2812959e+00  -1.6781251e+00
  -1.0286079e+00   6.6741190e-01
  -8.3295392e-02   1.8880500e-01
   1.4897910e-01  -6.0363350e-01
   1.1744077e-01   5.4545241e-02
  -3.2234215e-01   4.8483119e-01
   1.0665581e+00  -1.4364112e+00
   5.9302456e-01  -9.6464069e-01
   1.3310674e-01   5.0893303e-01
   4.7853946e-02  -4.5261959e-01
   1.4488889e+00  -1.8307753e+00
   3.8847734e-01  -4.4451907e-01
   6.1660256e-02  -9.1746589e-01
   1.1277817e+00  -1.0075966e+00
  -1.4241687e-01   6.3053210e-01
   2.5024315e-01   6.0054675e-02
   3.7437085e-02   2.8269102e-01
  -1.8179933e-01   2.6112597e-01
  -1.3471867e-01  -3.5201178e-01
   1.7304791e-01  -7.4706480e-01
   3.2004186e-01  -5.8479956e-01
   5.3596682e-02   1.9816387e-01
  -7.2425909e-01   8.0924841e-01
   1.7525161e+00  -1.0357418e+00
  -1.0586917e+00   6.5079184e-01
  -7.7223602e-02   1.2965539e-01
  -6.1324087e-01   8.4456148e-01
  -7.7975726e-01   1.2122183e+00
  -3.1298194e-01   6.7276557e-01
   6.6274157e-01  -4.2331809e-01
  -1.2098358e+00   1.0354946e+00
  -1.7031705e+00   1.4977717e+00
  -4.1963437e-01   4.2439649e-01
  -4.7938649e-01   1.9214888e-01
  -2.0125435e+00   1.5228336e+00
  -1.1652077e+00   9.8633724e-01
   6.6710743e-01  -3.0161493e-01
  -4.9809003e-01   4.7937725e-01
   3.2146436e-01   1.4762113e-01
   1.5768666e-01   3.2684035e-01
  -1.4404731e+00   1.4239031e+00
  -2.0681815e+00   1.5362751e+00
   1.1955508e+00  -2.9054946e-01
  -1.3200161e+00   1.3502669e+00
  -1.2018040e-01  -2.3366257e-01
   1.5734227e+00  -1.8136088e+00
   1.0031268e+00  -1.3926978e+00
   5.5944861e-01  -5.0400376e-02
   2.2259651e+00  -2.0677863e+00
  -4.7448307e-01   1.2778513e+00
   2.2744111e+00  -2.4531199e+00
  -1.5782830e+00   1.5328245e+00
  -6.2638988e-01   1.2645306e+00
  -3.1047714e-02   3.1540421e-01
   1.0502820e+00  -2.3900914e-01
   6.7434973e-01  -3.3435746e-01
   4.2750333e-01  -7.3325269e-01
  -1.7406226e+00   9.9061954e-01
  -4.8117935e-01   5.0172519e-01
  -5.0949810e-01   1.6938578e-01
  -1.4716200e+00   1.2594848e+00
  -1.0809755e+00   1.3053478e+00
  -1.9676685e-01   8.3044721e-01
   2.7420932e-01  -1.3518430e-01
  -1.8654810e+00   1.4083563e+00
   3.2274746e-02   9.4336076e-02
  -2.8995007e-01   3.0490995e-03
   7.1617939e-01  -3.5214814e-01
   2.4765097e+00  -3.6793081e+00
  -6.3089642e-01   6.8627311e-01
  -2.9460174e-01  -7.3707950e-01
  -2.7343325e-01   2.8414265e-01
  -2.4985078e-02   2.3666939e-02
   4.1946644e-01  -1.0129630e+00
  -1.9602985e+00   1.2276758e+00
  -1.1042377e+00   5.8817891e-01
  -1.1887660e+00   1.1421616e+00
   1.1786350e+00  -4.0297657e-01
   1.2785350e+00  -1.9176019e+00
  -2.9612470e-01  -3.3796524e-02
   1.3507103e+00  -1.1347075e+00
  -5.1879320e-01   5.6489184e-01
   8.6050703e-01  -8.2321601e-01
   7.6419506e-01  -9.6320716e-01
  -1.7828164e+00   9.1796813e-01
  -4.2756401e-01   9.8172447e-01
   9.6644894e-01  -9.7936604e-01
  -9.7821873e-01   1.2110786e+00
   1.1011869e+00  -6.2662863e-01
  -5.0235055e-01   5.4489598e-01
  -1.2842975e-01   4.1732104e-01
   9.2651711e-01  -1.6794098e+00
   3.9944571e-01  -4.1089585e-01
  -1.2336171e+00   8.6536954e-01
  -3.2485192e-01   4.9128288e-01
  -5.5901458e-01   1.3027159e+00
   6.2530276e-01  -8.5729929e-02
   8.8726456e-01  -1.0008034e+00
  -1.3557978e+00   1.5617544e+00
