  -6.6536972e-01   4.7026355e-01
  -2.5568567e-01   2.2080197e-01
   7.1704956e-01  -8.5389359e-01
  -6.6109692e-02  -9.5838185e-02
  -4.4535823e-01   8.8204353e-02
   6.4617616e-01  -1.1240254e+00
   5.4883484e-01   1.7195628e-01
  -5.3137651e-01   9.0591923e-01
  -1.0706229e+00   8.7120693e-01
   9.1768660e-02  -6.4526477e-01
   7.7760313e-01  -3.1218340e-01
  -3.2299132e-01   9.6327848e-01
   8.9289280e-01  -6.2683127e-01
  -1.8395696e-01   3.4981732e-01
   2.1458051e+00  -1.8056821e+00
  -6.5826034e-01   1.1645158e+00
  -5.3759972e-01   4.5687179e-01
  -1.3993890e+00   1.6061861e+00
  -4.3134830e-01   3.7237430e-01
  -1.0483174e+00   1.0990617e+00
  -7.3208643e-01   6.6314561e-01
   1.5070354e+00  -1.5240474e+00
   1.6152386e-01  -4.7151701e-02
   9.4931027e-03  -2.9506720e-01
   2.7058514e-01   4.2112070e-03
   1.9080884e+00  -1.3461396e+00
  -1.0433220e-01   7.9984280e-02
   6.9029694e-01  -1.2916385e+00
  -7.1301639e-01   1.0369360e+00
  -1.3692001e+00   1.7593642e+00
  -3.3175402e-01   9.5350109e-01
  -8.7020962e-01   9.2827404e-01
  -1.0627518e+00   1.0226978e+00
  -2.9924052e-01   8.2943659e-02
  -2.4320304e-01   2.4012106e-01
  -6.0363767e-01   4.1171961e-01
  -1.3954792e+00   1.4713959e+00
  -6.0823369e-02   5.9678795e-01
   1.1941491e+00  -1.1576188e+00
  -8.4971404e-01   1.3023063e+00
  -1.0557587e+00   1.0308804e+00
  -2.2817680e+00   2.3545301e+00
   8.0520614e-01  -1.0343657e+00
  -1.1622852e+00   1.6038026e+00
   4.8121046e-01  -4.2089982e-01
   1.4871346e+00  -1.6188488e+00
   2.5390274e-01  -6.8815081e-01
  -9.3138111e-03   2.3354271e-01
  -2.4622806e-02  -1.0896111e-02
   3.9553193e-01  -2.9732091e-01
   6.7399897e-01  -1.5106137e+00
  -6.2681320e-01   6.8079757e-01
  -3.8989441e-01   1.3505193e-01
  -1.4150136e+00   1.4031279e+00
   3.9965306e-01  -2.8470387e-01
  -5.9018371e-01   6.4553190e-01
  -1.5926591e+00   9.6079181e-01
   5.5734689e-01  -1.5449821e+00
   8.5127389e-01  -1.0102256e+00
   2.6303323e-01  -1.9817103e-02
  -6.4579804e-01   2.6238546e-01
   9.3652168e-02   1.1939308e-02
   2.2305578e+00  -2.2532690e+00
   1.6730235e+00  -1.7702199e+00
  -1.8057252e+00   1.5092731e+00
  -1.1138534e+00   1.2519116e+00
   6.1413274e-01  -6.5527741e-01
  -6.0113223e-01   5.4299915e-01
   1.2918974e+00  -6.7417005e-01
   2.2158266e-01   6.0239787e-02
   1.3363029e+00  -1.4987264e+00
   2.0476870e-02  -2.9212735e-01
   4.3087444e-02   1.9814800e-02
  -1.1446997e+00   6.6931417e-01
   2.8993750e-02  -4.5640849e-01
  -2.0610205e+00   2.6297784e+00
   1.0757819e+00  -1.1826072e+00
  -2.8712357e-01   1.1984189e+00
  -1.1679539e+00   7.8590607e-01
  -1.1626928e+00   1.1069599e+00
  -6.1418331e-01   3.1854006e-01
  -1.7921764e+00   1.5353219e+00
  -1.4836007e-01   3.1907978e-01
  -1.1456159e-01   4.7530602e-01
  -7.4352298e-02   9.7832844e-01
   1.0336783e+00  -1.1065121e+00
   1.1936420e+00  -1.0904619e+00
   8.3191430e-02  -1.9833635e-01
   8.3605947e-01  -7.8680466e-01
   1.1555076e+00  -1.7386305e+00
   2.2635169e+00  -2.1872253e+00
  -1.8367971e+00   1.8441389e+00
  -1.1744490e+00   1.4251205e+00
  -4.5660335e-02  -6.6236524e-01
   2.9845786e-01  -6.6729118e-01
   9.1827508e-01  -1.0876367e+00
  -4.0024995e-01   5.0558929e-01
   1.6496287e-01   3.6411749e-02
   3.3605581e-01   5.3159586e-01
  -4.5239665e-01   6.4225725e-01
   1.9500955e+00  -6.9253721e-01
   1.8287310e+00  -1.4327972e+00
   2.3579115e+00  -1.8846277e+00
   9.3600213e-01  -5.6933263e-01
   5.2329411e-01   2.8715901e-02
   7.7381661e-01  -1.0434820e+00
   6.7688014e-01  -2.8403186e-01
   1.1805544e+00  -1.4766922e+00
   1.2375236e+00  -8.6666824e-01
   1.2782468e+00  -8.6260654e-01
   7.6121404e-01  -1.1866364e+00
  -1.4044234e+00   1.0978861e+00
   3.2454288e-01  -8.8198650e-02
  -2.3305835e-01   1.1581432e-01
  -7.0318183e-01   5.1144495e-01
   2.5669461e-01  -1.7104928e-02
   8.5835587e-01  -8.3363714e-01
  -3.5730364e-01   5.3565003e-01
   1.3476920e+00  -2.3041880e+00
  -4.3589063e-01   6.5968048e-01
   7.9818339e-01  -1.5647561e-01
   9.3084657e-01  -1.0375323e+00
  -3.1823375e-01   2.2514854e-01
  -1.9064807e-01   6.9656202e-01
  -5.6872590e-01   6.9060209e-01
  -2.3544893e-01   1.4940811e-01
   1.0244584e+00  -1.0867400e+00
  -6.8386100e-01   7.4733680e-01
  -1.6111449e+00   1.1499314e+00
   1.4873058e+00  -1.3385841e+00
   1.2375808e+00  -1.5067091e+00
   7.2203703e-01  -8.3689495e-01
  -5.6451052e-01   8.5018680e-01
  -2.4282596e-01   3.8466772e-01
  -9.8274731e-02   1.3279803e-01
  -5.8409825e-01   6.4799113e-01
  -1.3690101e+00   1.0338143e+00
  -6.9486808e-01   8.9204538e-01
   1.4837721e-01   2.9106515e-01
  -1.2706824e+00   1.2151114e+00
   3.9429919e-01  -5.3347610e-01
   7.0666015e-02   1.7120452e-01
   1.2524704e+00  -1.3375116e+00
  -1.0965671e-01  -1.1077392e-01
  -1.0408912e+00   5.9678246e-01
  -7.7086934e-01   8.0696246e-01
   7.5553169e-01  -6.5019830e-01
   1.4318711e+00  -1.7283853e+00
  -2.2709269e-01   4.3226111e-01
   2.1286808e+00  -1.8752751e+00
   1.7945926e-01   2.2079329e-01
   1.8996282e+00  -2.0020149e+00
   2.1228080e-02  -1.8043182e-01
  -7.6694293e-01  -1.2946849e-01
  -2.1255514e-01   4.2855788e-01
   9.5870630e-01  -1.0860487e+00
   1.5143700e-01  -4.0157331e-01
   2.3412470e-02   2.0997036e-01
  -4.1843234e-02  -5.3553456e-01
  -6.1473924e-01   1.0988327e+00
  -1.3448977e+00   9.0895970e-01
  -8.6018551e-01   1.4451943e+00
   1.7185937e+00  -1.4651907e+00
   3.3895838e-01  -1.1123101e+00
   6.8990929e-01  -1.1985756e+00
  -1.4020744e+00   1.8155781e+00
  -8.7473109e-01   1.3360553e+00
  -4.8586056e-01  -7.5634425e-02
  -3.1644040e+00   2.7285960e+00
  -1.7856866e+00   2.3278922e+00
   7.1678161e-01  -9.1462738e-01
  -2.0519941e-01   4.8725968e-01
   3.4465977e-01  -8.5383692e-01
   3.7182220e-01  -6.4606907e-01
   1.4944718e+00  -9.5461831e-01
   4.9687944e-01  -6.6011810e-01
   6.1402104e-02  -1.9161581e-01
  -1.4214775e+00   1.5249855e+00
  -4.7977049e-01  -1.1848025e-02
  -8.9768825e-02   1.3139452e-01
  -1.7001821e+00   1.7206676e+00
  -9.9405045e-01   4.8128210e-01
   3.4000311e-01  -2.4831134e-01
   1.0747892e+00  -8.0156038e-01
   3.5173816e-01  -7.0022569e-01
   5.7057755e-01  -1.4206006e+00
  -5.0806076e-01   1.3273128e+00
   3.3096681e-01   1.8699351e-01
   5.8924432e-01  -1.1316607e+00
  -1.5933184e+00   1.1741145e+00
  -3.5256885e-03  -8.2944593e-01
  -4.8067689e-01   3.1576474e-01
  -5.5269384e-03   4.4855277e-01
   1.5848203e+00  -1.6807179e+00
   1.8735030e+00  -2.6897144e+00
   8.0760560e-01  -6.6238814e-01
   1.1382835e+00  -1.4885297e+00
  -4.5727013e-01   6.5135687e-01
  -2.7776003e+00   2.1319012e+00
   1.0113570e-01  -3.4257448e-02
  -2.8661485e-01   1.0133859e+00
   8.6340129e-01  -1.3836769e+00
  -3.6521111e-01   5.0461399e-01
   6.7241718e-01  -1.1667976e+00
   4.6014168e-01  -1.3665376e+00
  -1.1870496e-02   1.0386175e-01
  -4.6329012e-01   5.6533715e-01
  -8.5710545e-01   9.4717429e-01
   2.0784178e+00  -1.2670780e+00
  -2.1086969e+00   2.4922177e+00
   6.9580855e-01  -2.0681905e-01
  -7.4095637e-02   2.6423303e-01
  -1.7947244e-01   6.4313364e-01
  -3.0453594e-01   2.5343177e-01
  -1.7494564e+00   2.3249604e+00
   1.1257056e+00  -7.5716242e-01
  -6.0015130e-01   4.9329296e-01
  -8.0985696e-01   1.0386091e+00
  -8.7422687e-01   1.0520494e+00
  -9.9025494e-02  -2.5135042e-01
   1.2346554e+00  -6.4199529e-01
   1.3538503e+00  -1.2163213e+00
   4.2526045e-01  -6.6384488e-01
  -1.1010874e+00   8.7861651e-01
  -1.0759302e-01   2.6684696e-01
  -9.0202567e-01   1.5105680e+00
   2.7471769e-01   2.7199032e-01
  -8.1149146e-01   7.1737635e-01
  -4.3762231e-02   2.7816331e-01
   3.2338947e-01  -3.5362478e-01
   8.6082426e-01  -1.1413328e+00
  -2.5442538e-01   3.9099645e-01
   1.3509212e+00  -9.0204671e-01
   4.2109000e-01  -3.3083453e-01
  -2.8572102e-01   4.0040467e-01
  -7.1758784e-01   1.4079316e+00
   9.6912383e-01  -1.0829822e+00
  -2.2805504e+00   1.8034172e+00
  -1.1006443e+00   1.8019334e+00
   5.2847719e-01  -4.1483700e-01
  -4.1892940e-01   3.3742556e-02
  -2.1331540e-01  -6.0163450e-01
   1.1190820e+00  -7.3028956e-01
  -5.6677704e-01   5.0732141e-02
   1.4770478e-01   2.4444453e-01
  -2.1772701e-01  -2.3642116e-01
   1.4764355e+00  -9.7464224e-01
   6.5070774e-01  -7.1274093e-01
  -2.6996688e-01   4.2494443e-01
   1.4675951e+00  -1.7188155e+00
   3.0746167e-01  -1.5128599e-01
   1.5453460e+00  -1.0347440e+00
   4.1546325e-02   2.2763847e-01
  -6.4869497e-01   6.3192718e-01
   1.7785288e+00  -1.5768147e+00
  -2.2851994e+00   1.8912016e+00
  -8.9672437e-02   3.5202902e-01
  -1.5593767e+00   1.4154316e+00
  -1.6099324e+00   1.3218259e+00
  -1.3901870e+00   1.4600496e+00
   1.7906183e+00  -1.8408441e+00
   1.3667864e+00  -1.0129108e+00
  -4.8793426e-01  -4.0799992e-02
  -1.0316265e+00   1.9306765e+00
  -1.7015093e+00   1.3816838e+00
   2.3188337e-01  -3.3950857e-02
  -4.6113613e-01  -2.5440800e-01
   3.4069203e-01  -7.8939333e-01
   1.3080739e+00  -1.4740721e+00
   9.9496942e-01  -1.2631521e+00
   3.0540315e+00  -2.0984461e+00
   5.8670419e-01  -8.8431454e-01
   4.3915991e-01  -8.5095606e-01
   1.3858171e+00  -1.1977091e+00
  -8.8917628e-01   1.2097188e+00
   4.3220317e-02   8.0365157e-02
   3.2879846e-01  -5.1764939e-01
  -7.6015138e-01   7.0019226e-01
   1.7227799e-02   2.7710389e-01
  -7.0783236e-01   1.2285874e+00
  -5.6112527e-01   2.2199787e-02
   3.7557273e-01  -1.4861749e-01
  -1.3620654e+00   1.5678327e+00
  -1.3533146e+00   1.8247407e+00
   6.2630451e-02   1.7620350e-01
   2.8402573e-01  -6.9559762e-01
   3.4069026e-01  -9.1429017e-01
   4.0232126e-01  -2.3129659e-01
  -9.6849906e-01   5.9953585e-01
   1.2383692e+00  -1.3570745e+00
  -1.5242081e+00   8.2797379e-01
   1.1160364e+00  -9.3390727e-01
   2.9833919e-01  -1.6796041e-01
  -5.8068811e-01   8.2496660e-01
   9.9475648e-01  -1.2346335e+00
   2.0485175e+00  -1.8260365e+00
   2.4163706e-02   1.9946878e-01
  -9.0798021e-01   1.1205911e+00
   1.9044567e+00  -1.2671778e+00
   1.1855092e-01  -1.5474805e-01
  -6.7742019e-01   8.2194501e-01
   5.6176465e-01  -1.5206083e-01
   1.0152465e+00  -4.4021752e-01
  -3.3473898e-02  -2.8798904e-01
   1.9950101e-02   1.2563683e-01
  -2.3116401e-01   3.5593744e-01
   4.0317786e-02  -6.2930790e-01
   1.6232613e+00  -1.4896208e+00
  -6.6284947e-01   9.4205811e-01
   2.1489614e-01  -1.2383291e-01
   3.6235423e-02  -4.7588280e-01
  -9.9154839e-01   8.0654663e-01
   6.1609929e-03  -2.0706398e-01
   1.1753130e+00  -9.6612650e-01
   1.9934692e+00  -2.1224565e+00
  -1.7780884e-02   8.8626886e-01
   9.4322642e-03  -3.3873470e-01
  -8.1025315e-01   1.0937490e+00
  -1.0554605e-01   6.5225556e-02
  -1.3766324e+00   1.5686046e+00
  -6.6464512e-01   7.9528530e-01
  -3.1555372e-01   1.2486844e-01
  -1.5088953e+00   1.3228455e+00
   1.2454101e-01  -5.5347624e-01
  -4.1014134e-01   6.3483509e-01
   2.6422106e-01  -5.1373821e-02
   2.8098297e-01   4.9709935e-01
   4.1812704e-01  -5.6234695e-01
   1.2582395e+00  -1.4468214e+00
  -1.4511313e+00   1.5229654e+00
  -2.5436074e+00   2.1400520e+00
  -8.9793066e-01   1.1254095e+00
   3.6685858e-01  -1.7409495e-01
  -1.0681465e+00   9.1470336e-01
  -4.9370060e-01   5.7219820e-01
  -4.1189809e-01   5.7544790e-01
  -9.3516164e-01   1.1098340e+00
  -3.0085920e+00   2.2071429e+00
   8.3837015e-01  -4.2472215e-01
  -1.0431704e+00   2.1296033e+00
  -7.6562589e-01   1.2091133e+00
  -8.8727717e-01   8.3824465e-01
  -1.3275227e+00   7.3746907e-01
  -3.4712515e-01   4.6849373e-01
   5.0298541e-01  -6.2331434e-01
   2.6890378e+00  -2.9675467e+00
  -1.7813342e+00   1.8503000e+00
  -5.6759841e-01   5.2029744e-01
  -6.7305466e-01   6.7066121e-01
   8.9826663e-01  -8.4796652e-01
   7.5984648e-01  -1.0834494e+00
  -8.2038344e-01   6.0296081e-01
   5.9056903e-01  -1.1483369e+00
  -1.0527242e+00   9.5280084e-01
   2.2400518e-01  -6.0378357e-01
   1.4344255e+00  -1.7194652e+00
   7.2012626e-01  -9.7627335e-01
  -7.6267113e-01   1.1043412e+00
  -1.6818240e+00   1.3033407e+00
   1.6460306e+00  -2.0352157e+00
  -2.8846375e-03   3.5550294e-01
   5.9869958e-01  -8.5544177e-01
   1.0344633e+00  -4.4924408e-01
  -1.4640784e+00   2.0748231e+00
  -6.8900715e-01   3.6742095e-01
  -1.2410939e+00   1.8094353e+00
  -1.6068897e+00   1.1501738e+00
  -7.7263976e-01   9.3149055e-01
  -6.9347628e-01  -2.8075412e-01
   3.6196224e-01   1.6779035e-01
   1.0527120e+00  -1.8232419e+00
  -5.1648345e-01   9.3202561e-01
  -2.4264028e-01   2.2598596e-01
   1.5990694e+00  -1.5180159e+00
   1.2857649e-01  -1.9998380e-01
  -1.0456379e-01   5.7357104e-01
  -9.6843327e-01   1.0304794e+00
   4.7062602e-01  -9.9770289e-02
  -1.5316406e+00   1.1387895e+00
   5.7608709e-01  -9.5478207e-01
   1.1735143e-01   1.6005399e-01
  -2.0024121e-01   7.9767494e-01
   2.2443010e+00  -2.3257314e+00
   9.9112324e-01  -6.0793686e-01
  -7.9678403e-02   3.2510875e-02
  -1.2695025e-01  -2.9657513e-01
   3.2619305e-01  -5.4094577e-01
   2.3140054e-01  -2.8259638e-01
  -1.4464351e+00   1.3026163e+00
   7.0889182e-01  -7.6932606e-01
   4.5882307e-01  -2.0848578e-01
  -9.9284285e-02   1.1475166e-01
  -4.1721208e-01   3.3654924e-01
  -1.5572707e+00   1.7959181e+00
  -2.5968603e-01   6.5234568e-01
  -1.4036319e+00   1.9094930e+00
  -1.6008208e+00   1.2724362e+00
  -1.1950677e+00   1.5750095e+00
  -1.1983636e+00   5.4600675e-01
   1.2877640e-01  -1.6842343e-02
   4.5781862e-01  -6.4680684e-01
   1.3451286e+00  -7.5902983e-01
   8.2898490e-01  -1.8304904e+00
  -2.1905551e+00   2.2600006e+00
   6.6619865e-01  -2.1133112e+00
   2.7756247e-01  -2.0130282e-01
   9.1522097e-01  -1.1401158e+00
  -4.2357829e-01   4.6732365e-01
   4.4326750e-01  -6.9732994e-01
   9.0199743e-01  -1.1620556e+00
   7.4489582e-02   2.4041740e-01
  -6.7733105e-01   1.1153915e+00
   8.8838040e-01  -1.5600802e+00
  -9.1956239e-01   1.0379076e+00
   9.3995591e-01  -1.0726560e+00
  -4.7878226e-01   1.0232957e+00
   7.5837739e-01  -7.3570572e-01
   1.3074417e+00  -1.2195761e+00
   1.1542379e-01  -6.6726305e-02
  -5.1348849e-01   5.1576318e-01
   6.9951394e-01  -1.3532087e+00
   2.1345915e+00  -2.1357376e+00
  -1.2365988e-01   2.2770547e-01
  -2.4557972e-01   6.1729041e-01
   9.5827875e-01  -1.5359615e+00
   9.4084815e-01  -9.8464148e-01
   4.4966665e-01  -6.4265635e-01
   8.9219774e-01   9.6789732e-03
  -1.0530814e-01  -3.2165884e-01
   1.1238026e+00  -1.1995906e+00
   6.0417102e-01  -1.0933106e+00
   1.2203846e+00  -1.0723898e+00
  -1.4348214e+00   1.0791857e+00
  -1.2825035e+00   1.5524012e+00
  -1.7225291e+00   2.3127047e+00
   1.7055078e+00  -1.4963383e+00
   1.1089173e-01  -3.1924295e-01
   2.9346822e-01  -5.3111229e-01
   4.8314315e-01  -1.3984291e+00
   5.9024118e-01  -7.0998114e-01
   8.3208978e-01  -1.0738501e+00
   1.0247873e+00  -5.2298611e-01
   1.1585179e+00  -9.7894486e-01
  -1.4709355e-01  -5.1980974e-01
  -1.9362701e-01  -2.3726489e-01
  -8.3233658e-01   5.1431622e-01
  -6.5806343e-01   8.7013552e-01
   1.5700840e+00  -1.5463684e+00
  -8.9897958e-01   1.1706107e+00
   1.2911699e+00  -2.4846208e+00
  -4.1142664e-01   4.5163808e-01
   1.2758751e+00  -1.2359597e+00
  -5.6375086e-01   6.0272570e-01
   1.3991750e+00  -1.3410429e+00
  -1.1321438e-01  -6.7955504e-01
  -1.1066453e+00   1.2619248e+00
   5.2524517e-01  -8.3562413e-01
  -1.3407925e+00   1.5049575e+00
   1.1037503e+00  -1.0206796e+00
  -3.1407730e-01   6.9763616e-01
  -1.3323891e+00   1.3277038e+00
  -2.2326444e+00   1.8486099e+00
  -4.1928492e-01   7.7004200e-01
   5.6066380e-01  -1.7505279e-01
  -6.4217131e-01   1.3656049e+00
   2.9444084e-01  -4.8931696e-01
   3.5134403e-01  -8.1240374e-01
   6.2226947e-01  -8.9285892e-01
  -5.3843524e-01   7.4860401e-01
   5.2783843e-01  -2.8562189e-01
   1.9306017e-01  -1.2766062e-01
  -9.5138147e-01   9.0141384e-01
  -7.5092442e-01   1.2868671e+00
  -1.4558140e+00   1.0985005e+00
  -9.3595053e-01   8.4000828e-01
   6.1269882e-02   6.8401574e-02
   1.0137873e-01   1.7847180e-01
  -2.1244833e-01   2.2051511e-01
  -1.1560677e+00   1.0561936e+00
  -6.7300166e-01   1.1115809e+00
   1.8421349e+00  -1.8955571e+00
  -4.5357406e-01   6.0974801e-01
  -1.5822990e-01   3.1773862e-01
  -9.0759540e-01   9.4349016e-01
   4.5921800e-01  -2.5101242e-01
   9.8767359e-01  -7.6719329e-01
  -6.7895985e-01   5.2004404e-01
  -6.4747040e-01   5.0327347e-01
   1.0489102e+00  -1.3662975e+00
   1.9983911e-02   5.6306037e-01
   1.0945134e-01  -3.7056388e-01
  -6.7472293e-02   4.3920682e-02
   2.7904392e-01   2.2376573e-01
   1.2421795e+00  -1.5992263e+00
   4.9426901e-01  -8.1842727e-01
   3.7683777e-01  -1.4547424e-01
  -1.0128229e+00   8.6574346e-01
  -3.6013501e-02  -5.5134734e-03
  -5.4945118e-01   8.0610005e-01
   9.8344029e-01  -9.2853554e-01
   1.7168998e+00  -2.5435323e+00
  -9.4942854e-01   1.1575611e+00
  -8.9244525e-01   1.4187203e+00
  -2.9590184e-01  -4.0604515e-01
  -2.9729078e-01   1.7865613e-01
  -7.5766698e-02  -1.0141897e-02
  -7.8069560e-01   9.5065655e-01
  -4.0679962e-01   8.3121493e-02
  -1.3440386e+00   1.1605735e+00
  -1.9179881e+00   1.6596573e+00
  -6.1292726e-01   8.7101626e-01
   7.8602579e-01  -6.9479969e-01
   1.1350652e+00  -1.2664900e+00
   4.0766118e-01  -9.8123054e-01
   6.4731619e-02  -2.2256301e-01
   7.0827327e-02   7.9103918e-03
  -2.8172518e-01   6.5876976e-01
  -3.0201038e-01   3.1944547e-01
   2.2683539e-01  -3.0148375e-01
   1.8316488e+00  -8.7443364e-01
   9.2687630e-01  -1.5745102e+00
   2.1002874e-01   2.2660756e-01
   8.6593137e-02   4.4294884e-01
  -1.1145205e+00   1.3041077e+00
   8.6934684e-01  -8.9698559e-01
  -1.9026645e+00   1.7966343e+00
  -7.4389475e-01   6.5443299e-01
   9.0350312e-01  -9.2199659e-01
  -1.0207878e+00   1.6767579e+00
  -4.7469263e-01   7.9846193e-01
  -9.1236397e-01   2.0258653e-01
  -1.2377272e+00   1.7214987e+00
   4.3464544e-01  -4.4120589e-01
   3.3514255e-01  -2.1575654e-01
  -7.4749325e-02   2.0810206e-01
   1.0251978e+00  -1.6679743e+00
   1.0197338e+00  -6.6519295e-01
  -1.1066803e+00   1.0803994e+00
  -1.6492131e+00   1.9502142e+00
   7.4053396e-01  -1.2383923e+00
   4.6836242e-01  -6.1563624e-01
   2.8489257e-01  -6.8521256e-01
  -5.3703718e-01   1.4998874e+00
   5.3104844e-01  -5.1353800e-01
  -1.0183683e+00   1.2844777e+00
   2.4699820e+00  -1.5771825e+00
   3.6525518e-01  -2.4960859e-01
  -2.7429417e+00   1.5789350e+00
  -9.8281117e-01   8.8201960e-01
   4.6323066e-01  -1.0107210e+00
   1.2621244e+00  -1.0240114e+00
  -6.4088627e-03  -2.2469194e-01
   1.0194655e-01   2.6473126e-02
   1.1826224e-01  -3.6861860e-01
   3.1933179e-01  -7.1439522e-01
  -1.3593956e+00   1.2397276e+00
   3.5417853e-01   1.8971652e-01
  -2.0794043e+00   2.4823333e+00
   1.4864578e+00  -1.1710194e+00
  -3.6645418e-01   7.5912858e-01
  -7.6696247e-01   1.3279713e+00
  -2.2050824e+00   1.8567198e+00
   1.6435924e+00  -1.7901871e+00
  -1.5090012e-01   2.5618175e-01
  -6.3005355e-02   1.0336500e-01
   3.7824766e-01  -4.1189288e-01
  -4.1711016e-01  -2.3636248e-02
   8.7278117e-01  -9.2177781e-01
   3.7755613e-01  -5.8790929e-01
  -8.5027805e-01   4.1866001e-01
   1.3304061e+00  -1.5600734e+00
  -1.3214901e+00   1.7938209e+00
  -5.7197584e-01   6.9927287e-01
   2.5337957e-01  -7.3629622e-01
   2.8397340e-01  -1.1316157e+00
   3.9379700e-01  -1.1540272e-01
  -7.8518988e-01   6.2874930e-01
   3.3429923e-01  -5.9418957e-01
  -1.7786420e+00   1.8219640e+00
   1.5721326e-02  -4.4696453e-02
   7.0091539e-02  -2.0540620e-01
   5.5448042e-01  -5.9942017e-01
   1.1579641e+00  -6.2115243e-01
   1.8518380e-01   3.0384197e-01
  -1.9109663e+00   2.4050956e+00
   1.5071989e+00  -1.6940786e+00
   4.4883607e-01  -3.2059262e-01
   3.3989339e-01  -3.3602042e-01
   1.5387706e-01  -8.2471537e-02
   9.6967644e-01  -4.3112677e-01
  -2.0820044e-01   5.1875870e-01
   2.3617271e-01  -3.6852131e-01
   4.4858665e-01  -8.9721594e-01
   1.5232795e-01   1.8808648e-01
  -6.7146318e-01   3.9513146e-01
  -8.8309350e-01   1.4230812e+00
  -6.0928904e-01   8.5289712e-01
   1.2603926e-01  -1.5949005e-01
  -4.6776435e-01   4.5580672e-01
   1.0213570e+00  -1.0751245e+00
   2.0349646e+00  -1.7810682e+00
   4.4805512e-01  -3.8140953e-01
   1.7562359e+00  -1.0984153e+00
   4.1366591e-01  -7.7628988e-01
  -3.1642446e-01  -2.7039004e-02
   8.4719284e-01  -1.3475373e+00
   2.2682914e-01  -9.3764994e-01
   6.2856515e-01  -9.8203881e-01
   1.2261122e+00  -7.9746975e-01
  -1.1946555e+00   1.4162370e+00
   1.3347402e+00  -1.5377444e+00
  -2.4766268e-01   2.8699325e-01
  -2.1099484e-01   4.7643581e-01
   5.2307991e-01  -7.7154906e-01
  -6.4761954e-01   2.5703202e-01
   5.2659014e-01  -9.1356114e-01
  -2.2217246e-01   8.4146263e-01
   1.1517812e+00  -8.0947166e-01
   8.3076820e-01  -8.2674433e-01
  -8.6018228e-01   9.4063262e-01
   1.5646441e-01  -5.2054462e-01
   4.5753257e-01  -4.7969637e-01
   1.0936249e+00  -1.0721427e+00
   4.8934737e-01  -7.6119910e-01
   1.6658038e+00  -1.7585879e+00
  -4.4223806e-01   1.1344862e+00
   2.3932890e-01  -4.0035081e-01
   2.9851857e-01  -6.3917121e-01
  -1.7586336e+00   1.9796405e+00
   5.4148183e-01  -1.3385609e+00
   2.0714044e-01  -2.6841109e-01
   1.4362560e+00  -9.2453079e-01
   1.3492071e+00  -9.3270592e-01
   1.1603204e-01   8.9510363e-02
   1.1352306e+00  -1.5306661e+00
   6.9263895e-01  -3.1651644e-01
   5.2351051e-01  -1.1203385e+00
   2.8191484e-01   4.2796464e-01
   2.6608804e-01  -8.7411537e-01
  -1.5451118e+00   1.5380663e+00
  -5.1867114e-02  -3.4644739e-01
   1.2201972e-01   2.3717696e-03
   7.1708476e-01  -4.5070226e-01
   4.1130300e-01  -5.1268421e-01
  -2.4954033e+00   2.0719613e+00
  -1.7027215e+00   1.3382575e+00
  -7.8638905e-01   6.8771007e-01
   1.6220810e-01  -3.2530553e-01
  -2.7278766e-01   1.1910297e-01
   5.7771634e-01  -5.7770426e-01
   3.3314634e-01  -7.1033017e-02
   6.2677390e-01  -2.1207449e-01
  -4.0846935e-01   6.2040587e-01
   1.3800068e+00  -1.4632192e+00
  -2.5063979e-01   2.2204072e-01
  -5.8054226e-01   3.1071175e-01
  -5.1107123e-01   3.5876107e-01
   8.5895557e-01  -8.0932621e-01
   1.1131880e+00  -1.4901895e+00
   3.3746012e-01  -2.9379979e-01
   4.8465675e-01  -1.4428455e+00
  -1.1980385e-01   3.7160725e-01
  -2.0348226e+00   1.6799224e+00
   1.0786627e-01  -1.0574058e-01
  -2.8421872e-01   4.8400058e-01
   7.0080418e-01  -7.2717757e-01
   1.8874603e-01  -1.0553413e+00
   7.6838948e-01  -1.9319378e-01
   4.8400397e-01  -3.1089436e-01
   1.3933272e+00  -1.3409388e+00
  -4.5040082e-01   5.0629882e-01
   2.2597056e+00  -1.8927829e+00
  -8.7702522e-01   1.0656744e+00
  -2.8545029e-01   2.0582625e-01
   8.9998421e-01  -1.2999927e+00
  -1.3501233e+00   1.3181422e+00
  -9.0684781e-01   7.3850123e-01
  -1.6902418e-01   3.1739083e-01
   1.0875580e+00  -9.9112877e-01
  -1.0062515e+00   3.4604992e-01
   1.5771838e-01  -1.6355416e-01
  -1.5709891e-01   1.4444551e-01
   2.8118229e-01   3.6523003e-01
   2.7267045e-01  -7.4567852e-01
  -9.7648207e-01   9.2033919e-01
   4.6679940e-01  -5.4080585e-01
  -9.1048800e-01   6.6361798e-01
   6.8535276e-02   3.6265730e-01
   1.6334313e+00  -1.1223288e+00
   2.4490317e+00  -1.4166142e+00
  -2.0761144e+00   1.5597175e+00
   3.5915066e-02   3.3099851e-01
   2.2646622e+00  -1.5914635e+00
  -3.6477794e-01   4.9297120e-01
  -5.9509916e-01   8.2525943e-01
  -6.5315684e-01   9.6208273e-01
  -1.4280190e+00   1.0704605e+00
  -2.4167508e+00   2.2743326e+00
  -6.4149277e-01   9.6127200e-01
  -1.2209227e+00   7.7315619e-01
   4.5323778e-01  -2.8949007e-01
   2.5948947e-03  -5.9555474e-01
  -5.8749913e-01   6.6575457e-01
  -2.7140518e-01  -2.6058490e-01
  -5.8818025e-01   4.9166227e-01
   1.9498691e+00  -1.7016282e+00
   2.2887309e-01   1.1814754e-01
  -2.3999279e+00   1.8114048e+00
   9.1973401e-01  -6.3315818e-01
  -4.6938936e-01   8.5637684e-01
   1.6999447e-01  -4.5805200e-02
  -1.8832956e+00   1.9064677e+00
   1.1652761e+00  -2.0111849e+00
  -8.2908037e-02  -4.8283374e-01
   1.7375183e-01  -1.3778292e-01
  -9.1968058e-01   7.2766259e-01
   4.6382448e-01  -6.0291920e-01
   5.7367848e-01  -1.2455195e+00
   1.9150005e-02  -4.0360987e-01
   5.0118993e-01  -8.8142331e-01
  -2.0103064e+00   2.3474439e+00
   5.4217075e-02   1.8357485e-01
  -1.1956531e+00   7.8598958e-01
   4.7348326e-01  -6.4577424e-01
  -6.0698869e-02   2.3120850e-01
   3.2136185e-01  -7.1503392e-01
  -1.5185940e+00   1.9173432e+00
   8.4593457e-01  -1.2437186e+00
   4.9566198e-01  -5.5934189e-01
   2.0883766e-01  -1.8301375e-01
   7.2564826e-01  -1.0457126e+00
  -2.2669359e+00   2.3401176e+00
   2.7989383e+00  -1.9433067e+00
   6.4169922e-01  -1.0623421e+00
  -1.9690643e+00   1.8006246e+00
  -2.0719988e+00   1.4374104e+00
  -1.8951677e-01   9.4506115e-01
   4.3859536e-01  -2.9764228e-01
   5.5223880e-01  -5.0576007e-01
  -2.5691980e+00   2.3701745e+00
   4.7112347e-01  -7.5327754e-01
   2.2271116e+00  -1.9685465e+00
  -5.8673080e-01   1.3508645e+00
   9.2482945e-01  -1.5063810e+00
   2.5699343e+00  -2.3123436e+00
  -5.1137540e-01   8.0020567e-01
  -9.7885384e-01   9.6524960e-01
   1.1704770e+00  -1.1260477e+00
   8.0793101e-01  -3.4471446e-01
   1.1660009e+00  -1.0486400e+00
  -5.5253938e-01   5.0438636e-01
  -3.2876138e-01   7.1764726e-01
  -9.3521669e-01   1.0308623e+00
   8.6928810e-01  -9.2600691e-01
  -6.0890462e-01   6.5166138e-01
  -4.6109192e-01   7.3176049e-02
   2.0856487e-04   1.1501039e-01
  -1.4398078e+00   1.2590965e+00
   6.7539209e-01  -5.9765535e-01
  -2.9762905e+00   2.8894745e+00
  -1.0941307e+00   1.3060033e+00
   7.7044892e-01  -1.0168890e+00
  -5.2820450e-01   8.4091531e-01
   9.0535613e-02  -5.1035866e-01
   1.1729174e+00  -4.8262466e-01
  -1.5878749e-01   3.2743519e-01
  -3.5894635e-01   1.2445751e+00
  -8.0840046e-01   9.8508913e-01
   1.4439141e+00  -1.5491352e+00
   6.6013655e-01  -6.7004477e-01
  -3.5629277e-01   9.4337526e-01
  -3.4914784e-01   1.3434185e-01
   9.5219267e-01  -1.2938990e+00
  -8.8265939e-01   3.6937726e-01
   1.0385925e-01  -5.6049636e-02
  -2.6674838e-01  -1.4404679e-02
  -7.2812097e-01   8.1004884e-01
  -7.3985020e-01   7.0674280e-01
  -5.5761580e-01   1.9929691e+00
   1.3711346e+00  -1.7530527e+00
  -1.4098618e+00   1.4628615e+00
   1.5606150e-01  -1.6823338e-01
   4.2319312e-01  -8.2395380e-01
   5.4287311e-02  -3.6997583e-01
  -5.9960316e-01   3.1568893e-01
   7.0163206e-01  -7.9260686e-01
  -4.6338811e-01   3.8206073e-01
   6.3064630e-01  -1.0056432e+00
  -1.2388283e+00   1.4704704e+00
   2.6140091e+00  -2.1070486e+00
   2.0304586e+00  -1.9429393e+00
  -1.0542879e+00   1.5084188e+00
  -3.2315732e-01   8.1107705e-02
   7.4644752e-01  -1.0387376e+00
  -7.5976523e-01   1.2142085e+00
  -9.1934254e-01   1.3634500e+00
  -1.0566821e+00   1.3774405e+00
   1.6378995e+00  -1.6246906e+00
   1.8598333e+00  -2.1539594e+00
  -4.5517085e-01   1.2306166e+00
  -1.7783127e-01   5.0925152e-01
   8.8442700e-01  -6.2988728e-01
   1.0078757e+00  -6.6681064e-01
   7.4101968e-01  -6.1444000e-01
  -8.7001439e-01   1.0871204e+00
   4.0958712e-01  -8.6784696e-01
  -2.7995253e-01   2.6802344e-01
  -1.8007705e-01   4.5974736e-01
   4.6104336e-01  -7.4927921e-01
  -1.5538880e+00   1.5506895e+00
  -6.5549491e-01   1.3492387e+00
  -7.3949348e-01   6.3511016e-01
   3.3447502e-01  -1.1315258e+00
   6.1606626e-01  -1.0752327e+00
   3.5181719e-02  -5.6004593e-01
   2.3012413e+00  -1.4651298e+00
   9.0654532e-01  -3.4359004e-01
   1.8137891e+00  -2.0626092e+00
  -1.0538299e+00   5.7727974e-01
  -2.1962401e-02  -1.4084097e-01
  -1.2094449e+00   1.3958696e+00
  -2.5346969e+00   1.7834898e+00
   2.1805976e-01  -4.9016575e-01
  -3.5500717e-05  -4.7286204e-02
   1.4574721e+00  -1.1549517e+00
   9.4666274e-02  -2.6204293e-01
  -1.4337578e+00   1.0583293e+00
   1.7009063e-01   1.3862456e-01
   1.2836233e-01  -5.4562534e-01
   9.1011815e-01  -1.0474574e+00
  -9.2077317e-02   8.5461834e-01
   1.1744861e+00  -1.4663214e+00
   8.4681819e-02   3.3134711e-01
   4.4820896e-01  -2.0879726e-01
   1.4824194e+00  -2.2139389e+00
   5.5244430e-01  -6.6355760e-01
   1.0195506e+00  -1.4255116e+00
  -1.9403305e+00   1.8210975e+00
   4.8030628e-01  -1.1903743e+00
   2.1657270e-01  -6.0933098e-01
  -1.7477855e+00   1.6066284e+00
   2.2791696e-01  -1.3656221e-01
  -5.9683087e-01   9.7089710e-01
   1.0964409e+00  -9.5644627e-01
  -3.9005170e-02  -1.4932434e-02
  -4.3631875e-01   2.6222467e-01
   1.9880315e-01  -2.6790881e-01
   3.4833472e-01   2.4330439e-01
  -8.2983242e-01   7.4059376e-01
   7.5124093e-01  -3.6027423e-01
  -3.8880512e-01   9.7346208e-01
  -7.3886607e-01   3.3672018e-01
   5.9894182e-02  -8.3000667e-01
  -1.3440329e+00   1.4138871e+00
  -7.0112681e-01   1.3681889e+00
  -9.9581866e-01   7.1869828e-01
   4.5138341e-01  -8.4384652e-01
  -1.1488602e+00   1.1880003e+00
   1.5340107e-01   4.1765086e-02
  -1.2294930e+00   6.9188326e-01
   1.6405971e-01  -2.3391800e-01
   1.0794518e-01  -1.0435608e+00
   1.7235327e-01   5.8120140e-01
   4.1972645e-01  -4.8647469e-01
   7.7835621e-01  -5.8842175e-01
   1.7675113e-03   6.6989668e-01
   1.6723016e-01   1.3822389e-01
   7.4228475e-01  -1.2967117e+00
   1.1591173e+00  -1.1493234e+00
   4.2533235e-01  -2.9436332e-01
   1.4076065e-01   2.1417494e-01
   1.4755134e+00  -1.4203537e+00
   1.1189352e+00  -1.3341751e+00
  -9.0766514e-02   6.7738854e-01
  -1.1774686e+00   1.0312212e+00
  -4.0756415e-01   7.9635996e-01
   1.2724141e+00  -1.4494342e+00
   1.1366641e+00  -3.6051851e-01
  -8.0631159e-01   1.0310259e+00
  -7.8622071e-02  -2.3344316e-01
   5.9884318e-01  -6.2349665e-01
   1.6669984e-01  -2.6567609e-01
   7.0639277e-01  -1.4124425e+00
   1.5672962e+00  -1.3058656e+00
   6.2934241e-01  -8.7601285e-01
  -1.6323610e-01  -1.5267429e-01
   6.3158004e-01  -7.0203095e-01
   1.8504717e+00  -1.2332620e+00
  -4.2913537e-01   1.0590560e+00
  -7.3396737e-02  -5.6306298e-02
  -9.4208769e-01   1.1119632e+00
   3.3051478e-03   1.2297406e-01
   1.9456032e-02  -3.5391938e-01
  -4.8107198e-02  -4.0457454e-01
   4.6631359e-01   1.4924157e-01
  -9.0911027e-01   6.6039552e-02
  -8.4635760e-01   1.1595239e+00
   2.8891049e-01  -5.1908933e-01
  -1.0332956e+00   6.2524602e-01
   7.4080522e-01  -1.0970379e+00
   3.6728552e-01   4.1425052e-01
  -6.9808177e-01   1.3694536e+00
   1.0585697e+00  -1.5346393e+00
  -7.0463422e-01   9.5722337e-01
  -8.4433639e-01   1.0070596e+00
  -1.0186571e+00   8.1718934e-01
  -1.0036346e+00   8.2704633e-01
  -1.1281555e+00   9.4970588e-01
   1.8854291e+00  -1.4900220e+00
  -2.1533842e-01   8.8876831e-02
  -3.1786227e-01  -1.0769085e-01
  -1.0235009e+00   1.3490770e+00
   2.4786528e+00  -1.8961769e+00
  -3.4222125e-01   8.1220551e-01
   1.2690900e+00  -1.0206235e+00
  -4.2331038e-01   1.0594928e+00
  -1.5322507e+00   1.1124442e+00
   6.9350574e-01  -1.3434922e+00
   4.5275022e-01  -6.0168852e-01
  -1.4603019e-01   3.5844284e-01
   2.6538478e-01  -3.8584759e-01
  -6.4126582e-01   9.5096752e-01
  -1.0580006e+00   1.1770446e+00
   1.0679506e+00  -1.8151338e+00
  -1.5464850e+00   1.5010195e+00
   1.9679184e+00  -1.7140354e+00
  -7.8560866e-02   3.3516563e-01
  -2.1419507e+00   2.2841875e+00
  -1.3792876e+00   1.2853770e+00
  -5.0649913e-01   8.3011643e-01
   1.0998383e-01  -6.7619087e-01
   2.1793470e-01  -7.0135433e-01
   3.1555156e-01  -6.2600741e-01
  -3.8611653e-01   4.3133242e-01
  -1.0671566e+00   1.1013377e+00
  -5.7170356e-01   8.9782326e-01
   4.1834102e-01  -6.8004824e-01
   5.0924367e-01  -3.7538244e-01
   9.8200413e-01  -7.4382147e-01
   3.1297652e-01  -6.0859346e-01
   1.7431604e-01   6.3839317e-01
   1.6988801e+00  -1.8330109e+00
  -2.1598517e-01   1.2456808e-02
  -1.3845274e-01  -1.1450638e-02
   2.2321591e-01  -2.4488609e-01
   1.1232924e+00  -4.5545643e-01
   1.4896946e+00  -1.4492953e+00
  -1.6652194e-01  -6.2929867e-02
  -7.9997666e-01   4.4544255e-01
   1.3567624e-01  -2.0933819e-01
   7.4238646e-01  -6.9957033e-01
   2.3253038e+00  -2.4959675e+00
  -5.4097224e-01   1.2693249e+00
   9.3179660e-01  -7.0468257e-01
   7.3667503e-01  -7.3913382e-01
  -3.7589470e-01   2.8390961e-01
   8.9994925e-01  -1.0844301e+00
  -1.5193919e+00   1.4855164e+00
  -3.4449848e-03   1.6021065e-01
   7.6148178e-01  -6.1381485e-01
  -1.6495072e-01   6.4938696e-01
  -2.0045021e+00   1.4098721e+00
  -7.5051176e-01   1.1571956e+00
  -1.1901939e+00   1.0513065e+00
  -4.0039643e-01   2.7763586e-01
  -9.8478313e-02  -2.0670300e-01
  -1.3910600e+00   1.1714917e+00
   3.7731663e-01  -1.8937525e-01
   2.5551682e-01  -9.8875142e-01
  -1.0795247e+00   1.1831176e+00
  -1.8529360e-01   9.9842817e-01
  -1.4030530e+00   1.7215871e+00
   6.2620610e-01  -6.3085719e-01
  -7.9846746e-01   3.3293602e-01
   5.7833460e-01  -1.1194751e+00
  -8.5528495e-01   1.5156933e+00
   1.5766850e-01  -1.2034106e-01
   3.9930845e-01  -4.4160602e-01
  -4.9665705e-01   5.2996571e-01
  -4.7506214e-01  -1.0962540e-01
  -4.0552491e-02   1.1329228e-01
  -2.4310003e-01   6.5509488e-01
  -2.7474506e-01   4.5696732e-01
   2.4037307e+00  -1.7649914e+00
  -1.3927278e+00   1.8681805e+00
   1.3767567e+00  -1.4430966e+00
   7.9321470e-01  -1.3259852e+00
   5.9847957e-01  -3.6446053e-01
   3.8245753e-02  -4.6321578e-01
  -1.1910814e+00   1.5077313e+00
   1.0189659e+00  -1.5535953e+00
   1.1335354e+00  -4.7363470e-01
  -1.6382308e+00   1.1456883e+00
  -2.9949461e+00   2.6536287e+00
  -4.6426979e-01   1.0529021e+00
  -1.7197136e-01  -1.3898947e-01
  -7.2235126e-01   6.7905954e-01
  -1.2653547e+00   1.0508017e+00
  -8.3527686e-01   1.2235948e+00
  -6.8717608e-01   3.2427108e-01
