  -4.7973736e-01  -2.8579422e+00
  -5.6297702e-01  -1.9546145e-01
  -1.8528355e+00  -1.2895251e+00
   3.4328654e-01   5.2002560e-01
   2.3219713e-01  -3.8551241e-01
  -1.3934232e-01  -1.5575347e-01
  -8.2035374e-01  -2.4085181e+00
   2.1228351e-01  -8.9420642e-02
   3.7895145e-01   2.0736605e-01
  -1.5779519e+00  -6.8468849e-01
  -4.3712754e-01  -1.6532015e+00
   6.9951173e-01   7.1796100e-01
   1.1172251e-01  -2.5316183e-01
   3.6829757e-01  -9.1434684e-01
  -2.8204481e-01  -1.1458320e+00
   1.2483185e-01  -1.5398716e-01
   7.6702187e-01   1.7549381e-01
   1.0615983e-01  -9.7692604e-01
   9.2001237e-01   8.0492465e-02
  -5.0513066e-01  -1.4801043e+00
  -1.5676959e-01  -3.2219500e-01
  -9.7944448e-01   2.6340749e-01
  -4.3232622e-01  -1.6045218e+00
   2.4072842e-01   2.9692815e-02
  -1.1018702e-01   7.7285757e-01
  -1.4155827e-01  -6.8402526e-01
  -7.9167983e-01   7.0226839e-01
  -1.6347359e-01   4.1744469e-02
  -1.7109871e-02  -5.2143132e-01
  -1.4594261e+00  -1.5468936e-01
   5.3008333e-01   1.2870256e-01
   4.2068369e-01  -6.2247655e-01
   7.7227664e-01   1.6148316e-01
  -1.9101382e+00  -1.6136493e+00
   1.6042122e+00   1.2930574e+00
  -1.0304960e-01  -1.2219878e-01
  -1.2315616e+00   1.4979658e-01
   2.8966623e-01   1.4285969e-01
   1.4962817e+00   1.1397643e+00
  -4.6936812e-01   1.4049980e-01
  -2.3609239e-01  -6.5705352e-01
  -3.1415527e-01  -1.1049935e+00
   1.3098785e+00   3.7527732e-01
  -1.9210482e+00  -1.1082838e+00
   1.1765238e+00   7.4402274e-01
  -4.5592846e-01   6.5872042e-01
   3.6568419e-01  -2.3948295e-01
   1.9788342e+00   1.8071271e+00
   1.6705924e+00   1.8039812e+00
   2.2021634e-01  -2.8211689e-01
  -6.1228637e-01  -8.5653811e-01
  -7.1025008e-01   1.9799734e-01
  -2.9186061e-01  -1.0736020e+00
   1.4206409e+00   1.1481242e+00
  -5.6582820e-01  -2.3327773e+00
  -1.8450859e+00  -7.8845313e-01
   1.5470501e-01  -9.8908189e-01
  -1.2561478e+00  -2.3969312e-01
   2.3330400e+00   1.6607895e+00
   1.1126032e+00   1.0412818e+00
  -7.1209722e-02  -4.1982358e-01
   3.0776643e-01   1.2236523e+00
   1.2684571e+00   1.0203343e+00
   9.5989432e-01   7.6840797e-01
  -1.3318356e+00  -4.4341837e-01
   1.5102936e-01  -1.4355219e-01
   1.9072441e+00   1.9580423e+00
  -2.2578869e-01  -9.5693568e-01
   8.3804055e-01   5.5803175e-01
  -1.2362654e+00   1.2501040e-01
  -1.6232659e+00  -1.1742055e+00
   3.1768695e-01  -4.0325665e-02
   1.0897570e+00   9.4799697e-01
  -1.8522314e+00  -1.1987443e+00
  -1.3078935e+00  -1.4791744e+00
   2.4549320e+00   2.0606883e+00
   7.9174622e-01   5.5263301e-01
   1.9795512e+00   1.7493230e+00
   7.3248492e-01   2.6033635e-01
  -1.2275621e+00   3.3354961e-02
   3.2614583e-01   2.2589012e-01
  -1.1276889e+00  -4.8725387e-01
  -3.9551494e-01  -6.6357975e-01
  -1.6746495e+00  -7.7127851e-01
  -1.4001833e+00  -1.9466097e-01
  -1.4411661e+00  -1.2968099e+00
   7.5790706e-01   8.9503195e-01
  -1.3348143e+00  -6.6692981e-01
  -7.5928438e-02  -2.9831288e-01
   3.5617389e-02   1.5249956e+00
   4.2336101e-01   4.6020934e-01
  -7.3660900e-01   3.5050428e-02
   4.4291811e-01   1.0367271e+00
  -7.9709038e-01   4.5381878e-01
   1.1824333e-01  -2.5482423e-01
  -1.0315082e+00   3.3200862e-01
   6.4945795e-01   4.0817247e-01
   9.2736882e-02   7.2099857e-01
  -2.4803904e-01  -6.0304910e-02
   1.8610383e+00   1.2004342e+00
   6.3320330e-01   2.0222413e-01
   1.5552536e+00   1.2631952e+00
  -8.6390613e-01  -3.6491258e-02
  -3.8256214e-01  -1.2529673e+00
   6.8926721e-01   6.1107925e-01
  -4.4796180e-01   7.4512194e-01
   8.4145985e-01   8.8805771e-01
  -6.4275562e-01  -1.1327776e+00
   7.6802277e-02   1.4825201e-01
  -3.9011609e-01   6.7644415e-01
  -1.9135469e-01   1.1277631e-01
   2.6273463e-01  -9.2686817e-02
  -1.6838505e+00  -1.5046124e+00
  -1.8720576e-01  -1.1498409e+00
  -5.8375234e-02   7.7696666e-01
   4.0321530e-01   1.3921883e-01
  -4.0444672e-01  -7.9265410e-01
  -5.6020350e-01  -8.5410471e-01
   1.1841180e+00   1.1554174e+00
  -2.0563655e-02  -4.5320094e-01
   1.2640243e+00   1.0727742e+00
  -3.5288426e-01   1.0457932e+00
  -1.6265456e+00  -5.6101494e-01
  -1.4138457e+00  -1.7369386e-01
  -1.9577348e-01  -9.6183556e-01
  -3.6302655e-01  -9.2078572e-01
   1.9475931e+00   1.4261026e+00
  -4.2063747e-01  -3.1414418e-01
   6.0505095e-01   1.8807009e-02
   7.0785457e-01   3.3392103e-01
  -6.0158097e-01  -1.4745790e+00
   3.5634068e-01  -1.5493843e-01
  -4.9343555e-01  -1.2064157e+00
  -2.7310279e-01  -6.5641399e-01
  -2.1345036e+00  -7.5239309e-01
  -1.9247423e+00  -1.0466708e+00
   6.9911994e-01   5.7471779e-01
   3.1597536e-01  -6.7913748e-01
   5.3816777e-01  -7.9543077e-02
  -1.3890412e+00  -9.4403532e-01
  -1.5942880e+00  -2.0661247e-03
  -6.2910776e-01  -7.1031037e-01
  -1.7171085e-01  -8.5570146e-01
  -7.1351179e-01   3.9285500e-01
  -7.6094175e-01   1.4048490e-01
   1.6025555e+00   2.2502066e+00
  -4.1335610e-01  -8.6942513e-01
   4.5585254e-01  -2.5380604e-01
   2.9116868e-01  -1.4324962e-03
   9.9230225e-02   8.9897686e-01
   6.2649535e-01  -4.7186956e-01
   4.5221720e-04  -1.4604196e-01
   6.9158614e-01   3.4413865e-01
   1.9632521e-01   1.4032553e+00
   3.3641911e-01   4.7801390e-01
  -1.5371358e+00  -2.1065327e-01
   1.3918927e+00   1.1880152e+00
  -7.7919475e-02  -5.1302121e-01
  -2.4451637e-02  -4.8307804e-01
  -1.7120535e-01  -4.2984232e-01
  -1.9332326e+00  -1.4004395e+00
  -2.4821142e-01  -1.5471045e+00
  -2.0587757e+00  -2.0062917e+00
   2.1675744e+00   1.5786692e+00
   4.2428436e-01   1.2088134e-02
  -1.0869822e+00  -9.9001145e-01
   8.5069086e-01   6.9780659e-01
  -2.0157589e+00  -1.1117046e+00
  -1.0854657e-01  -1.6227372e+00
  -1.9731447e-01  -1.2205359e+00
  -5.8813181e-01   3.9023533e-01
   1.4081187e+00   1.7409770e+00
  -1.8647351e+00  -8.5244178e-01
   1.0796581e-01   5.5332873e-01
   7.1720691e-02  -3.6065053e-01
  -7.1947752e-02  -1.2027154e-01
  -1.1374361e+00  -7.7246781e-01
   4.8295929e-01   1.5392830e+00
  -9.5331117e-01  -1.1500755e+00
   5.2934941e-01  -5.7024284e-01
  -1.6620104e+00  -1.3435676e+00
  -8.8774470e-01  -8.2022712e-01
   6.9344145e-01   3.4179809e-01
   2.0055111e-01   1.2236432e-01
  -1.4336292e-01  -9.1216935e-01
  -5.2430841e-01   4.7617675e-01
   1.4257315e-01   1.3271316e+00
  -1.3030893e+00  -1.0759987e+00
  -3.7719730e-02  -3.4182266e-01
  -1.8974099e+00  -9.3373849e-01
  -4.4905523e-02  -6.4352835e-01
   5.7631641e-01   1.6489074e+00
  -1.7541278e+00  -1.7955074e+00
  -3.1014994e-01  -7.7283875e-01
  -6.9634970e-01   3.2914277e-01
   3.1079613e-01  -5.3859079e-01
  -4.2703879e-01  -2.6189433e+00
  -4.1031340e-01  -1.2347907e+00
   1.3212801e-01   1.1647964e+00
   2.7877671e-01  -2.0946319e-01
   6.8236656e-02  -3.7602087e-01
   7.9206116e-01   6.9430428e-01
   9.3392345e-01   6.9059124e-01
  -2.1737524e+00  -2.0564106e+00
  -5.7197522e-01  -2.4751255e+00
  -2.1743430e-02   1.4246895e+00
  -1.0973301e+00  -1.5317782e+00
   4.6809940e-02   8.2131842e-01
   1.9748748e+00   1.2940525e+00
   9.7780384e-01   8.6062867e-01
  -3.4588189e-01  -2.1364301e+00
  -1.7303386e+00  -1.6975293e+00
   1.0680264e+00   9.0993718e-01
   1.4979901e+00   1.4035156e+00
   4.7335546e-01  -4.9423330e-01
   1.2648034e+00   1.2737706e+00
  -4.3208719e-01  -2.4248230e-01
   1.7571009e+00   2.2437993e+00
  -9.9416588e-02  -6.8359986e-01
  -1.0673907e+00  -3.0260010e-01
   5.3468962e-01   1.5886075e-01
   2.9637033e-01   6.7768132e-01
   1.6157696e+00   1.2960714e+00
  -1.7511890e+00  -1.2899998e+00
  -9.3845092e-01  -5.5969002e-01
   1.8215655e+00   1.6816153e+00
   1.7465241e+00   1.4277217e+00
  -1.9407328e+00  -1.6500599e+00
  -9.7139835e-01   5.3030841e-02
   5.5108730e-01   1.6137418e-01
   9.5265661e-01   8.3080089e-01
   1.7999912e-01   6.5955681e-01
  -8.5801888e-01  -1.5967523e+00
   2.5694432e+00   2.3516899e+00
   4.4731554e-02   3.3255733e-02
   1.9698804e+00   1.9561460e+00
   1.6386194e+00   2.0030133e+00
   4.1853923e-01   8.5762312e-01
   1.4960271e+00   1.2789073e+00
  -2.9842727e-01  -6.4555894e-01
   1.1830851e+00   1.1617254e+00
  -1.7094023e+00  -9.4732248e-01
  -1.9674779e-01  -9.9978162e-01
  -3.0591591e-02  -3.1020384e-01
  -6.9872822e-01   3.4613837e-01
  -8.0472471e-02  -4.0735739e-01
   1.9209862e+00   1.7901825e+00
  -6.2009234e-01  -2.5240830e-01
   7.5180024e-01   9.2637592e-01
   1.0034725e+00   8.8907251e-01
   1.3330680e+00   1.0025566e+00
  -3.2378926e-01  -1.3056505e+00
   1.5680654e+00   1.6292719e+00
   8.7884928e-01   9.3405144e-01
   2.2228124e-01  -4.3490173e-01
   5.7806189e-01   3.5367846e-01
   1.4793902e+00   1.3031986e+00
  -4.3525321e-01  -5.1766519e-02
   2.5510648e+00   2.1183613e+00
   1.5848866e+00   1.7272904e+00
   3.2706236e-01  -1.7111415e-01
  -1.5477982e-01  -1.8980075e-01
   7.8853242e-01   4.4635203e-01
   1.6684989e+00   1.6230087e+00
  -3.9344513e-01  -6.1670967e-01
  -4.3552533e-01  -2.5082814e-02
   1.4585774e-01  -3.8625647e-01
   1.7911898e-01   1.9567874e-01
   1.5524338e+00   1.1602572e+00
   1.2953284e+00   9.2798578e-01
   3.7361346e-03  -6.0673525e-01
   4.1330433e-02  -6.6705157e-01
   1.9733948e+00   1.5685946e+00
   8.9749772e-01   1.5420644e+00
   6.4877241e-01   1.0750913e-01
  -4.0615535e-01   3.0497105e-01
  -9.8024198e-01   5.1227340e-02
  -2.0610140e-01  -6.0610814e-01
  -6.6773920e-02  -1.3049414e+00
   2.8226418e-01  -2.3145339e-01
  -2.2369107e-01  -1.3104031e+00
   8.2743727e-01   1.9893588e+00
  -1.0553039e+00  -5.9419663e-01
   1.1796012e+00   8.7157545e-01
   1.0205017e+00   6.7246962e-01
   7.4320738e-01  -1.6663415e-02
  -1.3410379e-01  -7.0974336e-01
  -5.0256547e-02   6.5887668e-01
   4.0706311e-01   6.2756549e-02
  -5.4656731e-01  -1.4299958e-01
   2.2186103e+00   1.8083079e+00
   3.0344771e-01   9.3531245e-01
   3.2620865e-01   5.8273070e-01
   2.2493865e+00   1.5301607e+00
  -8.1027411e-02  -6.1260223e-01
   4.1099552e-01  -2.3482027e-02
  -1.1891071e+00   3.6089635e-01
   1.1817072e-01  -1.4499539e-01
  -3.6827338e-01  -2.0697448e+00
  -1.9591683e-02  -6.6665423e-01
   3.5647885e-01  -5.9574860e-02
   1.2100999e+00   1.1605901e+00
  -9.3141562e-02  -1.0218197e+00
  -5.7528511e-01   1.9756636e-01
   6.8550686e-02  -5.4122418e-01
   1.5036105e+00   1.1756378e+00
   4.4348831e-01  -2.5650881e-01
   2.3315708e+00   1.8503083e+00
   5.6307631e-01  -6.8937024e-02
  -1.2407585e+00  -2.3850031e+00
  -8.7749520e-01  -8.1410387e-01
   1.8300900e+00   1.7512786e+00
   1.6057470e-01  -9.5219324e-01
   4.6298521e-02  -1.2618802e+00
  -5.2848943e-01   1.6192992e-01
  -5.0411696e-01   5.2353590e-01
   5.9727764e-01   5.6886668e-01
  -7.1175971e-01   4.1618712e-01
  -1.1725189e+00   3.1005650e-01
   4.6423544e-02   1.2414038e+00
   1.8192667e-01  -1.9410469e-01
   5.7513059e-01   2.7181767e-01
  -1.0031167e+00  -8.4906688e-02
   2.8256629e-01  -8.3835386e-02
  -8.7553230e-01  -8.1964647e-03
  -9.9574873e-02  -7.9200985e-01
  -4.2137517e-01  -1.4501260e+00
   2.3830803e-01  -3.0375012e-02
   4.1249729e-01   9.4243402e-01
  -1.6425773e+00  -6.2648976e-01
  -2.3011782e-01  -7.9099400e-01
   1.8310884e+00   1.9144168e+00
  -1.6218271e+00  -9.7281316e-01
   1.6682862e+00   1.4314639e+00
  -1.5378030e+00  -1.6175874e-01
   7.4813077e-01   3.9945984e-01
  -5.6922263e-02   3.3646155e-01
  -7.1565228e-02  -4.9321279e-01
  -6.5335539e-02  -4.1594769e-01
  -1.5263235e+00  -2.3003663e-01
  -8.5055258e-01  -8.2203089e-01
   5.4455173e-01   7.5263529e-01
   2.9044606e+00   1.1400839e+00
   9.3359326e-02   1.0272895e+00
   3.7602547e-01   1.5437404e+00
  -4.2295230e-01  -8.8414217e-01
  -1.1397683e+00  -3.2029877e-01
   7.6529274e-01   2.4658968e-01
  -2.4813076e-01   1.0060514e+00
   1.3924207e-01  -1.0382688e+00
   6.2845808e-01   8.4235514e-01
  -8.8744184e-01   3.1193828e-01
   4.2471693e-01   1.9309841e+00
  -5.0396595e-01  -1.0799598e+00
   1.9798835e+00   1.9168828e+00
  -6.8547279e-02  -4.2474348e-01
   1.4743937e+00   9.9346499e-01
  -9.4348890e-01  -1.6543660e+00
   8.4264959e-01   3.0542068e-01
  -1.8799634e+00  -1.1929166e+00
  -1.5955634e+00  -2.8144499e+00
  -1.0726341e+00  -9.5301213e-01
  -1.8548877e-01  -8.0426349e-01
   1.0801408e-02  -8.1164183e-01
  -5.2985680e-01   1.3316501e-01
   5.4020733e-01   1.9938938e-01
  -4.8976099e-01  -4.1405070e-01
   1.8525893e-01  -1.1854564e+00
   7.7044898e-01   1.8922792e+00
  -5.9480610e-01  -1.1776018e+00
   2.1482919e-01  -6.7006996e-01
  -1.7420163e-01  -6.6133516e-01
   1.9427217e-01  -1.5643703e-01
  -1.7682963e+00  -6.3478595e-01
   1.1243972e+00   3.3669309e-01
  -5.7493429e-01  -7.9124194e-01
  -1.0157429e-02  -3.1891803e-01
   1.7000250e-01   2.1372306e-01
  -2.1642062e+00  -1.6315259e+00
   5.8087540e-01   5.4676104e-01
  -4.8193274e-01  -2.1246645e+00
   3.7302551e-01  -7.6973505e-03
  -1.2394684e+00  -6.5268552e-01
   3.1939513e+00   2.1350195e+00
  -4.6381181e-01   5.7090549e-01
  -7.2838528e-02   1.7130313e-01
   9.0091858e-01   4.4178102e-01
   3.0211800e-01   6.0232492e-01
   1.4244023e+00   9.0991147e-01
  -2.7980987e-01  -8.4497825e-01
  -3.6382032e-01   9.7897960e-01
  -1.9929629e+00  -9.4138228e-01
  -1.7238647e-01   4.4448429e-01
  -4.2861559e-02  -8.1221391e-01
   4.1676463e-01  -4.4527077e-01
  -3.3907743e-01  -7.3473407e-01
   1.5180683e+00   2.0565151e+00
  -8.9767108e-01   3.6794068e-01
  -4.3214118e-01   3.2662397e-01
   1.8711822e+00   1.9316180e+00
   6.9364164e-01   2.3140983e-01
   3.5031315e-02  -5.5599670e-01
   1.5121827e+00   1.8938917e+00
  -1.2601781e+00  -4.7591981e-01
   1.7614743e+00   1.6571004e+00
  -6.1774834e-01  -2.2526703e-01
   6.3642451e-02  -3.6814862e-01
   1.6192329e+00   1.3155312e+00
  -1.1354347e+00   2.8653545e-02
  -2.6868555e+00  -1.5021256e+00
  -6.5362491e-01   1.0253514e+00
  -5.0056900e-01  -1.7899700e+00
  -4.8592674e-02   6.3109719e-01
   1.4112677e-01  -3.5534241e-01
  -6.1557125e-01  -2.8862981e+00
   2.5579311e-01  -4.2056905e-01
  -4.8386851e-01  -1.6789707e+00
   2.0272617e+00   1.5906024e+00
   6.3366259e-01   6.1911482e-01
   4.6818006e-01   2.7868580e-01
   1.4475806e+00   1.2993545e+00
   1.4841593e+00   1.1063465e+00
  -1.0546231e+00   2.7055231e-02
   1.3353341e-01   1.1655741e-01
  -3.9312007e-01  -1.2312107e-01
   5.7637351e-02   3.1803686e-01
  -1.1967521e+00  -5.2984236e-01
  -2.3972653e-02  -5.1895991e-01
  -1.7793795e+00  -2.1581462e+00
   8.6182911e-01   4.9557841e-01
   1.2977338e+00   5.1733559e-01
  -2.4139799e-01   4.3405464e-01
  -9.2772590e-01  -1.6969837e-01
   7.9319821e-01   1.6817610e+00
   7.4557595e-01   9.6181909e-02
  -1.5713398e+00  -4.2001597e-01
   1.0405923e+00   6.2388726e-01
  -1.6337004e+00  -4.4009349e-01
  -5.1028277e-01  -1.8822040e+00
  -1.2342201e-01  -5.5110624e-01
  -3.1727545e-01  -8.3351869e-01
   5.7330004e-01   3.2446259e-01
   1.3614847e-01  -4.8296975e-01
  -1.0917630e+00   2.7397788e-01
   3.6861250e+00   3.4092589e+00
   1.4330314e-02  -1.8728394e-01
   2.0436195e+00   1.8796686e+00
  -4.6165930e-01  -1.0794183e+00
   2.0386023e-01  -3.3664724e-01
   5.1042043e-01   1.5322598e-01
   9.2177051e-02  -5.0874321e-01
   1.2141728e+00   1.1083382e+00
   1.3324373e+00   1.6200889e+00
   4.7118353e-01   6.9410959e-02
   1.0446129e-01   1.1992451e-01
   1.5183894e+00   1.4654241e+00
  -1.0473541e+00  -5.7976155e-01
   7.1738983e-01   1.4784511e-01
  -4.8074682e-01  -9.3770875e-01
   6.2583299e-01   4.5214338e-01
  -1.6821138e+00  -9.2152735e-01
   6.1276066e-01   3.6390836e-02
  -5.9999666e-01  -2.0426453e+00
  -1.3488631e+00  -9.9321676e-01
  -2.0349483e+00  -2.3626753e+00
  -1.3098682e+00   1.9568499e-01
   9.7612700e-01   1.4381068e-01
  -1.0290620e+00  -1.1341411e-01
  -6.5922833e-01   2.9063454e-01
   3.1842598e-01   1.7560775e-01
  -2.0410449e+00  -2.4326885e+00
  -1.3077568e+00  -6.8540118e-01
   8.2594012e-01   5.2169666e-01
   4.1532907e-01   6.1128046e-01
  -2.5164471e-01  -5.1841454e-01
  -1.2400280e+00  -8.6679906e-01
  -1.2251194e+00   1.6294421e-01
   8.7557053e-01   6.1937610e-01
   9.5251919e-01   4.6110922e-01
  -4.5697039e-01   4.9523341e-01
  -1.8256600e-01  -5.2638143e-01
  -1.2842860e+00   4.7968466e-02
   1.6198069e-01  -8.0230318e-01
  -1.9996229e+00  -9.9923534e-01
   8.0700439e-01   5.7257724e-01
  -1.1692371e+00   2.5134313e-01
  -4.1712449e-03  -2.1398204e-02
  -1.3300547e-01   8.3348862e-01
  -2.5652953e-01  -9.9177820e-01
  -2.7991344e-01  -9.7935047e-01
   1.4985653e+00   1.3976601e+00
  -5.7492462e-01  -2.1697524e+00
  -8.3319496e-01   1.3570282e-01
   2.4886233e-01   9.3418561e-01
   2.6809523e-01  -2.2545678e-01
   2.7762209e+00   2.5011950e+00
  -1.5387358e+00  -1.7271524e+00
   1.7019378e+00   1.6455003e+00
  -1.4753424e+00  -1.4768880e+00
   1.1706879e-01   1.0238461e+00
  -3.3124576e-01   9.7896002e-02
  -4.4283783e-01  -7.3956327e-01
   1.2025033e+00   1.8324426e+00
  -9.9210638e-02  -1.4614088e+00
  -1.0570616e+00   1.8581537e-01
   5.7690844e-01  -5.9850645e-02
   8.4405911e-01   7.9960818e-01
   9.3166790e-02  -2.5557056e-01
   1.7100946e-01  -8.3326787e-02
   5.5118550e-01   1.5312634e-01
  -4.0802478e-01  -1.0505871e+00
  -2.1669625e-01  -4.4480826e-01
   3.7619585e-01   3.6354015e-01
  -1.8868878e-01  -2.9364383e-02
   1.5393407e-01   1.7771923e-01
   1.8769705e+00   1.6945890e+00
   4.5546160e-01   1.9684858e-01
  -2.8103794e-01  -1.5482239e+00
  -1.8284612e+00  -1.0036208e+00
   9.8819303e-01   1.6779035e+00
  -3.8021388e-01  -1.4363654e+00
  -3.9283601e-01  -2.0182441e+00
  -9.1789555e-01  -2.6331696e+00
   1.5531531e+00   1.4119244e+00
   1.9951743e-01   7.2181016e-01
   1.4238350e-01  -2.0905836e-01
   3.0053828e-01  -2.6900732e-01
   2.0355158e+00   1.6819259e+00
  -1.8565834e+00  -4.0274066e-01
  -1.5403968e-01  -2.7917724e-01
   1.2858659e+00   1.2429084e+00
   4.1072904e-02  -7.1700449e-01
   1.0685109e+00   8.9370297e-01
  -3.2580821e-01  -4.8114403e-02
   2.5575062e-02  -2.3203429e-01
  -3.4172132e-01  -1.1690813e+00
   1.5966136e+00   1.3899060e+00
   7.1034798e-02  -9.4839403e-01
  -2.8793321e-01  -1.1418352e+00
   1.0858890e+00   1.3869815e+00
   3.0610788e-01   5.8764012e-02
  -1.3075151e+00   3.2036539e-01
  -1.0895292e+00  -6.1568178e-01
   5.6060711e-01   7.2616706e-01
  -8.8843812e-01  -5.9782932e-01
  -5.6075664e-01  -1.6131090e+00
  -9.8766305e-01   1.4969098e-01
   9.5901977e-01   2.3985299e+00
   1.7577036e+00   1.7231726e+00
   7.8592434e-01   4.7587611e-01
  -2.5532230e-01   2.3931370e-01
  -9.2194356e-03  -8.6737552e-01
   2.2716837e-02  -5.0914325e-01
  -1.2690844e+00  -2.7528676e-01
  -3.6963714e-01  -1.3990997e+00
  -1.5229790e-01  -9.3755451e-01
  -8.3562057e-02  -6.0308420e-01
   9.4791477e-01   4.9570492e-01
  -9.7574827e-01  -1.9755217e-01
   7.4382117e-01   8.9848348e-01
  -2.4142875e-01  -1.0156482e+00
  -2.9183522e-01  -9.9647473e-01
   6.8967827e-02  -5.6318119e-01
  -1.7915312e+00  -3.0074771e+00
  -1.2547430e-01  -2.8531577e-01
   5.6068307e-01   2.6132587e-01
   7.7330000e-01   1.4022092e-01
   1.0342420e+00   8.0831467e-01
  -1.0041443e-01  -8.1259422e-01
  -1.9957151e+00  -1.5951790e+00
   1.0077382e+00   8.4973711e-01
   2.5067065e-01  -4.8038663e-01
   3.7567697e-01   1.4701266e+00
  -1.1575763e+00  -1.4585676e-01
  -1.9818172e-01  -9.8052540e-01
  -9.3444935e-01   5.1129671e-01
   1.4246142e+00   1.2009663e+00
   7.4193136e-01   2.5855261e-01
   1.5373755e+00   1.1767137e+00
  -1.9125198e+00  -2.0005535e+00
  -1.7270803e+00  -1.0287044e-01
  -1.6314465e-01  -7.0459040e-01
   9.3936522e-02  -3.2654554e-01
  -1.4937236e+00  -9.4357022e-01
   6.8064395e-01   3.2345992e-01
   1.0254869e+00   9.9150715e-01
   8.8867131e-01   7.0839825e-01
   1.6443623e+00   1.1735719e+00
  -7.2202794e-03   7.2352896e-02
  -1.2860958e-01   6.0466667e-01
  -4.8298027e-01  -2.0876035e+00
  -1.8939463e+00  -2.0108586e+00
  -8.9332502e-01   4.7538320e-01
  -1.4821594e-01  -3.6272310e-01
   2.9710886e-01  -1.2714656e-01
  -1.2497401e+00  -2.0544431e-01
  -2.0439765e-01  -7.3478607e-01
  -6.7448774e-01   4.5517054e-01
  -6.7145547e-01   1.6616276e-01
   8.4367953e-01   8.7976763e-01
   1.1174597e+00   1.1957562e+00
   6.5006390e-01   2.5092014e-01
   9.6064577e-01   7.5093627e-01
  -1.2398299e+00  -8.9307765e-01
  -1.9778815e+00  -1.4943725e+00
  -9.7460298e-01   4.9303918e-02
   1.2928881e+00   8.6223325e-01
  -2.4901854e-01   4.1913822e-01
  -7.3644846e-01  -3.9914714e-02
   4.1538712e-01  -7.8167754e-04
  -1.4264351e-01   1.1908481e-01
   9.0618743e-01   1.7058484e+00
   1.8270341e+00   1.4227708e+00
   2.4306683e-01  -8.3286950e-01
   3.3780219e-01  -3.8468179e-01
   4.5774893e-01   2.1730404e-01
   1.2592874e+00   9.4238755e-01
   1.4660600e-01   1.4762101e-02
  -7.7953012e-01   5.9653827e-01
  -1.5570730e-01  -9.7688532e-01
   3.0361246e-01   2.8881771e-01
  -9.8617581e-01  -2.4715964e+00
  -1.0729434e+00  -2.9405634e-01
   3.1302692e-01  -2.5179635e-02
  -8.3265218e-01  -2.4000547e-01
   1.2940169e-01  -2.1400650e-01
   8.1026156e-02   9.2253089e-02
   4.3520892e-01   2.2832520e-01
   5.3291695e-01   2.2867462e-01
  -2.5767707e-01  -1.2307553e+00
  -9.8900404e-01  -1.0426120e-01
  -4.7745702e-01  -2.2713369e-01
   4.7004763e-01   2.5713018e-01
  -6.4191936e-01   4.6750446e-01
   3.5443807e+00   2.6723793e+00
   1.1290898e+00   8.8466385e-01
  -1.1682494e+00  -2.1708789e-01
   4.0105976e-01   1.3642314e+00
  -6.5514563e-01   3.2051181e-01
   1.8736485e+00   1.4500455e+00
   7.5884780e-01   4.0323612e-01
   4.9514500e-01   3.3619943e-01
  -4.8005158e-01   9.5155321e-01
  -4.0387755e-01  -8.3133571e-01
   8.8812304e-02  -4.7661409e-01
   4.8125151e-01   2.7721994e-01
   1.9103508e+00   1.5232597e+00
  -1.6636236e-01  -7.1432018e-01
   3.2465087e-01   1.2265879e+00
   1.5007008e+00   1.4341192e+00
   1.2083009e+00   1.0175798e+00
  -5.8083077e-02   1.0492504e+00
   4.0038442e-01   3.9105325e-01
   8.7594227e-01   1.0203144e+00
  -1.8852065e+00  -1.1634514e+00
   6.1507558e-01   3.5641407e-01
   1.3976482e-01   1.3000193e+00
  -6.9637820e-01   4.8873460e-01
   8.2768587e-02  -6.9353799e-01
  -2.4695632e-01   8.6537519e-01
  -7.2485259e-01   1.8497471e-01
   3.5631247e-01   1.0255329e+00
  -6.9741942e-01  -1.5824763e-01
   1.8308548e+00   1.5524760e+00
  -2.7313463e-01  -1.0749157e+00
  -1.6271222e+00  -2.1123948e-01
   9.3107550e-01   7.1534216e-01
  -1.0051976e+00  -1.4827603e-01
  -1.3753193e+00  -3.7128488e-01
  -8.2181157e-01  -4.1213943e-01
  -3.7754839e-01  -1.8693091e+00
  -2.8234124e-01  -1.5608565e-01
   1.3598333e-01   7.1224412e-01
  -3.9673380e-01   6.7332497e-01
   4.3494275e-01   1.4082407e-01
   2.2727766e-01  -9.1230470e-02
  -1.4542177e-01  -9.2827722e-01
  -5.1222935e-01  -1.5189375e+00
   2.1661290e+00   9.7430958e-01
  -1.1266173e+00  -1.2193693e+00
   8.4493750e-01   7.5598128e-01
   7.8835220e-01   1.8868301e+00
  -2.7660801e-01  -2.7212679e-01
  -1.3527644e+00  -1.3677676e+00
  -4.2962283e-02  -4.5570685e-01
   1.6151821e+00   1.6763614e+00
  -6.0048467e-01  -1.9752376e-01
  -2.8640258e-02   5.7110751e-01
   8.9288166e-02  -4.5591680e-01
  -3.4986345e-01  -1.1410018e+00
   5.6973702e-01   6.0638771e-01
   3.7293948e-01  -2.4662371e-01
  -2.1897119e-01  -1.1074531e+00
  -1.7760584e+00  -9.9791038e-01
   6.3676584e-01   3.0421938e-01
   8.4952887e-01   5.1656343e-01
   1.5745924e+00   1.1791645e+00
  -5.8295630e-01  -2.1915261e+00
  -1.0626796e+00   5.7302031e-01
  -1.0022845e+00  -2.2307922e-01
   1.5989062e+00   1.3893571e+00
   4.3098780e-01   1.2130318e+00
  -4.7597873e-01  -1.0926721e+00
   1.1033807e+00   3.4993529e-01
  -9.1523532e-01   2.3329739e-01
   3.2955082e-01  -2.3209140e-01
  -7.9875222e-02  -1.0342431e+00
  -4.1652093e-01   6.3502719e-01
  -8.4174296e-01   1.0759776e-01
  -6.2173885e-02  -3.3061153e-01
  -6.7599371e-01   2.6721895e-01
   3.0195096e-01   5.0293381e-01
   3.7019644e-01   1.4069251e+00
   8.2562914e-01   1.7678944e+00
  -1.7205367e+00  -1.7690186e+00
  -6.7434291e-01  -1.8684367e+00
   4.6638472e-01   2.3026153e-01
  -1.1358484e+00  -3.6203540e-01
  -6.4722624e-01  -1.3446463e-01
  -6.4836838e-01  -9.9555054e-02
  -9.7919761e-01   1.1934309e-02
  -1.9711524e+00  -2.3807339e+00
  -1.9892291e-02  -8.7018965e-01
   1.9267970e+00   1.5044887e+00
   7.5545323e-01   7.1640182e-01
   1.8781768e-01   1.3565177e-01
   1.0958775e+00   7.4914036e-01
   2.2209144e-01  -2.2030982e-01
   1.5802048e+00   9.7976900e-01
  -1.0754014e+00  -1.2382031e-02
   7.2325551e-01   1.4057087e-02
   7.4747974e-01   3.7001171e-01
  -4.7370046e-01  -6.3939612e-01
   5.4125687e-01   2.3790548e-01
   7.8928788e-01   1.1440869e+00
   7.9884248e-01   5.4773638e-01
   1.4966862e+00   1.2028383e+00
   9.5312303e-01   5.3077771e-01
   3.7023808e-01   1.1183110e+00
  -9.5599942e-01   2.2344213e-01
   6.2280104e-02  -4.1107400e-01
   8.6370275e-01   1.7773779e+00
  -5.7842655e-01   5.8476451e-01
   1.4866260e+00   1.3847124e+00
  -8.2143976e-01   5.2592585e-01
   5.4367943e-01   3.2445770e-01
   6.7261014e-01   6.8961873e-01
   1.2548063e-03  -1.2463698e+00
   1.1950331e+00   4.5456862e-01
   1.0516999e+00   9.4487051e-01
  -7.4729450e-01  -1.9118515e+00
   7.8365970e-01   3.4278984e-01
   7.9712738e-01   6.5437881e-01
  -2.2605584e-04  -2.5197913e-01
  -6.4904226e-01  -1.5810037e+00
  -3.6023707e-03  -5.6838568e-01
  -1.9787172e+00  -1.2461680e+00
   1.3334107e-01  -1.7034470e-01
   4.9726817e-01   4.0538951e-01
   2.5074923e+00   2.0372755e+00
   8.6989445e-01   1.2273495e+00
  -4.4125948e-01  -1.0165210e+00
   6.8514216e-01   1.6245008e+00
   4.7872783e-01   6.3738644e-01
  -6.7974972e-01   5.1767998e-01
   3.3837123e-01  -1.1772015e-01
  -6.6851620e-02  -4.8619062e-01
  -1.5198096e-01  -8.2331890e-01
   2.9305263e-02   1.0658693e+00
   6.8604074e-01   1.0622372e+00
  -4.1437836e-01  -1.9144481e+00
  -2.8842739e-01   5.8716251e-01
  -4.4799465e-01  -5.5318627e-01
   5.0426241e-01  -9.1716911e-02
   8.5333315e-01   5.3529986e-01
   8.4190695e-01   6.2318187e-01
   2.3221587e+00   2.0933985e+00
   3.1574059e-01   1.2352300e+00
  -2.1089463e+00  -1.1502938e+00
  -1.4949093e+00  -7.2503140e-01
   1.1312315e-01  -1.1405413e-02
  -4.7117526e-01  -1.7752026e+00
   1.8190452e+00   1.6944323e+00
  -3.4998486e-01  -1.2093649e+00
  -9.0902718e-01   6.5992072e-01
   4.7383910e-01   1.3503147e+00
   1.0760902e+00   9.5107451e-01
  -6.4413974e-01   6.9674649e-01
   4.7874989e-01  -1.8896865e-03
   1.9053150e-01  -1.2978438e+00
   2.0441888e-01  -2.8873754e-01
  -3.7050040e-01   6.9335098e-01
   2.1991908e+00   1.9319241e+00
  -1.6099325e-01  -9.7704451e-01
  -1.3497512e+00  -2.2753023e-01
  -1.8901778e+00  -2.1540172e+00
  -1.5158223e+00  -6.1872322e-01
   2.6994987e-01   1.1688825e-01
  -1.5333191e+00  -4.5166280e-01
  -3.6209234e-01  -1.7838742e-02
  -1.1618169e-01  -1.0032100e+00
  -1.9689219e+00  -2.2155276e+00
  -2.2253305e-01   7.9265583e-01
   8.6219321e-01   1.2845018e-01
  -1.5823455e+00  -1.9456372e+00
  -5.2059536e-01   6.5409722e-01
  -2.0892340e-01  -5.0198553e-01
   6.7282919e-01   2.5260036e-01
  -1.6804180e+00  -1.1334825e+00
  -6.0954668e-01   4.3027460e-01
   1.1806681e-01  -3.5040869e-01
  -4.1695584e-01   5.4410686e-01
  -2.7426221e-01   1.2724941e+00
  -1.4366841e+00  -1.1483799e+00
   1.0896364e+00   1.9649109e+00
   1.2750507e+00   9.9562900e-01
  -4.7579060e-01  -1.3301829e+00
  -7.2287401e-01  -6.7293113e-01
   3.2848178e-01  -8.4970049e-02
  -2.7061119e-01   1.5266613e-02
  -1.6765571e-01  -8.4371127e-01
   1.9013686e-01  -1.1023635e+00
   7.4241166e-01   5.8728731e-01
  -1.1521202e+00   1.3787988e-01
   1.5808377e-01  -9.9360555e-01
  -1.8765285e-01  -5.7321822e-01
   3.3528813e-01  -1.6938187e-01
   1.1113408e-01   1.1895829e-01
  -5.1575685e-01  -2.5636745e-01
   8.8572213e-01   6.4364122e-01
  -4.8918411e-01  -1.3673031e+00
   9.2958723e-01   8.5704564e-01
  -1.6158968e-02  -7.3074334e-01
  -4.8631968e-01  -6.6649874e-01
   5.3521525e-02  -4.8345283e-01
   1.1825300e+00   1.1266487e+00
   3.5855130e-01   5.7771495e-01
   5.8054203e-01  -1.6557365e-01
  -8.5614356e-01   5.8932294e-01
  -1.5247154e+00  -5.7022839e-01
  -1.8210874e+00  -8.4245153e-01
  -1.7705298e+00  -1.0977922e+00
  -1.5407842e-01  -9.7577706e-01
  -5.1181151e-01  -3.5546581e-01
  -1.4178360e+00  -1.7339095e-01
  -2.6519662e-02  -5.4056684e-01
   1.0449481e+00   3.9358644e-01
   2.5061539e-01  -6.0186806e-02
   7.9209322e-01   8.3663530e-01
  -1.6353926e+00  -1.5769336e+00
   1.0248218e+00   1.0790537e+00
   1.0695650e-01  -1.5840217e-02
   5.0368802e-01   3.0136111e-01
  -3.3787594e-01  -1.1402136e+00
  -6.0929620e-01   5.7344220e-01
  -2.9268225e-01  -6.1483553e-01
  -2.8933406e-01  -1.2943448e+00
   8.9530618e-02  -4.5377781e-01
  -1.7358063e+00  -1.3899250e+00
   9.9050120e-01   1.6345865e+00
   2.0715639e+00   1.7466375e+00
  -9.3267455e-02  -6.5352684e-01
  -7.4262899e-01   2.9620584e-01
   5.0713137e-01   3.2603572e-01
  -1.7074672e+00  -5.2153872e-01
  -1.1069245e+00   4.5445878e-01
   6.0475695e-02  -4.5163576e-01
  -2.7148542e-01  -1.2646725e+00
   3.8711478e-01   2.2303252e-01
   6.6184419e-01   5.5665389e-01
  -1.0694234e+00  -6.0012737e-02
   9.4175642e-01   1.7742967e+00
   7.4445829e-01   3.8888807e-01
  -6.3764692e-01  -1.4009898e+00
  -1.4397292e+00  -1.2393314e-01
  -1.2127576e+00   2.0879616e-01
  -3.7765432e-01   1.3502620e-01
  -3.2241653e-01   1.0372688e+00
   6.5790892e-02   1.5197932e+00
  -1.8276992e+00  -2.2923646e+00
   6.0206573e-01   3.8393758e-01
  -8.8559883e-01  -3.5364048e-03
  -8.2029293e-01   7.1050753e-02
   9.0381438e-01   4.2006015e-01
  -1.8054709e+00  -1.3582940e+00
   1.0363303e+00   6.7434638e-01
   1.0614392e+00   8.0487440e-01
   2.6137845e-01  -8.4206927e-01
  -3.1851942e-01  -9.7348632e-01
  -4.4472617e-01   4.3674198e-01
   2.4011219e-01  -2.1870024e-01
  -1.8962374e+00  -1.1040390e+00
   4.8517537e-01   2.7055056e-01
  -1.9366483e-01  -5.1347834e-01
  -8.8354402e-01   3.7304969e-01
  -5.0516789e-01   2.8674946e-01
  -3.7591993e-01  -1.9847060e+00
   7.7588091e-01   5.1751432e-01
   1.6341667e-01  -2.5258951e-01
  -1.2107434e+00  -2.3071509e-01
  -1.4469433e+00  -3.3494607e-01
  -8.7598785e-01  -1.7621276e-01
  -4.0833260e-01   1.0717210e+00
  -2.0772243e+00  -1.8684064e+00
   1.9079240e+00   2.2488973e+00
  -1.8656201e+00  -1.8708676e+00
   9.4789581e-01   5.1787567e-01
   4.1826538e-01   2.4747764e-01
  -2.7493996e-01   1.2516685e+00
  -5.7767694e-01   2.4769404e-01
   3.9398995e-01   1.4152866e+00
  -5.5194924e-01  -1.5812201e+00
   2.1682139e+00   1.7091542e+00
  -9.4962640e-03  -4.5474149e-01
   5.2409479e-01  -4.9245215e-02
   6.8102712e-01   5.1380895e-02
   1.6462811e-01   8.1807038e-01
   1.9091859e-01   1.1408088e+00
  -1.8791722e+00  -6.7276808e-01
  -4.0983192e-01  -1.2683479e-02
  -1.0008098e+00  -5.7837831e-01
   2.4553593e-01   3.9195376e-01
   1.8414344e+00   1.7212670e+00
   1.4173213e+00   1.1133383e+00
   1.4106957e+00   1.9167663e+00
  -1.6857529e-01  -6.4466303e-01
  -5.4674838e-01  -2.2273699e+00
  -1.8832084e+00  -1.4306037e+00
  -9.2469229e-01  -2.1227901e+00
  -1.4228127e+00  -5.1196568e-01
  -9.5340336e-03  -8.8718568e-01
   2.4571687e-01   3.6653593e-02
   1.0047583e+00   9.9928331e-01
  -3.8294690e-01  -3.4451378e-01
   3.0955841e-01  -9.5300050e-01
   8.7784458e-01   5.9093589e-01
   1.5114272e+00   1.3134475e+00
  -1.3690745e+00   2.0238811e-01
   1.6103283e+00   1.1832502e+00
  -2.8307402e-01  -1.0088517e+00
   3.0875859e-01   2.6645320e-01
  -1.0209960e+00  -2.2669544e-01
  -7.1544367e-01  -1.4667222e+00
  -1.5723711e-01   1.0985082e+00
   6.5466356e-01   6.1034811e-01
   1.9352447e+00   1.7169228e+00
   1.0028926e+00   5.3184598e-01
   1.0745629e+00  -4.6110230e-01
  -1.0094036e+00   2.4873724e-01
  -1.2333671e+00   9.1380977e-01
  -1.6160289e+00  -1.0915557e-01
   1.4568180e+00   1.3272806e+00
  -4.0521173e-01   8.1735357e-01
   2.1662056e+00   2.0844252e+00
   2.4156053e+00   1.9459953e+00
   4.4302030e-01   1.8310011e-01
  -1.4310599e-02  -4.9174564e-01
   1.4500141e-01   1.2969642e+00
  -1.5068408e+00  -8.1770736e-01
  -6.3771920e-01  -1.2124058e-01
   3.6432833e-02  -6.7262101e-02
   6.9278481e-01   2.5935199e-01
   4.7371993e-01   5.6066860e-01
   3.5185538e-01   2.8570682e-01
  -2.8220360e-01  -9.1848296e-01
  -2.9274422e-01   5.0854234e-01
   9.6675020e-01   2.0509381e+00
  -7.3869666e-01  -6.8730585e-01
  -1.8417151e+00  -9.3833751e-01
  -4.9228869e-01  -1.3986244e+00
  -6.0466896e-01  -2.9372081e+00
  -9.8173076e-01   3.1753179e-01
  -9.7980666e-01  -1.4789837e+00
  -1.1008720e+00  -2.5707949e-01
   3.5140632e-01   3.3659331e-02
  -7.0041338e-01  -1.4416596e+00
  -7.5737477e-01  -1.0203732e-01
  -5.4723525e-01  -1.0506194e+00
   9.5535821e-01   4.5473567e-01
  -5.6278723e-01  -1.9513106e+00
   3.5181426e-01   2.4012381e-01
   9.6772853e-02  -5.1870789e-01
  -1.6712857e-01  -9.9540534e-01
   8.2825028e-01   5.9521900e-01
  -7.4721839e-01   2.4362562e-01
   1.0590069e+00   5.9060392e-01
   2.8650722e-01  -5.6183149e-02
  -1.5141495e+00  -6.0443950e-01
  -2.6464803e-01  -9.4283872e-01
  -1.4073729e-01   8.6034027e-02
  -8.0565775e-01  -3.4761265e-01
  -7.1051432e-01  -2.6456349e+00
   9.8377357e-01   4.9851656e-01
  -6.0984290e-01  -7.6482272e-02
   4.6539845e-01   1.8616047e-01
  -1.0775793e+00  -3.1924088e-01
  -1.2341249e+00  -3.7839933e-01
  -1.7990227e+00  -9.8592336e-01
   1.1723402e-01  -4.4008361e-01
  -3.2761100e-01   1.0901163e-01
