  -6.3861218e-02   6.8491802e-01
  -9.1690749e-01  -9.2637861e-01
  -8.4160210e-02  -9.4101680e-01
   1.0250897e+00   9.5534043e-01
   1.6428603e-01  -8.0347192e-01
  -9.9302368e-03   5.0290285e-01
  -9.7089466e-01  -6.6502616e-02
  -3.8859636e-01  -2.1006927e-01
  -9.1498606e-01  -1.8592350e-01
   3.2643644e-01   2.4472207e-01
   1.9587294e-01   2.3644102e-01
  -9.5122795e-01  -2.1561554e-01
  -3.7872738e-01   3.8469635e-01
  -2.9072689e-01  -1.1026286e+00
   9.9606306e-02   7.6265426e-01
  -8.0092165e-01  -5.1922187e-01
  -6.4089116e-01  -2.4586028e-01
   2.2100262e+00   2.0546781e+00
   2.6921294e-01   5.6717681e-01
   2.7963935e+00   1.8443851e+00
  -2.2623660e-01   4.4155551e-01
   1.8484786e-01  -8.4603226e-03
  -8.8188907e-01  -5.9426980e-01
  -1.9130360e-02   5.5398374e-02
  -1.0812800e+00  -2.1848725e-02
   9.0702153e-01   1.3519234e+00
   1.5902948e+00   1.3294841e+00
   8.7999962e-01   1.1796784e+00
  -1.0673630e+00  -7.8603284e-01
  -7.4421416e-01  -2.0608003e+00
  -2.2173783e-01   3.5737836e-01
   9.0654394e-01   8.7155391e-01
  -3.1612073e-01   7.0467720e-01
  -5.1847049e-01  -6.1383912e-01
   1.4052831e+00   1.2176622e+00
  -1.0050276e+00  -5.6528387e-01
  -8.9429703e-01  -1.6204466e+00
  -2.7186848e-01   1.2298016e-01
  -3.6845257e-01   3.5474841e-01
   3.4014789e+00   2.2626227e+00
  -5.7082788e-01  -1.9649686e-01
  -3.8940186e-01  -3.0384982e+00
  -2.2752019e-01  -6.2674859e-01
  -6.6470194e-01  -3.8671886e-01
  -3.7283519e-01  -3.2284051e-01
   1.1927089e+00   1.0861637e+00
  -2.1333921e-01   1.1389520e-01
   1.6166042e-02  -5.6962865e-01
   2.3915193e+00   2.7712357e+00
   5.0742137e-01   2.0613070e-01
   1.8471658e-01   8.2479321e-01
  -7.2183456e-01  -1.7260488e+00
  -8.9437394e-01  -1.0131351e+00
  -7.9447067e-01  -1.2526217e+00
   2.2616326e+00   1.3096941e+00
  -1.0683629e+00  -8.7908167e-01
  -1.2520537e+00  -4.1841734e-02
  -4.2796514e-01  -6.3136819e-01
  -8.6275968e-02  -4.8377498e-01
  -6.3697978e-01  -1.1398546e+00
  -8.3165076e-01  -9.2477599e-01
   7.8542709e-01   1.6434479e-01
  -9.2959703e-01  -1.3587081e+00
  -1.2115634e+00  -5.2341519e-01
  -1.1150939e+00   2.4757237e-01
   2.4502392e-01   4.6172828e-01
   2.5436094e+00   1.9020391e+00
  -8.2519787e-01  -1.4528935e-01
  -3.6681821e-01   3.5796302e-01
  -3.9415981e-01   2.5045562e-01
  -6.7832133e-01   2.0857818e-01
  -1.3440589e-01  -5.4585067e-01
   1.9804218e+00   2.0618435e+00
  -7.5625968e-02   5.5722010e-01
  -9.6880129e-01  -1.6876086e+00
  -8.2401408e-01  -6.9218026e-01
  -1.8345002e-01  -3.1793324e-01
  -3.6064799e-01   3.5232654e-02
  -2.7826218e-01   3.7214754e-01
  -1.0698377e+00  -4.3832334e-01
  -1.0698288e+00   2.0043851e-01
   1.6325079e+00   1.1688981e+00
   6.1492970e-01   1.9116975e-01
   7.7481907e-01   7.4701395e-01
  -8.4930072e-01  -3.1808419e-01
  -9.2294770e-01  -1.1188288e+00
   2.4290476e-01   8.0620907e-01
   3.5087428e-01  -1.2129463e-01
  -5.0904254e-02   5.6432517e-01
  -1.2701265e-01  -2.4594626e-01
  -2.4825224e-01  -2.3579296e-01
  -1.2051427e+00  -1.3125285e+00
   1.6129604e-01   3.3079367e-01
   4.0413438e-01   4.7635971e-01
  -3.3944904e-01   5.7381012e-01
  -8.4759165e-01  -7.9250265e-01
   9.2297509e-01   1.3129790e+00
   7.8939810e-01   1.0354857e+00
  -7.1603736e-01  -7.5715242e-01
  -7.3772653e-02  -5.0420496e-01
  -1.3447155e+00  -1.5259337e+00
   1.3030379e+00   8.4592047e-01
  -7.3618945e-01  -4.7431542e-01
  -2.3045943e-01   5.4857168e-01
  -9.7609047e-02  -3.7138748e-02
   1.2528739e-01   7.1959106e-01
  -4.5075668e-01   5.1147739e-01
  -1.7346400e-01  -7.9078807e-01
  -8.1990727e-01  -2.8267878e-01
  -4.4477541e-01   8.6984212e-02
   1.5418964e+00   1.3978277e+00
  -4.7156821e-01  -3.4176405e-01
   3.4464772e-01   9.4681498e-01
  -7.5021160e-01  -6.6930864e-01
  -2.0746391e-01   3.0147205e-01
  -8.4919074e-01  -3.8633742e-01
   1.2952563e+00   6.3914309e-01
  -9.2088326e-01  -4.4342888e-01
  -1.2349842e+00  -2.1135944e-01
  -8.0370837e-01  -9.8013008e-02
   5.7324363e-01   3.0640188e-01
   2.3785789e-02   6.6561755e-01
   2.0245345e+00   1.6072240e+00
   9.1644838e-01   7.6738228e-01
  -4.3180302e-01   3.6307180e-01
  -1.1991346e-01   2.0749871e-01
  -6.0550402e-01  -4.0888977e-01
  -9.5080712e-01   8.3362974e-02
  -1.0859597e-01  -6.2345365e-01
  -3.4565841e-01  -5.2068331e-01
  -4.6176465e-01  -5.9373705e-01
   2.2051593e-03   3.2809601e-01
   1.6061413e+00   1.5160570e+00
  -3.5797182e-01  -5.9393567e-01
  -1.3478704e+00  -5.9958120e-01
  -1.3004642e+00  -5.1203576e-01
   1.3688082e+00   1.0605143e+00
   2.3823710e+00   1.7888110e+00
  -2.9285623e-01   8.8296514e-01
  -5.9318894e-01  -1.2454354e+00
   1.4578337e+00   1.3240699e+00
  -7.6385934e-01  -1.2741341e+00
   2.3510943e+00   1.6885660e+00
  -7.7364218e-01  -5.7871902e-01
   6.4589571e-01   1.4679311e-01
  -5.2511238e-02   5.3917482e-01
   8.3325038e-01   1.2068850e+00
   9.1789154e-02  -2.7977496e-01
  -2.9714050e-01  -2.8035091e-01
   1.4878439e+00   1.1364306e+00
   5.7122776e-01   9.3975475e-01
   1.8116514e-01   2.2318244e-01
  -8.5476455e-01  -1.4532686e+00
   1.6422208e-02   9.6205508e-02
  -7.7395606e-01  -1.1440023e+00
   2.0020088e+00   1.4509520e+00
  -1.2290680e+00  -1.0757855e+00
  -6.7872642e-01  -3.2506036e+00
   2.0031080e+00   1.8551364e+00
   2.5294654e-01   9.1490686e-01
  -7.8733342e-02  -2.6655817e+00
  -5.5923464e-01   4.2090855e-01
  -3.2037965e-01   8.8608323e-02
   8.0183272e-02   2.9626228e-01
   1.2449610e+00   1.2479557e+00
  -8.3714587e-01  -2.3961492e-01
   3.9296973e-01   8.5913439e-01
  -2.8440450e-01  -3.8399943e-01
  -8.8154337e-01  -1.9530525e+00
  -5.2890481e-02   1.2536089e-01
   8.2468595e-01   1.1164253e+00
  -1.3759605e+00  -9.3221947e-01
  -8.8810448e-01   1.9896417e-02
  -8.7942288e-01   4.8939930e-01
   8.2983509e-01  -3.0448053e-02
  -7.6244137e-01  -1.3892057e+00
   2.9608781e+00   2.2829330e+00
   3.2429240e+00   2.7653408e+00
  -4.7367631e-01  -1.0101224e+00
   2.3551752e+00   1.8403916e+00
   9.3423420e-01   1.0646799e+00
  -8.0007935e-01  -4.5219616e-01
   5.6929466e-01   8.6314532e-01
   6.9488818e-01   8.2285058e-01
   1.6365588e+00   1.3350136e+00
   1.4674329e-01   4.2870650e-01
  -8.0147176e-01  -2.3434707e-01
  -1.1597537e+00  -4.1013711e-01
  -3.4810667e-01   5.3732039e-01
   2.5127131e+00   1.6579888e+00
  -1.2835991e+00  -5.3103499e-01
   1.4165155e+00   1.3081306e+00
  -2.0067493e-01   3.0974288e-01
  -9.3963135e-01  -6.6070949e-01
  -1.6164874e-01   1.5910646e-01
   1.1496611e+00   1.1090112e+00
   5.0743241e-01   9.5558520e-01
   9.9429277e-01   9.1758512e-01
   5.8517060e-01   7.2557216e-01
  -1.3667350e+00  -1.5862435e+00
  -1.1103860e+00  -7.6279405e-01
  -5.8825754e-01  -8.9304725e-01
  -9.7593137e-01  -4.3522936e-01
  -5.5682732e-01  -1.0416743e+00
  -7.5975173e-01   6.9993847e-02
   3.9782957e-01  -1.1137547e-02
  -1.1050619e+00  -1.7730125e+00
   5.2161815e-01   4.3156937e-01
  -6.9656673e-01  -1.3866201e+00
   1.4838562e-01  -4.2787641e-02
  -5.4024308e-02   4.0833696e-01
  -8.7911302e-01  -6.8717923e-01
   9.1028436e-02  -1.8149054e-01
  -1.0506590e+00  -1.6374913e+00
   9.2591916e-02   2.3939100e-01
  -7.2783327e-03   5.0640658e-01
  -1.5440310e+00  -1.0656842e+00
   1.9858416e+00   2.1084847e+00
  -1.0244832e+00  -1.3639361e+00
  -1.2004517e+00  -8.0412405e-01
  -1.1021576e+00  -1.8115223e+00
  -8.4016228e-01  -5.3713425e-01
  -1.0247551e+00  -6.3334270e-02
  -4.9913609e-01  -2.7768088e-01
   8.8730057e-02   1.9160325e-01
  -6.8863197e-01  -1.9232073e+00
  -9.4260576e-01  -1.1746782e+00
   1.7260381e+00   1.2478058e+00
   5.9222099e-01   5.3568060e-01
   1.1024344e+00   5.1306885e-01
  -1.0573009e+00  -1.5445783e+00
  -9.4505029e-01  -1.1875618e+00
   1.1834702e+00   1.0788838e+00
   4.9798145e-02   4.5287730e-01
  -2.3034294e-01   3.5187541e-01
  -1.1405090e+00  -1.2543696e+00
  -7.1990208e-01  -4.0458917e-01
  -5.4854122e-01  -2.1322726e-02
   1.3367208e-03  -1.6843768e-02
  -8.6663112e-03   9.4602054e-01
   6.4541525e-01   9.9311008e-01
  -9.2822579e-01  -1.0468653e-01
  -1.2092252e+00  -7.0938470e-01
   8.3936934e-01   7.3475533e-01
  -1.4152275e+00  -1.1299572e+00
  -4.1217400e-01  -5.2204695e-01
  -4.9103918e-01  -1.8036142e+00
  -3.9827293e-01  -3.6826937e-01
  -1.3767282e+00  -5.2725893e-01
   1.2881576e+00   1.5375779e+00
   3.2613416e-01   6.2693143e-01
   6.3458939e-01   7.5619031e-01
   1.3231033e+00   1.3330256e+00
  -7.1475028e-01  -9.0466376e-01
   7.4492052e-01   4.6293385e-01
  -3.8349650e-01  -2.4515651e-01
  -1.1742655e+00  -1.6159730e+00
   2.3044357e-01  -2.0223995e-01
  -6.3226187e-01   2.2177053e-01
  -2.0251825e-01  -6.8753533e-01
   2.7821559e+00   1.7306620e+00
   3.2568264e+00   1.9381280e+00
   1.1213936e+00   1.1314491e+00
  -2.9816531e-01  -4.3516623e-01
  -1.2587251e+00  -9.9096696e-01
   2.3437694e-01   8.6658489e-02
   2.3217453e-01   2.1867441e-01
   1.6320990e+00   1.5027165e+00
   5.7029962e-01   1.0402225e+00
  -9.8789808e-01  -6.0959007e-01
  -2.9377264e-01  -3.2015309e-01
  -3.9200882e-01  -1.5080556e+00
   1.2459545e+00   9.7965055e-01
  -9.4344223e-01   7.1090933e-02
  -8.3246469e-01  -3.2306039e-01
  -4.1311996e-01  -5.7699342e-01
  -5.9283815e-01  -1.2202429e+00
  -2.1965808e-01  -2.7304713e+00
   1.9802516e+00   1.6241778e+00
   2.0134656e+00   2.0846780e+00
  -3.1426770e-01   6.9189056e-01
   3.1077327e-01   2.3465303e-01
   7.8646766e-01   4.8718480e-01
   2.4077479e+00   2.1672134e+00
   9.7855553e-01   6.4387086e-01
   7.2636550e-01   6.4436064e-01
  -6.8807260e-01  -5.0490308e-01
   2.7098193e+00   1.6443392e+00
  -1.1362760e+00  -1.0252570e+00
  -6.1298670e-01  -1.7876125e+00
   4.0450483e-01   6.0924665e-01
  -3.9986120e-01   2.6266244e-01
  -8.4141985e-01  -6.4896554e-01
   1.2757921e+00   1.4544083e+00
  -1.5241935e-02   5.8462470e-02
  -4.7054125e-01   2.8195149e-01
   1.1551786e+00   6.3386280e-01
   2.1022248e+00   1.6283534e+00
   1.2564004e+00   1.1736122e+00
  -5.7881063e-01  -1.7326067e+00
  -9.2397277e-03   7.9544899e-01
   1.3483610e+00   1.2266303e+00
   3.7059673e-01   9.7168851e-01
  -1.1681114e+00  -9.9145581e-02
  -4.7403845e-01  -3.3464426e-01
   8.5231817e-01   5.3632676e-01
   2.2041837e+00   1.2885462e+00
   6.4960783e-01   5.2448460e-01
   2.2007917e+00   1.4362943e+00
   1.5381239e-01   6.4922751e-01
   1.5692864e+00   1.1821315e+00
  -4.7223908e-01   2.6827914e-01
  -4.6356248e-01  -1.7740196e+00
   9.8030948e-02   5.9446877e-01
  -1.0830557e+00  -1.6130374e+00
  -7.3352749e-01  -8.3472704e-01
   2.4040360e+00   1.7257554e+00
   1.0232707e+00   7.7045032e-01
   6.7785019e-01   8.0479092e-01
  -1.0756988e+00  -1.1312946e+00
   3.6315193e-01   7.2510777e-01
  -5.1435823e-01   4.2177239e-02
  -9.3898624e-01  -8.0207413e-01
  -7.5380265e-01  -1.2164264e+00
   1.8827300e+00   9.5373007e-01
  -6.6161339e-01  -1.9065863e+00
   7.9404205e-01   8.4807596e-01
  -6.3167118e-01  -4.2729436e-01
  -2.2414718e-01   4.7434102e-01
  -6.6276667e-01   2.3915361e-01
  -1.5379493e-01   7.8842439e-01
   6.5688893e-01   9.7010092e-01
  -1.0767954e+00  -8.5134173e-01
  -9.0861211e-01  -1.8379554e+00
   5.1007951e-01   1.9152948e-01
  -9.9385873e-01  -5.4690468e-01
  -9.0882714e-01  -4.3761787e-01
  -1.1010031e+00  -7.8279628e-01
  -4.5976869e-01  -5.8318909e-01
   9.4289611e-01   1.5087931e+00
   1.4800099e+00   1.0924603e+00
  -6.8087961e-01  -1.3376834e+00
  -7.4621496e-01  -9.4999586e-01
  -8.9608597e-01  -3.1617302e-01
  -7.3629728e-01   1.3692699e-01
   3.0621460e-01   5.9302027e-02
  -2.3184403e-01  -1.8133352e+00
  -1.2416769e+00  -7.7927250e-01
  -7.7664658e-01  -1.5605443e+00
  -1.2107873e+00  -1.0092266e+00
  -1.1090335e+00   7.3629957e-02
   3.8342813e-01   5.1690194e-01
   1.0277305e-02   7.5630506e-01
   4.7140571e-01   3.2836512e-01
  -6.5711210e-01   5.6501134e-02
   3.3843493e-01   3.0641036e-01
  -1.0104900e+00  -3.0433280e-01
   3.0385579e+00   2.2487596e+00
   1.3548249e-01   3.3272399e-01
   3.6386150e+00   2.4021040e+00
   3.0872616e-01   9.8536082e-01
  -2.2999645e-01  -1.7453943e+00
  -4.8513058e-01  -5.2868798e-01
  -1.0975269e-01   4.0875643e-01
   2.2509897e+00   1.5039889e+00
   6.3876096e-01   5.0251236e-01
   1.1198193e-01  -1.2034273e-01
  -1.0082305e+00  -1.4911903e+00
  -8.3374030e-01  -5.9583652e-01
   2.1861266e+00   2.4369846e+00
   3.5590070e+00   2.3579576e+00
  -8.7217172e-01  -1.3126487e+00
   5.3873831e-01   6.2372239e-01
  -1.2648126e+00  -1.0539993e+00
  -7.6619440e-01  -1.1829067e+00
  -5.0442536e-01  -1.6073651e+00
  -3.3099246e-01  -1.1366867e+00
  -5.6798091e-01   2.2146821e-01
  -5.1895280e-01  -3.3594505e-01
  -5.0782117e-01  -1.0944661e-01
  -6.6056766e-01  -1.7891437e+00
  -7.7874423e-01  -3.4036206e-01
  -1.2180853e+00  -3.2939442e-02
   4.2224308e-01   6.8266870e-01
  -1.2770003e+00  -7.7244278e-01
  -9.7388176e-01  -5.8118930e-01
  -1.2479649e+00  -3.6562988e-01
   1.2902403e+00   1.4209957e+00
   1.3140662e+00   1.3176208e+00
  -1.2125971e+00  -5.5393923e-01
   9.0394888e-01   7.0225741e-01
   8.5178833e-01   7.7928263e-01
  -1.1617357e+00  -1.2613453e+00
   2.3536831e+00   1.7082814e+00
  -4.1945826e-01   4.0455403e-01
  -7.5998182e-01   7.9889795e-02
  -3.4761857e-01  -1.2715311e+00
  -4.7948203e-01  -1.7999175e+00
  -1.7470539e-01   1.7714129e-01
  -8.4953084e-01  -2.6027240e+00
   9.5099188e-03   6.2320161e-01
  -7.8814733e-01  -8.9058859e-01
  -1.6800321e-01  -1.0219171e+00
   1.3917247e-01  -3.3102701e-01
  -6.6484631e-01  -8.3663681e-01
  -9.2511553e-01  -1.6502440e-01
  -7.3396491e-01  -2.1314257e+00
  -8.0855795e-01  -1.4721090e+00
   7.0356114e-01   3.7511480e-01
  -7.4713902e-01  -4.1610469e-01
   5.7068993e-01   6.9086295e-01
   1.1848661e+00   1.3500569e+00
  -8.2313799e-01  -1.4166521e+00
  -5.6599993e-01  -4.2402884e-01
  -5.6597820e-01  -2.4529469e+00
   1.2455668e-01   9.1721547e-02
   1.4190491e+00   1.0660248e+00
  -2.4060472e-01  -1.1769881e-01
   2.8406324e+00   2.3934806e+00
  -3.3361339e-01  -2.8043281e-01
  -3.0356264e-01  -2.7242300e-01
   8.7952706e-01   1.3632907e+00
  -4.2929667e-01  -2.5231592e-01
   1.7119101e+00   1.2852014e+00
  -1.8983197e-01   3.5296450e-01
   2.2061038e+00   1.7167263e+00
  -5.0594172e-01  -5.6882618e-01
   8.0286137e-01   8.0642186e-01
   1.7014587e+00   1.7468459e+00
  -5.7774013e-01  -1.6673655e+00
  -1.0738979e+00  -1.3454343e-01
   1.8334147e+00   1.8507674e+00
  -6.6594056e-01  -2.1878526e+00
  -2.9918453e-01  -1.5150523e+00
  -8.1345284e-01  -2.0420626e-01
   5.4014415e-01   4.0798194e-01
  -6.9858052e-01  -1.1403273e+00
  -4.9149460e-01  -2.6445219e+00
   5.2040192e-01   6.9558895e-01
  -7.7500496e-01  -8.7677397e-01
  -9.7078977e-01  -1.6702784e+00
  -4.7578398e-01  -8.3036294e-01
   6.0361349e-01   9.8032030e-01
  -8.8975088e-01  -7.0231004e-01
   1.4718517e-01   1.0798270e+00
  -3.6594152e-01   2.4220790e-02
   3.1021036e+00   1.7528004e+00
  -1.6935582e-01  -9.1455987e-03
  -3.5565271e-01  -5.8424723e-01
  -9.5694680e-01  -5.8342330e-01
  -9.6787868e-01  -1.0473324e+00
  -6.6856351e-01  -1.7926092e-01
   7.7062104e-03  -2.2965949e-01
   3.2860494e+00   1.9300037e+00
  -9.9483775e-01  -4.5481172e-01
  -4.7506916e-02  -9.1078556e-01
   1.3094676e+00   7.9804497e-01
   9.8060015e-01   8.5137363e-01
   1.0820386e+00   8.2544345e-01
  -6.8660518e-01  -8.0109612e-01
  -9.3432243e-01  -9.0654894e-01
  -9.5005465e-01  -1.8182349e+00
   7.0647400e-01   5.4156330e-01
  -9.6982820e-01  -5.0163785e-01
   1.9203085e+00   8.6697567e-01
   2.5750979e+00   1.3981820e+00
  -4.7637739e-01  -2.5920691e-01
   7.4187889e-01   6.7930648e-01
  -1.1943766e-02   6.2244588e-02
  -1.1290356e+00  -1.1565780e+00
  -5.0822791e-01  -4.0444724e-03
  -9.9938020e-01  -1.5081557e-01
  -5.3196060e-01  -9.9239183e-01
  -1.3140585e+00  -8.9353784e-01
   2.6782147e+00   1.9451378e+00
  -3.9637761e-01   2.9511074e-01
  -8.7951197e-01  -5.4165345e-02
  -8.6257170e-01  -3.1336312e-01
  -7.9068120e-01  -3.8694784e-01
   1.5170922e+00   1.3067195e+00
   1.0858918e+00   7.5424943e-01
  -1.0191552e+00   4.2749819e-02
   3.3556706e-01   3.5437664e-01
   3.2378789e+00   2.0217611e+00
   5.4511833e-01   1.0427133e+00
  -8.7796546e-01  -3.6790083e-01
  -1.5549332e-01  -7.6613681e-02
  -1.2086579e+00  -6.7155881e-01
  -7.6808475e-01  -1.3232211e+00
   2.3035160e-01   1.5280760e-01
  -5.6589287e-01  -1.1504209e+00
  -1.9463360e-01  -1.6222023e+00
  -4.2233332e-01  -1.7670005e+00
  -9.8556994e-01  -1.1215877e+00
   4.2272789e-01   5.9207132e-01
  -1.6435688e-01  -1.1055247e-01
   4.7236225e-01   1.0133864e+00
  -7.2967673e-01  -1.0546208e+00
  -9.5252869e-01  -9.1461441e-01
  -9.7268879e-01  -1.9731506e-01
  -8.3151560e-01  -1.2804774e-01
   1.9293340e+00   1.8527037e+00
  -1.0604982e+00  -7.0769591e-01
  -1.3653212e-01  -2.0372996e-01
  -9.6312803e-01  -8.9286289e-01
  -3.5111719e-01  -8.0049203e-01
   5.1651617e-01   5.4691528e-01
  -3.5274873e-01  -8.0863367e-01
   6.3012050e-01   2.8354948e-01
   3.3438832e-01  -9.6430550e-02
  -5.6252169e-01  -3.7411670e-01
   3.1424821e+00   1.8941750e+00
  -7.7933217e-01   1.8804850e-01
   2.2430643e-01   2.0534698e-01
   2.6326203e+00   1.6444927e+00
  -2.1587163e-01   1.8393086e-01
   1.3858697e+00   7.6534435e-01
   1.6080416e+00   1.4430157e+00
  -5.6919339e-01  -4.1492414e-01
  -2.2421354e-01   1.7506198e-01
   9.5214180e-01   2.8783808e-01
  -5.7927489e-01  -2.1515771e+00
  -1.9957637e-01   2.6376495e-01
  -1.3197266e+00  -7.1235066e-01
  -1.6924662e-01   5.1118654e-01
   6.1600858e-04  -1.2309381e-01
  -1.0538590e-01  -4.3511682e-01
  -5.3446886e-01  -2.4550699e+00
   2.9620186e-01   8.7364939e-01
   3.4095036e-01   3.8870390e-01
   1.4463194e+00   1.1646354e+00
  -1.4475031e+00  -2.2871873e-01
   5.8302943e-01   8.4937456e-01
   3.0942666e-01   3.6854896e-01
  -2.7319928e-01  -4.1760262e-01
  -5.7794646e-01  -2.2841093e+00
  -5.4083898e-01  -1.4089221e+00
   1.7670134e+00   1.5692332e+00
  -9.7249838e-01  -5.4017077e-01
  -8.3499343e-01  -9.2231616e-01
  -8.8014768e-01  -5.7559268e-01
  -8.7892159e-01  -1.3059957e+00
   1.7308292e-01  -1.1635050e-01
   1.5243716e+00   1.7772102e+00
  -7.4401132e-01  -3.3934956e-01
   5.0063330e-02   3.7366655e-01
   1.2053468e+00   1.0707835e+00
   2.1232812e+00   1.6755684e+00
  -8.2408894e-01   1.7294945e-01
  -2.3549778e-01   2.0340038e-02
  -1.1690698e+00  -8.4037319e-01
   1.8196566e+00   1.8103088e+00
  -7.8341679e-01  -1.7100382e+00
  -7.3162404e-01  -3.2426580e-01
  -3.7888302e-01  -9.6506414e-01
  -2.8892273e-01  -3.8747059e-01
   7.2908519e-01   1.0322979e+00
   9.5923453e-01   6.7662537e-01
  -1.0290437e-01  -1.2645008e+00
  -6.3091849e-01  -1.8241381e+00
  -7.9228357e-02   6.8170873e-01
  -5.6111524e-01  -1.8572220e+00
  -1.0947396e+00  -8.5459710e-01
   6.4025955e-01   5.8931188e-01
   2.1211005e-01  -3.8349883e-01
   6.6571286e-01   6.5210394e-01
   4.5723579e-01   5.5284987e-01
  -1.0908915e+00  -1.1250890e+00
  -4.8448245e-01   1.2230529e-01
   7.6553705e-02   3.4145137e-01
   7.2264639e-01   5.8069365e-01
   1.4497891e+00   1.5530301e+00
  -6.1856293e-01  -1.6471136e-01
  -1.1531505e+00  -5.2440073e-01
  -3.0528628e-01   5.1042277e-01
   6.5878995e-02  -9.5258917e-01
  -5.0405062e-01   4.1284985e-01
   2.6215086e+00   1.6528666e+00
  -8.4917177e-02   6.1515248e-01
  -1.0737581e+00  -4.0611234e-01
  -9.1094386e-01  -3.7392295e-01
  -5.7294578e-01  -1.9844414e+00
   2.6660219e+00   1.7671053e+00
  -6.8361869e-01   2.5930729e-02
   2.3285051e+00   2.2461211e+00
   6.1585045e-02   3.1086894e-01
   8.4649452e-01   5.5149950e-01
  -3.9399269e-01  -5.9143196e-01
  -7.1369536e-01   4.0902956e-02
   3.6769088e-01   7.8118522e-01
  -7.5906606e-01  -2.4080045e-01
  -9.2220774e-01  -4.8804628e-01
  -7.5052621e-02   5.8758220e-01
   8.0840024e-02  -1.1898672e-01
  -9.5948806e-01  -1.7712230e+00
  -7.2343150e-01   2.9966441e-01
   3.0033419e+00   2.0825576e+00
  -1.2665806e+00  -2.8512568e-01
  -1.7451232e+00  -1.1311426e+00
  -7.7669928e-01  -1.2854816e-01
  -7.6447724e-01  -1.6289083e+00
   7.5743833e-01   4.8407885e-01
   6.6696113e-01   9.8974033e-01
  -7.7924734e-01  -2.0176672e-01
   5.7740136e-01   1.1516264e+00
  -4.2772772e-01   5.6917686e-01
   3.0706914e+00   2.5013182e+00
  -4.8641285e-01  -7.9852348e-01
  -1.1975757e+00  -2.1104873e-01
  -4.7712361e-01   1.1271437e-02
  -1.0900090e+00  -1.6034832e+00
   1.0224391e+00   1.0974177e+00
   2.8436175e+00   2.2747192e+00
   2.4938279e-01   3.5064527e-02
  -3.1202761e-01   5.8899960e-01
   1.4928890e+00   1.1097113e+00
   3.9384511e-01   1.2762370e-01
   8.9402839e-01   1.2960770e+00
  -9.0500887e-01  -1.0495547e-01
   1.0222782e+00   9.9476178e-01
   1.1994362e+00   9.6088028e-01
  -1.2869983e+00  -1.1016737e+00
  -2.2408496e-01   5.8744754e-01
  -4.9138580e-01  -1.1989526e+00
   2.1630491e-01   1.1159826e+00
   2.5248783e+00   2.2091210e+00
  -9.1002145e-01  -1.3250849e+00
   1.5341491e-01   2.2679594e-01
  -6.5390863e-01  -3.8120875e-01
   2.5980295e-02  -5.0099194e-01
  -7.7745217e-01  -8.7463226e-01
  -6.3135026e-01  -7.3658415e-01
   4.2824077e-02   2.6878649e-01
   7.0098752e-01   7.1875994e-01
  -1.6726778e-01  -6.7337639e-01
   2.1183522e-01   1.2008672e-02
  -4.0644210e-01   1.7021843e-01
   5.9190888e-01   9.5789823e-01
  -8.3926195e-01  -5.1979779e-01
  -8.9679539e-01  -9.4534068e-01
  -6.0554127e-01  -1.0068094e+00
  -1.4958905e-01  -8.0227060e-01
   1.0478847e-02   9.9532569e-02
  -2.4518942e-01  -9.7972817e-02
  -6.8561141e-01  -3.9657666e-01
  -1.0143884e+00  -1.8573646e-01
  -2.4402888e-01  -4.7324392e-01
  -8.0722817e-01   7.9919062e-02
  -6.0189118e-01  -1.8710671e+00
  -1.0118636e+00  -8.3039330e-01
  -1.4620180e+00  -8.3890195e-01
   1.4614604e+00   1.2400165e+00
   2.4715316e-01   1.3588194e-01
  -4.9741076e-01  -1.6579783e+00
  -4.3802581e-01   1.1712887e-02
   5.7296568e-01   1.0118585e+00
  -3.2241219e-01   8.2148076e-02
  -2.8235089e-01   6.3876327e-01
   3.1847880e-02   6.8413034e-01
  -3.5504747e-01   1.9936919e-01
  -2.2924478e-01   5.5656787e-01
  -1.0122405e+00  -6.3095255e-01
   4.1611013e-01   9.2915423e-01
  -1.3268219e+00  -1.6102682e+00
  -8.6996459e-01   1.8202767e-01
   3.0441055e-01   9.0004965e-01
  -1.9072346e-01  -4.6200671e-03
   6.8572636e-01   1.0639669e+00
   4.5901698e-01   6.4154969e-01
   2.5566320e+00   2.0286163e+00
  -8.1125257e-01  -1.8504167e-02
  -1.4030780e+00  -1.0028657e+00
  -8.7466460e-01  -7.4866807e-01
   2.2459685e+00   1.6162413e+00
   1.3638980e+00   1.5725471e+00
   2.4918143e+00   1.7050571e+00
  -9.2414570e-01  -4.4434304e-01
   2.1483234e+00   1.6564485e+00
  -8.2998971e-01  -1.1612579e+00
  -1.1595779e+00  -1.1993406e+00
  -8.0648006e-01  -1.8701851e-01
  -7.7730221e-01  -1.6046377e+00
  -1.1832190e+00  -8.5974457e-01
  -4.0152968e-01  -1.9523894e+00
  -6.1905863e-01   2.9031374e-01
   3.6103888e-02   2.9460978e-01
  -2.6137784e-01  -2.6035673e-01
  -8.9222507e-01  -1.6339622e-01
   2.3414086e-01   1.0797382e+00
  -6.8913212e-01  -4.9077849e-01
   2.7842137e-01   1.6634277e-02
   8.8987861e-01   5.3576584e-01
  -7.9467989e-01  -8.8149889e-01
  -5.3599930e-01   3.2014988e-01
   7.4905796e-01   5.3617858e-01
   8.5689595e-02  -2.3592735e-01
  -8.4686039e-01  -2.6066078e-01
   1.2074332e+00   1.2754623e+00
   1.6759431e-01   9.8263472e-01
  -8.5660539e-01  -3.4951959e-01
  -4.6613920e-01   1.6601000e-01
  -6.8336339e-01  -5.1878668e-01
   2.0046292e-01   5.4182021e-01
  -5.4063212e-01  -7.2597185e-01
  -4.6923028e-01   1.8531831e-01
  -2.9284444e-01  -4.2647086e-01
  -1.4265993e+00  -6.9476756e-01
  -1.0567686e+00  -1.0148000e+00
   6.4715003e-01   3.2300153e-01
   9.0625149e-02  -2.3764828e-01
  -3.1298085e-01  -1.1991009e+00
   6.2896401e-02   5.3727563e-02
  -9.3927282e-01  -1.5280056e+00
   1.8704312e+00   1.8919536e+00
  -2.7765656e-01  -2.1096866e-01
   1.1842307e+00   1.0619428e+00
  -6.5872729e-02  -6.1793840e-02
  -7.7956228e-01  -2.1758351e+00
   6.1996708e-02  -2.0809902e-01
  -1.4580885e+00  -1.9243415e+00
   7.3900628e-01   5.4067016e-01
   1.2140565e+00   1.8754323e+00
  -5.4770939e-01  -5.1987282e-01
  -9.3911562e-01  -2.4197079e-01
  -7.7942413e-01  -7.9040083e-01
  -8.8315679e-01  -1.0399701e+00
  -3.7134897e-01  -3.8549943e-01
  -6.9128310e-01   3.2025118e-04
   5.3062790e-01   7.9329623e-01
  -6.3432083e-02  -6.1105086e-01
  -3.4868102e-01  -7.5112022e-01
  -2.0310055e-01   9.3558315e-01
  -1.0817203e+00  -6.8491107e-01
  -9.8228239e-01  -3.6041251e-01
   1.9180793e-01   9.2670465e-01
  -7.8795837e-01  -2.0907059e+00
  -8.5446047e-01  -1.2173764e-01
   4.9352224e-01   3.2383420e-01
  -4.9102046e-01   3.9224505e-01
  -2.4109526e-01  -1.6360795e-01
  -5.1204912e-01  -5.8962362e-02
  -7.1193491e-01  -8.7215106e-01
   4.3858450e-01   3.5822756e-01
  -3.9871191e-01   3.1217946e-01
   1.2828637e+00   8.8110050e-01
  -9.1288959e-01   7.4042593e-02
  -1.3414025e+00  -7.0417918e-01
  -2.7366867e-01   4.6269167e-01
  -6.2897538e-01  -4.9501515e-01
   2.0113013e-01   2.4869508e-01
  -5.5858010e-01  -3.6423686e-01
  -1.4701673e+00  -4.7245479e-01
   8.4493703e-02   7.2394761e-01
   3.6562049e-01   8.8853541e-01
  -1.0412348e+00  -4.6297965e-01
  -2.4841455e-01  -6.9925110e-01
  -9.2950493e-01  -3.4528609e-01
  -1.5051710e-01  -1.1535127e+00
  -3.0268155e-01  -3.7614814e-01
   3.1210494e-02   3.2283589e-01
  -1.7385136e-01  -1.0218181e+00
   1.3293810e+00   1.5283024e+00
  -8.9573795e-01  -4.3699965e-01
   9.8039471e-01   1.1362401e+00
  -1.1158027e+00  -7.9936488e-01
   1.5255103e+00   1.6145045e+00
   5.0625187e-01   1.7323377e-01
   9.5961891e-01   7.0181037e-01
  -3.4892516e-01  -7.1427678e-01
  -9.9025502e-01  -6.0386648e-01
  -8.0456018e-01  -8.7951544e-01
  -3.9506546e-01  -7.3947105e-01
  -7.9584463e-01  -6.8354500e-01
  -9.8489850e-01  -6.1157796e-01
   2.8245515e-01   5.1703957e-01
  -9.0334855e-01  -1.0169811e+00
  -3.5385666e-01  -1.7287796e-01
   6.9870347e-02   6.1050723e-01
  -2.6668633e-01  -5.6870551e-01
  -5.3234634e-01   1.7347962e-01
  -6.3657408e-02   5.8992120e-01
   6.2894682e-01   1.1385432e+00
  -8.3637889e-01  -6.1661076e-01
   6.3798401e-01   6.5968517e-01
   4.8135680e-01   5.3089912e-01
  -1.2087509e+00  -1.9867020e+00
  -1.1178878e+00  -7.2599763e-01
  -2.5365470e-01  -7.9446532e-01
   7.8579973e-01   1.1567553e+00
   1.3774921e+00   1.0611281e+00
  -4.7190514e-01   2.4085583e-01
  -8.6961855e-01  -4.4088269e-01
  -3.8474611e-01   2.4365800e-01
  -6.0786662e-01  -1.2867323e+00
   4.2431550e-01   3.0290417e-01
  -6.6375851e-01  -1.4170578e+00
  -2.9027867e-01  -2.2391704e-01
   2.5052601e+00   1.5270786e+00
  -1.0587656e+00  -7.1260982e-02
   9.2664814e-02   2.0355898e-01
  -7.3577130e-01   3.2650135e-01
   6.2428811e-01   3.2093155e-01
   4.5349281e-01   1.1930025e+00
   2.1194916e+00   1.9899436e+00
  -7.2299243e-01  -2.0088004e-01
   2.2772329e-01   2.7062956e-01
  -4.6639558e-01  -1.4499176e+00
  -8.3842115e-01  -7.1497513e-01
   4.2720837e-01   6.2598008e-01
   2.0806861e+00   2.3455690e+00
  -1.0737326e+00  -3.6255095e-01
  -1.2771713e+00  -9.5373892e-01
   2.5722947e-01   6.1226370e-01
   1.3318946e-01  -5.9666803e-02
   7.9979947e-02  -1.6734717e-01
  -7.1866207e-01  -1.8990301e+00
  -7.2898422e-01  -5.9224695e-01
   7.7957160e-01   9.7021704e-01
  -1.1589710e+00   4.2237655e-02
  -7.2583887e-01  -1.4132491e-01
  -1.3833084e+00  -1.3983063e+00
   3.9713370e-01   1.0996792e+00
   2.8700188e+00   1.6119693e+00
   7.7225855e-01   5.1249483e-01
  -7.9671590e-01   2.5117546e-01
   1.5201574e+00   1.3001831e+00
  -1.0044728e+00  -1.5719370e+00
  -1.3318538e-01   6.1836526e-01
  -5.3272068e-01  -9.7113222e-01
  -3.7226784e-01  -8.0545635e-01
  -5.9469781e-02   3.6662808e-01
  -5.7196246e-01  -3.3538550e-02
   3.0744553e-01   1.9313013e-01
  -6.5350560e-01  -8.6097846e-01
  -2.3797568e-01  -3.2930681e-02
   2.4153540e+00   1.5364001e+00
   4.3382765e-01   4.4272175e-01
   1.7500333e+00   1.2598221e+00
  -9.6734252e-01  -1.1009206e+00
  -5.3315331e-01  -1.4117949e+00
  -7.5609711e-01  -1.0382717e+00
  -1.0180958e+00  -8.7342941e-01
  -1.0697387e+00  -2.3142223e+00
   9.0425742e-02   6.7575605e-01
  -9.1160320e-01  -5.6151770e-01
  -3.8558281e-01  -6.2816846e-01
  -8.1772149e-01   1.1662395e-01
  -1.5013932e-01  -2.6520857e-01
   4.0402133e-01   3.3465636e-01
  -1.3731685e+00  -1.0071593e+00
  -8.6539085e-01  -1.6355953e+00
  -3.1874991e-01  -1.6460024e-01
  -7.7456954e-02  -3.3788278e-01
  -4.8485236e-01  -1.5311318e-01
  -6.2248072e-01  -1.6940479e+00
   2.7177915e+00   1.9689417e+00
   1.1208034e+00   6.0205342e-01
   1.2678195e+00   1.0589311e+00
  -2.1167181e-01   5.4658064e-02
   3.8167882e-01   8.8764410e-01
  -1.3784441e+00  -1.1818248e+00
   5.4855528e-01   6.8834879e-01
  -1.0221015e+00  -1.0383765e+00
   9.0764413e-01   9.1723448e-01
  -6.6163419e-01  -5.5472326e-01
   8.7584320e-01   9.1998299e-01
  -1.1671744e+00  -6.0597873e-01
  -7.7895190e-01  -1.3354922e+00
  -8.7683154e-01  -2.6192323e-01
  -3.2951434e-01   7.8219115e-02
   1.6269741e+00   1.7500850e+00
  -8.1053745e-01  -1.9210079e+00
  -4.4482471e-01  -1.2044050e+00
  -4.1945375e-01  -1.0095708e+00
   6.8104223e-01   1.3565287e+00
  -1.1619655e+00  -1.9225956e-01
   5.7237815e-01   9.3183633e-01
  -3.9711449e-01  -1.9407467e+00
  -6.0720820e-01  -1.7788341e+00
   1.2122310e-01   7.5653985e-01
   1.3791114e+00   1.9439528e+00
  -5.9212385e-01  -2.6906317e-01
   1.2147508e+00   6.9593058e-01
  -3.5013099e-01   4.6529887e-01
   9.9552902e-01   5.9988403e-01
  -1.0945930e+00  -6.3769240e-01
   1.6792379e+00   1.0773117e+00
   9.9025244e-01   6.3682569e-01
  -3.5735275e-01   3.0413593e-01
  -5.1463405e-01   1.8529888e-02
  -5.9042396e-01  -5.3918070e-01
   1.6434709e+00   1.6567017e+00
  -7.6661404e-02  -6.8101723e-01
  -8.8472271e-01  -1.1663078e+00
   2.7356740e-01   2.8084462e-01
  -5.0541222e-01  -1.5030706e+00
  -6.5452861e-01   4.5900145e-01
   1.9635759e-01  -1.1729917e-01
  -3.8531467e-02   5.7729502e-01
  -1.0176896e+00  -1.0536092e+00
   6.6508361e-01   6.4589950e-01
  -2.8506803e-01  -9.9642585e-01
   5.6261814e-01   4.5081467e-01
  -8.3708851e-01  -1.7623584e+00
  -4.0419620e-01  -1.7961350e+00
   1.8056326e+00   1.6937079e+00
  -5.7001542e-02  -7.6027737e-01
  -7.0505443e-01  -5.7135379e-01
  -3.2303010e-01  -1.0172510e-02
  -4.1134424e-01   5.2111651e-01
   1.0634797e+00   1.4517890e+00
   1.3226032e+00   1.1762975e+00
  -1.0575274e+00  -6.4834374e-01
  -1.1978585e+00  -1.0592018e+00
  -7.9774877e-01  -5.1430630e-01
   1.0949380e+00   1.2458864e+00
  -7.0961341e-01  -6.2917266e-01
  -8.8896938e-01  -7.4478926e-01
  -5.9083421e-01  -1.4901076e+00
  -2.2958539e-01   4.5801751e-01
  -8.0966794e-01   9.0899112e-02
   9.0590477e-01   9.7960929e-01
   1.6659673e+00   1.1344387e+00
   1.8408972e-02  -2.9031644e-01
   1.8759296e+00   1.6735807e+00
   7.8594790e-01   7.8237889e-01
  -2.2307654e-01  -7.1284814e-01
  -9.1555271e-01  -5.1006059e-01
   6.3374017e-01   6.0016957e-01
   8.8359555e-02   6.5856137e-01
  -6.7384261e-01  -1.0480265e+00
  -1.0193899e-01  -1.4772058e-01
   3.0792185e-01   8.8540561e-01
   1.5850202e+00   1.2757773e+00
  -1.0107905e+00  -9.4007223e-01
  -9.1514121e-01   4.9862677e-02
  -7.5348674e-01  -1.6066243e+00
  -6.3139772e-01  -7.1051715e-01
   3.8103312e-01   2.9907459e-01
   2.3919219e-01   1.7770144e-01
   3.9692961e-01  -3.7804922e-02
   5.3477731e-01   1.1351636e+00
  -3.9884185e-01   2.0695618e-01
   6.4066716e-01   4.4636626e-01
   2.3602617e-01   1.0409403e+00
  -3.5482233e-02   3.4392678e-01
  -8.6013938e-01  -1.5727127e-01
  -1.2143546e+00  -7.4296929e-01
   1.1980327e+00   1.1171167e+00
   8.2040414e-01   5.5541972e-01
   1.4039094e+00   1.3312287e+00
   9.5512282e-01   1.3084791e+00
  -1.0662419e+00  -3.2941551e-01
  -7.7147889e-02   4.1199855e-01
   2.0745160e-01   6.3165480e-01
  -2.9552547e-01  -6.0430836e-01
  -2.9118098e-03   8.7444392e-02
  -7.7651024e-01  -1.6784370e+00
  -1.0086005e+00  -2.1377202e+00
  -1.8767230e-01   3.9690252e-01
   1.2846613e+00   1.5243092e+00
  -7.4791213e-01   4.2103536e-01
  -6.9724277e-01  -1.1399317e-01
   9.8150703e-01   7.5298422e-01
  -8.7572715e-01  -3.7814310e-01
  -1.0101262e-01  -1.6504054e-01
  -9.2194385e-01  -3.7848208e-01
   1.0520089e-01   4.5518990e-01
  -1.1373737e+00  -8.9441873e-01
  -6.0527573e-01  -3.5754793e-02
  -5.0302436e-01  -9.5819369e-01
   1.3981006e+00   1.1289582e+00
  -6.6682032e-01  -1.4290824e+00
   1.2274083e+00   1.3314974e+00
   4.0559936e-02   2.7461903e-01
  -1.0250140e+00  -2.4332771e-01
  -1.1714136e+00  -9.7677027e-01
   5.9776217e-01   6.2743301e-01
   2.3683760e+00   1.3066161e+00
   3.9206313e+00   2.5084918e+00
  -6.8194597e-01  -8.5699536e-03
  -1.1729380e+00  -1.1082457e+00
   5.8301073e-01   3.5886074e-01
  -3.0181817e-01  -2.4620663e-02
  -6.1911448e-01  -1.4561534e+00
  -9.4558589e-02  -1.6274670e-01
   1.0854923e+00   1.3874817e+00
  -8.9491382e-01  -1.8023474e+00
  -9.4505566e-01  -7.4672533e-01
   3.1247889e-01   1.2459508e+00
   1.6270680e+00   9.8690638e-01
   1.9615619e+00   1.7401441e+00
  -1.1885099e+00  -1.5015774e+00
   1.5917008e-02  -1.5369146e-01
  -1.0639436e+00  -3.0640058e-01
  -1.5888678e-01   5.2839463e-01
   1.5033623e+00   8.7731144e-01
  -1.1301091e+00  -1.2451777e+00
  -1.6640811e-01  -1.0459251e-02
  -5.1490537e-01  -7.2151993e-01
