  -5.8129240e-01   6.9404906e-01
  -8.1394899e-01   9.5242366e-01
   2.8487659e+00  -2.6971386e+00
  -2.5858313e-01   4.1881683e-01
  -2.1173543e-01   2.5374976e-01
  -1.3591229e+00   1.0334322e+00
   4.9196269e-03  -3.7023356e-01
  -1.3636663e-01   3.4114763e-02
   1.1277734e+00  -1.0381298e+00
   1.4743844e+00  -1.8665918e+00
   2.5291926e+00  -2.4438193e+00
   2.0117531e+00  -2.0267104e+00
   5.2431531e-01  -4.3873121e-01
   1.4573365e+00  -1.3718509e+00
   3.6233735e-01  -2.7036446e-01
  -7.5859939e-01   8.4884683e-01
  -8.6578286e-01   5.6835836e-01
   1.0267561e-01  -8.6076822e-02
   1.1124044e+00  -9.5959897e-01
  -8.8054543e-01   1.1331457e+00
   7.9787540e-01  -5.4612265e-01
  -1.7186103e+00   1.6671445e+00
  -8.5557927e-01   5.8786813e-01
  -6.4159185e-02   1.3299644e-01
   6.9828684e-01  -7.1666064e-01
  -2.6597611e-01  -1.8226341e-01
  -9.8240348e-02   2.1081483e-01
   3.7088155e-01  -9.3177086e-02
  -2.4762302e-01   2.8065944e-01
  -7.0190590e-01   5.5671390e-01
   5.5098043e-01  -7.0142998e-01
   3.5199627e-01  -6.9047965e-01
  -9.1120444e-02   1.9813138e-01
   7.8123066e-01  -5.6879723e-01
   7.9723342e-01  -7.4129911e-01
   4.0708673e-01  -1.8855674e-01
   1.5509997e+00  -1.3862118e+00
  -6.3322502e-01   8.6113293e-01
  -2.8158277e+00   2.3771218e+00
  -1.9418841e-01   3.5088329e-01
  -1.1007023e+00   1.0785462e+00
   3.0007945e-02  -3.3532738e-01
  -9.9114204e-02  -1.9208077e-01
   2.7770234e-01   4.7699821e-03
   3.2278504e-01  -6.8926235e-01
   1.3462387e+00  -1.9640833e+00
  -9.2056890e-01   7.6697429e-01
  -1.9141697e-01   4.0718505e-01
   1.4306277e-01  -5.3992530e-01
  -5.3029178e-01   1.5489630e-01
  -4.8620569e-01   4.7545565e-01
  -1.5466734e+00   1.2132130e+00
  -2.0289282e-01   5.4531292e-01
  -1.3744074e+00   1.2934189e+00
  -1.3673429e+00   1.3647790e+00
   3.0735485e-01  -3.3638114e-01
   2.0292735e-01  -2.4192189e-01
  -4.7330807e-01   8.8204280e-01
  -1.6486109e+00   1.8183631e+00
  -1.6935308e+00   1.9024109e+00
   1.2463536e+00  -8.3207973e-01
  -1.2800015e+00   1.0837525e+00
   7.4441576e-01  -1.3084959e+00
   8.0885709e-01  -5.5043251e-01
   8.0944048e-01  -1.2513510e+00
  -5.4308824e-01   9.9339614e-01
  -1.1295939e+00   9.9484852e-01
   5.8654688e-02  -1.1166735e-01
   9.4106582e-01  -9.8426196e-01
  -3.2629466e-02   1.3624563e-01
   7.8131853e-01  -1.2667286e+00
  -2.0122729e+00   1.3067880e+00
  -1.1799941e+00   9.2792211e-01
   6.1064662e-03   3.2990364e-01
  -1.2982815e+00   1.2268247e+00
  -1.7559477e-01  -2.0672848e-03
   1.0542922e+00  -1.0881803e+00
  -6.0158791e-01   2.1803033e-01
   3.1522680e-01   1.2893246e-01
   1.2373504e+00  -9.2919935e-01
  -7.1022884e-01   8.1482780e-01
  -1.3063173e-01   8.8367651e-01
  -5.7081338e-01   7.0607017e-01
  -2.0759583e-01   4.8839480e-01
   6.8955461e-01  -8.5433119e-01
   4.2538379e-01  -3.7839368e-01
   1.9952744e-01   4.8318901e-02
   6.0978544e-02  -1.8294455e-02
   2.1887199e+00  -2.0884184e+00
   1.2189257e+00  -1.1789647e+00
  -1.5846166e+00   1.0357340e+00
  -1.7329758e-01   3.7440215e-01
   1.8575184e+00  -2.3638143e+00
   1.2183992e+00  -1.3932369e+00
   1.1358199e+00  -1.5878723e+00
  -2.1360476e+00   2.0404873e+00
  -9.2423910e-01   5.3231375e-01
   4.3483685e-02  -3.3908597e-01
   2.0238684e+00  -2.1915328e+00
   9.0796603e-01  -8.5980247e-01
  -5.7242962e-01   4.5831639e-01
  -1.1301661e+00   1.2512451e+00
   2.9262780e-01  -9.0784254e-02
   1.8077893e+00  -2.2624883e+00
  -5.9427506e-01   5.2546377e-01
   1.0703839e+00  -5.7665042e-01
  -1.3002108e+00   1.4795256e+00
   8.2558093e-01  -5.0235286e-01
  -2.6669173e-01  -1.6822770e-01
   2.1414101e+00  -2.6706858e+00
  -1.2142415e+00   1.0714503e+00
   5.2522526e-01  -3.8330754e-01
  -1.5656941e+00   1.6616296e+00
  -1.3420609e+00   1.8156110e+00
  -8.9777781e-01   7.9422112e-01
   2.8244555e-01   1.8738360e-01
   1.0917196e+00  -1.0552838e+00
   1.5469420e+00  -1.7819426e+00
  -5.7588705e-01   7.2132715e-01
   2.1912524e-01  -7.4325084e-01
   1.1649827e+00  -6.7762422e-01
  -7.1942336e-01   9.1953262e-01
   1.3584609e+00  -1.1634477e+00
   3.3051787e-01  -5.2810096e-01
  -2.6419262e-01   6.1357983e-02
   2.7603675e-01  -1.3300982e-01
   2.0260010e+00  -2.0059098e+00
   1.5672129e-01  -4.8377705e-02
  -3.1750479e-01  -4.2023731e-01
  -1.2005766e+00   8.4380614e-01
  -9.8798336e-01   1.2039900e+00
  -2.3516014e-01   3.3758039e-01
   1.3222594e+00  -1.8393097e+00
   1.6443477e+00  -1.8447577e+00
   4.7184249e-01  -4.4069443e-01
   5.3292035e-01  -1.3005242e+00
   7.1844064e-01  -6.4976017e-01
  -1.6500053e+00   2.0202980e+00
  -1.6348215e+00   1.6555116e+00
   1.3679396e+00  -1.2979588e+00
  -1.1580147e+00   8.0887953e-01
  -1.5157434e+00   1.7837740e+00
  -9.6187699e-01   9.4851549e-01
  -1.5121714e+00   1.5068004e+00
   1.6741164e-01   3.4056130e-02
  -5.4456020e-01   2.5133582e-01
  -1.2372977e-01   2.0639147e-01
   1.7556523e+00  -2.1100503e+00
  -8.8268108e-02   1.6668056e-01
   4.9114774e-01   2.4236523e-01
  -3.5561673e-01   6.2889182e-01
   9.6878644e-02  -7.7436251e-02
   1.3659722e+00  -1.9044019e+00
  -1.5902247e-01   4.4416047e-01
  -1.3106313e+00   1.2521146e+00
  -1.0717475e+00   9.0126963e-01
  -6.2345323e-01   4.3270584e-01
   1.1867225e+00  -1.4259992e+00
  -1.3478784e-01   1.3141955e-01
  -1.5606058e-01  -3.5115799e-01
  -1.2421995e+00   1.0717824e+00
   2.9522285e-01  -7.6765002e-02
  -1.6244583e+00   2.1358759e+00
  -3.0765653e-01   1.7528498e-01
   2.9867821e-01   2.0399392e-01
  -1.2725195e+00   6.5634735e-01
   3.8177787e-01  -4.8022052e-01
  -1.9316930e-01   6.6672056e-02
  -4.6423285e-01   7.8155171e-01
   7.0803850e-01  -6.2269145e-01
  -4.5674540e-01   6.1590581e-01
   1.6915447e-01  -3.2974814e-01
  -3.1099062e-01   1.7672270e-01
  -1.0456359e-01   3.6907044e-01
   4.4642964e-01  -5.0672039e-01
  -7.0621978e-01   7.1909046e-01
   6.9737793e-01  -6.4164593e-01
   6.0606080e-01  -6.2150150e-01
   6.9180530e-02   1.9621788e-01
  -5.3535829e-01   3.0403902e-01
  -1.3744936e+00   1.1637352e+00
   9.0987082e-01  -5.0681490e-01
   1.4698693e+00  -1.2867096e+00
   6.5171019e-01  -8.6343556e-01
  -4.0128147e-01   1.8506810e-01
   1.2782214e-01  -3.5921323e-01
  -1.6746864e+00   1.7803241e+00
   1.2246971e+00  -1.0732699e+00
   3.6138259e-01  -2.5527083e-01
   5.4955480e-01  -8.6789894e-01
  -1.4816779e+00   1.4189511e+00
  -4.2102555e-01   5.9732044e-01
   9.5357751e-01  -1.3682061e+00
  -2.2900340e-01   5.7655882e-01
   2.1297118e-01  -4.3259512e-01
   1.7295642e+00  -1.9470807e+00
  -1.8829275e-01   3.0711868e-01
   2.0488879e+00  -2.0010708e+00
   6.1071829e-01   2.9930206e-01
   9.7093030e-01  -6.7991262e-01
   9.8811322e-01  -4.8446022e-01
   1.1646966e-01   4.8443181e-02
   3.5972352e-02  -3.0136865e-02
   1.9907245e-02   5.6498374e-02
  -1.6459727e-01  -1.7371271e-01
   5.7626852e-01  -9.7957042e-01
   1.4733333e+00  -1.4352347e+00
   3.4738170e-01  -1.5979849e-01
  -5.1455305e-01   6.2255612e-01
   9.2578268e-01  -9.1045697e-01
  -7.4865155e-01   3.6143970e-01
  -1.2070091e+00   8.6306660e-01
  -1.2984921e+00   1.2505386e+00
  -3.8768894e-01   5.9676330e-01
   1.1390960e+00  -1.3751474e+00
  -1.5726918e+00   1.4151739e+00
   7.6202410e-01  -2.6510039e-01
   4.1513196e-01  -2.1816766e-01
  -9.7271873e-01   1.1967283e+00
  -1.6526102e+00   1.3246540e+00
  -5.8842186e-02  -3.7583929e-02
  -2.4401495e-01   2.7540579e-01
   2.3027949e-01   7.6251883e-02
  -1.2364187e+00   9.6713943e-01
   8.3595497e-01  -6.1754740e-01
   6.0401237e-01  -6.8545203e-02
   8.8971677e-01  -9.8467161e-01
  -3.5292490e-01   5.0923115e-01
  -1.7346850e+00   1.4712448e+00
   6.0998305e-01  -2.8278698e-01
   2.3218531e-01   1.8202853e-01
   8.4384041e-02  -5.3665237e-02
  -7.3742486e-01   8.7342574e-01
   1.6248086e+00  -1.1998250e+00
   1.1198418e+00  -9.6459918e-01
  -1.2827262e+00   1.1540506e+00
   6.5214239e-01  -3.5608037e-01
  -1.3841063e+00   1.3280376e+00
  -1.7414228e-01   3.2000253e-01
  -1.3574803e+00   1.2602942e+00
   2.7799817e+00  -3.2056388e+00
  -4.0067980e-01   7.3042047e-01
   5.2986296e-01  -3.4290343e-01
   1.8608692e+00  -1.4546364e+00
   8.4837232e-01  -6.6950676e-01
   7.4592099e-01  -5.9456317e-01
  -3.3311812e-01   6.8843102e-01
   4.9292412e-01  -1.0599250e-01
   1.1146155e-01  -1.8625614e-01
   2.0969500e+00  -2.1987503e+00
  -1.9249869e+00   1.4776792e+00
  -5.1526205e-02   2.1143684e-01
  -3.5360242e-01   1.2387184e-02
   1.3934709e+00  -1.2935697e+00
   1.8172542e+00  -1.8675097e+00
   8.5605356e-01  -7.3637898e-01
  -1.7492517e+00   1.6896078e+00
  -3.2195438e-01   3.8275136e-01
  -4.7597487e-02  -6.4890868e-02
   2.0446458e+00  -1.6138100e+00
   2.0641903e+00  -2.0127784e+00
  -5.3993946e-01   1.3732074e-01
  -2.1708225e-01   8.2255269e-02
  -1.7021781e-01   5.7662549e-01
   7.6148003e-01  -9.7893050e-01
   1.0956996e+00  -8.7324262e-01
   9.3562287e-02  -2.4075685e-01
  -1.4587835e+00   1.1409608e+00
   1.2217417e+00  -9.5980470e-01
  -6.4481621e-01   6.4666114e-01
  -2.7913362e+00   2.3590302e+00
   3.4876114e-01  -3.9153774e-01
  -1.4305053e+00   1.3182889e+00
  -1.7987329e-01   1.6706753e-01
  -1.0949546e+00   6.5412653e-01
   1.0415527e+00  -8.6362668e-01
   9.1587213e-01  -7.0771705e-01
   3.3901801e-01  -3.2510410e-01
   5.2433789e-01  -1.0137259e+00
   4.9610886e-01  -2.4466599e-02
  -8.6312807e-02   8.3093896e-02
   8.6197279e-01  -9.7494651e-01
  -9.8783740e-01   1.2264307e+00
  -2.6810530e-01   8.9963172e-02
  -1.3975944e+00   1.1521333e+00
   4.8160627e-01  -5.7164197e-01
  -3.8432721e-01  -1.3008447e-01
   1.4728805e+00  -1.8200345e+00
   4.1414886e-01  -8.1135854e-01
  -1.2233664e+00   6.9242624e-01
  -1.7200921e+00   1.6125058e+00
   1.8745805e-01  -1.3892553e-01
   5.2724865e-01  -1.7580961e-01
  -1.7534949e+00   1.5177520e+00
   4.3857504e-01  -2.5376990e-01
   8.2872094e-01  -5.2178252e-01
  -6.6291108e-01   6.1650340e-01
  -6.3349185e-01   4.3448464e-01
  -1.5816266e+00   1.6292640e+00
  -3.8847215e-01   2.0279142e-01
   5.5517187e-01  -9.5282311e-01
   4.7080896e-01  -4.4534260e-01
  -2.0687363e-01   4.2776066e-02
   3.3128316e-02   8.4788580e-02
  -2.0620556e-02  -3.5091823e-02
  -9.4621094e-01   7.8005231e-01
   5.2405170e-02  -3.8148544e-01
  -2.5856894e+00   2.2091712e+00
   5.4796387e-01  -3.7265760e-01
   2.2168814e+00  -2.3127532e+00
   1.3697851e+00  -1.8792657e+00
  -1.9546309e+00   1.8365109e+00
   7.9899454e-01  -1.0259365e-01
  -4.0522788e-02  -1.8984708e-01
   3.4914063e-01  -5.2305891e-01
   1.2649786e+00  -1.1471486e+00
  -5.7041033e-01   7.6146073e-01
   1.2093684e+00  -1.5403198e+00
  -2.0867427e-01   4.5587469e-01
  -1.1438535e+00   1.7184136e+00
  -4.0978449e-01   2.9671312e-01
  -1.8859386e+00   1.8471709e+00
  -1.1497199e-01  -1.3349352e-01
   1.3818947e+00  -1.5060316e+00
   1.6063590e+00  -1.8522473e+00
   1.8018622e+00  -2.2487765e+00
   1.1545514e-01   2.5147042e-01
  -4.2064326e-01   1.1790604e-01
  -4.8381861e-01   7.3150885e-01
  -1.5971038e-01   1.6730849e-01
  -1.7644459e-01   2.7685277e-01
   9.6474301e-01  -1.3386230e+00
   6.6413769e-01  -8.4569489e-01
  -1.5990688e+00   1.5778095e+00
   5.0651217e-01  -9.1895955e-01
   1.4626896e+00  -1.0317836e+00
  -5.3106937e-01   3.3997365e-01
  -4.3922124e-01   6.6858546e-01
  -1.1035107e+00   1.2413025e+00
  -1.0702532e+00   1.0010378e+00
   8.8388423e-01  -8.2403356e-01
   7.0138409e-03   1.8330524e-01
   1.6295141e+00  -1.8996697e+00
  -1.1129741e+00   1.0958753e+00
   7.6500781e-01  -1.1033621e+00
   6.5623857e-01  -5.6697638e-01
  -1.2022576e+00   1.6214891e+00
   1.1106866e+00  -1.3019327e+00
  -1.4104040e+00   1.2955883e+00
   4.3303207e-01  -6.1143325e-01
  -1.1049988e+00   1.4072669e+00
   5.5252040e-01  -5.4335511e-01
   2.0782805e+00  -1.8663109e+00
   3.5186923e-01  -6.2617417e-01
   6.2297713e-01  -4.8083300e-01
   1.9147883e+00  -1.8694715e+00
  -4.0716489e-01   2.3852623e-01
   1.1350788e+00  -1.0644341e+00
  -2.7018712e-01  -4.9369117e-01
   9.4662753e-01  -7.1633962e-01
  -3.5726038e-02   2.1251980e-01
  -1.2258981e+00   9.7159736e-01
   9.5014738e-01  -9.5653837e-01
  -1.3115448e+00   1.0018293e+00
   9.2577620e-01  -1.0089525e+00
   1.1431028e+00  -1.2733871e+00
  -6.4984493e-01   7.2337615e-01
   9.5529699e-01  -9.3776804e-01
   7.7265667e-01  -6.6508286e-01
  -1.6457595e+00   1.3953668e+00
   1.1798688e+00  -1.0271260e+00
  -1.6195938e+00   1.0042772e+00
  -3.3630847e-02   4.0434031e-01
  -2.3385246e+00   2.0234848e+00
  -7.7992463e-03   7.2006221e-02
   6.4398742e-01  -2.5249302e-01
   1.0367379e+00  -9.2717773e-01
   8.2956779e-01  -9.2165166e-01
   4.3638759e-01  -3.7915032e-01
   1.0794374e+00  -1.0808293e+00
   3.7575799e-02  -2.8671831e-01
  -1.3872104e-01  -3.8661074e-01
   8.5500318e-01  -8.4769776e-01
  -1.6833187e+00   1.6851986e+00
  -2.5674716e-01   9.7685565e-02
  -9.8534142e-01   9.5637057e-01
  -5.2743838e-02   2.7329693e-01
  -4.0019755e-01   6.3810585e-01
   1.8735208e+00  -1.8177193e+00
   9.6463695e-01  -1.3346471e+00
   2.2094363e-01  -5.1828659e-02
  -7.2705912e-01   8.3371799e-01
  -1.5729092e-01   5.1311115e-01
   5.3053198e-01  -6.1335116e-01
   1.5579909e+00  -1.6580954e+00
  -5.7925052e-01   7.2294494e-01
  -1.2548645e+00   1.3001952e+00
  -6.1888448e-01   7.4954595e-01
  -4.5038178e-01   4.7471433e-01
  -5.7861146e-01   2.7865710e-01
   1.0608926e-01  -2.8368960e-01
   1.5142465e+00  -1.0564008e+00
   4.7681566e-01  -4.5692139e-01
   1.3277200e+00  -1.4881232e+00
   2.0531841e-01   2.7330372e-01
  -1.1689555e+00   1.0876097e+00
  -7.8342262e-01   5.9904890e-01
   1.3401408e+00  -1.7709269e+00
   1.6836530e+00  -1.5860036e+00
  -7.6514006e-01   6.1119685e-01
  -5.8882452e-01   6.0193795e-01
  -2.3369672e-02  -3.3893651e-01
   2.5945959e-01  -9.5460479e-02
  -2.6150752e-01   6.3701663e-01
  -2.0607621e+00   1.6644942e+00
  -1.7783684e+00   1.3660610e+00
   1.2556026e-02  -5.5118976e-03
  -3.2102983e-01   5.6649033e-01
  -1.1360618e+00   1.0779898e+00
  -1.2304694e-01   6.5875832e-01
   2.6375390e-02   3.3975232e-01
  -1.1750341e-01   2.6991925e-01
   2.1495572e-01   1.1023074e-02
   1.2186487e+00  -1.1780723e+00
   9.6241376e-01  -1.2710736e+00
   8.7302577e-01  -1.0173400e+00
  -1.1513635e+00   1.3254808e+00
   4.8958570e-01  -5.1617155e-01
  -2.0675753e-01   3.6760827e-01
   7.8537173e-01  -7.0872853e-01
   1.0408957e+00  -7.1114681e-01
  -9.0377681e-02   4.2132524e-01
   1.5443007e-01   1.4292476e-01
   9.9157369e-01  -1.0908656e+00
   8.1272857e-01  -6.9675740e-01
  -6.3200357e-01   5.2161800e-01
  -4.0967581e-01   7.4425018e-01
  -1.4409763e+00   1.1704200e+00
   4.5422453e-01  -3.8632829e-01
   2.8403162e-02  -3.0788517e-01
   1.0997790e+00  -1.3087069e+00
   3.4138534e-01  -3.3154460e-01
   9.8577676e-01  -1.0754464e+00
  -4.5534473e-01   6.8209720e-01
  -4.5197433e-01   4.0186605e-01
   3.5881116e-01  -5.6715335e-01
   1.3940016e+00  -1.5076449e+00
   6.6363583e-01  -8.5011861e-01
  -1.8116426e+00   1.5682320e+00
   3.3918215e-02  -8.7923381e-02
   7.1638196e-01  -1.2048701e+00
   1.0977619e+00  -1.1907478e+00
   5.7194071e-01  -5.6055828e-01
  -7.7366384e-01   7.2702010e-01
  -1.1865571e+00   1.0373317e+00
  -1.6798288e+00   1.5013092e+00
  -5.0641216e-01   9.2671788e-01
   6.6645272e-01  -5.7037944e-01
   1.1626805e+00  -7.0100729e-01
   7.5241572e-01  -5.3606227e-01
  -6.4105302e-02  -1.1043461e-01
   6.1841511e-01  -5.1065592e-01
   8.1538395e-01  -6.8827319e-01
   8.7110159e-02  -1.4220209e-02
   7.8994473e-01  -1.0678912e+00
  -4.8687194e-01   4.6621789e-01
  -5.9742537e-01   9.5296151e-01
   5.2771829e-01  -4.4797629e-01
  -4.2508795e-01   7.6555730e-01
  -1.2770471e+00   1.1697176e+00
  -1.7468615e+00   1.9718820e+00
  -8.6750085e-01   8.3588503e-01
   4.9915983e-01  -3.5230046e-01
   2.7633395e-01   1.2987144e-01
  -7.5550707e-01   1.1432416e+00
   1.0582652e+00  -3.6378822e-01
  -5.9656101e-01   8.5394410e-01
  -9.1991011e-01   9.2993687e-01
  -1.1881441e+00   1.2950249e+00
   1.7770218e+00  -1.6762486e+00
   7.4204268e-01  -7.2736225e-01
   7.1019060e-01  -5.2689072e-01
  -1.0127295e+00   6.0015434e-01
   7.6089999e-01  -8.5595860e-01
  -6.3441565e-01   1.1120229e+00
  -1.3040145e-01   4.2690337e-01
  -1.2788264e+00   1.3278703e+00
  -5.2298538e-01   3.8689173e-01
  -4.1447762e-01   1.7712052e-01
   2.5893475e-01  -5.0432075e-02
   1.2052760e+00  -1.3588482e+00
  -3.5011660e-01  -4.1185841e-01
  -5.9734617e-01  -2.0553301e-01
  -1.0849384e+00   6.2577806e-01
   1.3902283e-01   4.1564140e-01
  -8.8980599e-01   1.0980966e+00
  -9.8423398e-01   8.5458335e-01
  -1.3458617e+00   1.3406911e+00
  -6.0289739e-01   4.9308641e-01
  -9.1913271e-01   1.1894801e+00
  -1.0499179e+00   1.4851146e+00
  -2.6105630e-01   1.5755321e-01
  -2.9652574e+00   2.3326956e+00
   4.9753441e-01  -9.5171718e-01
   1.3115061e+00  -1.1003294e+00
  -6.6400043e-01  -4.0056531e-03
  -2.4837110e+00   1.7439695e+00
   1.1120499e+00  -1.2471502e+00
   1.5845468e+00  -1.3460875e+00
  -1.0806219e+00   1.3062683e+00
   1.2459150e+00  -1.4098132e+00
  -5.0966707e-01   3.7672194e-01
   1.7649402e+00  -1.7018755e+00
  -2.2568163e+00   2.1966329e+00
   7.0626798e-01  -4.5687575e-01
   1.7900371e-01  -6.7426674e-01
   1.2587464e+00  -1.8054674e+00
   1.8259500e-01  -2.3350319e-01
  -5.0907216e-01   5.8734790e-01
  -2.1488283e-01   3.2882234e-01
  -1.3580605e+00   9.6472888e-01
  -7.9055087e-02  -2.2659060e-01
   1.1302486e+00  -1.2995971e+00
   3.0433917e-01  -6.2779932e-01
   3.7371846e-01  -5.4200616e-01
  -9.4377191e-01   1.0381697e+00
   1.1330105e+00  -7.9380484e-01
  -4.2069683e-01   4.5851676e-01
   3.3883934e-01  -3.9772224e-01
   1.3353567e-02   3.6708795e-01
   8.8077746e-01  -5.9632342e-01
  -7.4225395e-01   1.2171733e+00
   1.0615495e+00  -8.3043599e-01
  -1.0263260e-01   3.3820752e-01
  -2.2551658e-01   2.6027589e-01
   3.9038353e-01   2.6934900e-01
  -5.8124441e-01   4.3960779e-01
  -4.2943731e-01   7.0867356e-01
  -2.3279245e-01   1.0774574e-01
   1.0953715e+00  -1.3660450e+00
  -2.8151589e+00   2.0115642e+00
  -9.9799599e-01   4.6796034e-01
  -2.1885659e-01   2.6017815e-01
   3.3965370e-02  -4.8850835e-01
   1.1506170e+00  -1.3682778e+00
  -6.0719785e-01   8.2265028e-01
   6.2963157e-01  -7.3210700e-01
   2.8627036e-01  -4.2650557e-01
  -2.0325393e-01   6.5608467e-01
  -5.2921606e-02   3.4950378e-01
  -5.3442777e-01   2.3714980e-01
   5.0434610e-01  -1.7109755e-01
   1.5197968e+00  -1.0694983e+00
   2.6421259e-01  -8.2650646e-01
  -9.1297296e-01   4.7241819e-01
   4.2646401e-01   1.0798118e-01
   6.0836329e-01  -2.7134146e-01
  -1.1424692e-01   2.5569497e-01
  -1.1663881e-01   4.1948432e-02
   6.5144269e-01  -9.2023195e-01
   1.9560613e+00  -2.0519808e+00
   1.6028801e+00  -1.5398521e+00
   5.1192034e-01  -6.6674338e-01
   6.8279597e-01  -6.3474143e-01
   1.0845333e+00  -9.8307280e-01
  -1.0510374e+00   5.8219962e-01
   1.7078224e+00  -1.3771742e+00
  -1.2825760e+00   1.0487394e+00
   5.1795941e-01  -3.5802254e-02
   1.5545783e-01   7.2962662e-02
   3.5690189e-01  -3.8944489e-01
   2.1112072e+00  -1.9540068e+00
   1.1753447e+00  -1.5592753e+00
  -1.2874020e+00   1.0781506e+00
  -1.1217945e+00   1.1109801e+00
  -5.9758970e-01   6.5177384e-01
   1.1844999e+00  -1.3358031e+00
   3.3610383e-01  -2.7709177e-01
   3.6012340e-01  -3.4055085e-01
  -2.9937485e-01   7.7632541e-01
   5.7796406e-01   5.1454880e-03
   2.4065498e-02  -3.1187682e-01
   9.3175928e-01  -1.1820781e+00
   3.1296524e-01   2.6688386e-02
   1.3249951e+00  -1.2521326e+00
   3.2217692e-01  -2.3828680e-01
   2.6004007e-02  -3.8218562e-01
  -3.6636660e-01   2.5428963e-01
  -1.0851159e+00   1.1180029e+00
   1.1649159e+00  -1.1047477e+00
   1.0834126e+00  -1.1072135e+00
  -1.8820719e+00   1.3388159e+00
  -3.9299942e-01   2.0881515e-01
  -6.2891242e-01   7.0979585e-01
   6.4664362e-02   1.0493427e-01
  -2.3572092e-01   2.9536649e-01
  -6.9122040e-02  -2.1001153e-01
   1.5267755e+00  -1.5904878e+00
  -1.4701744e+00   1.1928690e+00
   1.6779582e+00  -1.6994065e+00
  -1.9120987e+00   1.5376757e+00
   1.4572853e+00  -1.4897528e+00
   1.0456762e+00  -9.5613323e-01
  -1.0560736e+00   9.5841687e-01
  -9.4034057e-01   9.1831138e-01
  -7.1906745e-01   7.0681505e-01
  -1.7987090e-01   2.4359181e-01
  -8.4895290e-01   1.0972258e+00
   3.1236486e-01  -6.8583655e-01
  -2.6417503e-01   7.2706273e-01
  -1.0648501e+00   9.4819542e-01
   7.4556621e-01  -7.9851567e-01
   4.8759175e-01  -3.7607105e-01
  -8.0104195e-01   8.8865012e-01
   2.2158881e-01  -6.7473730e-01
   6.1406616e-01  -8.4366007e-01
   1.8936308e+00  -1.9426502e+00
  -1.2113855e-01  -2.2454830e-01
  -3.7756494e-01   3.0825485e-01
  -2.0337231e+00   1.7564720e+00
  -1.0211900e+00   9.2479227e-01
  -3.4628129e-01   2.9715464e-01
  -1.9952517e+00   1.9785539e+00
   2.1078157e+00  -2.7240529e+00
  -8.5006135e-01   1.3732281e+00
  -1.0062072e+00   7.3052854e-01
  -1.1429808e+00   9.0574086e-01
  -3.9139486e-01  -2.6348526e-02
  -8.1351278e-01   7.8079961e-01
  -2.6239215e-01   2.3778825e-01
   1.0121512e+00  -1.1797510e+00
   5.9799574e-01  -7.3498457e-01
   2.8684633e-01  -2.8886719e-01
   1.5543484e+00  -1.4506068e+00
   2.3626796e-02  -3.2303289e-01
   4.5637882e-01   8.7876128e-02
   1.7995776e-01  -8.3855361e-01
  -8.9317285e-02  -4.1182513e-01
  -2.8019599e+00   2.4066344e+00
  -1.9490220e+00   1.9514286e+00
  -7.2227422e-01   8.1810299e-01
   9.2822964e-01  -1.0511782e+00
  -3.0220533e-01   1.5074334e-01
  -4.8781308e-01   1.8644042e-01
  -9.0982881e-01   1.0725034e+00
  -1.0471794e+00   1.1148382e+00
  -1.8969450e+00   1.4486206e+00
  -2.6775393e-01   4.1994286e-01
   5.0414536e-01  -3.1601528e-01
  -3.9630002e-01   2.9293449e-01
   1.6226439e+00  -1.7392373e+00
  -5.2400708e-01   6.6947254e-01
  -5.1396779e-01   9.3107392e-01
  -7.2343114e-01   7.3043253e-01
  -1.3929196e-01   2.8129373e-01
   8.9754592e-01  -6.3075418e-01
   1.2696141e+00  -1.4521815e+00
  -9.7588528e-01   1.1149624e+00
  -7.3198478e-02  -2.8470701e-02
   2.0397501e-01  -1.5312159e-02
  -1.6906170e+00   1.2815424e+00
   4.9013986e-01  -6.8211223e-01
   2.1264877e+00  -2.3037622e+00
   8.6023942e-01  -1.2911488e+00
  -3.7817304e-01   7.9295363e-01
  -3.1847372e-01   6.4778848e-01
  -3.8478039e-01   5.0893712e-01
   8.7762711e-01  -4.2553939e-01
   3.4994699e-02  -7.5818147e-01
  -2.2854871e-01  -1.6905876e-01
   9.8658806e-01  -7.8508945e-01
  -1.2395874e+00   1.0795442e+00
  -5.9122913e-02   3.7988651e-01
   3.9632032e-01   7.0115121e-02
   1.4956597e+00  -1.2222367e+00
   6.5889159e-01  -9.8464501e-01
  -9.0193250e-01   1.4160812e+00
  -2.2178321e+00   2.2133492e+00
  -3.7945349e-01   3.3340875e-02
  -6.2099285e-01   5.1055209e-01
  -2.1831882e+00   1.9086469e+00
  -8.3096589e-01   2.3501456e-01
   1.0427227e+00  -7.2965881e-01
   1.7523255e+00  -1.5358438e+00
  -1.3417900e+00   1.4239679e+00
  -9.4622485e-01   1.0901671e+00
  -1.5458108e-01   7.5607499e-01
   2.4610842e+00  -2.3653521e+00
   7.0227454e-01   2.0440057e-01
   2.9000790e-01  -3.9608344e-01
   6.1116594e-01  -3.2488100e-01
   1.1580641e+00  -1.1454723e+00
  -5.3183085e-01   9.1408794e-01
  -1.3239396e+00   1.4098856e+00
   1.2355344e+00  -1.1702887e+00
  -8.3582234e-01   1.1860088e+00
   1.6512035e+00  -1.7801527e+00
   1.4175320e+00  -1.9195150e+00
  -3.8465496e-01   5.9010587e-01
   3.1857613e-01  -2.1514730e-01
  -1.7410744e-01   2.3825625e-01
  -7.2767659e-01   9.3563699e-01
  -1.3581444e+00   1.3231654e+00
   6.2028764e-01  -5.7932951e-01
   5.5703948e-01  -9.8353801e-01
   5.0066404e-01  -8.3914793e-01
   2.1484604e-02   3.7258553e-01
   8.0234903e-01  -1.2751546e+00
   5.0985841e-01  -4.6682631e-01
   1.3223466e+00  -1.0913854e+00
  -6.8445375e-01   7.3055325e-01
  -1.3955730e+00   1.3685492e+00
  -1.0830229e-01   1.5745012e-01
   2.8796306e-01   1.7591871e-02
   5.3085885e-01  -7.7398564e-01
  -1.4568287e+00   1.4948125e+00
  -1.5190750e+00   1.7184244e+00
   1.6822271e+00  -1.2173117e+00
  -7.8219762e-01   7.1687228e-01
  -1.8352195e+00   1.1659661e+00
   1.8135333e-01  -7.4608273e-02
  -1.1519344e+00   1.0730924e+00
  -7.4063452e-02   4.7372289e-01
  -8.1713330e-01   7.6059225e-01
  -2.2740473e+00   2.2522475e+00
   2.3074856e+00  -2.2349931e+00
  -7.0670393e-01   8.7112611e-01
  -6.3081790e-01   1.1145887e+00
  -1.3073392e+00   7.1891671e-01
   5.8136895e-01  -4.8450047e-01
   1.7154175e-01   4.7088472e-01
   1.3852055e+00  -6.6324262e-01
   7.0351712e-01  -3.3892122e-01
  -9.4564236e-01   1.0209825e+00
  -2.7199494e-01   1.0371883e-01
   6.2088768e-01  -1.0194612e+00
   1.0284546e+00  -1.0009513e+00
  -1.7803885e-01   6.9189795e-02
   2.5238660e-01  -3.8728276e-01
  -1.3863560e+00   1.9929366e+00
   3.4973591e-01  -4.6043610e-01
  -2.2858937e-01   3.5842835e-01
  -4.9284657e-01   1.3473739e-01
   1.7886613e+00  -1.6283092e+00
   1.2691658e+00  -9.5393606e-01
  -9.1351496e-01   9.4238278e-01
  -7.9834321e-01   9.6675099e-01
  -1.0369911e+00   8.4595215e-01
  -1.7365208e+00   1.9154668e+00
   8.6827723e-01  -1.0135726e+00
   1.6274003e-01  -1.1786287e-01
   5.6943391e-01  -3.5128157e-01
   4.5876775e-01  -1.2580776e-01
   9.4908929e-01  -1.7269592e+00
  -1.0588839e+00   1.0294370e+00
   2.8620977e-01   5.5522149e-02
   1.7694316e+00  -2.2024465e+00
   5.3671448e-01  -6.5366911e-01
  -1.6133830e+00   1.3561756e+00
   2.4818545e-01  -6.2001729e-01
   1.4264623e+00  -1.6975881e+00
  -2.4934274e+00   2.1868213e+00
   7.5358280e-01  -6.1649205e-01
   7.2112261e-01  -7.8556874e-01
   8.2074917e-01  -7.9565712e-01
   1.1948984e-01  -2.0547003e-01
  -7.5445202e-01   6.9691479e-01
   7.4135278e-01  -4.1501383e-01
   1.5202139e+00  -1.7281629e+00
   5.7876829e-01  -1.1849962e+00
  -6.8247613e-01   9.5584105e-01
   3.0324174e-01  -3.1627188e-01
  -1.0594686e+00   1.1112604e+00
   3.1034134e-01  -5.8965691e-01
  -1.1978648e+00   8.8573433e-01
  -5.6575360e-01   5.5826536e-01
  -2.9971703e+00   2.4652097e+00
  -1.0065079e-02  -2.0861012e-01
   1.9619913e+00  -2.0149968e+00
  -8.4854146e-01   1.0659239e+00
  -1.0722914e+00   1.2024515e+00
  -1.3690632e-01   1.0633010e-01
   1.3767507e-01  -4.7951553e-01
   2.4915630e+00  -2.7610437e+00
  -1.0652397e+00   6.8903892e-01
  -9.1683699e-01   1.1505860e+00
  -1.3922392e+00   1.1028312e+00
   5.2613323e-01  -5.3315767e-01
   8.0556731e-01  -8.1466799e-01
  -2.7625297e-01   3.6045660e-01
   7.2195088e-01  -3.2291462e-01
  -5.6830545e-01   6.2067421e-01
  -1.2773095e+00   8.6079156e-01
  -4.8341084e-01   9.9882735e-02
   2.4201913e+00  -2.8611327e+00
  -3.5930464e-01   3.3792825e-01
   5.5146694e-01  -5.0997545e-01
  -5.0880800e-01   7.2834502e-01
   1.2226202e+00  -9.8206416e-01
  -2.1402081e-01   8.4741358e-02
   1.8535012e-01  -2.6227163e-01
   2.9840716e-01  -1.4554234e-02
   1.3688687e+00  -1.6832398e+00
   1.3909115e+00  -1.7039942e+00
   3.0812243e-01  -2.8287168e-01
  -4.7555569e-01   3.1857639e-01
   8.9513720e-01  -9.3441631e-01
   1.6426072e+00  -1.6253181e+00
   1.3771144e+00  -1.5606719e+00
  -7.0440601e-01   1.0980049e+00
  -5.4154726e-02   4.0845261e-01
   1.0681703e+00  -7.1542249e-01
   1.2144395e-01   8.5783170e-02
  -1.7310458e+00   1.7203144e+00
  -2.4977242e-01   2.1936019e-01
  -4.3067092e-01   3.8336605e-01
   4.0536687e-01  -7.2350662e-01
  -7.3977507e-01   9.7648737e-01
   6.9727939e-01  -4.4041272e-01
   2.8774470e-01  -9.4138719e-01
   4.9028097e-02  -1.3212203e-01
  -6.7917919e-01   9.1655520e-01
   2.9883644e-01  -2.3228410e-01
   2.6703344e-01  -3.9718801e-01
   2.7542635e-01  -9.5912365e-01
   1.0319134e-01  -6.7033666e-02
  -1.4484420e-01   2.8213447e-01
   6.1173358e-01  -5.5825578e-01
  -2.0958703e+00   2.2411280e+00
  -8.4775088e-01   8.9625651e-01
  -1.1381171e+00   7.8885216e-01
  -1.3598869e+00   1.2030420e+00
  -2.0928806e-01   6.9553901e-01
  -1.5162629e+00   1.7974053e+00
   2.5335936e-01  -1.9266011e-01
  -4.6657050e-01   3.4480990e-01
   8.3346215e-01  -1.1012803e+00
   3.1383417e-01  -5.2869199e-01
  -1.2763425e-01   1.2015303e-01
  -1.1857790e+00   1.3720111e+00
   1.5239535e+00  -1.8792032e+00
   9.2557349e-01  -7.4379422e-01
   5.7890514e-01  -6.8283247e-01
  -5.0214863e-01   5.1538503e-01
   9.6107893e-01  -9.1307634e-01
   3.3232398e-01  -1.1520308e-01
  -7.2529408e-01   1.0399413e+00
   2.1080883e-01  -8.2415189e-02
  -4.2979709e-02   4.5772652e-01
  -9.8519743e-01   9.6389685e-01
  -1.3723785e+00   1.3760045e+00
  -5.0084969e-01   6.1913267e-01
  -6.6133879e-02  -4.4266532e-01
  -1.0796229e+00   1.2934143e+00
  -2.0470045e+00   1.6077110e+00
   7.4948973e-01  -4.6724792e-01
   1.0890687e+00  -1.0737956e+00
   7.5270084e-01  -8.3381401e-01
  -7.0202863e-01   1.0471150e+00
   1.7721460e+00  -1.5688622e+00
  -1.6471989e+00   1.7025560e+00
   4.6638029e-01  -4.0441411e-02
  -5.5877977e-01   1.0700646e+00
   4.1422368e-01   1.9683692e-02
   1.7377034e-01  -1.1877196e-01
   1.4517531e+00  -1.5535735e+00
   5.7114257e-01  -8.7193962e-01
   1.0403143e+00  -1.3106630e+00
   2.7193550e-01  -1.6138769e-01
  -3.8019335e-01   5.0638562e-01
   1.3395169e-01  -4.0798829e-01
  -2.8079047e+00   2.6511737e+00
   4.1683948e-01  -4.2403910e-01
   1.9948740e-01  -5.1555163e-01
   6.3734938e-01  -6.1806432e-01
   3.0342131e-01  -6.9820864e-01
  -6.1733535e-01   3.9822028e-01
  -8.2990554e-01   6.0370109e-01
  -2.4916113e-01   4.1390997e-01
   3.3591562e-01  -6.2547452e-01
   5.2049383e-01  -2.0292410e-01
   1.2865645e+00  -1.0703738e+00
   9.8213970e-01  -8.9036843e-01
   6.2967094e-01  -6.6975349e-01
   9.9023869e-01  -4.8206499e-01
  -1.2145955e+00   1.4101194e+00
  -1.8113148e+00   1.4264083e+00
   9.2111129e-01  -8.4279731e-01
   8.2798097e-01  -2.9769283e-01
  -3.3881901e+00   2.7408743e+00
  -1.3565166e+00   1.5557753e+00
  -9.5772308e-01   1.1833254e+00
   7.1707607e-01  -5.0166018e-01
   6.8034484e-01  -5.8493264e-01
  -1.0336232e+00   7.8935255e-01
  -9.9922658e-01   9.6505189e-01
   8.9032201e-01  -8.2157901e-01
  -3.9969711e-01   5.7702547e-01
   7.8077003e-01  -6.3235436e-01
  -2.2480133e-01   2.6982539e-01
   1.0547504e+00  -1.0906491e+00
   5.8128519e-01  -8.7150323e-01
  -1.0058613e+00   1.0981528e+00
  -5.1282314e-01   6.1769790e-01
   1.2675934e+00  -1.1366001e+00
   1.9935868e-02  -3.0740880e-01
   8.3610192e-01  -9.6068996e-01
  -8.2347233e-01   8.4343155e-01
   5.9457069e-01  -2.8799861e-01
  -6.4332250e-01   1.0672127e+00
   4.6660257e-01  -8.6263783e-01
   4.1745049e-01  -2.4725004e-01
  -6.3738351e-01   1.2435626e-01
  -3.4779503e-01   2.0540825e-01
  -5.8215201e-01   5.5011718e-01
  -4.0716282e-01   3.9156249e-01
  -8.3009894e-02   3.2211179e-01
   8.5977635e-01  -5.2665495e-01
  -2.4009881e-01   5.1617783e-01
  -2.6142767e-01   4.3835587e-01
  -1.0963280e+00   8.7043990e-01
   7.6514138e-01  -8.5447642e-01
  -4.1459791e-01   3.5457678e-01
   8.5146287e-01  -4.1825281e-01
  -1.7873292e+00   1.4133885e+00
   1.9100282e-03   3.5550657e-01
  -9.2470022e-01   6.2984044e-01
  -7.5280157e-01   7.8848291e-01
  -1.3752299e+00   1.4916778e+00
   2.8490648e-01   2.1183664e-01
   6.9679497e-02   4.1757486e-02
   1.0491998e+00  -1.1510589e+00
  -2.3739226e-01   5.7939650e-01
   1.4174481e-01  -2.9179557e-01
   2.5001910e+00  -2.9525782e+00
  -1.3807458e+00   1.0453173e+00
  -6.2615370e-01   4.1276158e-01
  -1.5255394e+00   1.4172927e+00
   3.7655475e-01  -2.8787197e-01
   1.7251774e+00  -1.9189089e+00
  -1.4302029e+00   1.0712184e+00
  -2.4244376e-01   5.9189232e-01
  -1.6310802e+00   1.6827269e+00
   5.9177382e-01  -9.2958716e-01
   7.3318697e-01  -8.1849693e-01
  -5.7965378e-01   5.8105601e-01
   1.2220651e+00  -1.5008769e+00
  -1.2188950e+00   9.7629900e-01
   4.4222781e-01  -3.3440749e-01
  -3.8052942e-01   2.9060951e-01
  -6.0295865e-01   7.9719781e-01
  -3.6667952e-01   1.4079454e-01
  -1.1989006e+00   1.0225741e+00
  -1.6946213e-01  -4.1061920e-02
   1.1215289e+00  -1.5520807e+00
   2.2669661e+00  -2.7545740e+00
  -7.2338964e-01   5.3811496e-01
   5.8728298e-01  -4.8040787e-01
   7.0274035e-01  -5.8549823e-01
   8.6928258e-01  -6.6496606e-01
  -7.3800773e-01   4.9374668e-01
  -1.0482012e-01   4.7745732e-01
   7.2269723e-01  -9.7849909e-01
  -5.4625473e-01   7.8665883e-01
   4.3294258e-01  -5.5798893e-01
  -3.6597916e-01   3.5559464e-01
   1.3893891e+00  -1.8313939e+00
  -4.6322845e-01   1.3671759e-01
  -3.4680613e-01   7.2945801e-01
  -1.2440445e-01   2.8409041e-01
  -2.0249467e+00   2.1577364e+00
   3.8138772e-01   1.6776029e-01
  -1.3345497e+00   9.5978770e-01
  -7.2374960e-01   6.6896797e-01
   4.7212562e-01  -1.1734416e-01
  -1.1893911e-01  -1.3803608e-01
  -1.5204199e+00   1.5041932e+00
  -6.9813186e-01   5.6664146e-01
  -1.1529044e+00   1.0597723e+00
   1.1359731e-02   7.0283761e-03
  -1.3354753e+00   1.3500737e+00
  -9.7881494e-01   8.9865853e-01
  -6.8910922e-02   4.0293477e-01
  -3.6558949e-01   3.7053377e-01
  -3.2524690e-01   1.4619915e-01
   9.2259011e-02   2.2713521e-01
  -9.4993787e-01   1.2071058e+00
   4.6664639e-01  -8.3330380e-01
   5.8490977e-01  -8.0180965e-01
   2.5238768e-01  -5.6333079e-01
   5.5588284e-01  -7.6906534e-01
   1.6322203e+00  -1.6616186e+00
  -9.6239212e-01   9.1799228e-01
  -3.1055128e-01   8.4723934e-01
   1.3441961e+00  -1.2566741e+00
  -6.2309289e-01   6.6422472e-01
  -3.2721301e-01   1.8783935e-01
   1.2188730e+00  -1.3442721e+00
  -1.1601314e+00   1.2035966e+00
   1.9222008e+00  -1.8483093e+00
