  -3.3059141e-02  -2.1262756e-02
  -8.0738379e-01  -2.5179646e-01
  -1.1419418e+00  -1.0598120e+00
  -2.1338947e+00  -2.0067383e+00
  -5.9117739e-01  -5.7821811e-01
  -1.3844981e+00  -1.3293514e+00
  -4.1547263e-02  -5.0804012e-01
   2.9201843e-01  -1.5175305e-01
   5.8073612e-01   6.6032976e-01
  -2.4556150e+00  -2.3766276e+00
   4.5266559e-02  -6.5256029e-02
   6.4406670e-01   1.3742645e+00
  -5.7071254e-01  -7.9413252e-01
  -1.2015631e+00  -4.0274972e-01
   8.6789206e-01   6.6263723e-01
   1.0208954e+00   7.8690341e-01
  -6.2483759e-01  -7.6724499e-01
  -1.4558963e+00  -1.3482820e+00
   9.0949954e-01   6.4926771e-01
   1.1244038e+00   1.7198881e+00
  -1.1097776e+00  -7.1186270e-01
  -2.4403759e+00  -2.2497222e+00
   1.2751118e+00   7.2785663e-01
  -1.5727519e+00  -1.8834752e+00
  -9.0124426e-01  -1.3528590e+00
   1.1398358e+00   6.8723627e-01
   8.5210199e-01   2.9309704e-02
  -1.7223463e-01  -4.0353535e-01
   1.3727211e+00   1.3489899e+00
  -2.8642391e-02  -1.9204263e-01
   1.1427117e-01  -4.9487857e-02
   1.1059356e+00   7.1259110e-01
   1.8189229e-01   3.4994394e-01
   1.1243708e+00   3.4486934e-01
  -1.2344517e+00  -1.3688607e+00
  -1.5847050e+00  -1.6102386e+00
  -1.1129956e+00  -8.0067467e-01
  -1.3938983e+00  -5.1455314e-01
   9.8938226e-01   3.7681719e-01
  -2.8821077e-01  -3.4831466e-02
  -3.1674992e-01  -4.3865772e-01
   2.2768836e-01  -6.9795121e-02
   8.9132301e-01   1.0750231e+00
   1.0733076e+00   7.4646654e-01
   6.6982207e-01   8.5010780e-01
   9.8522687e-01   3.0681029e-01
   9.1814887e-01  -1.1487948e-01
   9.0936685e-01   6.9953144e-01
  -1.5003252e-01   6.6355709e-02
   8.1872847e-01   3.4860219e-01
  -2.6157636e-01  -1.7628644e-01
   2.8403835e-01   2.0372956e-01
   1.1863740e+00   3.4623997e-01
   2.0200301e-01   1.7007506e+00
  -8.0788454e-01  -3.5472821e-01
  -1.1725722e+00  -7.8213020e-01
  -1.7036466e+00  -1.7757159e+00
   9.7005566e-01   1.0132418e+00
   7.3419531e-01   8.4933256e-02
   1.1720933e+00   3.8232728e-01
  -8.0370487e-01  -1.0101314e+00
   6.5674736e-01   8.3296770e-01
   1.1250965e+00   5.7101885e-01
  -1.9280235e-01  -3.8749996e-01
  -1.7067161e+00  -1.1725304e+00
  -1.2258811e+00  -1.3743296e+00
   1.8167292e-01   6.3917582e-02
  -8.8115269e-01  -1.3548908e+00
   9.0890299e-03  -3.5292649e-01
  -3.6740661e-01  -3.4792238e-01
   2.5442987e-01   2.7140076e-01
  -1.1725385e+00  -7.4350096e-01
  -7.9026115e-02   1.6570744e-01
  -1.2021809e+00  -1.1722825e+00
   1.0899926e+00   8.2182762e-01
   1.1351391e-01   2.6939030e+00
  -6.3259466e-01   1.8923769e-01
  -1.5234743e+00  -1.6217863e+00
   5.8533402e-01  -1.3547606e-01
  -1.4642005e+00  -9.1755490e-01
  -8.9905170e-02   4.7321963e-02
   7.3369590e-01  -3.8342566e-03
   2.3816935e-01   6.1621292e-01
  -6.2638070e-01  -9.8979584e-01
   1.1362372e+00   4.1426994e-01
   7.0484929e-01   3.6113684e-01
  -1.9343302e+00  -2.1604842e+00
  -8.8486878e-01  -9.5370938e-01
  -1.5433497e+00  -8.0608172e-01
   5.2160640e-01   3.7383124e-01
   5.2526021e-01   1.5111393e-01
   1.5958150e+00   1.1659452e+00
  -6.5295945e-01  -3.7819531e-01
  -1.1647852e+00  -1.1867164e+00
   1.1705619e+00   4.9673154e-01
   1.4290393e-01  -3.2234846e-01
   1.2923204e+00   7.8631756e-01
  -6.8096396e-01   4.4437829e-01
  -1.2633662e+00  -1.1324235e+00
  -9.3359752e-01  -1.0040731e+00
  -4.4828004e-01  -2.7413859e-01
  -1.1316882e+00  -2.4923525e-01
  -7.6418201e-01  -4.5089862e-01
   1.5453468e+00   1.0157182e+00
   6.0029065e-01   3.3915730e-01
  -1.1573394e+00  -9.7912309e-01
  -1.2797113e+00  -8.3968839e-01
   3.3497354e-01   1.9707598e-01
  -4.3116682e-01  -2.9878042e-01
   3.9601231e-02  -1.3411805e-02
  -3.6572910e-01  -1.5858243e-01
   1.4510051e+00   6.1614217e-01
   1.3818334e+00   1.2494434e+00
   1.5417172e+00   1.2011102e+00
  -3.7344069e-01  -3.2694750e-01
   7.8412667e-01   1.5917364e+00
   1.3903338e+00   6.2520333e-01
   6.2326871e-01   1.8024604e+00
   4.5165826e-01   3.0015580e-01
  -7.2596935e-01  -5.5873470e-01
  -1.5897832e+00  -1.6410911e+00
   6.0422445e-01   1.9813988e-02
   1.2372399e+00   9.2079880e-01
  -8.9486701e-01  -6.8701884e-01
  -1.6067597e+00  -1.3554066e+00
   6.5725438e-01   4.4044015e-01
  -1.0790744e+00  -7.5279311e-01
   9.8454910e-02  -4.9671768e-01
   2.3561071e-01  -3.4777791e-01
  -5.6068490e-01  -2.1904552e-01
   6.9089806e-01   4.4885224e-01
   6.8484558e-01   1.9907026e+00
   1.2601794e+00   1.2126692e+00
  -6.8404726e-01   2.9633523e+00
   8.4445147e-01   7.7890941e-02
   1.0428176e+00   1.3841599e-01
   7.8331198e-01   2.1185324e+00
  -2.5679838e-01  -7.3736385e-02
   1.3929584e+00   6.9799598e-01
   1.2265092e+00   6.5665368e-01
   1.0671927e-01   2.2687616e+00
   1.6294269e+00   1.1012014e+00
  -1.5322638e+00  -1.8500967e+00
  -1.6819222e+00  -2.0266439e+00
   6.4791391e-01   4.8395830e-01
   7.1251819e-01   1.5573477e+00
   8.1888829e-01  -1.1281628e-01
   8.0643917e-01   2.2920621e-01
   7.1768603e-01  -2.7803434e-01
  -9.6428145e-01  -6.9496245e-01
   5.1513042e-01   1.9975807e+00
   2.9366916e-01  -6.1657878e-02
  -8.1610484e-01  -6.8332323e-01
  -4.0357371e-01  -7.3273841e-01
   5.6136613e-01   1.5033814e-02
   6.5363164e-01   6.6955584e-02
   7.7728956e-01   5.8597502e-01
   1.1643084e+00   3.4450666e-01
   4.8529830e-01   3.6525940e-01
  -8.0021192e-01  -1.0768222e+00
   1.2538786e+00   1.5011091e+00
  -9.0035767e-01  -1.8071935e-01
   9.5343939e-01   1.4385861e+00
  -1.4803901e-01  -4.0123022e-01
   1.4927867e+00   5.6631943e-01
  -8.2689572e-01  -9.0460880e-01
  -1.1571356e+00  -1.7403931e+00
  -5.1640538e-01  -1.4693609e-01
  -8.0666677e-01  -6.0488687e-01
  -9.7518334e-01  -7.6256615e-01
  -1.7455838e+00  -1.0879065e+00
  -4.7313815e-01   7.7385633e-02
  -7.5164203e-01  -7.8283119e-02
   1.1924513e+00   1.0155912e+00
  -9.1373068e-01  -1.7216659e+00
   1.3081543e+00   9.1836324e-01
  -1.0217873e+00  -1.4082170e+00
   1.2370941e+00   1.2335916e+00
  -1.2035338e+00  -6.9929177e-01
   1.3678303e+00   8.5371037e-01
  -3.0636664e+00  -4.3775357e+00
   9.0238897e-01   1.1243732e+00
  -1.0676108e+00  -1.1631834e+00
   8.3098440e-01   6.5975425e-01
  -1.4179766e+00  -1.9014342e+00
  -1.3888936e-01  -1.7637598e-01
   6.3254117e-01   5.8880741e-01
  -1.6625074e-02  -4.0350898e-01
  -6.4344426e-01  -4.3265050e-01
   7.0267227e-01   2.9324034e-01
   1.4499621e+00   5.3338510e-01
  -7.4344137e-02  -6.2566515e-01
  -1.0278920e+00  -5.7069460e-01
  -2.5725648e+00  -2.6695473e+00
   5.0795600e-01   7.8365269e-01
  -1.2663874e+00  -1.3000373e+00
   1.1076894e+00   8.0201341e-02
   6.9154194e-01   5.7007356e-01
  -5.2343101e-01  -5.5773164e-01
  -9.2584273e-01  -6.0046959e-01
  -9.6648295e-02   9.1606698e-02
  -2.1372129e+00  -1.9810629e+00
   3.4610233e-01   4.3904079e-01
  -3.9258571e-02  -2.9012221e-01
   2.2336844e-01   6.2000966e-02
   1.3765861e+00   1.2033399e+00
   4.5031986e-01   7.2198036e-01
   3.9581645e-01   2.7492657e-01
  -1.0576050e+00  -1.2387809e+00
  -9.4141606e-01  -9.1668665e-01
   1.2867977e+00   4.4399388e-01
   3.7346586e-01   1.5441804e-01
   1.3075855e-01   2.1784110e-01
  -1.2036094e+00  -1.2758003e+00
   5.9498979e-01   9.1834271e-02
  -1.2181983e+00  -9.6831293e-01
  -2.5538281e-01  -2.8331179e-01
   6.2573354e-01   1.8716120e+00
  -3.2484670e-01  -3.5771042e-01
   1.3818853e+00   1.1205517e+00
   5.7127531e-01   8.9219221e-02
   1.3263713e+00   7.7329970e-01
  -1.4031948e-01  -9.4000911e-01
   6.5142700e-01   3.4905929e-01
  -3.4481148e-01  -6.9494417e-03
   7.3157167e-01   6.2171443e-01
   1.2621559e+00   7.8322636e-01
   1.3676866e+00   7.9476794e-01
   5.8953312e-01   8.2354177e-01
   7.4063560e-01   4.0976166e-01
  -1.6263458e+00  -1.4938798e+00
   5.6576525e-01   3.2015393e-01
   6.4046443e-01   1.3544341e+00
   1.5401480e-01   1.3758517e-01
  -2.0470586e-01  -9.2836601e-02
   5.7868709e-01   4.0115696e-01
  -5.1550979e-01  -4.6252763e-02
  -1.3039348e+00  -8.8064736e-01
   3.8798554e-01   1.9157938e+00
  -4.5494983e-01  -7.5127613e-01
  -1.1023777e+00  -3.8567166e-01
   1.1233079e+00  -1.0432814e-01
  -1.9115938e+00  -2.1004309e+00
   1.7217245e-01  -1.1286046e-02
   1.0439004e+00   1.3966491e+00
  -1.6124512e+00  -5.9595311e-01
  -1.0499987e+00  -7.3013093e-01
  -5.9268340e-01  -8.1928658e-01
  -4.1773451e-01  -5.9422618e-01
  -3.5157128e-01   1.3370507e-01
   3.7260087e-01   2.4162313e-01
  -1.0353993e+00  -1.2787141e+00
  -1.5656395e+00  -1.7770106e+00
   7.4745707e-01   6.1595417e-01
  -6.3340121e-01  -4.9845304e-01
  -1.7297578e+00  -1.8898608e+00
  -1.1261018e+00  -4.9779842e-01
   3.2053989e-01  -2.2079264e-01
  -1.2447734e+00  -1.7551363e+00
  -7.8343320e-01  -5.6620519e-01
  -1.4697402e+00  -1.1572906e+00
   1.1290480e+00   3.4464527e-01
  -1.1192322e+00  -6.3644085e-01
   5.7012447e-01   7.5738268e-01
   9.5381280e-01   1.2138096e+00
   1.5242089e+00   1.1038967e+00
  -6.5605148e-01  -8.3652300e-01
   5.6560872e-02  -6.2545982e-02
  -1.3631930e+00  -5.8871672e-01
   1.1357761e+00   1.7391921e-01
   7.3392889e-01   3.6757977e-01
   2.5850796e-01  -2.3007304e-02
   7.2058853e-01   7.3724816e-01
  -3.6628569e-01  -3.4019363e-01
   1.3173055e+00   7.4853966e-01
  -1.0571130e+00  -5.7698323e-01
   1.3706545e+00   6.0441073e-01
  -2.3648192e+00  -2.4588445e+00
  -1.5969748e+00  -1.9359788e+00
  -8.1379209e-02   2.6622269e+00
   4.4907422e-01  -1.2442248e-01
  -1.4266602e+00  -1.2953414e+00
   9.4135665e-01   1.2973330e+00
   1.2811633e+00   3.4344893e-01
   8.2767274e-01   7.0012453e-01
   6.9436584e-01   4.3014196e-01
  -5.8511207e-01  -5.3863412e-01
   1.1958212e+00   9.0823505e-01
  -1.2537824e+00  -7.5387227e-01
  -1.1849490e+00  -8.3741032e-01
   2.0729449e-01  -2.7128746e-02
  -3.1009367e+00  -3.1206153e+00
   1.4133166e+00   1.0888388e+00
   1.0958363e+00   7.9731568e-01
   7.1251192e-01   2.7648609e-01
   6.1880644e-01   3.8627437e-01
  -5.5762660e-01  -1.0866689e+00
   1.1400863e+00   1.2604946e+00
   1.4943635e+00   9.6515507e-01
   7.5401744e-01   6.4657335e-01
  -5.7354182e-01  -2.4090010e-01
  -7.9734958e-01  -5.8600733e-01
   1.1580951e+00   6.5310666e-01
   1.0733303e+00   5.4727745e-01
   1.4590587e+00   1.2483024e+00
   7.1822546e-02  -4.2562189e-01
   1.0271935e+00  -2.8936289e-02
   9.6974952e-01   7.8690321e-01
  -1.3942445e+00  -1.6422512e+00
   1.1186989e+00   9.3470615e-01
   6.0037420e-01   8.5373013e-02
  -1.7042741e+00  -2.0595528e+00
   1.0533316e+00   5.6992969e-01
   5.7660478e-01   1.3822490e+00
  -5.6678260e-01  -3.6298363e-01
   1.2233136e+00   1.1958490e+00
   1.2430676e+00   1.3716931e+00
   1.1058670e+00   1.1540150e+00
   9.0934683e-01   1.6296458e+00
  -9.6796400e-01  -6.5897633e-01
   4.3244872e-01   1.6664508e+00
  -1.5560654e+00  -1.8239152e+00
   2.1197365e-01   2.2231953e+00
   8.9625163e-01   1.6110193e+00
  -2.8669265e-01  -2.5575079e-01
   1.2445099e-01   3.9458304e-01
  -1.5052943e+00  -1.4226921e+00
   3.7265908e-01   4.9092471e-01
  -6.1908606e-01  -9.3703516e-02
   1.5751574e+00   7.1868082e-01
   7.6307544e-01   2.7968565e-01
   7.1462039e-01   1.6460448e+00
  -8.4849963e-02  -6.8468098e-02
   7.5976094e-02   2.1353752e+00
  -1.3502653e+00  -7.5907476e-01
  -1.7090093e+00  -1.8393103e+00
  -6.3147019e-01  -2.1746371e-01
  -8.0946621e-01  -8.4770199e-01
   1.1307589e+00   6.2336529e-01
  -1.5983426e+00  -1.4504756e+00
  -1.3335402e+00  -8.4834480e-01
   1.0724704e+00   8.4562368e-01
   6.5294555e-01   5.0002659e-01
  -9.6644149e-01  -4.7518464e-01
  -1.5266526e+00  -2.9793245e-01
  -6.2685873e-01  -4.2881265e-01
  -1.2701562e+00  -9.1638888e-01
   1.4346157e+00   1.2396520e+00
  -1.0426983e+00  -2.8236002e-01
  -1.1040372e+00  -8.2461219e-01
   9.8363313e-01   5.9094526e-01
   9.7351134e-01   6.2648031e-01
   3.2404773e-01  -2.8311644e-01
  -6.5614582e-01  -6.3652157e-01
   1.0879592e+00   1.4099617e+00
   4.4640726e-02   3.9244336e-01
   7.6455022e-01   5.0002418e-01
   1.3759749e-01   1.9032961e-02
   5.2087957e-02   1.3409939e-01
  -4.3995680e-01  -6.1727142e-01
   9.9470268e-01   7.6286622e-01
  -3.4204374e-01  -2.5873560e-01
   7.6573787e-01   1.6543299e+00
   9.7833034e-01   6.2863196e-01
   7.6789110e-01   2.8609441e-01
   1.2879737e+00   1.9425370e+00
   1.2694391e+00   1.1471508e+00
  -1.5208434e+00  -1.6658363e+00
  -1.0109509e+00  -3.7952986e-01
   2.4829092e-01   4.4202069e-01
  -1.4141455e+00  -1.5354162e+00
  -8.0274176e-01  -3.2444378e-01
  -1.2610338e+00  -1.3517052e+00
  -1.5172198e+00  -1.5557247e+00
  -1.2696539e+00  -1.4396543e+00
   4.8449867e-01  -8.9471493e-03
  -5.9508162e-02   1.6932930e-01
  -1.1491092e+00  -9.9500511e-01
   1.7780139e-01   4.4133553e-01
  -1.0156143e+00  -8.8544571e-01
   1.3796283e+00   1.1189303e+00
  -2.5131466e+00  -2.1655687e+00
  -6.1228875e-01  -6.5079378e-01
   3.3500333e-01   8.2527307e-02
   1.4558686e+00   9.3525621e-01
   4.0807887e-02  -2.2607363e-01
   1.0967755e+00   4.1181373e-01
   8.2741856e-02  -6.1160541e-02
   1.1709437e+00   4.0167758e-01
   1.1208206e+00   4.8575705e-01
  -2.0207533e-03  -2.8402294e-01
   8.1897964e-02  -7.2034439e-02
   1.4715859e+00   1.5772629e+00
  -9.4062307e-02  -2.3870294e-01
   5.1498698e-01   2.3761649e-01
   1.0461225e+00   3.3493236e-01
   1.7288993e-01  -5.3442199e-02
   1.2119709e+00   8.1735509e-01
  -1.1723421e+00  -9.2043587e-01
  -1.6417834e+00  -1.7603955e+00
   1.2957094e+00   1.1044451e+00
   3.7411197e-01  -5.8960822e-01
  -1.1145488e+00  -4.1653421e-01
   1.6689767e-01  -4.5709953e-02
  -3.2800001e-01  -6.8639156e-01
   7.7045274e-01   3.2611026e-01
  -1.3292444e+00  -1.4360297e+00
  -1.1337031e+00  -8.1230339e-01
  -7.5103625e-01  -4.9245535e-01
   1.8376960e-02   1.8746807e+00
   5.9812958e-01   3.1707676e-01
   5.6273134e-01   1.8026818e+00
  -9.3237684e-01  -8.5219970e-01
  -5.8726680e-01   2.0454303e-01
   3.6040747e-01   6.2094219e-01
   9.8126970e-01   7.4055895e-01
  -1.1603464e+00  -1.7585072e+00
   1.1718004e+00   6.2921838e-01
  -1.4399231e+00  -1.3344765e+00
   1.4889766e-01   1.3434544e-01
   9.3820996e-01   2.2409578e-01
   5.0176873e-01   2.2909400e-01
   5.0174039e-01   2.8385480e-01
  -3.2537388e-01   2.8701047e-02
  -1.6754456e-01   2.3928293e+00
  -1.1446897e-01  -3.5419860e-01
   1.2121411e-01   1.0125341e-01
  -4.8876195e-01  -4.4146316e-01
   8.0695156e-01   4.2895183e-01
   1.1107368e+00   6.3570277e-01
   1.2552150e+00   1.2906733e+00
  -1.7204126e+00  -2.0087191e+00
  -1.4786319e+00  -9.8864450e-01
   1.0500823e+00   8.5501726e-01
   1.2948997e+00   1.3040188e+00
  -6.0283429e-01  -5.5377305e-01
   6.1337136e-01   1.0381454e-01
  -1.3205984e+00  -1.1603025e+00
  -1.2857993e+00  -1.0021498e+00
   2.1333825e-01   3.9197901e-01
   1.1126365e+00   9.4684142e-01
   3.5018114e-01  -3.4965195e-01
   8.1826231e-01   8.7708149e-01
  -3.8630394e-01  -5.7316629e-01
  -1.0544611e+00  -3.4852555e-01
  -8.8432120e-02  -1.8389015e-01
   5.3056079e-01   1.2565765e-01
  -4.7882331e-01  -1.6309629e-01
   7.4948131e-01   9.6095869e-01
   2.3300925e-01   2.3801008e+00
  -9.6307228e-01  -3.0665576e-01
  -1.7080815e+00  -1.6289079e+00
   1.3015984e+00   7.4432002e-01
  -1.0312922e+00  -8.4488913e-01
   1.0040559e+00   1.1710883e+00
  -4.7700325e-01  -6.1178240e-01
  -1.1117556e+00  -1.0485448e+00
   6.8631672e-01   2.0147550e+00
   1.2330863e+00   1.0568363e+00
   9.6791792e-01   8.8831848e-02
  -7.2101547e-01  -5.4914692e-01
  -1.2679483e+00  -7.6739736e-01
  -1.1396299e+00  -7.6546433e-01
  -7.5458466e-01  -7.3110401e-01
  -9.5426654e-01  -1.1442884e+00
   1.3045953e+00   7.8778414e-01
   1.3915605e+00   9.7823556e-01
  -2.6314613e-01  -6.4054643e-01
  -1.1347765e+00  -1.3364275e+00
  -8.2702917e-01  -1.2168146e+00
  -9.7771515e-01  -1.3187673e+00
   6.4379872e-01   6.3655232e-01
  -6.4483940e-01  -3.4971590e-01
   9.8200697e-01   5.3801714e-01
   1.5311758e+00   1.5347141e+00
   1.3749858e+00   1.5163193e+00
   5.3824288e-01   1.6121420e-01
   1.6297454e+00   1.1425474e+00
  -1.9796721e+00  -2.4130273e+00
   6.7602656e-01   2.9242051e-01
   6.0658801e-01   2.4816582e-01
   1.0981735e+00   4.9075350e-01
   1.5912492e+00   5.7057868e-01
  -6.4437890e-01  -6.2320651e-01
   1.3386101e-01   6.0631826e-01
   7.0374111e-01   4.8385251e-01
   5.8358266e-01   1.0371496e+00
  -4.3016616e-01  -2.2308982e-01
   4.1351579e-01   2.4279800e-01
   4.3770001e-01   3.3400981e-01
   3.7163068e-01   2.0823112e-01
  -4.9745522e-01  -9.7631604e-01
   1.1874833e+00   1.0576085e+00
   1.0644331e+00   9.3901248e-01
  -4.0573341e-01  -3.4715950e-01
  -3.0800838e-01  -3.3199311e-01
   1.5164109e+00   8.9021735e-01
   5.3277137e-01   2.6103843e-01
   1.0745946e-01   3.3062463e-01
   3.3675555e-01   2.7829663e-01
  -1.1453431e+00  -1.4328712e+00
   8.7137528e-01   2.2133543e+00
  -5.8834827e-01  -5.6125566e-01
  -7.6388642e-01  -6.1420655e-01
  -7.9259485e-01  -4.5013355e-01
   1.2818036e+00   8.4120972e-01
   1.2729169e+00   1.0594211e+00
   1.4055924e+00   5.8543367e-01
   1.4880326e+00   2.8003810e-01
  -1.1804365e-01  -1.6552485e-01
   1.2908221e+00   6.0913841e-01
   7.7938080e-01   5.5677758e-01
   7.9715444e-01  -1.2033420e-01
   6.7922842e-02   2.1592628e+00
  -1.0922454e+00  -3.3536581e-01
   1.2208718e+00   4.6593886e-01
   1.0067870e+00   6.3968580e-01
   8.9801130e-01   5.9384617e-01
  -5.4977693e-01  -1.3277857e-01
  -1.0291261e+00  -1.3418564e+00
   3.5934735e-01   5.8853506e-01
   2.6792159e-01  -1.4975156e-01
   1.0445916e+00   4.5415281e-01
   8.7534404e-01   1.9960830e-01
   1.5082217e+00   1.1765999e+00
   2.1680700e-01   7.2483459e-01
  -9.5958813e-01  -6.5215593e-01
  -4.7403939e-01  -4.6895078e-01
   1.6083817e+00   9.4570811e-01
  -1.1744767e+00  -9.8470767e-01
   1.3376462e+00   1.5703449e+00
  -1.3086226e+00  -1.4880063e+00
  -1.4553003e-01  -2.8800359e-01
   1.1536170e+00   1.2221381e+00
  -1.2515201e+00  -1.5390962e+00
  -9.0629680e-01  -8.5532572e-01
  -1.2534908e+00  -6.1558032e-01
   1.0896027e-01   2.5455827e+00
  -1.7505603e+00  -1.2149850e+00
  -1.8342051e+00  -1.7423966e+00
   1.0895473e+00   2.5742726e-01
   8.2412326e-01   1.5461869e-01
  -1.2729805e+00  -6.0129875e-01
  -7.3946941e-01  -4.8890443e-01
   1.1669361e+00   8.2474732e-01
  -1.1387030e-01  -6.4011551e-02
   8.6155248e-01   1.8305766e+00
  -1.2987797e+00  -1.0580327e+00
   9.2403892e-01   6.5306056e-01
   1.0016946e-01   1.9162175e-01
  -1.0700007e-01   5.3219172e-02
   3.3627580e-01  -1.4695746e-03
   5.1829111e-01   6.1379005e-01
  -1.1443758e+00  -8.0897153e-01
   1.2263405e-01   1.4647580e-01
   7.9522224e-01   1.3801453e+00
  -1.2660416e+00  -1.5478468e+00
  -2.4535716e-01   7.7334906e-03
   1.3232486e+00   6.3926607e-01
   1.2155570e+00   7.6366702e-01
  -1.2443937e+00  -1.5884993e+00
   3.9412850e-01   2.4260475e-01
  -5.2581347e-01  -5.9077500e-01
   1.2336890e+00   1.0446556e+00
   7.2523540e-01   1.7967650e-01
  -1.9487686e+00  -1.9552156e+00
   8.4771219e-01   1.1537491e+00
   9.1415638e-01   3.1715900e-01
  -6.2290964e-01  -2.7238886e-01
   1.4580255e+00   5.1966082e-01
  -3.0615682e-01  -2.5219323e-01
   4.9027146e-01   1.6240721e-02
   1.1168210e+00   4.5289574e-01
  -1.0222661e+00  -7.4922259e-01
  -1.4750303e+00  -1.7603579e+00
   5.6443150e-01   1.7549678e-01
   7.6152836e-01   6.2974746e-01
  -4.4138387e-01  -3.5446885e-01
   1.3680526e-01   1.0906989e-02
   7.9288813e-01   1.4521069e+00
   8.1534467e-01   8.0849605e-01
   9.3180327e-01   1.6046931e+00
   3.4142507e-01  -3.2212771e-01
  -9.2343022e-01  -1.8805944e-01
  -8.6197684e-01  -6.7411969e-02
  -5.8477708e-01  -4.6193521e-01
   9.1004072e-01   5.1100110e-01
   9.9792474e-01   6.3545200e-02
  -7.2745636e-01  -6.2845186e-01
  -5.9455372e-01  -5.9909137e-01
  -1.2653331e+00  -1.5892331e+00
  -3.5981710e-01  -4.9473030e-01
  -4.3327272e-01   1.8496398e-01
  -7.8057678e-01  -4.1521245e-01
  -2.1037719e-01  -6.1556071e-01
  -5.1042029e-02  -5.1812892e-02
   1.4297889e+00   8.1159871e-01
   6.4450745e-01   2.6099797e-01
   6.7677567e-01   1.1206943e-02
   1.4290595e+00   1.5059752e+00
   1.4944366e+00   1.0224103e+00
   1.2297612e+00   2.6908545e-01
  -3.9977947e-01  -6.4384866e-01
  -5.8600797e-01  -9.6571230e-01
  -1.2108978e+00  -1.2983498e+00
   2.0410866e-01  -5.7826449e-02
  -2.6730393e+00  -3.3707016e+00
   8.1881519e-01   1.9100402e-01
   9.7328864e-01   7.3902964e-01
  -1.4821909e+00  -8.6380252e-01
   6.5211396e-01   6.1647113e-01
  -7.1199584e-01  -5.2846471e-01
  -8.5333480e-01  -7.8883235e-01
   8.4632259e-01   4.5451425e-01
  -5.4528399e-01   1.1000660e-01
  -1.3624343e-01   1.5567561e-01
  -1.0407400e+00  -8.1115527e-01
  -1.0731834e+00  -9.7906545e-01
  -7.3408372e-01  -9.9063827e-01
   1.1544778e+00   4.2559843e-01
   1.0135505e+00   9.3105425e-01
   1.2990692e-01  -6.3181245e-02
   1.2029568e+00   1.0378092e+00
   1.0871652e+00   1.0952305e+00
   1.2929419e+00   6.7611872e-01
  -3.0634819e-01  -8.4566407e-01
   1.4346686e-01   6.6780646e-01
   1.3120028e+00   3.7896578e-01
   2.9551622e-01   3.1208045e-01
  -1.4489024e+00  -6.1003472e-01
  -1.3861512e+00  -1.0435926e+00
   1.0952684e+00   1.4656695e+00
  -8.3424779e-01  -1.0248436e+00
   4.6757500e-01   1.2580923e+00
   4.8605724e-01   1.8489298e+00
  -7.3169300e-01  -4.3330902e-01
   1.2955245e+00   1.0506818e+00
  -2.7832060e-01  -3.1865922e-01
   1.3162960e+00   1.4099410e+00
   1.0011131e+00   1.5083350e+00
   1.5691844e-01  -1.5513208e-01
  -5.5542892e-01  -7.4148709e-01
  -9.1691328e-02  -2.1332352e-01
  -3.8182236e-01   1.4504377e-01
   3.3966251e-01   2.0205890e+00
  -3.0664779e-03  -1.3195083e-01
  -6.0744323e-02  -3.7609923e-01
  -1.3583832e+00  -1.4587090e+00
  -1.4380986e-01  -3.8636883e-01
  -1.1180871e+00  -6.9681795e-01
   1.2485404e+00   5.4785310e-01
  -3.0217487e-01   1.7242428e-01
   1.6790697e-01   1.0653522e-02
  -3.1002099e-01   2.7719126e+00
   1.2250936e+00   7.6962411e-01
  -3.9207977e-01  -6.7146510e-01
   1.4518529e+00   1.0682762e+00
  -1.1977412e+00  -5.1243293e-01
  -8.5112145e-01  -7.9103251e-01
  -2.1807283e+00  -2.3965351e+00
   1.1643304e+00   1.0117550e+00
   6.8655408e-01   7.7448557e-02
   6.4768049e-01   1.5227232e-01
  -1.5741918e+00  -1.0959925e+00
  -1.6595529e+00  -1.5436549e+00
  -5.2931559e-01  -7.7131777e-01
  -4.3949961e-01  -5.7735140e-01
  -1.5912817e+00  -9.9313968e-01
   1.3628432e+00   1.1476166e+00
  -1.5286289e+00  -1.4588341e+00
  -2.0269827e+00  -1.5208717e+00
   9.6664371e-01   8.8383212e-01
   3.0190742e-01   7.9507609e-02
  -4.5605421e-01  -3.3659501e-01
   1.1659709e+00   1.2477990e+00
   1.1202150e+00   7.2186847e-01
   9.4528579e-01   8.2435501e-01
  -1.3148319e+00  -8.7222912e-01
   2.5002601e-01   4.8528531e-01
   4.0141711e-01  -2.6344020e-01
  -1.0011593e+00  -3.3201640e-01
   9.4111191e-01   4.8589574e-01
   1.0494026e+00   4.2379841e-01
  -1.1302268e+00  -1.3188983e+00
   7.3281103e-01   6.2906422e-01
  -1.2240609e+00  -1.0898192e+00
   1.3577532e+00   1.1468560e+00
   9.1357410e-02   9.6834474e-02
  -7.7388399e-01  -1.8252485e-01
   7.1690918e-01   4.6229335e-01
  -2.0963829e+00  -2.6970500e+00
   7.6536442e-01   1.5406960e-01
  -1.1128377e+00  -7.1477010e-01
  -1.9239726e-01  -3.7291874e-01
   3.7933633e-01   5.7761703e-01
  -1.0919229e+00  -8.9913870e-01
   5.3758170e-01   3.1978403e-01
   1.4568739e+00   1.8693417e+00
  -7.3875779e-01  -5.3766750e-01
   1.4178875e+00   1.1971104e+00
  -1.5073565e+00  -9.6565371e-01
   1.0554991e+00   1.8838883e-01
   1.0795021e+00   7.1971320e-01
   9.1600785e-01   8.5011567e-01
   5.9573082e-01   6.2857588e-01
  -7.3126427e-01  -1.2621120e+00
   1.6351910e-01   1.9874524e+00
  -1.5166844e+00  -1.3203322e+00
  -1.5568133e+00  -1.5047057e+00
  -5.2807842e-01  -7.4107166e-01
  -1.4053638e+00  -1.6362125e+00
   2.8632587e-01  -2.6555868e-01
   1.1363916e+00   1.4431236e+00
   9.2443943e-01   1.3433805e+00
  -2.0807724e+00  -2.0352661e+00
   9.0735034e-01   1.2235214e+00
   7.6658044e-01  -5.1870871e-02
  -3.6728474e-01  -2.7092871e-01
   1.4638106e-01   2.7817726e-01
   4.2306748e-01   3.8483567e-01
  -4.6053863e-02  -3.7461524e-01
   8.1369325e-01   8.0163288e-02
  -1.5563201e+00  -8.7878226e-01
  -5.0041489e-01   2.4514844e-01
  -3.4866158e-01   2.4157394e+00
  -3.7942076e-01  -1.1817840e-02
   1.2502448e+00   7.5119193e-01
  -1.0071480e-01  -1.8056654e-01
   1.2285081e+00   9.0039454e-01
   9.8233857e-01   1.2046252e+00
   1.1107619e+00   4.2657325e-01
  -2.7729172e+00  -3.0888843e+00
   6.8928912e-01   1.4573963e+00
   4.4730935e-01   1.5526204e-02
   1.1415874e+00   5.8032715e-01
   1.3432094e+00   1.2716082e+00
  -9.0239997e-01  -2.9527082e-01
   4.2794140e-01   1.7580862e+00
   1.0700271e-01   2.8795214e-01
  -1.3539472e+00  -1.0050977e+00
   1.0084034e+00   4.6833099e-01
   5.6573041e-01   5.5595988e-02
   1.4532997e+00   1.5727865e+00
  -1.3498799e+00  -1.0179434e+00
  -1.6409000e-01  -5.3478795e-01
   1.4369166e+00   1.2484416e+00
   5.7595595e-02   1.3954929e-01
   1.0527045e+00   1.3110542e+00
   1.1380885e+00   3.1564027e-01
  -8.1964852e-01  -3.1237361e-01
  -1.4588588e+00  -1.3600756e+00
  -9.8151934e-01  -4.1071251e-01
  -8.4072205e-01  -4.4056533e-01
   1.0544359e-01  -2.4913269e-01
   1.5318559e-01   1.1799835e-01
   8.9161202e-01   1.5065162e+00
   6.2500224e-01   5.4001250e-01
  -8.4157239e-01  -8.5811574e-01
   1.1071883e+00   1.1952627e+00
  -2.8843970e-01  -4.2700657e-01
  -7.7238274e-01  -1.1896908e+00
   8.6100705e-01   1.1441952e+00
  -9.7181648e-01  -6.3748240e-01
  -4.2128909e-01  -6.4097441e-01
   1.2602823e+00   1.4309540e+00
  -1.7787285e+00  -2.2285861e+00
   6.7612739e-01   1.6473814e+00
  -1.3177060e+00  -9.7895584e-01
  -1.0186582e+00  -8.4435425e-01
   1.4549084e+00   7.1280392e-01
   9.0974752e-01   4.4006872e-01
  -1.1398229e+00  -5.7250048e-01
   1.0238903e+00   6.9433258e-01
  -1.2289044e+00  -6.4811425e-01
   8.6314510e-01  -1.0266797e-01
   1.2115242e+00   8.5690748e-01
   1.3392046e+00   1.4201679e+00
   1.0676575e+00   1.2617745e+00
   7.8332253e-01   1.3016803e+00
   6.3716306e-01   1.7716252e-01
  -9.0973384e-01  -9.1724247e-01
   1.0399624e+00   1.7690218e+00
   1.0842040e+00   1.7125506e+00
  -1.8406765e+00  -1.8947616e+00
  -9.6270941e-01  -1.2247556e+00
   4.4733772e-01   8.2978850e-01
   7.7107285e-01   4.1372968e-01
  -7.5831254e-01  -3.9978520e-01
  -1.1447889e+00  -6.6902493e-01
   1.2624816e+00   1.2696475e+00
  -8.1118535e-01  -6.9448111e-01
  -4.6335603e-01  -5.6885141e-01
  -1.8296933e+00  -9.8028033e-01
   5.7956934e-01   3.8009430e-01
   1.8259164e-01  -8.2676647e-02
   6.0958447e-01   1.9067344e+00
   7.3880665e-01   4.0394891e-01
  -1.4502763e+00  -1.0617334e+00
   1.1956983e-01  -4.2460745e-01
   1.1496572e+00   9.0079462e-01
   6.5469915e-01   1.3690835e+00
   1.4961178e-01  -2.6651915e-01
  -1.8315088e+00  -1.1839327e+00
   1.1306356e+00   6.6918462e-01
  -2.3616200e+00  -2.4005251e+00
   6.0476313e-01   1.2206159e+00
  -8.5038945e-01  -1.1218357e+00
  -9.9647875e-01  -9.5748084e-01
  -1.6521525e+00  -1.4584721e+00
  -1.2075090e+00  -5.3557232e-01
   8.2428557e-01   1.2524346e+00
  -1.2969522e+00  -1.3566154e+00
  -2.5515264e-01  -2.2349956e-01
   5.2636672e-02   1.1069159e-01
  -6.1660014e-01  -5.5474372e-01
  -1.3208865e+00  -8.3761781e-01
  -7.7987200e-01  -7.6087559e-01
   1.4731937e+00   8.5077306e-01
  -1.3007294e+00  -1.5006452e+00
  -6.8166386e-01  -5.4115569e-01
   6.2009229e-01  -5.1190278e-01
  -6.6914766e-01  -2.1521651e-01
   1.5123173e+00   5.1740184e-01
   2.7736145e-02  -2.2141281e-01
  -3.7662812e-01  -2.8076233e-01
  -1.5139645e-01   4.5491401e-02
   1.0086389e+00   7.6500305e-01
   8.3950920e-01   1.5789292e+00
   4.1476166e-01   2.7374246e-01
   1.1065349e+00   5.4637234e-01
  -1.1638727e+00  -1.0279451e+00
  -3.9548926e-01   3.6797593e-03
   5.2040741e-01  -8.5523805e-02
  -5.4342240e-01  -2.7033759e-01
   2.5345918e-01  -4.8942516e-01
  -3.7247272e-01  -8.6514036e-02
   5.9243591e-01   1.8579444e-02
   4.1931772e-01  -3.3814631e-01
   1.5063912e-01  -2.9357390e-01
  -3.7509165e-01   2.8324599e-01
  -1.3748528e-01  -3.3924507e-01
  -8.2129390e-01  -9.5186658e-01
  -9.5196118e-01  -5.0677783e-01
   1.1612282e+00   8.4198614e-01
   1.2933332e+00   7.6129860e-01
   1.4468282e+00   1.1653559e+00
  -1.8410567e+00  -1.5739030e+00
   1.0767244e+00   7.9682079e-01
  -9.9473448e-01  -8.6897052e-01
   6.0191829e-01   1.9073585e+00
  -1.6277808e+00  -1.5344713e+00
   8.8529244e-01   1.8366210e+00
  -1.0211111e+00  -5.6434072e-01
   3.8681519e-01  -1.0855936e-02
   8.2456684e-01   4.9837386e-01
  -1.0290349e+00  -5.2420023e-01
  -4.2370614e-01  -7.5738993e-01
   1.2551994e+00   6.4735807e-01
   6.9821236e-01   1.1323398e-01
  -9.5825168e-01  -3.9871062e-01
   6.4696639e-01   1.8548674e-01
  -2.7543485e+00  -2.7974241e+00
   1.0663822e+00   1.5209765e+00
   8.4786131e-01   1.4018515e+00
   6.2421288e-01   2.1607892e-01
  -4.2565971e-02  -2.9965704e-01
   1.4435172e+00   1.5609786e+00
   1.4114760e+00   1.0202229e+00
   2.1324196e-01   3.6633441e-02
  -1.7939833e+00  -2.0605189e+00
   6.9666003e-01   1.5276119e+00
   1.0881214e+00   3.4076432e-01
   1.1470927e+00   8.4979562e-01
   7.6254989e-01   6.3307026e-01
   9.2184085e-01   5.3542608e-01
   1.3101538e+00   5.6319374e-01
  -1.7171947e+00  -1.3386439e+00
   1.3061248e-01   1.5437668e+00
   8.4539867e-02   2.9342200e+00
   1.3402533e+00   1.2500058e+00
  -1.1446488e+00  -5.8451959e-01
  -5.4494064e-01  -7.2914787e-01
   6.4620887e-01   1.7800589e+00
   2.8672814e-01   2.7608283e-02
  -1.1841025e+00  -1.5746603e+00
   8.8332421e-01   8.3063323e-01
   9.7963710e-01   1.1888474e+00
   1.0372790e+00   5.5477681e-01
   4.8150208e-01   3.4106541e-01
   1.1295829e+00   1.6636133e-01
  -1.1750698e+00  -1.1250897e+00
  -6.1464389e-01  -7.4278269e-01
   9.1136396e-01   4.1200999e-01
  -5.3709174e-01  -7.0374602e-01
  -1.6531342e+00  -1.0548884e+00
   9.7139349e-01   1.4648338e+00
   1.1136877e+00   1.0658475e+00
   1.9610097e-01   1.6247766e-01
   4.6873123e-01   1.7191672e+00
   2.9635386e-01   1.5973224e-01
   1.5150435e-03  -1.6458943e-01
   2.7805076e-01  -3.9016109e-02
  -6.2636179e-01  -2.5665115e-01
  -4.9604904e-01  -6.3865975e-01
  -8.7468697e-02   8.4673818e-02
   5.2187804e-01   3.3043754e-02
   7.1366653e-01   4.6337947e-01
  -1.8050106e-01  -2.0302460e-01
   9.6614394e-01   8.5125706e-01
  -1.0384171e+00  -3.9567120e-01
   6.4954934e-01   2.9212966e-02
  -2.4496416e+00  -2.9375104e+00
   7.4189964e-01   1.5777908e+00
  -8.4924344e-01  -4.8684828e-01
  -1.5035193e+00  -1.6096225e+00
  -1.0876684e+00  -8.9117224e-01
  -1.1634675e+00  -3.7448337e-01
   1.0533482e+00   1.3153987e+00
   1.7970676e+00   7.9724839e-01
  -2.7861869e-01  -9.3010835e-01
  -2.6965246e+00  -3.8855195e+00
   1.2898361e+00   7.4316727e-01
   5.8331911e-01   4.6446026e-01
  -7.8885496e-01  -7.7993407e-01
  -1.3283591e+00  -1.2537171e+00
  -4.3239916e-01  -4.3623434e-01
   1.3052191e+00   1.3519607e+00
  -5.9302539e-01  -1.7806382e-01
  -1.9814250e+00  -2.6578177e+00
  -1.3425176e+00  -1.3492036e+00
   4.8743448e-01   1.9826385e+00
   1.0439494e+00   3.7081129e-01
   1.1529176e+00   1.4495782e-01
   1.3558608e+00   1.0552795e+00
   5.9777854e-02  -2.2755982e-01
  -5.5725765e-01  -7.6534836e-01
   9.6613593e-01   5.7874199e-01
   1.2536659e+00   1.0107345e+00
   7.9940710e-01   1.8296409e+00
   1.0182516e+00   1.0155392e-01
   2.0493932e-02   2.6225687e+00
  -6.4771646e-02  -5.3887637e-02
  -1.1870316e+00  -7.2236872e-01
   2.6125549e-01  -2.2889542e-01
  -5.4640909e-01  -2.5985520e-01
   7.8361923e-01   3.2755152e-01
  -5.4419208e-01  -2.9970841e-01
   9.9411342e-01   7.0163650e-01
  -1.2749306e+00  -1.5605180e+00
   1.3608780e+00   1.5907680e+00
   1.2789325e+00   1.1720573e+00
  -4.6315562e-01  -5.7104191e-01
   9.8991770e-01   5.0964169e-01
  -1.3702820e+00  -9.6460296e-01
  -5.4636669e-01  -2.9125477e-01
  -1.6133874e+00  -1.1940746e+00
  -1.4530102e+00  -6.7337666e-01
   9.3485328e-01   1.6295886e+00
   1.3311452e+00   1.3981220e+00
  -2.5266239e+00  -2.3734543e+00
  -3.7175912e-01  -1.1506347e-01
  -1.1571146e+00  -1.0517040e+00
   1.1768262e+00   8.2956761e-01
  -1.0666991e+00  -1.1632132e+00
  -7.0075402e-02  -2.9214404e-01
   1.2375076e+00   2.6248241e-01
  -1.1587885e+00  -9.9148625e-01
  -1.4685011e+00  -1.4664039e+00
   7.4326943e-02   1.9930698e-01
   5.7934874e-01  -1.2988594e-01
   1.0701181e+00   1.0788745e+00
   9.6994508e-01   1.1551524e+00
   3.6489316e-01   1.9233119e+00
  -1.2210921e+00  -5.1472873e-01
   1.0247434e+00   3.0959240e-01
   1.4302896e+00   9.6723717e-01
  -1.2086979e+00  -8.8234508e-01
  -5.6638167e-01   8.3206096e-02
  -7.9528167e-02  -7.8081201e-02
  -1.2416043e+00  -1.0974970e+00
   2.6223335e-01  -4.9506501e-02
  -1.0782564e+00  -1.1968809e+00
   4.1619212e-01   1.3790465e-01
  -1.1691017e+00  -8.4234253e-01
  -1.0463490e+00  -5.7257943e-01
  -1.1017739e+00  -3.2155531e-01
  -1.0504513e+00  -1.0147545e+00
   9.1907039e-01   1.2400280e+00
   6.4818554e-01  -3.0026232e-02
   1.1647613e+00   1.7726421e+00
  -1.7362962e-01  -5.2481394e-01
  -8.7831169e-01  -8.6498927e-01
   9.3496011e-01   7.0447954e-01
   9.3030997e-01   1.0001220e+00
   8.2094220e-01   6.2207203e-01
  -5.4917041e-01   1.8328582e-01
  -1.6486173e-01  -5.5301188e-01
   7.9280862e-01   1.5799892e-01
  -1.4321281e+00  -1.0858432e+00
  -2.9595725e+00  -3.0783966e+00
