  -1.4584208e+00   1.7705983e+00
   4.8911356e-01  -6.6766369e-01
  -6.1548442e-01   1.9349631e-01
   2.2085697e-01  -1.2925093e-01
  -6.2834336e-01   4.6781117e-01
   6.9585976e-01  -2.6852763e-01
   2.7988786e+00  -2.4514236e+00
  -6.5539176e-01   5.9619663e-01
   5.5979416e-01  -7.7184986e-01
   9.9975390e-02   4.1880152e-01
   1.7150279e+00  -1.6513946e+00
  -3.8618420e-01   6.3444291e-01
   1.3922910e-01  -5.4772212e-01
  -2.9786287e-01   1.1608629e+00
   1.0407805e+00  -1.2701230e+00
   4.5417411e-01  -5.8686878e-01
  -1.6543221e+00   1.6616318e+00
  -1.4430962e+00   1.3272421e+00
  -1.4622843e+00   1.5297940e+00
  -6.8004504e-01   5.5125771e-01
  -1.8332199e+00   2.0125260e+00
   1.8991172e+00  -1.7685185e+00
   2.3755766e-01  -5.8778606e-01
   1.2546079e+00  -1.4423803e+00
   5.2481057e-02  -2.0098415e-01
  -1.1109494e-02   1.4226470e-02
  -1.2247924e+00   9.5491625e-01
  -1.3966022e+00   1.2049593e+00
  -6.5875881e-01   3.1726711e-01
   2.4543352e-01  -5.1659917e-01
   1.3748237e-01  -2.2573090e-01
   2.7781383e-01  -4.9578738e-01
  -1.6871207e-01   4.5645237e-01
  -2.3332228e-02  -3.4763079e-01
  -3.9875434e-01   2.4780448e-01
  -6.6488402e-01   4.1499289e-01
  -5.1131383e-01   4.2646587e-01
  -1.6420962e+00   1.9116788e+00
   9.5133342e-01  -1.2641737e+00
   4.5787424e-02  -2.5076936e-01
  -2.6166395e-01   5.3155996e-01
  -4.5858955e-01   5.2373542e-01
  -4.1786984e-01   4.0531449e-01
   5.6104057e-01  -6.6941753e-01
   4.0508710e-01  -3.2157816e-01
   1.6021883e+00  -1.0020221e+00
   1.2963399e+00  -8.3899918e-01
  -3.7975234e-01   2.5478997e-01
  -3.6553600e-01   1.0394620e+00
  -1.0048347e-01  -1.0911178e-01
   1.2823896e+00  -1.0697863e+00
  -8.0659423e-01   2.9694710e-01
   4.0796988e-02  -2.6329358e-01
  -2.7345795e-01  -8.6575820e-02
  -8.4857645e-01   8.7263667e-01
  -1.0255096e+00   9.2766840e-01
   3.6009875e+00  -3.2061540e+00
  -1.2863968e+00   1.5612945e+00
   6.3513917e-01  -8.5029692e-01
   1.3334142e+00  -9.3517929e-01
   8.3907926e-01  -7.1272901e-01
   1.8936275e+00  -1.7774989e+00
   8.4762725e-01  -5.3381544e-01
  -2.0683614e-01   3.4508177e-01
   9.5996982e-01  -8.8777751e-01
   4.6748477e-01  -6.5262327e-01
  -6.2366522e-01   1.3893449e+00
  -7.0747025e-01   6.9674536e-01
  -4.8661475e-01   5.3163323e-01
  -6.5814457e-01   2.6066398e-01
   1.0507006e-01  -3.4598537e-01
   1.1170050e+00  -1.1068616e+00
  -2.0846881e-01   1.2645474e-02
  -4.7347768e-01   4.7088045e-01
   6.5175152e-02   1.4916972e-02
  -1.2815642e-01  -2.9979227e-01
  -3.2577995e-01   4.0033277e-01
  -4.0699912e-01   1.3484664e-01
  -9.7752117e-01   1.0020925e+00
  -6.0883519e-01   4.1660911e-01
   1.1539337e+00  -1.1780425e+00
   8.1322492e-02  -1.6867475e-01
   1.2348389e-01  -5.3880366e-01
   7.9484288e-02   4.2145995e-02
   4.2578120e-01  -4.4129341e-01
  -7.1047002e-01   5.5177651e-01
  -2.9269635e-01   3.2577505e-01
   8.1518871e-01  -3.5431333e-01
   8.4978908e-01  -7.0160997e-01
   1.5581130e-01  -3.6970633e-01
  -6.5177146e-01   7.4392858e-01
   6.3021035e-01  -6.7142899e-01
  -7.6395190e-01   5.8213138e-01
   1.5457300e-01   3.7585710e-02
  -7.4137277e-01   5.8919559e-01
   8.6133484e-01  -7.6334312e-01
  -1.6919579e+00   1.7132360e+00
   2.8885457e-01  -5.3002426e-01
  -6.5386898e-01   5.8307817e-01
   1.9086936e+00  -1.9199628e+00
  -6.6747481e-01   8.1562244e-01
  -3.0207915e-01  -2.2217482e-03
   1.7417399e-01  -6.3673522e-02
  -4.8168458e-02  -3.2075347e-01
  -5.8291850e-02  -2.5061315e-01
  -1.0562759e+00   9.5910944e-01
   1.6167271e+00  -1.8075096e+00
  -8.4525889e-01   7.4289411e-01
  -2.2357780e-01   1.0280017e-01
   1.3205631e+00  -1.2603861e+00
   7.4598057e-01  -7.5828386e-01
  -1.4256529e+00   1.3789426e+00
   1.6926005e+00  -1.6817830e+00
   1.3677329e+00  -1.2026886e+00
   6.9157325e-01  -2.6362879e-01
   4.8252541e-01  -8.0028640e-01
   2.1060726e+00  -2.1055878e+00
  -1.1322717e+00   8.8466505e-01
   6.9479398e-01  -8.1695736e-01
  -7.3189568e-01   7.3886736e-01
  -3.3847534e-01   2.1098143e-01
  -1.3366413e+00   9.4468927e-01
  -1.6817952e+00   1.9518723e+00
   9.7724354e-01  -1.2807698e+00
  -4.4548360e-01  -8.4338084e-02
  -1.4468836e+00   9.9630009e-01
   9.4330417e-01  -1.1362538e+00
  -1.1597730e+00   8.0188121e-01
  -7.2732450e-01   1.3252323e+00
  -1.2563157e+00   1.8116483e+00
   5.6108523e-01  -1.0142840e+00
  -5.9116102e-01   6.2371125e-01
  -3.9894698e-01   4.6233509e-01
  -5.0527917e-01   6.3355004e-01
  -1.3589804e-01  -6.3189288e-02
  -1.9670931e-01   1.1341642e-01
   1.0303150e+00  -1.1786902e+00
  -4.7343553e-01   3.0858246e-01
  -6.6389692e-01   3.2991308e-01
   3.0761194e-01   2.5969346e-01
  -1.7122057e+00   1.8621717e+00
   7.2356873e-01  -7.9195044e-01
  -7.2837536e-01   4.4859403e-01
   2.5205771e+00  -2.2851974e+00
  -6.9197016e-01   3.9976471e-01
   5.4080963e-01  -9.0327800e-01
  -9.5875013e-01   7.4013866e-01
  -2.0404713e-01  -1.2187079e-02
   1.7642571e-01  -3.8416787e-01
   7.4056169e-01  -4.4088982e-01
  -7.5730300e-01   7.2067468e-01
   8.4703424e-01  -9.4730568e-01
  -1.1418502e-01   8.5589171e-02
   1.4288845e-01  -3.5618579e-01
   4.1088967e-01  -5.7736324e-01
  -1.0853303e+00   6.7665688e-01
   1.4415913e+00  -1.3852391e+00
   1.3834759e-01  -2.6652108e-01
   3.9567588e-01  -1.7258891e-02
   6.9694230e-01  -9.6591992e-01
  -8.2537683e-01   1.2430368e+00
  -5.4671962e-01   3.0450832e-01
   1.1620093e+00  -6.8565150e-01
   1.5494831e+00  -1.4769251e+00
  -4.3453656e-01   4.3002936e-01
  -7.0229706e-01   6.1916177e-01
  -7.0457964e-01   4.9389429e-01
  -3.5520768e-01   2.6595161e-01
   8.8294246e-01  -1.0428169e+00
  -5.9829596e-01   6.3175455e-01
  -2.9579269e-01   5.7791377e-02
   1.6792037e+00  -1.7189138e+00
  -3.0002910e-01   3.8522843e-01
   4.7754984e-01  -6.5105302e-01
   7.9606765e-01  -9.5601839e-01
   8.0658047e-01  -9.1012027e-01
  -3.7072238e-01  -4.9438760e-02
  -4.6582489e-01   3.5136744e-01
  -1.5301376e-01   1.5641479e-01
   3.4827694e-01  -3.9223617e-01
   2.4123566e-01  -2.7562202e-01
   5.4529495e-01  -7.1844033e-01
   1.4002478e+00  -1.3114927e+00
   9.2358946e-01  -1.1699797e+00
  -2.9226721e-01  -1.2351357e-02
  -1.2371157e+00   1.0342100e+00
   5.5492565e-01  -7.1679753e-01
  -1.4594270e+00   1.9018841e+00
  -1.9404558e+00   2.5788702e+00
   1.0916209e+00  -1.1337521e+00
   7.2387506e-01  -6.4500485e-01
  -1.2503204e+00   1.5347143e+00
  -7.3194781e-01   6.4627907e-01
  -2.6056188e-01   8.5119134e-02
  -1.4276255e+00   1.2671803e+00
  -4.2045342e-01   2.2081170e-01
  -1.2191154e+00   1.2115110e+00
   2.0155045e-01  -2.5547312e-01
  -1.0575125e+00   9.0174398e-01
  -3.1551668e-01   2.0615973e-01
   1.2698791e-01  -4.1735203e-01
   5.4503644e-01  -1.0372600e+00
   8.4668914e-01  -9.9544702e-01
   1.2303802e+00  -1.2176084e+00
  -9.5725819e-01   5.3847028e-01
  -8.5636618e-01   4.7345092e-01
   6.5940705e-01  -3.7372387e-01
   7.7568711e-01  -7.2881833e-01
   2.2810469e-01   2.7521811e-01
  -2.9217105e-02  -1.9550717e-01
  -1.2926277e+00   1.0565490e+00
  -8.2451930e-01   4.6687015e-01
  -1.0077346e+00   9.0431572e-01
  -9.7014875e-01   9.3333008e-01
   3.6850061e-01  -5.2036944e-01
   1.3132874e-01  -1.2647953e-01
  -5.0309967e-01   2.4137243e-01
   3.8012095e-01  -5.9365509e-01
  -3.4708811e-01   3.5735759e-01
   1.2589956e+00  -8.0552270e-01
   4.1616284e-01  -3.4046440e-01
   2.0372132e-01  -2.3048319e-01
   6.8806603e-01  -1.0532554e+00
   1.4875620e+00  -1.2635706e+00
   9.6019413e-01  -5.7427187e-01
  -9.4124123e-01   1.5907968e+00
  -3.9096568e-01   2.5753307e-01
  -2.8178642e-01  -1.0787482e-01
  -6.7654316e-01   8.3939364e-01
  -1.2268131e+00   2.3026479e+00
   2.6567737e+00  -2.6416150e+00
   6.7461579e-02  -6.9954531e-02
  -6.2445240e-01   6.1915165e-01
  -1.0332611e+00   4.1340388e-01
  -7.9460129e-01   4.1529437e-01
  -6.1561305e-02   4.2266249e-02
  -4.9665094e-01   5.3578797e-01
   5.0773607e-01  -3.7653241e-01
  -5.4150754e-01   1.7454023e-01
   1.1904709e-01   2.7118992e-01
   1.1282274e+00  -1.1276924e+00
  -4.2320391e-01   3.7068350e-01
  -6.0908978e-01   4.2064996e-01
   2.4139561e+00  -2.1713173e+00
  -3.3280212e-03   7.8032713e-02
  -1.3404992e+00   1.4056846e+00
   2.1499270e+00  -1.8295633e+00
  -1.6156600e-01  -4.6820919e-02
  -1.0557619e+00   8.2329159e-01
   2.2026675e+00  -1.7494774e+00
  -1.9439389e+00   2.2064972e+00
  -1.3713292e+00   1.6945692e+00
   5.4792478e-01  -2.5388663e-01
   7.0221361e-01  -3.2412517e-01
   4.3349527e-01  -6.6003478e-01
  -1.5332765e-01   3.3091459e-02
  -8.8132977e-01   7.5133267e-01
  -1.8164164e+00   1.9338509e+00
  -1.7934420e+00   1.7163498e+00
   3.6013980e-01  -3.0138056e-01
  -2.8034566e-01   3.0008124e-01
  -2.7033072e-01   3.3137974e-01
   2.4995498e+00  -1.8507272e+00
  -7.0445491e-01   5.3028929e-01
  -1.6061417e+00   1.7079323e+00
   1.2440346e+00  -9.5964821e-01
  -3.2177370e-01  -2.0391149e-02
  -1.9673593e-02   5.0151970e-02
   2.6393303e+00  -2.1362605e+00
  -7.3035384e-02   5.0971346e-02
   5.0277599e-01  -3.7360576e-01
   1.5955518e+00  -1.1280811e+00
  -1.0585954e+00   8.4209630e-01
  -3.1448710e-01   1.2468076e-01
  -2.3781009e-01   3.1021973e-01
  -1.7756361e+00   2.3653310e+00
  -3.6076337e-01   2.5578897e-01
  -5.7645551e-01   4.0763437e-01
   1.7145747e+00  -1.7742734e+00
   1.6588681e+00  -1.3867581e+00
   9.3489243e-01  -1.1653255e+00
  -3.7350104e-02  -2.3100740e-01
   1.1027172e+00  -1.1397472e+00
  -1.2464120e+00   1.0982975e+00
   2.2613622e-01  -4.8588595e-01
  -9.6360235e-01   7.1087047e-01
   7.3728842e-01  -7.0210080e-01
  -6.8434315e-01   8.0671073e-01
  -9.9487548e-01   6.7286138e-01
  -3.8347478e-01   3.1523325e-01
   8.9707818e-01  -8.6813676e-01
  -4.1015675e-01  -1.2926174e-02
   5.5919150e-01  -6.9929246e-01
   5.6656333e-02  -1.0079738e-01
  -8.5883077e-01   7.9084092e-01
  -1.0668743e+00   9.0608198e-01
  -1.3019656e+00   1.1497563e+00
   7.0071265e-01  -7.0132408e-01
   2.3505648e+00  -2.2152527e+00
  -5.8434357e-01   4.3079344e-01
   2.2643764e+00  -1.7320335e+00
   2.6094524e+00  -2.0108474e+00
   1.0589448e+00  -1.2597617e+00
  -6.9747613e-01   5.7347652e-01
   1.1393397e+00  -1.1098365e+00
   2.3167962e-01  -5.4390629e-01
   9.0245859e-01  -1.1735426e+00
  -7.5466841e-01   7.7228166e-01
  -1.6421280e+00   1.7629726e+00
  -9.3384499e-01   1.0082230e+00
  -5.2822378e-01   1.0189884e+00
  -5.3094438e-01   3.4656545e-01
   5.5452659e-01  -6.2553718e-01
  -4.8070371e-01   4.9051310e-01
   4.4565817e-02   3.4661559e-01
   4.4879601e-01  -2.2217181e-01
   2.2058213e+00  -1.4835960e+00
  -3.9374995e-01   3.2944221e-02
   9.2887700e-01  -7.9883274e-01
   1.8940783e-01   1.8489573e-02
  -8.2208899e-01   1.1197843e+00
   1.1606884e-01   3.4331235e-01
  -1.2281240e-01   1.4261476e-01
  -1.5382028e+00   1.6847397e+00
  -5.6653126e-01   5.1353247e-03
   2.4110823e-01   4.5839706e-01
  -3.1586029e-01   4.9135683e-01
   2.3114866e-02  -6.6609720e-01
  -2.7675162e-01   4.5322853e-01
   6.7918716e-01  -8.3231698e-01
   9.8532786e-01  -4.9480263e-01
  -4.7687084e-01   2.3373385e-01
  -1.1394727e+00   7.4005395e-01
   1.1829191e-01  -1.3123691e-01
  -2.0791156e+00   2.3498093e+00
   1.9162744e+00  -1.3020159e+00
  -2.0893468e-01   1.5240953e-01
   2.7754627e-01  -1.6485462e-01
  -1.4486364e+00   1.3289496e+00
   1.7725464e+00  -1.5162178e+00
   2.1210042e-01  -5.8725647e-01
   1.5163464e+00  -1.2202143e+00
   1.2062228e+00  -1.0655472e+00
  -1.8138449e+00   1.8818060e+00
  -9.2545770e-01   4.4579567e-01
   1.4613534e-02   4.2855844e-02
   2.2883463e-01  -4.6788767e-01
   7.5122954e-01  -1.0092472e+00
   1.6712851e+00  -1.7238715e+00
   6.0452617e-01  -7.4363464e-01
  -8.6660535e-01   7.1968351e-01
   2.2669117e+00  -2.1515549e+00
  -1.2557841e+00   1.2934398e+00
  -7.7166470e-01   5.0224876e-01
  -2.1127126e+00   2.3379633e+00
  -9.6003118e-01   1.0800042e+00
  -1.2520834e+00   1.3296272e+00
  -3.0673312e-01   9.7864025e-02
   1.5352792e-01   1.4005030e-01
  -1.5143073e-01  -4.5844772e-01
   2.2995689e-01  -2.2800713e-02
  -1.4915924e-01   8.0596502e-06
  -1.6267116e+00   1.9734683e+00
  -1.2076915e+00   1.1011893e+00
  -1.2319572e+00   1.2599117e+00
   6.9230376e-01  -9.0268723e-01
  -3.7927412e-01   9.5317766e-01
   3.6505579e-01  -6.6531191e-02
  -7.7201305e-01   1.2163026e+00
  -1.3689059e+00   1.0662034e+00
  -6.2465220e-01   2.3227503e-01
   1.5052717e+00  -1.4904865e+00
   3.4413165e-01  -6.2865011e-01
  -1.3736629e+00   1.0070409e+00
  -2.0359421e-01   7.5881672e-02
   1.2316733e+00  -1.2925137e+00
  -5.3317415e-01   5.8414121e-01
  -1.3581069e+00   2.4167036e+00
   1.0074024e+00  -7.3262675e-01
  -1.0196619e+00   9.0943620e-01
  -5.7516118e-01   9.6346501e-01
   2.2435305e+00  -1.8378331e+00
   1.6790467e+00  -1.5115624e+00
  -8.3316593e-01   6.8215922e-01
   2.1725769e-01  -2.3303502e-01
   1.6936749e+00  -1.8624117e+00
   2.0246487e+00  -2.0130675e+00
  -7.3723746e-01   5.7098683e-01
   1.8888926e+00  -1.7265669e+00
  -1.3015388e+00   1.3084975e+00
   6.7526877e-01  -9.0441181e-01
  -1.1155169e+00   1.0829557e+00
  -2.3507690e-01   4.4030674e-02
  -9.0342066e-01   6.9283094e-01
  -8.4257079e-01   4.0287268e-01
  -4.2060668e-01   1.4890534e-01
   4.6514801e-01  -8.7602292e-01
  -9.0311067e-01   7.3377738e-01
  -1.1852217e+00   1.0427936e+00
  -2.9694287e-01   8.7000416e-01
  -1.4355526e+00   1.8534169e+00
   6.4794825e-01  -6.3365234e-03
  -5.7816331e-01   4.5688664e-01
   1.1817198e+00  -1.2686093e+00
  -1.0845298e+00   9.3591020e-01
  -9.6614535e-01   4.2274658e-01
  -5.1901055e-01   1.1951410e-01
   7.0577072e-01  -8.5762714e-01
  -1.1416484e+00   1.0713452e+00
   5.6467359e-01  -8.2203615e-02
   6.3661418e-01  -4.2660497e-01
   9.7215609e-01  -8.1821832e-01
   2.1409477e-01  -3.0525227e-01
  -7.6826244e-01   6.5442183e-01
  -3.0776209e-01   9.5315009e-03
   1.6564863e+00  -1.7159870e+00
   1.9292042e-01  -1.2224360e-01
   1.9102848e-01  -3.4709216e-01
   5.8714271e-02  -1.0035611e-01
  -1.7371834e-01   7.4898733e-01
  -1.6461940e+00   1.9381825e+00
  -1.1692743e+00   1.2103435e+00
   5.4256828e-01  -9.6195516e-01
   4.4713248e-01  -5.6500111e-01
  -1.3522672e+00   1.2767170e+00
  -1.1193718e+00   9.2285979e-01
   2.8047935e-01  -2.1131969e-01
   2.7780676e-01  -4.3018778e-01
   1.0484716e+00  -1.0789694e+00
  -1.4514510e+00   1.7162505e+00
  -3.6522096e-01   2.6283720e-01
   4.0710799e-01  -1.6028167e-01
  -1.1753973e+00   7.8230421e-01
  -8.0474015e-01   7.8819387e-01
   2.9866908e-01  -3.2584575e-01
  -1.0832296e-01   1.1732826e-01
   1.0292024e+00  -9.6434210e-01
  -1.6826338e-01   2.6335925e-02
   1.5688665e-01   2.8636671e-01
  -6.2551549e-01   6.8321320e-01
  -9.8303872e-01   8.5642931e-01
   1.1062058e+00  -1.2908843e+00
  -2.1402168e-01   4.0193709e-01
  -4.7474265e-01   2.0244940e-01
  -4.9139795e-01   3.7589988e-01
   4.9673118e-01  -4.8202196e-01
   1.5968333e-01   1.3214193e-01
  -6.8421018e-01   7.2848075e-01
   7.2344481e-01  -8.1677255e-01
   4.0510211e-01   1.7416922e-01
   1.3982199e+00  -1.6156528e+00
  -5.5059452e-01   2.3957869e-01
   6.9794816e-01  -1.0529789e+00
   7.0716258e-01  -1.1906755e+00
  -8.4828067e-01   5.8093581e-01
   1.2219630e+00  -1.3921164e+00
   2.5494654e-01   1.8141236e-01
   2.0544297e+00  -1.8899898e+00
   1.3814895e+00  -1.4932624e+00
  -1.0734081e+00   9.2059645e-01
  -1.1825633e+00   1.1568884e+00
   1.1950558e+00  -1.1218539e+00
   2.6790663e-01  -4.1560198e-01
  -6.8373262e-01   6.2549436e-01
   4.7299567e-01  -5.3051599e-01
  -8.5705427e-01   1.0948026e+00
   3.7237727e-02  -5.9170295e-02
  -7.7096860e-01   8.4154946e-01
  -2.4078253e+00   3.2008217e+00
  -1.1586428e-01   3.2249040e-02
   3.0521775e-01  -5.2611813e-01
   1.0079141e-01  -3.7828216e-02
  -3.5678864e-02  -1.2552668e-01
   9.1024106e-01  -1.0071388e+00
   2.0786855e-01  -3.9504396e-01
   1.5675856e+00  -1.8433937e+00
   4.7394792e-01  -7.4511028e-01
  -5.2822598e-01   1.6989706e-01
   1.2248338e+00  -1.4415544e+00
   1.1927942e+00  -1.5405790e+00
  -1.9947362e-01  -1.9096881e-01
   1.5257708e+00  -1.4728617e+00
  -4.1281783e-01   1.7048175e-01
  -7.9552515e-01   7.5552648e-01
   2.0301274e-01   4.3799301e-02
   1.5718504e+00  -8.6644010e-01
  -4.8400152e-01   5.0961555e-01
  -5.5992890e-01   6.3160226e-01
   1.6434744e+00  -1.4568610e+00
   1.1670750e+00  -1.4065307e+00
   2.1940333e-01  -4.8127379e-01
   3.9600495e-01  -7.2664416e-01
   3.9335014e-02  -1.5808823e-02
  -4.7859153e-01   4.9566563e-01
  -9.7934659e-01   7.1591964e-01
   1.1894749e+00  -1.3320889e+00
   5.3565994e-03  -3.7543452e-01
   7.1700049e-01  -5.0304085e-01
  -1.0266007e+00   9.5050710e-01
  -3.7020072e-01   5.8186195e-01
  -2.9800172e-01   3.3833476e-01
   2.1431563e+00  -1.9110889e+00
  -1.2839025e+00   2.1746202e+00
   1.0702494e+00  -5.8455337e-01
   1.2440377e+00  -6.6057510e-01
   4.2279633e-01  -4.6403134e-01
  -9.4752265e-01   9.6272981e-01
   1.5346952e-01  -3.7642410e-01
  -4.3296994e-01   1.5356703e-01
  -4.1250854e-01   1.0362768e-01
   9.3444507e-02  -1.9284388e-01
  -1.5104315e+00   1.6698588e+00
   2.6071243e+00  -2.2377093e+00
   4.8862715e-01  -4.9705014e-01
  -1.8462269e-01  -2.8874276e-01
   1.7223906e-01  -1.1658409e-01
  -4.5210333e-01   2.4192920e-01
  -8.8257933e-01   8.0521939e-01
   4.0707134e-01  -3.7813588e-01
  -1.1434762e+00   1.1513753e+00
   1.2058488e+00  -1.3325914e+00
  -1.3148799e+00   1.0943406e+00
   4.7406896e-01  -7.0858212e-01
  -5.6256806e-01   3.2238125e-01
   5.2209806e-01  -5.7960244e-01
   1.2188932e+00  -1.4012352e+00
   9.7414291e-02  -2.0404868e-01
  -6.0764466e-01   1.7801028e-01
   1.5225800e+00  -8.5332269e-01
  -7.6724105e-01   6.6258571e-01
  -1.2564027e+00   1.1261190e+00
   2.5884594e+00  -2.4557224e+00
   5.1813702e-01  -6.6814330e-01
  -8.2202791e-01   7.5816739e-01
  -9.7586571e-01   1.3903267e+00
   9.5661162e-01  -1.0349532e+00
   1.8912152e-01   2.2248184e-01
  -3.7601000e-01   3.0360222e-01
  -1.4101274e+00   1.5307328e+00
  -9.8213146e-01   1.1809734e+00
  -2.2134260e+00   2.8910353e+00
  -4.6403849e-02   4.5869244e-02
  -2.6792935e-01  -6.3968945e-02
  -1.2898057e+00   1.3382913e+00
   6.1822181e-01  -3.1154673e-01
  -8.8862850e-01   8.6110275e-01
  -1.5719553e-01   4.1273606e-01
   6.5750386e-01  -6.3772158e-01
   1.2578867e+00  -1.5644896e+00
   6.8666366e-02  -2.4245896e-01
  -1.5428854e+00   1.2635714e+00
   4.4185704e-02  -1.0174208e-01
   1.6402495e+00  -1.5889112e+00
  -1.4685864e+00   1.0425362e+00
  -8.3154682e-01   1.7042235e+00
   2.5247398e+00  -2.0028332e+00
   6.2668977e-02   8.5881808e-02
   1.5378113e+00  -1.4892562e+00
   1.2682667e+00  -9.5215468e-01
   5.5961287e-01  -5.4753951e-01
  -3.2647631e-01   1.0414719e-01
  -4.6074994e-01   3.5896154e-01
   3.8910446e-01   5.4935440e-02
   7.6705640e-01  -1.0486049e+00
   3.6158801e-01  -5.9368911e-01
  -1.5794192e-01   5.2735929e-02
   6.0126685e-01  -5.7012497e-01
   1.5054725e+00  -1.2310151e+00
   5.6910556e-02  -8.8502545e-02
  -1.2551163e+00   9.8819006e-01
  -1.0066052e+00   1.0550930e+00
   3.4290788e-01  -5.6352260e-01
   2.4901875e-02   7.9543656e-02
   9.2749843e-01  -6.5622976e-01
  -3.4092021e-01   2.3180006e-01
   7.5037376e-01  -5.1922475e-01
   8.3399147e-01  -7.1650152e-01
  -1.2171845e+00   1.0823668e+00
  -1.6450359e+00   2.1036331e+00
   2.8075826e-01  -4.1722418e-01
   2.0412281e+00  -1.9478575e+00
  -1.1722280e+00   1.2326485e+00
   4.2469783e-01  -4.5541526e-01
  -1.3629719e+00   1.5220922e+00
  -1.0594487e+00   1.2870526e+00
  -1.3563189e+00   1.6518902e+00
   9.6855282e-01  -1.0242692e+00
   4.4055882e-01  -4.0956903e-01
  -5.5516468e-01   6.5539773e-01
   3.2053191e-01  -2.0023858e-01
  -1.2852266e+00   1.4706351e+00
  -5.4574021e-01   3.5994960e-01
   2.7098387e-01  -4.5840012e-01
   5.6454166e-01  -6.6064737e-01
  -1.4971195e+00   1.5185397e+00
  -6.3383227e-01   8.3296425e-01
   4.9330575e-01  -4.4706487e-01
   9.0233649e-01  -8.4080152e-01
  -9.9810960e-02   2.9795311e-01
  -4.1006029e-01   3.3407041e-01
   2.1741564e-01  -3.7337134e-02
  -4.2741538e-01   3.2941924e-01
  -7.3877856e-01   4.4256296e-01
   5.7319808e-01  -1.9662275e-01
   5.5330472e-01  -7.2392850e-01
   3.0100050e-01   6.1491422e-02
   6.5837441e-01  -6.5624747e-01
   5.1166947e-01  -4.1124775e-01
   9.0601096e-01  -9.5660655e-01
  -5.6752259e-01   5.4597138e-01
   3.1308612e-01  -1.1607187e-01
   1.7773571e-01  -2.0360935e-01
  -5.5688957e-01   1.0696792e+00
  -5.4360097e-01   4.3955858e-01
   9.8647418e-01  -1.1468467e+00
   1.6407995e+00  -1.4847589e+00
  -9.7189881e-01   9.9144233e-01
  -4.1972741e-01   2.7675558e-01
  -1.1615400e+00   1.2222348e+00
   9.1454370e-01  -1.0168203e+00
  -3.7567741e-01   5.9256600e-01
  -1.4989407e-02   2.2624520e-01
  -8.8500094e-01   1.4559403e+00
  -1.8208025e+00   2.0169075e+00
  -1.3301914e+00   1.4272462e+00
  -1.3796648e+00   1.7884973e+00
  -1.3373269e+00   1.4180780e+00
   9.7557668e-02  -1.4377763e-01
  -1.9659113e+00   1.8656435e+00
  -5.9513516e-01   6.7630348e-01
  -1.7148929e+00   2.2471094e+00
  -4.7759912e-01   4.9367655e-01
  -1.8503090e+00   1.9077254e+00
  -1.2868209e+00   1.7471178e+00
  -1.7131597e-02   3.3161570e-01
  -5.9622643e-01   5.4511227e-01
  -3.8614638e-01   4.8598524e-01
  -2.8942349e-01   3.4849313e-01
  -7.9093355e-01   6.7397139e-01
   6.8503105e-01  -3.5325799e-01
   8.5333513e-01  -1.2840379e+00
  -1.2849906e+00   9.1035773e-01
  -1.5530254e+00   1.2954745e+00
  -2.2865674e-01  -3.1268752e-01
   1.0988415e+00  -1.2383382e+00
   6.4860570e-02   1.5573859e-01
   5.4758450e-01  -3.4215887e-01
  -1.0363366e+00   1.1614027e+00
  -2.1341064e-01  -9.5857105e-02
  -2.0235367e+00   2.3985149e+00
   8.6011003e-01  -9.5448323e-01
  -4.2349500e-02   1.7559454e-01
  -4.1759872e-01   4.0556647e-01
   3.5276785e-01   2.0276664e-01
  -9.8878637e-01   1.1125134e+00
  -4.7754660e-01   2.5111127e-01
   2.0155438e-01  -2.6106263e-01
   1.0987718e+00  -8.6288345e-01
  -1.4379862e+00   1.4566928e+00
  -1.9020302e+00   2.0536355e+00
   6.3601513e-01  -9.7558399e-01
  -1.3477991e-01   1.5529704e-02
   1.0290201e+00  -1.2346098e+00
  -2.2098721e-01   8.7067989e-01
   8.6298576e-03   1.9595534e-01
   9.5231030e-01  -1.4920459e+00
  -4.0550875e-01   3.0433341e-01
   2.6428106e-02  -1.6006931e-01
   1.8148699e+00  -1.3207576e+00
  -4.6792255e-01   1.1635671e+00
   5.1622048e-01  -6.8648074e-01
   1.1910480e+00  -8.1050314e-01
  -1.9672147e+00   2.5340977e+00
  -1.3042242e+00   1.1615649e+00
  -1.3208338e+00   2.1379929e+00
   3.7754187e-01  -3.2474501e-01
  -4.3748086e-02   1.6160126e-01
   3.2566753e+00  -2.9621506e+00
   9.4905223e-01  -1.0385243e+00
   6.5778562e-01  -1.0256807e+00
  -1.1583725e+00   9.9612541e-01
  -1.2574984e+00   1.2509337e+00
   6.0142879e-01  -6.9356238e-01
   3.1651847e-01  -3.4576471e-01
   8.7681329e-01  -9.0351974e-01
   2.5059481e-01  -5.0693248e-01
  -1.0255984e+00   1.2789975e+00
  -6.4025235e-01   5.7530889e-01
  -1.3053878e+00   9.9730346e-01
  -3.4345673e-01   1.0546233e+00
  -8.6582031e-01   7.6869085e-01
  -1.6385755e+00   1.4297853e+00
  -2.0006320e+00   2.3074230e+00
   6.7606763e-01  -1.0074601e+00
  -1.2389552e+00   1.2922807e+00
  -1.4074221e+00   1.6870129e+00
   1.8068824e-01  -4.2680400e-02
  -8.0666240e-01   7.5748040e-01
  -5.3826710e-01   2.5307573e-01
  -1.0563430e+00   9.7607617e-01
  -1.7032282e-01   1.2873039e-01
   8.6851931e-01  -9.2406595e-01
  -1.0200108e+00   1.0982757e+00
  -1.2144793e-01  -1.1123656e-01
  -3.9793639e-01   9.4482189e-01
   6.5021685e-01  -8.3004575e-01
  -9.1980116e-01   5.7827801e-01
   1.1067367e-01  -4.3779586e-01
   6.6383161e-01  -7.7921905e-01
   2.8050551e+00  -2.8011573e+00
  -3.5824347e-01   7.2864211e-01
  -4.5503865e-01  -7.1796913e-02
  -9.5936589e-01   1.0466571e+00
  -7.6387794e-01   3.6369145e-01
   1.3746989e+00  -1.1627533e+00
  -3.7693907e-01  -6.1409776e-02
   3.9714024e-01   8.4053378e-04
   3.9388013e-01  -7.1411495e-01
  -6.0289189e-01   9.9582307e-01
   1.8236104e+00  -1.7691800e+00
  -8.2685259e-01   8.9553884e-01
  -1.3902308e+00   1.3582140e+00
  -1.8322519e-01   2.3283991e-01
  -2.1241649e-01   1.2965418e-01
  -1.0763153e+00   1.1139912e+00
  -1.2343555e-01   2.6155671e-01
   3.3138171e-01  -4.9153560e-01
  -5.3451007e-02  -4.2265702e-01
   5.0259228e-01  -6.7258864e-01
   1.5400835e+00  -1.7475709e+00
  -7.4869989e-01   5.5949085e-01
  -5.9316760e-01   4.3243720e-01
   2.9228764e-01  -2.9945613e-01
  -4.7428399e-01   3.3736293e-01
   1.2136856e+00  -1.2063839e+00
   2.5608447e-01  -1.4220591e-01
   2.7386646e+00  -2.5234770e+00
   1.5279167e+00  -8.5996360e-01
   1.4385071e+00  -9.6303215e-01
   2.8627279e-01  -7.7101268e-01
  -7.4898324e-01   3.8876090e-01
  -4.5420794e-01   1.1670517e-01
   9.5617609e-01  -1.0477640e+00
   1.3340424e+00  -1.0795478e+00
   6.5663806e-01  -8.7411150e-01
   1.6856769e+00  -1.5556184e+00
  -6.0469624e-01   3.2137267e-01
  -7.4211859e-01   9.8975922e-01
  -5.6863443e-02  -1.7234530e-01
  -4.3903971e-01   2.1887275e-01
  -2.2982424e-01  -1.3584626e-02
   1.0086976e+00  -9.2990814e-01
   4.1628517e-01  -5.4007178e-01
  -9.6445761e-01   8.0706238e-01
   8.4916835e-01  -6.5153287e-01
  -3.0467142e-01   2.6307406e-01
   2.0786109e-01   3.9707266e-01
  -9.5400153e-01   1.0155851e+00
  -6.1530785e-02   1.2725846e-01
   1.3489588e-01  -2.5558226e-01
   1.8365878e-01  -2.5269732e-01
   1.2683605e+00  -1.4113720e+00
  -1.1469667e-01   4.8565554e-01
  -2.6492361e-01   3.6949510e-02
  -8.0576484e-01   1.1924601e+00
  -7.6959934e-03  -1.0300042e-01
  -3.7958669e-01  -7.4121829e-02
  -5.9307604e-01   3.5962944e-01
   9.6452068e-01  -9.3046538e-01
  -4.6269853e-01   1.6345217e-01
   2.3943786e-01   2.7823972e-02
  -4.0448982e-01   3.5416287e-01
  -7.0124270e-01   5.6880891e-01
  -7.8482293e-01   1.0333852e+00
   6.9521651e-01  -7.5839419e-01
  -2.7845766e-01  -8.6919927e-02
  -1.1174056e+00   1.1487295e+00
  -2.6205682e-01   4.0089290e-01
   3.5445980e-01  -4.1358140e-01
  -6.2852119e-01   4.2816636e-01
  -1.0837939e-01  -2.1645607e-01
  -7.9218415e-01   5.1743169e-01
   1.3328234e+00  -1.1314889e+00
   6.0956715e-01  -8.3502806e-01
  -3.1149821e-01  -2.7951533e-02
   1.4003690e+00  -1.2501541e+00
  -7.1532297e-01   1.1797645e+00
  -8.5926762e-01   7.1725197e-01
  -6.2168984e-01   2.8513780e-01
   1.5471949e+00  -9.9482148e-01
  -7.3823967e-02  -7.8620723e-03
  -2.3287359e-01   3.5238237e-01
  -9.0201118e-01   3.4573896e-01
  -3.3573824e-01   2.5445822e-01
   9.6936232e-01  -8.1533405e-01
  -1.5162856e+00   1.2741949e+00
   3.9861014e+00  -3.4553096e+00
  -4.2678723e-01   3.4557023e-01
   1.7416108e-01  -2.2511388e-01
  -1.3420902e+00   1.2408004e+00
   2.6162515e+00  -2.4657888e+00
  -3.8106665e-01   4.1856070e-01
  -8.8895304e-01   9.6845166e-01
  -1.6855845e-01   3.5435007e-02
  -7.8224447e-01   1.4348151e+00
   1.9699070e-01  -1.6266814e-01
  -1.7100866e+00   2.0107452e+00
  -5.9627588e-01   1.2725318e+00
  -1.1790562e+00   1.2024575e+00
  -1.4045823e+00   1.3094694e+00
  -1.6828551e+00   1.9237002e+00
   9.1812070e-01  -4.5499375e-01
   3.0136515e-01   2.7275207e-02
  -1.0464006e+00   9.6598365e-01
   7.8670859e-02  -1.5648749e-01
   1.8145562e+00  -1.8186651e+00
  -1.1930371e-01   2.0598116e-01
   7.7684478e-01  -7.7143411e-01
  -8.0344696e-01   3.0817551e-01
  -1.3174266e+00   1.2615481e+00
   5.3027454e-01  -4.6310937e-01
   1.3217916e+00  -1.5533454e+00
  -6.4995586e-01   8.6361620e-01
   9.8344938e-01  -1.1914677e+00
   5.6910550e-01  -2.0965001e-01
   1.0608442e+00  -1.1671875e+00
  -8.6729365e-01   5.5724722e-01
   1.1480065e+00  -9.6428002e-01
  -3.4573699e-01   7.1213661e-01
  -1.2087723e+00   1.2239398e+00
  -1.2015102e+00   9.8050618e-01
  -8.6326342e-01   1.3084101e+00
  -7.1508071e-02  -5.2773590e-01
  -4.3221529e-01   1.9414965e-01
   4.9532293e-01  -4.1993882e-01
  -1.3046114e+00   1.4284486e+00
  -7.6950866e-01   6.5048271e-01
   2.4361747e-01  -5.3634096e-01
  -1.0285189e+00   1.0789051e+00
  -7.7554107e-01   7.3380109e-01
   1.6127899e+00  -1.6818989e+00
  -4.3376475e-01   3.6786708e-01
   4.1371347e-01  -5.6351087e-01
   1.7633065e+00  -1.4442855e+00
   8.2940371e-01  -8.3916619e-01
  -7.2599285e-01   1.0087051e-01
  -1.7776218e-01  -4.2074260e-02
   9.4071533e-01  -6.5973185e-01
  -7.2952403e-02   3.9908993e-02
   4.3498377e-01  -8.3999731e-01
  -9.9008536e-01   8.6741350e-01
   1.2623276e-01   2.1213971e-01
   2.6261120e-01  -3.9625464e-01
  -7.5713930e-01   3.7842357e-01
   4.8376042e-02   1.0173286e-02
  -9.5095815e-01   8.8232806e-01
   8.1148909e-01  -7.9812677e-01
  -1.2269281e-02   5.2261672e-02
  -1.2522922e-01   2.3399754e-01
   1.5094811e-02  -6.8215833e-02
   1.8615633e+00  -2.0331479e+00
   2.3567527e-01  -5.5137950e-01
   4.8124320e-01  -4.5074107e-01
  -5.3692438e-01   8.3393709e-01
   1.1466069e-01   4.0947979e-01
   1.0666952e+00  -9.4368786e-01
  -2.0632538e-02  -2.2509307e-01
   8.8270611e-01  -8.8679115e-01
   5.8089437e-02  -3.5486053e-02
  -3.5958390e-01   6.5579877e-01
   1.9492311e+00  -1.6444127e+00
   1.0713328e+00  -9.1049346e-01
  -5.1997090e-02  -2.9113646e-01
  -1.7392670e+00   2.1825432e+00
  -6.0771468e-01   1.9484855e-01
   8.0817069e-01  -1.0511715e+00
   3.9708648e-01  -4.7129015e-02
  -3.4423130e-01   9.3689266e-01
   1.6255133e+00  -1.0811186e+00
  -8.9236010e-01   8.4723427e-01
   2.8984195e+00  -2.7438434e+00
   1.0793575e+00  -6.9764847e-01
   1.4736911e+00  -1.0467425e+00
  -5.7958145e-01   5.8353891e-01
  -7.1992332e-01   5.4873900e-01
   3.8991621e-01  -4.4633863e-01
   2.0096246e-01  -4.9449493e-01
  -6.6540806e-01   7.3806496e-01
  -1.3149176e-01  -7.7953827e-02
  -4.6467823e-01   3.2246438e-01
  -1.0178694e+00   1.0376215e+00
   1.8193575e+00  -1.3393253e+00
   2.0346638e+00  -1.3981968e+00
   9.1129667e-01  -8.1983354e-01
  -1.4912880e+00   1.4971100e+00
  -2.3764319e-01   1.7995893e-01
  -1.3419871e-01   4.7836999e-02
   1.2929563e-01   4.0229351e-01
  -1.2664333e+00   1.3473612e+00
   8.0496003e-01  -1.1442973e+00
   1.6829709e+00  -1.2169504e+00
  -1.7936345e+00   1.6377867e+00
   6.1052943e-02  -2.7355040e-01
  -2.1293739e-01  -1.4522054e-01
   2.3272659e+00  -2.3282495e+00
  -7.9795677e-01   8.4598369e-01
   1.9211495e-01  -1.4790893e-01
   1.6346429e+00  -1.8972971e+00
  -1.9439470e-01   5.9454134e-01
   9.7250394e-01  -1.2888134e+00
   1.2400281e+00  -9.5932355e-01
   7.0690853e-01  -6.8390415e-01
  -5.6181824e-01   1.2781472e+00
  -2.5635424e-01   7.4530761e-02
   2.8710687e+00  -2.7914459e+00
  -9.0678106e-01   1.2606000e+00
   2.1307537e-01  -1.6594843e-01
  -1.3456908e+00   1.6656608e+00
  -3.5971341e-01   5.2669082e-01
   3.8384177e-01  -8.5482856e-01
  -1.2242433e+00   1.0946290e+00
   7.1956381e-01  -3.8703050e-01
  -1.0709879e+00   8.2631532e-01
   3.3204611e-01  -4.0210756e-01
  -1.2036711e+00   9.4299586e-01
  -4.5714060e-01   3.5228608e-01
   4.4484344e-01  -5.2437782e-01
  -1.0785417e-02  -6.2887722e-02
   7.8792317e-01  -9.3598982e-01
   2.8277742e-01   1.5450397e-02
   2.4886104e-01  -2.8768997e-01
  -9.7170361e-01   1.0456568e+00
  -6.2643968e-01   6.6821299e-01
  -4.5283431e-01   3.1973140e-01
  -9.9225783e-01   1.0143259e+00
  -1.4853187e-01  -2.9202680e-03
   1.9782221e+00  -1.9796336e+00
   1.3952741e+00  -1.2731160e+00
  -1.2808569e+00   1.3121795e+00
   4.0433265e-01  -2.4981110e-01
  -6.6389320e-01   5.8172836e-01
   1.7682790e+00  -1.8619666e+00
   1.4270172e+00  -1.1381039e+00
  -1.2111000e+00   9.9866938e-01
  -1.9735549e-01  -1.6866482e-01
  -4.7739607e-01   2.9128790e-01
   1.0292268e+00  -8.6999451e-01
   5.7885078e-01  -4.2384803e-01
  -1.4567939e+00   2.0889234e+00
  -1.4374575e-01  -5.1330126e-02
   8.4678538e-01  -8.6160780e-01
  -3.8618098e-01   8.8101071e-02
   3.1053422e-02  -8.0525162e-02
  -3.3531203e-01   2.5095128e-01
  -1.7834669e+00   2.0600602e+00
   2.6093817e-01  -2.8026964e-01
   1.2706821e-01   2.3004696e-01
   1.0929918e+00  -1.2554397e+00
   1.5314902e-01  -2.0818632e-01
  -1.8494333e+00   1.9532889e+00
  -1.0005581e+00   1.0081126e+00
  -5.3052064e-01   1.5637549e-01
  -1.1720913e+00   9.9181508e-01
  -1.4839515e+00   1.6429293e+00
  -4.8844514e-01   2.3133863e-01
   2.0447693e+00  -2.0491582e+00
   2.0719566e+00  -1.7720758e+00
  -5.4489589e-02   1.0288397e-02
   1.6175211e+00  -1.7487153e+00
  -6.9039455e-01   6.6656034e-01
   1.5232523e+00  -1.5560566e+00
   1.5210212e+00  -1.7496175e+00
   1.6737140e+00  -1.6431560e+00
  -1.8162210e-01   3.5666362e-02
   4.4633460e-01  -7.8180367e-01
  -1.9256080e+00   1.9604245e+00
  -1.0322575e+00   8.3832242e-01
  -2.7622659e-01   6.1920494e-01
   6.9536104e-01  -7.6850394e-01
   8.7674153e-01  -1.2767675e+00
   1.0336692e+00  -1.0977849e+00
   9.3809368e-01  -1.1681225e+00
  -7.1931954e-01   3.3608019e-01
   4.5879154e-01  -6.0566092e-01
   1.0963945e+00  -1.2274397e+00
   2.9733556e-01  -6.0251384e-01
   1.2078887e-01  -1.4647578e-01
   2.8610774e-01  -7.6310399e-01
   2.4012738e-01  -1.6395385e-01
  -3.6782305e-01   3.8639467e-01
   6.5996950e-01  -6.7945521e-01
   2.4554859e-01  -2.5636537e-01
  -1.7386720e-01  -3.2323928e-01
  -3.4051107e-01   8.0395782e-02
   3.7759047e-01  -5.9974674e-01
  -2.8624745e-02  -1.1618699e-01
   1.0200656e+00  -6.9200480e-01
  -9.8673878e-01   9.4832890e-01
   4.1322277e-01  -4.2050079e-01
   1.5924196e+00  -1.3221878e+00
