   9.1229838e-01  -8.6167666e-01
  -4.5771357e-01   2.1554358e-01
  -1.2478829e+00   1.6790409e+00
   6.7643944e-01  -8.0045629e-01
  -5.7325487e-01   4.8237069e-01
   8.5929114e-01  -9.0821711e-01
  -9.0267864e-01   6.5048798e-01
  -1.2392854e+00   9.5178643e-01
   6.2299540e-01  -3.2623980e-01
  -9.4378274e-01   7.4282323e-01
  -6.8414582e-01   1.2479810e+00
  -5.1855730e-01   4.7496940e-01
   6.7767221e-01  -7.4002393e-01
   5.9125739e-04  -2.1260693e-01
  -4.7721047e-01   8.2616124e-01
  -2.7112020e-01   1.2337046e-01
  -1.5687601e-01  -1.3591532e-01
   6.5412726e-01  -6.2688107e-01
  -9.3993672e-01   9.3806715e-01
   6.8218400e-01  -8.5178460e-01
   4.8860586e-01  -5.7267347e-02
  -5.3503055e-01   3.2907580e-02
   9.9887386e-01  -8.9164880e-01
   3.3697691e-02  -1.5350245e-01
  -1.2664374e-01  -1.9450624e-01
  -1.8987813e-01   1.8754664e-01
  -1.6594975e-02   5.9253413e-01
  -2.0863261e+00   1.3102790e+00
   3.1353319e-01  -2.6693312e-02
   1.4290337e+00  -1.6857161e+00
  -2.0444598e-01  -2.1089951e-01
   4.4816793e-01  -5.1903701e-01
  -2.2576001e+00   1.9770070e+00
   8.8797879e-01  -6.0519272e-01
  -1.2256283e+00   8.2031039e-01
   6.9574713e-01  -1.7739027e-01
  -2.3466393e-01   6.0770934e-01
   3.3002552e-01   1.1110032e-01
  -7.9525839e-01   1.1954184e+00
   1.3582463e+00  -1.3140261e+00
   1.1542241e+00  -1.4728927e+00
  -1.7907838e+00   1.4303234e+00
   1.5569429e+00  -1.5460112e+00
   8.7564856e-02  -1.9425617e-01
  -7.9608718e-01   4.4080575e-01
  -2.7770589e-01   2.1455771e-01
   8.2475277e-01  -9.8571241e-01
  -2.7777642e-01   6.5314476e-01
  -2.3457310e+00   2.7254952e+00
  -7.3298925e-01   3.0932404e-01
  -4.7694733e-01   2.0901382e-01
  -9.3365458e-01   1.0087567e+00
  -1.0257915e+00   5.3023332e-01
  -7.7616746e-01   4.5831957e-01
   7.4690481e-01  -6.3509815e-01
  -4.3991786e-03  -3.2908102e-01
  -3.4526409e-01   6.3837672e-01
  -4.6979371e-01   5.3289448e-01
   5.9744950e-01  -6.6902373e-01
  -3.8462988e-01   5.9527235e-01
  -3.7591817e-01   5.9305675e-01
  -5.1172905e-01   1.1314895e-01
  -2.2487360e-01   8.8350600e-01
   4.4334903e-01   1.4749204e-01
   9.8029378e-01  -1.2417160e+00
   2.4907466e-01  -3.1742932e-01
  -2.4853972e-02  -9.4587164e-03
  -6.2364514e-01   1.1114883e-01
  -1.3369481e+00   1.1836625e+00
  -1.4940653e+00   1.0388258e+00
  -9.8135833e-01   3.8995973e-01
  -1.2635422e+00   1.4889172e+00
  -3.1010979e-01   3.0536719e-01
   6.5556955e-01  -8.1645262e-01
  -5.4731983e-01   5.4022257e-01
   1.2344147e+00  -1.0393783e+00
   1.9527205e-03  -8.8714997e-02
   4.4834128e-01  -3.2642841e-01
  -8.5512042e-01   5.5424619e-01
   5.2959449e-01  -3.3418269e-01
  -1.0517992e+00   8.5295272e-01
   1.1901956e+00  -1.2894661e+00
  -1.9534866e+00   1.6667350e+00
   1.0618575e+00  -1.3328205e+00
   1.0721047e+00  -1.1340656e+00
  -5.5310968e-01   1.9946081e-01
   3.9198519e-01  -6.0155414e-02
   1.6283805e+00  -1.6806950e+00
   3.7291401e-01  -3.4543852e-01
  -1.3227145e+00   2.1018837e+00
  -7.4009043e-01   1.2233093e+00
  -1.2466511e+00   2.0065426e+00
  -1.4644619e+00   1.7982149e+00
   1.9134696e-01   1.3361307e-01
  -1.2698078e+00   1.1789098e+00
  -1.7372094e+00   1.7997690e+00
  -5.9832209e-01   4.3864536e-01
  -1.3858195e+00   1.1512562e+00
   6.9507363e-01  -7.0334320e-01
  -7.2389328e-01   7.9735569e-01
  -1.4487025e-01   1.3461881e-01
  -1.0178597e+00   7.2571961e-01
  -1.3010561e-01   5.7606996e-01
  -2.1676524e-01   1.4553719e-01
  -1.7876041e-01   6.2464586e-02
  -9.8147121e-01   5.5772862e-01
   1.8683110e-01  -2.6049371e-01
  -8.3319769e-01   1.1802141e+00
   2.3441915e-01   1.1873970e-01
  -8.2734010e-01   6.4681109e-01
  -2.3783711e-01   3.3808838e-01
   8.7476345e-01  -8.3500811e-01
   1.2626200e+00  -1.5294871e+00
  -1.4501857e+00   1.1188134e+00
   3.4789456e-02  -1.7763264e-01
  -1.1151711e+00   1.1023318e+00
   7.3242831e-01  -3.6646816e-01
   6.8215357e-02  -1.2495492e-01
   9.0744344e-01  -5.9728069e-01
  -1.3339272e+00   1.2142637e+00
  -1.8117175e-01   2.4195305e-01
  -1.2730799e-01   3.6201055e-01
   1.0512886e+00  -8.5214749e-01
  -1.3523795e-01   6.6595830e-01
   1.2297958e-01   4.9470123e-01
   2.8843107e-01  -5.4926752e-01
   1.5276076e-01  -1.1622757e-01
  -1.7673045e+00   1.2282160e+00
  -1.9852986e+00   1.4259292e+00
  -7.6334520e-01   5.9897640e-01
   5.5812716e-01  -6.5283032e-01
   2.2764511e-01   1.1201095e-01
  -1.5469210e-01   2.9192907e-01
  -1.5959388e-01  -9.6449205e-02
   4.1689943e-01  -5.1710094e-01
   4.4756734e-01  -3.5244289e-01
  -1.0216215e+00   1.0518968e+00
   5.1839917e-02   2.2517180e-01
   4.5884512e-02  -2.1120973e-01
  -1.8040177e+00   7.0785916e-01
   1.3569294e-02  -6.7512186e-01
  -9.1933279e-01   5.1218078e-01
   1.3477957e-01  -2.5137850e-01
  -7.8001006e-01   4.8861623e-01
  -1.3129151e-01   2.1129626e-02
  -1.4911754e+00   1.4792046e+00
  -1.7883517e+00   2.0816882e+00
  -4.9280921e-02  -7.8612769e-02
  -3.7087596e-01   2.4367646e-01
   2.3950914e-01  -8.5383083e-01
   3.0854891e+00  -3.2910362e+00
   4.5996994e-01  -5.7088268e-01
  -8.1084382e-01   5.8154268e-01
   1.5026780e+00  -1.4240208e+00
  -4.3865224e-01   4.9606631e-01
  -9.2095100e-02   8.0003688e-01
  -2.6066740e-01   2.2693765e-01
   1.7100872e+00  -1.8991346e+00
   3.1749947e-01  -4.3105626e-01
  -7.6933197e-01   8.0561867e-01
  -7.4635666e-01   6.5479012e-01
   2.6936832e-01  -2.4502169e-01
   4.5922903e-01  -7.0358979e-01
   1.2777502e-01   2.0338233e-01
  -2.0522136e-01   4.3570307e-01
  -1.4519142e+00   1.6967699e+00
   6.9027991e-01  -4.4659217e-01
   9.4176531e-01  -6.0277448e-01
   4.7438111e-01  -4.9288516e-01
  -1.4205655e+00   1.4400639e+00
   1.5277119e+00  -1.4737659e+00
   1.0134659e+00  -8.1057517e-01
  -5.6678891e-01   4.8400450e-01
  -1.6519887e+00   2.5160693e+00
  -1.2847423e+00   8.1525930e-01
  -4.1582124e-01   9.5283389e-01
   7.1607056e-01  -9.3748996e-01
  -2.1317093e+00   2.0816212e+00
  -4.5982271e-02   5.6109407e-01
  -3.7583952e-01   2.6825023e-01
  -7.8418714e-01   9.2242070e-01
  -3.3882009e-01   3.8404761e-01
   3.3629937e+00  -3.8899809e+00
  -5.6745266e-01   7.8524901e-01
   3.2236511e-01  -5.1786424e-01
   1.7775413e-01  -2.3726221e-01
  -9.1065877e-01   6.8318385e-01
  -3.1036558e-01   6.4565549e-02
   3.2738472e-01  -1.7865063e-01
   6.6662828e-01  -9.1034074e-01
  -6.4237576e-01   5.1772704e-01
   3.9454246e-01   1.8980254e-02
  -1.2217109e-01   1.0782411e-01
   6.2051678e-01  -7.5414753e-01
   3.0209550e-01  -1.2204751e-01
  -4.3047323e-01   4.6678939e-01
  -1.6558260e+00   1.2861876e+00
   3.3285182e-01  -3.4648703e-01
   2.4204003e+00  -2.3651424e+00
  -2.8974812e-01   4.9748663e-01
   1.2692453e+00  -1.4253885e+00
   9.3027374e-03   7.4032654e-01
  -7.2142410e-01   8.7103364e-01
   2.8148001e+00  -3.2061264e+00
  -5.2239856e-01   2.7392113e-01
  -1.3187110e+00   1.0318298e+00
  -3.6042674e-01   2.5160038e-01
   1.5480901e+00  -1.4756739e+00
   3.5495066e-01  -4.9423451e-01
  -2.1608423e-01  -2.3132877e-01
  -1.6757399e+00   9.6749760e-01
   1.6487572e-02   2.6859649e-01
  -4.2142012e-01   1.0251638e+00
   1.0866987e-01   5.0887916e-01
   7.0436071e-01  -8.5594015e-01
  -8.1813893e-01   6.9933824e-01
  -6.2008447e-01   4.2041911e-01
   6.4758258e-02  -1.9284711e-03
   1.4066025e+00  -1.7048362e+00
  -1.5872980e+00   7.4407984e-01
   1.6266189e+00  -1.8237197e+00
   9.4718869e-01  -9.4713489e-01
  -1.4658526e-01  -1.2237537e-01
  -7.9774498e-01   1.4600101e+00
   9.6842449e-01  -8.6308724e-01
  -9.3933741e-01   1.0891647e+00
   6.4592548e-01  -4.1404569e-01
  -1.0425040e+00   7.4870787e-01
  -3.1930879e-01   3.4578598e-01
   4.0385709e-01  -2.7486616e-01
   1.2247241e+00  -1.4580958e+00
  -4.9812487e-01  -4.7150863e-02
  -1.1065258e+00   1.6447924e+00
  -3.4146995e-01   4.2320407e-01
  -1.9121842e+00   1.0696161e+00
  -1.0410565e+00   4.5858417e-01
   5.9935040e-01  -3.9866610e-01
  -8.9794845e-01   1.4906436e+00
   1.1417872e+00  -9.2449785e-01
   1.0094635e+00  -8.9925628e-01
  -9.0306301e-01   9.8082678e-01
  -5.0083756e-03   3.7050529e-02
  -3.5522070e-01   5.4989602e-01
  -5.9704143e-01   2.3152610e-01
   9.7085047e-01  -9.0992710e-01
   1.1405181e+00  -9.8710512e-01
  -7.0664574e-02  -6.0686396e-02
  -4.8982527e-01   3.7158295e-01
   7.2960279e-01  -6.1879859e-01
   2.6249889e-01  -3.8962318e-01
   7.9080822e-01  -6.0670295e-01
  -8.3373016e-02  -9.8947979e-02
  -6.2296578e-01   4.3409570e-01
  -3.3682328e-01   2.1786876e-01
   7.2081062e-01  -9.5846791e-01
  -1.1771849e+00   9.1060049e-01
  -8.2470140e-01   5.1938002e-01
   8.2484056e-01  -9.3844210e-01
  -2.0388049e-01  -4.0683857e-02
  -5.5335666e-01   1.0800340e-01
  -8.4715845e-01   1.2812145e+00
   8.7232882e-01  -4.6317847e-01
   9.1003772e-01  -7.2996783e-01
  -1.5178284e-01   1.2109676e-01
  -3.4699618e-03   1.1679456e-01
  -1.1583386e+00   7.9937543e-01
  -1.6716583e-01   7.9903495e-01
   2.4915476e-01  -1.9407834e-01
  -1.4010909e-01   2.3639174e-01
   1.4639167e+00  -1.2483559e+00
  -2.3372913e-01   1.4021523e-01
   1.7995414e-01  -3.3981180e-01
  -6.0880943e-01   8.1856207e-01
   5.4938364e-01  -5.1745241e-01
   4.0258656e-01  -4.5145841e-01
   9.3554020e-01  -1.0769755e+00
  -1.3880458e+00   8.4012834e-01
  -1.3954545e+00   1.0839351e+00
  -5.3915064e-02   1.3921784e-01
   2.7180182e-01  -1.4171740e-01
  -3.5834931e-01   3.6233698e-01
  -3.5850810e-01   5.3745758e-01
  -1.1059874e+00   8.3819522e-01
  -6.7069376e-01   3.7773119e-01
  -3.5656325e-01   1.8656156e-01
   5.9904709e-01  -3.6682452e-01
   9.6055107e-01  -7.7421711e-01
   1.4993180e+00  -1.5547929e+00
   1.9966632e+00  -1.8250535e+00
  -8.3956397e-01   1.3560051e+00
  -1.2990529e+00   1.0222911e+00
  -2.4636614e-01   1.0991393e-01
  -4.1763588e-01   6.8915995e-01
   2.8112946e-01  -4.3246868e-01
  -5.6113866e-01   3.1682250e-01
   1.2946483e+00  -1.2795768e+00
  -2.0085935e+00   1.1945769e+00
   6.6770686e-01  -6.1096426e-01
   4.3890801e-01  -3.6507096e-01
   1.6588255e+00  -1.4410981e+00
   1.0766620e+00  -1.2357791e+00
  -3.7784822e-02  -6.6091169e-02
  -2.2619039e-01   9.8059225e-02
   5.0383872e-01  -3.9324505e-01
   7.1859376e-01  -1.1503264e+00
  -1.2056245e+00   1.6316023e+00
  -2.2999735e+00   2.5923314e+00
   2.8812859e-01  -3.2351512e-01
   6.8287152e-01  -5.4565798e-01
  -4.2667375e-01   1.1049866e+00
  -1.5601723e+00   1.4279304e+00
  -5.9219103e-01   5.7007667e-01
  -4.0494114e-01   4.8917865e-01
  -5.6224552e-01   2.6330870e-01
   1.9450976e+00  -2.1217335e+00
  -2.2684287e+00   1.4229848e+00
   9.4899674e-03  -2.3503754e-02
  -4.9798314e-01   6.5860857e-01
  -1.0134818e+00   1.0269358e+00
  -2.4073853e+00   2.1092876e+00
   3.7470672e-03  -2.4437559e-01
   3.1041000e-02  -2.2949190e-01
   2.8523043e-01  -3.7547488e-01
  -3.8647145e-01   5.7859190e-01
  -9.5483900e-01   1.3343885e+00
  -7.8576626e-01   1.0371479e+00
  -7.2513644e-01   4.7261071e-02
  -3.1394789e-01   7.9467597e-01
  -1.4619768e-01   2.5052901e-01
   5.9177486e-01  -5.9420288e-01
  -1.0245684e+00   1.6096684e+00
  -6.9714477e-02  -6.2195058e-02
   2.3641460e+00  -2.7675050e+00
  -4.4244178e-01   4.2299474e-01
   1.9575569e-01   2.6247124e-02
   1.3013725e+00  -7.8104313e-01
  -1.1985141e+00   1.5297990e+00
  -8.6104211e-01   7.1152809e-01
   8.4039499e-01  -1.2255230e+00
   1.2601503e+00  -1.2733027e+00
  -1.1680778e-01   6.6173582e-01
   6.9870828e-01  -3.1798998e-01
   3.0477134e-01  -6.1757499e-01
  -1.2740312e+00   4.4316508e-01
   1.4263507e+00  -1.1992822e+00
  -8.0393473e-02   7.2948706e-01
  -5.9981757e-01   5.3984776e-01
   8.3558735e-01  -8.1889645e-01
   3.4128117e-01  -6.5615892e-01
  -3.2482391e-01   6.2199482e-01
  -7.5681878e-02  -4.8094495e-02
   1.5075298e-01  -1.7458606e-01
   1.6486746e+00  -1.8262311e+00
   7.8029363e-01  -8.9643705e-01
   6.0602193e-01  -2.7588413e-01
   3.4242549e-01  -6.9019184e-01
  -1.2671965e+00   7.7192740e-01
   8.8265187e-03  -6.6591937e-02
  -1.8865180e+00   1.5414189e+00
  -1.2810212e+00   1.7692836e+00
   7.2392852e-01  -7.8514155e-01
   1.0286300e+00  -1.2745762e+00
   2.4659126e-01   1.2094839e-03
  -3.4271844e-01   4.4282977e-01
   2.1090417e-01  -2.4152415e-01
   8.5876742e-01  -8.8253095e-01
  -6.9490012e-01   1.3080476e+00
  -8.8500308e-01   1.4442885e+00
  -1.4944786e+00   8.1562654e-01
  -7.2211110e-01   4.8394841e-01
  -5.8084961e-01   6.7938552e-01
   1.5751320e+00  -1.8617563e+00
  -1.2256434e+00   4.3932753e-01
  -1.4964022e+00   2.2663200e+00
  -1.5253620e+00   1.0571419e+00
   2.4994677e-01  -7.5866026e-01
   8.2524598e-01  -8.9300822e-01
   1.2791360e+00  -1.4719514e+00
  -1.9230023e+00   2.5495839e+00
  -8.1768557e-01   7.4795568e-01
   3.9029673e-01   7.8553566e-03
  -1.4098742e+00   1.3332907e+00
  -1.1930259e+00   9.9005078e-01
   6.5959341e-01  -4.2878541e-01
   7.1706977e-01  -8.7034696e-01
   1.7003838e-02  -2.6759766e-01
   6.6981203e-01  -4.0369897e-01
  -1.1494375e+00   7.8626945e-01
   1.2210708e-01   5.0917414e-01
   1.6696381e+00  -1.7150892e+00
   6.5738057e-02  -4.0625598e-01
  -1.8042041e+00   1.3688704e+00
   6.7413495e-01  -9.1180120e-01
   1.0597670e-01   2.0380838e-02
   5.3947954e-01   8.0977541e-02
   3.1244787e-01  -4.4396933e-01
   8.6048187e-01  -6.1157084e-01
  -8.2738500e-01   6.0764821e-01
  -1.2547722e+00   8.4752484e-01
   3.6820062e-01  -3.1206584e-01
  -9.6179455e-01   1.0185511e+00
   1.9325452e+00  -1.5842685e+00
   7.7206818e-01  -6.4190393e-01
   9.3661298e-01  -1.2339783e+00
  -4.2782327e-01   1.6333672e-01
   3.0921191e-01  -3.3974014e-01
   8.1282316e-03   7.2685385e-01
   5.1165608e-01  -4.0577026e-01
  -5.7562228e-01   4.3949306e-01
  -1.8788439e-03   7.9551389e-02
   1.9702918e-02  -1.5494127e-02
  -2.5170405e-01  -2.3265561e-01
  -6.3887893e-01   1.2416083e+00
   8.7119331e-01  -4.5974487e-01
   7.5829221e-01  -8.6872671e-01
   5.6589641e-02   4.6038084e-01
  -1.1336756e+00   1.4250189e+00
   4.7407698e-01  -6.5483385e-01
   1.0436013e+00  -1.2404474e+00
  -2.0080355e-01   1.5543542e-01
  -2.0914411e-02   1.4628392e-01
   9.7051600e-01  -6.6010951e-01
   2.0517472e+00  -2.0489314e+00
  -1.4072301e+00   7.7756116e-01
   1.4435020e+00  -1.5790465e+00
  -4.2909424e-01   9.8777718e-01
  -4.4631187e-01   5.7797124e-01
   1.3731229e-01  -1.1405938e-01
   1.9773317e+00  -1.9909164e+00
   1.0221105e+00  -9.0515053e-01
   2.4913690e-01  -3.2306202e-01
   4.4887461e-01  -5.9752449e-01
   4.0551658e-01  -4.7345349e-01
  -6.3304018e-03   3.5714469e-01
   2.2870042e-01   1.3123741e-01
   1.7276289e+00  -1.8495923e+00
  -1.1539950e+00   9.9258449e-01
   6.7004563e-01  -9.2938973e-01
   1.4601216e+00  -1.6015155e+00
  -2.6084817e+00   2.5558507e+00
   6.1307845e-01  -5.9754601e-01
   9.4284139e-01  -1.2818527e+00
  -2.5055632e+00   1.9507389e+00
   5.0884949e-01  -1.4344968e-01
   4.1741478e-01  -7.0668733e-01
  -1.2736176e+00   9.9189137e-01
  -1.0246415e+00   1.8839189e-01
   6.5899014e-01  -5.8277648e-01
  -4.7965471e-01   2.8823082e-01
   5.7527426e-01  -3.5057611e-01
   2.0855743e-01  -4.9245454e-01
   1.1477909e+00  -7.5878995e-01
   9.3473074e-01  -8.6875157e-01
   3.5625896e-01  -2.6597644e-01
  -8.8270320e-01   1.0648612e+00
   2.0417089e+00  -2.0391854e+00
  -1.2651976e+00   1.5781050e+00
   8.0238061e-01  -1.2430314e+00
  -2.1557455e+00   2.4403731e+00
   1.2071729e-01   7.8032805e-02
  -9.1906818e-01   5.4612490e-01
   1.2662127e+00  -1.0056099e+00
   1.5191565e+00  -1.5643840e+00
  -2.5897501e-01   2.2383252e-01
  -4.9219591e-01   2.8195041e-01
  -1.6881646e-01   2.8765936e-01
   8.1133143e-01  -3.0664096e-01
   3.7012786e-01  -4.6545355e-01
  -1.2755230e+00   1.0298891e+00
   5.5168909e-01  -6.4930347e-01
   2.9089661e+00  -3.4377808e+00
   6.4982604e-01  -7.0068360e-01
  -6.7801055e-01   6.6341256e-01
  -4.1040994e-01   7.9704232e-01
  -1.6192608e+00   1.1604511e+00
   1.2255324e-01  -2.2787482e-01
   7.9879337e-02  -2.9745289e-01
  -2.2248025e-02  -2.7543409e-01
   2.2819549e-01  -1.7458158e-01
  -2.2925491e+00   1.8613438e+00
   4.7540862e-01  -4.6651239e-01
   6.2468153e-01  -5.1062521e-01
   2.1216080e-01  -6.5350126e-03
  -2.4796929e+00   2.2065320e+00
  -3.3866742e-02  -1.3015209e-01
  -4.3886352e-01   4.2968860e-01
   4.0087879e-01  -8.0268252e-01
   5.2853382e-02   3.0115016e-01
   1.4579220e+00  -1.4796260e+00
  -4.9543288e-01   7.2630935e-02
   4.2694696e-01  -2.4788497e-01
  -3.2917387e+00   2.1183176e+00
   1.5748676e+00  -1.6510461e+00
   2.2275927e-01  -3.9739655e-01
   1.0000286e+00  -5.5819688e-01
  -1.1368310e+00   1.7623432e+00
   8.6640462e-01  -8.4633908e-01
  -2.4137765e+00   2.2697616e+00
   1.2884617e+00  -1.2557135e+00
   3.9347900e-01  -9.9379150e-02
  -8.1644474e-01   1.0339137e+00
  -7.2217256e-01   5.7121432e-01
  -2.0219647e+00   1.5718983e+00
   8.3458644e-02   3.9685885e-01
  -1.5287041e+00   1.1881536e+00
   1.0278122e-01  -2.8751341e-01
   1.2121760e-01  -5.8223834e-01
  -7.2299849e-01   7.6153861e-01
   8.7973353e-01  -9.6472047e-01
   2.1757684e+00  -2.1452167e+00
  -1.8225563e-01   4.5112509e-01
  -1.6313575e-01   9.9610955e-02
  -5.5610044e-01   4.5498198e-01
  -1.6204935e-01   6.6288919e-01
   1.0439459e+00  -1.0247049e+00
   1.1989841e+00  -6.7386675e-01
   4.4680222e-02   9.6406691e-02
  -4.3531351e-01   1.0819853e-01
   7.9883341e-01  -7.0197068e-01
  -4.0509337e-01   3.9138857e-01
   1.3204212e+00  -1.4409764e+00
   4.9796145e-01  -7.1002778e-01
   4.4548702e-01  -1.7680724e-01
  -2.1726829e-01   2.0672976e-02
   1.7582199e-01  -3.5745912e-01
  -7.1393042e-01   1.3883429e+00
   1.0158169e+00  -6.3981322e-01
   2.6204483e-01  -3.3974379e-01
   5.1644709e-01   3.5950357e-01
  -2.8289528e-01   2.6737478e-01
   1.9932726e+00  -2.0912773e+00
   1.4187679e+00  -1.6758850e+00
  -3.5263992e-01   4.0876965e-01
   7.9757731e-01  -5.6035239e-01
  -1.3626695e-01   7.1880395e-01
  -3.0045937e-01   1.0449161e-01
   4.8178996e-02  -2.0886140e-01
   1.1450453e+00  -1.1988968e+00
   2.9953230e-01  -5.3953820e-02
   4.1791443e-01  -6.0739916e-02
   1.7364763e+00  -1.7138439e+00
  -9.5143751e-02  -9.2057043e-02
   3.4015989e-01  -4.8382117e-01
  -8.7874949e-01   5.6044009e-01
  -6.8644073e-01   7.2123937e-01
  -2.0527878e+00   1.7118176e+00
   5.4721030e-01  -1.4240422e-01
   1.1802218e+00  -1.1215787e+00
   1.2138375e+00  -1.2406223e+00
   1.2303192e+00  -1.1205414e+00
   7.6419509e-02  -2.3060457e-01
  -1.6979639e+00   1.2437887e+00
   1.9318649e+00  -2.3708773e+00
   6.2860280e-01  -6.5554827e-01
   8.0713011e-01  -6.0385247e-01
  -8.9141038e-01   1.5400783e+00
   2.5451458e+00  -2.6010979e+00
  -1.5865914e+00   1.2092803e+00
  -1.5311826e+00   1.3186348e+00
   1.4865122e+00  -1.6595043e+00
   7.9527672e-01  -5.2150429e-01
  -1.4427568e-01  -1.9565955e-01
   1.0187963e+00  -1.2943457e+00
  -1.3737606e-02  -8.3097117e-02
   2.3599003e-01  -9.3061132e-02
  -3.9013838e-01   8.4673828e-01
   3.0700621e-01  -1.4653261e-01
   1.2052418e+00  -1.3060051e+00
   2.0931796e+00  -2.2898863e+00
  -1.5676092e+00   1.7926282e+00
   5.5868351e-01  -8.4506824e-01
   1.0606671e+00  -6.3835876e-01
  -6.1746262e-01   5.0041272e-01
   1.6164566e-01   4.1036419e-01
  -7.6261075e-01   8.3847999e-01
  -5.2039598e-01   1.0860325e+00
  -1.1523764e+00   1.1230997e+00
   5.1411168e-02  -1.8705009e-01
  -1.6674508e+00   1.2838940e+00
   7.3435013e-01  -6.4337109e-01
   1.6365479e+00  -1.8471463e+00
   2.0881909e-01  -1.0763508e-01
   6.7139538e-01  -8.8859031e-01
  -2.1130342e+00   2.1049215e+00
  -1.1493133e+00   1.0208818e+00
  -8.4336888e-01   5.3903916e-01
  -1.9148761e+00   1.4129806e+00
  -6.5844200e-01   4.4341384e-01
  -7.1408582e-01   4.8298454e-01
  -8.9667575e-01   1.1336399e+00
   1.2999490e+00  -1.4904729e+00
  -1.2715273e+00   1.3465660e+00
   2.5399176e-01  -1.8469356e-01
   6.0353300e-01  -5.5172226e-01
   6.8790263e-01  -8.7810174e-01
   5.3421881e-01  -4.0133812e-01
   1.3954236e+00  -1.4201272e+00
   8.3555204e-01  -8.3933990e-01
  -3.0282976e-02  -1.1518723e-01
  -8.2851285e-01   7.6891818e-01
  -2.3986068e-01   8.9930957e-01
  -8.3220325e-01   7.7591387e-01
  -7.2920374e-01   5.5309260e-01
   2.9641483e-01   4.8299475e-03
  -6.3790279e-01   1.3001935e-01
   1.2183991e+00  -9.6507966e-01
  -5.3959209e-01   7.3373414e-01
  -1.1661473e+00   8.2601017e-01
  -1.9017585e+00   1.3255128e+00
  -1.2311750e+00   1.4721648e+00
  -1.1671064e+00   1.4065992e+00
  -1.9026163e-01   6.2106351e-01
   1.8345638e+00  -1.7987428e+00
  -5.1971550e-03  -1.3287968e-01
   2.1428205e+00  -2.3015077e+00
   1.8332476e-01  -6.2091798e-01
   7.9841362e-02   4.3963493e-01
  -9.6882546e-02   2.1308823e-01
  -8.4346703e-02  -3.1081789e-01
  -5.0805269e-01   2.2918140e-01
   7.4374447e-01  -6.8398346e-01
   9.6705018e-01  -1.0267915e+00
  -1.3270134e+00   1.1573276e+00
  -8.0831252e-01   1.1048834e+00
  -2.7513747e-01   1.8402187e-01
  -6.9886162e-01   5.3669860e-01
   1.3298978e+00  -1.0313543e+00
   1.8081666e+00  -1.3697593e+00
  -1.6120877e+00   1.4333922e+00
  -6.4623331e-01   5.0262003e-01
   1.9640920e-02  -1.0279791e-01
  -7.2028980e-01   5.5697991e-01
   3.2369508e-01   3.1213017e-01
   6.7179089e-01  -8.3474214e-01
  -2.2061385e-01   4.8124575e-01
   8.3009979e-01  -5.3400401e-01
  -1.1527837e+00   1.2649010e+00
   1.9002104e+00  -2.3124255e+00
  -1.6741749e+00   8.2086946e-01
  -5.9186937e-01   6.0459235e-01
   1.8544921e-01   2.7950254e-01
  -1.2609399e-01   7.6851519e-01
   4.8955920e-01  -3.0333199e-01
   1.7525789e+00  -1.6757979e+00
   2.5743885e+00  -2.9757499e+00
  -4.6382876e-01   3.1921554e-01
  -8.4887709e-01   1.0319672e+00
   1.0816842e+00  -9.7170068e-01
   6.7207329e-01  -2.8502665e-01
  -4.2989165e-01   1.3657350e-01
  -4.0489652e-01   4.7007460e-01
   1.0849260e+00  -1.0837525e+00
   2.3876509e+00  -2.2806642e+00
   1.0666888e+00  -8.7945978e-01
  -9.6374906e-01   8.3024693e-01
  -4.4494201e-01   2.3724059e-01
  -1.5209758e+00   2.4373577e+00
   1.4384034e+00  -1.6253794e+00
  -5.5791600e-01   3.9216276e-01
   2.1397355e-03   6.7906471e-01
   2.0500300e-03  -2.1220846e-01
   1.6295027e-01   3.6840916e-02
   5.0130064e-01  -7.1751498e-01
   6.0161415e-02   4.6077626e-01
   1.4779017e+00  -1.0929694e+00
  -7.7105788e-01   3.7990530e-01
   8.3185574e-01  -6.9667320e-01
   6.0178768e-01  -1.8666958e-01
  -1.9689984e+00   2.4789152e+00
   1.3140478e+00  -8.9963832e-01
   9.9501060e-01  -9.7372675e-01
   8.3945512e-01  -6.0830483e-01
  -1.0578849e+00   1.6175083e+00
   1.5408348e-01   4.4485879e-03
   5.1882209e-01  -3.4034940e-01
  -2.6925395e-01   4.3125544e-01
   3.4268909e-01  -4.4139680e-01
   1.6685933e-01  -2.8609921e-01
  -1.0901018e-01  -2.9837687e-01
   2.8355163e+00  -3.0807586e+00
   1.4438268e-02   1.8167203e-01
   1.2447490e+00  -1.5190407e+00
  -4.9467070e-01   1.2301757e+00
   1.6920589e-01   4.3026969e-01
   2.9736565e+00  -3.6987252e+00
   7.1272974e-01  -5.4258305e-01
   7.3142109e-02   6.0577020e-01
  -6.6881562e-02   6.6911641e-03
   9.6575461e-01  -7.1650476e-01
   3.6903707e-01   3.4478657e-02
  -9.6846179e-01   4.8044476e-01
  -6.6033092e-01   4.3461762e-01
   6.4053986e-01  -3.8339718e-01
   7.4807453e-01  -5.8848408e-01
   4.3390418e-01  -4.8876196e-01
   7.8328779e-01  -7.7088407e-01
   1.2667466e+00  -1.4268959e+00
  -1.3243311e+00   1.1451163e+00
   1.1692506e+00  -1.2039057e+00
   2.5145954e+00  -2.4776166e+00
  -1.1199899e+00   1.4806890e+00
  -1.0058057e-01   3.3874178e-01
   1.2570027e+00  -1.1767480e+00
   6.9352994e-01  -7.6732196e-01
   1.9169948e+00  -2.0558069e+00
   4.7978955e-01  -3.9728378e-01
   1.0018344e+00  -9.1560289e-01
  -1.1611446e+00   1.1976702e+00
   1.3539142e-01   1.5209691e-01
   1.1412852e-01  -5.6202081e-01
   7.8134354e-01  -7.0510017e-01
   7.8171267e-01  -1.0536975e+00
  -3.0447764e+00   2.7588622e+00
  -8.1079569e-01   1.0377863e+00
   1.4087662e+00  -1.1990709e+00
   4.2153008e-01  -3.0591891e-01
  -8.0523891e-01   1.1873935e+00
  -1.5025068e+00   1.3903028e+00
  -4.2384223e-02  -6.8659051e-02
   9.0618845e-01  -5.6577573e-01
  -3.4325531e-01   1.0548490e-01
  -5.6022244e-01   5.0635104e-01
  -1.2214919e+00   1.8522464e+00
  -1.0295332e+00   8.6807471e-01
   2.4362959e-02  -1.4797180e-01
   8.1967363e-01  -9.6161980e-01
  -7.3996991e-01   3.1013985e-01
   6.0500492e-02   2.6851644e-01
   1.1598932e-01  -4.4023300e-01
   3.2722024e-01  -5.6155761e-01
  -2.8662166e-01   1.5892058e-01
  -8.2375717e-02  -6.6130283e-02
  -1.7883484e+00   1.5677147e+00
   5.6970822e-01  -3.4056880e-01
   1.3978391e+00  -9.5707168e-01
   6.1204867e-01  -4.8244714e-01
   5.2519171e-01  -4.4264567e-01
  -2.5831181e-01  -2.2701872e-01
  -3.1269084e-01   1.4133018e-01
   7.6522563e-01  -4.3506524e-01
   6.0450917e-01  -3.6463757e-01
   4.7110077e-01  -8.0423468e-01
   2.0922951e+00  -2.5494107e+00
   1.3127836e-01  -2.7284495e-01
  -6.8144772e-01   4.1484957e-01
   1.3585906e-01  -1.8441130e-01
   1.1480281e+00  -1.0240107e+00
   1.1097159e+00  -1.1075440e+00
   4.5914103e-01  -4.5004740e-01
  -1.0687015e+00   9.2694800e-01
   8.4956713e-01  -7.2236998e-01
  -1.5359149e-01   9.3499377e-02
  -7.5649116e-01   8.5566622e-01
   1.5315379e+00  -1.6598899e+00
   2.8723405e-01   1.9027804e-01
  -7.8251906e-01   1.3349389e+00
   1.1810920e+00  -1.0592277e+00
  -1.2512382e+00   1.0434076e+00
  -1.2684669e+00   1.0691468e+00
   2.3154569e+00  -2.7765495e+00
   2.4329194e+00  -2.3294769e+00
   2.3520760e-01  -6.3527455e-01
   3.9156056e-01  -6.0877945e-01
   3.6294740e-01  -6.2156147e-01
   2.4499059e-01  -1.2980134e-01
   4.5379178e-01  -6.8447295e-01
  -1.5717363e-01   2.2917980e-02
   8.7414768e-01  -6.3098699e-01
   5.4853642e-01  -3.5063943e-01
  -2.5226160e+00   2.5515110e+00
  -3.3718800e-01   8.3379388e-01
  -9.2032221e-01   8.1184143e-01
   9.0566255e-01  -1.0534364e+00
  -4.8897707e-01   4.9150407e-01
  -4.4406969e-02  -1.6676693e-01
  -5.8086169e-01   2.9042022e-01
   1.9251107e+00  -2.1317286e+00
  -3.8436198e-01  -3.0157432e-02
  -3.7691172e-01   5.8895571e-01
  -2.2985347e-01   4.2926945e-01
   7.2934118e-01  -8.3788789e-01
  -2.9774403e-02   4.9349887e-01
  -1.2638324e+00   1.7207452e+00
   1.5416754e-01   1.0364956e-02
  -8.4970617e-01   8.4846388e-01
   4.3931171e-01  -2.6741936e-01
  -5.0448505e-01   1.0893129e+00
   6.3935275e-01  -6.0540776e-01
  -4.8908183e-01   4.3078767e-01
  -2.3202582e-01   2.5969022e-01
   9.0177477e-01  -8.1092877e-01
   8.1686438e-02   7.1319066e-02
  -6.3751182e-01   5.3524147e-01
  -4.6301068e-01   3.4796121e-01
  -7.1229455e-01   3.0648417e-01
   1.5128355e-01  -4.4066213e-02
  -5.1244774e-01   8.2768481e-01
   1.2150627e+00  -1.1671347e+00
  -4.0083893e-01   2.6231849e-01
   1.4261444e+00  -1.3817256e+00
  -1.5107001e+00   1.2679471e+00
  -2.0680222e+00   1.2098971e+00
   6.8929994e-01  -4.7308222e-01
  -5.4496964e-01   5.7098929e-01
   2.2654117e+00  -2.5417328e+00
   1.6167747e-01   1.4208675e-02
  -2.0548253e+00   1.3552068e+00
  -3.5849164e-02   7.0768129e-02
  -2.1121841e+00   1.6096700e+00
   8.4707712e-01  -1.1492040e+00
   5.1498785e-01  -3.8527844e-01
   7.9039614e-01  -4.9165152e-01
   8.3623466e-02  -6.1345768e-02
   1.0779682e+00  -9.8239250e-01
   4.7002212e-01  -5.4704305e-02
   3.9149493e-01  -5.7319304e-01
  -1.9850333e-02  -2.4719868e-01
  -6.5751513e-01   1.0642505e+00
   5.3217128e-01  -6.4097309e-01
  -3.9655811e-01   6.7217441e-01
  -1.9522592e+00   1.4664981e+00
   5.0555499e-01  -6.2142991e-01
  -9.7644345e-01   7.4719543e-01
   1.2588329e-01  -2.8009251e-01
  -6.5105446e-01   4.7833578e-01
  -2.0281297e+00   1.9418592e+00
  -5.4468122e-01   8.7583117e-02
   1.2782954e+00  -1.0408756e+00
   2.0782337e+00  -2.3381395e+00
   9.0735849e-01  -1.1677255e+00
   1.8941126e+00  -1.5249826e+00
   1.7533947e+00  -1.8029681e+00
   1.6362634e-01  -3.1323064e-01
   4.4264721e-01  -3.5168682e-01
  -1.4934317e+00   1.2089892e+00
  -1.2050377e+00   8.8472987e-01
  -9.9476254e-01   1.2666776e+00
   1.1547399e+00  -7.9136209e-01
  -1.2512848e+00   1.0338140e+00
  -6.5238950e-01   4.5713686e-01
   1.5423335e+00  -1.6266172e+00
  -1.7637751e+00   1.1214328e+00
  -4.5264338e-01   1.0839298e+00
  -2.5449128e-01   1.8279847e-01
  -7.7787564e-01   2.9807160e-01
  -1.8781373e-01  -7.5660460e-02
  -9.5132312e-02   9.8493853e-01
  -1.2852385e+00   9.3697040e-01
  -6.0272524e-01   9.9585164e-01
   2.6066647e-02   4.5091332e-01
   1.1854663e+00  -1.4179131e+00
   8.2850668e-01  -1.0210190e+00
  -1.0995668e+00   5.7009984e-01
   1.0149523e+00  -9.2185246e-01
   2.3930353e+00  -1.8859769e+00
   7.5016017e-02  -3.0438546e-01
   2.3887145e-01  -3.0096496e-01
   6.6893416e-01  -6.6056310e-01
  -1.8149001e+00   1.2585993e+00
   5.4185919e-01  -6.2650407e-01
  -1.5735622e-01   3.3724461e-01
  -9.6846704e-02   4.4525207e-01
   1.6688711e+00  -1.4703281e+00
   4.3299974e-01  -2.8537328e-01
   1.2880140e+00  -1.1581549e+00
   9.3195064e-01  -1.1357765e+00
   1.0172001e-01  -1.5183211e-01
   1.0879921e+00  -1.1264155e+00
  -5.0962907e-01   3.5610337e-01
   1.0787404e+00  -7.6591160e-01
  -1.2565254e+00   1.1256772e+00
   5.7939568e-02   9.7499463e-02
  -1.5616600e+00   1.1339555e+00
  -1.4501308e+00   1.0405436e+00
  -2.3601540e+00   1.7837983e+00
   8.4867518e-01  -5.3247291e-01
  -1.2427009e+00   1.3071706e+00
   5.1366037e-01  -6.1116292e-01
   7.2316089e-01  -5.1429874e-01
   2.6522903e-01  -4.3304895e-01
   1.9733597e-01   1.0752195e-01
  -7.3289631e-01   5.6894176e-01
  -4.6030777e-01   4.0217772e-01
  -1.2248827e+00   1.5858584e+00
  -9.8312880e-02   1.0035197e+00
   7.7189282e-01  -7.7564483e-01
   7.8578017e-01  -4.3961083e-01
  -8.9390990e-01   5.6110230e-01
   7.4211634e-01  -9.3627033e-01
   7.8574577e-01  -1.0820550e+00
   1.5996671e+00  -1.7693447e+00
  -1.7281115e+00   2.0176820e+00
   7.9416890e-01  -5.3109104e-01
  -4.0442304e-01   2.8619118e-01
  -2.6994232e-01  -2.4167835e-01
  -1.0727172e+00   1.0115668e+00
   1.7266383e+00  -1.4303922e+00
   1.0915795e+00  -7.5767141e-01
   1.4002036e+00  -1.4477333e+00
   3.3410658e-01  -6.0543544e-01
  -1.7119769e-01   4.2690351e-02
   2.4592623e+00  -2.6876083e+00
  -7.4611663e-01   4.1669587e-01
   7.9278355e-01  -9.0470950e-01
  -9.6121608e-01   1.5497494e+00
  -5.1507598e-01   4.7487499e-01
  -8.0681294e-01   9.7232853e-01
   1.1367869e+00  -1.2988598e+00
   1.9328743e-01  -6.1560120e-01
  -2.8675788e-01   1.1483137e-01
   1.1714668e+00  -1.1467731e+00
  -5.8327646e-01   6.1962740e-01
  -8.8609666e-01   9.4072381e-01
   6.6856170e-01  -4.5985793e-01
   4.5496750e-01  -4.3401544e-01
  -7.9574886e-02  -1.2572567e-01
  -6.6127248e-02   1.7916257e-01
  -8.9006598e-02   4.1394470e-01
  -8.8980428e-01   9.5471866e-01
   3.4646835e-01  -9.7008654e-02
   4.8182011e-03   2.8380465e-01
  -2.2146898e+00   1.1979518e+00
  -6.8774247e-01   5.9259817e-01
  -2.3405730e+00   2.9601125e+00
  -3.4998528e-01   3.3785225e-01
   1.1187008e-01   1.7195867e-01
  -7.7906178e-01   7.5908487e-01
  -1.6292374e+00   2.7374084e+00
   7.7547144e-01  -9.0902030e-01
  -2.5120388e+00   2.2892134e+00
  -1.3200905e+00   7.8748470e-01
   1.2301921e+00  -1.1402282e+00
  -7.7095678e-01   5.1343552e-01
   1.8357473e+00  -1.8257050e+00
  -1.8013725e-01   2.3706922e-01
   2.0546922e-01   6.7761505e-01
  -7.3794881e-01   3.2648350e-01
   8.6789222e-01  -1.2719715e+00
   9.5727398e-01  -7.7082806e-01
   1.5323689e+00  -1.4444370e+00
   1.2216526e+00  -1.1227647e+00
   9.7532933e-01  -1.0911543e+00
  -1.0074753e+00   6.1878336e-01
  -1.1682890e+00   1.3022965e+00
   1.6113748e-01   4.4830327e-01
  -7.2320209e-01   9.0864781e-01
  -9.7486731e-01   1.3354685e+00
   1.4096648e-01  -1.1791367e-01
  -1.8361706e+00   1.1191870e+00
  -1.0044911e+00   7.7010971e-01
  -4.3680743e-01   1.4099527e+00
   4.3770884e-01  -1.8890460e-01
   1.6396649e-01  -1.9769791e-01
  -7.7744189e-02   5.2769161e-01
   1.6969141e+00  -1.6216196e+00
  -3.4988288e-01   4.0098960e-01
   7.2228446e-01  -9.6493396e-01
   1.1234617e+00  -1.5383061e+00
   5.9535455e-01  -6.0081317e-01
   8.5112623e-01  -6.4277974e-01
  -1.4334562e+00   7.8819220e-01
  -1.4191212e+00   9.0424568e-01
   3.3793080e-01  -5.5930069e-01
   7.4571960e-01  -6.9031069e-01
  -9.7812713e-01   3.8096159e-01
   3.0048976e-01  -7.4860487e-01
  -6.5119144e-02  -2.5446874e-02
   3.1690196e-01  -1.5566438e-01
   2.0696133e-02   1.5476715e-01
  -1.2365720e+00   8.8584763e-01
   9.5299363e-02   2.3704095e-01
   1.2750505e+00  -1.1019937e+00
   3.5645024e-01   1.6861626e-01
  -2.9806804e-01   3.0251555e-01
  -8.5556459e-01   5.0286591e-01
  -2.0595182e-01  -1.0473135e-02
   6.5682835e-02  -7.9789128e-02
  -7.8386687e-01   4.1545565e-01
   1.2280292e-02   8.9882232e-02
  -3.4929332e-01  -2.0805622e-01
   7.5861782e-01  -8.0455390e-01
  -6.4569826e-01   9.6852447e-01
   3.0294686e-01   2.7178237e-01
  -6.1489782e-02   2.9182899e-01
  -1.4172850e+00   1.7816575e+00
  -1.9931029e-01   1.3631179e-01
   9.5020084e-01  -1.1718948e+00
  -7.9986919e-01   2.2620395e-01
  -1.2861653e+00   1.0460311e+00
  -9.7691442e-01   1.0886063e+00
   1.6918928e+00  -1.9909161e+00
  -6.3722404e-01   4.4759881e-01
  -1.0578531e+00   1.4702621e+00
   1.9209041e+00  -1.6033546e+00
  -5.8569646e-01   1.2572920e+00
  -5.9724422e-01   3.9621599e-01
   1.6347941e-01   5.9364949e-01
   8.9169478e-01  -7.2845164e-01
  -1.9787558e-01  -2.1991118e-01
   6.9750318e-01  -6.7784003e-01
