  -4.6615168e-01  -1.1565693e-01
   2.2362552e-01   1.8418701e-01
   9.5772279e-01   7.6832055e-01
   2.4026060e-01   1.1268177e+00
  -1.2756375e-01   1.2421817e-01
  -9.2069159e-01  -1.7030740e+00
  -4.0162489e-01  -4.9943309e-01
   4.9222280e-01   4.7651539e-01
  -2.8294657e-02   9.9678890e-02
  -1.0022144e+00  -1.2453501e+00
   1.6414993e+00   1.0096164e+00
   8.1355266e-02   1.6276444e-01
  -1.4730743e-01   2.4534847e-01
  -4.3135263e-01  -1.9936734e+00
  -1.0639709e+00  -9.8057912e-01
  -3.5079289e-02   2.2288984e-01
   1.3360685e+00   1.3553973e+00
  -5.0876457e-01   1.1800463e-02
  -7.4308883e-01  -1.0059807e+00
   7.5741934e-01   8.3501244e-01
   2.2632301e-01   1.7881597e-01
  -4.3091100e-01   3.4950725e-01
   2.6641750e+00   2.1146430e+00
  -5.4101546e-01  -2.3028825e-01
  -7.8835623e-01  -1.4418084e+00
   1.4758046e+00   1.4172545e+00
  -7.4626014e-01  -1.2324284e+00
   1.8296350e+00   1.1628226e+00
  -1.0861658e+00  -4.9092876e-01
  -6.0480755e-01  -1.5624876e+00
   3.3740039e-01   1.0991100e+00
  -8.0459156e-01  -9.2609675e-01
   8.2186397e-01   7.8958275e-01
  -6.3876621e-01  -2.8049854e-01
  -8.6822313e-01  -1.2717120e+00
   4.6847963e-01   2.7125935e-01
  -4.3534790e-01  -1.2690504e-01
  -7.6030869e-01  -6.0426469e-01
  -5.2050122e-01  -8.5244429e-01
   7.2367816e-01   9.5256225e-01
  -6.6184242e-02  -4.2762532e-02
  -4.8445959e-01  -1.5673229e+00
   1.1552732e+00   1.5280393e+00
  -4.6405688e-01   4.5774933e-01
   4.6367586e-01   3.2425927e-01
  -8.8189254e-01  -4.9961694e-01
  -7.5294876e-01  -2.5166425e-01
  -8.9062830e-01  -6.3702658e-01
  -2.4747938e-01  -1.6527811e+00
   2.8658209e-01   5.0244828e-01
   9.7453285e-01   1.1454962e+00
  -3.8501230e-01  -1.5829584e+00
  -8.4922155e-01  -2.6789824e-01
  -5.1774963e-01  -1.6468577e+00
  -8.5793861e-01  -1.2998353e+00
  -4.2464059e-01  -6.4343400e-01
  -7.3853211e-01  -9.1894390e-01
  -8.5650688e-01  -4.6154573e-01
   2.2744820e+00   1.4500679e+00
  -7.6469826e-01  -8.3581072e-01
   2.0446966e+00   1.5357621e+00
  -5.6839724e-01  -1.7930938e+00
  -6.4642404e-01  -1.4848580e+00
   2.5793614e-02  -2.3332709e-01
  -1.9014550e-01  -1.0354128e-01
  -7.6141220e-01  -5.2212128e-01
  -4.0151233e-01  -2.9593428e-01
  -2.7832517e-02   3.7973364e-01
  -9.9460071e-01  -5.7622596e-01
  -9.8289636e-02   2.1792923e-02
  -5.6485272e-01  -1.4804026e+00
   2.7122088e+00   2.1102562e+00
  -4.4721614e-01   1.3028689e-01
  -6.3002501e-01  -4.8863954e-01
  -6.2301203e-01  -6.7732239e-01
  -2.6798314e-01  -2.2740465e+00
  -4.4197682e-01  -1.3918743e+00
  -7.5925614e-01  -1.5059089e+00
  -5.0909743e-01  -3.4545640e-01
  -9.3878553e-01  -5.8336001e-01
   7.3924726e-01  -2.8294914e+00
  -7.3143499e-01  -2.2042785e-01
  -2.2533890e-01   1.5689941e-01
  -9.3019846e-01  -3.0567832e-01
  -9.6621312e-02   5.2057522e-01
  -5.0189336e-01   5.6520717e-01
   9.1475183e-01   9.7877896e-01
  -7.3160046e-01  -1.6203249e-01
   4.8916070e+00   2.7744800e+00
  -2.4336437e-02  -2.1980878e+00
  -1.0985054e+00  -8.3690511e-01
   6.8794213e-01   8.1645215e-01
  -7.0785941e-01  -1.2900544e+00
   1.9411131e-01   6.3842222e-01
   1.8610923e+00   1.3905850e+00
   2.1506239e+00   1.6234735e+00
  -3.9619590e-01  -1.7317885e-02
   1.1665051e+00   1.4081882e+00
  -7.8027373e-01  -6.4216047e-01
  -3.4827920e-01  -5.4341011e-02
  -3.9786963e-01  -1.9292485e+00
  -3.8593230e-01  -3.4438195e-01
  -1.0130224e+00  -6.8591271e-01
  -8.6704580e-01  -1.0443503e+00
  -5.0169161e-01   6.5501878e-01
  -1.6893706e-01   3.2930354e-01
  -8.9785535e-01  -1.2705976e+00
  -5.6879130e-01  -1.4508697e+00
   3.8771218e-01   4.4257520e-01
  -1.8336892e-01   4.1591995e-01
  -4.3943606e-01  -1.8333035e-01
  -4.3466840e-01  -7.3492113e-01
  -4.0348914e-01   3.9170885e-01
  -4.6101891e-01  -6.1844521e-02
  -7.5632768e-02   4.4469402e-01
  -3.6816152e-01   1.9481876e-01
  -4.4715522e-01  -1.0425880e+00
   6.5801858e-01   7.9410730e-01
  -1.7801486e-01   4.4603496e-01
  -4.9989569e-01  -6.8169938e-01
  -7.3746414e-01  -9.3605025e-01
  -9.5730654e-01  -5.5914492e-01
  -6.1097911e-01  -6.1279914e-01
  -7.3233193e-01  -2.1468448e-01
   3.9443157e-01   7.8365513e-01
   9.9816042e-02   7.3258131e-01
   7.0038833e-01   8.8767711e-01
   1.1702680e+00   1.2442202e+00
  -4.8997452e-01  -1.1084770e+00
  -7.4674931e-01  -1.2892578e+00
  -4.4892728e-01  -2.1526233e-02
  -7.5522114e-01  -1.8000983e-01
   1.1832187e-01   6.0276430e-01
  -8.0304429e-01  -3.5646955e-01
  -1.2884496e-01   1.7062494e-01
  -1.5746943e-01   2.2312178e-01
  -5.5442115e-01  -9.1964994e-02
  -1.0665516e+00  -8.7898411e-01
  -2.6742745e-01   1.5448392e-01
   2.1350859e-01   5.4963051e-01
  -2.8600099e-01  -6.7050195e-01
  -1.3102945e-01   3.0215306e-01
  -2.4933773e-01  -2.1025721e+00
  -9.9411908e-02   6.8302745e-01
  -1.5125885e-01  -3.8295569e-01
  -1.0142257e+00  -6.0090781e-01
  -5.9920638e-01  -6.4481874e-02
  -3.6829870e-01  -5.8804909e-01
  -8.4931948e-01  -1.2672792e+00
   1.1352374e+00   1.2713417e+00
   1.1532612e-01   6.1180274e-01
  -9.2073699e-01  -6.8445162e-01
  -1.3928600e+00  -9.0130594e-01
  -5.7623594e-01  -3.4717848e-01
  -8.7633547e-01  -1.1322099e+00
   4.8745500e-01   6.2079342e-01
  -4.3852857e-01  -4.3104226e-02
  -5.3239644e-01  -4.0341432e-01
  -5.7462923e-01  -2.7000899e-01
  -7.2885447e-02   4.7451067e-01
  -5.0567662e-01  -4.4966454e-01
  -9.2514499e-01  -5.9215659e-01
  -7.1718425e-01  -1.5530538e+00
  -6.5638548e-01  -5.7912704e-01
   2.4616875e-01   7.4281020e-01
  -8.3812449e-01  -3.3667393e-01
   1.7695240e+00   1.4040063e+00
   1.3370960e+00   1.3410574e+00
   1.8542492e-01   3.3765195e-01
   5.8343220e-01   6.0506825e-01
  -4.9275575e-01  -2.0898104e-01
  -6.9391743e-01  -8.5805969e-01
  -6.3365545e-01  -8.9707597e-01
  -6.4729411e-01  -7.1044422e-01
  -4.8456077e-01   7.9743323e-02
   4.8418451e-03  -1.2132265e-01
  -7.1941075e-01  -6.7765752e-01
  -1.2890940e-01   2.7549542e-01
   8.4010275e-01   9.0573363e-01
   4.6485925e-01   6.8947631e-01
  -1.6047850e-01   4.7274636e-01
  -7.0690821e-01  -6.8319359e-01
  -1.2899416e-02   2.5064902e-01
  -9.8265692e-01  -1.6224265e+00
  -2.7919929e-01   1.8558545e-01
  -7.0309335e-01  -1.5395559e+00
  -5.5899592e-01  -1.7747152e+00
  -9.3660483e-01  -1.3848110e+00
  -6.9088317e-01  -1.1809314e+00
  -9.3041811e-01  -1.0207065e+00
   5.6461104e-03   2.0247609e-01
   2.5644613e-01   5.0470185e-01
   2.6068868e+00   1.9807146e+00
   1.3244625e+00   1.2824338e+00
  -4.1494470e-01   1.2790253e-01
  -5.1826187e-01  -2.1434798e+00
   9.2229656e-01   1.2192050e+00
  -6.0011396e-01  -4.2613621e-01
  -7.1741260e-01  -2.2102330e+00
   9.0797869e-01   1.3072922e+00
  -6.1324690e-01   3.4495290e-02
   6.4812692e-02   4.5775133e-01
   7.4590472e-01   8.3089425e-01
  -8.9072276e-01  -7.5126220e-01
  -7.3133268e-01  -1.6824797e+00
  -5.3947816e-01   3.9813413e-02
  -4.7922909e-01   1.5229194e-01
  -4.9567417e-01   5.4566712e-01
  -2.1763245e-01   9.2164490e-02
  -7.1724474e-01  -2.4609918e-01
  -4.1510406e-01   2.9414093e-01
  -3.1982641e-01   4.4536267e-01
  -8.2563430e-01  -3.5526800e-01
  -9.6548404e-01  -5.1437528e-01
  -7.9685917e-01  -9.9870531e-01
  -7.3871069e-01  -1.8630160e+00
   4.4076409e-01   1.0042110e+00
  -8.6821000e-01  -8.9945116e-01
  -5.3062609e-01  -1.3476563e-01
   1.2899634e-01   2.3833052e-01
  -7.4974572e-01  -1.3557540e+00
  -4.0506265e-01   8.1531452e-02
  -8.0471194e-03   5.2228732e-01
  -6.3358084e-01  -4.7809394e-01
  -4.1957510e-01   3.0148658e-01
   4.2570831e-02  -2.0755760e-01
   3.1405112e+00   2.5223107e+00
  -5.8897561e-01  -5.2355860e-01
  -9.3079491e-01  -1.3353961e+00
  -1.7259004e-02  -1.9953269e+00
  -3.8500447e-01  -1.2040597e+00
  -2.9298910e-01   1.5705727e-01
   1.7528957e+00   1.3100419e+00
  -2.6937044e-01   3.2710863e-01
  -4.1391212e-01  -8.8596039e-01
  -2.3361417e-01   3.3091639e-01
  -6.7617711e-01  -4.9289141e-01
  -3.8006143e-01  -4.7017858e-01
   3.1717598e-02   4.1597013e-01
   7.7355227e-01   1.0983984e+00
   2.0437226e+00   1.7324259e+00
  -5.3616264e-01   3.8870932e-01
   2.4255241e+00   2.0504461e+00
   1.0272426e+00   1.1827033e+00
   5.9574980e-01   6.7098710e-01
  -3.1009248e-01  -8.2907734e-01
  -1.0078196e+00  -1.1214088e+00
  -3.3089476e-01   6.8507553e-01
  -8.9744970e-01  -6.5196322e-01
  -3.9346531e-01  -2.0449239e+00
  -1.0420560e+00  -3.6968970e-01
  -2.6045865e-01  -2.5165287e-01
  -1.4869330e-01   2.0732935e-01
   2.3455635e-01   4.3373145e-01
   1.3204910e+00   1.3203255e+00
  -5.1150012e-01  -1.3698669e+00
   1.8729524e+00   1.6936094e+00
   1.1762372e+00   1.1933704e+00
  -3.4679100e-01  -5.0651008e-01
  -8.0785634e-01  -1.5888905e+00
   2.0961159e-01   1.6946918e-01
  -3.9883045e-01  -8.5453547e-01
  -5.8193101e-01  -3.9498693e-01
   1.0215796e+00   1.1359453e+00
   2.0936614e+00   1.8586945e+00
  -5.7800760e-01  -6.9648483e-01
  -3.9431144e-01  -1.7992233e-01
  -7.7599964e-01  -3.4367632e-01
   6.2102026e-01   9.9242326e-01
  -6.2527187e-01  -1.1764884e+00
   1.7890143e+00   1.3243306e+00
  -6.1970317e-01  -1.0405734e-02
  -3.1068041e-01  -8.2774240e-02
  -6.3936052e-01  -1.4605736e+00
  -9.9717116e-01  -9.7122700e-01
  -6.1347028e-01  -8.1710365e-01
   2.6530298e-01   8.3420274e-01
   3.3307145e-01   8.0549906e-01
   3.9951391e-01  -2.5220905e+00
   8.3303904e-01   8.4575603e-01
   2.1933823e+00   2.0278533e+00
  -7.2213027e-01  -9.7462124e-02
  -2.5570539e-01  -8.4215775e-02
  -1.3012457e+00  -8.6580946e-01
  -7.0522530e-01  -8.4048472e-01
   1.3464007e-01   1.7358804e-01
   6.8229937e-01   6.6104147e-01
  -1.0983385e+00  -5.0992008e-01
  -1.4659117e-01   2.7624246e-01
  -1.8230872e-01  -9.4483815e-01
  -2.8808249e-01   3.0394900e-01
   5.6263790e+00   3.3388563e+00
  -6.5169991e-01  -4.7349729e-01
   2.1116951e+00   1.4708835e+00
  -1.4332389e-01   2.4664220e-01
  -6.4531801e-01  -1.2813606e+00
   6.8348057e-01   8.7234488e-01
  -6.6347530e-02  -3.3893194e-02
  -7.3011409e-01  -1.2747153e+00
  -3.3985937e-02   4.0101397e-01
   1.0998485e-01   4.7012865e-01
  -8.1099035e-01  -5.7501659e-01
  -4.9556403e-01  -1.1589231e+00
  -9.2554092e-01  -7.9893841e-01
  -9.3259657e-01  -7.9199693e-01
  -3.6320931e-01  -1.5514917e-01
  -2.6807559e-01  -1.8636392e-01
  -1.0443600e+00  -1.5333521e+00
  -4.7889159e-01  -5.8962026e-01
   4.4989964e-02  -2.0916722e+00
  -6.1186095e-02  -1.5406073e-01
  -5.7887594e-01  -3.9508667e-03
  -4.8899147e-01   2.2132791e-01
  -1.0574448e+00  -4.9451844e-01
   3.8453771e-01   2.3395220e-01
  -7.7015585e-01  -2.8016578e-01
  -5.9428430e-01  -9.8433369e-01
  -6.9307811e-01  -9.8908166e-01
  -6.1191418e-01   2.4636868e-01
  -3.7599512e-01  -3.5594780e-01
  -5.6329932e-01  -3.1194810e-01
   1.0670115e+00   9.1271744e-01
  -4.7260608e-01  -1.2982138e+00
   8.7148707e-02  -1.9866453e+00
   3.0019034e+00   2.2879852e+00
  -4.4609800e-01  -1.5742019e+00
  -8.5634320e-02   2.3762378e-01
  -9.0960269e-01  -7.0372396e-01
   6.3396678e-01   8.5034794e-01
   3.3755940e-01   8.3373826e-01
   1.2685344e+00   1.0666413e+00
  -5.7798570e-01  -4.2615235e-01
   1.1000277e+00   1.1676633e+00
   4.9528778e-01   8.9216311e-01
  -6.1284551e-01  -4.4286777e-01
   6.2853852e+00   4.1335272e+00
  -6.0550069e-01  -3.9569318e-01
  -6.6077146e-01  -6.0309210e-02
  -8.9579453e-01  -6.1930459e-01
  -7.5922067e-02   2.7983178e-01
   8.0879879e-01   1.1011672e+00
  -4.3911950e-01  -1.2922902e+00
  -4.7597807e-01  -1.2810111e-01
  -3.5032981e-01  -1.6931447e+00
   2.7152066e+00   2.2491181e+00
   2.7078665e+00   2.2285332e+00
  -2.5363714e-01  -6.3432172e-02
  -6.8598465e-01  -1.3092089e+00
   1.2209440e-01   1.4366063e-01
  -4.9214654e-01  -6.8027411e-01
  -1.0126779e+00  -9.5158503e-02
   1.2026387e+00   1.2245747e+00
  -2.9982259e-01   3.2681157e-01
  -2.6479297e-01  -2.1145914e+00
  -1.2426935e+00  -4.6928514e-01
   7.7826586e-01   1.1570351e+00
   4.6359373e-01   8.8709172e-01
   2.0134891e+00   1.7956251e+00
  -4.6691138e-01   7.2531534e-02
  -3.1650711e-01   6.7103839e-01
  -1.4322984e+00  -7.0265424e-01
  -2.1183208e-01  -2.8046905e-01
   6.9066984e-03   6.7565589e-01
   2.9676573e-02   4.1487067e-01
  -7.8465253e-01  -1.0951468e+00
   2.3954860e-01   7.4645486e-01
   1.0885676e-01  -2.1605715e-02
   1.2577111e+00   1.1346644e+00
   3.0989686e-02   5.7392334e-01
  -9.5118591e-01  -1.9840763e+00
  -5.5629400e-01  -1.6308553e-01
  -5.0981729e-01  -1.9064303e+00
   1.2012121e+00   1.2320067e+00
  -4.3954826e-01  -1.4078288e-02
  -9.6228846e-01  -9.3438151e-01
   2.6371803e+00   1.7377881e+00
  -1.0227629e+00  -7.8656612e-01
  -6.5858132e-01  -1.8222085e+00
   8.4361228e-02   3.1866335e-01
  -6.5913424e-01  -3.2141380e-01
   2.1064955e+00   1.7293852e+00
   2.0214856e+00   2.1276255e+00
   4.7902885e-01   7.6680072e-01
  -6.2291967e-01  -4.5620591e-01
  -7.4681826e-01  -3.0183112e-01
  -2.4660686e-01  -4.0931596e-01
  -1.2062594e-01   2.2003570e-01
  -7.0260496e-01   3.1827221e-02
  -1.1222241e+00  -5.6632788e-01
  -8.2051680e-01  -7.7480825e-01
   1.0737489e+00   6.1264557e-01
   9.5365066e-01   7.3340284e-01
   5.0079548e-01   7.6583912e-01
   9.0262257e-01   1.1516410e+00
   2.6323077e+00   1.9251156e+00
   1.5781440e+00   1.3191518e+00
  -6.2813261e-01   8.6995909e-02
  -4.9979028e-01  -4.8691013e-01
  -4.4849145e-01  -3.4447931e-01
  -4.6910945e-01  -1.0034381e+00
  -6.2704078e-01  -1.3914445e+00
  -9.6510346e-01  -1.2711361e+00
   4.7214162e-01   5.7807150e-01
  -2.2780159e-01  -5.2388093e-02
  -9.0650907e-01  -2.3510102e-01
   3.1484809e-01   7.3719469e-01
   4.5804955e-01   4.1754277e-01
  -8.7200567e-01  -1.2341468e+00
  -5.6153740e-01  -1.8943515e+00
   1.6810835e-01  -2.9866540e+00
   2.1559100e+00   1.6343997e+00
  -5.7785615e-01   7.2625022e-02
   8.0971502e-01   9.8162272e-01
  -3.4337967e-01  -1.9730432e+00
  -9.9786989e-01  -7.5354720e-01
  -5.6420702e-01  -6.1813318e-01
  -5.7156301e-01  -6.6212272e-01
  -1.3273396e-01   4.0853210e-01
   6.5161527e-01   9.3071803e-01
  -2.7437855e-01   2.2227639e-01
   2.6090309e-01   6.0598397e-01
   1.8343118e-01   8.7936069e-01
  -8.3379267e-01  -1.6590637e-01
   1.0639755e-01   7.9440867e-01
   1.2127708e-02   4.5913422e-02
   1.7029518e+00   1.4476120e+00
  -5.2771730e-01  -2.3300892e+00
   1.2712594e+00   1.0053409e+00
  -5.4348958e-01  -1.8286011e+00
  -5.2947718e-01  -1.4944679e+00
   1.8563169e+00   1.2977303e+00
  -6.5935701e-01  -2.4439310e-01
  -3.0233515e-01   1.7520114e-01
  -2.3490124e-01  -9.4912189e-01
  -7.0426838e-02   4.1366782e-02
   1.3892807e+00   1.2496464e+00
  -9.3797549e-01  -1.3734004e+00
  -9.6390980e-01  -5.3745994e-01
  -8.9397511e-01  -8.0425885e-01
   6.9534009e-01   9.6060717e-01
   9.4394433e-02   5.3966431e-01
   1.8622753e-01   2.7444212e-01
  -1.5946630e-01   3.6175164e-01
  -3.5089743e-02   4.1300727e-01
   4.6601879e-01   4.6233427e-01
   2.3122286e-01   3.3286227e-01
  -5.5955710e-01  -2.8154101e-01
  -9.0683770e-01  -5.5630851e-01
  -6.1124216e-01  -8.1726921e-01
   3.0698603e+00   2.2092572e+00
   1.1507723e+00   1.0673229e+00
  -1.3910936e-01   4.1175033e-02
  -4.7083904e-01  -1.6933768e+00
  -2.5291389e-01   5.0575265e-01
  -3.8103590e-01   4.4319477e-01
  -5.0603538e-01  -2.0946122e+00
  -5.7903636e-01  -1.1923623e+00
  -9.4556128e-02   3.4539262e-02
   2.0014950e-01   4.5748053e-01
  -4.9442615e-01  -6.5136259e-02
  -8.1993343e-03   3.3070140e-01
  -9.4359121e-02  -3.2410336e-03
   1.6546233e+00   1.4786851e+00
  -7.6864356e-01  -3.1219805e-02
  -5.7133871e-01  -3.3953450e-01
   6.4470899e-01   1.0160386e+00
  -5.1936274e-01  -1.6552948e-02
  -7.5761674e-01  -6.3226796e-01
  -7.8679814e-02   5.8377968e-01
  -8.7356727e-01  -6.9782000e-01
   5.1168864e-01   7.1241514e-01
  -9.5241768e-01  -9.2476004e-01
  -4.1946825e-01  -5.1142139e-01
  -6.3944113e-01  -2.7020736e-01
  -2.8332586e-01  -3.7191078e-01
  -1.5361592e-01   3.0443728e-01
   1.8296986e+00   1.6568487e+00
   7.5193501e-01   9.6111509e-01
  -4.0009199e-01  -1.2263922e-01
  -1.0017737e+00  -1.2867711e+00
   2.0195527e-01   9.4827453e-01
  -6.6136178e-01  -5.2990915e-01
  -7.5968458e-01  -5.6826471e-01
  -6.1444825e-01  -1.0563449e+00
  -7.5928472e-01  -5.6052426e-01
   4.3128461e-01   7.7172284e-01
   1.6178111e+00   1.4351483e+00
  -3.6893789e-01   6.7476646e-02
   1.8167029e+00   1.3580995e+00
  -7.5755860e-01  -6.6244828e-02
  -5.5280561e-01  -1.2707859e+00
  -4.7364363e-01  -8.6535993e-01
  -8.3137486e-01  -1.3308820e+00
  -7.0644353e-01  -3.9038767e-01
   3.7770883e+00   2.5246820e+00
  -6.6035464e-01  -3.7681840e-01
  -8.9685928e-01  -9.1057910e-01
  -9.6074251e-01  -3.4569361e-01
  -2.1837472e-01   8.2307828e-01
  -2.0149845e-01  -1.0386762e+00
   4.1502894e-01   8.7659869e-01
  -3.3649179e-01  -1.1952216e+00
   3.4112772e+00   2.5199492e+00
  -1.4015177e-01   5.1195396e-01
   3.1934422e+00   2.2988863e+00
   1.4692763e+00   1.3980736e+00
   7.6817377e-02   6.3702968e-01
  -6.0957753e-01  -7.2153869e-01
   3.4950679e-01   2.7743038e-01
  -8.0954669e-01  -6.2545850e-01
   7.9767959e-02   4.9172220e-01
  -6.0115966e-01  -8.6192586e-01
   2.9512216e+00   2.2708908e+00
   1.4953467e-01   3.5680897e-01
  -7.2976363e-02   7.2828197e-01
  -5.7145669e-01  -3.2087658e-01
   1.2566374e+00   1.2986466e+00
  -5.1566589e-01  -2.8258681e-01
  -7.3637474e-01  -9.8207917e-01
  -5.4841558e-01  -2.1471793e+00
  -6.1439811e-01  -1.0899082e+00
  -2.1865176e-01  -2.1840572e-01
  -1.0882944e+00  -1.5138499e+00
   1.1603359e-01   2.3162808e-01
   2.3900491e+00   1.7376443e+00
  -9.3223147e-01  -7.7760626e-01
   3.7847795e+00   1.8515484e+00
   9.2531313e-01   1.0630579e+00
  -3.1342796e-02   5.3848065e-01
   4.0654310e-03   5.5381865e-01
   6.3196069e-01   1.0637595e+00
  -8.0269906e-01   7.0217900e-02
  -1.8740945e-02   6.1656480e-01
  -3.7448939e-01   1.6014623e-01
  -3.3957197e-01  -3.2172223e-01
  -1.0938265e+00  -1.3808085e+00
   4.6396817e-01   6.9777391e-01
  -6.5208838e-01  -1.0177634e+00
   7.2291330e-02   2.6239512e-01
   7.2293073e-01   7.7144825e-01
  -3.9715761e-01   4.9374372e-01
  -8.8094362e-01  -6.0615050e-01
  -7.5835009e-02   2.9019850e-01
  -4.0479869e-01  -8.3134241e-01
  -1.8843966e-02   5.1800400e-01
   1.2745288e+00   1.3386808e+00
  -8.6690384e-01  -3.4568023e-01
   2.5977841e-01   9.6926457e-01
   3.5653328e+00   2.4453016e+00
   3.2271788e+00   2.1723037e+00
  -6.9547448e-01  -8.1645505e-01
  -7.3973363e-01  -8.4222792e-01
   5.4647274e-01   6.5802262e-01
  -7.1470854e-01  -2.4738652e-01
   2.4810395e+00   1.8979873e+00
  -1.4971632e-01  -2.2875458e+00
  -6.1717292e-01   1.1606976e-01
  -8.9916490e-01  -3.5594951e-01
  -5.7322964e-02   1.3474749e-01
   2.1182768e+00   1.7440842e+00
  -6.1402344e-01  -1.6866617e-01
  -6.2515693e-01  -6.9599453e-02
   2.1589936e+00   1.5061793e+00
  -4.8963399e-03   3.5556426e-01
  -3.5506772e-01  -3.0549719e-01
  -5.3219835e-01  -8.2340183e-01
  -7.8556273e-01  -5.4789068e-01
  -9.0219095e-01  -1.8403992e-01
   2.2575169e+00   1.6108611e+00
  -8.7745987e-01  -6.6931586e-01
   2.9207751e+00   1.9487941e+00
  -3.3656532e-03   3.7190729e-02
   2.7350865e+00   2.0057462e+00
  -9.7789538e-01  -3.3087174e-01
   3.8211753e-01   7.2855159e-01
  -5.7876340e-01  -7.4325403e-01
  -5.7482758e-01  -1.1135142e+00
  -8.6282297e-01  -4.7713899e-01
   1.1560237e+00   1.3272600e+00
  -7.6065924e-01  -7.6177993e-01
  -1.0104210e+00  -1.1030379e+00
  -4.9649828e-01  -6.6796395e-02
  -5.2207032e-01  -5.3578373e-01
  -7.3609580e-01  -1.1671149e-01
  -4.1721287e-01  -1.6394737e+00
  -6.9894347e-01  -1.8002947e-01
  -8.1745676e-01  -3.4063389e-01
  -6.5864341e-01  -3.3237165e-01
   3.0050892e-01   5.3025566e-01
  -9.0870679e-01  -1.5008731e+00
  -6.2984233e-01  -1.4112409e-01
   1.8463167e+00   1.7390959e+00
  -1.0385851e+00  -5.3727390e-01
  -6.3342322e-01  -4.6301147e-01
  -5.6234196e-01  -4.8248846e-01
   1.2687837e+00   1.4543313e+00
   1.4220386e+00   1.2790460e+00
   3.1840600e-01   5.1204864e-01
  -9.5615484e-01  -3.7889192e-01
   1.9032857e+00   1.6259911e+00
  -4.2444351e-02   3.7120101e-02
  -1.1350470e+00  -8.1449201e-01
  -1.2848636e+00  -7.9872469e-01
   1.9193598e+00   1.2793386e+00
  -1.2911989e+00  -4.7858168e-01
  -4.9618824e-01  -1.7086476e-01
   2.1246526e-02   3.0722161e-01
  -3.5508582e-02   4.6743333e-01
  -1.8021364e-01  -4.0623868e-01
   1.5916199e+00   1.4661722e+00
  -4.0229359e-01   1.3899974e-01
  -1.0175825e+00  -1.0620657e+00
  -8.0632420e-01  -5.1421424e-01
   2.0194958e+00   1.5504333e+00
   7.2364984e-02   4.4995348e-01
  -5.2592597e-01  -4.7352231e-01
   2.9127498e-01   2.9097064e-01
   1.0097740e+00   1.1232604e+00
  -5.0282190e-01  -1.3717010e-01
  -1.6180413e-01   5.4046591e-01
  -3.7934364e-01  -9.9236201e-03
   2.9828383e+00   2.1559048e+00
   4.5791866e-01   6.3240506e-01
   1.6843670e+00   1.8177077e+00
  -6.3513976e-01  -4.4123451e-01
   2.7208580e-01   3.5761526e-01
   1.0142206e+00   1.0730289e+00
  -1.0169290e+00  -5.0605767e-01
  -1.0126526e+00  -5.1635046e-01
  -3.5830224e-01  -5.0463542e-01
   1.8272209e+00   1.2712916e+00
  -6.8707662e-01  -2.6675447e-01
  -4.0014652e-01  -2.6795009e-01
   1.7111791e+00   1.5846971e+00
  -5.8157358e-01  -1.2996967e-01
  -4.8430906e-01  -5.0538749e-01
  -5.4910834e-01  -2.1157881e-01
  -1.9503284e-01   3.1773946e-01
  -7.2607814e-01  -2.6068816e-01
   1.9348068e+00   1.3957546e+00
  -9.6782429e-01  -8.2090353e-01
  -6.1628984e-01  -7.8353951e-01
   2.5284738e-01   6.5158901e-01
  -4.2609031e-01  -1.1171358e-01
   1.4055237e+00   1.6168426e+00
   7.2153943e-01   9.4685674e-01
   4.4535205e-01   7.7344158e-01
  -4.8638049e-01  -4.5928080e-01
   4.9130263e-01   7.8063684e-01
   1.6365369e+00   1.4542437e+00
   4.8752421e-01   9.6176614e-01
  -5.8513952e-01  -1.5579009e-01
   1.7034740e+00   1.7130893e+00
  -5.4347223e-02   5.2533243e-01
  -5.8286067e-01  -7.9767751e-01
   1.7226754e+00   1.3393504e+00
   2.8531857e-01   8.1078462e-01
   3.2827369e+00   2.4002337e+00
  -5.5390960e-01  -1.8522240e-01
  -7.0161010e-01  -2.0310027e-01
   1.3711471e+00   1.7219227e+00
   1.8373232e-01   5.0723966e-01
  -1.0965279e+00  -2.5878120e-01
  -2.1845402e-01   4.3738506e-01
  -3.7927615e-01  -3.0354634e-01
  -1.1041979e+00  -1.0484504e+00
  -3.8527381e-01  -7.5833955e-01
   6.1481117e-01   8.4489983e-01
  -8.0249999e-01  -2.9401136e-01
   1.8624764e-01  -1.7828953e+00
  -5.3337475e-01  -4.8724616e-02
  -1.7771742e-01   2.4955265e-01
  -3.1979808e-01  -7.5685471e-01
  -4.0808019e-01  -4.5998120e-01
   2.4755053e+00   1.7787108e+00
  -8.0967099e-01  -5.5293365e-01
  -5.3554974e-01  -6.9224413e-01
  -9.7830560e-01  -3.9269582e-01
  -1.8109748e-01   5.6467447e-01
  -9.5438417e-01  -6.0679308e-01
  -5.2123616e-01  -1.0760889e+00
  -6.0987027e-01  -8.3328902e-01
   7.6307784e-01   4.4585076e-01
   2.4812275e+00   2.0152112e+00
   2.6276019e-01   4.6055009e-01
  -7.9882253e-01  -6.0112448e-01
  -7.3831315e-01  -1.7718795e+00
  -8.5255635e-01  -5.6848954e-01
  -2.7413500e-01   5.2835924e-01
   2.6323213e+00   1.6806627e+00
   2.9817019e+00   2.0007829e+00
   8.9745995e-02   3.3753427e-01
  -3.3204481e-01  -4.0617863e-01
  -1.0485684e+00  -3.2744873e-01
   4.7939756e-01   7.8771677e-01
  -8.3669551e-01  -1.4459412e-01
  -7.8849273e-01  -9.4896750e-01
  -8.9215895e-01  -8.6542615e-01
  -4.5564137e-01  -5.0969179e-01
   9.5670672e-01   8.9754238e-01
   3.2155142e-01   5.8664275e-01
   2.5855042e-01   4.3763717e-01
  -6.4020907e-01  -1.4244623e+00
   3.3186129e-01   3.5731216e-01
  -8.5301529e-01  -1.3242790e+00
  -1.0054417e+00  -1.8290370e-01
  -2.7095952e-01  -2.7386949e-01
  -5.8436893e-02   1.3927298e-01
  -7.5597196e-01  -3.9199749e-01
   3.9742365e+00   2.5299342e+00
  -5.9521093e-01  -5.3544795e-01
  -2.3263820e-01  -2.3025360e+00
  -7.4474356e-01  -1.4091056e+00
  -3.3578940e-01   1.1760889e-01
   2.6974319e+00   1.7325923e+00
   8.0623701e-01   1.1058510e+00
  -9.4347983e-01  -8.0240074e-01
  -5.2001860e-01   2.1489756e-02
  -8.7488854e-01  -1.1528945e-01
   4.3918646e+00   3.0488471e+00
  -4.4737348e-01  -2.2404124e-01
  -7.4153960e-01  -1.1775250e+00
  -3.6850708e-01  -4.6427170e-01
  -2.1286565e-01   3.3444578e-01
  -8.6674190e-02   5.8243746e-01
  -1.2331828e-01  -6.1271894e-01
   1.6035307e+00   1.5650206e+00
  -5.6310672e-01  -3.8270743e-01
  -9.8906833e-01  -1.0544060e+00
  -4.8482000e-01  -1.2414286e-01
  -7.3473341e-01  -3.5919753e-01
  -1.2455482e+00  -8.4665021e-01
  -6.1308522e-01  -5.5914934e-01
  -6.2834906e-01  -3.1209839e-02
  -4.7337627e-01  -2.4089166e-01
   1.7138521e+00   1.3981538e+00
  -8.7107686e-01  -7.5874694e-01
   1.2334578e-01   7.4437407e-01
  -9.3890505e-01  -1.1496766e+00
   1.1813725e+00   1.0466262e+00
   6.1540259e-01   8.5734541e-01
   7.4372410e-01   1.0259075e+00
   1.6810072e-01   5.0046592e-01
  -7.0965853e-01  -6.0554668e-01
  -3.7499020e-01   7.0649626e-02
   2.0380890e-01   4.1393842e-01
   1.7342799e+00   1.2430666e+00
  -3.7379175e-01  -5.8043703e-03
  -6.0975471e-01  -3.0387633e-02
  -3.4924592e-01  -1.5840889e-01
   8.7761672e-01   7.0186396e-01
   1.5397647e-01   3.5334926e-01
   1.9696006e+00   1.4347845e+00
  -7.1598926e-01  -2.8305189e-01
  -6.5689197e-01  -6.8456113e-01
   1.2244128e+00   1.2650211e+00
   3.5185535e+00   2.2313263e+00
  -6.9465410e-01  -7.2028880e-01
  -1.8711584e-01  -2.2676179e+00
   1.2539542e+00   1.1181338e+00
  -6.4256173e-01  -8.8917714e-01
  -5.5751301e-01  -1.6733113e+00
  -7.1489947e-01  -6.5074952e-01
  -2.7093653e-01   1.6613091e-01
  -2.5238276e-02   2.1047944e-01
   8.3885637e-01   9.8599453e-01
  -9.6044623e-01   7.6598644e-02
  -3.7214309e-01   3.4732391e-01
   3.7181977e-01   9.5980946e-01
   9.5840279e-02   5.5838466e-01
  -5.2495398e-01  -3.8808754e-01
  -4.2003327e-01   9.6421839e-02
   7.3154584e-01   8.7670666e-01
  -8.0132187e-01  -1.6910384e+00
  -5.7863309e-01  -9.0479980e-01
   3.5161697e-01   6.5518655e-01
   7.7200570e-01   6.0258392e-01
  -4.6400404e-01  -2.9833799e-01
  -9.4585707e-01   7.3270031e-02
  -3.0315364e-01  -2.9438826e-01
   7.4798455e-01   6.6403843e-01
  -4.5744865e-01   8.5764044e-02
   1.2288834e+00   1.5034766e+00
   2.3100569e+00   1.8427168e+00
  -6.0615033e-01  -9.0850857e-01
  -8.8148143e-01  -4.3056471e-01
  -8.6729179e-01  -8.4353033e-01
  -9.6459339e-02   2.8172666e-01
   8.4800647e-01   1.1737036e+00
   5.9435155e-01   7.9844255e-01
  -1.1204300e+00  -2.5012778e-01
  -5.8268555e-01   5.0836112e-02
  -9.0811831e-01  -6.7988965e-01
  -9.0392532e-01  -9.8090609e-01
  -5.6673546e-01  -1.6835161e+00
   9.6657106e-01  -3.2661054e+00
  -1.2637931e+00  -4.8655457e-01
  -7.5089601e-01  -3.8711814e-01
   1.0810961e+00   1.1747270e+00
  -4.6605935e-01  -8.7792416e-01
   6.8554147e-02   3.4603030e-01
  -1.0344966e+00  -8.9359625e-01
  -1.0823047e+00  -8.2649639e-01
   4.1915045e-01   1.2521082e+00
  -2.7620101e-01   2.8969183e-01
  -8.6052545e-02   4.6015876e-01
  -1.0730692e+00  -1.1742209e+00
   7.2524236e-01   1.3438431e+00
   2.5230171e+00   1.6255113e+00
  -2.2866087e-01   4.7339900e-01
  -5.7444917e-01  -3.1200536e-01
  -7.6460878e-01  -6.2429375e-01
  -7.2462030e-02   1.4554042e-01
   9.5884444e-02   2.7275660e-01
   4.3089994e-01   5.6856165e-01
   1.1196678e-02   5.6865943e-01
   1.5537254e+00   1.3909300e+00
  -9.2077742e-01  -9.9513108e-01
  -4.1089098e-01  -1.3002218e+00
  -7.5533256e-01  -9.8973415e-01
   1.8923511e+00   1.5458647e+00
   1.7023757e+00   1.0844998e+00
   2.4437673e+00   2.1426156e+00
  -4.9031886e-01  -1.9554623e-01
  -5.5071104e-01  -6.6833419e-01
  -9.4618293e-01  -1.3591968e+00
   5.5631170e-01  -2.8323791e+00
  -9.2945628e-02   3.4818233e-02
  -4.8650636e-01  -1.1184948e-01
   1.6377338e+00   1.4199672e+00
  -1.0479795e-01   4.1350948e-01
  -3.8082279e-01  -3.0222495e-01
   3.6410288e-01   4.8679168e-01
  -1.0171650e+00  -1.4982213e+00
  -9.7253689e-01  -8.6163033e-03
  -1.6903056e-01   2.8542109e-01
  -1.4810922e-01   1.2572473e-01
   1.7206116e+00   1.3813742e+00
  -5.4863603e-01  -1.3932320e-01
  -6.1347151e-01  -1.5215335e+00
  -7.7405691e-01  -4.9851012e-01
   2.6915734e+00   2.1722339e+00
  -6.3585659e-01  -2.0879393e-01
  -5.9692784e-01  -6.8294908e-01
   8.6699569e-01   1.0344346e+00
   2.2894680e+00   1.3899121e+00
   3.0326623e-01   1.1868185e-01
  -7.4433565e-01  -2.9163866e-01
  -1.7203784e-01  -1.8576368e+00
  -4.5338953e-01  -1.3921002e-01
   1.6631387e+00   1.8118374e+00
  -2.6983726e-01   1.0263554e-01
  -5.7965995e-01  -1.7339794e+00
  -9.8742398e-01  -8.7469954e-01
  -7.8399734e-01  -5.1344168e-01
  -3.6825976e-01  -7.0946276e-02
  -7.2791866e-01  -8.0587221e-01
  -7.7079351e-01  -7.0390191e-01
  -6.5362937e-01  -2.7829222e-01
  -6.5156856e-02  -1.2174207e-01
  -4.1777741e-01  -4.5844637e-01
  -8.8007554e-01   4.5596299e-02
  -1.0898870e+00  -9.0961974e-01
  -2.4241365e-01   6.1257031e-01
   1.8104466e+00   1.8972965e+00
   2.2597923e+00   1.7338427e+00
  -2.4376786e-01   1.8549045e-01
   2.8678672e-01   6.5281569e-01
   2.5348894e-01   4.9361754e-01
   6.0091752e-02   5.1948889e-01
  -5.1854158e-01   9.6254178e-02
  -6.7574599e-01  -9.4258495e-01
  -5.4185147e-01  -7.3177842e-01
   9.0367961e-02   2.6440624e-01
  -9.5383772e-01  -7.3827826e-01
  -5.4485067e-01  -1.4234925e+00
  -2.3815027e-01   2.8783846e-02
  -4.0580175e-01   1.9230935e-01
  -8.8023869e-01  -4.1203576e-02
   1.0537946e+00   8.7126109e-01
  -7.9494026e-01  -9.3064962e-01
   9.4392916e-01   1.1787905e+00
  -1.7183315e-01   1.9920197e-01
  -6.5478356e-01  -1.0936865e+00
  -6.0155960e-01   3.2014962e-01
   6.8074535e-01   6.4465488e-01
   4.0794237e-01   1.1513102e+00
   1.5722334e+00   1.3144576e+00
  -6.3153221e-01  -8.5649026e-01
  -9.0691901e-01  -9.3676951e-01
  -7.7942832e-01  -4.1578199e-01
  -8.3553999e-01  -1.6751036e+00
  -7.5852983e-01  -9.6295035e-01
   9.3836352e-01   4.5647363e-01
  -7.5416750e-01  -4.6896821e-01
   1.6624135e-01   2.5012394e-02
  -7.3884537e-01  -1.6321180e+00
  -8.6789157e-01  -4.6991108e-01
  -8.0208475e-01  -1.1884408e+00
  -4.3159472e-03   5.5102631e-01
  -5.6980979e-01  -8.2193610e-01
  -6.3547152e-01  -5.1407022e-01
  -5.5479040e-01  -5.1289100e-02
  -3.6220176e-01  -4.5765961e-01
  -5.1741134e-01  -4.7178367e-01
  -6.1775985e-01  -3.9074055e-01
   2.2609430e-01   7.2407066e-01
   4.8407749e-01   6.7240376e-02
  -7.4355722e-01  -1.3017398e+00
  -9.9572359e-01  -6.9905228e-01
  -3.7559763e-01   1.5222586e-01
   1.2179573e+00   1.3386126e+00
   7.2809762e-01   9.4186334e-01
  -4.0141596e-01  -6.7278341e-02
   5.3412920e-01   7.2133769e-01
  -3.8723046e-01  -1.2574790e+00
  -2.4376232e-01  -2.8258066e-02
  -5.7299214e-01  -1.7420626e-01
  -3.5668888e-02   3.7523859e-01
  -1.3093855e+00  -1.1527174e+00
  -5.2847688e-01  -1.2562227e+00
   1.5209763e+00   1.4085769e+00
   1.0161179e+00   1.4775838e+00
   5.9708937e-01   7.3704233e-01
   2.4216747e-01   9.2020947e-01
  -8.6372501e-01  -1.0223214e+00
  -1.1403675e-01   1.8030121e-01
   2.0860970e-01  -2.0722389e+00
  -4.9325528e-01   1.6139937e-01
  -1.3416818e-01  -5.3785920e-01
  -8.0340853e-01  -7.0666446e-01
  -4.3549037e-02   2.7193936e-01
   4.2044714e-01   7.3100810e-01
  -3.3902199e-01  -2.0583601e+00
  -9.3876014e-01  -2.8673770e-01
   1.6664057e-01   5.0049512e-01
   1.5790340e+00   1.4301948e+00
  -7.4089523e-01  -2.1407748e-01
   6.3661747e-01   8.5702086e-01
   1.5577475e+00   1.4241071e+00
  -6.1810152e-01  -1.4216411e+00
  -2.3153235e-01   6.5464787e-02
  -5.0529470e-01  -1.7488564e+00
  -1.2782125e+00  -9.4001459e-01
   7.6412516e-02   4.3433080e-01
  -4.0107194e-01  -1.0208155e+00
   6.5053880e-01   6.3697350e-01
  -8.4476562e-01  -1.2681244e+00
   1.6238091e+00   1.2643127e+00
  -2.2713919e-01  -2.6806076e-01
  -4.0709668e-01  -4.4039428e-01
   1.4547850e+00   8.2524969e-01
  -5.0244651e-01  -3.6140786e-01
  -8.1050935e-01  -1.2096643e+00
  -3.6502428e-01   1.5450336e-01
  -4.4613756e-01  -2.2530162e-01
  -1.0034228e+00  -7.7614408e-01
  -9.2202387e-01  -4.4272239e-01
   1.6677899e+00   1.3546603e+00
  -3.7235702e-01  -3.3864983e-01
   3.0174773e+00   2.1819986e+00
  -7.7730912e-01  -6.9488176e-01
   9.3668787e-01   8.8324212e-01
  -9.6681981e-01  -1.0350845e+00
   3.0506640e-01   7.1070103e-01
  -3.4099338e-01   1.9439694e-01
   7.8834486e-01   7.0774219e-01
  -7.3568590e-01  -5.1982575e-01
  -4.7532386e-01  -6.5393851e-02
   3.0835941e-01   4.1502276e-01
   1.2248949e+00   1.2525954e+00
  -8.4518762e-01  -7.2771803e-01
   4.3500229e-01   5.7307988e-01
   6.9246550e-01   5.5893582e-01
  -3.8959492e-01  -4.9990379e-01
   2.2576974e+00   1.5626072e+00
   1.1396519e+00   1.0315054e+00
  -2.9749363e-01  -4.9006000e-02
  -7.5924755e-01   6.8328536e-02
  -1.3618529e+00  -4.7224247e-01
   1.0874561e+00   1.0810838e+00
  -9.6194992e-01  -1.2956680e+00
  -8.4484605e-01  -1.4416322e+00
   2.1634665e-01   4.9195968e-01
   6.9319836e-01   8.0820745e-01
  -9.6805787e-01  -3.5860291e-01
  -5.0578896e-01  -7.5921509e-01
  -4.4239212e-01  -8.9517701e-01
   4.9911968e-02   9.7995038e-02
  -9.0570628e-01  -8.8885602e-01
   5.6443720e-01   6.0775780e-01
  -8.6926061e-01  -1.4439937e+00
  -1.0724991e+00  -1.0778219e+00
   2.8411945e-01   6.5154863e-01
  -1.6597878e-01   1.5643226e-01
   1.8835719e+00   1.7909145e+00
  -1.5018529e-01   1.6454383e-01
  -3.1735886e-01  -3.2672221e-01
  -5.7162025e-01  -6.1024023e-01
  -3.1048278e-01   1.3920067e-01
