   6.5878731e-02   6.4422908e-02
  -1.4696327e-01   2.8809208e-01
  -1.5247930e+00   2.2068844e+00
  -9.0776220e-01   5.7734742e-01
   8.9655367e-01  -6.7994052e-01
  -1.2994643e+00   1.2238079e+00
   1.5984297e-01  -1.5209131e-01
  -6.1154939e-01   3.7075481e-01
   2.9071208e-01  -1.7527358e-01
   1.0055009e+00  -6.7358762e-01
   8.7500480e-01  -5.9613360e-01
   1.1421139e+00  -9.5648590e-01
   1.4812716e+00  -1.1791910e+00
  -1.1259108e+00   1.0119800e+00
   9.4424617e-01  -9.3474761e-01
   1.0931323e-01  -8.1451693e-02
   8.2783881e-01  -6.0112153e-01
   9.5538745e-01  -9.1682480e-01
   8.1376520e-01  -5.1062075e-01
  -1.5784313e+00   9.8861588e-01
   5.2530338e-01  -1.7580474e-01
   1.0046178e+00  -9.3054725e-01
   1.3487854e+00  -2.0247934e+00
  -1.7835694e-01   1.3885944e-01
   1.3858613e+00  -1.3079561e+00
   1.0167803e+00  -1.8110463e+00
  -2.2001587e-01  -1.0550756e-01
  -1.0211123e+00   8.1132737e-01
  -1.3898630e+00   1.2145004e+00
   9.5249817e-02  -1.5357623e-01
   1.3066955e+00  -1.4568842e+00
  -1.4501123e+00   1.4443663e+00
  -9.6508414e-01   8.1670495e-01
  -1.3901026e+00   1.1912429e+00
  -3.4943754e-01   3.6486435e-01
  -1.2444180e+00   9.2321523e-01
   1.1897931e+00  -1.0508503e+00
   4.8275805e-01  -4.7626816e-01
   9.0310256e-01  -7.1597833e-01
  -1.1975342e+00   1.0074995e+00
   6.4898300e-01  -4.0817538e-01
   1.9385302e-01  -4.1764284e-02
   1.4236216e+00  -1.3403255e+00
  -1.4131061e+00   1.0603083e+00
  -8.7203299e-01   5.4143195e-01
   1.2316089e-01  -3.5993435e-02
  -5.9148167e-01   4.6030350e-01
   3.8589084e-01  -3.2461638e-01
   1.2390796e+00  -1.4873184e+00
   9.9239608e-01  -3.1322359e-01
   1.4360727e+00  -2.0617113e+00
  -2.3251713e-02   1.0940734e-01
  -8.3445376e-01   6.4028203e-01
   1.2550730e+00  -2.1828508e+00
   5.7593867e-01  -3.0839703e-01
  -3.4221692e-01   3.1218225e-01
  -1.9071843e-01  -2.4342131e-02
  -2.0720150e-01   1.5407381e-01
  -1.3546819e+00   1.3211574e+00
  -1.8568916e+00   1.2565110e+00
   1.3692191e+00  -1.4293120e+00
   6.7034870e-01  -5.1575265e-01
   1.4830909e+00  -1.5406288e+00
  -9.3758768e-01   1.0409974e+00
  -6.4202608e-02   3.2612379e-01
  -6.6554124e-01   5.7537451e-01
   7.1511054e-01  -3.0353381e-01
   9.2940741e-01  -6.1041749e-01
  -6.4372315e-01   5.8064171e-01
  -9.7391415e-01   7.7686451e-01
   7.1142162e-01  -3.8089567e-01
   5.3870578e-02  -3.3012180e-02
   1.1635297e+00  -7.8961632e-01
   3.7472024e-01  -2.6262889e-01
  -1.6434637e-02   1.3560838e-02
   4.5984058e-01  -3.7114504e-01
  -4.0611947e-01   3.7021332e-01
   7.2105905e-01  -4.9432170e-01
  -3.6161956e-01   4.6859803e-01
   4.8543632e-01  -2.9609895e-01
   1.3633634e+00  -1.2824199e+00
  -2.9747681e-01   1.6288188e-01
  -6.8971130e-01   6.6979898e-01
  -1.6883575e+00   2.3221181e+00
   1.5035120e+00  -1.1974281e+00
  -9.9391667e-01   8.2553805e-01
  -2.3807883e-01   2.2234598e-01
   1.2725589e+00  -1.2965835e+00
   1.0909422e-01   8.9384089e-02
  -3.6925407e-01   1.5071429e-01
  -1.2964128e+00   8.4742648e-01
   8.9771036e-01  -6.9602800e-01
   1.0308672e+00  -8.0527035e-01
   1.3367228e+00  -1.6814078e+00
   1.1160992e+00  -1.0067847e+00
  -1.4449395e+00   8.1079938e-01
  -4.1962422e-01   1.4378300e-01
  -7.9189305e-01   4.4213322e-01
   1.0758330e+00  -1.3344874e+00
  -1.4146015e+00   1.0338831e+00
   1.6717912e+00  -1.5419349e+00
  -1.9831463e-01  -1.3066725e-01
   2.6416126e-01  -1.2047085e-01
   1.0541681e+00  -9.5629376e-01
  -1.4058651e+00   1.0649754e+00
   4.8134611e-01  -4.1781928e-01
  -1.2957059e+00   1.1614533e+00
  -7.2599789e-01   5.2804874e-01
  -5.6231942e-01   2.3131130e-01
  -2.2493584e-01   4.6086300e-01
   1.0552811e+00  -9.8390807e-01
  -4.2425686e-01   1.9616819e-01
   1.2332147e+00  -1.3178008e+00
  -7.0654241e-01   7.7249152e-01
  -1.6476249e-01  -1.6885238e-01
   2.0267049e-01  -2.0253947e-01
   1.2828111e+00  -1.2661367e+00
   9.3818795e-01  -1.2086625e+00
   1.2956303e+00  -1.2547535e+00
  -1.5386075e+00   1.3517733e+00
  -1.2342259e+00   5.0256028e-01
  -6.4826567e-01   3.5072059e-01
  -1.3165253e+00   9.0608949e-01
   3.0116668e-01  -1.2391117e-01
   1.0446985e+00  -7.1380613e-01
  -1.5581259e+00   1.1147071e+00
   6.5215832e-01  -6.3688399e-01
   1.4062636e-01   4.8381297e-02
   1.1920804e+00  -7.4720749e-01
  -1.7924982e+00   1.8288825e+00
   1.1462300e+00  -1.5481088e+00
   4.1811097e-01  -2.5998564e-01
   7.5564278e-01  -6.8124791e-01
   1.0305810e+00  -9.8931453e-01
  -3.2096525e-01   1.2178381e-01
  -1.3183151e+00   6.7168167e-01
  -1.7583163e-01   1.8042159e-01
  -3.1267736e-01   2.4103127e-02
   1.2920721e+00  -1.8722166e+00
   1.2708777e+00  -1.8513722e+00
   5.3552401e-01  -4.5458250e-01
   1.0172097e+00  -8.2990670e-01
  -1.3436238e+00   2.6305816e+00
   1.3823692e-01  -5.9347528e-04
  -1.8282602e+00   2.1767010e+00
   2.3070357e-04   3.2544390e-02
   2.1272306e-01  -5.8916241e-02
  -5.0927746e-01   1.6506593e-01
  -3.6895723e-01   7.8219481e-02
  -1.3799455e-01   2.3094431e-01
  -8.6082089e-01   7.1961741e-01
  -9.6280216e-01   9.1804154e-01
  -7.7121910e-01   2.2709567e-01
   1.0736754e+00  -1.7383008e+00
  -8.8702686e-01   3.8661841e-01
   6.9137102e-01  -3.0989896e-01
  -1.5816230e+00   1.8574467e+00
  -4.3779883e-01   4.3591481e-01
   1.1146468e+00  -2.0617406e+00
  -5.4378588e-01   2.0490439e-01
   1.3789743e+00  -1.5171889e+00
  -1.6780689e+00   1.3011718e+00
   1.4498124e+00  -1.5961104e+00
  -1.2935775e+00   1.0131780e+00
  -1.7393202e+00   2.2041868e+00
   1.2637366e+00  -6.2937627e-01
   5.2809325e-01  -2.4644362e-01
  -4.0845462e-03  -1.8596638e-01
  -2.9096162e-02  -5.6294192e-02
  -1.5419931e+00   2.3726714e+00
  -3.7829419e-01   3.2481752e-01
  -4.1109007e-01   3.5205721e-02
   1.4216164e-01  -4.8380224e-01
   4.8146923e-01  -6.6753645e-01
  -1.2763681e+00   1.2095630e+00
  -1.1601814e+00   9.2015820e-01
   1.2509617e+00  -7.9336979e-01
   1.2693479e+00  -1.7603658e+00
  -1.3602326e+00   9.2289610e-01
  -1.2116010e+00   9.6503677e-01
   6.8645922e-01  -3.5222146e-01
   9.8632393e-01  -5.8527636e-01
  -1.3907242e+00   1.3778519e+00
  -9.5325910e-01   8.4942569e-01
   1.0069378e+00  -5.3603448e-01
   1.7484892e-01   1.8949182e-01
   3.3433138e-01  -3.1382496e-01
   9.4445774e-01  -4.0843250e-01
  -1.5066294e+00   1.0024580e+00
  -1.4650365e+00   1.1961296e+00
   4.0073825e-01  -8.9061764e-02
  -4.8487239e-01   6.4156519e-01
   6.3909027e-01  -2.5500562e-01
   1.3115564e+00  -2.3373088e+00
  -1.1400275e+00   4.3827669e-01
  -1.3471122e+00   1.0451964e+00
   5.3098159e-01  -2.9093161e-01
   1.3457421e+00  -8.1710209e-01
   8.7101917e-01  -5.2408791e-01
   1.1440949e+00  -8.8045605e-01
   2.9022732e-01  -2.4807433e-01
  -1.2899124e+00   1.0176464e+00
   7.7320996e-01  -7.8213504e-01
  -2.1046950e-01   9.5651769e-02
  -1.6499033e+00   1.1436349e+00
  -1.7015468e+00   2.3932258e+00
   4.5538669e-01  -1.6103779e-01
   1.1584147e+00  -8.5935195e-01
  -1.3528191e+00   1.4632611e+00
   1.2079434e+00  -1.2151387e+00
   1.2224591e+00  -1.0935599e+00
   6.9328540e-01  -3.0685375e-01
   6.3151842e-01  -3.7988526e-01
   2.6768839e-01  -2.2486983e-02
   3.1217312e-02  -2.6922689e-01
   7.4150897e-02   7.2245102e-02
   1.2351156e+00  -1.0689725e+00
   1.3684429e+00  -7.8097690e-01
  -1.0803975e+00   8.6673751e-01
   1.4066099e+00  -2.1721005e+00
  -9.8637488e-01   7.3570723e-01
   5.2483334e-01  -1.7928591e-02
   9.1125969e-01  -7.7784389e-01
   1.2036173e+00  -1.2141463e+00
  -1.2009098e+00   3.7345240e-01
  -3.8421740e-01   2.5545829e-01
   2.0563487e-01  -5.9743753e-02
  -1.6075639e+00   1.5084466e+00
   1.5471211e-01  -6.2471281e-02
   1.7334579e-01   1.2648652e-01
  -1.2584785e+00   1.1270519e+00
   1.0490531e+00  -7.4009943e-01
   1.5515395e+00  -1.3801807e+00
  -6.6373675e-03  -1.0383821e-01
   9.9706236e-01  -7.5738889e-01
  -5.0155240e-01   7.1489562e-01
   6.6934382e-01  -4.1977810e-01
  -8.7636058e-01   4.6264159e-01
   9.3907367e-01  -5.2928180e-01
   1.1476631e-01  -2.3372399e-01
  -8.8021335e-02  -1.2846576e-01
   8.3812040e-01  -7.0416020e-01
  -9.8926969e-01   1.2023097e+00
   8.9315970e-01  -6.4535726e-01
  -1.1653391e+00   1.0097898e+00
  -1.3904904e+00   9.3383879e-01
   1.3009649e+00  -1.1743034e+00
  -8.0191960e-01   6.5381380e-01
  -1.4506772e+00   1.0578295e+00
   1.3419347e+00  -1.1929691e+00
   1.2468612e+00  -6.9419304e-01
   4.2360986e-01  -2.4186730e-01
   5.7638367e-01  -7.1864420e-02
   4.5833118e-01  -3.1091888e-01
   6.9501366e-01  -3.4202689e-01
  -1.6721884e+00   1.9291343e+00
  -1.6688446e+00   1.4807517e+00
   5.3494688e-01  -3.3503452e-01
  -1.6115381e+00   1.4139160e+00
  -1.5767991e+00   1.9290870e+00
  -9.2876264e-01   7.7820651e-01
  -1.1786790e+00   1.4008778e+00
  -7.4763682e-02   2.0571326e-01
  -8.0747540e-01   5.2152554e-01
   6.3160420e-01  -5.3087422e-01
  -3.2854935e-01   1.8382195e-01
   1.3888595e+00  -1.3750811e+00
  -9.8957527e-01   8.7597844e-01
   8.4288563e-01  -6.0232106e-01
  -3.7202473e-01   3.0861152e-01
   1.0370352e+00  -4.2128026e-01
   1.1359914e+00  -1.6608607e+00
   1.6859011e-01  -2.1002131e-02
  -1.3216135e+00   2.5579257e+00
  -9.8203072e-01   8.5387883e-01
  -1.6022100e+00   1.6806962e+00
  -1.7087798e+00   1.3210005e+00
  -6.3525818e-01   4.7136552e-01
  -9.4345469e-01   3.4135210e-01
  -4.4031114e-01   1.8460866e-01
  -5.8279793e-02   1.9129789e-01
  -1.4868762e+00   1.6183118e+00
   1.0489752e+00  -5.7153588e-01
   6.2927139e-01  -5.1480870e-01
  -2.3520952e-01   1.3475705e-01
   5.1784805e-01  -5.0981911e-01
   1.1142675e+00  -9.7133258e-01
  -5.1573106e-01   3.8643404e-01
  -6.8533387e-01   6.9139180e-01
   5.0963958e-01  -6.6802239e-01
   6.6358280e-01  -7.6804488e-01
   1.2804122e+00  -1.5259162e+00
   2.6965680e-01   1.7447071e-01
  -3.6178734e-01   3.4518314e-01
  -9.1897519e-01   9.3026239e-01
  -1.1069456e+00   1.2105584e+00
  -1.4977363e+00   2.2592848e+00
   6.1668237e-01  -2.2278277e-01
  -7.0123409e-01   7.5274820e-01
  -3.5626245e-01   3.9304170e-01
   4.8435637e-01  -1.4830016e-01
  -7.8380010e-01   3.8389446e-01
   9.3598477e-01  -9.6321780e-01
  -8.7051041e-01   6.3666368e-01
   1.9716748e-01  -7.2777670e-02
   1.2099525e+00  -1.1188613e+00
   6.8601636e-01  -5.1458092e-01
   2.5690866e-01  -1.4950240e-01
   1.2672071e+00  -9.4091371e-01
  -1.4946532e+00   1.1568656e+00
   6.8037836e-01  -3.7622306e-01
  -1.9740945e-01  -2.2040443e-01
  -9.4826966e-01   8.4350395e-01
   1.0535061e+00  -5.9142077e-01
   4.5137253e-01  -2.1322348e-01
   1.2655715e+00  -1.1062554e+00
  -2.6845539e-01   3.1154391e-01
   8.9951247e-01  -3.9606574e-01
  -1.0690933e+00   8.1921539e-01
   6.1800444e-02  -3.6018993e-02
   3.5096003e-01  -1.4708960e-01
   8.5619766e-01  -3.5897069e-01
   4.9035924e-02   1.8168839e-01
   2.5512021e-01  -9.2587895e-02
   1.1172749e+00  -5.0807115e-01
   1.0841073e+00  -7.6274402e-01
   4.5151542e-01  -8.1180983e-02
   4.0676160e-01  -8.6153573e-02
   1.0187139e+00  -3.6830551e-01
   2.0800119e-01  -1.5406442e-01
   7.6787997e-02   1.9191382e-01
  -1.3184838e+00   1.0566599e+00
  -9.7238064e-02  -9.2668194e-02
   1.9419821e-01   1.0698450e-01
  -1.6857114e+00   1.6689180e+00
   1.3434058e+00  -1.3812597e+00
  -1.1750746e+00   8.1867281e-01
   7.0532463e-02  -2.5969734e-01
  -1.3771586e+00   1.4893845e+00
   2.3406399e-02  -1.3042284e-01
   1.1501054e+00  -6.1975436e-01
  -1.1758291e+00   8.7461991e-01
   1.3901655e+00  -1.0999348e+00
   1.6243863e-01  -3.2878829e-02
   1.4305101e+00  -4.8556230e-01
  -3.5996767e-01   1.2256767e-01
   1.4581348e+00  -1.4672513e+00
  -1.0085744e+00   8.1653320e-01
  -2.3721109e-02   3.6058924e-01
  -1.2512615e+00   9.5154025e-01
  -1.7177212e+00   1.0973863e+00
   3.0692300e-01  -1.6046022e-01
  -6.6550234e-01   3.1869577e-01
  -1.3372706e-02   1.0658306e-01
  -1.1442140e+00   9.0383365e-01
   7.8926523e-01  -7.1048464e-01
   1.7111522e-01  -1.7346977e-01
  -1.4760801e+00   1.8303034e+00
   4.7067872e-01  -7.5587750e-02
  -1.4169969e+00   1.4277161e+00
   1.4060415e-01   1.0087281e-01
   1.2978038e+00  -1.1146468e+00
   1.1915241e+00  -7.0884886e-01
   9.1915362e-01  -7.9883034e-01
   1.1559197e+00  -1.5834529e+00
   5.9035437e-01  -2.2035857e-02
   5.6029925e-02  -7.9188490e-02
  -7.2034168e-02  -6.8643958e-02
   1.5384449e+00  -1.5656149e+00
  -1.0930610e+00   6.5613610e-01
  -1.0664873e+00   6.5331754e-01
  -1.6364588e+00   1.9889745e+00
  -4.1952648e-01   4.6373864e-01
   1.5321546e+00  -1.8980463e+00
   1.0862203e+00  -1.1062749e+00
   4.5837126e-01  -5.9721642e-01
   1.2740453e+00  -1.0843850e+00
  -8.5820073e-01   7.5962643e-01
   7.7284371e-01  -6.7806776e-01
  -2.3963290e-01  -1.2995898e-02
   9.9650401e-01  -5.8442394e-01
  -5.7421299e-01   3.8247272e-01
   1.8919346e-01  -5.4887057e-01
   7.2904195e-01  -1.4823845e-01
   1.0679958e+00  -8.2637587e-01
  -1.7955999e-02   8.0050902e-02
   1.0582898e+00  -1.1114057e+00
   7.5003332e-02  -1.6348432e-01
  -1.9830811e-01   1.5581415e-01
   8.6887150e-01  -7.0613235e-01
  -1.6611943e+00   1.7440994e+00
  -1.4636366e+00   1.4116737e+00
   1.2975871e+00  -1.4337651e+00
   8.9595970e-01  -3.9243410e-01
   7.5316033e-01  -4.1691042e-01
   1.3895556e-01  -9.8256930e-02
   7.6160473e-01  -3.8968453e-01
  -1.7210102e+00   1.9738540e+00
   1.0818000e+00  -9.2402824e-01
   2.0830189e-01  -1.8530961e-01
   4.6936325e-01  -6.5823531e-01
  -9.9849857e-01   8.5653768e-01
  -3.4634387e-01   4.8019735e-01
   9.0928336e-01  -7.1099582e-01
   1.0746495e+00  -1.2847041e+00
   5.1086490e-01  -3.7243656e-01
  -2.4352024e-01   1.8619162e-01
  -1.5127554e+00   1.5577216e+00
   1.0414918e+00  -7.3034205e-01
   1.3827968e+00  -2.0450944e+00
  -1.5125867e+00   2.3678835e+00
  -1.3106173e+00   1.0984272e+00
  -1.8046576e-02   3.1558511e-01
   1.3518051e+00  -1.9440832e+00
  -2.1617855e-01   3.0906778e-01
  -1.6846302e-01   1.3676014e-01
  -1.5730080e+00   1.7150834e+00
  -3.1282513e-01   1.9159356e-01
  -2.4944483e-01   2.3014257e-01
  -2.0722131e-01   4.5285986e-01
   1.5482424e+00  -1.3346939e+00
   9.3383870e-01  -6.3318791e-01
   1.1826407e+00  -8.5794368e-01
  -9.0711341e-01   7.3297221e-01
  -1.3282651e+00   1.1521985e+00
   4.1079667e-01  -3.8702532e-01
   3.1042215e-01  -3.8521003e-01
  -1.0124340e-02  -1.6199834e-01
  -4.8620759e-01   3.5155018e-01
  -6.6390615e-01   6.0061996e-01
  -3.0771988e-01   1.0284067e-01
  -1.5413383e+00   1.1937866e+00
  -1.8125522e+00   1.5720424e+00
   1.2827992e-01  -1.8926711e-01
   2.5586150e-01  -2.6839268e-02
  -1.3924911e+00   9.5933042e-01
   4.6457921e-01  -1.7673259e-01
  -2.5207021e-02  -1.5257758e-01
   1.3094542e+00  -1.6719538e+00
   5.2059323e-01  -3.1107119e-01
  -2.3496101e-01   2.1295052e-01
  -4.9372129e-01   2.7660488e-01
  -9.7612313e-01   7.6124816e-01
   1.3620749e+00  -1.5681932e+00
   1.3695807e+00  -1.9135759e+00
   6.6310723e-01  -3.6871896e-01
   1.1589748e+00  -7.4166753e-01
  -4.0264117e-01  -4.1239683e-02
   2.0190684e-01  -5.3256368e-02
  -8.9174211e-01   6.7866602e-01
  -3.7880704e-02   1.4270276e-01
  -9.7700697e-01   5.7003988e-01
  -1.1580233e+00   6.6620457e-01
   1.4164598e-01   1.4897135e-01
   1.4677891e+00  -2.3343083e+00
  -1.7087240e+00   1.7587253e+00
  -4.2387095e-01   3.3823571e-01
   8.8738486e-01  -7.8980165e-01
   1.5118501e+00  -2.0155774e+00
  -7.5965949e-01   4.2859792e-01
   8.5563846e-01  -3.9318762e-01
  -1.5871229e+00   1.9628342e+00
  -1.1021811e+00   9.7602095e-01
   1.2656816e+00  -2.1196806e+00
  -1.3104121e+00   1.1825582e+00
  -7.9299845e-01   7.6271460e-02
  -1.5920483e+00   1.3972409e+00
  -1.0245438e+00   1.1771343e+00
   9.0205731e-01  -5.5025007e-01
   7.0943263e-01  -5.1644991e-01
  -1.3742152e+00   1.2795458e+00
  -1.2215550e+00   1.5691153e+00
  -9.6856326e-01   5.5768511e-01
  -1.7280279e+00   1.8825078e+00
  -1.5384361e+00   1.4495090e+00
  -7.3442744e-01   7.1675023e-01
   3.4721260e-01   2.3643745e-02
   1.5391179e+00  -1.4332407e+00
  -5.7496530e-01   2.5100051e-01
  -1.8445970e-01   3.3216484e-01
   3.2912307e-03  -1.6032126e-01
  -2.5146212e-01   6.3618400e-02
  -1.6796779e+00   2.4778611e+00
   1.3661180e+00  -1.9578390e+00
  -5.9828156e-01   5.3572516e-02
  -1.2512760e+00   1.1908699e+00
  -1.5708337e+00   1.4027282e+00
   1.1530263e+00  -2.2751861e+00
   4.2456730e-01  -2.0588503e-01
   1.2198355e+00  -6.6017092e-01
  -1.6054603e+00   1.5850422e+00
  -1.2151917e-01  -2.0110172e-02
   1.4285248e+00  -1.0469148e+00
  -1.3682916e+00   1.1056670e+00
   6.7037369e-01  -2.9810750e-01
  -1.0071197e+00   7.9417795e-01
  -5.7356046e-01   6.3353990e-01
  -1.3907084e-01   1.0319838e-02
   6.0780470e-01  -5.0917228e-01
  -1.4640555e+00   1.1655053e+00
  -2.6408634e-01   1.3676403e-02
   2.3768176e-01  -1.9696030e-01
  -8.6706744e-01   6.1127766e-01
  -3.8948200e-02  -1.4486133e-01
   4.3319893e-01  -9.0120249e-02
   5.9998335e-02   3.2625612e-02
  -1.1066732e+00   7.1971531e-01
   4.0112722e-02   4.2231437e-01
   4.4045325e-01  -5.4706565e-01
  -1.5270112e+00   1.5063482e+00
   7.1422725e-01  -5.8380558e-01
   4.3383916e-01  -4.1035784e-01
  -1.4109435e+00   2.0094059e+00
   1.3569526e+00  -1.0866420e+00
   7.9452888e-01  -3.2433693e-01
   6.0372109e-01  -4.9066865e-01
  -1.5651565e+00   1.2827372e+00
   1.2574794e+00  -1.1612717e+00
  -1.5774381e+00   1.5005039e+00
  -7.6846843e-01   3.6484176e-01
  -2.1282821e-01   1.5491110e-01
   1.1906333e+00  -9.6363218e-01
   5.6132897e-01  -4.5295987e-01
  -5.1515688e-01   4.0083196e-01
  -1.9309199e-01   3.2130455e-01
   1.2073543e+00  -7.3983037e-01
   1.3938192e+00  -1.3450663e+00
   1.5519978e+00  -1.5232913e+00
   6.5173092e-01  -3.8029343e-01
   9.0286472e-01  -8.2877218e-01
   1.9258681e-01  -1.0985000e-01
  -1.1251065e+00   5.6665349e-01
   1.3536522e+00  -1.2216784e+00
  -1.5907553e+00   1.4230724e+00
   1.3934586e+00  -5.6033556e-01
   6.2692438e-01  -4.4064346e-01
   8.6516217e-01  -5.6291082e-01
   1.5202494e-01  -8.2055251e-02
   1.3551922e+00  -1.3414623e+00
   1.2889037e+00  -2.1803108e+00
   1.0291387e+00  -5.1951585e-01
   1.2884127e+00  -1.9608534e+00
   5.5103746e-01  -4.2131191e-01
   9.5911712e-01  -7.8307317e-01
   2.4348606e-01  -3.5689571e-01
   1.0940286e+00  -1.0004949e+00
   8.7326951e-01  -3.5872249e-01
  -9.1669881e-01   3.5263830e-01
  -3.2889344e-01   2.1410285e-01
  -5.2639301e-01   2.9927306e-01
  -1.7198980e+00   2.2720475e+00
  -8.4701228e-01   5.4973076e-01
  -7.9752219e-01   1.5161031e-01
  -1.3176652e+00   5.9151247e-01
  -5.6464015e-01   2.7487979e-01
  -1.1653142e+00   1.1454152e+00
  -1.6367566e+00   1.0542870e+00
   1.2259914e+00  -1.3372092e+00
   1.0716414e+00  -1.1323834e+00
  -2.8767854e-01   3.9794623e-01
  -3.0627562e-01   2.6027511e-01
  -3.2631549e-01   4.0838945e-01
   3.2365649e-01  -1.8448980e-01
  -7.9303704e-01   4.3731765e-01
  -1.3057796e+00   9.6065549e-01
  -1.8114452e+00   1.7728922e+00
   1.2922605e+00  -1.3727586e+00
   1.1002673e+00  -9.1660946e-01
   1.3057873e+00  -1.3063209e+00
   8.1705269e-01  -7.5485902e-01
   1.2104827e+00  -9.9301020e-01
   3.6917469e-01  -1.1806987e-01
   5.9417554e-01  -6.7783028e-01
  -2.9878783e-01   3.1926277e-01
   1.2236042e+00  -1.3147093e+00
   7.2168956e-01  -3.9825269e-01
   2.9082996e-01  -2.1260316e-02
   1.2409019e+00  -1.0411180e+00
  -1.2445285e+00   7.0527480e-01
   6.8683565e-02   1.3642946e-01
   7.3938805e-01  -8.3750241e-01
   9.9984508e-01  -8.5150344e-01
   1.9046682e-01  -1.1043426e-01
   3.4203733e-01  -2.7299683e-01
  -1.6842039e+00   1.3706343e+00
   7.3867442e-01  -5.0164633e-01
  -3.8959348e-01   1.1632174e-01
   1.4347523e+00  -6.6356757e-01
  -1.0429002e+00   6.8026119e-01
   1.5461901e+00  -1.7253900e+00
   8.2278210e-01  -6.1555705e-01
  -9.9021844e-01   8.9851865e-01
   8.8041546e-02  -1.7137419e-01
  -1.1493851e+00   6.5762375e-01
  -1.3593570e+00   1.0915126e+00
  -8.7047424e-01   9.0307802e-01
   1.1379912e+00  -5.9483920e-01
   9.5125909e-01  -6.3615499e-01
   7.4043538e-01  -7.1145138e-01
  -1.6397385e+00   1.5453460e+00
  -1.1897303e+00   9.5846546e-01
   9.4080247e-01  -7.7889320e-01
   1.1967027e+00  -1.2128382e+00
  -1.6220560e+00   1.7118487e+00
  -1.0568566e+00   1.0427448e+00
  -1.6827742e+00   1.8553222e+00
   2.1836154e-01  -1.0709273e-01
  -2.9499824e-01   2.4494945e-01
  -1.1742080e+00   9.3241354e-01
  -1.5130593e+00   2.5063501e+00
  -1.3436690e+00   8.9415052e-01
  -5.3233330e-01   3.5868613e-01
   5.5607149e-02   1.1589563e-01
  -1.5480851e+00   1.8878925e+00
   1.2654682e+00  -1.7846301e+00
  -5.5849046e-01   3.7041540e-01
   1.5167714e+00  -2.2707221e+00
  -4.9695637e-01   2.9110085e-01
  -5.0058979e-01   4.1290369e-01
   1.2200750e+00  -1.4768894e+00
  -1.8194684e-01  -1.6484422e-01
  -4.2728370e-01   5.9348857e-02
   7.1001302e-01  -5.1094344e-01
  -3.3939360e-01   1.1376971e-01
  -9.8674457e-01   7.5833764e-01
   9.9367903e-01  -7.5390296e-01
  -5.1607077e-01   3.6617059e-01
  -1.0657176e+00   4.7752867e-01
   1.0638358e+00  -8.5928294e-01
  -1.4554854e+00   1.3629292e+00
  -8.4624224e-01   7.0156202e-01
   3.6709116e-01  -4.2497113e-01
  -1.7113692e+00   1.5576068e+00
   8.5913596e-01  -4.1459979e-01
   1.1648393e+00  -1.0654993e+00
  -1.4292277e+00   3.0315223e+00
  -7.5788407e-01   3.7983219e-01
   1.0490121e+00  -7.8289072e-01
   1.1779898e+00  -8.5684968e-01
   1.2006807e+00  -8.3966759e-01
   1.1031844e+00  -8.3132440e-01
  -1.2409415e+00   5.7696917e-01
   1.2715717e+00  -1.1305661e+00
   2.5169708e-01  -6.7795437e-02
  -8.7478919e-01   4.8225557e-01
  -1.6556381e+00   2.5020793e+00
  -5.0260389e-01   2.1534574e-01
   1.4347640e+00  -1.9396512e+00
   4.2430136e-01  -4.4945467e-01
  -4.2825357e-01   3.6441873e-01
  -4.5431808e-01   5.2041216e-01
   1.2940397e+00  -1.3585271e+00
   1.8776790e-01  -7.0664369e-02
  -5.8391901e-01   3.7766499e-01
  -1.3504863e+00   1.0580253e+00
   5.8022199e-02  -2.8036434e-01
  -7.7949670e-01   7.2122419e-01
   1.3035272e+00  -1.4736378e+00
   2.3551438e-01  -1.1830963e-01
  -1.5695935e+00   1.5480463e+00
   1.2574555e-01   2.3458327e-02
   8.6754091e-01  -7.8996748e-01
  -1.4146039e+00   1.0816522e+00
   1.4251570e+00  -2.9206609e+00
   1.8441231e-01  -3.0598296e-01
  -5.5757344e-01   1.5646380e-01
   1.2506828e+00  -6.8557926e-01
  -7.1981338e-01   4.2954294e-01
  -6.0272139e-01   5.1513753e-01
   3.6964170e-01   1.1505281e-02
   1.2107095e+00  -1.3134680e+00
  -2.0768484e-01  -1.0826113e-01
  -1.4437423e+00   1.2447532e+00
   1.4361264e+00  -1.5609027e+00
   2.7339744e-01  -1.8831091e-01
   8.5525422e-01  -7.7097394e-01
   3.9474253e-01  -3.1269033e-01
  -1.1667926e+00   7.8002116e-01
  -8.9565374e-01   4.7671462e-01
   1.2501994e+00  -2.3273657e+00
  -1.7410209e+00   1.9432444e+00
  -1.5917609e+00   1.3428387e+00
  -1.2598052e+00   2.7789655e+00
   8.3323255e-01  -4.9542149e-01
  -1.5521956e+00   1.4297891e+00
   1.3762240e+00  -1.8887339e+00
  -1.6313540e+00   2.1667191e+00
   1.3575494e+00  -1.2459138e+00
   3.9915568e-01   8.2789327e-02
  -1.5668931e+00   2.6660077e+00
   5.7216167e-02  -3.6554131e-02
   2.3726273e-01  -1.7656366e-01
   1.1433647e+00  -6.9886031e-01
   1.0748416e+00  -6.8648219e-01
   1.3218542e+00  -1.2405831e+00
  -3.1029993e-01   4.6239357e-02
  -7.8478333e-01   4.8805874e-01
  -9.4708285e-01   4.4525113e-01
  -1.6831662e+00   1.5301890e+00
   7.1972162e-01  -5.8955255e-03
   1.3849109e+00  -2.2757010e+00
  -5.3818296e-01   3.4075238e-01
   8.2820687e-01  -8.1789082e-01
   1.6214690e+00  -2.7027531e+00
   1.4224220e+00  -1.6919728e+00
  -1.7011583e+00   1.4349709e+00
  -7.0263311e-01   4.4838968e-01
   9.2117051e-02  -2.4917366e-01
   1.3118919e+00  -2.0178421e+00
   1.0616304e+00  -1.0661758e+00
   5.1910901e-01  -6.1116097e-01
  -2.3323121e-01   3.5222687e-02
   5.8417368e-01  -5.5067494e-01
  -2.3246113e-01   2.2644743e-01
   1.0282369e+00  -6.9308321e-01
   1.0861961e+00  -8.4169996e-01
   1.4711378e+00  -1.4283508e+00
  -1.3262792e+00   1.2422226e+00
   1.5150729e+00  -1.4372083e+00
   4.2478675e-01  -2.0229949e-01
   6.9054004e-01  -1.5677516e-01
  -1.0279363e+00   9.5303878e-01
  -1.7131988e+00   1.4102698e+00
  -1.1829737e+00   8.8210567e-01
   3.6707099e-01  -1.2848436e-01
   9.8152094e-01  -7.8909553e-01
  -8.6741346e-01   7.8014982e-01
  -4.1113153e-01   2.5026623e-01
  -5.4449702e-01   4.2958311e-01
   1.0282013e+00  -5.6276754e-01
  -1.2635091e+00   8.0651306e-01
  -1.0698132e+00   6.4327351e-01
  -2.3943258e-01  -2.6834413e-01
  -7.9647697e-02   1.3405877e-01
  -1.4990952e+00   1.3906585e+00
   1.2604888e+00  -1.1195648e+00
  -6.9640484e-02  -9.8792782e-02
  -6.3905980e-01   6.4466992e-01
  -1.7621151e+00   1.8459932e+00
   1.5766819e+00  -1.6296552e+00
   1.0287781e+00  -9.3523285e-01
  -1.0653588e+00   8.3094693e-01
   7.2413071e-01  -4.7510789e-01
   1.2928732e+00  -1.7350432e+00
  -1.2309290e+00   1.0589967e+00
  -9.5122699e-01   5.7174726e-01
  -1.3139997e+00   1.3154303e+00
  -4.2673731e-01   3.3280683e-01
  -1.3306136e+00   1.4321753e+00
  -9.4730616e-01   3.1800855e-01
  -1.1979178e+00   8.4573253e-01
  -1.2105650e+00   8.0274559e-01
  -1.6386280e+00   2.5189225e+00
  -1.3327838e+00   1.1636195e+00
  -1.5421223e+00   1.6842335e+00
  -8.5397351e-01   3.9644798e-01
   6.2417446e-01  -2.2866401e-01
   1.2915105e+00  -1.2112449e+00
  -1.3039584e+00   1.1190604e+00
   1.1208024e+00  -7.8608715e-01
   8.9878498e-01  -6.1837709e-01
   3.4432974e-01  -3.1445795e-01
   1.1136206e+00  -9.3297567e-01
   3.3248398e-01  -2.4059312e-01
   5.7222436e-01  -4.5600763e-01
  -1.4704453e+00   1.2434179e+00
  -1.6049177e+00   2.5764787e+00
   1.0311718e+00  -6.4334244e-01
   1.3101390e+00  -2.6031680e+00
   1.3538145e+00  -1.3626746e+00
   1.3990405e+00  -1.6002156e+00
  -1.3777001e+00   1.5613473e+00
   1.1236306e+00  -5.6728825e-01
   1.0020926e+00  -3.4787822e-01
   1.0526631e+00  -7.3792207e-01
  -4.3599152e-01   1.7415424e-01
   1.3833461e+00  -1.6015153e+00
   2.8922200e-01  -2.2725686e-01
  -1.4948229e+00   1.5555749e+00
  -1.2711128e+00   9.8077951e-01
  -1.3619558e+00   1.2506858e+00
   1.1658586e+00  -1.0636112e+00
  -1.5099065e+00   1.2819781e+00
   5.6978890e-01  -3.6327307e-01
  -9.7407531e-01   2.4781425e-01
   8.1086937e-01  -4.6269755e-01
  -4.7020225e-01   1.7068721e-01
  -1.6676695e+00   2.6808785e+00
  -1.5834594e+00   1.9095786e+00
  -1.4776170e+00   1.3285259e+00
   1.4246216e+00  -1.0509257e+00
   8.1797139e-01  -5.5211525e-01
  -1.8678157e-01   7.8159816e-02
  -3.2223668e-01   4.2850367e-01
   2.2012724e-01  -5.0473094e-01
   2.2179052e-01  -4.6512908e-01
   1.2046125e+00  -9.1929576e-01
   6.8751195e-01  -3.2782287e-01
  -6.8178853e-01   4.0410185e-01
  -1.6315795e+00   1.3089491e+00
   1.9696531e-02  -4.2099181e-02
   1.1895905e+00  -1.0208510e+00
  -1.6577709e+00   1.9664785e+00
  -1.0761154e+00   4.8749532e-01
   1.4865360e-01   1.0284567e-01
  -1.4138835e+00   1.1868611e+00
  -1.0449450e+00   8.0127505e-01
   1.5198784e+00  -1.8363393e+00
  -1.0090331e+00   1.0193271e+00
   4.2188465e-01  -1.7545329e-01
   1.3852390e+00  -2.3977131e+00
   1.3403956e+00  -2.5331050e+00
   4.0937577e-01  -4.9121832e-01
  -1.5029572e+00   1.1207347e+00
   8.2196652e-01  -6.2872822e-01
  -1.0228194e+00   5.9487687e-01
  -7.8184108e-01   2.8877223e-01
   4.5484433e-01  -5.0525605e-01
   4.1276187e-01   3.2640264e-02
   2.4810141e-01   6.6005431e-02
  -9.9825715e-01   6.0274171e-01
   5.0678959e-01  -2.5433882e-01
   1.3368940e+00  -1.3799545e+00
   1.3443193e+00  -9.7906887e-01
  -1.5820903e+00   1.5760469e+00
  -1.1875720e+00   1.0455397e+00
   1.1021580e+00  -1.6637225e+00
   1.0345438e+00  -8.4443176e-01
   2.2323288e-01  -8.3551814e-02
  -1.1510341e+00   7.4542019e-01
   1.1864035e+00  -8.5257956e-01
  -1.1900245e+00   4.1172404e-01
   8.9889122e-01  -1.0900240e+00
  -1.0311155e+00   4.0934213e-01
  -4.9868342e-02   1.4774452e-01
   1.2051154e+00  -1.6385802e+00
   1.2839824e+00  -1.3082518e+00
  -5.1801912e-01   4.4054846e-03
   1.4183538e+00  -1.5256376e+00
   5.6474902e-01  -4.0762244e-01
   9.7057832e-02  -5.3539244e-02
   9.1567898e-01  -8.5650108e-01
  -1.0064176e+00   4.5919104e-01
  -1.8464782e+00   2.6191471e+00
   1.1244638e+00  -9.9332733e-01
  -4.5084614e-01   2.3776878e-01
   9.1636004e-01  -3.5673757e-01
   1.9669256e-01   2.2751673e-01
  -9.1821484e-01   1.0659450e+00
  -7.0541360e-01   6.1613704e-01
   4.6627261e-01  -2.3100245e-01
   3.5975553e-01  -6.2315140e-03
  -1.5512487e+00   2.5291907e+00
   9.1534786e-01  -1.0289566e+00
   6.9115467e-01  -7.6786620e-01
   1.2778978e+00  -1.0050209e+00
   1.4923442e+00  -1.2854892e+00
  -1.6690080e+00   2.3124886e+00
  -7.7736866e-02   9.0003456e-02
   9.7605231e-01  -7.3559746e-01
   7.7509778e-01  -4.9058293e-01
  -3.6688434e-02  -4.8033558e-02
   8.4711480e-01  -5.0242489e-01
  -4.3280254e-01   2.6934940e-01
   6.8153964e-01  -5.8470320e-01
  -1.7621480e+00   2.0813080e+00
  -4.5605084e-01   2.1613895e-01
  -1.4256307e+00   1.4321264e+00
  -1.0549638e+00   1.1416017e+00
  -8.3650122e-01   8.2378620e-01
  -5.6384585e-01   5.4472997e-01
   1.4624778e+00  -9.4316565e-01
   1.5462481e+00  -2.7123200e+00
  -8.9373540e-01   4.3187480e-01
   9.2997522e-01  -1.1926669e+00
   7.4676437e-01  -5.8411063e-01
  -5.0472563e-01   1.7036972e-01
  -1.2772006e+00   1.1939420e+00
   3.6344023e-01  -3.0580795e-01
   6.4690225e-01  -3.5704617e-01
  -1.3872601e+00   1.2154272e+00
  -2.6707548e-01   1.3305853e-01
  -3.7819255e-01   3.6931664e-02
  -2.9662997e-01   3.5714597e-02
   1.2871046e+00  -1.5080181e+00
   7.1506032e-01  -4.0947450e-01
  -1.0224598e+00   8.4076704e-01
  -1.4468340e+00   1.7001717e+00
   1.3855055e-01  -3.5375496e-02
   1.1000199e+00  -1.3530774e+00
   4.7949524e-01  -1.9179876e-01
   1.4016382e+00  -2.0825320e+00
   1.1791284e+00  -1.8643329e+00
  -1.6323204e+00   1.2649106e+00
   1.4090936e+00  -1.3096988e+00
   5.2085725e-01  -3.4409830e-01
   6.7282296e-01  -3.8295670e-01
   9.3632637e-01  -8.6984187e-01
  -4.5984238e-01   2.4251885e-01
   8.5863789e-01  -3.8490879e-01
  -1.7785123e-01   2.8813129e-01
   5.2657367e-01  -2.1103898e-01
   1.4392200e+00  -2.0296435e+00
   6.6608783e-01  -4.5076024e-01
  -1.3327594e+00   1.2681167e+00
  -6.9215882e-01   3.7377843e-01
   9.1670854e-01  -7.8072269e-01
   1.2528645e+00  -1.3404774e+00
  -7.5386777e-01   5.7286155e-01
   2.6151691e-02  -1.5184391e-01
   1.0700075e+00  -5.8669896e-01
   9.8903941e-01  -8.3126306e-01
  -2.6103096e-01   8.0942651e-02
  -1.4487257e+00   1.0884629e+00
  -7.4594290e-01   6.0546354e-01
  -7.7542194e-02   1.3844677e-01
  -1.5809652e+00   1.1212542e+00
  -1.1873633e+00   6.3316835e-01
  -1.9184168e+00   1.8046878e+00
  -8.2501918e-02   4.6536820e-02
  -1.2238758e+00   7.5595886e-01
  -1.4173626e-01   2.3309809e-01
  -1.0202941e-01  -3.9843253e-02
   9.6841289e-01  -5.4608349e-01
   1.5327189e-01  -4.8681001e-02
  -1.5950693e+00   1.2744638e+00
   9.0211969e-01  -6.9172721e-01
   1.2929164e+00  -2.2933091e+00
   1.1639426e+00  -1.7642497e+00
   1.3331556e+00  -1.1169617e+00
   1.1369105e+00  -1.7329170e+00
   7.0281193e-01  -5.5840218e-01
   2.9784917e-01  -3.0526503e-01
   9.7334408e-01  -8.7287646e-01
   1.3798748e+00  -1.6606176e+00
   1.0899063e+00  -1.1408893e+00
  -2.1527307e-01   2.1956952e-01
  -1.5048127e+00   2.2268684e+00
  -3.0554365e-01   4.9581217e-01
   1.1215536e+00  -2.4826440e+00
  -1.5507832e+00   1.4890732e+00
   9.8452371e-01  -8.6371788e-01
   1.3427499e+00  -1.6834584e+00
   2.3794531e-01  -3.3063310e-01
  -1.3988302e+00   1.3807991e+00
   1.2352235e+00  -6.5230412e-01
  -9.9633801e-01   5.3826414e-01
  -8.7902304e-01   6.8906512e-01
  -1.2001407e-01   2.1930941e-01
  -4.6037392e-01   2.2345414e-01
   1.3556348e+00  -8.0495561e-01
   2.5974250e-01  -1.9211615e-01
  -5.9380756e-01   5.6270858e-01
   3.1018375e-01  -1.5932575e-01
   3.8268694e-01  -9.3265639e-02
  -3.6067509e-01   1.2998697e-01
   1.2197739e+00  -1.1461383e+00
   9.4850144e-01  -5.5521180e-01
   8.8973822e-01  -6.2284656e-01
  -6.4094437e-01   3.7016173e-01
   1.2189595e+00  -8.7217311e-01
  -1.2409004e+00   1.4163334e+00
  -1.4492514e+00   1.2719541e+00
   1.3337501e+00  -1.2367937e+00
  -1.1760742e-01   1.3682668e-02
   7.0406778e-01  -4.6541412e-01
  -1.4837982e+00   8.1591699e-01
  -1.3499918e+00   9.9009868e-01
  -8.0184954e-01   4.8276612e-01
  -1.1500746e+00   8.6587789e-01
   3.9799172e-01  -9.5966919e-02
  -4.2183015e-01   2.5565326e-01
   6.3520533e-01  -4.4794502e-01
  -1.3775205e+00   1.1651448e+00
   3.8312476e-01   6.3138074e-02
   1.2441300e+00  -1.6247914e+00
  -1.2026373e+00   9.5667582e-01
  -1.5435719e+00   1.4604706e+00
  -1.2956446e+00   1.3938721e+00
   1.5378155e+00  -1.1518905e+00
   6.3763185e-01  -2.6537793e-01
   6.0904936e-01  -3.1063107e-01
  -2.5192059e-02   3.7430411e-02
   1.2071835e+00  -1.0242873e+00
  -1.1068275e+00   1.1570156e+00
  -1.4311415e+00   2.5425088e+00
   3.0658679e-01  -2.3528585e-01
   2.0850807e-01   7.3204112e-02
  -1.1301263e+00   6.7451027e-01
  -1.2507310e+00   8.6002457e-01
   1.4446185e+00  -2.3791145e+00
   1.3570270e+00  -1.8675968e+00
   4.4862806e-02   5.3461104e-02
  -4.9785483e-02   2.3859420e-01
   5.4516498e-01  -1.1231388e-01
  -9.3098934e-01   7.4589226e-01
  -1.4995240e+00   1.0027720e+00
   7.3539322e-01  -7.9725003e-01
  -4.7355180e-03   1.6693346e-03
  -1.8745847e-01   2.1252292e-01
