  -9.0079955e-01  -4.3452012e-01
   1.7568854e+00   1.7661105e+00
   5.4232142e-02   1.7504652e-01
   5.8489258e-01   6.4443140e-01
   7.2296581e-02  -5.4643516e-02
  -8.7193128e-02  -7.4952144e-02
  -4.4202867e-01  -7.0075789e-01
  -1.2146278e+00  -1.4610337e+00
   3.0749415e-01  -1.3824534e-01
  -1.4101913e+00  -1.2862128e+00
  -1.5969069e+00  -1.5911485e+00
   1.6249170e+00   1.6570411e+00
   1.0543920e+00   8.2185411e-01
  -1.3950765e+00  -1.3821878e+00
  -1.4586733e-01   7.0847446e-02
   2.1300906e-01   3.0995987e-01
   7.1263430e-01   6.7064973e-01
  -7.7307223e-01  -1.1548508e+00
   1.6308367e+00   1.8776663e+00
  -1.4476544e+00  -1.6757344e+00
  -2.3827436e-01  -8.6913700e-01
  -5.4548471e-02  -9.6795319e-02
   7.5864046e-01   1.1284124e+00
   7.3530842e-01   5.2873258e-01
  -1.5024518e+00  -1.4432445e+00
  -3.2105566e-01  -2.2458996e-01
  -3.8560897e-02   3.9112864e-01
  -1.6118474e+00  -1.3842145e+00
  -1.1298756e+00  -9.7269572e-01
  -3.8638841e-01  -4.8891107e-01
   1.1088209e+00   8.6771379e-01
  -4.0810712e-01  -1.4275008e-01
  -1.1129331e+00  -1.0100257e+00
  -8.5519195e-01  -9.2562835e-01
   2.8100368e+00   2.5866833e+00
   1.5932042e+00   1.6204839e+00
  -4.1989261e-01  -7.9491859e-02
  -4.0750732e-01  -7.6245042e-01
   1.3385386e+00   1.2113584e+00
  -7.4431610e-02   2.1501002e-01
   6.9014944e-02   4.6227679e-01
   4.7256965e-01   6.4275002e-01
   2.3064044e-01  -2.4774033e-02
  -4.8751950e-01  -2.4368393e-01
   7.0444529e-01   6.7137518e-01
  -7.8407198e-01  -8.4850847e-01
   2.4636105e-01   5.0004004e-01
  -1.3120237e+00  -1.6372412e+00
   2.3855392e-01  -2.2746120e-01
  -6.9311540e-01  -6.5722376e-01
  -8.0387036e-01  -7.0116902e-01
   5.6243653e-02  -1.0167446e-02
   1.9884055e+00   1.9757644e+00
   1.4998875e-01   1.1870711e-01
   4.0965597e-01   8.6276880e-01
  -1.3275634e+00  -1.7380224e+00
  -7.4184262e-01  -6.2707865e-01
   1.1251479e+00   1.5333474e+00
   1.2265882e+00   7.9352586e-01
  -4.4513197e-01  -5.2406022e-01
   9.1880981e-01   1.3091548e+00
   2.7029666e-01   4.5933932e-01
  -8.7496470e-01  -5.5697709e-01
   2.3543746e+00   1.9217351e+00
   1.0361224e+00   9.3739062e-01
   7.3231019e-01   8.9549542e-01
   9.2461348e-01   1.1590269e+00
  -2.5832960e-01  -2.6993270e-01
   2.0042640e+00   2.0061318e+00
  -1.8782149e-01   2.4057400e-04
  -1.3095212e+00  -8.6821034e-01
  -1.0154470e+00  -1.0581177e+00
  -1.1749112e+00  -9.5084842e-01
   3.3017604e-02   1.4001450e-01
  -3.0257826e-01  -1.2192875e-01
   6.6867450e-01   6.7841456e-01
   1.5502230e-01   1.1808703e-01
   3.8464223e-01   2.1071022e-01
  -1.2063262e+00  -7.3489730e-01
  -7.2542501e-01  -9.7070147e-01
   1.2151384e-01   3.7449638e-01
   9.0174955e-01   1.0896435e+00
   5.3619576e-01   6.9742199e-01
  -7.7542483e-01  -9.5639840e-01
  -2.1416181e-01  -7.0527470e-03
   5.1601722e-01   6.5978709e-01
   1.0125664e-01   2.7093323e-01
   8.6166559e-01   8.6196472e-01
  -8.7025579e-01  -5.9327247e-01
  -1.5251309e+00  -1.3394095e+00
   2.1910778e-01   2.0274371e-01
  -1.0765490e-01  -1.6381535e-02
  -1.1620091e+00  -1.0332018e+00
  -4.5221484e-01  -6.5490628e-01
  -2.2896377e-01   2.0305410e-01
   2.1480016e-01   1.3849371e-01
   5.8417546e-01   2.0862827e-01
  -2.9503454e-01  -2.3315367e-01
   7.4797068e-01   6.9433966e-01
  -1.8943847e+00  -1.7105379e+00
  -9.0577360e-01  -8.0154593e-01
  -8.0925409e-01  -4.3188270e-01
  -8.8092420e-01  -5.2366161e-01
  -5.2487588e-01  -4.2864786e-01
   5.6416572e-01   7.9977806e-01
  -2.4990343e-01  -5.4537097e-01
   3.9174165e-01   2.0603837e-01
   5.4907107e-01   3.7239920e-01
   1.5788466e+00   1.7102256e+00
   2.9406359e+00   2.3319808e+00
  -6.7163991e-01  -4.0593794e-01
  -1.0121544e-01   8.3679739e-02
  -8.1730971e-01  -9.6403220e-01
  -5.3064985e-01  -3.8745543e-01
  -3.7479169e-01  -5.0809509e-01
  -6.5169380e-01  -2.2397390e-01
   7.9858531e-01   1.1386159e+00
   4.2605005e-01   7.0830311e-01
   5.2661363e-01   6.5242143e-01
  -3.5314671e-01  -2.3661918e-01
  -5.5137895e-01  -6.3289961e-01
  -2.0169053e-01  -1.1309968e-03
   1.4131648e+00   1.4369774e+00
   4.0984882e-01   3.6354236e-01
  -5.9859819e-01  -6.2591922e-01
  -2.4054184e-01  -4.0157891e-01
   6.4104243e-01   1.0917504e+00
  -1.1852243e+00  -1.3954788e+00
   1.4983817e-01   5.3729281e-01
  -3.5765310e-01  -7.9913985e-01
  -7.1051975e-01  -3.3293796e-01
  -5.3631946e-01  -7.0368882e-01
   1.3601860e+00   9.1149540e-01
   6.3626048e-01   3.4888630e-01
   2.6084815e+00   2.2849222e+00
  -6.9259060e-01  -7.5789348e-01
  -1.4274589e-01  -1.5358360e-01
   8.7478461e-01   1.1136702e+00
   1.5817860e+00   1.2735679e+00
  -1.6502742e+00  -1.5632046e+00
  -2.3475367e-02   2.2500447e-01
  -3.3949135e-01  -1.9247564e-01
   2.0088956e+00   1.6860732e+00
  -1.0814480e+00  -1.0326568e+00
   5.3778855e-02  -1.3004032e-01
   1.9209161e-01  -9.4368105e-02
   4.9519642e-01   5.1151626e-01
  -9.0310003e-01  -8.7086314e-01
   1.1673127e+00   1.0232626e+00
  -7.0783445e-01  -6.1594278e-01
   1.1560868e+00   1.2916251e+00
   1.1210477e+00   1.1424538e+00
   1.3564537e+00   1.3762515e+00
   1.0601148e+00   1.1693388e+00
  -6.5852978e-01  -3.6303132e-01
   7.0727945e-01   8.4260534e-01
  -1.3288471e-01  -3.7477350e-01
  -1.0441663e+00  -1.3084590e+00
   5.5703147e-01   9.0608550e-01
  -2.0143148e+00  -1.5498574e+00
   4.1255130e-01   1.8237452e-02
  -6.1413858e-01  -1.4665265e-01
   8.6063744e-01   3.7444132e-01
  -7.5414923e-01  -8.0685677e-01
   2.3446619e-01   2.3422692e-01
  -1.6131532e+00  -1.6063742e+00
  -1.6345806e-01  -1.5960553e-01
  -5.0727282e-01  -2.9475473e-01
   3.5202155e-01   2.0765900e-01
   8.0639677e-01   1.0088676e+00
  -1.6791215e-01  -4.3151050e-01
  -6.3940931e-01  -1.5194846e-01
   9.7171650e-01   1.0802382e+00
  -1.0053126e+00  -1.0542371e+00
   2.2104549e+00   1.5951172e+00
   1.3791893e+00   1.3000972e+00
  -1.4331024e-01   1.6689270e-01
  -3.4223938e-01  -5.9133648e-01
   7.1948936e-01   1.0686641e+00
  -6.1889827e-01  -7.4585725e-01
   5.1169748e-02  -9.9086893e-02
  -7.0962687e-01  -9.7444826e-01
   6.9557675e-01   9.9485637e-02
   8.5920684e-01   8.4526781e-01
  -5.9833477e-01  -5.0269823e-01
  -1.8179138e-01  -1.8940669e-01
  -1.7873602e+00  -2.2290501e+00
   1.0190238e+00   1.3854167e+00
   3.1074683e-01   4.2347692e-01
  -2.0607377e+00  -2.1235736e+00
  -1.0405494e+00  -8.3143765e-01
   7.6140530e-01   1.0704998e+00
   1.5976979e+00   1.5381781e+00
   2.8986058e-01   4.6052532e-01
   2.4903765e-01  -4.8226685e-01
   5.9366679e-01   9.9161336e-01
  -8.6834444e-01  -4.7880681e-01
   1.2752562e-01  -2.6930083e-01
   3.5017863e-01   4.8709641e-01
  -2.8042190e-01   9.7546367e-02
   8.7321270e-01   9.6648713e-01
  -2.2494169e-01   4.5912418e-02
  -6.6164206e-01  -2.9658090e-01
   2.3942848e+00   1.8302876e+00
   6.8614783e-01   5.8493897e-01
   2.0393292e+00   1.4412517e+00
   4.0318499e-01   2.7231864e-01
  -3.3073491e-02  -3.8861109e-01
  -1.5800582e+00  -1.6622679e+00
  -5.7944484e-01  -3.2994509e-01
   5.8386971e-01   9.4337703e-01
   1.4943053e-01   4.0185234e-01
   1.2376661e+00   1.4974652e+00
  -1.3083835e+00  -1.6186747e+00
   5.3340153e-01   7.3974646e-01
   7.8460342e-01   5.4543338e-01
  -5.8447478e-01  -8.0376280e-01
  -8.5553241e-01  -2.4131841e-01
   7.0825728e-01   8.5140372e-01
   6.3872734e-01   4.6531582e-01
   1.6308156e+00   2.1449982e+00
  -2.7525053e-01  -2.5162507e-01
  -1.4847026e+00  -1.3007362e+00
   1.6213473e+00   1.5389436e+00
   2.2609196e+00   2.1074789e+00
   2.6247717e-01   6.1455788e-01
   2.7742444e+00   2.8933332e+00
   8.2353576e-01   1.0465711e+00
  -1.7657197e+00  -2.2414028e+00
   2.6341781e-01   4.1605796e-01
  -9.1312799e-01  -1.0912205e+00
   6.2175138e-01   3.1997379e-01
  -1.4585751e+00  -6.2783307e-01
  -2.8576340e-01  -2.6721817e-02
  -3.1097803e-01  -9.1713531e-01
   3.0726696e-01   3.4719042e-01
  -3.7064429e-01  -5.2052129e-01
   2.1383724e-01  -1.2092619e-02
  -6.9094582e-01  -8.2485276e-01
   2.5057635e+00   2.2302754e+00
   4.3883834e-01  -2.0105717e-01
   7.9758025e-01   6.4251221e-01
  -6.5181790e-01  -6.6942798e-01
   3.8832889e-02  -1.7578923e-01
  -5.6805021e-01  -9.4085610e-01
   1.6898353e-01  -1.8741375e-01
  -1.5362344e-01   3.7532580e-01
  -1.2158816e+00  -1.5536251e+00
   1.2954791e+00   1.8464438e+00
  -3.4206998e-01  -1.5560324e-01
  -1.5481662e-01  -4.4596900e-02
  -5.4676657e-02  -3.8316169e-01
  -1.4638901e+00  -1.6469612e+00
  -2.2601447e+00  -1.7824540e+00
   7.3858560e-01   6.1804880e-01
  -2.4500118e-01  -4.1694385e-02
  -3.4807144e-01  -1.5322247e-01
  -1.2450574e+00  -8.4916531e-01
  -5.2220309e-01  -7.3496626e-01
   4.9574837e-01   2.9249501e-01
  -1.1490800e+00  -1.0543149e+00
   3.4303076e-01   7.0838663e-03
   2.2724312e+00   1.7510781e+00
  -3.0442692e-01  -4.9684705e-01
  -1.1978607e+00  -1.1734050e+00
  -1.9461102e+00  -1.7305058e+00
  -6.5457662e-02  -3.7573733e-02
  -3.3734414e-01  -1.5602415e-01
  -9.4661970e-01  -1.2909731e+00
   1.6449253e+00   1.5618467e+00
   7.3496797e-01   7.9000083e-01
  -8.1396632e-01  -7.4378171e-01
   7.7043124e-01   6.0904790e-01
   4.1824077e-01   7.4344531e-01
   7.8792029e-01   5.7827348e-01
   9.3464198e-01   1.3923373e+00
   1.2995385e+00   1.4841831e+00
  -6.8334275e-01  -6.7187528e-01
   8.3795513e-02   1.1920750e-02
   5.4167854e-01   7.7630049e-01
   3.4635882e-01   2.8256843e-01
   1.0696931e+00   1.6715960e+00
  -1.8843814e+00  -1.5247750e+00
  -6.3018818e-01  -6.1983135e-01
   5.2150462e-01   2.8355994e-01
   1.1219468e+00   8.9905344e-01
   8.6954948e-01   1.2849640e+00
   4.6495817e-01   3.0844300e-01
  -3.1943457e-01  -5.4068698e-01
  -1.6764222e+00  -1.8165439e+00
  -6.6793422e-01  -4.8660490e-01
   5.8517742e-01   8.5044470e-01
  -1.2045435e+00  -9.9391457e-01
   4.0677385e-01   2.5450512e-01
   2.0049598e+00   1.5199399e+00
  -1.0317357e+00  -5.3082422e-01
   4.3123327e-01   6.6842867e-01
   9.1950409e-01   1.5570007e+00
   5.3853398e-01   7.6884295e-01
  -1.6986348e+00  -2.2921147e+00
  -1.3928752e+00  -1.1441509e+00
  -2.4821141e-01  -3.3739951e-01
  -1.6395413e+00  -8.6245762e-01
   5.4939490e-01   2.4805735e-01
   5.3147876e-01   2.0398818e-01
  -4.1455987e-01  -5.3321204e-01
   7.4586859e-01   8.5854822e-01
  -6.5310069e-01  -6.0254759e-01
   1.1506132e+00   1.2124421e+00
   2.0751361e-01   6.5246870e-01
  -3.6652634e-01  -1.6821279e-01
   9.5143131e-01   1.3036416e+00
   3.8741591e-01   5.7520221e-01
   1.4648264e-01   6.1287175e-02
  -7.7143270e-01  -7.2754917e-01
   5.3050684e-01   5.7139257e-01
   3.0764765e-01  -2.9352806e-01
  -1.5267284e+00  -1.7994639e+00
   7.0029424e-01   7.9139180e-01
   1.0705840e+00   1.0763309e+00
  -1.0174971e+00  -1.3529214e+00
   3.8381496e-01   6.1946925e-01
  -6.2067368e-01  -5.6772342e-01
   7.0186074e-01   1.2852262e+00
  -9.0449212e-01  -9.3321797e-01
  -2.7171895e-01  -1.7004083e-01
  -2.2866052e+00  -2.3916937e+00
   1.2567311e+00   1.4190081e+00
   4.5687785e-02   4.0443107e-01
  -3.4039514e-01  -3.9569560e-01
   1.2728617e+00   1.0889822e+00
  -5.7068986e-01  -5.1168196e-01
  -6.6660013e-01  -5.5141428e-01
  -1.3553195e+00  -1.4616336e+00
   6.7678938e-01   1.0047751e+00
  -1.9296797e-02   2.5339387e-02
   1.6211589e+00   1.8584079e+00
   1.4864236e+00   1.6199575e+00
  -2.2934964e-01  -2.2947353e-01
   8.0185169e-01   6.1959776e-01
   8.8267259e-01   9.0398228e-01
   7.3932163e-01   9.2962036e-01
  -8.0827327e-01  -8.6247961e-01
  -1.5734667e+00  -1.8442109e+00
  -1.1380495e+00  -1.4600584e+00
  -2.0647592e-01   4.7507818e-01
  -3.9672248e-02   3.3417613e-01
   1.4548157e+00   1.1629248e+00
  -2.0527257e-01  -2.9753220e-01
   1.3876465e+00   1.4543385e+00
   6.6019769e-01   8.7148473e-01
   2.3493353e+00   2.1841674e+00
   2.4526400e+00   2.4160918e+00
   4.7920924e-01   1.2295510e-01
  -8.7504734e-01  -7.8338391e-01
  -1.0838382e+00  -1.0400046e+00
  -8.2894218e-01  -1.2410373e+00
  -5.2096336e-01  -5.8286547e-01
  -6.0146059e-01  -3.6011704e-01
  -2.5894606e-02  -2.0029770e-01
   2.5181138e-01   4.5542309e-01
  -7.3032436e-01  -8.2060163e-01
  -5.5306810e-01  -4.6930234e-01
  -9.0929910e-01  -1.0154515e+00
  -8.2927930e-01  -9.2011061e-01
  -3.5253661e-01  -2.9724607e-01
  -2.2508981e+00  -2.0189277e+00
  -5.2556143e-01  -9.1069667e-01
   6.2669074e-01   9.3459542e-01
   4.0214116e-01   2.0971583e-02
  -6.8518207e-01  -7.5079654e-01
  -9.7739442e-01  -1.3065371e+00
   4.8272035e-01   2.7549936e-01
  -3.0631099e-01  -5.0654073e-01
  -1.8409720e+00  -1.7097474e+00
   9.3947389e-01   6.1244807e-01
  -2.9041158e-01  -4.5173649e-03
   1.1707576e+00   8.6467663e-01
   1.5233455e+00   1.6688114e+00
  -4.6414915e-02  -2.2439522e-01
  -1.3224562e-01  -6.9145347e-02
  -4.7989750e-01  -5.3429905e-01
  -3.7104989e-01   6.2633333e-03
   1.1646121e-01   1.0952746e-01
  -2.5648830e-01  -3.5394647e-01
  -1.7067527e+00  -2.0074829e+00
  -1.6686708e+00  -2.3042141e+00
  -1.0623980e+00  -1.0554943e+00
  -2.0733622e+00  -2.2645669e+00
  -1.8134465e-01  -4.7705010e-01
  -2.8059663e-02  -1.0593923e-01
   9.1210327e-01   1.3724658e+00
  -4.5184619e-01  -5.4189305e-01
  -1.9058980e-01  -1.6249409e-01
  -1.6349406e-01  -2.1428616e-01
   8.6747732e-01   8.3796458e-01
   2.5358180e+00   2.3854277e+00
   2.4285101e+00   2.2396264e+00
   6.7061219e-01   4.2525017e-01
  -1.3619190e+00  -1.4256095e+00
  -1.8007439e-01   1.8704248e-01
   9.1753500e-01   3.5508965e-01
  -8.1215636e-01  -3.0130173e-01
  -5.2268946e-02  -1.2372424e-01
   1.5729881e-01   2.0599095e-02
  -5.3342509e-01  -6.3570696e-01
   2.5761774e-01   5.2969355e-01
   9.8321962e-01   8.2176310e-01
  -8.8637865e-02  -4.5536303e-01
  -9.8365583e-02  -7.7259142e-02
  -4.6406660e-01  -2.8847095e-01
   1.2553065e+00   1.0255196e+00
   2.3344998e-01   5.1477922e-02
  -1.8857286e+00  -1.6340331e+00
  -4.7881445e-01  -6.8768366e-01
   6.7324114e-01   2.9573549e-01
  -4.6079071e-01  -3.0146276e-01
   6.1225112e-01   5.1411790e-01
   4.5168107e-02   2.3392230e-01
   9.2348812e-01   8.9287686e-02
  -1.0499878e+00  -1.4711767e+00
  -1.2783631e+00  -1.1871138e+00
  -7.0492038e-01  -1.0181852e+00
   1.1190950e+00   7.6408628e-01
   3.8464702e-01   3.8025793e-01
  -1.2531060e-01  -1.0275807e-01
   2.0805370e-01   2.3264868e-01
   6.0056113e-01   1.1228847e+00
  -1.4466857e+00  -1.8109632e+00
   4.2568673e-01   4.9103066e-01
  -1.2562260e+00  -1.1758732e+00
   2.2312049e-01  -8.6610933e-02
  -1.5938637e+00  -1.7348993e+00
  -9.1165569e-01  -8.6103858e-01
   8.3596038e-01   8.1146281e-01
   1.2305623e+00   1.3799990e+00
   8.8956320e-01   1.3273405e+00
   9.9658608e-01   1.3761327e+00
   1.3203371e+00   1.3599955e+00
   7.8420482e-01   5.7589644e-01
   1.0919929e+00   1.5351505e+00
   4.2511334e-01   2.6097024e-01
  -2.5521421e-01  -6.2368435e-01
   4.5408203e-01   4.3944382e-01
  -1.4035715e+00  -9.0414847e-01
   3.9397075e-01   6.5864341e-01
  -1.5147930e+00  -9.6836805e-01
   1.6216860e+00   1.7611057e+00
  -1.5968560e+00  -1.5586005e+00
   5.5525511e-01   5.2400357e-01
   8.8515793e-01   6.8675579e-01
  -5.5430962e-01  -7.1027958e-01
   9.0492496e-01   1.1870259e+00
   7.0573266e-01   8.3001410e-01
   4.7550318e-01   1.8640244e-01
  -1.4294436e+00  -9.1139099e-01
   2.0462587e+00   2.3824515e+00
   8.1807703e-01   7.4943644e-01
  -8.4869934e-02   8.1682114e-02
   1.0687642e+00   1.1138410e+00
  -1.5121510e+00  -1.3445141e+00
   1.7087750e-01   4.5489759e-01
  -2.3334898e+00  -2.4188133e+00
  -2.4982460e-01  -2.3174530e-01
   6.4615638e-01   5.1000082e-01
   2.4978199e-01  -1.0102796e-01
   1.6093470e-01   1.5039410e-01
  -4.6505598e-01  -6.3661508e-01
   3.8764505e-01   3.2285292e-01
  -6.2281200e-01  -7.4829619e-01
  -1.0487728e+00  -1.2823461e+00
  -9.6912898e-02  -2.1645219e-01
   1.3403226e+00   1.4397493e+00
  -5.3926006e-01  -2.1986865e-01
  -5.7997427e-01  -9.1529224e-01
   2.3264234e-01   1.6817264e-01
   1.6943620e+00   1.3712569e+00
  -1.1062715e+00  -1.0314634e+00
   4.5860957e-01   3.6019362e-01
  -4.9702957e-01  -9.7988407e-01
   1.3238149e+00   6.2788754e-01
   1.6598194e+00   1.5231074e+00
  -1.4254860e+00  -1.1199348e+00
   1.2279979e+00   1.4595437e+00
   1.5832208e+00   1.7010889e+00
   6.1028188e-01   6.0371830e-01
  -1.7590326e+00  -2.0790659e+00
   2.7135021e+00   2.5428838e+00
  -3.6585468e-01  -4.8891212e-01
  -5.0146366e-01  -4.5602099e-01
  -1.2300583e+00  -1.2233967e+00
   1.1120264e+00   1.2007804e+00
  -8.8719869e-01  -7.8183808e-01
   1.7400845e-01   3.5009561e-01
   4.0760872e-02   7.6908946e-01
   1.9845034e-01   5.2768516e-01
  -1.4857413e+00  -1.9066449e+00
   2.1360211e+00   1.6258912e+00
  -7.7346195e-01  -5.6928468e-01
  -2.1560841e-01  -2.5182952e-01
  -7.5929794e-02  -4.7629987e-01
   1.1246710e+00   1.2653255e+00
  -1.2704556e-02   9.3929611e-02
   1.1653773e+00   1.3117151e+00
   1.7193635e+00   1.4788433e+00
   3.9234044e-01   7.3505104e-01
   1.6035030e+00   1.6266770e+00
   1.3341625e+00   1.5450115e+00
  -8.4121846e-01  -5.9645343e-01
  -2.4255620e-01  -7.5180536e-01
   2.3833449e+00   2.1782365e+00
  -2.1630180e+00  -2.2819247e+00
   7.0988303e-01   1.2585461e+00
   3.3486164e-01   6.6250831e-01
  -3.3918749e-01  -4.4357624e-01
  -3.5677099e-01  -1.5731089e-01
   5.8864939e-01   2.3459466e-01
  -2.5354893e-01  -4.0947451e-01
   1.9003719e-01  -1.1149726e-01
  -5.7748161e-01  -3.1511157e-01
   1.5023296e+00   1.6020811e+00
  -8.6788276e-01  -1.0684371e+00
   8.3139786e-01   1.1012814e+00
  -2.8454699e-01  -2.3551384e-01
   9.8540544e-01   9.3337861e-01
  -8.3175012e-01  -5.5938765e-01
   7.4685162e-01   8.5557271e-01
  -2.5310588e-01  -2.6555003e-01
  -1.3682483e+00  -9.2995976e-01
   1.2806270e+00   8.7165014e-01
   2.1880130e-01   2.5151453e-01
  -1.5805519e+00  -1.0829056e+00
  -2.1484665e+00  -2.6172660e+00
  -4.1357983e-01  -5.8731677e-01
  -2.7170095e-01  -3.9523214e-01
  -1.2030358e+00  -1.2623006e+00
  -1.0392908e-01  -3.7531283e-01
   5.0899818e-01   6.8338638e-01
  -6.9335460e-01  -6.5761853e-01
   4.8358156e-01   2.6705582e-01
   3.8661835e-01   4.8411943e-01
  -1.5004456e+00  -1.5364782e+00
   1.7463103e-01   8.7270722e-02
  -1.2540898e+00  -1.1658671e+00
  -3.6911563e-01  -2.9641819e-01
   1.6434661e-01   3.6769719e-01
   8.4465848e-01   8.0888931e-01
  -1.3231271e-01  -1.2286788e-01
  -1.3463547e+00  -1.0194561e+00
  -7.6675359e-01  -2.4620530e-01
  -6.2061927e-02  -2.4592860e-02
   8.4178000e-02  -2.1950250e-01
  -5.0686139e-01  -3.4883893e-01
   1.8608704e+00   1.9018753e+00
  -1.5442336e-01   4.2991450e-02
   1.9695072e+00   1.6252429e+00
   1.3920968e+00   8.4465368e-01
   9.0630410e-01   1.1759281e+00
  -4.8343953e-01  -6.0180475e-01
  -6.5055271e-01  -4.9940647e-01
   5.2357724e-02  -2.2281748e-02
   6.3662614e-01   2.0953762e-01
   1.1528824e+00   1.2647819e+00
  -1.1565780e+00  -7.9651165e-01
   1.1175289e+00   9.8348393e-01
  -1.2929879e-01  -7.0333329e-01
   2.8781007e-02  -3.8655599e-01
   8.9979487e-01   7.9086458e-01
  -7.8426241e-02  -1.5162944e-01
  -2.5144175e-01  -4.1812755e-01
   6.4229311e-01   4.8150004e-01
  -4.3853689e-01  -2.9758121e-01
   1.6156307e-02   3.8638535e-02
   3.0302901e-01  -1.3274323e-02
   6.3033169e-01   1.0091245e+00
   3.6752331e-01   4.7560470e-01
   5.2171253e-01  -8.2658498e-02
  -5.2502461e-01  -8.8768270e-02
   8.8173680e-02   4.3562295e-01
  -8.0458824e-01  -7.1523747e-01
   2.8850964e-01   1.4775903e-01
   6.0437947e-01   2.4350869e-02
   5.4806420e-01   2.1345806e-01
   4.6156037e-01   7.8400273e-01
  -8.9904229e-01  -7.8070769e-01
  -4.5420590e-01  -7.2579687e-01
   1.0612235e+00   1.0449540e+00
  -4.6774447e-01  -2.7128014e-01
  -1.1159517e+00  -9.7677118e-01
   1.1355296e+00   1.0223051e+00
  -1.4600957e+00  -1.5390452e+00
  -6.0473854e-01  -5.5046765e-01
  -3.1937312e-01  -2.7003922e-02
  -3.1971990e-01  -4.7760069e-01
  -1.4678490e+00  -1.2764656e+00
  -2.5488337e+00  -2.5824536e+00
   8.1013137e-01   6.3035006e-01
   1.2051358e+00   1.4527724e+00
   2.2204070e-01  -3.5913322e-02
  -4.7068536e-01  -9.7484889e-01
   1.0143388e+00   7.3818997e-01
   1.4679686e-01   2.1966732e-01
   2.6178350e+00   2.2696283e+00
   1.0831951e+00   7.9132719e-01
  -2.7125174e-01  -1.3477164e-01
   1.1614680e-01   1.5459725e-01
  -3.3786701e-01  -4.1897067e-01
   4.4967920e-02   4.1122461e-01
  -3.5004524e-01  -5.0418349e-01
   3.0991303e-01   2.8813496e-01
   1.9522528e-01   4.9614437e-01
   4.3822124e-01   7.5069137e-01
  -7.3791695e-01  -1.2289768e+00
   1.3534715e-01  -4.9282500e-01
  -2.7441667e+00  -3.2537227e+00
  -4.4662796e-01  -6.4798363e-01
  -1.3905245e+00  -1.8214954e+00
  -7.2109417e-01  -4.4006934e-01
  -4.2586860e-03  -1.3799387e-01
  -1.4067198e+00  -1.7165232e+00
   1.2118391e+00   6.9037516e-01
  -6.4326767e-01  -9.0655330e-01
  -2.0391745e+00  -1.9448041e+00
   4.0158275e-01   9.6925427e-02
   3.2032469e-01   1.4203932e-01
  -1.4040700e-01   1.3704522e-01
   1.9673411e+00   1.5504461e+00
  -1.1408224e-01   4.1986784e-01
  -3.3013839e-01  -3.6959881e-01
   8.6811647e-01   8.4129066e-01
  -1.7757801e+00  -1.9118058e+00
   5.1062032e-01  -1.2630004e-01
  -1.6062111e-01  -3.9222852e-01
  -6.8031707e-01  -8.8429840e-01
  -3.2565427e-01  -4.1912886e-01
  -2.6725998e+00  -3.1029353e+00
   1.3204809e+00   6.6404833e-01
  -9.4582404e-01  -7.4449631e-01
   1.1424696e-01   6.9894887e-02
   2.9888064e-01   2.4862529e-01
   9.8980408e-01   1.1413089e+00
  -1.8173692e-01   2.0045198e-01
  -2.0500238e+00  -1.7222683e+00
   2.2154392e-01   5.4926503e-01
  -1.5224804e+00  -1.6045304e+00
  -1.2915122e+00  -1.8702171e+00
  -4.8244380e-01  -8.1379116e-01
  -1.2916303e-01  -3.1326088e-01
  -1.7966694e+00  -2.1175050e+00
  -1.2088824e+00  -1.3757422e+00
   4.1489565e-02  -3.5723241e-01
  -1.8985451e+00  -1.7566609e+00
  -5.1601950e-01   1.6068026e-01
   1.4988743e-01  -3.9880997e-03
  -1.8136700e+00  -2.2317693e+00
   1.4311999e+00   1.3059208e+00
  -6.0300307e-01  -5.6543994e-01
   4.4814457e-01   4.6081994e-01
  -2.0009354e-01  -3.9096495e-01
  -8.3140778e-01  -1.0445479e+00
   7.7106369e-01   8.7163397e-01
   1.1256415e+00   1.4514810e+00
  -8.2693906e-01  -6.2668413e-01
  -1.3935831e-01   1.9077425e-01
  -1.2766664e-01  -5.6927124e-02
  -6.0400425e-01  -3.0176457e-01
   2.4839132e-01   1.5385755e-01
   5.8601483e-01   7.0773508e-01
  -8.8605903e-01  -1.1388278e+00
  -1.7496931e+00  -1.3636393e+00
  -5.3039471e-02  -6.0450511e-01
   5.0085592e-01   9.0428638e-01
  -5.0644453e-01  -1.1809546e-01
   2.3992419e-01   8.7771017e-02
   1.3480764e+00   1.3202826e+00
  -5.6211236e-02  -8.0509088e-02
   1.6656695e+00   1.2415024e+00
   6.5280802e-01   6.6309116e-01
   4.9891494e-02   2.6115703e-01
   4.4459011e-01   3.7919706e-01
  -3.6615004e-02   3.6176481e-01
   4.4090994e-01   3.6034342e-01
   8.9175572e-01   9.2042205e-01
   3.1223927e-01   1.3003457e-01
  -4.8597905e-01  -3.2153842e-01
   3.1965742e-01   3.6641630e-01
   9.5175368e-01   1.3702891e+00
  -1.8520270e+00  -1.7929770e+00
   3.5355359e-01   5.6601555e-01
   8.1592063e-01   8.0151200e-01
  -8.4649784e-01  -7.8985917e-01
  -9.7807632e-01  -8.8332353e-01
   8.1887749e-01   5.1221654e-01
  -9.0637438e-01  -1.0036942e+00
   4.6743190e-02   2.0734482e-01
   1.6174027e+00   1.3723626e+00
  -2.0831745e+00  -2.3959150e+00
  -8.4285075e-01  -2.9842959e-01
   1.5225823e-01   6.0109721e-02
  -2.5663380e-01  -2.1745912e-01
  -6.7143975e-01  -6.0544686e-01
   1.0480811e+00   8.2552336e-01
   1.5399176e-01   4.1557538e-02
  -1.8007242e+00  -1.7675299e+00
   4.2688307e-01   7.0237138e-01
   2.8447589e-01   2.3682247e-01
   5.1765739e-01   4.4262880e-01
  -7.3010622e-01  -8.9239012e-01
  -2.6323217e-01  -1.4855955e-01
   2.0644502e+00   2.2872384e+00
  -8.5724037e-04   1.9761620e-01
  -3.6400359e-01  -4.2415779e-01
   8.6672588e-01   9.9855290e-01
   1.7124868e+00   2.0049165e+00
  -1.1861017e+00  -8.0484674e-01
   5.6237285e-01   3.0320078e-01
  -1.3563047e+00  -9.5518040e-01
   2.1785768e-01  -2.0454821e-02
  -3.0480303e-01  -3.3429075e-01
   8.9810732e-01   1.2122431e+00
  -1.9063389e+00  -2.2062325e+00
  -4.1244566e-02   1.1261982e-02
  -1.7493780e+00  -1.5944293e+00
   7.2109380e-01   5.9892996e-01
   1.2635154e+00   9.8905004e-01
  -8.3471063e-01  -3.2757067e-01
   8.4997681e-03   1.0683692e-01
   8.6257842e-01   4.6613919e-01
  -1.1851513e+00  -9.4736923e-01
   6.2462797e-01   5.1762515e-01
   3.8002393e-01   5.1784615e-01
  -1.2028833e+00  -9.5991709e-01
   1.5569198e+00   1.3753807e+00
   4.5305204e-01   6.8104902e-01
   1.0693262e+00   9.9341961e-01
  -9.4508818e-02  -5.1204169e-02
  -1.1817146e+00  -1.2607837e+00
   1.8663717e+00   1.3952476e+00
  -1.9678518e+00  -1.6785524e+00
  -1.2542200e-01  -3.5091996e-02
   1.0198048e+00   8.6979453e-01
   6.5503031e-01   7.3041831e-01
  -9.1636885e-01  -1.0001260e+00
   7.1435600e-01   1.1324481e+00
   1.2789623e+00   1.6827507e+00
   8.5843706e-01   8.3866159e-01
   7.4175084e-02  -4.8018009e-01
   1.1863340e+00   8.4573116e-01
  -2.3938650e-01  -5.5090019e-01
   1.0388896e+00   1.4107958e+00
   8.8871834e-01   8.0119393e-01
   1.7912667e+00   1.9416379e+00
  -1.2007667e+00  -1.0402694e+00
  -2.6552856e-01   3.2955426e-01
   8.9722005e-01   9.0066724e-01
  -2.1123461e-01  -1.1912904e-01
   1.6011723e-01   1.6068861e-01
   5.6993720e-01   5.9959612e-01
   1.6374782e+00   1.7900720e+00
   1.5961888e-01   7.8567810e-02
  -4.9535023e-01  -6.7531290e-01
   6.1029711e-03   1.1875736e-01
  -1.2572522e+00  -1.7004411e+00
   7.4988217e-01   2.0213459e-01
  -3.5511809e-01  -1.7608961e-01
  -2.0197927e-01   1.6746244e-01
   2.4056202e-01   5.9585756e-01
  -1.2125051e-02  -1.2336696e-01
  -5.0538641e-01  -3.5940393e-01
  -5.6295527e-01  -7.2383485e-01
   2.4193623e+00   2.6349493e+00
   3.5297103e-02  -2.2858800e-01
  -1.9907614e+00  -2.0079279e+00
   9.6697922e-01   1.1393031e+00
   1.5768983e+00   1.3152749e+00
   4.5779015e-01   7.7752970e-02
   1.6286595e+00   1.5027126e+00
  -9.9583630e-01  -1.1228659e+00
  -9.0624544e-02  -3.0696211e-01
  -1.3199941e-02  -4.4534066e-02
  -1.1368423e+00  -1.1786479e+00
   1.1879300e+00   1.6794665e+00
   1.2419065e-01   1.2382891e-01
  -3.4291197e-01  -5.3723317e-01
   1.6129300e+00   1.3146840e+00
   8.0149301e-01   5.2995635e-01
   9.5509610e-01   1.1686047e+00
   2.0252290e-02   3.5398275e-01
  -8.2379672e-02  -2.3905641e-01
   4.8973999e-01   2.9966765e-01
   5.1448941e-02  -1.0715894e-01
  -1.0822032e+00  -9.4164771e-01
  -7.9817339e-02  -3.6997259e-02
   5.4844114e-01   7.4852402e-01
  -5.7532456e-01  -4.6366716e-01
  -1.9973507e+00  -2.0753320e+00
   5.5135816e-01   5.9778887e-01
   1.8375852e-01   5.7502712e-01
   8.0079060e-02   2.8408240e-01
  -1.9411026e+00  -1.9734617e+00
   4.7783762e-01   1.3712562e-01
   2.2488183e+00   2.3073740e+00
  -3.0765766e-02  -1.6279749e-01
   1.6745743e-01   2.6354377e-01
   1.4310102e+00   1.4287727e+00
   1.8767979e-01   2.5934740e-01
   5.7240809e-01   5.7544790e-01
   1.0244893e+00   9.6055140e-01
   1.4200359e-01   3.6411857e-01
   8.1121749e-01   1.1491408e+00
  -6.6222050e-01  -5.4472386e-01
   6.9881305e-01   6.9974013e-01
   3.5585791e-01   4.9752799e-01
  -7.3750826e-01  -9.7606357e-01
  -6.4573415e-01  -1.1861021e+00
  -1.3772882e+00  -6.8850445e-01
  -4.8307104e-01  -4.1051663e-01
   2.8993725e-01   4.5171350e-01
   1.6044285e+00   2.2922094e+00
   1.7250197e-01   3.5499198e-01
  -4.5973120e-01  -4.9320507e-01
  -1.5480791e+00  -1.5068376e+00
  -9.8903052e-01  -9.1292281e-01
  -2.5734479e-01   8.3108300e-02
  -8.1381113e-02   3.7385593e-02
   4.8082500e-01   3.9472653e-01
  -1.4944481e+00  -1.8240243e+00
  -6.9623765e-01  -6.8117826e-01
  -1.0000136e+00  -4.4937494e-01
  -4.1068221e-01  -5.5381145e-02
  -3.3637448e-01   3.7530837e-02
  -9.3244237e-02   1.4882981e-01
  -9.4154784e-01  -9.4271695e-01
   8.3421061e-01   6.4171027e-01
   1.9044020e+00   1.7754565e+00
  -1.1182742e+00  -1.3477486e+00
   4.8598619e-01   5.5494411e-01
   1.1718386e+00   6.3879081e-01
  -3.2428105e-01  -5.7647411e-01
   1.4980101e+00   2.0228839e+00
   1.5836525e-01   7.5036233e-01
   7.1760704e-01   1.0336503e+00
  -9.6456479e-03  -2.7976336e-01
  -6.1080738e-01  -8.4161307e-01
  -4.1036844e-01  -3.5773017e-01
  -1.8312301e+00  -1.7150714e+00
   6.7880891e-01   8.1779309e-01
   3.3240770e-01   5.3901964e-01
  -1.2838019e+00  -1.6336686e+00
  -1.3059780e+00  -1.3943533e+00
  -4.9742000e-02  -3.4220746e-01
  -2.0257842e-01   2.7827706e-01
   6.1555953e-02   1.4292504e-01
  -1.4459576e+00  -1.4715606e+00
  -1.0494414e+00  -1.1651691e+00
   3.1789268e-01   5.6165146e-01
  -6.8263772e-01  -6.8982286e-01
  -6.3377624e-01  -6.6523018e-01
  -1.6042053e+00  -1.5222865e+00
  -3.2503616e-01  -5.3625152e-01
   4.6722757e-01   3.8627035e-01
   1.4608786e+00   1.4153662e+00
  -7.8847765e-01  -8.4658568e-01
   9.1953141e-02   9.9157714e-02
   1.0043308e+00   1.0146722e+00
   1.5322233e+00   1.4951969e+00
   5.2155594e-01   5.6279346e-01
   7.8757196e-01   3.8919794e-01
   4.6800334e-01   5.5461244e-01
  -1.1449783e+00  -1.2841725e+00
  -1.3199266e+00  -1.8071116e+00
   8.6803905e-01   7.9023080e-01
  -9.2756177e-01  -1.1895231e+00
  -4.9284149e-01  -6.1540022e-01
  -1.5652613e+00  -1.7249403e+00
   5.6469278e-01   3.1502746e-01
   9.5991892e-01   5.7456644e-01
  -9.0814151e-01  -7.7355128e-01
   2.1019686e-01   5.2432313e-01
   6.4312971e-01   8.8353619e-01
   2.6172458e+00   2.0371127e+00
   6.6513196e-01   8.0758494e-01
  -6.8557527e-01  -4.5829286e-01
  -9.0914521e-02  -3.1707281e-01
   2.1465727e+00   2.0730328e+00
   8.6194880e-01   1.1142024e+00
   6.7550804e-01   5.9503744e-01
   1.3481760e+00   1.2653427e+00
   1.0375287e-01   1.4482974e-01
  -2.3778750e+00  -2.2282479e+00
  -7.2401539e-01  -1.1006347e+00
   6.0648130e-01   3.9806298e-01
   1.2928168e+00   1.4492856e+00
  -1.1448407e+00  -8.8060545e-01
   5.0490005e-01   2.7363795e-01
  -8.6910774e-01  -1.1102947e+00
  -9.4387191e-02  -1.2202102e-01
  -1.4654745e-01  -4.0861803e-02
   6.8732641e-01   5.4230242e-01
  -1.0040987e+00  -8.4786052e-01
   6.0716761e-01   4.7991744e-01
  -1.6979359e+00  -1.7488190e+00
   8.7616956e-01   1.2783132e+00
   1.5518679e+00   1.5977033e+00
  -1.1925873e+00  -7.6409778e-01
   8.2290214e-01   9.0409790e-01
   1.8363707e+00   1.7388054e+00
  -4.6050110e-01  -4.3390864e-01
   9.5660112e-01   1.6163906e+00
  -1.5141614e+00  -1.6610068e+00
   2.8345893e-01   5.0261099e-01
   2.1585223e+00   2.1257650e+00
  -7.1780330e-02   4.2862634e-01
  -1.7942452e+00  -1.9054665e+00
  -1.2473963e+00  -1.1675807e+00
   1.6463461e+00   1.8187639e+00
   2.4902401e-01   1.3278914e-01
   2.0450691e+00   1.6579202e+00
   5.0133897e-01   4.2369306e-01
  -7.4217812e-01  -4.9620733e-01
  -1.8474377e-01  -2.9008465e-02
   3.4953269e-01   4.6914007e-01
  -2.1501776e-01   1.4563327e-01
   1.8866017e+00   1.8618239e+00
   4.6343738e-01   6.1586955e-01
   2.0757965e-01   5.3171653e-02
  -4.5785665e-01  -4.7606722e-01
  -2.7203767e-01  -4.9381993e-01
   1.8509865e+00   1.8039491e+00
  -7.1273435e-01  -7.5378762e-01
   2.9518126e+00   2.3928465e+00
  -1.2186900e+00  -1.8198510e+00
   5.3455640e-01   4.9881876e-01
  -7.2275265e-01  -5.7504603e-01
  -9.7767989e-01  -7.1114060e-01
   1.6066727e+00   1.3702841e+00
   1.2827125e+00   1.6482940e+00
  -8.7320778e-01  -5.4507008e-01
  -4.8869262e-01  -7.2281732e-01
  -7.3260505e-01  -7.2438559e-01
   5.5422351e-01   4.5341545e-01
  -2.6114307e+00  -2.7096359e+00
  -7.9253036e-01  -7.9592255e-01
  -1.2231578e-01  -7.2950134e-02
  -8.9227549e-01  -1.2062510e+00
   1.1170310e+00   1.6276071e+00
  -1.0504548e+00  -8.4075373e-01
  -1.0049193e+00  -9.5158974e-01
  -1.1667651e+00  -1.4224806e+00
  -3.7415071e-01  -4.6553614e-03
   3.4585374e-02   1.8579083e-01
  -2.4429621e+00  -2.2721793e+00
  -1.1300392e+00  -9.5469084e-01
  -9.1708831e-01  -1.0160409e+00
  -1.0821174e+00  -9.9370882e-01
  -8.1951329e-02  -8.7143192e-02
  -4.9911000e-01  -6.3377631e-01
  -1.9872786e+00  -2.1518113e+00
  -8.4913364e-01  -1.0504632e+00
   7.2017670e-01   7.7520640e-01
  -1.6043478e-01  -5.0955032e-02
   1.5833345e+00   1.5257231e+00
  -1.0825910e+00  -1.0776304e+00
   9.0154135e-01   9.0169068e-01
  -5.4576237e-01  -7.7604411e-01
  -6.1119375e-01  -5.9709532e-01
  -1.5437475e+00  -2.0355019e+00
  -1.1870046e+00  -1.2953328e+00
   1.4041629e+00   1.5607010e+00
  -6.4776125e-01  -8.0833727e-01
  -2.4600278e-01  -4.1459142e-01
  -6.7680488e-01  -7.7552516e-01
  -3.4587296e-01  -2.1854697e-01
  -1.7639016e+00  -2.5433090e+00
  -8.9794618e-01  -5.4798281e-01
   8.3946072e-01   5.0794466e-01
   2.1010022e-01   4.4884350e-01
  -7.4278982e-01  -5.3857230e-01
   3.5570911e-01   7.1445948e-01
   1.4778639e-01   3.1646167e-01
   7.2872743e-01   1.2564712e+00
   2.0048788e+00   2.0282662e+00
  -3.9899072e-01  -3.6762360e-01
   1.1871614e+00   1.0383582e+00
  -3.5334939e-01  -2.7509926e-02
   3.9803730e-01   3.1923456e-01
  -1.3166446e-01   1.6801319e-02
   4.0646495e-01   7.1373444e-01
   1.0581937e+00   7.8035165e-01
  -3.5675200e-01   2.0976662e-02
  -3.6046278e-01  -7.6317612e-01
   7.1001463e-01   5.0375838e-01
  -1.4086168e+00  -1.4760413e+00
   4.9555159e-01   6.6119611e-01
  -2.0952004e+00  -1.5706313e+00
  -1.1927836e+00  -1.2498314e+00
  -2.3324316e+00  -2.4570267e+00
  -8.1840567e-01  -7.4598118e-01
  -1.2353616e-01   3.6093760e-02
  -6.8537482e-02  -9.0877812e-02
