   1.6925696e+00  -1.4072432e+00
  -7.1031203e-01   2.8559033e-01
   2.6749917e+00  -2.5024343e+00
  -3.5401823e-01  -3.0519883e-01
  -7.7468498e-01   8.6805171e-01
  -1.2990076e+00   1.4636161e+00
  -1.4035632e+00   1.9929319e+00
  -8.1719551e-01   1.6797083e+00
  -2.8716479e-01  -1.7529934e-02
   3.8207556e-01  -4.0595801e-01
   1.0712897e-01  -3.5250649e-01
  -1.0991245e+00   1.4954917e+00
   3.5140338e-01  -2.6855628e-01
   3.1880128e-01  -6.1265296e-01
  -8.1052119e-01   1.2109487e+00
   1.1828440e+00  -9.2535501e-01
  -5.8795771e-01   7.0985926e-01
   9.2819389e-01  -1.6285835e+00
  -1.2906158e+00   1.7253752e+00
  -6.1972799e-01   5.1057525e-01
  -1.1422920e+00   1.6823568e+00
   3.3731744e+00  -2.3347107e+00
  -3.0639942e-01  -2.6501400e-01
  -1.2391250e+00   1.2178827e+00
  -7.1983414e-01   9.5192640e-01
  -3.7752258e-01   5.0543156e-02
  -9.3581457e-01   9.1111388e-01
   2.6717740e+00  -1.9382267e+00
  -1.8431054e-01  -2.1004760e-01
   1.1552497e+00  -1.0072501e+00
  -2.6219286e-01   3.8078306e-01
  -6.6848743e-01   5.5780159e-01
   1.1772114e-01  -2.5283596e-01
  -7.8245969e-01   2.7816877e-01
   7.0549920e-01  -6.3869240e-01
  -3.7116065e-01   1.4987373e-01
   3.7659910e-02  -3.7383386e-01
  -3.3931774e-02  -1.5412720e-01
   1.3189071e+00  -1.0048810e+00
  -3.5456558e-01   1.2919533e-01
   6.3512263e-01  -5.2385740e-01
  -3.7401422e-01   4.7198421e-01
   5.2624083e-01  -7.6959311e-01
   7.5117738e-01  -9.5279652e-01
   1.3983855e+00  -1.5650107e+00
  -1.0571352e-01   5.0433052e-01
   3.2892598e-01  -4.8215832e-02
  -7.0144106e-01  -3.6471372e-02
  -3.3894313e-01   4.5093563e-01
   1.3143644e-01  -5.0172388e-02
  -3.9564781e-01   1.1268048e-01
  -2.9867840e-01   2.4424528e-01
  -9.0485495e-01   1.5411097e+00
  -9.1301369e-01   8.3322696e-01
  -6.5815542e-01   7.4523339e-01
  -1.3228066e+00   5.9676210e-01
  -1.8229305e+00   1.5878041e+00
  -1.1054315e+00   9.7879587e-01
  -1.0058880e-02  -1.1813050e+00
   1.3227305e-01  -2.8255044e-02
  -1.4399218e+00   3.4540202e+00
   1.0111200e+00  -8.0059463e-01
   3.5255308e-01  -1.1216153e-01
  -1.2812159e+00   1.3977453e+00
  -1.4641226e+00   1.8238729e+00
  -4.1595659e-01   2.8157318e-01
  -1.0943317e+00   1.1569743e+00
  -3.5880650e-01   1.6625182e-01
   5.3504173e-01  -2.3285876e-01
   1.8436925e+00  -1.2445794e+00
  -1.3669462e+00   1.2456768e+00
  -9.4152256e-01   1.2593434e+00
   1.8642981e+00  -1.6475555e+00
   7.1075760e-01  -3.0347208e-01
   1.0065719e+00  -7.4984575e-01
   1.1858089e+00  -1.2154842e+00
   9.8458289e-01  -7.5855262e-01
   2.2074014e+00  -1.9937384e+00
  -2.4422706e-01   5.2603402e-01
  -4.6832539e-01   6.2357359e-02
   9.4888852e-01  -7.0709938e-01
   1.0624977e+00  -9.5550470e-01
  -3.2292050e-01  -2.7397718e-02
   1.9608087e-01  -4.8933899e-01
  -6.1849518e-01  -4.5760870e-01
   6.0740168e-01  -1.3047094e+00
   1.9759650e+00  -1.2948809e+00
  -1.6233116e+00   2.4650126e+00
  -4.3247866e-01   4.5463651e-01
  -1.6566097e+00   2.0215887e+00
   5.2226671e-01  -5.1807714e-01
   2.0191991e+00  -1.4141538e+00
  -7.1790532e-01   4.7814989e-01
   2.4289233e-01  -6.2024991e-01
  -4.1080069e-01   7.7660704e-01
   1.7434415e-01  -2.4070635e-01
   2.0925028e+00  -2.2060179e+00
  -6.7758275e-01  -1.9172746e-01
  -7.3694762e-02  -2.4642167e-01
  -5.0020338e-01   5.0095937e-01
  -8.4722661e-01   5.7414157e-01
   3.5596052e-01  -3.7788973e-01
  -1.0195935e+00   1.1960568e+00
  -9.5301810e-01   1.4714746e+00
  -4.3009835e-01   1.9913666e-01
   1.6493663e-01  -2.7888468e-01
  -9.4543374e-01   1.1608741e+00
   2.1075594e-01  -4.7988410e-01
  -1.4832060e+00   1.9032011e+00
   4.9806775e-01  -3.5847921e-01
   1.0651448e+00  -8.0701290e-01
   5.5070215e-01  -5.7774752e-01
   8.7966766e-01  -5.9867408e-01
  -5.9351145e-01  -6.1276964e-02
   1.7024286e-01  -1.1304628e-01
  -2.2490655e-01   4.2507654e-01
   1.5357006e-01  -2.3083430e-01
   9.9540668e-02  -4.8088883e-02
   2.4860824e+00  -1.3635803e+00
  -9.3936261e-01   5.0796320e-01
   2.6087269e-01  -2.8407487e-01
  -1.4072179e+00   2.8803721e+00
  -8.5762103e-01   9.1861497e-01
   1.2873283e+00  -1.3901893e+00
  -5.6899522e-01   3.6437450e-01
  -1.7426239e-01   2.1651343e-01
  -1.9996561e+00   1.4007092e+00
   8.5622240e-01  -3.9599516e-01
   3.2645542e+00  -2.5496389e+00
   1.1547134e+00  -1.7736000e+00
  -1.2539819e+00   1.3977671e+00
   9.2244795e-01  -1.1836861e+00
  -8.9647605e-01   9.4500632e-01
  -1.4337371e-01   3.4010636e-01
  -1.7919512e-01   1.8004031e-01
  -2.4136196e-01   1.5829359e-01
  -1.2199413e+00   1.2367066e+00
   6.2930553e-01  -4.9309105e-01
   4.5134563e-01  -3.8489235e-01
  -9.6207609e-01  -7.1270247e-02
   8.6005913e-03  -1.3600810e-02
  -7.9484825e-01   1.1572318e+00
  -6.0681214e-01   4.5502626e-01
  -3.4500049e-01   8.7898307e-01
  -2.0693485e-01   2.8367098e-01
  -1.0132886e+00   2.9679835e-01
  -1.6995530e+00   1.0609239e+00
   1.6872904e+00  -1.8905236e+00
   1.7059122e-01  -8.5685037e-01
   2.8249139e-01  -2.0737551e-01
   1.4077295e+00  -1.2146826e+00
  -7.8913455e-01   8.9929159e-01
   2.2997861e-02  -3.0061825e-01
   2.5762019e-01  -7.5544189e-01
  -1.4054567e+00   2.4055225e+00
  -2.1178984e-01  -1.2231607e-01
   6.4871641e-02   1.3983365e-02
   1.7662126e+00  -1.4359951e+00
  -1.1535862e+00   8.2509413e-01
  -1.4905598e-01  -3.8455667e-01
  -3.7091057e-01   1.3220525e-01
   9.0448739e-01  -7.7518211e-01
  -1.0472300e+00   8.6811345e-01
   3.4851531e+00  -2.4091399e+00
  -6.6181042e-01   6.9488070e-01
   7.2927524e-01  -5.3156661e-01
   7.7520986e-01  -7.1716043e-01
  -4.0397708e-02   2.3403391e-01
   1.1611801e+00  -1.1007741e+00
   6.4817014e-01  -1.0517818e+00
   1.2808461e+00  -9.8363618e-01
  -1.5278641e+00   1.0683464e+00
  -1.0146827e+00   6.5316080e-01
   8.4665760e-01  -8.0150338e-01
  -4.5547252e-01   4.5716786e-01
   2.2876495e-01   4.6823481e-02
   1.8941173e-01   7.2747028e-02
   6.6543514e-01  -9.7351888e-01
  -5.0143188e-01   5.0492692e-01
   1.4435719e+00  -1.1059913e+00
   2.2937574e+00  -1.5663944e+00
   1.4140585e+00  -1.3995261e+00
   2.4616867e-01  -1.1172629e+00
   2.1742894e+00  -1.9565301e+00
   2.2782704e-01  -3.2946092e-01
  -5.9067308e-01   3.7889057e-01
  -5.2847246e-01   5.7360271e-01
  -7.2046187e-01   2.4475840e-01
   1.8183370e+00  -1.6871169e+00
  -8.2760289e-01   6.2506113e-01
  -6.4681617e-01   1.0808862e+00
  -2.3269339e-01   8.8537649e-02
  -6.0804607e-01   3.3117663e-01
   1.4984463e-01  -3.4411461e-01
  -1.0361614e+00   6.6897113e-01
  -4.9308577e-01   7.2452790e-01
  -9.1197976e-01   4.2111088e-02
  -5.4007462e-01   5.9609767e-01
   2.5135705e+00  -2.1940660e+00
   9.1554970e-02  -1.1088330e+00
   4.0026396e-01  -4.8085490e-01
   4.3186975e-01  -6.7864821e-01
   4.6043209e-01  -1.7845833e-01
  -1.9071302e-01  -5.7584788e-01
   9.7645129e-01  -6.2745821e-01
  -6.9902476e-01  -3.4041777e-01
  -6.9901901e-01  -2.3967599e-01
  -6.5532001e-01   6.8814421e-01
  -9.1262173e-01   1.7880482e+00
  -5.8649853e-01   3.1400151e-01
  -6.0936993e-01   6.9658067e-01
   1.0497158e+00  -1.3806564e+00
   8.3671657e-01  -1.2309332e+00
  -6.8400045e-01   6.3931408e-01
   1.4550303e+00  -1.3042981e+00
   2.5010114e+00  -1.6342172e+00
  -6.3106143e-01  -7.4769289e-01
   2.3107591e+00  -1.6105672e+00
  -5.4443615e-01   9.6781914e-01
  -6.9755075e-01   9.0477104e-01
   1.5438358e+00  -1.1196577e+00
   1.3814368e+00  -1.1893160e+00
   1.1699779e+00  -1.2105513e+00
   5.8353105e-03   1.2349755e-01
   4.3572566e-01  -9.4918845e-01
   3.0094732e-01  -8.7069304e-01
   5.4877619e-01  -3.1986877e-01
  -1.2637503e-01   1.8473627e-01
  -7.9109387e-01   6.9715595e-01
   6.8181468e-01  -6.7395746e-01
   2.0675715e+00  -1.2707029e+00
   3.2558322e-01  -8.9995811e-02
   1.5411980e-01  -2.4735208e-01
   2.6005783e+00  -2.2643336e+00
  -6.3251936e-01   5.7371486e-02
  -8.4321071e-01   5.3044006e-01
  -1.7799211e-01  -6.6547769e-01
  -6.9753578e-01   6.1181998e-01
   3.3490653e-01  -3.5907152e-01
   6.8739912e-01  -3.6266890e-01
   3.0463096e-01  -6.4983261e-01
  -3.0366104e-02   1.9896958e-01
  -3.5516559e-01   4.1491751e-01
  -1.3122915e+00   2.1487885e+00
   6.8390435e-01  -7.8194424e-01
   7.4528954e-01  -5.9560458e-01
  -6.1865032e-01   4.7497392e-01
   4.0868566e-01  -2.5463856e-01
   5.1544785e-01  -1.7703823e+00
  -2.6654571e-01   1.3270176e-01
  -1.2304578e-01   7.6609193e-03
   3.8560931e-01  -1.0060473e-02
   3.6883147e-01   2.4979507e-02
   1.8800086e-01  -3.1788202e-02
  -4.8001506e-01   4.9207293e-01
   6.3750279e-01  -7.6534136e-01
   6.5576981e-01  -1.0156430e+00
  -8.2302083e-01   3.4895580e-01
   7.3457782e-01  -8.6393429e-01
  -1.4052522e+00   1.1412292e+00
   1.4458611e+00  -8.3689378e-01
  -4.3491623e-01   3.6550068e-01
   4.5511928e-01  -7.6037960e-01
  -1.2249987e+00   1.0575370e+00
  -4.1988151e-01   3.0963924e-01
  -2.5906648e-01   9.1454027e-02
  -7.4417057e-01   8.6460901e-01
  -2.0281776e-01  -5.0342992e-02
   2.3466350e+00  -1.6726288e+00
   2.0447567e+00  -1.9567366e+00
  -1.1727722e+00   1.5227005e+00
   1.7828739e+00  -1.4917237e+00
   1.7369937e+00  -1.6933274e+00
  -2.8347541e-01   3.6074690e-01
  -1.5483760e+00   2.1397150e+00
  -7.7235769e-01   1.0514910e+00
  -7.8559466e-01   1.0305381e+00
  -8.9528457e-01   1.0130139e+00
   8.9481349e-01  -7.5626376e-01
  -1.3638979e-01   4.2620786e-01
  -1.3857185e+00   2.0958076e+00
   6.0460331e-01  -5.5602115e-01
  -2.4484790e-01   2.7422929e-02
   9.4288852e-01  -9.3591815e-01
  -3.9399740e-01   4.7186961e-01
   2.8166593e-01  -4.0511465e-01
  -2.0774941e+00   2.4641060e+00
   2.8894732e+00  -2.4358787e+00
  -3.5363757e-01   4.7763400e-01
  -1.1368118e+00   1.0185995e+00
  -1.7358633e-01  -5.1449777e-01
  -1.2145196e+00   1.5492733e+00
   3.8729752e+00  -3.2573639e+00
  -1.2161441e+00   7.5829195e-01
   9.8188139e-01  -9.4631838e-01
  -9.6951797e-02  -3.0099049e-01
  -8.0282571e-02   1.2588528e-01
  -1.1386468e+00   1.2343855e+00
  -7.5764905e-01   6.9538098e-01
  -1.0200576e+00   3.8060104e-01
   3.6815868e-01  -1.8249882e-01
   6.8306338e-01  -7.1608244e-01
  -2.4305959e-01   1.0928775e-01
  -1.1327084e+00   1.5823675e+00
   1.1180756e+00  -1.5269911e+00
  -3.0312371e-02   2.1823565e-02
   7.5498843e-01  -5.7091436e-01
  -1.5652650e+00   1.5152980e+00
   6.7711157e-01  -6.1436319e-01
  -8.1082783e-01   7.2156088e-01
  -1.0279636e+00   1.4613367e+00
  -9.5026436e-01   7.3600946e-01
  -7.9067486e-03  -4.7657636e-01
   1.1745909e+00  -8.4719457e-01
   7.6219430e-01  -4.6141812e-01
  -1.1980126e+00   1.1905452e+00
  -4.5401391e-03   4.1520914e-02
  -2.7976421e-01   2.2250329e-01
   1.3176538e+00  -8.0634212e-01
   2.2706885e+00  -1.6099937e+00
  -9.8720094e-02   3.1482435e-01
   1.7381264e+00  -1.3760106e+00
  -3.5813265e-01   7.4223640e-02
  -7.3320473e-01   5.6016101e-01
  -5.5552645e-01   9.7151122e-02
  -9.5620697e-01   1.1563544e+00
   7.6402466e-01  -3.4130373e-01
   3.1914708e-01  -4.1683840e-01
  -8.8721648e-01   1.1417412e+00
  -3.7222851e-01   2.6310205e-01
  -1.1127502e-01  -2.8300392e-02
  -2.2202938e-01  -2.4310330e-01
   2.7412888e-01  -2.0792692e-01
   1.5978601e-01  -1.4385624e-01
   2.3094059e-01  -3.4341878e-01
   7.1829075e-01  -4.5094890e-01
  -1.4479317e-01   2.4282953e-01
  -8.0154891e-02   2.1193225e-01
   1.9122626e+00  -1.6682225e+00
   3.8798189e-01  -4.1986709e-01
   7.2150978e-01  -3.4258917e-01
  -7.2039394e-01   3.7583536e-01
  -4.1845274e-01   4.3119676e-01
  -3.0772781e-01   1.9487473e-01
  -7.3581243e-01   9.2001632e-01
  -1.5719906e-02  -1.7207149e-01
  -1.0588942e-01   2.1857266e-01
  -4.6774599e-01   3.5575234e-01
   1.1300501e+00  -9.8370985e-01
  -1.0536386e+00   1.2137251e-01
   1.8274634e-01  -2.0331805e-01
   4.0751167e-01  -5.9435202e-01
  -3.3136156e-01   5.5794946e-01
   1.3627822e+00  -9.5737130e-01
   2.9213655e-01  -1.3004666e-01
  -1.8613373e+00   2.2407046e+00
  -5.9772210e-01   4.6555175e-01
  -1.4699343e-02  -8.0103392e-02
   3.8675132e-01  -2.5506630e-01
  -8.4508546e-01   5.1305537e-01
   1.1547218e+00  -8.8252450e-01
  -1.1605942e+00   2.1506256e+00
   1.9772347e+00  -1.8080943e+00
   5.2550699e-01  -8.1098726e-01
   9.8191216e-01  -5.9482715e-01
  -4.7681766e-01   3.1727020e-01
   5.6801319e-01  -2.1617067e-01
  -1.0213658e+00   3.6278033e-01
  -1.3912190e-01   3.9133884e-03
  -2.4052232e-01   1.8072487e-02
  -1.1067548e+00   9.2786841e-01
  -1.1646988e+00   1.2405929e+00
   1.0886250e-01  -5.4611788e-01
   3.1918628e-01  -6.3177514e-01
  -2.2548171e+00   2.1816898e+00
   3.0672089e-01  -8.7414144e-02
  -6.1739803e-02  -1.3558654e-01
   1.3165695e+00  -1.0490855e+00
  -5.0577630e-01   3.4621162e-01
  -7.2247692e-01   3.6320395e-01
   4.1273740e-02   2.3301484e-01
   1.6309398e-01  -3.5439793e-01
   1.4856601e+00  -1.1265331e+00
   2.5155483e+00  -2.4245230e+00
   8.1303173e-01  -1.8022634e+00
   1.2267952e-01  -7.2963486e-02
   1.4903819e+00  -1.1965287e+00
   5.3703470e-01  -6.9171681e-01
   8.7670497e-01  -5.7619340e-01
  -1.0363602e+00   2.9239070e-01
  -9.9850607e-01   7.3499160e-01
  -1.1331069e-01  -3.4185969e-01
  -1.0847063e+00   1.0871540e+00
  -5.2366677e-02   5.3936755e-02
  -1.6029822e-01   1.1105310e-01
  -1.1247627e+00   1.5511061e+00
  -1.0018475e+00   9.7761394e-02
  -1.0501899e+00   6.5016824e-01
  -2.7330657e-01   2.6716235e-01
  -5.6581899e-01   2.1767820e-01
   9.9580477e-01  -1.0871721e+00
   4.3395496e-01  -3.3053998e-01
  -2.1945615e-01  -3.1461385e-02
  -2.2456315e-01   5.2230900e-01
  -2.4218224e-01   7.4708224e-02
  -1.4328372e+00   2.1117961e+00
   8.6699598e-01  -1.1085234e+00
  -1.3815616e+00   2.8688858e+00
   1.4851288e+00  -1.3325303e+00
  -3.2034419e-01   2.6448389e-01
  -3.0937185e-02  -1.6293003e-01
   1.2615686e+00  -9.7100769e-01
  -1.3379178e+00   1.1798948e+00
  -1.3565793e+00   1.4618973e+00
   9.8538965e-02  -2.9165873e-01
   1.6159359e+00  -1.6505426e+00
   1.7275084e+00  -1.5673954e+00
   4.5976555e-01  -2.1273653e-01
   1.6187762e+00  -1.3482636e+00
   1.0341151e-01  -6.7493922e-01
  -7.2344645e-01   9.4721485e-01
  -1.5024136e+00   1.3206930e+00
  -4.7385364e-02  -4.1224631e-01
  -6.7744764e-01   3.5847162e-01
   1.0213608e+00  -8.7291169e-01
  -1.1313976e+00   9.6476137e-01
  -4.1143402e-01  -4.4150066e-01
  -1.2405567e+00   1.1407392e+00
  -3.8140262e-01  -9.8070875e-02
  -2.3235905e-01   1.0239410e-01
   2.2123074e+00  -1.4794043e+00
  -2.4096940e-01   4.0638669e-01
  -9.5013324e-02   1.3660015e-01
   6.5743381e-01  -9.8337466e-01
  -1.9455239e-01  -3.4364669e-01
   2.2590665e+00  -2.1024118e+00
   2.4187377e-01  -1.2263273e-01
   1.2661629e+00  -1.7851407e+00
   1.2344942e+00  -1.3928036e+00
   2.4683546e-02   7.6697314e-02
   1.0195257e-01  -8.1366794e-01
   4.9150779e-01  -2.1441471e-01
  -1.0826027e+00   1.0244940e+00
  -8.6416739e-01   6.9333356e-01
  -4.7461715e-01   7.3437851e-01
  -2.1917081e-01   2.1149954e-01
   5.7616626e-01  -5.6137105e-01
  -4.1125158e-01   1.4095126e-01
   6.7817213e-01  -7.3273934e-01
  -3.6722410e-02   4.3817958e-03
   2.9605572e-01  -1.8468537e-01
  -2.3986518e+00   2.5001226e+00
  -1.1639751e+00   1.3542752e+00
  -1.3328744e+00   1.1564700e+00
   1.1725801e+00  -1.3120327e+00
  -6.5951089e-01   7.2467774e-01
  -1.2227025e+00   1.0162910e+00
   1.3271887e+00  -6.1914769e-01
   9.1698416e-01  -7.8829153e-01
  -4.8038554e-01   1.4623248e-01
  -1.0536799e+00   1.7014718e+00
   9.1931899e-01  -5.2464514e-01
   7.6110731e-01  -8.5555750e-01
  -1.1305314e+00   7.7042914e-01
   4.0195160e-01  -9.4524398e-02
  -1.7493033e+00   1.5046152e+00
   1.1518835e+00  -7.8971065e-01
  -1.3664566e+00   1.9519945e+00
   2.9557593e-01  -1.7706503e-01
   1.7158283e-01  -1.5750245e-01
  -1.9940646e-01  -5.7433184e-01
   4.3107768e-01  -4.1333121e-01
  -6.5644342e-01   8.9053686e-01
   7.9387238e-01  -6.1408695e-01
  -8.8066559e-01   4.3909746e-02
   2.5056135e-01   1.4353484e-01
  -1.0021900e+00   9.0652747e-01
  -3.7557428e-01   2.1439860e-01
  -2.4514895e-01  -1.4922725e-01
  -6.8274651e-01   7.8824224e-01
   2.3672334e-01  -3.6948936e-01
  -1.2979062e+00   1.9136756e+00
  -1.8872998e-01   3.7262320e-02
  -1.8131972e-01   9.9501879e-02
   1.2285069e+00  -8.4770849e-01
   8.0769513e-01  -5.8695492e-01
  -1.4436574e+00   2.1086184e+00
  -8.8809177e-01   8.2592150e-01
  -1.2548945e+00   1.4666929e+00
   5.6946176e-01  -7.0416649e-01
  -6.3083724e-01   2.1055196e-01
   4.9210856e-02  -3.1434376e-01
  -6.8691957e-01   8.0285598e-01
   1.8776298e-01  -7.3154164e-01
   3.6795359e-02  -5.9668072e-01
  -6.4429059e-01   7.5126090e-01
  -1.4998471e-01   2.6313504e-01
  -4.9733313e-01   3.8602429e-02
  -1.0866403e+00   1.2772362e+00
   5.8685058e-01  -2.6470513e-01
  -1.3230515e-01   1.0462628e-01
  -2.8709760e-01   2.9033208e-01
  -8.7972394e-02   4.0436839e-01
   4.0185925e-01  -8.2524734e-01
  -7.5680011e-01   7.5828236e-01
   3.6418558e-01  -4.0981655e-01
  -9.9088383e-01   7.2199691e-01
  -7.3637182e-02   1.5268735e-01
  -2.8513443e-01   3.9064062e-01
  -7.7492921e-01  -4.7373502e-02
  -7.5415017e-01   4.1653522e-01
   4.3656880e-01  -4.6147954e-01
  -1.2528640e+00   1.4755166e+00
   2.4208420e-01  -1.2522176e-01
   1.7587638e-01  -4.5284690e-01
  -1.1485535e+00   1.4470433e+00
  -9.5071253e-01   1.5134698e+00
   2.2577170e-01  -3.1191833e-02
  -4.2976967e-01  -2.4725842e-02
  -5.3963997e-01   3.5123154e-01
   3.7381521e-02  -2.6953454e-01
   3.8316672e-01  -2.8766376e-01
  -2.7189867e-01  -4.9342253e-01
   6.3029006e-01  -3.3279372e-01
   1.8290251e+00  -1.4247268e+00
  -1.7714909e+00   1.7610099e+00
   1.9449069e+00  -1.8735095e+00
  -8.9683096e-01   1.6302988e+00
  -1.6003580e-01   1.4305342e-01
  -5.8856603e-01   3.8437123e-01
  -9.6606704e-01   1.1021681e+00
  -7.8026197e-01   7.9043997e-01
  -1.2467511e+00   1.2838404e+00
   7.2486963e-02   2.0755307e-02
  -5.1233072e-01   7.4529171e-01
   1.8410800e+00  -2.4547728e+00
  -3.8028305e-02  -6.7599582e-01
  -2.8049140e-01  -7.4367158e-01
  -5.7149436e-01   6.0702481e-01
  -1.3509468e+00   1.4877862e+00
  -8.6159263e-01   7.3773581e-01
   4.2650330e-01  -9.7164212e-01
   6.9744270e-01  -8.1068343e-01
   2.2559114e-02  -1.0456824e-02
   4.7916754e-01  -5.8821784e-01
   1.0885012e+00  -8.8748173e-01
  -1.5048281e+00   1.7114603e+00
  -2.2828720e-02  -1.6245690e-02
   1.3262600e+00  -1.5864183e+00
  -9.2082256e-01   5.9536828e-01
  -2.9298988e-01   4.1054150e-01
   2.4741673e+00  -1.8194939e+00
   3.2956530e-02  -1.8418731e-01
   5.0111849e-01  -6.2809832e-01
  -4.8326356e-01   1.6757607e-01
   7.3647701e-01  -8.6655513e-01
   6.3362519e-01  -4.2720180e-01
  -1.0417161e+00   8.2910280e-01
  -4.1246329e-01   3.2760337e-01
   1.4321447e-01  -1.6854163e-01
   7.5976293e-01  -7.1519008e-01
   8.7099562e-01  -2.4644445e-01
   3.3956875e-02   1.8097724e-02
  -7.6904873e-01   1.1399711e+00
   6.3995109e-01  -1.4438146e+00
  -1.5718634e+00   1.9263539e+00
  -1.2761278e+00   8.6045862e-01
  -4.5868950e-01   1.8300634e-01
  -1.1254072e+00   1.3362289e+00
  -3.1084095e-01  -8.2623990e-02
   2.5024192e-01  -3.7345508e-01
   2.6226635e-01  -2.8433133e-01
   2.3003337e+00  -1.7272245e+00
  -1.0441679e+00   6.8983445e-01
   1.4249601e+00  -1.2853785e+00
   1.5686900e+00  -1.0508928e+00
   1.1250078e+00  -1.3647494e+00
  -1.7739407e-01   2.2573838e-01
  -1.1229111e+00   1.5857516e+00
   2.5448251e-01  -6.2935023e-03
   3.5339652e-01  -2.9012432e-01
  -1.2591627e-01   1.6092997e-01
  -3.7245700e-01  -1.8055571e-02
  -1.0839077e+00   1.2019544e+00
   1.2363771e-02   8.7134594e-02
  -9.8763832e-01   1.0538244e+00
  -4.4588077e-01   2.8398788e-01
  -6.7310495e-01   7.7186927e-01
  -1.4563420e+00   1.5045274e+00
  -7.6120083e-01   4.1717280e-01
   1.0977148e+00  -1.2099580e+00
  -7.4870616e-01   6.7081971e-01
   1.2652515e+00  -9.5607273e-01
  -5.0847232e-01   7.1824734e-01
   3.7206217e+00  -2.6671867e+00
  -9.7582790e-01   8.8620235e-01
   2.8050610e+00  -2.5942967e+00
   6.8272965e-01  -6.8167994e-01
  -1.4322544e+00   1.4458265e+00
  -5.4880605e-01   4.1270744e-01
  -1.6495475e+00   1.3931900e+00
  -4.4262278e-01   5.0982574e-01
   6.0640193e-02  -4.5703691e-01
  -1.0637724e+00   1.5705703e+00
  -9.3751592e-01   1.5531073e+00
  -6.9971736e-01  -4.4555019e-01
   5.1074826e-01  -1.5303611e-01
   1.2762943e-02   3.8145099e-01
   2.3076305e+00  -2.1092621e+00
   2.6641295e-01  -3.0844279e-01
   7.9025388e-01  -8.1203080e-01
   2.1620690e-01  -1.3198133e-01
  -4.3599524e-01   2.9294348e-01
  -1.3028342e+00   1.0433943e+00
   2.0704214e-01  -7.2164554e-01
  -7.3541697e-01   4.1937121e-01
  -1.5129947e+00   1.1614502e+00
   4.0981576e-01  -1.5946156e+00
   1.9155442e+00  -1.9335223e+00
   8.2736234e-01  -8.2187573e-01
   5.4927675e-01  -5.5075855e-01
  -1.9395550e-02  -2.9268322e-01
   4.5157423e-01  -2.2729877e-01
  -9.9242619e-01   3.2017213e-01
   2.8420928e+00  -2.5397667e+00
   2.2932783e+00  -1.5272122e+00
   2.7512189e-01  -6.2750382e-02
  -1.0377028e+00   2.6810081e-01
  -5.7623583e-01   5.7460534e-01
  -1.0375612e+00   9.6246534e-01
  -1.4881077e+00   2.2802282e+00
  -6.2084747e-01   3.9136802e-01
   2.4671074e+00  -2.0082299e+00
   7.7296276e-01  -5.5121275e-01
  -6.1605054e-01   6.5419512e-01
   2.5029243e-01  -7.1332352e-02
  -4.8289731e-01   3.9505807e-01
  -1.4726284e+00   1.4408441e+00
   3.4564910e-01  -5.9989832e-01
   5.0387801e-01  -7.5115251e-01
   6.0701605e-01  -5.6760629e-01
  -5.9574495e-01   9.1495193e-02
  -3.3377694e-01   1.1947869e-01
  -3.3885356e-01   4.5592296e-01
  -4.9068075e-01   6.5499592e-01
   3.4747493e-01  -2.8149892e-01
   9.0350900e-01  -9.5031605e-01
   1.0364825e+00  -1.5028737e+00
  -2.6671011e-01   8.5640448e-01
   9.2213778e-01  -1.0618413e+00
  -2.1717339e-01   2.6824767e-01
  -1.1916039e+00   1.6507565e+00
   1.1200626e+00  -1.2619879e+00
   2.4512868e+00  -1.5854571e+00
  -1.1233632e+00   9.6903598e-01
  -8.5394583e-01   9.2762922e-01
  -1.1518472e+00   7.9116589e-01
   2.2106378e-01  -5.4882407e-01
   1.4133872e-01  -3.1935463e-01
   9.1488158e-01  -1.2401559e+00
  -2.8574476e-01  -1.6946769e-03
  -2.9489118e-01  -3.7991722e-01
  -7.8013969e-01   6.1529007e-01
  -3.9215739e-01   2.8420829e-01
   1.6382000e+00  -1.2356619e+00
  -1.4465190e+00   1.6126386e+00
  -1.0696653e+00   4.2767633e-01
   5.8884672e-01  -2.5535431e-01
  -4.4235875e-01   3.3402188e-01
  -1.7062814e-01  -9.4553423e-03
  -5.0928798e-01  -5.8457371e-01
  -1.2409659e-01  -9.6973556e-02
  -9.7662252e-01   1.3694053e+00
  -1.2305693e-01   1.3023740e-01
  -2.0667699e-01  -3.3875992e-01
  -1.1261352e+00   1.0656133e+00
   2.2855013e-01  -4.5270044e-01
  -3.9852157e-01   3.2569959e-01
   1.3025597e+00  -8.7009253e-01
  -3.9739337e-01   2.1341655e-01
  -6.8783385e-01   1.0662567e+00
   2.3247471e-03  -9.0493760e-02
  -1.6443601e-01   2.6030422e-01
  -2.0211441e-01   6.1306567e-01
  -1.7860024e+00   1.8888637e+00
   1.5189612e+00  -1.0480241e+00
   3.5733024e-01  -1.0571164e+00
   5.7985881e-01  -8.1534756e-01
   1.5054687e-01  -1.1576973e+00
   1.1426116e+00  -1.0682183e+00
   2.4892671e+00  -1.6536361e+00
   1.7840307e-01  -1.0315955e-01
   7.2123390e-02  -7.5811304e-01
   1.0337485e+00  -6.3708381e-01
   2.5898477e+00  -1.7382127e+00
  -1.0043349e+00   2.8862647e-01
  -5.6339155e-01   5.9081500e-01
  -1.0067161e+00   4.6710145e-01
   1.0689220e+00  -1.2327864e+00
  -7.2907859e-01   9.8623044e-01
  -1.6294421e-01  -4.7711502e-01
  -9.7538056e-01   1.2361130e+00
  -1.0728342e+00   1.2016464e+00
  -2.4965684e-02   4.7844321e-01
  -4.5620636e-01   4.8102248e-01
   8.9226687e-01  -1.0680992e+00
  -1.3514261e+00   1.9142745e+00
  -7.1101886e-01   4.7928304e-01
   1.6283745e+00  -1.1774539e+00
  -6.4507831e-01   3.3413917e-01
  -1.3803560e+00   1.2424686e+00
  -1.2226392e-01  -3.6486875e-01
  -1.0194688e+00   1.6736148e+00
  -1.0908172e+00   4.0525566e-01
  -1.2220664e+00   1.1534777e+00
   1.6102769e+00  -1.1981256e+00
  -2.4129746e-01  -3.4470576e-02
  -1.1983539e+00   1.0382672e+00
   5.2166333e-01  -2.6857445e-01
  -1.0868218e+00   1.3104000e+00
   4.1724128e-01  -2.7457239e-01
  -1.2635268e+00   1.2014939e+00
  -3.2791918e-01   8.4443847e-02
  -1.3273700e+00   1.9535996e+00
   5.5413653e-01  -4.5084628e-01
   3.6206749e-01  -2.2322956e-01
  -1.7566776e-01   5.2706427e-02
  -1.1408423e+00   1.2770700e+00
   1.9840218e+00  -1.2547676e+00
  -1.5450878e+00   2.5648543e+00
   1.3261750e+00  -9.4178453e-01
  -2.0103535e-01   1.0215435e-01
   3.7231287e-01  -3.0338074e-01
  -7.3908985e-01   9.8005453e-01
  -1.1889036e+00   2.3676540e+00
   1.7848768e+00  -1.2417775e+00
  -1.2402874e+00   1.3746085e+00
  -1.2443919e+00   1.8275701e+00
  -3.1251927e-01   2.2960433e-01
   5.8003409e-01  -1.4083845e+00
  -1.2603433e+00   8.7523631e-01
  -9.7509013e-01   1.2139198e+00
   1.6790591e-01  -4.8585919e-01
  -3.3427618e-01  -1.3432360e-01
   1.9128624e+00  -1.7003848e+00
   1.3216706e+00  -1.2111496e+00
  -6.5523746e-01  -3.8568054e-01
  -1.0750979e+00   1.0104316e+00
  -1.4122211e-01   2.3389218e-01
   1.0532864e+00  -5.2611778e-01
   1.4271090e+00  -1.0081785e+00
   2.4282788e+00  -2.3625586e+00
  -3.5663970e-01   5.8133301e-01
  -5.5731521e-01  -3.6332783e-01
   3.8813584e-01  -2.4160415e-01
   1.2502627e+00  -1.1817925e+00
   1.6892410e+00  -1.2940404e+00
  -7.8683491e-01   9.1440530e-01
  -8.5346387e-01   6.5541397e-01
   1.9239927e+00  -1.8814529e+00
   2.1332784e-04  -5.1737264e-03
  -8.0375946e-01   6.7637168e-01
   4.5573116e-01  -9.3641323e-02
   3.9398657e-01  -1.4201602e+00
   1.0540960e+00  -5.0346236e-01
  -1.0665796e+00   9.8186197e-01
  -1.0892798e+00   9.6996677e-01
   6.4727643e-01  -5.8683762e-01
  -1.5731155e+00   1.4983706e+00
  -9.9706752e-01   1.2631922e+00
  -6.5191920e-01   9.2277810e-01
   1.5451323e-02  -6.2886561e-01
   4.4182067e-01  -3.6493789e-02
  -6.2258337e-01  -1.3924472e+00
  -9.4709569e-01   5.5790155e-01
   1.6356003e-01  -2.2127683e-01
  -3.3086283e-01  -6.4453875e-01
   2.5253858e-01  -4.4901721e-01
  -1.7245045e+00   1.3203983e+00
  -1.3580268e+00   1.2150226e+00
  -2.4379792e-01   1.1764808e-01
   1.2188775e+00  -8.5398533e-01
  -1.2386738e+00   1.2442510e+00
   9.7694185e-01  -5.8964003e-01
  -8.5137109e-03   1.9917575e-02
  -1.1334995e+00   1.4032600e+00
  -1.0858389e+00   1.1096242e+00
  -5.7660336e-01   6.5995481e-04
  -1.6708632e+00   2.2893936e+00
   6.4430876e-02  -1.1765991e-01
   4.5941559e-01  -9.0035800e-01
   1.4912043e-01   1.1656860e-01
   3.4942680e-01  -3.1554699e-01
   1.0466514e+00  -6.0593056e-01
  -6.5601211e-01  -9.8344771e-02
  -2.2145495e-01   2.4754738e-01
  -1.5552240e-01   3.3015417e-01
   2.4629952e+00  -1.6020476e+00
  -5.2918875e-01   5.6369036e-01
  -1.6057415e+00   1.4502728e+00
  -2.3238729e-01   2.2926050e-01
  -1.2758852e+00   1.2567270e+00
   1.5244740e-01   3.0802484e-03
   5.8498117e-01  -6.5664931e-01
  -1.5579881e+00   2.1884794e+00
   7.9389022e-01  -8.1944133e-01
  -2.3583461e-01  -5.1376251e-01
  -6.5049188e-01  -3.8436075e-02
  -7.0002558e-01   1.0768242e+00
  -1.6466583e+00   2.2028014e+00
   1.5556276e+00  -1.5022421e+00
  -1.2636566e+00   1.9934770e+00
  -4.9560680e-01   3.0988087e-01
   1.1556154e+00  -4.6988920e-01
   1.0644395e+00  -7.7899591e-01
  -1.3474623e+00   8.7003322e-01
  -1.4498026e+00   2.0193374e+00
  -6.9494825e-01   8.7120327e-01
  -6.4096665e-01   5.5670690e-01
   1.1675850e+00  -8.6255171e-01
  -2.5357320e-01  -2.0562342e-01
  -9.8414696e-01   6.3657528e-01
  -2.1188906e-01   3.1295321e-02
   6.8094332e-01  -7.6637446e-01
  -7.3984086e-01   9.8239967e-01
   1.6124148e+00  -1.3284457e+00
  -6.4021725e-01   4.0877159e-01
  -1.2694060e+00   1.3959700e+00
  -8.4435143e-01   8.8025340e-01
  -2.6198338e-02   1.9845822e-01
   4.7263274e-01  -2.6458682e-01
  -3.8919077e-01   3.7807587e-01
   1.0251324e-01   5.6697336e-02
  -3.2755056e-01   5.5666537e-02
   1.7202276e+00  -1.4290393e+00
  -3.9101057e-01  -2.8176507e-01
   1.5894439e+00  -1.1274302e+00
   1.8779482e+00  -2.4822056e+00
  -4.5211699e-01   4.3551716e-02
  -1.0896109e+00   5.9184508e-01
  -9.6800497e-01   1.2772999e+00
  -4.7076263e-01   5.5733182e-01
  -1.0094475e+00   1.3134796e+00
  -5.8259137e-01   4.8527953e-01
   1.7902965e+00  -1.3316686e+00
  -1.1253732e-01   2.5695920e-01
   4.2955951e-01  -2.7227563e-01
  -3.7020468e-01   4.1371370e-01
   3.4228678e-01  -4.7947789e-01
   1.5303256e+00  -9.8284900e-01
  -5.4961717e-01   3.8486773e-01
   1.6348116e+00  -1.6256878e+00
   3.9911150e-01  -5.8437564e-01
   3.0945282e-01  -2.9332310e-01
  -4.8056317e-01   2.0705398e-01
  -1.2318551e+00   1.8792419e+00
   1.6710349e-01  -3.5380641e-01
  -6.4262982e-01   6.4047080e-01
  -1.1208800e+00   1.1340324e+00
  -2.8328769e-01  -7.2583323e-02
  -1.5708989e+00   1.9424880e+00
  -2.5900936e-01   1.9195867e-01
   5.5834380e-01  -6.2082656e-01
  -2.8919635e-01   7.3594389e-02
  -7.0463813e-01   9.5768538e-01
   1.2792058e-01  -1.1574285e-02
   5.1169659e-01  -5.6078862e-01
   1.9040146e-02   5.9564841e-02
   1.0596424e+00  -1.1444102e+00
   4.9836747e-01  -3.0925350e-01
   6.3503262e-01  -7.2397018e-01
   1.5920909e+00  -1.3960072e+00
   2.3257317e+00  -2.2289274e+00
  -4.1474066e-01   3.3354115e-01
  -8.6633109e-01   4.0853951e-01
   5.8543722e-01  -3.3584558e-01
   2.5666687e-01  -6.3723202e-01
   5.2429300e-02  -2.3525496e-01
  -3.9229409e-01   1.8549797e-01
   6.2225453e-01  -5.5744685e-01
  -2.3392010e+00   2.0465269e+00
   1.0182484e+00  -1.1076089e+00
   2.5130403e-01  -1.8562042e-01
  -9.1172739e-01   1.0500603e+00
  -9.1970117e-01   7.9338013e-01
   4.1485881e-01  -3.7128525e-01
  -1.0369636e+00   1.1204124e+00
  -5.0280891e-01   4.2226122e-01
  -2.0749167e-01   3.4784631e-01
  -6.7314628e-01   9.2543631e-01
  -2.0631198e-01   1.2614483e-01
  -3.1109550e-01   5.2329111e-01
   5.6266670e-01  -4.3884645e-01
  -2.0472947e-01   6.3800158e-01
   9.9680878e-02  -3.4495428e-01
   5.4192241e-01  -2.8224395e-01
   2.6304415e+00  -2.4024504e+00
  -1.5318365e+00   1.5303635e+00
   9.3873441e-01  -1.1923985e+00
   2.4251683e-01  -3.5266134e-01
   1.1377360e+00  -8.9718617e-01
   9.5381405e-02  -6.4701680e-01
  -1.4763207e+00   6.2112872e-01
   2.6180615e+00  -2.1280673e+00
  -5.9643548e-01   8.4574444e-01
   5.0329501e-01  -4.9328880e-01
  -9.9422668e-01   1.6155488e+00
  -1.9908882e+00   3.2329440e+00
   1.9638825e+00  -1.3997737e+00
   3.3949212e-01  -5.3468190e-02
   1.9063168e-01  -6.4607486e-01
   1.1087445e+00  -1.0422662e+00
  -1.3183742e-01  -3.8524931e-02
   1.3393135e+00  -1.2631932e+00
  -4.2948794e-01   5.6653121e-01
   4.6182497e-02   2.6533267e-01
  -2.7783559e-01   1.1042306e-01
  -5.0342385e-02  -2.4086297e-01
   8.3955794e-01  -7.7466389e-01
   1.3680260e+00  -1.2891327e+00
   1.3566895e+00  -1.3529721e+00
  -1.6893176e+00   2.4951507e+00
  -1.3161542e-01   2.1618666e-01
   4.8250662e-01  -7.2378704e-01
  -1.0323443e+00   1.0893521e+00
  -1.2842319e+00   1.2653461e+00
   2.9955718e-01  -2.3845381e-01
  -4.5213668e-01   3.9476890e-01
  -9.5202522e-01   3.1794300e-01
  -3.2359401e-01  -3.5724651e-01
  -5.9688491e-02  -2.9987940e-01
   1.0401068e-01  -7.8090398e-01
  -1.1335287e+00   1.1755741e+00
   1.5102698e+00  -1.3559331e+00
   1.2410389e+00  -5.7878047e-01
  -1.1027128e+00   1.5202860e+00
   7.2474160e-01  -8.3556064e-01
   3.9488555e-01  -6.0086173e-02
  -1.3765378e-01  -5.0098143e-01
  -4.5224738e-01   5.1887307e-01
   8.2776843e-01  -1.4225590e+00
  -3.5212200e-01   5.9524445e-01
   1.6159985e+00  -1.0868363e+00
   2.7062092e-01  -3.0076519e-01
  -6.3523302e-01   7.0214009e-01
  -1.0764719e+00   1.0801229e+00
   1.9161109e-01   3.0301462e-01
   6.8641316e-01  -9.2846925e-01
   5.7649023e-01  -6.4962771e-01
   1.3358703e+00  -1.5105478e+00
   5.1526380e-01  -2.7734804e-01
  -2.8454671e-01   1.9566872e-01
  -1.2882280e+00   1.1471827e+00
  -6.7742410e-02  -1.8011745e-01
  -3.3731910e-01   3.0846261e-01
   1.4940725e+00  -1.4209965e+00
  -5.3127278e-01  -2.8847508e-01
  -1.5761936e+00   1.6987391e-01
   2.7325113e-01   1.8648995e-01
   3.1918084e+00  -2.9087904e+00
   3.2742678e-01  -2.8458072e-01
   8.2700876e-01  -1.2199920e+00
  -3.8855929e-01  -5.5393256e-01
  -6.5431352e-01   4.5860711e-01
  -1.8011681e-01   1.7187814e-01
  -1.1664865e+00   1.6322913e+00
  -8.8022425e-02   3.7676732e-01
  -2.7156513e-01   1.9567475e-01
   8.1318212e-01  -6.9044033e-01
  -5.6072395e-01   2.4590590e-01
   2.1041190e-02  -5.0313487e-02
   6.0108611e-01  -4.2204359e-01
  -1.2236397e+00   3.2780029e+00
  -7.7160777e-01   9.5605992e-01
  -7.1966619e-01   9.6477287e-01
  -1.4083500e+00   1.6489833e+00
   1.2787296e+00  -1.0260908e+00
   7.1330458e-01  -6.7999411e-01
  -1.3279767e+00   1.2396011e+00
   5.6892812e-02  -7.0293927e-01
   1.2112339e+00  -8.8408515e-01
  -1.9653319e-01  -2.8469527e-01
  -8.3779029e-01   5.4865325e-01
  -1.1189625e+00   1.5962084e+00
  -1.3360265e-01   1.3752744e-01
  -7.4687581e-02   3.3019765e-03
  -6.5252395e-01   9.6285100e-01
  -3.0067305e-01   1.8524585e-01
  -3.7749481e-01   5.5948432e-01
   6.1081558e-01  -7.4780665e-01
  -5.3383487e-01   9.8252511e-01
  -6.9289222e-01   5.0148661e-01
   8.2458764e-01  -8.6056708e-01
  -1.0277457e+00   4.6986925e-01
   3.6906652e-01  -6.3029711e-01
   2.3163327e+00  -1.8215671e+00
   1.4183985e+00  -1.2703801e+00
  -5.0429374e-01   5.3852682e-01
  -9.3955733e-01   1.2209437e+00
  -9.0525912e-01   4.5594779e-01
