  -1.2082348e+00  -1.4742022e+00
  -5.7138381e-01  -5.9049371e-01
   6.2340838e-01   6.5384715e-01
  -3.2365854e-01  -3.1612975e-01
  -1.3564758e+00  -1.2797004e+00
   1.2491304e+00   1.1477876e+00
  -1.2551950e-01  -3.1768635e-01
  -1.4823196e+00  -2.2446695e+00
   1.1302431e+00   9.2718432e-01
  -5.0315088e-01  -3.5076643e-01
   2.4515489e-01   4.0836268e-01
  -4.2549073e-01  -3.3551241e-01
   1.5477076e-02   2.2714135e-01
   1.3876175e+00   1.0189059e+00
  -5.5275964e-01  -4.0388745e-01
   1.9525743e+00   1.6755838e+00
  -9.9369285e-01  -1.2192829e+00
   1.0167331e+00   1.1912213e+00
  -3.8190649e-01  -1.9554266e-01
  -4.6677899e-01  -2.3418623e-01
  -1.5701173e+00  -2.0599254e+00
   6.9469819e-01   1.1824731e+00
  -9.9088906e-01  -6.1734997e-01
   2.2253300e+00   2.0140491e+00
  -4.4155582e-01  -3.8890116e-01
   8.8120754e-02   6.1518744e-01
  -2.4702946e-01  -6.1721405e-01
  -8.2051154e-01  -1.0954428e+00
  -9.0252663e-01  -8.7590366e-01
   1.9206815e+00   2.0656944e+00
  -9.7983594e-01  -4.0731269e-01
   3.3619502e-01   4.0213929e-01
   9.5370848e-02   1.3732507e-01
   2.6218382e-01   2.3514818e-01
  -4.5162888e-01  -8.2965056e-01
   6.5714437e-01   5.6734723e-01
  -3.3418927e-01  -9.9913937e-02
   1.0921327e+00   1.4142404e+00
   1.6501114e+00   1.3053117e+00
   1.5206463e-01   1.6984962e-01
  -1.1358432e+00  -1.2995932e+00
   2.5652547e+00   2.0921501e+00
  -8.7104022e-01  -1.0728718e+00
  -2.0910595e-01  -1.1660117e-01
  -1.3707075e+00  -1.3125194e+00
  -9.7529203e-02   6.3998345e-02
   8.7901241e-01   1.0209701e+00
  -9.2327255e-01  -8.5817348e-01
  -7.9580461e-01  -1.1494100e+00
   9.0723807e-01   1.0974775e+00
   9.2851435e-01   7.1520478e-01
  -5.0017733e-01  -2.6961867e-01
  -5.8066143e-01  -2.4313402e-01
   8.6536173e-01   9.2083531e-01
  -8.0653278e-01  -1.0331256e+00
  -5.4473851e-01  -5.3844954e-01
  -3.9213665e-01  -3.2128552e-01
  -1.3700887e-01  -1.6889467e-01
  -3.8218208e-01  -6.2092532e-02
   1.4233751e+00   1.2221865e+00
  -1.2944299e+00  -1.5664455e+00
  -8.8491379e-01  -6.6658160e-01
  -1.2564935e+00  -1.3447086e+00
   6.9226690e-01   7.8191680e-01
  -1.2672338e-01   2.9140323e-01
   3.2739733e-01   6.9837032e-01
  -1.8613036e+00  -2.1810344e+00
   1.2553272e-01  -2.0793906e-01
   1.1801540e+00   1.2441972e+00
  -1.5635153e-01  -2.2988326e-01
   1.5100533e+00   1.8443735e+00
   2.6505381e-01   2.3990193e-01
   1.8369801e+00   1.6332386e+00
   1.2234082e+00   1.2565573e+00
  -2.1095273e-01  -4.3805016e-02
   2.5546327e+00   2.0026319e+00
  -7.6969014e-02   3.7074719e-01
   2.0753666e+00   1.8300197e+00
   7.0285412e-01   9.2103759e-01
   2.0935242e-01   2.4470409e-01
  -1.1106422e-01  -9.0125297e-02
   9.4000675e-01   1.4086153e+00
   1.0750557e+00   9.2744458e-01
   4.1098901e-01   5.4240943e-01
   6.1133584e-02   9.5228563e-02
  -1.0535709e+00  -1.0575066e+00
   3.3654278e-01   4.0416444e-01
  -5.0739920e-01  -3.3840020e-01
   2.7861707e-01   6.4776762e-01
  -7.1568009e-01  -7.6853212e-01
  -1.5145805e+00  -1.8637594e+00
  -4.9688855e-01  -2.4986773e-01
  -2.7438680e-01  -2.5064253e-01
   1.3587691e+00   1.6364682e+00
  -1.2226656e+00  -1.4721891e+00
   1.0105708e+00   6.5760157e-01
  -8.2276305e-01  -1.4482635e+00
   4.8617697e-01   3.5395006e-01
  -5.4619419e-01  -2.0290223e-01
  -1.0185039e+00  -1.1813022e+00
   1.2117029e+00   9.2718397e-01
   1.0787960e+00   7.9535927e-01
  -5.8717256e-01  -7.4029321e-01
  -1.0846273e+00  -9.6822192e-01
  -3.9467300e-01  -8.7180701e-01
  -4.9700758e-02   1.3572973e-01
   2.4535187e+00   2.1512021e+00
  -9.8663463e-01  -1.2371032e+00
   2.1030394e+00   1.5710939e+00
   2.1607049e+00   1.9586772e+00
   1.0288225e+00   1.3710087e+00
   1.3871634e+00   1.4025509e+00
  -6.2232139e-01  -7.1518993e-01
   7.6452144e-01   7.2309036e-01
  -8.2210088e-02  -1.4460819e-01
  -4.0950938e-01  -1.0726724e-01
   1.4149575e+00   1.4473715e+00
  -1.7098476e+00  -2.3117084e+00
  -8.2923740e-01  -9.3384848e-01
   1.1845192e+00   8.6020501e-01
   4.9864255e-01   6.5750636e-01
  -3.2797202e-01  -3.3192958e-01
  -2.7763348e-01  -4.2879506e-01
   1.6532003e+00   1.8599944e+00
  -1.0059234e+00  -8.8666691e-01
   4.6105710e-02   2.2776217e-02
   1.6315003e+00   1.9148425e+00
  -1.1244195e+00  -1.2213384e+00
  -1.6094844e+00  -1.7807921e+00
  -6.0746880e-01  -3.7389247e-01
   1.5607639e+00   1.5365435e+00
  -5.4789507e-01   3.1074197e-03
   2.4908973e+00   1.9221245e+00
   1.0921390e+00   1.3580020e+00
   2.1819654e-01   1.7857101e-01
   4.2448062e-01   5.0812257e-01
   1.2611068e+00   1.3637040e+00
   7.4339292e-01   8.3765040e-01
  -9.4381831e-01  -1.3055007e+00
  -3.0309986e-01  -1.8486826e-01
   2.1722306e+00   1.8987035e+00
  -9.2246996e-01  -1.0242153e+00
  -9.8748597e-01  -8.0196952e-01
  -2.6174401e-01   4.3215051e-02
  -9.5308376e-01  -1.4259617e+00
   3.1282100e-01   4.1929168e-01
  -1.0138995e+00  -8.0268942e-01
  -6.0635251e-01  -7.1944872e-01
  -8.1377640e-01  -7.7875599e-01
  -1.3093154e-01   2.0337068e-01
  -8.7988298e-01  -8.4593404e-01
  -4.4646625e-02   7.1839631e-02
  -1.1242114e+00  -1.5416420e+00
  -2.0812789e-01  -1.1680198e-01
  -9.3260262e-01  -7.9021687e-01
  -1.2174182e+00  -1.3217823e+00
  -8.7070056e-01  -4.5243267e-01
  -2.5591320e-01  -3.8587607e-02
  -1.1769037e+00  -1.2962367e+00
   2.1835458e+00   2.0893990e+00
   3.9847117e-01   5.5293174e-01
   2.0431047e+00   1.9508017e+00
  -4.0945214e-02  -2.0726058e-01
   3.4070559e-01   5.6574412e-01
  -1.4666109e+00  -1.2588359e+00
  -7.8803353e-01  -6.2964401e-01
  -4.2176013e-01  -6.5986866e-01
  -5.7636392e-01  -3.1323833e-01
  -3.6631711e-01  -2.1977385e-01
   1.4693213e+00   9.2655911e-01
   1.8281738e+00   1.3892474e+00
   1.5912890e-01   3.3279150e-01
  -9.5088769e-01  -1.3136576e+00
  -5.4049829e-02  -3.5071302e-01
  -8.5138039e-01  -8.9129795e-01
   4.9100156e-01   3.7652300e-01
   3.0043877e-01   6.7971478e-01
   3.0391468e-01   5.0652050e-01
  -7.7830815e-01  -6.6611405e-01
  -1.3056526e-01   3.7518052e-02
  -7.1989481e-01  -9.5834042e-01
   1.7636562e-01   9.0204758e-01
  -7.1536860e-01  -7.5166539e-01
   9.8868217e-01   1.1098488e+00
  -7.1459600e-01  -1.7538874e-01
   4.6648298e-01   4.5613335e-01
   4.8976190e-01   2.1114687e-01
  -1.4429881e-01  -6.1784489e-02
   9.2057727e-02  -2.2403859e-01
  -1.0792230e+00  -7.4326094e-01
  -2.3314683e-01   2.3891015e-01
  -2.9544992e-01  -1.4593528e-02
   1.2642337e+00   1.2008459e+00
   3.7890140e-01   5.4648128e-01
  -1.1729656e+00  -1.0925000e+00
  -2.5287845e-01  -2.7679495e-01
  -9.9891547e-01  -8.1486553e-01
  -5.8145700e-01  -1.2819474e+00
   1.0596854e-01   3.8070617e-01
  -5.9216279e-01  -7.5783030e-01
   3.1140433e+00   2.5323849e+00
  -1.5634893e+00  -1.2370052e+00
   1.6516952e-01   1.3539998e-01
  -1.0459602e+00  -1.0321356e+00
   2.2111672e+00   1.9109617e+00
  -1.2793207e+00  -1.4622050e+00
   1.0035914e-01   1.4322641e-01
  -3.4077710e-01  -5.1112481e-01
   4.5615743e-01   9.0572160e-01
   8.0603805e-02   1.8009145e-01
   2.2166202e-01  -1.9402884e-01
  -1.0134123e+00  -5.8618561e-01
   8.2860202e-01   7.3879067e-01
  -9.2545214e-01  -1.0574500e+00
  -2.7543734e-01   2.5559623e-01
   1.8762764e-01   5.6340329e-01
   4.7441953e-01   7.6069944e-01
   3.1031352e-01   3.6242955e-01
  -5.6051348e-01  -4.2794308e-01
  -6.6154429e-02   8.8272186e-02
   3.2642663e+00   3.1352592e+00
  -1.5622193e+00  -2.0843620e+00
  -5.2491081e-01  -3.2904005e-01
   1.0997385e-01   5.7959841e-01
  -6.6723861e-01  -6.3777816e-01
   4.3274213e-01   3.3043706e-01
  -4.3790087e-01  -2.2180715e-01
  -6.5608259e-01  -9.0244738e-01
   1.6578120e+00   1.7318264e+00
  -1.0689296e+00  -1.2302933e+00
  -2.7147079e-01  -2.7239131e-01
  -8.3707171e-01  -1.2138242e+00
   2.7824140e-02  -3.1543773e-01
   1.2179932e+00   1.1648212e+00
  -1.2590109e-01   1.0382506e-01
   7.5173781e-01   1.1424981e+00
  -1.5436101e+00  -2.2257233e+00
  -4.8000163e-01  -4.3213808e-01
  -1.0406888e+00  -1.2102587e+00
   2.2962025e+00   2.2926867e+00
  -6.0633949e-01  -9.9544318e-01
   2.6192553e+00   2.0719766e+00
   9.5184881e-01   1.2051213e+00
   1.6539976e+00   1.2327528e+00
  -2.8182540e-01   7.2137202e-02
   4.9673903e+00   3.8450063e+00
  -6.3323956e-01  -8.2661738e-01
   5.0680679e-01   1.2600586e-01
  -1.1673848e+00  -7.7319640e-01
  -7.3724881e-01  -1.7156993e-01
   3.1219259e-01   6.7444029e-01
  -3.3229050e-01  -3.6932737e-01
  -1.3689586e+00  -1.8136420e+00
  -6.7862715e-01  -9.3072080e-02
   9.5966165e-01   7.0654188e-01
  -1.8823769e-01  -1.2521440e-01
  -1.2370381e+00  -1.3374029e+00
  -1.2536700e+00  -1.3252014e+00
   1.0803974e+00   9.2184455e-01
   3.9033772e-01   7.4965355e-01
  -7.2175282e-01  -5.1497384e-01
  -7.0091649e-01  -9.7219396e-01
  -1.3086664e+00  -1.5203152e+00
  -1.4947066e+00  -2.4934991e+00
  -1.2878075e-01   3.2897165e-02
   8.0977235e-01   5.7485558e-01
  -6.9061448e-01  -8.8387822e-01
  -1.0826534e+00  -1.9667829e-01
  -5.9651948e-01  -2.9871801e-01
   1.2094288e+00   1.1055914e+00
  -1.3551398e+00  -1.9569797e+00
   2.7081929e-01   3.0596700e-01
   1.6457828e+00   1.4848939e+00
  -7.7326223e-01  -6.5044685e-01
  -9.8185344e-01  -9.0667761e-01
  -2.7812445e-01   1.3263970e-01
  -5.9473790e-01  -1.2822209e-01
   2.0453813e-03   1.3452703e-01
   8.9464351e-01   1.0511614e+00
  -4.4333359e-01  -3.1973428e-01
   6.7431584e-01   7.2139703e-01
   1.8415225e+00   1.2233866e+00
   1.3263972e-01   2.3277004e-01
   8.4810693e-01   6.0678425e-01
  -1.1023754e+00  -1.2233145e+00
   2.0687581e-02   7.3082121e-02
   6.8385320e-01   3.3247631e-01
   2.7510536e-01   6.0436745e-01
   8.0843163e-01   7.6244539e-01
   1.0465992e+00   1.0571276e+00
  -5.5801468e-02  -1.4450556e-03
  -3.5627030e-02  -5.9576157e-02
   3.0908658e+00   2.6595463e+00
   5.2080851e-01   4.4731117e-01
  -4.2214616e-01  -5.4959567e-01
   4.6595798e-01   7.5481412e-01
   1.1494131e+00   1.5118378e+00
  -1.3860175e+00  -1.2208072e+00
   1.1566444e+00   8.8592653e-01
  -5.5360799e-01  -7.3106010e-01
  -2.4902745e-01  -3.5974694e-01
   5.2509043e-01   9.8548840e-01
   8.1329143e-01   1.1591379e+00
   7.0783839e-01   1.4829114e-01
   4.3544327e-01   7.3054023e-01
   9.0554447e-01   8.6464799e-01
  -1.1020549e+00  -7.3903047e-01
  -8.3327537e-01  -1.1308346e+00
   1.6888252e+00   1.3296002e+00
   1.5122610e+00   1.2208583e+00
   1.5331464e+00   1.3441279e+00
   7.4248334e-01   5.2595916e-01
   6.1634153e-02   2.9934453e-01
   3.5129029e-01   4.3548109e-01
  -2.5453540e-01  -2.3602275e-01
  -1.3622551e+00  -1.7081645e+00
   3.6189015e-01   4.9669854e-01
  -3.0913197e-01  -1.8779286e-01
  -6.4465675e-01  -8.5444048e-01
  -3.2446523e-01  -2.9943201e-01
  -7.3568480e-01  -5.0887845e-01
   9.4507533e-02   2.2034401e-01
   1.2553850e+00   1.1156853e+00
  -4.8157776e-01  -1.2419572e-01
   8.5397275e-01   1.0201799e+00
  -5.5022324e-01  -6.5137278e-01
  -9.7534240e-01  -8.1346118e-01
   4.1286745e-01   4.9614790e-01
  -4.2590302e-01  -4.9532436e-01
   8.1003920e-01   9.0713127e-01
   9.6635343e-01   1.2397479e+00
  -3.6586609e-01  -1.6119667e-01
   1.1570735e+00   1.0578835e+00
   6.4215802e-01   5.5405980e-01
   1.9403997e-01   1.8816543e-01
   6.9285999e-02   2.6092828e-01
   1.3119450e+00   1.5852592e+00
   6.1185110e-01   8.1034830e-01
  -3.2920817e-01  -7.0668881e-02
  -3.8315735e-01  -1.8458329e-01
  -1.1214037e+00  -1.5314926e+00
   1.1739851e+00   1.0635614e+00
  -8.9363740e-01  -4.8214531e-01
  -8.4801211e-01  -1.3846980e+00
  -1.5400655e+00  -1.7252951e+00
  -7.0825256e-01  -1.0318066e+00
  -7.5104793e-01  -1.6261244e-01
  -5.5476824e-01  -6.2651451e-01
  -8.7895444e-01  -6.3268338e-01
  -3.7174247e-01  -5.4302228e-01
   6.5898908e-01   7.5527352e-01
   1.2816957e+00   1.7461005e+00
  -8.3809289e-01  -9.7438311e-01
   4.4905975e-01   9.2933573e-01
   1.5533755e+00   1.2117717e+00
   2.1705319e-01   4.9878550e-01
   1.0215523e+00   6.6900849e-01
  -2.8655854e-01  -1.6285286e-01
   6.4279680e-02   2.8145785e-01
  -6.9099251e-01  -8.5034191e-01
   1.3747140e-01   2.8537776e-01
  -7.4939846e-01  -6.6160189e-01
  -9.9787499e-01  -1.1228306e+00
  -1.1169332e+00  -1.3455796e+00
  -7.5312697e-01  -1.3172434e+00
   1.2029278e+00   1.4708071e+00
   9.5058061e-01   1.0114875e+00
  -9.7717677e-01  -5.7684557e-01
  -9.3190037e-01  -1.2969810e+00
   1.5135903e+00   1.6055266e+00
  -1.0998682e+00  -1.2548659e+00
  -7.7932010e-01  -8.4993268e-01
   1.1233299e-01   6.1360694e-01
   1.2485367e+00   1.1355416e+00
  -1.2375802e-01  -3.4635959e-02
   6.5764922e-01   4.9701291e-01
  -9.2644586e-01  -1.2125944e+00
   1.2073830e+00   1.3813788e+00
  -5.5085090e-01  -2.2204002e-01
  -1.2591421e-01   7.2070816e-01
   1.7443208e-01   5.0118990e-01
  -1.3649726e+00  -2.0494987e+00
  -6.8494389e-01   2.5001169e-01
   8.1951539e-01   5.6645890e-01
  -3.5034322e-01  -4.1739342e-01
   4.3594986e-01   6.3433407e-01
  -1.3326388e+00  -1.3427727e+00
  -2.6344096e-01   1.0492994e-01
   1.4842675e+00   1.4800249e+00
   2.1565282e-02   2.8571353e-01
  -8.4401867e-01  -9.1391813e-01
  -3.1553111e-01   1.4431600e-02
  -3.4684083e-01   2.8499611e-02
   3.5042933e-01   7.8778972e-01
  -3.8170791e-01  -7.5204461e-01
  -1.2667579e+00  -1.6509430e+00
   3.4161372e-01   7.2729155e-01
  -5.1301860e-01  -4.2664500e-02
  -6.8920482e-01  -3.0930853e-01
  -4.2623681e-01  -5.0050061e-02
  -1.4255091e+00  -2.0217882e+00
  -1.5194735e-01  -9.5279657e-02
  -1.2355506e+00  -1.5241309e+00
  -1.0364997e+00  -1.1949702e+00
  -7.0533390e-02  -9.1350135e-02
  -9.0371158e-03  -3.4704487e-01
   5.6396924e-01   6.8639872e-01
   1.7357487e+00   2.0302487e+00
  -5.0693200e-01  -9.3387164e-02
   2.0404886e+00   1.9006526e+00
  -7.7462405e-01  -6.4246575e-01
  -5.4976383e-01  -2.8672103e-01
  -5.6596127e-01  -7.4856769e-01
   1.1962135e+00   1.1682865e+00
  -9.7631487e-01  -8.5077480e-01
  -1.4884827e+00  -2.2743007e+00
  -6.5786043e-01  -3.3326388e-01
   1.2180729e-01   1.2809589e-01
   1.3356669e+00   1.7365919e+00
   1.1578580e+00   1.2570277e+00
   1.0250268e-01   2.7970893e-01
   1.1937618e-01   6.4741016e-01
   1.7717217e+00   1.3346112e+00
   5.2115528e-01   3.6266982e-01
  -7.8912243e-01  -7.7147222e-01
   2.8857210e+00   2.3451406e+00
   2.6061045e-01   3.4939867e-01
   1.5733724e-01  -1.2383912e-01
  -1.0646602e+00  -1.0249464e+00
   9.5444689e-01   7.2794443e-01
   6.0547721e-01   6.9862838e-01
  -5.7196965e-01  -6.9371358e-01
  -4.6386812e-01  -6.8232804e-01
  -3.9683402e-01  -7.2349347e-01
   4.8537860e-01   2.9432623e-01
  -2.1920331e-01  -8.4836910e-02
  -1.4087869e+00  -1.8141544e+00
   1.0919535e-01   3.0080260e-01
  -8.8446507e-01  -1.1392247e+00
  -2.7376816e-01  -1.0120572e-01
   5.3366055e-01   7.6487152e-01
  -1.7111095e-01   3.1510331e-02
  -4.5645541e-01  -5.0721116e-01
   1.6269417e+00   1.5280268e+00
  -1.5346382e+00  -2.0879654e+00
  -2.4114199e-02   9.1169245e-02
  -8.4083649e-01  -1.1786274e+00
   3.1146572e-01   3.5322575e-01
   2.8345500e-01   7.5756048e-01
  -3.0959282e-01  -4.5765713e-01
  -7.5735508e-01  -7.2802855e-01
  -4.8363101e-02  -3.8966109e-02
   1.2180824e-01   6.8963966e-02
  -7.7230079e-01  -9.1869686e-01
  -5.0136315e-01  -2.3089427e-02
  -1.2303717e+00  -1.4715659e+00
  -1.7296544e-01   8.3586207e-02
  -9.6324033e-01  -1.3801365e+00
   1.2180595e-01   1.2135969e-01
   2.8751172e-01   9.6768653e-01
  -2.8505320e-01  -2.3404958e-01
   8.3194004e-01   5.9534199e-01
  -1.0871642e-01   3.1423796e-01
  -9.4385124e-01  -6.4806224e-01
  -4.7906852e-01  -4.7917489e-01
   7.1385048e-01   7.1975424e-01
   3.9059824e-01   4.1507482e-01
  -2.9264183e-01  -4.4152455e-01
  -1.1007801e+00  -1.1468489e+00
  -9.4869056e-01  -8.1924331e-01
   1.7649920e+00   1.8747025e+00
   1.3487532e-01   3.6977229e-01
   8.6970057e-01   1.3350661e+00
  -3.2816454e-01   1.7908513e-01
   3.9189087e-01   2.8510486e-01
  -2.6674495e-03   5.3009839e-01
   1.0970324e+00   9.1684095e-01
  -4.9457784e-01  -8.0232468e-01
  -5.5635242e-01  -5.5270224e-01
  -9.0810953e-01  -8.7344003e-01
   5.5000347e-01   4.7909897e-01
   2.0538464e-01   2.2386319e-01
   8.8682264e-01   1.0718689e+00
   3.0105450e-01   2.8548752e-01
   1.2624597e+00   1.4983301e+00
  -3.6604450e-01  -6.4713256e-01
  -2.6796107e-01  -4.4869530e-01
  -1.2097232e+00  -1.4894246e+00
   2.4746762e-01   7.3768675e-01
  -1.8034229e-01  -1.5817366e-01
  -7.8641542e-01  -1.2392461e-01
  -3.6949824e-01  -2.9111814e-01
  -1.7281535e-01  -1.6777495e-01
   2.3158954e-01  -1.0444307e-01
   6.8061810e-01   5.0426131e-01
   9.9581303e-01   1.2218809e+00
   4.9327348e+00   3.6984083e+00
  -2.1405647e-01  -1.3770966e-01
  -2.0828423e-01   1.5524336e-01
  -3.6479258e-01  -7.1754897e-01
   6.0009273e-02   3.4122836e-01
  -8.7214274e-03  -3.0322870e-01
   1.0902573e+00   1.3125627e+00
  -5.4350090e-01  -5.9926604e-01
   1.4792119e+00   1.5188745e+00
  -6.7624141e-01  -6.3215954e-01
  -1.6543017e+00  -2.3502020e+00
   1.1434171e+00   9.1303551e-01
  -1.8327121e-01  -4.3115653e-01
  -6.7854986e-01  -7.5603673e-01
  -1.1449752e+00  -1.3239383e+00
   1.2180307e+00   1.3407387e+00
  -2.3391213e-01   8.7843333e-02
  -2.8915917e-01   1.9413391e-01
  -5.6365448e-01  -4.4323088e-03
   7.7190075e-01   4.6158591e-01
  -9.8198029e-01  -8.9150335e-01
   1.6794183e+00   1.1982471e+00
  -3.9539408e-01  -2.1288015e-01
  -1.2345745e-01  -1.5252710e-01
  -3.1813605e-01  -1.2714162e-01
  -6.0585390e-01  -4.5272366e-01
  -1.1641607e+00  -1.0642311e+00
  -9.5233326e-01  -1.4943977e+00
  -9.5894082e-01  -1.1798432e+00
  -1.2120649e+00  -1.7627998e+00
   1.0265979e+00   1.3820210e+00
  -6.1430732e-01  -5.5722773e-01
   3.5439585e+00   2.5485334e+00
   9.1050312e-01   1.6071543e+00
   8.2669933e-01   1.0872307e+00
  -1.1313402e+00  -1.7564908e+00
  -9.6931073e-01  -1.1486609e+00
   1.1092452e+00   1.0035915e+00
  -1.2048720e+00  -1.6324143e+00
  -1.3407059e+00  -1.4091335e+00
  -8.9420657e-01  -6.1744513e-01
  -8.9771225e-01  -8.8328383e-01
  -1.0037320e+00  -3.6064709e-01
  -8.5849484e-01  -4.2812573e-01
  -4.5876990e-01  -5.9577726e-01
  -4.4896358e-01  -6.5852413e-01
  -1.6532515e-01  -2.5824134e-01
  -1.4773408e+00  -2.1813549e+00
  -9.0072485e-02   3.7599856e-01
  -1.2045575e-01   1.8101643e-01
  -6.3210454e-01  -5.1128263e-01
   2.9346093e+00   2.0603254e+00
   5.4288052e-01   7.2628034e-01
   1.1802207e-01   8.4394375e-01
  -5.9525426e-01  -3.7467972e-01
  -6.1360358e-01  -4.7784119e-01
   4.3266747e-01   7.2777175e-01
   3.2018510e+00   2.7354098e+00
  -6.7521363e-01  -5.6697221e-01
  -1.2452385e+00  -1.1265244e+00
   5.3163430e-01   6.7609984e-01
  -5.5294068e-01  -4.5636317e-01
   1.9634391e-01   4.8759207e-01
  -3.9230676e-01  -5.7596408e-01
  -3.8339378e-01  -7.9084619e-01
   3.4345826e-02  -1.0381777e-01
  -7.1912307e-01  -8.6782170e-01
   1.2059899e+00   1.2931608e+00
  -1.5112044e+00  -2.4121110e+00
  -1.6158473e-01  -2.3488903e-02
  -2.3535341e-01  -5.8976693e-01
  -6.0949283e-01  -6.3487921e-01
   1.5560559e+00   1.8649547e+00
  -2.5800986e-01   3.8706052e-01
  -5.5551203e-01  -6.1161154e-01
  -8.9823431e-01  -8.4751628e-01
   1.3268957e+00   9.3842652e-01
  -4.7999563e-01  -4.1948958e-01
   4.1629023e-02   2.9157161e-01
   1.7830840e-01   5.5001048e-01
   7.6877484e-02   3.9221873e-01
   9.4777638e-01   1.4746795e+00
  -3.7765336e-01   4.6676540e-02
  -1.0638026e+00  -1.2430283e+00
  -4.3760322e-01  -2.6893419e-01
  -4.8496588e-01  -1.4802320e-01
  -1.5450345e+00  -2.1801478e+00
  -7.5250870e-01  -9.9031024e-01
   1.0743349e+00   1.2801744e+00
   8.4754841e-01   6.8905167e-01
   1.7830957e+00   1.1394785e+00
   3.8804740e-01   9.0917551e-01
  -9.4383678e-01  -1.2176068e+00
   4.8810461e-01   6.0404234e-01
   1.7544456e+00   1.3736406e+00
  -1.0895782e+00  -1.1699301e+00
  -1.1741099e+00  -1.1204759e+00
  -1.3575524e-01   1.9673477e-02
  -6.0379393e-01  -3.4901990e-01
  -1.4014562e+00  -1.7310008e+00
   8.9495541e-02   2.2644767e-02
  -6.6656017e-01  -6.9956090e-01
   2.5648216e-01   4.2405038e-01
  -3.2069053e-01  -4.7461657e-01
  -7.6709168e-01  -6.0856732e-01
  -1.1397605e+00  -1.0034809e+00
   1.0237471e+00   1.5010968e+00
  -5.8206951e-01  -1.0321789e+00
   8.2780898e-01   1.1923215e+00
   1.0590300e-01   2.5789535e-02
  -8.7352223e-01  -7.0544880e-01
  -1.0164250e+00  -9.6099728e-01
   1.2526065e-01   3.6611163e-01
   1.1369906e+00   9.8280392e-01
  -3.2443280e-01   9.5963968e-02
   4.7904460e-01   5.7746343e-01
   1.1566364e-02  -5.0110637e-03
  -2.1100303e-01   1.3522443e-01
   1.3648636e+00   1.2006743e+00
   2.4773749e-01  -8.2837339e-02
   6.6504230e-01   8.2850410e-01
  -1.5530228e+00  -2.8455775e+00
   1.7021838e+00   1.6935586e+00
   8.5260820e-01   9.4669612e-01
  -1.3291831e+00  -1.8069525e+00
  -3.9933370e-01  -5.5135792e-01
  -6.2424257e-01  -6.8214333e-01
  -4.6215595e-01  -2.5044809e-01
  -1.0411371e-01   3.8280294e-02
   3.7685765e-01   5.7612734e-01
   5.0462267e-01   4.9424562e-01
  -3.7741885e-01  -2.0754837e-01
   5.3604150e-02   4.1278090e-01
  -3.3898543e-01  -1.0680931e-01
   1.0272994e+00   9.2625952e-01
   1.1911417e+00   1.2145246e+00
  -1.7766601e+00  -2.5931732e+00
  -1.8086553e-01  -2.4641705e-01
  -5.7559862e-01  -5.3653865e-01
   3.8815324e-02   3.7358617e-01
   2.2614489e+00   2.0071351e+00
  -8.6656965e-01  -9.5225206e-01
  -9.1177289e-01  -1.5011128e+00
  -4.6332555e-01  -7.7080750e-01
  -1.0164822e+00  -9.7231863e-01
   1.4525777e+00   1.2201451e+00
  -1.2897484e+00  -1.2369675e+00
  -3.8829824e-01  -2.7098717e-01
   8.9597260e-01   8.8499804e-01
   1.8982670e+00   2.0289327e+00
   1.0195302e+00   6.4793351e-01
  -1.0928511e+00  -9.9755579e-01
  -9.0433289e-01  -5.4066069e-01
  -4.7385620e-01  -2.3416067e-01
  -9.6423062e-01  -1.2870582e+00
  -1.1262135e+00  -1.8408873e+00
  -1.3374866e+00  -1.3308378e+00
  -6.7093808e-01  -6.8519259e-01
  -1.7620038e-01  -1.3262823e-01
  -7.7562288e-01  -1.1537107e+00
   2.1158207e+00   1.6794961e+00
   1.0899184e+00   9.3003631e-01
  -8.8155199e-01  -4.6034313e-01
  -6.0632986e-01  -6.8692017e-01
   3.2298463e+00   2.4978039e+00
   1.3342367e+00   1.3134077e+00
  -6.9692751e-01  -1.2336374e+00
   1.0321155e+00   8.5701097e-01
   1.4307926e+00   1.1469161e+00
  -1.9647732e-02   1.1190904e-01
   1.5756661e-01   2.6590209e-01
   1.2598182e+00   1.2143372e+00
  -2.7433849e-01   1.6999199e-01
  -1.3042537e+00  -1.5566759e+00
  -9.5668671e-01  -1.0756718e+00
  -3.7169047e-02  -2.8944531e-02
   1.8787819e+00   1.9903617e+00
   5.2219375e-02   3.2113064e-01
  -5.7760817e-01  -2.6829121e-01
   1.3159869e+00   1.2961660e+00
  -9.5439806e-01  -1.0400525e+00
  -5.1705363e-01  -5.1089601e-01
  -6.8723635e-01  -4.1819767e-01
  -3.7999369e-01  -3.2932469e-01
  -2.6671982e-01   4.1164882e-01
   3.2801242e-01   6.4697427e-01
   2.1446060e+00   1.7471430e+00
   6.8392451e-01   5.7009111e-01
  -7.8917932e-01  -4.9785851e-01
  -1.0498485e+00  -9.5915754e-01
   6.9871491e-01   7.5068802e-01
   1.9346712e+00   1.6247432e+00
  -1.0565889e+00  -8.8947359e-01
  -6.1187906e-02  -5.2048394e-01
   7.9626658e-01   3.9146529e-01
   5.5976700e-01   3.0895354e-01
  -1.2997166e+00  -9.4277719e-01
   1.1233686e+00   1.0279390e+00
  -1.5497216e+00  -2.7720489e+00
  -1.2409182e+00  -7.7016530e-01
  -1.0312845e+00  -1.2369067e+00
  -5.5490473e-01  -8.5420014e-01
   1.9546172e+00   2.2503260e+00
  -4.4454228e-01  -3.4088217e-01
  -1.2354175e+00  -1.2031680e+00
   2.6046589e-01   6.4831113e-01
   2.5413275e-01   3.3462003e-01
  -1.4644929e+00  -1.5520053e+00
   2.4834545e+00   2.0070231e+00
  -1.4204883e+00  -1.2564142e+00
   6.4638632e-02  -1.7225264e-01
   6.7710686e-02  -2.8197152e-01
  -7.6891003e-01  -1.1689437e+00
  -8.5652134e-01  -8.7592547e-01
   1.9425130e+00   1.9739646e+00
   2.1186670e-02   3.6387468e-01
   8.3780455e-01   1.0537553e+00
  -1.2354314e+00  -9.9822577e-01
  -1.4464648e+00  -1.6117797e+00
  -1.3128488e+00  -1.1143206e+00
   8.1879893e-01   7.1397042e-01
  -1.4345583e+00  -1.9534939e+00
   1.2206288e+00   1.1659656e+00
   4.7137892e-01   6.4753309e-01
  -6.1248608e-01  -7.9846340e-01
   2.1575920e+00   1.9345337e+00
  -8.5863590e-01  -6.7392238e-01
  -9.6975398e-01  -1.1464299e+00
  -3.5318203e-01  -3.1403120e-01
  -6.2048513e-01  -1.9214072e-01
   2.5824031e-01   5.4163786e-01
  -7.9593693e-01  -4.5596502e-01
  -8.5096120e-01  -9.1849936e-01
  -7.7904070e-01  -8.6468974e-01
  -6.9608138e-01  -3.2193407e-01
   5.0824631e-01   3.1426345e-01
  -6.1638227e-01  -6.0933560e-01
  -8.0766488e-01  -7.8698063e-01
  -2.7624121e-02   1.0958914e-02
  -1.2181118e+00  -7.2401459e-01
   5.8683841e-02   1.9367241e-01
  -4.1805189e-03   4.3187278e-01
  -9.1856355e-01  -1.0446378e+00
  -7.2024457e-01  -4.2909749e-01
   1.1094199e+00   9.2142228e-01
   7.0609847e-01   9.5299142e-01
  -4.0883730e-01  -4.3266846e-01
  -7.4370709e-01  -9.1082689e-01
   2.2812472e-01   6.7677428e-01
  -5.3449362e-01  -2.1509235e-01
  -9.7423910e-01  -9.9833914e-01
   2.0138598e+00   1.6428576e+00
  -3.4798554e-01  -1.1013772e-01
   2.0881924e-01   1.3352243e-01
   5.2828341e-01   8.0468502e-01
  -7.4445672e-02   2.2158083e-01
  -1.0276668e+00  -7.5424511e-01
   2.8984255e-01   5.4422106e-01
  -5.5621571e-01  -5.3475302e-01
   3.0234677e-01   5.1903428e-01
   8.7152305e-01   1.1230724e+00
   2.1609955e+00   2.0608902e+00
  -6.4910642e-01  -4.3316383e-01
   9.6264264e-01   9.3946071e-01
   7.4465221e-01   1.3944247e+00
   2.3794495e-01   7.5941267e-01
  -6.5862458e-01  -8.0242678e-01
   8.8174007e-01   6.1859414e-01
   8.8000001e-02   2.6749400e-01
  -1.1290087e+00  -1.0988276e+00
  -1.5393246e+00  -2.4450760e+00
  -1.1079227e+00  -7.6061805e-01
  -1.3762883e+00  -1.8693196e+00
   1.5495438e+00   1.4807464e+00
  -8.6050689e-01  -8.3939079e-01
  -1.4175965e+00  -9.7660226e-01
   4.0148797e-01   6.9283991e-01
   2.9493794e-01   2.2645079e-01
  -3.0127765e-01  -3.3117050e-01
  -6.5532967e-01  -8.4601839e-01
   9.9082008e-02   3.5228125e-01
   1.6718689e+00   1.9355945e+00
  -4.6272448e-01  -5.2298580e-01
  -3.5168315e-01  -1.5534890e-01
  -8.2623008e-01  -6.7321816e-01
  -7.5310166e-01  -6.3276459e-01
  -8.0814418e-01  -7.2064377e-01
   1.0739115e+00   7.3566417e-01
   2.5991526e-01   6.0570494e-01
  -1.0274444e+00  -1.4540965e+00
  -8.2901817e-01  -7.0970039e-01
  -5.8888224e-01  -6.8763747e-01
  -1.2094955e+00  -1.6944438e+00
  -3.4646851e-01  -6.5878020e-01
   1.5409493e+00   1.6428971e+00
  -5.7881174e-01  -8.4548399e-01
  -1.3588719e-01   1.4641618e-01
   2.4907365e-01   1.7792422e-01
   1.1736931e+00   9.6212581e-01
   5.4423399e-01   3.1394838e-01
  -1.0905630e+00  -6.6794752e-01
  -3.5990963e-01   3.3263391e-02
   4.6311469e-01   6.9286809e-01
   7.4521560e-01   9.1611044e-01
  -3.0615719e-01  -1.2580686e-01
   1.9030688e-01   6.7104365e-02
   3.6726852e-01   1.0203744e+00
   7.6493125e-03   4.5312200e-01
   5.3401518e-01   3.1421103e-01
   2.7532598e+00   2.2193481e+00
  -9.5615289e-01  -8.5378238e-01
  -9.2979899e-01  -5.3851124e-01
   6.5030129e-01   7.0334067e-01
  -9.7779730e-01  -7.5969608e-01
  -1.4760360e+00  -2.4286579e+00
   1.5087594e+00   1.3679370e+00
  -7.8306792e-01  -9.2086087e-01
   8.6989267e-01   9.1494848e-01
  -7.8120265e-01  -5.2786789e-01
  -8.5549281e-02  -3.3395588e-01
  -7.4395877e-01  -9.8977953e-01
   2.0589249e-01   6.1746226e-01
  -5.7981357e-01  -1.1521953e-01
  -1.3082735e-01   5.7606596e-02
   1.2146778e-02   3.7286068e-01
   1.4784145e+00   1.2415750e+00
  -1.5813805e+00  -2.5243912e+00
   9.7826480e-01   1.0231456e+00
   4.7958824e-01   4.9475437e-01
   4.6410361e-01  -1.1718505e-02
  -1.7446521e+00  -1.8426345e+00
  -6.7371058e-02  -4.2157170e-02
   7.8432146e-01   5.7664677e-01
   3.5307864e+00   2.7273669e+00
  -2.1722447e-01  -2.5273694e-01
  -1.5318889e+00  -2.0397732e+00
   1.4283631e+00   1.3423774e+00
   1.0478377e+00   8.8499729e-01
  -8.9624861e-01  -8.8193247e-01
   3.8049511e-01   4.9061132e-01
   7.2403122e-01   7.5191428e-01
  -7.7358489e-01  -5.3325056e-01
  -1.4246977e+00  -1.8730268e+00
  -3.6738602e-01   6.7814302e-02
  -1.4587138e+00  -2.0075907e+00
   5.8677166e-01   3.2804735e-01
  -6.1685135e-01  -3.3434540e-01
   5.9584736e-01   7.3939656e-02
   2.5002337e-01   1.0588190e-01
   1.3563047e+00   1.2247793e+00
  -2.4150923e-02   2.3020432e-01
  -1.0519673e+00  -9.2586086e-01
   8.0169846e-01   4.7526396e-01
   1.7949554e+00   1.3074079e+00
  -5.0680495e-01  -5.5767320e-04
   5.0896612e-01   6.7369907e-01
  -4.2154524e-01  -3.2471873e-01
   1.0828005e-02  -1.2360351e-01
  -1.0654547e+00  -1.1912373e+00
  -1.2288701e-01  -1.9248593e-01
  -1.5201981e+00  -1.5996989e+00
   1.2462889e+00   9.4013134e-01
  -1.3580073e+00  -1.7032500e+00
   7.7444881e-01   7.5231917e-01
  -1.0357645e+00  -1.0026932e+00
  -1.3358830e+00  -2.1454291e+00
  -1.1438899e+00  -7.3291051e-01
  -5.8916483e-01  -4.8049503e-01
   5.3180525e-01   7.2785443e-01
  -3.5088732e-01   3.8456747e-01
   1.1257263e+00   1.1944565e+00
   3.5320494e-01   4.3577449e-01
  -3.6600463e-01  -2.1425538e-01
   1.0134840e+00   1.1827947e+00
   5.4430864e-01   7.5973447e-01
   1.9200705e+00   1.6006763e+00
  -5.9108175e-01  -7.5168396e-01
   5.2588072e-01   3.4372488e-01
  -5.6093904e-01   2.3912082e-01
  -6.2342019e-01  -6.2183107e-01
   1.7210339e+00   1.8623646e+00
  -1.1585674e+00  -1.2633663e+00
  -8.8885796e-01  -1.2498115e+00
  -9.7313125e-01  -9.9242396e-01
  -1.0236956e+00  -1.5622414e+00
  -5.1225854e-02   4.6726938e-01
   1.6971035e+00   1.8346818e+00
  -9.4126757e-01  -1.1130101e+00
  -3.4148032e-01  -5.7890205e-01
   1.4988225e+00   1.0192738e+00
  -1.1597658e+00  -9.6698831e-01
  -7.8287715e-01  -9.5035384e-01
  -1.0672071e+00  -1.0433500e+00
   5.4223048e-01   6.6371950e-01
  -8.2360486e-01   4.1002253e-02
   1.0581423e-01   3.6590123e-01
   1.0704251e+00   1.1851454e+00
  -2.8667830e-01  -1.2325784e-01
  -1.1563348e+00  -1.3872966e+00
   5.9511249e-02   2.0289733e-01
   1.3106852e-02   4.3014249e-01
  -1.1665148e+00  -1.3020603e+00
  -1.5702951e+00  -1.6698095e+00
   5.6980338e-01   7.0976778e-01
   1.0090003e+00   9.2567033e-01
   6.5049106e-01   3.5863852e-01
   2.5166716e+00   2.1627438e+00
   2.3451772e+00   2.1938083e+00
  -3.9102369e-01   9.5168288e-02
   7.6999213e-01   7.2140089e-01
   1.6876248e+00   1.6173950e+00
  -7.5611594e-01  -2.2607169e-01
   3.5524712e-01   3.8457820e-01
  -5.5971842e-01  -5.0404903e-01
   4.6158048e-01   4.9460437e-01
   1.2987345e+00   1.2074548e+00
   1.2443289e+00   1.1253942e+00
  -1.0300040e+00  -1.0582712e+00
  -2.4596737e-01   2.3442410e-03
  -5.1810363e-01  -1.7584336e-01
   1.8515641e+00   1.4524750e+00
   3.5340531e-01   8.1605978e-01
   1.2788293e+00   1.6726477e+00
   7.5545576e-01   4.1877181e-01
  -6.8356522e-01  -1.3498023e-01
   9.0837004e-01   7.8914037e-01
  -1.3820302e+00  -1.8173533e+00
  -6.2617148e-01  -8.0151541e-01
  -9.0624599e-02   1.7887803e-01
   1.2190765e+00   7.4596142e-01
  -5.0455145e-01  -5.3978725e-01
   3.1847855e-01   2.3758273e-01
   2.0770826e+00   2.1394998e+00
  -3.0260988e-01  -9.5416952e-01
   1.4697328e-01   2.7285280e-01
  -7.8005856e-01  -1.2533309e+00
  -1.7219404e+00  -2.2264047e+00
   1.0344870e+00   1.2236264e+00
  -2.8650505e-01  -7.8020927e-02
  -8.6448539e-01  -1.0734102e+00
  -1.1716502e+00  -1.2648528e+00
  -6.0320649e-01  -1.1078890e-01
  -9.8961642e-01  -4.1990923e-01
   5.9999473e-01   9.4938297e-01
   1.5413436e-01   2.8049954e-01
  -1.3336530e+00  -1.5436676e+00
   4.6560515e-01   6.1744491e-01
   1.2362616e+00   1.1747255e+00
  -1.8702600e+00  -2.9450110e+00
  -5.7307772e-01  -5.3377254e-01
  -3.7477830e-01  -2.4830553e-01
  -3.2767887e-01   3.9063518e-01
   1.5452972e+00   1.6371208e+00
  -5.7161456e-01  -2.1401732e-01
  -1.6031785e-01   1.8712538e-01
  -4.5900660e-01  -3.1541155e-02
  -9.8262315e-01  -8.3144561e-01
  -1.2486871e-01   5.1855380e-02
   1.6181424e+00   1.5553184e+00
  -4.0914649e-01  -5.3626642e-01
  -1.5348529e+00  -1.8421587e+00
   2.0710384e+00   1.6366085e+00
   8.7504072e-01   6.4613129e-01
  -4.1132517e-01  -6.7597997e-01
   7.0027283e-01   5.1905202e-01
  -7.9259610e-01  -5.5881492e-01
  -4.2932247e-01  -2.2448946e-01
   9.2760108e-01   1.3084674e+00
   6.7438675e-01   2.7137361e-01
  -8.6484951e-02   3.0942817e-01
  -9.3767881e-01  -1.2319393e+00
   1.7031546e+00   1.7897719e+00
  -2.6551970e-01  -2.3343635e-01
   7.4356504e-01   4.9161442e-01
  -2.1922422e-01  -3.9410091e-01
  -2.9851531e-01  -2.2457575e-01
  -2.3208987e-01   8.9792504e-02
   5.9439933e-02   2.3530126e-01
   1.5039789e+00   1.0317099e+00
  -3.4154393e-01  -5.5173135e-01
   9.6605529e-02   2.6960678e-01
  -8.1554525e-01  -9.1669021e-01
  -7.7060586e-01  -5.6425039e-01
  -1.7199159e-01  -1.7078909e-01
   3.2234450e-01   7.7005841e-01
  -1.1852766e-01   4.0318181e-01
  -5.6219596e-01  -2.0234426e-01
   8.9540617e-01   9.9637446e-01
  -1.2432270e+00  -6.0969935e-01
  -9.3186955e-01  -7.5725319e-01
  -1.0150711e+00  -1.5531219e+00
  -5.4096271e-01  -8.2235085e-01
  -6.3283422e-01  -4.9543038e-01
   5.6516339e-01   8.0275879e-01
   6.9002991e-01   7.0661341e-01
  -7.7024395e-01  -8.0795082e-01
   3.2993074e-01  -7.2544684e-03
  -1.0584639e+00  -1.0488764e+00
  -8.9295710e-01  -8.2510718e-01
   8.7149268e-01   7.5189529e-01
  -7.7394685e-01  -2.5935458e-01
   1.0002226e+00   6.3859047e-01
  -4.3881033e-01  -7.8157904e-01
  -1.0731732e+00  -1.0205719e+00
