   5.4463086e-01  -6.9824548e-01
   2.4841160e-01  -4.7126406e-01
   1.1201987e+00  -8.9232500e-01
   1.1458840e+00  -1.0914753e+00
   9.3286712e-02  -3.8005678e-01
  -3.2314238e-02   2.0323502e-01
   4.8990629e-01  -4.6844439e-01
   1.4717417e+00  -1.2864365e+00
   1.7603501e+00  -1.5480062e+00
   4.6336227e-01  -5.4557616e-01
  -4.2447311e-01   4.9932852e-01
  -2.1094572e+00   2.3369254e+00
   4.2821693e-03   1.0339363e-01
  -6.8937399e-01   6.5076638e-01
  -1.2162925e+00   1.1968346e+00
   5.5517856e-01  -5.3809145e-01
  -9.5136928e-01   8.1505152e-01
   1.3205001e+00  -9.5225524e-01
   8.2597262e-01  -7.2993036e-01
   2.3804146e-01  -3.2525241e-01
  -1.2875949e+00   1.2678353e+00
  -5.4426868e-01   1.9200709e-01
   2.1160544e-01  -4.2901628e-01
  -1.3020145e-01   9.1600197e-02
   1.9187574e-01  -5.3853191e-01
   5.6898315e-01  -5.5695580e-01
  -4.8633788e-01   3.9450852e-01
  -1.0201857e+00   1.0426783e+00
   1.0898142e+00  -8.6386688e-01
   9.5970163e-01  -1.0671388e+00
  -6.2486180e-03  -1.8010293e-01
   1.2002469e+00  -1.1946982e+00
  -1.0226443e+00   8.8961257e-01
  -5.3321587e-01   3.5434514e-01
   8.1934574e-01  -1.2096893e+00
   1.5381252e+00  -1.6458142e+00
  -4.5327177e-01   5.2258329e-01
   1.8921447e+00  -1.9185236e+00
   4.3706339e-01  -3.5875220e-01
  -5.7072135e-02  -2.9750896e-02
  -2.2543428e-01   1.5952136e-01
   2.6410793e-01  -1.7122515e-01
   1.2184601e-01  -6.0881069e-01
   5.7293501e-02  -2.4302045e-01
   5.5685875e-01  -6.5520154e-01
  -1.4485410e+00   1.5585793e+00
  -1.5576754e+00   1.4976910e+00
   1.2213079e-01  -1.6189495e-01
   1.4965934e+00  -1.3473159e+00
   4.0362706e-01  -6.4012526e-01
   7.6232496e-02  -2.0583424e-01
   3.6608877e-01  -1.3855717e-01
  -1.7588113e+00   1.8072035e+00
   4.7022683e-01  -3.0437137e-01
  -2.4120511e-01   1.1696300e-01
  -1.7206742e+00   1.7135497e+00
   2.0041798e+00  -2.1268770e+00
   1.3049706e+00  -1.3793854e+00
   7.9613709e-01  -8.2623943e-01
   3.0091418e-01  -4.9129266e-01
  -2.6421577e-01   4.7703820e-01
  -6.4384086e-01   7.4613979e-01
   4.1645480e-01  -2.8201796e-01
  -4.9353039e-01   4.6129178e-01
  -5.6517032e-02   2.3241996e-01
   1.6553193e-03  -3.4988777e-01
  -6.4003969e-01   7.1365397e-01
  -1.3325849e-02  -1.6700086e-01
   2.1085978e+00  -2.0986196e+00
   4.4327129e-01  -6.7043901e-01
   1.5324130e+00  -1.5578048e+00
   1.2581502e+00  -1.1803473e+00
   3.2416934e-01  -5.5594085e-01
  -4.4666036e-01   3.7922158e-01
   2.1480210e+00  -2.0317076e+00
  -7.2933356e-01   6.7174565e-01
   1.8666485e+00  -1.5878588e+00
  -1.2945596e+00   1.2839816e+00
  -8.2230338e-01   5.2835971e-01
  -2.2787748e-01   4.9418315e-01
   1.1945889e-01  -2.0686700e-01
  -5.4950244e-01   4.7731186e-01
   6.8193681e-01  -6.4838380e-01
  -3.5728534e-01   4.5340655e-01
  -5.3670196e-02   8.4487755e-02
  -1.3008227e+00   1.3791982e+00
   2.5605796e-01  -3.3693759e-02
   1.7024372e-01  -4.6125122e-01
   6.3627861e-03  -2.1772966e-01
  -1.2003007e+00   1.2345085e+00
  -5.1136889e-01   5.3557716e-01
   2.4879122e-01  -2.4165617e-01
  -1.0351183e+00   1.0394354e+00
  -1.1907515e+00   9.8948535e-01
  -1.2911459e+00   1.3425877e+00
   2.2432278e+00  -2.1059699e+00
   4.8618444e-01  -4.2164387e-01
   5.6640275e-01  -5.6615534e-01
  -5.6992348e-01   6.1545996e-01
   1.0968246e-01  -2.2296509e-01
   5.0864398e-01  -3.7217676e-01
  -6.1492864e-01   4.3447405e-01
  -1.6123816e+00   1.4259327e+00
   1.2864290e+00  -8.6686733e-01
  -1.6787330e+00   1.6378049e+00
   1.5098709e-01   7.5959600e-02
   9.2699418e-01  -6.8828086e-01
  -6.2657319e-01   6.9369271e-01
   7.2405859e-02   5.0081633e-02
  -5.6636025e-02  -7.8492012e-02
  -1.2934234e+00   1.2570040e+00
  -9.4102098e-01   8.6644030e-01
   1.5807532e-01  -3.6797912e-02
  -7.2999761e-01   9.2075006e-01
   1.6809048e+00  -1.4308400e+00
   1.6218716e-01  -1.3393488e-01
  -3.0906816e-01   2.7094522e-01
  -1.7244236e-01  -1.6126157e-01
  -8.1933335e-01   8.6796057e-01
   8.4244033e-01  -6.9223184e-01
   2.0450533e+00  -2.0505441e+00
  -1.8039000e+00   2.1947854e+00
   1.6528119e+00  -1.9379628e+00
  -4.9445023e-01   3.7358527e-01
  -2.1896800e+00   2.3331189e+00
  -1.3481660e+00   1.4305357e+00
  -1.5899535e-02   1.5605186e-01
   4.5230150e-01  -3.0584450e-01
  -3.6696427e-01   1.9934273e-01
  -3.9494687e-01   2.5688418e-02
  -1.4463005e-01   1.8143640e-01
   1.5039794e+00  -1.6167573e+00
  -8.1506222e-01   5.6738291e-01
  -5.9584288e-02   4.4747858e-02
  -7.7666628e-01   6.0180570e-01
   3.1626080e-01  -5.2757123e-01
  -6.6674558e-01   7.8250995e-01
  -1.2699796e-01   2.2017634e-02
  -1.2550621e+00   1.4075660e+00
   1.3510915e+00  -8.1906285e-01
  -8.6886806e-01   8.2253127e-01
   3.9840337e-01  -3.9451383e-01
  -1.8289904e+00   1.9290246e+00
  -1.7182815e-01  -2.4773505e-01
   1.3833195e+00  -1.2534227e+00
   2.3662329e+00  -2.4632508e+00
  -1.3051506e+00   1.4887883e+00
   2.7836580e-01  -4.3315509e-01
   6.1940527e-01  -7.1965999e-01
  -1.0790904e+00   9.9163025e-01
  -1.0643602e+00   9.3733247e-01
  -1.4028279e-01  -7.5342325e-02
  -3.0269172e-01   4.0898087e-01
   8.8672143e-01  -1.0394884e+00
   5.7567803e-01  -7.2371203e-01
   1.2017966e-01  -4.4218695e-01
   6.7172197e-01  -6.0176944e-01
   3.6563040e-01  -4.2506126e-01
  -3.5305681e-01   2.1968268e-01
  -1.5537172e+00   1.5816354e+00
   2.1542641e-01  -2.1574847e-01
   6.1751065e-01  -6.1547135e-01
   1.6868834e+00  -1.3012148e+00
   1.7403941e+00  -1.8692779e+00
   4.8247641e-02  -1.1953246e-01
   1.7049495e-01  -6.1830799e-04
   1.0865733e-01  -1.1224071e-01
  -3.9515387e-01   2.2586611e-01
  -5.2923977e-01   6.5295426e-01
   7.7825947e-01  -7.0743579e-01
  -6.5894583e-01   6.1275106e-01
   8.8166974e-01  -8.3378882e-01
  -5.1638818e-01   6.1120832e-01
   3.2976479e-01  -4.8965594e-01
  -4.9572031e-02   1.2027707e-01
   1.8494730e+00  -1.8440015e+00
   2.6429524e+00  -2.2982166e+00
  -1.6541086e-01  -5.0309110e-02
  -8.1170506e-01   7.3239995e-01
   1.4904468e+00  -1.7020612e+00
   1.6087275e+00  -1.7522252e+00
   1.5728719e-01  -4.4693470e-01
   1.3049084e+00  -1.3675085e+00
  -1.3497374e+00   1.2835044e+00
   1.4095246e+00  -1.3394099e+00
  -8.8494734e-01   7.1815182e-01
  -8.3668322e-01   6.9584105e-01
  -2.3456088e+00   3.0361449e+00
   3.0970187e-01  -1.7884004e-01
   1.1861179e+00  -1.3506029e+00
   2.0718552e+00  -2.0761261e+00
  -7.8809966e-01   5.4199565e-01
   7.0610658e-01  -5.6873344e-01
  -1.1867255e-01  -2.6235524e-01
  -6.6276205e-01   2.2276254e-01
  -2.3015443e+00   2.6586494e+00
  -5.5639252e-01   5.5157042e-01
   5.8440565e-03  -8.2050801e-02
  -6.0610749e-01   5.1571212e-01
   4.2213905e-01  -3.0870963e-01
   5.3417769e-01  -6.3482811e-01
  -2.8426101e-01   2.9937497e-01
   2.1143946e-01  -1.0272746e-01
  -1.5486323e-01   1.4232232e-02
   3.3463328e-01  -4.2796990e-01
  -3.4927505e-01   8.9988163e-02
   6.1496514e-01  -2.7458134e-01
   9.7182641e-01  -5.7072077e-01
   5.1615317e-01  -3.6835543e-01
   4.2194920e-01  -2.9969583e-01
   1.3191831e+00  -9.3511284e-01
   5.0458148e-01  -7.0313053e-01
  -1.2369619e+00   1.2135149e+00
  -1.4044013e+00   1.3767289e+00
   3.9553856e-01  -1.0115928e-01
   8.4250096e-01  -1.0359383e+00
  -2.0206120e+00   2.0904446e+00
   1.1978384e+00  -9.9967969e-01
  -4.2066379e-01   3.4555379e-01
  -1.6804601e+00   1.6270454e+00
   3.5174485e-01  -2.5959776e-01
  -1.5961975e-01  -2.1915043e-01
  -9.4097976e-01   1.0414185e+00
  -5.0863733e-01   4.9328786e-01
   7.0102909e-01  -4.5216444e-01
  -4.5303349e-01   5.7837013e-01
  -1.8035278e-01  -2.4870572e-01
   9.4867583e-01  -1.1281629e+00
   2.7441340e+00  -2.5777299e+00
  -1.1069307e+00   1.0182935e+00
  -1.3872449e+00   1.4323588e+00
   4.9362833e-01  -5.4845243e-01
   9.2417212e-01  -8.1779729e-01
  -1.1252701e+00   1.1548845e+00
   1.3310292e+00  -1.1637296e+00
  -3.1129034e-01   3.0649901e-01
   9.0887702e-01  -6.2424026e-01
  -5.3566598e-01   6.7031374e-01
  -1.0419566e+00   1.2374887e+00
   8.5623344e-01  -9.0131474e-01
  -1.0219815e+00   1.0259259e+00
  -4.3734353e-01   2.5497466e-01
   1.6273334e+00  -1.6221755e+00
  -4.7165857e-01   3.8113431e-01
  -4.6531669e-01   3.4352686e-01
  -5.7451983e-01   4.7162620e-01
   3.7699623e-01  -6.5280690e-01
  -1.1959130e+00   1.0397477e+00
   3.7012385e-01  -2.9798394e-01
   1.5954710e+00  -1.7143970e+00
  -6.4956259e-01   7.9736119e-01
  -5.9321101e-02  -1.7447985e-01
   1.7486706e+00  -1.7099366e+00
  -5.2469113e-01   6.0949716e-01
  -1.6071591e+00   1.4344310e+00
  -1.8839674e+00   2.3046253e+00
  -1.7594457e+00   1.6814095e+00
   3.3936911e-02  -1.3539287e-01
  -5.6433126e-01   6.7900815e-01
  -1.0455865e+00   1.0630317e+00
   2.9760487e-01  -2.2162437e-01
  -1.9436917e+00   2.1894240e+00
   1.5605882e-01  -1.0303484e-01
  -7.7869177e-03  -5.4091055e-02
   1.5153783e+00  -1.0290371e+00
  -7.1748322e-01   6.8727655e-01
  -2.8872372e-01  -5.1527428e-02
   1.0236676e+00  -7.8167607e-01
  -8.2855687e-02   6.5095814e-02
  -6.3176998e-01   7.0300029e-01
  -1.2395004e+00   1.0695578e+00
   7.1161928e-01  -7.6128230e-01
   1.7827415e-01  -2.2674774e-01
  -5.4479702e-01   5.3502922e-01
   1.6661940e+00  -1.8701290e+00
   8.0651084e-01  -9.4220545e-01
  -1.4801179e+00   1.4385807e+00
  -3.3689565e-01   3.8549359e-01
  -4.6307259e-01   4.1356915e-01
  -1.8895217e+00   1.9911447e+00
  -1.5465091e+00   1.3820904e+00
  -6.7684662e-01   8.3623603e-01
   6.4678860e-01  -1.0259194e+00
  -4.8410907e-01   4.1768774e-01
   9.9847452e-01  -9.0820454e-01
  -4.2881221e-02   1.4907266e-01
  -9.0159995e-01   6.3646343e-01
  -1.3103230e+00   1.2237401e+00
  -1.5375287e+00   1.4827389e+00
   7.5234954e-01  -5.9070798e-01
  -3.2130658e-01   2.6490981e-01
   5.6782896e-01  -5.3647330e-01
   1.2702676e+00  -1.5553435e+00
   1.2198812e-01  -3.0844887e-01
   1.3600181e+00  -1.1273878e+00
   1.4072802e+00  -1.4417868e+00
   1.9702727e-01  -2.2809299e-01
  -2.0710517e+00   2.2413189e+00
   5.1719052e-01  -3.0533736e-01
  -1.5730251e+00   1.3776507e+00
  -4.7848707e-01   4.1505122e-01
  -1.6750421e+00   1.6540555e+00
  -5.1033267e-01   4.0514729e-01
   3.6162188e-01  -6.0773345e-02
  -2.4958595e-02  -2.0503128e-02
  -4.9410968e-03  -2.8325016e-01
  -1.0551575e+00   1.0280282e+00
   1.1700971e-01  -3.5131915e-01
   6.9335200e-01  -6.2890210e-01
  -3.8578607e-01   1.9562125e-01
  -4.5669679e-01   5.7795022e-01
   4.6311025e-02   8.0383583e-02
  -1.3497865e+00   1.2989118e+00
  -2.8440829e-01   3.4340247e-01
  -6.2572740e-01   5.1907660e-01
   8.7630973e-01  -9.5436923e-01
  -1.5046821e-01   1.2251382e-01
   3.3738127e-01  -3.8261737e-01
   2.5445131e-01  -4.6722017e-01
   1.6738933e-01  -1.7983092e-01
   1.2644981e+00  -1.1930593e+00
   3.4384619e-01  -4.0677174e-01
   1.1430404e+00  -9.8605162e-01
   5.4354629e-01  -5.1727990e-01
  -5.9867580e-02   2.3889921e-01
  -8.0229597e-01   7.8807919e-01
  -1.9831413e-01   3.5452119e-01
   1.2500974e+00  -1.2153136e+00
  -1.1733913e+00   9.6957244e-01
  -1.0592143e-01   1.2809758e-01
  -3.5512958e-01   3.5618722e-01
  -6.7587658e-01   5.2902615e-01
  -8.2321211e-01   5.8372317e-01
  -6.9808378e-01   4.0677282e-01
   5.1017019e-01  -3.8002164e-01
  -1.0757423e+00   9.2502882e-01
  -5.8806891e-01   5.1674101e-01
   1.1235795e+00  -8.9517250e-01
  -8.5146895e-02   1.2704517e-02
   1.0451695e+00  -8.6072833e-01
  -1.9156956e-01   3.9986877e-01
   5.8028278e-01  -4.6807029e-01
   3.8814637e-01  -5.6955240e-01
  -3.1389734e-01   5.1119654e-01
   2.5602146e-01  -3.0075178e-01
   2.7423903e-01  -2.5624184e-01
   5.9214614e-01  -2.8808443e-01
  -6.0190212e-01   3.2471989e-01
  -5.3836996e-01   3.8752875e-01
   2.9499740e-01  -1.1835433e-01
   4.7524013e-01  -5.6320531e-01
   3.8962120e-01  -4.9661942e-01
  -8.4110354e-03  -8.7688958e-02
  -1.1170438e+00   8.7198585e-01
   9.2857647e-01  -6.7699216e-01
   1.1091135e+00  -9.0984407e-01
   3.3054336e-01  -6.0121112e-01
  -1.0004622e+00   1.0253827e+00
  -1.3625474e-01  -6.2764807e-02
   5.6830988e-01  -4.3333373e-01
  -4.6920578e-01  -3.0763336e-02
   1.1444914e+00  -8.4179859e-01
  -2.9313721e-01  -1.4210774e-01
  -2.3724662e-01  -4.2655183e-03
  -1.0180271e+00   8.2847541e-01
  -3.7833543e-01   5.1580209e-01
   8.0503105e-01  -1.0297015e+00
  -8.8764184e-01   8.6543588e-01
  -9.0532619e-02   3.8171688e-01
   4.4317349e-01  -3.7718345e-01
   1.2272766e+00  -1.3254490e+00
   7.5770237e-01  -6.5042810e-01
  -4.4737262e-01   7.0803157e-01
   5.3199796e-01  -1.7094190e-01
   6.0534924e-01  -9.6732751e-01
  -4.1013164e-02  -1.4749925e-01
  -2.9499714e-02   1.8678961e-03
   2.4222576e-01  -1.3846987e-02
   8.1392625e-01  -9.3697760e-01
   1.3141919e+00  -1.2252746e+00
  -1.4051513e+00   1.4044067e+00
   9.7940619e-01  -7.4812036e-01
  -1.5559690e+00   1.5699268e+00
   1.5259269e-03   8.3856747e-02
   1.3493617e+00  -1.5043191e+00
  -1.5431743e-01   3.7987762e-01
   1.9266034e+00  -2.1242964e+00
  -3.0961224e-01   3.5418477e-01
   7.3719656e-01  -4.4443553e-01
   1.4720047e+00  -1.2391860e+00
  -2.1478555e+00   2.5141795e+00
  -1.3234452e+00   1.0922767e+00
   3.7316743e-01  -3.6647528e-01
   2.5772080e+00  -2.4284579e+00
  -3.1410093e-01   2.4657058e-01
   5.5831775e-01  -8.0779984e-01
  -2.0483200e+00   1.9266452e+00
   2.0774517e-01  -3.2864572e-01
   7.5984318e-01  -5.9834232e-01
  -1.0806825e+00   1.1230136e+00
   1.1632900e+00  -1.0496984e+00
   2.0673646e+00  -1.8724297e+00
  -1.4355123e+00   1.3324701e+00
   2.0827218e+00  -1.8908416e+00
   5.7748840e-01  -6.2862898e-01
  -9.2470448e-01   5.9232338e-01
   6.7894068e-01  -9.7763887e-01
  -3.4144897e-01   2.9490307e-01
   6.4333009e-02  -2.1494317e-01
  -5.8669812e-01   6.6499341e-01
   2.1771577e-01  -2.1943944e-01
   1.1984970e+00  -1.2280707e+00
  -9.3691613e-01   8.5283062e-01
   8.0172692e-01  -6.2663398e-01
  -4.9939811e-01   4.1004792e-01
  -6.8189538e-01   5.3270758e-01
   1.2639259e-01  -4.3491332e-01
   3.5694913e-01  -3.7226239e-01
   9.8713971e-01  -8.3954966e-01
  -2.1610997e+00   2.4009855e+00
   8.3031518e-01  -7.0565470e-01
  -2.7318281e+00   3.1566756e+00
  -1.7576073e-01   2.4105922e-01
  -1.4314441e-01   3.1486824e-01
   2.7030543e-01  -3.0129505e-01
   1.0336684e+00  -1.0871669e+00
  -1.3307141e+00   1.2863187e+00
   1.0097484e+00  -7.5412933e-01
   3.6685346e-01  -2.9038815e-01
   1.3612466e+00  -9.5677087e-01
  -1.4724299e+00   1.1781298e+00
   8.0938348e-01  -5.8314663e-01
  -9.8818641e-01   9.6027954e-01
   7.4526255e-02  -2.0925940e-01
  -1.2993800e+00   1.2421957e+00
  -6.8735472e-02   4.9879375e-01
  -2.3898224e+00   2.6496807e+00
   1.3593945e-01  -4.1866272e-01
  -6.0686014e-01   4.7459944e-01
   1.6095878e+00  -1.3916443e+00
  -4.0446572e-01   3.3527049e-01
  -1.9361282e+00   1.8371184e+00
   5.1477495e-01  -2.9218255e-01
   1.7491331e-01  -1.4348861e-01
  -3.8158155e-01   7.1411025e-01
   4.5517216e-01  -4.9962421e-01
  -4.7789208e-01   4.5200601e-01
   1.3937233e+00  -1.1496715e+00
  -1.6242423e+00   1.6096192e+00
   3.5053097e-01  -4.7483343e-01
   5.7377303e-01  -5.7741674e-01
   2.1945875e-01  -2.7332236e-01
  -1.0317256e+00   8.5152534e-01
   6.2716654e-01  -8.1157665e-01
  -1.1106005e+00   1.0598242e+00
  -2.0675097e+00   2.4249888e+00
   1.9488548e-01  -1.5205811e-01
   1.3384706e+00  -1.4811051e+00
   5.9184276e-01  -5.8712329e-01
  -2.1829943e-01   2.7795153e-01
  -4.6428536e-01   1.3577702e-01
   4.7898525e-01  -5.0721174e-01
  -8.1877088e-01   9.9449439e-01
   1.6729130e+00  -2.0697905e+00
  -9.4711227e-01   7.9184395e-01
   1.7459223e+00  -1.8736485e+00
  -2.0075528e-02  -2.2974831e-01
   1.2195350e+00  -1.2518647e+00
  -2.7498589e-02  -1.6951641e-01
  -6.3551083e-01   5.8187249e-01
   2.3472923e+00  -2.2326930e+00
   2.5307896e+00  -2.3962706e+00
  -3.2581766e-01   1.4313319e-01
   1.2806747e+00  -1.0503665e+00
   4.1072625e-01  -5.6994305e-01
   9.8237700e-01  -8.6257266e-01
  -1.5823101e-01   2.1470020e-01
   1.1050783e+00  -7.8506871e-01
  -9.8982562e-01   8.0973643e-01
  -1.6279983e-01   1.0823448e-01
  -1.2362311e+00   1.2367458e+00
   1.9480170e-01  -1.6293998e-02
  -5.8320132e-01   3.1257613e-01
  -6.0365776e-01   6.2312576e-01
  -7.0959988e-01   6.8106851e-01
  -8.9236315e-01   7.7205437e-01
  -1.2773037e-01   1.3323030e-01
  -7.1359735e-01   5.9786859e-01
  -2.7431457e-01   2.7041563e-01
   2.3681808e-01  -5.0273893e-01
   2.0123757e+00  -1.6074058e+00
   1.4523696e+00  -1.1257639e+00
   2.8454363e-01  -2.1363231e-01
   1.2129104e+00  -1.0997825e+00
   6.1979112e-02  -2.6009059e-02
   2.6463331e-01  -5.2491205e-01
  -3.9926319e-01   2.8158544e-01
   1.0891264e-01  -1.4660566e-01
  -1.6114769e+00   1.6818326e+00
   1.7311492e+00  -2.2733195e+00
   1.0294489e+00  -4.9596985e-01
   2.3847289e-01  -3.1855585e-02
   4.2056971e-01  -1.8572594e-01
  -9.1326916e-01   7.1362476e-01
  -3.8510674e-01   1.6052802e-01
  -1.0498810e+00   1.0407465e+00
   1.3639258e+00  -9.8392640e-01
  -2.7449482e-01   6.2541722e-01
   1.6376159e+00  -1.2540608e+00
  -1.7317267e+00   1.7275142e+00
   2.4328013e+00  -1.9595149e+00
  -3.7731465e-01   5.4816467e-02
   1.1286378e+00  -9.8324734e-01
   9.4155881e-01  -8.1275549e-01
   8.2204607e-01  -7.1855293e-01
  -6.2526961e-01   5.4611264e-01
  -7.1908379e-01   4.3367680e-01
  -5.1845650e-01   5.4906300e-01
   7.7614080e-01  -5.5172922e-01
   8.8020222e-01  -9.2264096e-01
  -2.5202842e-01   2.6431803e-03
  -9.6552129e-01   9.0767562e-01
  -3.4787951e-01   4.5269822e-01
  -6.2185801e-01   7.3435512e-01
  -9.6193103e-01   8.4816001e-01
   7.5624933e-01  -6.4822226e-01
   5.1292895e-01  -5.1011374e-01
   7.9689885e-01  -8.3884242e-01
  -4.6906651e-01   3.9016217e-01
   1.0979716e+00  -8.3461911e-01
   2.0789640e+00  -1.7137720e+00
   4.9796496e-01  -4.6055230e-01
   9.1277545e-01  -5.7173732e-01
  -1.2521946e+00   1.3997541e+00
  -3.9413480e-01   1.8428746e-01
   3.3385471e-01  -1.6423479e-01
  -7.3708523e-01   6.4206371e-01
   1.9984201e+00  -1.8773184e+00
   1.0590475e+00  -1.2396755e+00
  -1.4524950e+00   1.2672478e+00
   1.3912345e+00  -1.1579796e+00
   1.1703195e+00  -1.1450909e+00
  -1.7867850e+00   1.8080425e+00
  -5.3013626e-01   3.1331611e-01
   3.4440704e-01  -1.8032657e-01
   1.1552366e+00  -7.7611001e-01
  -7.3346009e-01   6.9913622e-01
   9.7390073e-01  -8.6495495e-01
  -8.4118794e-01   9.2624081e-01
   9.3391123e-01  -9.3361852e-01
  -8.6847778e-01   9.9205918e-01
   2.9531975e-01  -4.8737518e-01
  -2.2308480e+00   2.4183480e+00
  -2.1296155e+00   2.2000885e+00
  -1.8568418e-01   2.1569779e-01
   8.4061550e-01  -7.0798764e-01
   4.2359110e-01  -3.6510717e-01
   1.4641884e-01  -3.5413423e-01
  -8.8900342e-01   7.7487998e-01
   1.4338384e+00  -1.1420006e+00
   3.1240796e-01  -3.8701740e-01
  -8.4768843e-01   7.7594321e-01
   5.3521262e-01  -4.5169880e-01
   7.3352406e-01  -6.6745406e-01
  -3.4241660e-01   8.6617602e-02
   3.2954192e-01  -5.4520763e-01
   7.2832715e-01  -1.2215540e+00
  -2.5903914e-01   2.2552352e-01
   1.7297621e-01  -5.9786171e-01
   7.4877889e-01  -6.6477712e-01
  -8.0323455e-01   8.6297999e-01
  -1.2705635e+00   1.1368108e+00
  -2.1761213e-01  -8.2697991e-02
  -2.4336519e-01   2.6672908e-01
  -2.7916195e-01   3.5592069e-01
   4.6069537e-01  -5.5141931e-01
  -2.8279786e-01  -9.5817384e-02
  -9.7364092e-01   1.0158870e+00
   1.4265998e+00  -1.6267288e+00
   1.7061750e-01   6.6297354e-02
  -3.2157910e-01   3.1794239e-01
   9.1312888e-01  -9.4754999e-01
  -9.1767142e-01   8.9011787e-01
  -1.7919856e-01  -6.4882331e-02
   9.6240069e-01  -1.0523942e+00
   1.6934806e+00  -1.5903300e+00
  -1.4045697e+00   1.3409310e+00
   2.5288372e-01  -2.4643943e-01
   2.2343741e-01  -6.1969467e-01
  -1.0482457e+00   9.1272500e-01
   8.1426985e-01  -5.3474369e-01
   1.0790026e-01  -4.2827353e-01
  -1.2633201e+00   1.2336796e+00
   3.0080261e-01  -3.6429935e-01
  -1.2091118e+00   1.0899847e+00
  -9.8294996e-01   8.8533497e-01
  -4.4927929e-01   4.9785995e-01
  -3.0872581e-01   1.7826342e-01
   1.9831435e+00  -1.9692139e+00
  -9.9853620e-01   8.6813384e-01
   8.0911653e-01  -8.4813648e-01
   8.8780654e-01  -8.6205367e-01
   2.5839165e+00  -2.9628187e+00
   5.1715776e-02   2.8843643e-01
  -4.0459140e-01   3.8170426e-01
  -2.6469769e+00   3.6834750e+00
   5.6924519e-02  -1.3622945e-01
  -9.7629718e-01   9.3589215e-01
   5.1807130e-01  -4.1407905e-01
   2.0572102e+00  -2.3940303e+00
  -4.5527759e-01   4.3141257e-01
   6.3710697e-01  -6.9839786e-01
  -1.5945834e-01   3.3233734e-01
  -8.9063521e-02   1.3141068e-01
  -9.8079709e-01   1.0495369e+00
  -1.3417719e-01   4.2665800e-02
  -9.3642085e-01   9.3114542e-01
   1.5027081e+00  -1.6357034e+00
  -4.7642502e-01   4.7718688e-01
  -3.0783427e-01   2.9608720e-01
  -1.0225911e+00   7.8130841e-01
  -4.6938150e-03  -1.0319587e-02
  -2.1927739e+00   2.1110438e+00
   1.5737309e+00  -1.8113862e+00
  -3.4604067e-01   4.2477491e-01
  -1.3495709e-01   5.9350821e-02
   8.4304085e-01  -6.3386513e-01
  -1.8330297e+00   1.8712006e+00
   5.5526890e-01  -4.4710388e-01
   3.2508802e-01  -1.5569135e-01
   7.3454039e-01  -6.4245499e-01
  -1.5587550e+00   1.5253258e+00
   1.2204234e+00  -7.9604574e-01
   4.6662335e-01  -6.1506067e-01
   9.5070817e-01  -9.8867841e-01
  -2.6741454e-01   4.8971724e-01
  -6.6358111e-01   8.0537146e-01
   3.7238310e-01  -5.1040675e-01
  -7.4905565e-01   5.6218639e-01
   8.8866820e-01  -1.0361370e+00
   1.7063603e+00  -1.5992066e+00
   1.0610617e+00  -7.2509739e-01
  -1.4606447e+00   1.3854892e+00
   1.1556243e+00  -1.2814063e+00
  -5.7994430e-01   6.6921010e-01
   3.2236276e-01  -6.6228064e-01
   1.6718516e-02   8.5907031e-02
  -9.2853263e-02  -1.5123605e-01
  -9.3063493e-01   9.6725768e-01
  -7.3165829e-01   7.7325218e-01
  -3.1736931e-01   2.2415992e-01
  -1.0041679e+00   1.0140145e+00
  -2.6290346e-01   7.4669743e-02
   1.5691247e-02  -5.8230801e-02
   4.0524315e-01  -5.2810970e-01
  -4.1256097e-01   5.5799853e-01
  -1.2012737e+00   1.1457230e+00
  -8.6030484e-02  -7.0445230e-02
  -1.2263564e-02   1.8066588e-01
   8.1687171e-01  -9.0286242e-01
   1.4563973e+00  -1.3278543e+00
  -5.8245141e-01   7.0361886e-01
   2.3837216e+00  -2.1414730e+00
  -8.8379908e-01   6.5378103e-01
  -1.4575355e-02  -3.7740845e-02
  -1.4856826e+00   1.4666656e+00
  -1.2565737e+00   1.2254726e+00
   1.5174205e+00  -1.3153367e+00
   1.6174181e-01  -2.6294978e-01
   5.9540045e-01  -8.2193303e-01
   7.9427038e-01  -9.4456735e-01
  -2.8041476e-02  -6.8445840e-02
  -1.8415232e-01   1.4414602e-01
  -6.1344413e-01   3.1197634e-01
   2.0847132e-01  -1.1302828e-01
   1.0618037e+00  -9.5861377e-01
  -1.2308665e+00   1.1493602e+00
   9.2100912e-01  -5.4674767e-01
  -1.9566890e-01   1.8311470e-01
   1.0739179e-01  -1.5310925e-02
   1.0390833e+00  -9.9169881e-01
  -9.1157890e-01   9.4418303e-01
  -1.0448507e+00   1.2172690e+00
  -1.1198653e-01   1.8950447e-01
  -1.4727626e+00   1.4428033e+00
   5.5519786e-01  -5.1414248e-01
   9.7212171e-01  -7.1609964e-01
   1.5841954e+00  -1.5012203e+00
  -8.8755509e-01   7.0195464e-01
   1.2640819e+00  -1.1931006e+00
  -4.0619128e-01   3.2309802e-01
   3.8489264e-01   2.2856952e-03
   1.6433301e-01  -1.1048293e-01
  -2.2675374e+00   2.8347057e+00
  -5.6283482e-01   1.3287865e-01
   1.0214556e+00  -8.9619168e-01
   3.1549739e-01  -6.9960125e-01
   1.9257722e-01  -2.7224006e-01
   1.1598218e+00  -1.1244132e+00
  -5.0964907e-01   3.7327977e-01
   4.3795094e-01  -6.7045736e-01
  -1.1952873e+00   1.0840776e+00
  -9.8120522e-01   1.1415455e+00
   6.6934444e-02  -1.6813047e-01
   9.6576417e-01  -1.0047412e+00
   1.4505263e+00  -1.1307116e+00
   1.0846566e-02  -3.1458944e-01
  -1.7266939e+00   1.7633867e+00
   9.9619460e-01  -1.0732774e+00
  -8.5847535e-01   8.7303493e-01
   6.7126213e-01  -4.2491279e-01
   2.1396580e+00  -2.0602341e+00
   6.7440077e-01  -8.7237632e-01
  -2.0828358e+00   2.4945451e+00
  -7.5297462e-01   5.9549097e-01
  -7.3824216e-01   6.3685527e-01
  -5.7942461e-01   4.3030781e-01
  -4.1957349e-01   2.8033585e-01
   1.7256007e+00  -1.5291350e+00
  -5.9874727e-01   2.6217281e-01
   2.9676294e-01  -2.8512120e-01
  -9.3078935e-02   3.2143336e-01
   2.0523544e-02  -5.2470208e-02
  -6.9583390e-01   8.3875335e-01
  -9.1554242e-01   9.6775499e-01
   2.2410293e-01  -4.2494686e-01
  -2.2346018e-01   2.9875075e-01
  -4.6851281e-01   5.9838931e-01
  -1.3536336e+00   1.2536183e+00
  -7.6874237e-01   6.0012630e-01
   1.8176874e+00  -2.1490597e+00
   4.0130211e-01  -1.6734498e-01
   8.9370367e-01  -1.0988729e+00
   1.9088857e+00  -2.0650531e+00
  -1.6508145e+00   1.5769724e+00
  -5.7853787e-01   3.2067541e-01
   8.6263448e-01  -6.1478012e-01
  -5.4902071e-01   5.7237781e-01
   7.8211450e-01  -1.0592537e+00
  -1.1121537e+00   1.0436935e+00
  -9.3389704e-01   9.4788914e-01
  -1.7381678e+00   1.8002405e+00
  -1.1067323e+00   8.5455332e-01
  -5.8126801e-01   4.8157731e-01
  -2.8338213e-01   3.2324571e-01
  -3.0102879e-01   4.2282149e-01
  -5.9684843e-01   5.8386669e-01
  -1.4909868e+00   1.5773336e+00
  -2.0572125e-03  -4.2732161e-02
  -3.6521301e-02   1.8929305e-01
  -1.1438046e+00   1.1933632e+00
  -7.5398922e-01   6.2746335e-01
   1.8189726e-01  -1.0496865e-01
  -7.0093455e-01   5.4158002e-01
  -3.8410195e-01   4.8918588e-01
  -3.0376434e-01  -6.7602618e-02
   1.8838431e-01  -2.9660235e-01
   3.4371819e-01  -1.5425166e-01
  -3.6393103e-02  -9.4375651e-02
  -4.3420384e-01   3.0360735e-01
  -1.4326738e-02  -2.2946158e-01
   3.4345480e-01  -2.8493405e-01
  -8.6856728e-01   8.4530436e-01
   1.6976802e+00  -1.6135550e+00
   3.9029526e-01  -6.3586283e-01
  -1.8542618e+00   1.9650638e+00
  -8.8161302e-01   8.7608064e-01
  -1.8822920e-01  -1.0664778e-01
   2.3587958e-01  -5.1803333e-01
   8.5590487e-01  -1.0024371e+00
   1.7094042e+00  -1.7546223e+00
   1.1215134e-01   1.7066923e-02
   3.1284294e-01  -4.3877479e-01
   1.1423256e+00  -1.3405392e+00
  -3.7353441e-01   2.3979397e-01
   1.3666544e+00  -1.0894976e+00
   4.7362519e-01   3.6328978e-03
   4.9105002e-01  -7.3194224e-01
   6.6476221e-01  -6.6825839e-01
   2.5601593e+00  -2.0640970e+00
   3.5753227e-01  -2.5424391e-01
  -1.0757347e+00   8.6726859e-01
   3.0034461e-01  -2.7527748e-01
  -1.0526444e+00   1.2452028e+00
  -2.4281938e+00   3.1240523e+00
  -1.3272923e+00   1.0740338e+00
   5.5172714e-01  -7.3568316e-01
   1.4993169e+00  -1.4114804e+00
   2.4543442e-02  -3.8704087e-01
   1.0506337e+00  -1.0971449e+00
   9.2391756e-01  -8.8450829e-01
   6.2589480e-01  -4.9677709e-01
  -9.8815842e-01   7.9896054e-01
   4.3478703e-01  -4.8705244e-01
   6.9392631e-01  -7.9467793e-01
  -6.1584552e-02   7.8341314e-03
  -3.3273943e-01   5.3799693e-01
   8.2916170e-01  -7.9180530e-01
  -1.6771313e-01   4.0170780e-01
  -5.5100187e-01   4.8434410e-01
  -1.4625839e+00   1.3960875e+00
  -1.2178922e+00   1.2542855e+00
  -1.5889911e-01   1.3564587e-01
  -6.0161521e-01   6.8928611e-01
   1.5380959e+00  -1.6950180e+00
   5.7116570e-01  -3.4203321e-01
  -5.0181617e-01   5.6623100e-01
   1.7703660e+00  -1.5990336e+00
  -3.2629568e-01   1.9267231e-01
   8.1163692e-01  -1.0297077e+00
  -1.5961869e+00   1.4445059e+00
  -1.8335786e-01   2.1204121e-01
   1.1941693e+00  -1.2478112e+00
   1.3699516e+00  -1.2492187e+00
  -1.4339171e+00   1.4631973e+00
   4.5764635e-02   3.0172810e-02
   1.3394137e+00  -1.1306139e+00
  -9.4117738e-01   9.6898393e-01
   4.6641481e-01  -2.3564135e-01
   3.6200575e-01  -4.9638287e-01
  -9.8028401e-02   2.5252201e-01
   1.5004999e+00  -1.6545695e+00
  -7.2955790e-01   7.7852651e-01
   1.5529965e-01  -2.4117728e-01
  -4.9378979e-01   6.0898723e-01
  -6.2259532e-01   4.0152343e-01
   1.3656370e+00  -1.2197793e+00
  -1.3756068e+00   1.4002695e+00
   1.3486651e+00  -1.0843790e+00
  -6.1082073e-01   5.9595973e-01
  -1.5735516e+00   1.5355441e+00
   3.0481629e-01  -3.9731504e-01
  -1.8682653e+00   1.7459226e+00
   4.1969470e-01  -3.2379074e-01
  -8.7050408e-02   1.0917869e-01
  -1.8260333e+00   1.9118618e+00
  -1.9284327e-02  -1.6617777e-01
  -1.6685905e+00   1.6288242e+00
  -7.8330432e-01   7.8188953e-01
  -3.1261264e-01   3.7412967e-02
  -3.8638988e-01   3.2846059e-01
  -2.4772214e-01   2.0174240e-01
  -1.8824585e-01   9.7945820e-02
  -1.2808025e+00   1.3424444e+00
  -1.5184589e-01   3.1137470e-01
   1.9518608e-01  -2.1682564e-01
  -1.0951106e+00   8.4650057e-01
   3.0510415e-01  -6.1649724e-01
   1.1497107e+00  -1.2395936e+00
   2.0150707e-01  -3.6362765e-01
  -8.9974042e-01   9.5320473e-01
  -5.7629579e-01   5.4414675e-01
   1.4252319e+00  -1.2667414e+00
   3.7390497e-01  -4.6323765e-01
  -1.5792466e-01   2.0282062e-01
  -1.2549390e+00   1.3118405e+00
  -8.7585397e-02  -1.6535211e-01
   9.3861629e-01  -1.0057303e+00
   9.2894993e-01  -9.3825980e-01
  -1.5152674e+00   1.4946227e+00
  -6.4996324e-01   6.9696355e-01
  -5.8407399e-01   6.1832272e-01
  -7.2413875e-01   6.4067257e-01
   1.3023630e+00  -1.0326819e+00
  -2.9004434e-01   3.9660906e-01
  -5.9334634e-01   6.3668615e-01
  -1.7586260e+00   1.9010249e+00
  -1.9671398e+00   2.0273543e+00
   7.8215016e-01  -9.0602045e-01
  -1.4550643e+00   1.3432020e+00
   5.9115076e-01  -3.4866544e-01
  -1.5417025e+00   1.5646855e+00
  -1.1050698e+00   9.9431991e-01
   4.9562436e-01  -3.6829412e-01
   2.8814025e-01  -2.7837792e-01
  -2.8514285e-01   3.7983526e-02
  -2.3074721e+00   2.7888087e+00
  -4.9973904e-01   2.8475917e-01
  -5.0572838e-01   4.1749886e-01
   4.7338172e-01  -5.2818180e-01
   1.0196707e+00  -1.2154548e+00
  -9.8692857e-01   7.7897922e-01
  -1.0425474e+00   9.0277692e-01
   7.6039670e-01  -9.2228722e-01
  -1.0725137e+00   1.0788795e+00
   2.0304651e-01  -4.7314696e-02
  -7.9536790e-03  -1.7150955e-01
  -2.8054774e-01   3.9299939e-01
   7.3185705e-01  -5.9903136e-01
  -8.0476237e-01   9.1176546e-01
  -6.0817878e-01   4.0724493e-01
   3.6332123e-01  -1.8417444e-01
   2.2830866e+00  -2.1686428e+00
  -1.1269277e+00   1.0530798e+00
  -1.7974683e+00   1.6739704e+00
   1.4495981e+00  -1.1829222e+00
  -1.1389155e+00   1.0834692e+00
  -1.3488953e+00   1.4305754e+00
   8.7725415e-01  -6.5849875e-01
  -2.1344413e-01   2.2355309e-01
   5.5395013e-01  -4.3480405e-01
  -5.7334892e-01   2.9246874e-01
  -1.1615182e-01   3.1356825e-02
  -2.6484113e-01   3.2620823e-01
   1.4652129e-01  -3.7676744e-01
   3.0840871e-01  -4.8056539e-01
  -1.1205518e+00   1.0122583e+00
  -2.1303887e-01   7.8490413e-03
  -7.3945289e-01   5.9591783e-01
  -8.2553562e-01   1.0215084e+00
   1.5315817e+00  -1.4339692e+00
  -8.7218229e-01   9.0772950e-01
   1.3972257e+00  -1.2401002e+00
  -3.8480971e-01   4.7332650e-01
   1.6284703e+00  -1.2344068e+00
  -3.4493219e-01   4.4101652e-01
   1.0999454e+00  -1.2511728e+00
   2.1425714e-01  -3.8857871e-01
  -5.1725226e-01   5.6835619e-01
  -2.0799826e+00   2.4103480e+00
  -7.6168960e-01   6.9719613e-01
   1.4800898e+00  -1.7545419e+00
  -3.3731013e-01   8.9475571e-02
  -5.3723388e-01   4.2356571e-01
   1.4044136e+00  -1.1167244e+00
  -3.4609590e-01   3.1347284e-01
  -1.3701991e+00   1.2777090e+00
  -5.7298344e-01   4.9365269e-01
  -1.1229344e-02  -7.0003266e-02
   3.8111429e-01  -4.5876416e-01
  -1.4681606e+00   1.1952991e+00
   7.4761190e-02   3.2227185e-02
  -5.8286791e-01   6.2488707e-01
   2.0402303e+00  -1.9521430e+00
   1.0144026e+00  -1.2944380e+00
   1.6878469e-01  -1.1135835e-01
   1.5361736e+00  -1.4661542e+00
   7.7938552e-01  -7.9125705e-01
   2.3132067e-01  -3.6626770e-01
   1.8088060e+00  -1.8916842e+00
   1.8407344e+00  -1.8378438e+00
  -3.5174726e-01   1.5802363e-01
   1.5184230e+00  -1.1593354e+00
  -1.5004510e+00   1.5095672e+00
   2.1291548e+00  -1.8370501e+00
  -2.8815654e+00   3.4340142e+00
  -1.4073130e+00   1.5783818e+00
   7.9937599e-01  -6.4788575e-01
  -5.9019201e-01   7.0019279e-01
  -8.8845409e-01   9.8565701e-01
   1.4959780e-01  -1.9679571e-01
  -1.0914948e+00   1.2538660e+00
  -1.2419447e+00   1.1717626e+00
  -1.4909092e-01   2.4463691e-01
  -4.5099234e-01   4.5269165e-01
  -1.9616303e+00   1.8870522e+00
  -8.1685591e-01   8.7775401e-01
   1.1327244e+00  -1.0361339e+00
  -7.0304658e-01   6.0041697e-01
   1.6088501e+00  -1.5473445e+00
  -1.3322535e+00   1.5524297e+00
   6.4031103e-01  -7.1928524e-01
   1.7874184e-02  -3.1683721e-01
  -5.9525131e-02   5.2897503e-02
   7.9789131e-01  -7.4970567e-01
  -1.8965180e+00   1.7773503e+00
   2.3560980e+00  -2.0011184e+00
  -1.1932790e+00   1.2326889e+00
   1.9504690e+00  -1.7984534e+00
   3.8613731e-01  -1.7207757e-01
   4.4590709e-01  -8.3225710e-01
  -5.9853421e-01   5.3884809e-01
  -2.8081327e-01   4.0523210e-01
   1.0098197e+00  -1.1954897e+00
   1.4025448e+00  -1.2428005e+00
   1.3414734e+00  -1.4682193e+00
   6.2795562e-01  -5.4576785e-01
  -1.0024489e+00   9.2777259e-01
   3.7927570e-01  -3.7649509e-01
  -5.9822780e-01   5.8373940e-01
   9.4578736e-01  -9.4153551e-01
   8.3096446e-01  -1.0121763e+00
  -1.6149600e-01   5.0014406e-02
  -4.9384997e-01   6.2165929e-01
   3.1638564e+00  -3.2675738e+00
  -4.6270892e-01   2.5509782e-01
  -1.2950307e-01  -1.5840751e-01
  -1.5965659e+00   1.6129560e+00
   6.3104161e-01  -3.3311360e-01
   2.8242154e-01  -2.7962163e-01
   1.1248646e+00  -9.9341750e-01
  -4.2716773e-01   4.7788352e-01
   5.9447620e-01  -7.3455844e-01
  -1.0931196e+00   9.7890848e-01
  -1.8338594e-01   2.5658582e-01
  -1.0126209e+00   9.4656075e-01
   5.2084100e-01  -4.8763875e-01
  -4.1246721e-01   1.7120446e-01
  -5.7970020e-01   3.0580204e-01
   9.7419538e-01  -5.7552866e-01
