  -1.1110343e+00  -6.0798714e-01
  -7.3917894e-01   1.1456654e+00
  -1.4003986e+00   1.0674195e+00
   7.8381060e-01   6.8775985e-01
   1.6576433e+00  -1.1779707e-01
   2.5851315e-01   5.3879542e-01
   5.5061205e-02   8.5233726e-01
  -7.2285948e-01  -1.2722103e+00
   6.9265609e-01   6.9282668e-01
  -9.0442369e-01  -2.2442884e-01
  -8.7436647e-01   1.4357266e+00
   1.6433463e+00   8.2403435e-01
  -1.6188968e+00  -9.3698665e-01
   2.7892702e-01   3.5093057e-01
  -3.7951990e-01  -7.6698569e-01
  -1.7506786e+00   2.4603602e-01
  -7.8206504e-01  -7.1473381e-01
   2.2691641e+00   3.5348355e-01
   8.5806722e-01   1.3945091e-01
   4.4426183e-01   6.8947775e-01
   7.5973745e-02   4.1352998e-01
  -1.1309389e+00  -4.9179866e-01
   7.8443914e-01   2.0747510e-01
  -1.1848735e+00  -6.2470562e-01
   1.5516675e+00  -6.1400614e-01
   5.9980696e-01   6.8428923e-01
  -4.1244887e-01  -2.0116566e-01
   1.4515962e-01   5.9956447e-01
  -4.9073849e-02  -2.2947932e-01
   1.0607902e+00   6.2467063e-01
   2.6635711e-01   2.9947722e-01
  -6.3281220e-01   8.3130896e-01
   1.8403120e-01   8.3042608e-01
   7.5991990e-01   1.8125569e-01
   4.0278122e-01  -5.7098448e-01
  -2.1334670e-01  -3.5482160e-01
   1.1009552e+00  -5.8601356e-01
   6.1350112e-01  -9.4368212e-02
   3.3221638e-02  -7.7618896e-01
  -9.5105764e-01  -1.3876529e+00
   3.2463883e+00  -1.0277864e-01
  -2.5990402e-02  -3.5523900e-01
  -1.6327358e+00  -1.6670227e+00
  -8.2247123e-01  -1.3240316e-01
  -8.1166712e-01  -7.3589219e-01
   3.8951015e-01   1.9301753e-01
  -8.2199779e-01  -1.0042830e+00
   5.2410796e-02   3.5749011e-02
   4.1963802e-01   5.6959094e-01
   1.5612424e+00   1.0789274e+00
  -5.8877064e-01  -3.1532415e-01
   1.2494955e+00   2.8325860e-01
  -5.3998542e-01  -1.7341781e-01
   5.4411030e-01   1.0489871e+00
  -5.5856224e-01  -1.7736593e+00
  -7.1778847e-01  -2.1112074e+00
  -1.2392875e+00  -1.0651020e+00
   6.3845193e-01   2.1964423e+00
   1.2466733e+00   1.4577397e+00
   1.6181295e+00   7.4565169e-01
   1.8732447e-01  -6.2846414e-01
   8.1295259e-01   4.1132822e-01
  -2.4833532e-01  -3.3749358e-01
  -1.1479264e+00  -9.0092047e-01
   1.2240017e+00   6.2662115e-01
   2.6731042e-01   3.3817813e-01
   8.3534744e-02  -3.8948195e-01
  -4.8396706e-01   3.7260084e-02
   1.1404958e+00   5.8467166e-01
  -1.6648540e+00  -1.8211947e+00
  -1.9735197e+00  -1.7289008e+00
   3.1418355e-01   7.7283807e-01
  -6.7264151e-01  -1.9445164e+00
   5.5217681e-01   2.5845760e-01
   1.7670518e+00   8.3081742e-01
   1.1424005e+00   8.8092502e-02
   4.4946070e-01   5.7304827e-01
   1.7982922e-01   2.3434714e+00
   7.0819169e-01   5.3366600e-01
   2.7976626e+00  -5.7398848e-01
  -8.6935581e-01  -8.3560773e-01
  -5.2911085e-01  -6.9696979e-02
   1.7706092e+00   1.3338610e+00
   8.7343748e-01   4.2838005e-01
   7.5810781e-01   3.6671949e-01
   1.5786924e+00   3.8387395e-01
   4.3766754e-01   7.3414393e-01
   5.2107502e-01   8.1560112e-01
  -1.6359675e-01  -1.2443379e-01
   7.8536938e-01   2.1124661e+00
  -2.0068030e-01  -3.5250275e-01
   6.0861218e-01   8.6334665e-01
   5.5285107e-01   2.2052227e+00
   1.1626861e+00  -5.1080940e-01
   8.6260376e-01   1.1079576e-02
   2.8109629e-01   3.2774282e-01
  -4.4363521e-01  -1.1021042e+00
   1.2238730e+00   8.5985742e-01
   1.2263610e+00   4.2763721e-01
  -4.4310454e-01   8.5031580e-02
  -9.8369646e-01  -7.5886981e-01
   7.0857126e-01   5.2969139e-01
   1.0327294e-01  -2.2503706e-01
   1.6625883e-01   1.0629434e-01
  -2.1922405e-01  -1.8730333e-01
   3.5844574e-03  -7.7796228e-02
   4.6098243e-02  -5.5650809e-02
  -1.2616442e+00  -8.9285866e-01
  -3.4668481e-01   3.6317199e-01
  -2.6575578e-02   4.4836930e-01
  -3.1429003e-01   9.2259738e-01
  -9.4963200e-01  -1.1174719e+00
   4.8553243e-01   9.1746200e-01
  -3.7784301e-01   1.6444559e-01
  -4.5540620e-01   7.4494440e-01
  -3.1240569e-01   4.2294200e-01
   8.9828777e-01  -2.6893142e-01
  -9.2663480e-01  -1.4116991e+00
   1.3967108e+00   4.1343053e-01
   1.2453313e+00  -3.0443649e-01
  -8.8031116e-01  -1.6071702e+00
  -3.3078955e-01  -6.3011942e-01
  -6.2995224e-02   5.9564963e-01
   1.4100754e+00   1.9182098e+00
  -3.8856921e-01  -3.2355911e-01
   2.9421206e-01   9.4740335e-01
   4.4466801e-01   2.6462483e+00
   8.3627894e-01   7.9482047e-01
  -1.5792786e+00  -1.5250669e+00
  -6.1458117e-01  -8.1536080e-01
   7.8412347e-01   1.5960164e+00
  -7.6274205e-01  -4.9677784e-01
   4.3670336e-01   5.4252461e-01
   1.8415550e+00   6.6917892e-01
  -1.3089188e-01  -2.7963933e-01
  -2.3447939e+00  -1.5466608e+00
  -1.2333978e+00  -1.3740015e+00
  -1.1598502e+00  -3.3202474e-01
  -3.5431132e-01  -1.1635768e-01
  -7.5430940e-01  -9.0117868e-01
  -1.9339330e-01  -5.8155557e-02
   1.6511869e+00  -4.1217489e-01
  -1.0040330e-01   3.7814758e-01
   1.2395195e+00   6.8675464e-01
   2.9170845e-01  -3.8970060e-02
  -1.8823609e-01  -2.9005941e-01
  -5.1808541e-01  -2.7237046e-01
   5.7562821e-01   1.6752787e+00
  -9.4059221e-01  -2.9405586e-01
  -6.6424464e-01  -7.2464800e-01
   1.5303730e+00   1.1578450e+00
   7.5296101e-02   3.6768825e-01
  -9.8193273e-01  -2.0162823e-01
  -5.7546179e-01  -1.4551817e-01
   2.4922913e-01   5.4331304e-01
   8.5316113e-01  -1.0526254e+00
  -1.6124999e+00  -1.0511998e+00
  -8.9744238e-01  -2.6872149e-01
   1.6608875e-01   4.2171724e-02
   4.2963032e-01   1.0062851e+00
  -1.2580773e+00  -1.9730338e-01
  -7.9628950e-01  -7.3001087e-01
  -1.2093119e+00  -4.1229991e-01
   2.1721403e-01   9.7344318e-01
   6.4174321e-01   1.5953621e+00
   1.2744219e+00   1.0827630e+00
   5.0724558e-01   8.0015942e-01
  -9.3321546e-02   3.6075862e-01
   3.2843123e-01  -1.4373977e-01
   8.3229283e-01   6.8881795e-01
   2.5219499e+00   4.1095465e-01
  -1.2688313e-01  -1.8930696e-01
   9.1126736e-01   2.0550452e+00
   4.1770443e-01  -9.6202075e-01
  -9.3689369e-01   1.4752777e+00
  -8.8690205e-01   6.2774917e-01
   3.4246804e-01  -7.1592436e-01
   7.5461037e-01   2.7636580e+00
   8.3715909e-01   6.9554407e-01
  -8.6298494e-02  -4.5801771e-02
  -4.1243343e-01  -1.0039533e-01
   1.0125962e+00   9.7602965e-01
   2.7027819e-01  -9.8375975e-01
  -4.0866870e-01   1.8369920e-01
  -2.6121374e-01  -2.7820907e-01
   1.5397213e+00   1.1849928e+00
   1.7718109e+00   1.8809944e+00
   5.5296255e-01   9.9507191e-01
  -1.6353627e+00  -1.1788602e+00
   7.2567374e-01  -5.5949279e-01
   9.9049455e-01   1.8433184e+00
  -1.5830888e+00  -1.2559019e+00
  -1.2137066e+00  -9.1983531e-01
  -1.4031489e+00  -6.6372007e-02
   8.5677113e-01   2.9858445e-01
  -1.8800404e+00  -1.6236510e+00
  -2.2063367e-01  -1.9212083e-01
  -3.9222011e-01  -1.5390875e-01
  -1.8955718e+00  -1.7025995e+00
   1.8620660e+00   5.4148491e-01
   1.0848234e+00  -4.1329555e-01
   8.5575308e-01   6.1091194e-01
  -1.2543149e-01   2.6120873e-01
   4.5971852e-01   4.2569922e-01
  -1.8881386e+00  -1.4333770e+00
   4.4572795e-01  -1.0738051e+00
  -5.5553321e-01   8.4644882e-02
  -8.1653643e-01  -6.8365208e-01
   6.7832642e-03   5.5729967e-01
  -4.5802635e-01   1.0186728e+00
  -1.6638382e+00  -2.2360549e+00
  -1.0688672e+00  -6.3270550e-01
  -8.5181422e-01  -6.5859239e-01
  -5.1043382e-01   5.7546734e-01
  -8.0131709e-02   4.4863528e-01
  -1.0900248e+00  -6.1744419e-01
   6.3676690e-02   1.7673848e+00
  -1.0506636e+00  -1.3142111e+00
  -3.8041545e-01  -4.9452035e-01
   1.0630515e+00  -5.0463372e-01
  -4.8672758e-01   6.5144571e-01
   7.6805344e-01   5.3211952e-01
  -7.7389394e-01  -5.6614569e-01
   1.1864918e+00   1.3782963e+00
  -4.4909103e-01  -7.8823236e-01
   1.5747935e+00  -9.2726506e-01
  -8.1396495e-01  -1.0089403e+00
   2.5829501e-01  -1.0323936e-01
   8.1655954e-01   1.4822478e+00
  -1.1591666e+00  -5.0165480e-01
   2.1483463e-01   6.0877283e-01
  -2.4455301e-01   4.2918495e-01
  -3.8033771e-01   7.7308491e-01
   1.6424706e+00   9.2449059e-01
   1.2383541e+00   7.4569490e-01
  -1.9638211e+00  -1.3454189e+00
   3.4928856e-02  -1.2299203e+00
   1.6988996e+00  -5.9351061e-01
  -1.0337666e+00   6.9077617e-02
  -8.9144044e-01  -1.9989350e+00
  -5.9545336e-01  -2.4022411e-01
  -6.1599672e-01   6.3745703e-01
   3.6262746e-02   2.8366333e-01
   1.0535446e+00   6.4460897e-01
  -1.1442447e-01   5.7267945e-01
   2.5401396e-01   1.9398643e+00
   1.5031925e+00   1.4833365e+00
   1.4844295e-01   1.9223752e-02
  -1.0822137e+00  -1.8008476e+00
  -9.5073085e-01  -1.5574175e+00
  -1.8989961e+00  -1.9917083e+00
   2.1765947e+00   1.8093595e+00
   2.1016081e+00   1.8733579e+00
   2.0290462e+00   1.0342964e+00
   2.1489715e+00   7.7674416e-01
  -1.2544276e+00  -9.7387006e-01
  -2.4531025e+00  -2.3127416e+00
  -2.0746992e-01  -3.5175765e-01
  -9.1786348e-01  -8.3607389e-02
   1.0093059e+00   6.8457537e-01
   5.5686294e-01   1.4312946e+00
  -1.7310139e+00   3.4682348e-01
   1.3173678e-02  -7.5188683e-02
  -1.1952135e+00  -1.1784009e+00
   5.6649762e-01   6.4715569e-01
   9.3406676e-01   5.1847315e-01
  -7.6045167e-01  -3.7217007e-01
  -3.7919123e-01  -5.6815779e-01
   6.3526812e-01  -5.0181112e-02
  -3.4969711e-01  -2.6486410e-01
  -1.8720670e+00  -1.7078670e+00
  -7.5087228e-02   7.1880540e-01
   1.1740073e+00  -7.8183639e-01
  -7.2418294e-01  -1.8673701e+00
  -1.0764907e+00  -1.2486165e+00
  -8.2509471e-01  -4.5974955e-01
   2.0861247e+00   8.0231454e-01
   2.6868572e-01   8.1818782e-01
   7.9406243e-01  -1.1425083e+00
  -9.7176441e-01   6.3811390e-01
   9.1751209e-01   8.7721009e-01
   1.7463255e-01   2.9675429e-01
   2.9487541e-02  -7.4058548e-01
  -7.1438050e-01  -1.8396698e-01
  -6.4671407e-01  -2.3102211e+00
   1.0729876e+00   6.5453394e-01
   1.7476663e+00  -6.7557281e-01
  -2.3477303e-02   1.2764254e+00
   6.5561647e-01  -2.6362106e-01
  -4.3507101e-01  -2.3289610e-01
   1.6792720e-01  -1.2609733e+00
  -6.6540382e-01   1.4241157e+00
  -1.4118589e+00  -1.0078604e+00
   4.6839765e-01  -7.5746518e-01
   2.7276345e-01   2.1840266e-01
   7.2583117e-01   3.9859168e-02
   1.0774194e+00   1.0500630e+00
  -1.2707961e+00  -1.5012583e+00
  -7.7992465e-01   2.9492446e-01
  -2.0215137e+00  -1.6475216e+00
  -1.2128149e+00  -1.1639217e+00
  -7.6721644e-01   8.9199798e-01
  -6.4166855e-01  -5.8059388e-01
   1.2436469e+00   1.6508332e+00
   1.4263357e+00   2.1715504e-01
  -1.1027860e+00  -1.5428900e+00
   6.6239240e-01   9.8845103e-01
  -7.7945688e-01   7.7943154e-01
   8.1836230e-01   1.3458022e+00
   6.5919344e-01   3.8371355e-01
  -6.6946313e-01   1.3919655e-01
  -9.7620351e-01  -9.3636112e-01
   7.1575837e-01   2.2763302e+00
   1.0464259e+00   6.4414815e-01
  -1.3902821e+00  -6.4757254e-01
  -8.6108214e-01   1.7717794e-01
  -1.4700384e+00  -1.4547377e+00
   1.4812929e+00   4.7679466e-01
   4.5648776e-01   1.4058101e+00
   1.0521593e-01   1.3123420e+00
   5.6664642e-01   5.5710179e-01
   1.5667436e+00   1.1725662e+00
  -9.2405393e-01  -6.5393266e-01
  -1.4654317e-01  -8.2021141e-02
  -5.4561189e-01  -4.8442512e-01
  -1.0824407e+00  -1.0541177e+00
   6.9387678e-01  -8.5677109e-01
   5.1933615e-01   2.8618501e-01
   4.9450879e-01   1.0178053e+00
  -1.6824844e+00  -1.2955077e+00
   3.0069975e-01   6.2790914e-01
  -1.3322477e-01  -2.0834675e+00
  -1.2565337e+00  -1.0976052e+00
   4.9520078e-01   1.5496949e+00
   4.1165360e-01  -8.5220996e-01
   7.5549702e-01   3.9842061e-01
   8.5331511e-01   5.4009111e-01
   1.0295139e+00   8.6445849e-01
  -7.4622188e-01  -1.3509445e+00
   1.0953146e+00   6.6759594e-01
  -1.0934571e+00  -6.2054648e-01
   7.9707347e-01   7.0404886e-01
  -1.0121394e-01   2.2838780e-01
   9.6448300e-01   6.2932917e-01
  -2.7873775e-01  -2.7920145e-01
   9.5771433e-01   1.4489840e+00
   1.3748517e+00   8.5487871e-01
  -2.2104629e-01  -9.2861475e-01
  -6.8544749e-01  -3.8511864e-01
  -4.5147434e-01   6.6726183e-03
  -1.1986842e-01  -1.4101650e-01
   3.0033897e-01  -1.9513049e-01
   5.9589591e-01   1.2606858e+00
  -8.1982976e-01  -1.2044376e+00
   3.1317218e-01   1.5368772e+00
   1.0253388e+00   2.1739857e+00
   1.1429450e+00  -9.9769873e-01
  -6.4503862e-01  -1.3193890e+00
  -1.1872834e-01  -1.3483916e+00
  -8.3523125e-02   6.9349084e-02
  -4.6552047e-01   1.7702905e-01
   1.0939842e+00   6.2967253e-01
  -5.0977987e-01  -1.0942747e+00
   1.6376410e-01   6.2658321e-01
  -1.4175592e+00  -1.8198027e+00
   2.6142928e-01   1.5344635e-01
   5.8071881e-01   7.3270642e-01
  -1.5897690e+00  -1.5489647e+00
   6.9718734e-01   1.3270025e+00
  -2.5404522e+00  -3.2389731e+00
  -1.4032246e+00  -6.9134565e-01
  -1.3557799e-01   3.1820784e-01
  -1.9391463e-01  -6.6229055e-02
   2.3992476e-01   3.6601276e-02
  -5.7798017e-01   1.4802552e+00
   1.0409432e+00   6.9217835e-01
   1.2073595e-01   8.7285949e-01
  -5.2979650e-01  -6.8560910e-01
  -8.9236211e-01  -7.8765166e-01
  -1.3782194e+00  -1.0980129e+00
   4.2820768e-01   6.1484268e-01
   1.1000823e-01   2.5756476e-02
   1.1539809e+00  -1.4753741e-01
   2.0133971e+00   5.7028361e-01
   1.9932240e-01   3.3341483e-01
  -6.9805763e-01  -9.6917368e-02
   7.6466124e-01   6.5718812e-01
  -2.8053117e-01  -3.7066600e-01
  -8.7705285e-01   9.2365816e-01
  -1.3133741e+00  -2.8831826e+00
  -1.0272495e+00  -2.9094939e-01
  -1.2326730e+00  -1.9778806e+00
   9.9550741e-01   2.1234359e-01
  -1.5762202e+00  -2.8494878e+00
   5.2063867e-01   3.9137298e-01
  -2.9861505e-01   4.2840616e-02
  -9.0501271e-01  -1.1633236e+00
   8.1025836e-01   5.7765702e-01
  -8.7816092e-01  -1.8211910e+00
   3.0241742e+00   5.0081036e-01
  -2.0573761e-01   9.5774066e-01
  -7.5695646e-01  -4.1116814e-01
  -2.5846996e-01  -1.0851205e+00
   4.5219909e-01  -2.2542387e-01
  -1.7345894e+00  -2.7242370e+00
   1.9839429e-01   1.2135540e+00
  -7.7534046e-01  -4.4061741e-01
  -5.8457133e-01   1.3255833e-01
   1.3621240e+00   3.5649585e-01
  -3.0886392e-01  -1.5028825e+00
  -4.5382455e-01  -6.6898218e-02
  -1.0323487e+00  -2.2167463e-01
   5.8671891e-01   8.0362501e-01
   3.2988854e-01   4.8824092e-01
   2.7326983e-01  -7.4686994e-01
   5.9430978e-01   4.1257190e-01
  -1.6771838e+00  -9.0003014e-01
  -1.3616659e-01   2.2822840e-01
   1.1451748e+00  -4.4561513e-01
  -9.1940680e-01  -8.0601888e-01
  -8.7014599e-01  -4.2936454e-01
   2.1545662e+00   8.5989461e-01
   9.3728275e-01   1.8439084e+00
   2.5567101e-01   6.8471108e-01
   8.1151204e-01   5.3991302e-01
   6.1661267e-02   9.3151674e-01
   1.3473783e+00   1.1293375e+00
  -1.3101430e+00  -1.0841144e+00
   1.5714505e+00   1.0470138e+00
  -3.4271386e-01  -1.0475429e+00
  -2.8414900e+00  -2.1233320e+00
  -4.2317592e-01  -1.6516929e+00
   7.1000092e-01  -2.9374062e-01
   1.3809373e+00   1.3275841e+00
  -1.4033015e-01  -2.2302863e-01
   8.1035461e-02  -4.9508657e-02
  -1.1204236e+00   5.4366381e-02
  -4.6880926e-01  -2.7454186e-01
  -2.5187130e-01  -7.4511339e-03
  -1.4384165e+00  -9.9819577e-01
  -1.4701895e+00  -1.2327072e+00
   2.0442385e+00   3.5980016e-01
   5.1033870e-01   1.1912785e+00
   1.1686727e+00   4.0501408e-01
   1.7706229e+00   1.6965687e+00
  -9.1732259e-01  -4.8570172e-02
  -1.7944134e-01   3.4854167e-01
   1.2292041e+00   6.9346863e-01
   1.2712373e+00   8.1341836e-01
  -4.0360700e-01  -1.1848776e+00
   8.4739867e-01   1.0034350e+00
   8.9467360e-01   4.1041842e-01
   9.2638432e-01   9.3759330e-01
  -8.8797876e-01  -5.4419013e-01
   7.3597197e-02   5.6778437e-01
  -1.1273446e+00  -1.5992483e+00
   1.5195971e+00   6.5631267e-01
  -5.2398376e-01  -4.0541268e-01
  -2.9766915e-01  -1.4809720e+00
   4.9575640e-01   1.2226369e-01
  -4.9705956e-02   1.1237944e+00
   1.8549640e+00   2.1401635e+00
   8.1134169e-01   6.4124654e-01
  -1.2880413e+00  -8.5806265e-01
  -1.3311843e-01   3.2095822e-01
   7.5701164e-01  -1.1944837e-01
   1.4046502e+00   1.4675128e+00
  -7.7149054e-01   3.9461194e-01
   1.0361747e-01   2.0459806e-01
   1.3449116e-01   1.6744708e+00
  -2.7712345e-01  -1.7170179e+00
  -2.4904485e+00  -1.9922059e+00
  -3.2144842e-01  -3.6490462e-01
  -6.2773162e-01  -1.5612667e-01
  -1.0302473e+00  -7.5255025e-01
   1.3433272e+00  -8.4212722e-01
  -8.4026254e-01  -8.7281193e-01
  -1.8343356e-01  -7.2655677e-01
   2.3537863e-01   5.4616439e-01
   1.6904352e-01  -7.8086023e-01
  -5.3981686e-01  -5.5354854e-02
  -7.8718874e-01   1.8206610e-01
  -1.0854255e-01   6.6389796e-02
  -1.0567989e+00  -8.8887901e-01
   1.2097096e+00   8.8378780e-01
   4.6243015e-01  -1.0497167e+00
   3.7359758e-02  -2.7964980e-01
  -7.6124742e-01  -4.8376443e-02
  -9.4584156e-02   3.4792928e-01
   4.8167849e-01  -2.2072199e-01
   4.3588249e-01   5.0333249e-01
   1.3135050e+00   6.4955306e-01
   1.0582432e+00   9.0995685e-01
  -7.4779384e-01  -4.9672358e-01
  -1.3552637e+00   4.0483862e-01
   7.8185941e-01   7.5926590e-01
   6.5760111e-01   2.7877882e-01
   2.0737509e-01   2.4383462e-01
   6.5076896e-01   4.7659319e-01
   6.2679450e-01   2.0152037e-01
  -1.0708050e+00  -4.0593121e-01
   8.6163594e-01  -3.6134167e-01
   6.4184100e-01   8.2434228e-01
   1.9590621e-01   2.5984397e-02
  -3.6328419e-01  -2.5531329e-01
   5.0907264e-01   7.4056423e-02
  -3.0287114e-01   1.1684865e-01
  -5.5073247e-01  -1.8503990e+00
  -8.1783866e-01  -3.5548465e-01
  -2.8485224e-01  -9.6011090e-02
  -3.4457802e-01  -1.2097076e+00
  -1.9463002e+00  -5.6120099e-01
   8.8044243e-01   1.0448531e-01
   5.5559047e-01   8.6879572e-01
   2.2459211e+00   5.6515804e-01
  -1.7755517e+00  -2.8044737e+00
  -2.3467740e-01   1.1754572e+00
  -2.4607967e+00  -1.7079225e+00
   4.3190966e-02   8.8584607e-01
   7.6860519e-01  -4.7618756e-01
   2.0186335e+00  -6.2212200e-01
  -8.1649363e-01  -1.0383748e+00
   2.6641834e-01   5.6273815e-02
  -1.0480742e-01  -1.2638859e+00
  -1.4727109e+00  -8.4679279e-01
  -2.3277050e-01   2.1107065e-01
   8.5334693e-01   4.1107270e-01
   5.8105137e-01   3.4347868e-01
  -1.3402039e-01  -1.5124796e+00
  -1.8899797e+00  -1.9506008e+00
   2.4582429e+00   3.3513153e-01
   1.4253482e+00   4.7633198e-02
   8.7649887e-02   7.9470631e-01
  -6.0305812e-01  -4.3027410e-01
   3.2868300e-01   1.3959039e+00
  -5.7134660e-01   8.5800511e-01
  -7.0833885e-01   7.1276779e-01
  -3.1212842e-01  -2.1170456e-01
   2.9606399e-01   6.8632837e-01
  -8.7869751e-01   5.6736089e-02
   4.2570717e-02   1.9075639e-01
   1.5666609e+00  -3.9134622e-01
   9.0048742e-01   6.3836498e-01
   2.4612910e+00   4.7169951e-01
  -7.4093150e-01   7.5184535e-01
  -4.9714085e-01   9.6348607e-02
  -1.3419115e+00  -1.1258735e+00
   1.5598313e+00   7.6460715e-01
   1.1991980e+00   1.2331674e+00
  -1.7841463e+00  -1.4161119e+00
   1.8492217e-01   1.8475109e-01
   1.2259140e+00   1.4254622e+00
  -1.0620574e+00  -2.0466025e+00
   3.6848855e-01  -9.1257768e-02
   6.2674497e-01   3.7816257e-01
   1.1135197e+00   6.9870570e-01
   7.0352651e-01   4.0912737e-01
  -5.1176923e-02   3.4269991e-01
  -3.4544070e-01   9.5390600e-02
  -1.1546047e+00  -5.7830703e-01
  -2.9987209e-01   1.0725890e-01
  -7.5076198e-01  -6.4561298e-01
  -1.0522587e+00  -2.1543484e+00
   3.6145204e-01   3.3898712e-02
  -1.0550871e-01  -3.8708245e-01
   1.1288229e+00   1.0255740e+00
   2.4376949e+00   6.7599348e-01
   2.5032080e+00   3.5597062e-01
   1.4417278e+00  -3.0298657e-01
   1.5441605e+00   7.1454363e-01
   8.2252126e-01   6.0958082e-01
  -1.0961354e+00  -7.5870371e-01
   1.0989812e+00   5.5450403e-01
  -2.2111209e+00  -1.7731826e+00
  -1.2385394e+00  -1.4260808e+00
  -7.1936574e-01  -2.0440187e+00
   6.9867068e-01   7.2965538e-01
  -5.7435651e-02   1.1888971e-02
  -1.8704365e+00  -3.6219765e-01
  -1.9711435e+00  -8.9234191e-01
   1.8992310e+00   7.4989640e-01
   9.5927040e-01   5.6121049e-01
  -3.9700204e-01  -1.4638448e+00
   1.7788525e+00   1.7204626e+00
  -7.1786066e-01   1.2502089e-01
  -3.5966204e-01  -1.2109287e+00
   1.0373000e+00   8.1885729e-01
  -9.5072975e-02   6.5877687e-02
   9.1776487e-01   6.2162669e-01
   9.4927002e-01   1.1645118e+00
  -1.5413275e+00  -1.2606691e+00
   6.9823806e-01   1.2977880e+00
  -8.6988104e-01  -2.3572262e+00
  -2.3397814e+00  -1.7414310e+00
   8.4133457e-01   2.4149550e+00
  -3.2655486e-01   8.7251414e-01
   1.4772168e+00   8.8011202e-01
  -1.2338792e+00   8.4532445e-01
  -3.6888506e-01   1.3351604e-01
   3.8035486e-02   7.3054366e-02
   1.1993494e+00   7.4637127e-01
   1.9567265e+00   9.4699141e-01
   1.2872911e+00   3.7494198e-01
   1.3729453e-01   1.9020839e-01
   1.1389830e+00   1.3747346e+00
  -8.7593502e-01  -2.8847498e-01
  -1.4610109e-01   2.2050206e-01
  -5.0692781e-02   2.1586518e-01
  -6.4645519e-01   1.7359233e+00
  -1.2710443e-01   4.9563429e-01
   8.2485808e-03   1.6796485e-01
   1.5317759e+00   1.1160213e-01
  -5.1262891e-01  -2.9628475e-01
  -2.5599365e-01   5.5953602e-01
   4.2779226e-01   1.9525385e+00
  -3.3515313e+00  -3.6957788e+00
   4.6773090e-01  -1.6687300e-01
  -1.2260829e+00  -1.6264260e+00
   1.3791874e-01  -5.2031737e-01
   1.4177735e+00   5.5901299e-01
   6.0206535e-01   1.1912471e+00
  -2.0707347e+00  -1.9136281e+00
   1.5164331e-01   9.3391565e-02
  -4.8927187e-01  -6.8261475e-01
  -3.1747917e-01   2.3852036e-01
   1.6272019e+00   1.6197108e+00
   2.3613703e-01   3.4262523e-01
  -4.2459608e-01  -1.5045585e+00
   7.9685782e-01   1.4159575e+00
   1.2818002e-01   5.6379814e-01
   1.1294145e+00   2.4474439e+00
   6.1594598e-01   9.1378065e-02
   5.0322832e-01  -7.7004304e-01
  -3.7526445e-02  -1.2475370e+00
  -4.8476846e-01  -1.3997786e+00
  -2.4246621e-01  -1.5338871e+00
   1.2263752e-01  -3.3766127e-02
   1.5561254e+00   6.2429442e-01
   3.0360914e-01   2.3149490e+00
   2.3525527e-01  -1.0851109e-02
   5.5707683e-01  -3.7073120e-01
  -7.3892757e-01   4.8106946e-01
  -1.0574934e+00   5.2486652e-02
   3.4222390e-02   7.8613312e-01
   1.1513439e+00   6.6214347e-01
   1.8906122e+00   5.3443487e-01
  -4.0299545e-01  -1.0206403e-01
   1.5690629e+00   7.4456253e-01
   1.8963314e-01   1.2014680e+00
   1.7309259e+00   4.0639881e-01
  -8.3072520e-01  -1.2615162e+00
   5.0666845e-01  -1.0060268e+00
   5.1943645e-01   2.0971809e+00
  -8.5060202e-01  -1.5235134e+00
  -7.9166797e-01  -2.5347864e-01
   1.1675729e+00   7.8665424e-01
   1.9930107e-01  -1.3303861e+00
   1.4740894e-01   8.1885009e-02
   1.3992832e+00   5.2753966e-01
  -3.4602743e-01  -5.2299189e-01
   9.9950485e-02  -7.7152241e-01
  -2.5613827e-01   1.7012059e-02
  -4.3791155e-01  -9.0500715e-01
  -6.9215527e-01  -4.6282921e-01
   6.2245110e-01   9.8988581e-01
  -2.1381486e+00  -1.9087750e+00
  -4.0935863e-01  -2.9264724e-01
  -1.2801328e+00  -2.6035931e+00
   3.7782452e-01  -5.6132332e-01
   1.1932982e+00   2.4205362e+00
   6.0512806e-01   1.8969329e+00
  -6.7627950e-01  -6.2319923e-01
  -9.0354084e-01  -4.9391456e-01
   2.9431984e-01   1.1389300e+00
  -6.2540385e-01  -1.3435158e-01
   1.8576257e-01   5.1930056e-01
  -3.9003893e-01   1.1352052e+00
  -4.4636993e-01  -2.4812024e-01
   1.7432538e+00   1.9509520e+00
  -4.3691861e-01  -2.2788350e-01
  -1.6308011e+00  -1.0581411e+00
  -4.7115191e-01  -2.8363314e-01
   5.3744321e-01   5.3955924e-01
   2.0780899e+00   9.0673657e-01
  -2.4799620e+00  -1.2568321e+00
   7.5502324e-01   9.9698392e-01
   1.0555864e+00   5.5353369e-02
   2.7470958e-01   4.3129691e-01
   1.3689047e+00   8.6932076e-01
  -7.7123120e-01  -6.0538293e-01
   1.3429844e+00   1.3703195e+00
  -6.9443207e-01  -8.6233905e-01
   1.1176143e+00   9.3618640e-01
   2.9241505e-01   8.9819155e-01
  -1.0607265e-01   8.1335131e-02
   3.6113944e-01   6.9781352e-01
   1.5313661e+00   7.7633894e-01
  -7.0420013e-02   1.6700758e-01
  -1.6089661e+00  -2.4479993e+00
   8.8810844e-02  -1.9740283e+00
   1.0673635e+00  -2.1737542e-01
   5.4888071e-01   1.5592132e+00
   1.5073596e+00  -4.2320362e-02
   1.2114619e+00   6.1297443e-01
   3.7289441e-01   6.7119431e-02
   3.2279495e-01   1.4289184e+00
  -4.6684831e-01   3.5794710e-01
   1.5651236e-02  -5.4638678e-01
  -1.1219637e+00  -8.7540297e-01
  -1.3276821e+00  -7.7015430e-01
   5.0085236e-01   1.5319378e+00
   4.4813446e-01   1.0525104e+00
   1.3963927e+00   1.8259058e+00
  -4.2734013e-01  -2.6365133e-01
  -3.4661589e-01   2.5575677e-02
  -7.2318511e-01  -1.3205267e-01
  -5.2784643e-01   1.9097250e-01
  -3.9205093e-03   1.7508593e+00
   1.0594488e+00   1.8001121e-01
   7.9870910e-01   1.6018033e+00
  -1.3452208e+00   3.4652343e-01
  -1.3853953e+00  -1.0986510e+00
   1.0940336e+00   7.1225088e-01
   1.2831558e+00   1.7455308e+00
   5.6917071e-01   8.9982662e-01
   1.5592028e+00   2.2508563e+00
   6.0595982e-02   5.0320841e-01
   1.0804645e+00   5.1846899e-01
  -4.4254330e-01   6.0387596e-02
  -4.7839026e-01  -6.6642555e-01
  -3.3209839e-01   3.1550408e-01
   7.6529741e-01   4.6429861e-01
  -5.9745239e-01  -7.4385280e-01
  -4.4345784e-01   1.4307513e-02
  -4.6980971e-01   3.9845811e-01
   4.3723781e-01   4.5010091e-01
   7.1182568e-01   3.9996407e-01
  -3.8943981e-01   2.4728861e-01
  -6.4929832e-01   4.2772141e-01
   8.4007101e-01   5.4274044e-01
   1.7962932e+00   1.4234185e-01
   5.2495808e-01   8.0549366e-01
  -1.0643618e+00  -6.6966472e-01
   2.1424726e-01   3.5497170e-01
   2.2234074e+00   1.2900069e+00
  -1.0194333e-01  -1.0050267e+00
  -6.1896628e-02  -1.4294675e+00
   2.9351299e-01  -5.9922324e-01
  -1.8532916e-01   7.9055563e-01
  -1.5565442e+00   1.2122899e-01
  -1.3551056e+00  -7.2041698e-01
   1.1852561e+00   1.3984156e+00
  -1.3808559e+00  -1.1397412e+00
  -1.1434984e+00  -6.1091307e-01
  -8.1712631e-01  -8.3475520e-01
   3.7599385e-01   1.0030638e+00
   6.1963820e-01  -1.1913096e-01
   1.4571224e+00   7.4999830e-02
   7.4156689e-01   4.0099178e-01
  -1.2992583e+00  -2.7176826e+00
   6.9543567e-03   1.2736218e-01
   1.0222922e+00   1.0423804e+00
  -8.7595193e-01  -6.4528446e-01
   1.1039683e+00   8.0958842e-01
  -3.2956220e-01  -3.7388444e-01
   1.1427740e+00   9.3584012e-01
   1.1234174e+00   1.5996364e+00
  -2.3316797e-01   9.8100605e-01
   4.4995743e-01   2.5258930e-01
   1.3389668e-01  -1.6133863e-01
  -4.0607921e-01   2.0811877e-01
   5.8643321e-01   1.2191372e+00
  -5.6443409e-01  -3.9560272e-01
   1.2660568e+00   2.0076173e+00
  -1.4555871e+00  -1.9932729e+00
  -4.0756260e-01  -1.0229649e+00
   5.9202640e-01  -5.6150736e-01
   6.3191366e-01   9.0970929e-01
   1.2603644e-02  -3.8948221e-01
  -8.3655089e-01  -1.0118542e-01
   9.8349669e-01   8.1580598e-01
   1.9857773e+00  -1.6785644e-01
   3.2291215e-01   2.1744066e-01
   7.3415352e-01   4.5960228e-01
  -6.5786766e-01   9.3983363e-01
   9.9320837e-01   1.2571606e+00
  -8.6598686e-01  -5.6675688e-01
  -6.7510615e-01  -2.7166808e-01
   5.9280435e-01   9.1633550e-01
   2.0481068e+00   4.5146515e-01
   1.6054401e-01  -7.7170864e-01
  -1.4072641e+00  -3.2022340e-01
   1.7643573e+00   5.7672836e-01
   5.0565809e-01   4.5829636e-01
  -4.3789407e-02  -5.7078167e-01
   1.7872584e+00   9.5993789e-01
   1.4551983e+00   5.2367748e-01
  -1.2530107e+00  -8.1482437e-01
  -4.0446842e-01   8.1662116e-02
   1.3493172e+00   6.5729741e-01
  -1.7643187e-01  -1.2019943e-01
   5.4466953e-01  -5.7170407e-01
   5.4562382e-01  -9.9790004e-01
   1.6323966e+00   1.2123792e+00
  -3.0550220e-01   8.5788149e-01
  -2.6988703e-01   2.3253526e-01
   7.4030363e-01   8.1470865e-01
  -1.0131564e+00  -2.0170608e+00
  -1.2891661e+00  -2.6765848e+00
   1.4106006e+00  -1.5500227e-01
  -3.6462366e-01  -4.8060752e-01
   5.1010111e-01   7.8304398e-01
  -7.3592832e-02  -1.3070065e-01
  -8.9927219e-01  -1.0172038e+00
  -5.4388759e-01  -2.9585297e-01
  -5.0583749e-01  -5.4331858e-01
  -1.4136060e+00  -2.7094921e+00
   2.3002656e-01  -1.4067787e+00
   1.2347437e+00   2.0749583e+00
  -1.7691978e+00  -2.9268938e+00
   7.3832073e-02   2.4653032e-02
   2.0585665e+00   1.1349384e+00
   8.9348155e-01   1.5935664e+00
   1.6961240e-01   1.7316306e-01
   1.6471643e+00   2.0772161e+00
  -1.6124035e+00  -1.6888373e+00
  -1.7915964e+00  -1.1941492e+00
  -8.3937144e-01   1.5400091e+00
  -1.2351558e+00  -1.6214934e+00
  -4.2180036e-01  -1.1985628e-01
   1.8810507e+00  -2.9443322e-01
  -8.2932879e-01   4.3769834e-01
   3.8566884e-01   4.8411384e-01
  -2.3449932e+00  -9.2550829e-01
   9.5060208e-03   1.1193082e+00
  -1.1577283e+00  -7.4160854e-01
  -2.9480490e-01  -4.0976579e-01
  -7.9347880e-01  -6.4848470e-01
  -9.6083788e-01  -6.6055362e-01
  -1.1340114e+00  -9.4550658e-01
   6.2587599e-01   8.1796020e-01
   1.2795467e+00   9.8798123e-01
   4.5053599e-01   3.7846687e-01
  -9.5848123e-01  -9.0719756e-01
  -2.5562684e+00  -1.5853571e+00
  -4.2815142e-01  -1.0103850e-01
  -1.1832127e-01  -1.2773021e+00
  -1.2802546e-01   3.9526612e-01
   1.0032377e-01   4.3787180e-01
  -1.6544868e+00  -1.6400803e+00
   4.0819891e-01  -1.1558039e-01
  -1.0408800e+00  -1.3511815e+00
   1.4589327e+00   9.9338324e-01
  -1.2175098e+00  -1.4859114e+00
   1.1707171e+00   8.6128716e-01
   3.1565432e-01   9.7076993e-01
   3.5655395e-01  -1.2269312e-01
  -8.7530039e-01  -5.8216506e-01
   2.9633885e-01   1.5348686e+00
   4.9476084e-01   2.3312409e+00
  -9.9327441e-01  -1.4778579e+00
   4.2574666e-01   2.3782251e-01
  -1.0992139e+00  -7.8318789e-01
  -2.2452893e-01   4.2003346e-02
  -5.2956985e-01  -1.0372970e-01
   1.3386446e+00   1.1779939e-01
  -1.3463773e+00  -8.3385621e-01
  -7.6808747e-01  -1.5282191e+00
  -1.5304519e+00  -2.2362555e+00
   7.4927708e-01  -7.4533966e-01
  -4.3240300e-02   1.4193412e-01
   8.9473652e-01   8.3015365e-01
  -7.6419291e-01  -2.2428344e+00
  -2.9976830e-01  -5.1885558e-01
  -1.2593771e+00  -1.5138953e+00
  -1.3759659e+00   1.4366152e-01
   3.9240346e-03   1.6076426e-01
  -6.0680949e-01   3.8957908e-01
   9.5645582e-01   6.8694703e-01
  -1.5361116e+00  -1.6276523e+00
  -4.0654152e-01  -1.3525959e+00
  -6.1711706e-01  -7.5741212e-02
   3.0298747e-01  -7.0697231e-01
   1.2064870e+00  -6.5945268e-01
  -5.6737733e-01  -4.8753195e-01
  -1.0378930e+00  -5.0317907e-01
  -2.4955683e-01  -9.0561829e-01
  -1.0087933e-01   7.8742664e-01
  -1.4088647e+00  -1.3493206e+00
  -1.8122461e+00  -1.3477770e+00
  -3.6998626e-01  -4.0995035e-02
   5.4838389e-01   6.0519322e-01
  -4.5114575e-01  -1.4945878e+00
   2.6868734e-01  -4.6368612e-02
  -1.4334312e+00  -1.9479033e+00
   2.2644918e-02  -3.0004476e-01
  -8.4383459e-01   2.1829256e+00
  -2.5891585e-01   7.8361971e-01
  -1.1802485e-01  -4.8786132e-01
   2.6860246e+00   1.6355523e-01
  -1.0195991e+00  -7.0209881e-01
   2.4101914e-01   5.5356916e-01
  -3.6491374e-02   2.9467317e-01
  -3.1027694e-02   1.9504220e-01
   2.1667860e-01  -1.1181652e+00
   1.8688301e+00   1.9637033e+00
  -5.6319972e-02  -1.1235101e-01
   1.5332211e+00   1.1777756e+00
  -5.7594610e-01  -3.7383728e-02
  -5.0789102e-01   2.1124533e-03
   1.5208945e-01   9.1596231e-01
  -1.8451568e+00  -1.6599435e+00
  -3.6872860e-01  -1.1332445e+00
   4.8585974e-01   1.0993505e+00
  -1.5507186e+00   1.4714911e-01
  -1.9103356e-01  -1.5716635e+00
  -7.8068827e-01   9.6928529e-01
   5.5542810e-01   2.4794087e+00
  -1.0866592e+00  -1.1925583e+00
  -1.2636444e+00  -1.8854138e+00
   1.2795444e-01   1.4388564e-01
  -1.5620263e+00  -2.0232319e+00
   1.0492532e+00  -2.4139197e-01
   1.0335834e+00   6.1856132e-01
  -7.0491999e-01   4.8591881e-01
  -3.3300619e-02   6.1996977e-01
  -1.3657672e+00  -3.8022893e-01
  -1.9064465e+00  -1.9560908e+00
   1.7370943e+00   8.5017961e-01
   1.7239214e+00   1.2520275e+00
  -6.6441250e-01   1.3960191e-01
  -2.5980819e-01  -5.5592758e-02
   1.9437225e+00   4.4013745e-01
   5.9246230e-01  -1.9194853e-01
   4.5379204e-01   3.6171306e-01
  -5.5858042e-01  -7.6602833e-01
  -5.9980180e-01   2.4235542e+00
   4.0387245e-01   6.3766847e-01
  -1.2150049e-01   6.2001487e-01
  -2.2766018e+00  -1.2110507e+00
   8.8343680e-01   1.1239350e+00
   4.4798104e-01   1.0623047e+00
  -8.2993486e-01  -2.7760157e-01
   1.0447239e+00   1.5101108e+00
  -1.9837962e-01   8.9275639e-01
   6.2088419e-01   4.3695920e-01
  -1.9583862e-01   5.7982803e-01
  -2.7861579e-01   5.5980736e-02
   1.3495878e+00   6.2215312e-01
   1.1704315e-01   1.9687266e+00
  -2.1580676e-01   1.0082667e+00
   4.2375186e-01   3.7080165e-01
   1.1688410e+00   8.1042431e-01
   3.1639123e-01  -6.6776673e-01
   4.3540574e-01   2.7371940e+00
   1.0674436e+00   3.9988582e-01
   1.5840329e-01   4.2182795e-01
   5.6810746e-02   6.9937457e-01
  -1.7534751e+00  -3.2872295e+00
   1.0617809e+00  -6.1002425e-01
  -6.1797540e-01  -2.0239719e+00
  -7.9210952e-01  -7.3108583e-01
  -3.0438128e-01   1.6534073e-01
  -1.5071162e+00  -9.7888582e-01
  -8.5450977e-01  -1.1542296e+00
   1.8543050e-01   5.4699964e-01
   3.4661017e-01   1.2647773e+00
   2.6980115e-01   4.7919746e-01
  -1.1398940e+00   5.4064726e-02
  -4.5274878e-01  -1.1716797e+00
  -1.3388652e+00  -1.0156126e+00
  -9.4940579e-01  -6.8724086e-01
  -8.7223351e-01  -9.7810239e-01
   1.1951519e-01  -2.7599361e-01
  -5.7141483e-01  -4.0428978e-01
  -1.4003955e+00  -2.4688979e+00
   6.4810311e-01   3.4543087e-01
  -4.2467438e-01   3.6763236e-01
   1.1252898e+00  -8.8627937e-01
  -7.6234186e-01  -1.3745088e+00
   1.0409408e+00   4.2156442e-01
  -1.1155316e+00  -4.7644447e-01
  -8.9703349e-01  -7.2702741e-01
   6.3420120e-01   2.8704631e-01
   1.6558665e+00   8.3164287e-01
   7.6085981e-02   3.3423855e-01
  -7.6609101e-01  -4.0615732e-01
   2.6733721e-01   4.0233602e-01
  -9.3464203e-01  -1.5227597e-01
  -8.6281345e-02   1.3147913e+00
   1.4175496e+00   2.4942679e+00
   2.5553287e-01   7.7850141e-01
  -1.5017638e+00  -2.1303988e+00
  -8.0851885e-01  -9.5998679e-01
  -1.8474250e-02   7.2472647e-01
  -2.5255652e+00  -1.9703671e+00
   1.5854477e+00   8.4737101e-01
  -1.4631099e+00  -9.4808597e-01
  -9.8210808e-01  -7.3818751e-01
   1.1536453e+00   1.2120057e+00
