   6.3721577e-01  -4.6480305e-01
  -4.2920329e-01   5.3000368e-01
  -7.4529817e-01   6.0701622e-01
   1.9737103e+00  -2.2806063e+00
   1.1192821e+00  -1.0059461e+00
  -1.7438498e-01   3.8633962e-01
   1.5270908e+00  -1.7250270e+00
   2.1590990e+00  -2.4986752e+00
   3.4692053e-01  -9.4495821e-02
  -1.7126598e+00   1.4245703e+00
  -9.9577050e-01   9.6596402e-01
   1.1198080e-03   2.1057621e-01
  -2.2509884e-01   3.2703677e-01
   6.0299227e-01  -4.8049163e-01
   8.2329859e-01  -7.6648519e-01
  -1.0129818e-01   1.3080218e-01
  -8.2579526e-02   1.2330120e-01
  -6.0408829e-01   5.9225771e-01
   1.1871675e-02   4.1597271e-02
   1.4279532e+00  -1.6203938e+00
  -7.3851349e-01   7.8732242e-01
  -1.1179550e+00   1.0258198e+00
  -6.7098492e-02   2.9121181e-01
  -8.9144295e-01   9.1627360e-01
   1.2919388e+00  -1.4534290e+00
   1.9009329e+00  -2.0236729e+00
  -8.2353328e-01   9.2954762e-01
   5.8837883e-01  -4.5179111e-01
  -7.2784505e-02   3.0573218e-01
   6.8825974e-01  -6.5763444e-01
  -7.4405068e-01   6.6148553e-01
  -6.4185690e-01   8.3538726e-01
   1.5339493e+00  -1.6846808e+00
   6.2926172e-01  -5.6731421e-01
   2.8678093e-01  -2.1548542e-01
  -7.1401639e-01   9.2295300e-01
  -1.2842170e+00   1.1949486e+00
   2.5335198e+00  -3.0474070e+00
   3.2803589e-01  -3.2205248e-01
   8.1019963e-01  -6.5185035e-01
  -1.6188086e+00   1.6538929e+00
   4.5098349e-01  -3.6079489e-01
  -4.3784899e-01   5.0065028e-01
   1.1374594e+00  -1.1019398e+00
   1.0125081e+00  -9.0401576e-01
   6.5598987e-01  -6.8588529e-01
  -9.8168244e-01   9.6917637e-01
  -1.6995570e+00   1.3717874e+00
  -1.8200609e+00   1.5754691e+00
   1.1356754e+00  -1.2312309e+00
  -2.2795516e-01   5.7625645e-01
  -1.2377206e+00   1.3182680e+00
  -9.6801181e-01   9.3620982e-01
  -4.4282784e-01   5.5633043e-01
  -9.0677338e-01   9.0530627e-01
   8.3387127e-01  -9.5917842e-01
   2.3738188e+00  -2.8355914e+00
  -1.0769459e+00   1.1923506e+00
  -4.0324283e-01   4.8549219e-01
  -6.3190495e-01   7.0787483e-01
  -5.1896487e-02   1.2640435e-01
   1.1845649e+00  -1.2825594e+00
  -1.5866355e+00   1.4817719e+00
   1.2483281e+00  -1.3222633e+00
  -1.3734728e+00   1.2166108e+00
   1.4917974e+00  -1.5371426e+00
   2.6595633e+00  -3.1529853e+00
  -1.2121518e+00   1.0510284e+00
   5.4567304e-01  -4.6138766e-01
  -1.9262740e+00   1.4508377e+00
   4.6660662e-01  -3.5154057e-01
  -1.2587395e+00   1.2462281e+00
   2.2632755e+00  -2.5585438e+00
  -9.6138094e-01   9.6419289e-01
   7.2093055e-01  -7.6353788e-01
  -1.7309044e+00   1.4400331e+00
   9.9221819e-02   5.5492737e-02
   1.7691875e+00  -2.0491447e+00
  -1.0581683e+00   9.5338949e-01
   2.5492536e-01  -1.0492157e-01
   2.5525181e-01  -1.1835499e-01
  -1.9187220e+00   1.6801517e+00
   9.4657174e-01  -7.4630671e-01
  -6.0780378e-01   5.7669761e-01
  -2.6483156e-01   3.6799116e-01
   2.1337665e-01  -2.6299638e-01
  -5.7432163e-01   6.9316114e-01
  -1.2364561e-01   1.6311418e-01
   1.0047583e+00  -9.8683595e-01
   8.7941485e-01  -9.8110056e-01
  -6.9663178e-01   6.7724661e-01
   6.7655835e-01  -7.2300387e-01
   2.2454367e+00  -2.5742200e+00
   1.4272506e-01  -6.1012695e-02
  -5.8968951e-01   7.2598157e-01
   3.4078571e-01  -1.8906822e-01
  -9.6225556e-02   3.4201630e-01
   5.8723127e-01  -5.4674813e-01
  -8.3556817e-02   2.1081694e-01
  -1.1973904e+00   1.1596928e+00
   6.5406172e-01  -5.9167030e-01
  -6.1356482e-01   7.2868465e-01
   4.6835783e-01  -4.2238437e-01
   2.2068284e-01  -4.2024726e-02
  -1.7542971e+00   1.4248718e+00
   1.6568411e+00  -1.6997278e+00
   8.7825502e-01  -6.5852857e-01
   7.8144086e-01  -7.9086417e-01
  -1.0255626e+00   1.0762149e+00
  -2.9612143e-01   5.6105177e-01
  -3.1404650e-01   4.2148156e-01
   8.4244726e-01  -7.3312936e-01
   3.1889856e-01  -2.5073084e-01
   9.6858031e-01  -9.4714082e-01
   7.4312345e-01  -7.8990347e-01
  -8.7154532e-02   2.5530635e-01
   1.2865110e+00  -1.3344460e+00
  -2.0965550e+00   1.6601415e+00
   1.5013103e+00  -1.6524910e+00
   8.8368714e-01  -9.2972183e-01
  -1.1691156e+00   9.7041617e-01
  -3.9709344e-01   5.9626273e-01
   2.7007932e-01  -1.4112774e-01
  -2.3544136e+00   1.9212773e+00
   8.3808967e-02   2.7466924e-02
   1.0522652e+00  -9.8708436e-01
  -4.9057593e-01   7.0666357e-01
  -1.6626627e+00   1.4577591e+00
  -4.0157003e-01   4.8521385e-01
  -6.7446544e-01   7.5984796e-01
  -6.0770200e-01   6.9114335e-01
  -2.7930789e-01   3.1289291e-01
   8.9567139e-01  -8.5314922e-01
  -2.3847479e-01   4.2239805e-01
   5.7639014e-01  -4.0100472e-01
   1.7094632e+00  -1.9759096e+00
  -1.4064965e+00   1.2540008e+00
  -9.2963708e-01   8.6379141e-01
  -1.2918135e+00   1.0082537e+00
   9.9291762e-01  -9.4496633e-01
   5.5394536e-02  -1.1499020e-02
   1.0384464e+00  -1.1071193e+00
  -2.3256825e+00   1.6047473e+00
  -8.6383274e-01   8.9427693e-01
   2.3004603e-01  -1.4052234e-02
   2.1918584e-02   1.4665852e-01
  -4.1484321e-01   5.5151196e-01
  -1.1225110e+00   1.0359848e+00
   1.9320353e+00  -2.2759842e+00
  -9.9388106e-02   3.3373038e-01
  -9.7988825e-01   9.0744520e-01
   9.2239043e-01  -1.0408866e+00
   1.7516856e+00  -1.8276220e+00
  -7.8937254e-01   7.5601118e-01
  -3.5751272e-01   2.9156525e-01
   8.6238898e-01  -9.2750246e-01
   5.3393016e-01  -3.7110900e-01
  -1.7446924e-01   1.8513576e-01
   1.0440071e+00  -1.1141636e+00
   2.5602047e-01  -7.8300201e-02
  -5.5120128e-01   5.6556502e-01
  -1.9003313e+00   1.5213476e+00
   1.7976351e+00  -2.1500693e+00
   8.4414856e-01  -8.3570554e-01
  -1.1197299e+00   1.1239410e+00
   2.8806246e-01  -7.1025611e-02
   1.0147947e+00  -1.0925003e+00
  -8.0583460e-01   8.8548906e-01
   7.5000544e-01  -6.8016450e-01
  -7.5250472e-01   8.8956761e-01
  -9.7822513e-01   9.6580577e-01
   3.2663399e-02   1.2721117e-01
  -2.1163089e-01   4.5853158e-01
   1.6435874e+00  -1.7718787e+00
  -2.3532127e+00   1.9403604e+00
   1.7763805e-01  -3.9947945e-03
  -8.9108503e-03   8.1666966e-02
   8.7844147e-01  -7.5961169e-01
  -1.4752809e-01   2.7693578e-01
  -1.7288469e-01   2.7069327e-01
   4.9715436e-01  -2.6590833e-01
  -1.6225072e-01   3.0516475e-01
  -1.8531841e-01   3.3056131e-01
   2.2345521e+00  -2.6495858e+00
   8.9330041e-01  -1.0158455e+00
   4.1692313e-01  -2.5529543e-01
   7.0279788e-01  -7.0212295e-01
   1.6765743e+00  -1.7274302e+00
   3.1601441e-01  -3.2062414e-01
  -5.9215942e-01   8.6252031e-01
  -5.8360812e-01   5.4476426e-01
   8.5088462e-01  -9.2505795e-01
  -1.1249433e+00   1.2030818e+00
   6.9719017e-01  -6.0103702e-01
   7.5288353e-01  -6.6644424e-01
  -7.2692738e-01   7.1143404e-01
  -1.7329375e+00   1.3311583e+00
  -7.6673270e-01   7.4904486e-01
   8.6218443e-01  -8.1224880e-01
   8.7813552e-01  -6.8889850e-01
   1.0017256e+00  -9.3684934e-01
  -5.2923056e-01   8.9604836e-01
  -9.6502759e-01   1.0740194e+00
  -2.8891028e-01   5.2853258e-01
   2.5058004e+00  -3.0802942e+00
  -2.9584194e-01   2.3805593e-01
   4.3452186e-01  -2.2861364e-01
  -6.3196804e-01   7.0587212e-01
  -1.0600556e+00   9.7362746e-01
  -1.3017355e-01   4.0730682e-01
   4.4353907e-01  -5.7007264e-01
  -1.1602561e+00   1.1339198e+00
   3.6822257e-01  -2.1597053e-01
   4.9562591e-01  -3.7572439e-01
   5.8260858e-01  -4.8174397e-01
  -6.7978378e-01   5.8949686e-01
  -1.3543487e+00   1.3416789e+00
  -1.1311135e+00   1.2264826e+00
   1.8073728e+00  -2.0371939e+00
   8.2047776e-01  -6.6610382e-01
   3.5266458e-01  -2.7100326e-01
  -3.0096752e-01   4.4351136e-01
   4.8144111e-01  -2.2282009e-01
  -2.4493303e-01   4.1258475e-01
  -6.0651633e-01   6.6152597e-01
  -4.9184218e-01   4.5188761e-01
   2.0024625e-02   1.8880786e-01
  -3.8829610e-01   6.0507947e-01
  -1.4877212e-01   3.0397320e-01
   6.8611996e-01  -6.5973103e-01
  -3.0876639e-01   4.4737572e-01
   6.2949377e-01  -5.8496642e-01
  -3.5488770e-01   3.1230790e-01
  -1.7391790e+00   1.4939701e+00
   7.1881344e-01  -7.3268743e-01
   3.4944192e-01  -2.5205556e-01
  -2.8838454e-01   4.5737963e-01
   1.2001341e+00  -1.3671356e+00
   5.5256106e-01  -6.0264935e-01
   2.0754975e+00  -2.3539188e+00
   4.4012880e-01  -3.5062066e-01
   3.8812210e-01  -2.6742431e-01
  -1.1445418e+00   1.0696937e+00
   8.9877585e-01  -9.5299753e-01
  -4.4389240e-01   4.9743993e-01
   1.2774708e+00  -1.3661771e+00
  -2.6696911e-01   4.3992483e-01
  -3.7122436e-02   5.3220236e-02
  -1.8662013e-01   1.5711983e-01
  -4.2316580e-01   3.6914926e-01
   1.5522658e+00  -1.7686403e+00
  -1.6283772e-01   3.1771324e-01
   1.0413541e+00  -1.0361761e+00
   9.5896563e-01  -9.0126090e-01
  -1.4775601e+00   1.2320781e+00
   5.9871665e-01  -4.7743418e-01
  -8.6280640e-01   9.5840525e-01
   2.0613667e-01  -1.4614068e-01
   4.6400172e-01  -3.3052836e-01
   7.1995343e-01  -6.2116098e-01
  -9.3314273e-01   8.3258609e-01
   1.5043350e+00  -1.5025465e+00
  -3.8037419e-02   2.3973401e-01
  -8.4372013e-01   1.0290686e+00
  -1.7293864e+00   1.3999888e+00
  -5.1979723e-01   5.0878352e-01
  -9.2050373e-01   1.0536759e+00
  -1.1981840e+00   1.1570495e+00
  -7.6517475e-01   9.3424929e-01
  -1.1940936e+00   1.2267923e+00
   2.6852361e+00  -3.2442299e+00
  -1.5552436e+00   1.3725540e+00
   5.0505585e-01  -4.0815385e-01
  -5.5859929e-01   4.6515397e-01
  -6.6939405e-01   7.7795033e-01
  -2.9552107e-01   4.4342083e-01
   3.1116350e-01  -3.8025788e-01
  -9.6773615e-01   9.8122030e-01
   6.3101967e-02   1.0488765e-01
  -1.6030333e+00   1.3675019e+00
   8.2931292e-01  -6.5994861e-01
   1.8470144e+00  -2.0078186e+00
  -1.8307128e+00   1.5375365e+00
   1.3736968e+00  -1.3375286e+00
  -2.3663949e-02   6.4124924e-02
   5.3423199e-01  -4.0397762e-01
   6.6659533e-02   7.4374247e-02
  -1.0389005e+00   1.0972587e+00
   3.0027548e-01  -3.3973167e-01
   1.7822978e+00  -1.9580592e+00
  -7.8942764e-02   2.4918340e-01
   1.7152981e-01  -4.7283489e-02
  -2.9463533e-01   3.9800766e-01
   1.5534100e+00  -1.7247463e+00
  -6.4518635e-01   6.6883435e-01
   5.1302737e-02   1.2292206e-01
   8.2307685e-01  -8.4801862e-01
  -1.0531378e+00   8.2873516e-01
  -1.3365561e+00   1.3553478e+00
   1.7353546e-01  -9.9022861e-02
   2.9503885e-01  -1.4280667e-01
  -5.1160912e-01   6.7193033e-01
   3.1031216e-01  -1.2421632e-01
  -7.3331674e-01   8.9554132e-01
  -5.2440531e-02   1.0614308e-01
  -1.3522570e-02   1.0838621e-01
  -4.9473570e-02   1.4624701e-01
  -1.5249582e+00   1.4341104e+00
  -9.0534345e-01   9.5920367e-01
  -5.2995169e-01   6.3681548e-01
  -1.7010859e-01   2.9195255e-01
   8.9813606e-01  -7.9989044e-01
   4.6621382e-01  -4.8167767e-01
  -4.2075524e-01   3.8072662e-01
   1.0294939e+00  -1.2691001e+00
   2.7225005e+00  -3.2146610e+00
   1.1793081e-01   3.1501052e-02
   7.7455017e-01  -7.6300876e-01
  -5.8922996e-01   4.3428690e-01
   1.3755199e+00  -1.5721877e+00
   4.8646063e-01  -2.6034454e-01
   6.5535711e-02  -4.5821208e-02
  -6.8831464e-01   9.7558904e-01
  -7.2093275e-02   8.4687562e-02
   6.3359583e-01  -7.1239550e-01
  -4.2462048e-01   5.6110064e-01
  -1.4483873e-01   2.4232741e-01
   4.5181350e-01  -3.8469934e-01
   8.1330195e-01  -7.7706200e-01
   3.9448271e-01  -2.5490161e-01
  -2.5113453e-01   3.2248880e-01
   1.2490722e+00  -1.3391907e+00
  -1.9452908e+00   1.5072579e+00
  -1.3581451e+00   1.3462018e+00
   2.0005310e-01  -4.1135768e-02
  -2.3679928e+00   1.8434061e+00
  -9.0768014e-01   9.2658440e-01
  -4.3519875e-02   1.6387448e-01
   1.0290049e+00  -9.9549189e-01
  -3.7758477e-01   4.0770862e-01
   4.8267533e-01  -3.8690288e-01
   7.3596346e-02  -7.2329091e-02
   8.3719508e-01  -8.6896060e-01
   6.1845907e-01  -6.2323025e-01
  -1.3065862e+00   1.1336748e+00
   2.8983212e-01  -6.3773981e-02
   1.0081047e+00  -7.7977481e-01
   1.0659448e+00  -9.3929598e-01
   4.1581884e-01  -2.9683878e-01
  -1.0228296e+00   1.1037166e+00
   1.7623212e-01   3.0967036e-02
   7.8112433e-01  -5.8358313e-01
   1.9772329e+00  -2.2809421e+00
   1.0776929e+00  -1.0775575e+00
  -1.5583605e+00   1.2941287e+00
  -2.7213532e+00   1.8775080e+00
  -6.9340445e-01   8.4465542e-01
  -1.0030876e+00   8.1673130e-01
   1.4223225e+00  -1.5261569e+00
  -1.0152052e+00   1.0344416e+00
   9.2294634e-01  -1.0721490e+00
   1.9175814e-02  -1.0215092e-03
   1.6819666e+00  -1.9033667e+00
   1.3525608e+00  -1.3151520e+00
   1.4854126e+00  -1.7422096e+00
  -2.0578617e-01   3.1897850e-01
  -4.6374933e-01   5.5790475e-01
   4.1052545e-01  -5.5685609e-01
   8.5779560e-01  -8.9078228e-01
  -8.3788247e-01   9.2400097e-01
  -2.0693383e-02   2.2356501e-01
   4.1940712e-01  -8.6234297e-02
   9.4520763e-01  -9.1857038e-01
  -6.8159171e-01   7.7279665e-01
  -6.9531658e-01   7.1659417e-01
  -7.5373951e-01   8.2774395e-01
   4.1204697e-01  -3.8622950e-01
   2.8406807e-01  -1.2811101e-01
  -1.1259976e+00   1.1634342e+00
  -1.3205880e+00   1.4094204e+00
   9.5163837e-01  -8.6517719e-01
  -2.4229960e-01   3.1401549e-01
   2.2601283e-01  -1.1846045e-01
  -7.5685801e-01   9.2136587e-01
   2.8241339e-01  -1.4580573e-01
   1.2087421e+00  -1.3376382e+00
   6.5342852e-01  -5.3071289e-01
  -9.3381504e-01   9.2653605e-01
  -4.7365916e-01   6.4831855e-01
   2.1711805e-01   2.4383353e-02
  -4.7520201e-01   5.6121255e-01
   2.0503343e+00  -2.2205647e+00
   2.3794719e-01  -1.8346107e-01
  -2.2408259e+00   1.4693831e+00
  -1.2482335e-01   1.1486541e-01
  -2.6813113e-01   3.1788777e-01
   1.0522353e+00  -1.1300372e+00
  -4.6204757e-01   5.9471673e-01
   9.1806767e-01  -7.1196532e-01
   2.9464453e-01  -1.2139843e-01
  -1.3384139e+00   1.1542130e+00
  -1.3837567e+00   1.1787681e+00
   8.0430125e-02   5.2678743e-02
   3.1152015e-02   1.1483302e-01
  -1.2300613e+00   1.1072724e+00
   6.7637611e-01  -7.9278720e-01
   4.1927073e-01  -2.4757547e-01
   1.7562770e+00  -1.9659846e+00
  -1.0202268e+00   9.4693233e-01
  -1.0874660e+00   1.0753606e+00
   3.3241885e-01  -6.1158609e-02
  -1.3437044e+00   1.2791783e+00
   2.6664125e-01  -1.8316997e-01
   1.3752072e+00  -1.4193580e+00
  -1.1753610e+00   1.1694223e+00
  -7.8223471e-01   9.3401426e-01
   5.5959059e-01  -3.6807155e-01
   2.5701026e+00  -3.0640128e+00
   1.6555305e+00  -1.8434070e+00
  -5.9372878e-02   1.3213024e-01
  -4.1268478e-01   4.8772094e-01
   1.4605055e+00  -1.5138125e+00
  -2.6256622e+00   1.8703165e+00
   9.0800341e-01  -9.6786405e-01
   3.8115360e-01  -1.8423445e-01
  -1.3197277e+00   1.1997711e+00
   5.3038036e-01  -5.0588332e-01
  -4.9584948e-01   5.3130711e-01
   3.3094658e-01  -3.1790744e-01
   6.1384351e-01  -6.0293219e-01
   1.3575446e+00  -1.4325698e+00
   4.3681818e-01  -4.4826094e-01
  -2.2309033e-01   3.8107829e-01
  -4.1737534e-02   2.2724827e-01
   4.1075475e-01  -3.6047868e-01
   5.6669130e-01  -4.7490735e-01
  -4.8595259e-01   6.2476475e-01
   1.9960353e+00  -2.2002161e+00
  -5.7313368e-01   5.5370583e-01
   8.5274033e-01  -7.8807487e-01
  -8.0767844e-01   8.1889630e-01
   9.3473730e-01  -9.4872714e-01
  -7.8117400e-01   8.8255152e-01
  -9.3108601e-01   9.5341848e-01
   7.7952007e-01  -8.2952567e-01
   1.1647007e+00  -1.2095021e+00
   5.8998909e-01  -5.1761205e-01
   6.9556539e-01  -5.8519605e-01
  -1.1330496e+00   1.1877435e+00
  -2.4944662e-01   5.8344676e-01
  -2.4511622e-01   4.2542437e-01
  -6.3787180e-01   6.9271076e-01
   9.8021585e-01  -1.0701441e+00
  -1.5969277e+00   1.4548913e+00
   1.0220360e+00  -8.5516989e-01
  -5.3180384e-01   8.0780469e-01
  -9.7399755e-01   8.8575629e-01
  -6.6203650e-01   7.4543603e-01
  -2.4864601e+00   1.8525979e+00
   3.6102977e-02  -1.7765187e-02
  -8.3457537e-01   1.0048632e+00
  -4.9493621e-01   7.2514176e-01
  -3.7760256e-01   3.8065530e-01
   7.8587801e-01  -7.3172891e-01
  -1.0444006e+00   1.0164577e+00
   1.6295696e-01  -6.9310744e-02
   6.0922686e-02  -6.8392434e-02
   2.6910443e-01  -2.6770570e-01
  -4.2505844e-01   5.5132359e-01
  -1.7396071e+00   1.3689360e+00
   1.1463435e+00  -1.2013037e+00
  -1.1281686e+00   1.1096307e+00
  -1.5720787e+00   1.3666687e+00
  -8.8627748e-01   1.0137863e+00
  -3.9952461e-02   2.0619160e-01
   3.0591114e-01  -2.0699119e-01
   1.9083058e+00  -2.0951824e+00
  -1.0405510e+00   9.8247640e-01
   1.6798327e-01   1.5281799e-01
   1.1087273e+00  -1.2250163e+00
   5.4651201e-03   5.6819771e-02
   1.9102910e+00  -2.1023286e+00
   3.1465733e+00  -3.8317288e+00
   5.8532896e-01  -5.0144623e-01
   3.0413889e+00  -3.5660615e+00
   1.2875956e+00  -1.3115082e+00
  -8.6391076e-01   8.3428241e-01
  -7.9030943e-01   8.9757334e-01
   7.7438687e-01  -7.8719724e-01
   6.3616978e-01  -7.9233816e-01
  -7.1759855e-01   8.3977132e-01
   2.2649647e-01  -4.2473388e-02
  -1.4098762e+00   1.3470430e+00
   2.6185578e+00  -3.2663405e+00
   2.1615088e-01  -1.2811777e-02
  -1.3407141e-01   1.4614157e-01
  -6.5917098e-03   1.8726973e-01
  -4.1342603e-01   4.3706356e-01
   2.6352849e-01  -3.1275484e-01
   7.7429042e-01  -5.6679069e-01
   2.0696083e+00  -2.3641403e+00
  -2.6587162e-01   3.1623325e-01
  -1.3331387e+00   1.2075829e+00
  -1.1549989e+00   1.1189744e+00
  -1.5557487e+00   1.3515114e+00
   8.9043179e-01  -8.1713594e-01
  -9.1234905e-02   1.0083438e-01
   2.0084114e+00  -2.2082578e+00
   6.4070415e-02   3.3215175e-01
  -2.6527705e-01   4.4274824e-01
   2.1739056e-01  -8.7116380e-02
   6.5672402e-01  -5.4061803e-01
  -1.5270520e+00   1.4250267e+00
   1.1495634e+00  -1.2055466e+00
  -6.8698358e-01   7.6303834e-01
  -2.5702761e-01   3.7967296e-01
  -4.2063218e-01   6.1445599e-01
   3.1306390e-01  -3.4723781e-01
  -6.9480375e-01   8.0325388e-01
  -7.8084769e-01   8.7899832e-01
   2.1758950e-01   2.7986038e-03
   3.0605279e-01  -5.4700534e-02
  -4.0482658e-01   7.1043033e-01
   2.7010820e-01  -3.0425710e-01
  -3.2803137e-01   3.5347496e-01
   3.7372118e-02   1.7740065e-01
   1.0735652e+00  -1.0438042e+00
  -4.3113266e-01   5.6330302e-01
   1.3642602e+00  -1.4670522e+00
  -1.2990989e+00   1.1645957e+00
   9.0630751e-02   1.5958227e-01
   5.6292532e-01  -3.4444915e-01
   3.9475926e-01  -4.2570862e-01
  -1.1550138e+00   1.1283507e+00
  -5.8854571e-01   7.0942126e-01
  -5.4008851e-01   6.3383414e-01
  -7.3295401e-01   6.2807436e-01
   4.6592294e-01  -1.7909936e-01
   5.3732618e-02   9.1715718e-02
   1.5790066e+00  -1.7085602e+00
  -1.4449588e+00   1.3322952e+00
   3.3577083e-01  -3.9126510e-01
   9.6256048e-01  -1.0312842e+00
  -3.8187332e-01   3.0044475e-01
   4.1247220e-01  -1.9012359e-01
  -1.8673556e-01   2.7672388e-01
   8.5957778e-01  -8.8569938e-01
  -2.0112156e-01   3.0960886e-01
  -2.4949996e-01   3.9037678e-01
  -9.1287927e-02   3.3455887e-01
  -1.7300211e-01   3.4331753e-01
   8.2197483e-01  -7.2810772e-01
   6.2905155e-01  -4.5675450e-01
   8.0895364e-01  -8.8696705e-01
  -1.2392196e+00   1.1180892e+00
  -1.8696515e-01   2.5457182e-01
   1.8996942e-01  -7.6716376e-02
   2.8701867e-02  -1.0181918e-01
  -6.2514374e-01   6.4290313e-01
   1.8205482e+00  -2.0410757e+00
  -1.1326690e+00   9.5783488e-01
  -3.9561887e-01   5.2872990e-01
   1.0056991e+00  -1.0825260e+00
   6.3866976e-01  -4.9172741e-01
   1.8879654e-01  -1.6607126e-01
  -1.4805725e+00   1.4103713e+00
  -9.5712869e-01   1.0096071e+00
  -2.8492024e-02   1.9741066e-01
  -9.3980895e-01   9.1418470e-01
   8.6131464e-02   2.4796949e-01
  -1.8719323e+00   1.5545441e+00
   5.1483614e-01  -4.9803409e-01
  -1.7075581e+00   1.3991710e+00
  -6.4284605e-01   6.4534513e-01
  -4.8218115e-01   4.2621516e-01
  -1.2468155e-01   1.9792813e-01
  -2.8415303e-01   4.2070562e-01
   3.3572219e-01  -3.4142988e-01
  -1.6947693e+00   1.2912587e+00
   1.4626899e+00  -1.4602532e+00
  -8.6850476e-01   7.9536432e-01
  -5.5456324e-01   5.1718589e-01
   7.0318769e-02   7.6462213e-02
   5.5495670e-01  -4.9180983e-01
  -7.6933715e-01   9.4204798e-01
  -1.1634997e+00   1.1122614e+00
  -4.9519842e-01   4.6850167e-01
  -5.2721759e-01   7.0413715e-01
   5.6712914e-01  -4.5664474e-01
  -3.6429588e-02   1.2761143e-01
   4.3940053e-01  -4.3025765e-01
  -1.8676779e-01   3.1840515e-01
  -6.5780398e-01   8.3905246e-01
  -6.2622516e-01   7.0189430e-01
  -2.1044777e-01   2.8863122e-01
   3.5959383e-01  -2.7202313e-01
  -1.3769000e+00   1.0935145e+00
  -6.3440794e-01   5.4828314e-01
  -2.6343850e+00   1.7916092e+00
   3.1643737e-01  -2.5194865e-01
   8.0704596e-01  -9.1705206e-01
   4.5785113e-01  -3.1529919e-01
   6.1376341e-01  -6.6440348e-01
   1.9737860e-01   2.3847826e-03
  -1.7873493e+00   1.6202125e+00
   6.7062016e-01  -5.9419329e-01
  -5.8463751e-01   6.8916383e-01
  -2.2806200e-01   2.3932105e-01
  -1.2371358e-01   2.4733449e-01
   8.9514247e-01  -8.9505417e-01
  -2.6607699e-02   5.4547536e-02
  -4.7772893e-01   4.4897916e-01
  -6.5594056e-02   4.1328881e-01
  -1.3699066e+00   1.1976091e+00
   1.3286503e+00  -1.4380898e+00
   5.0587150e-01  -3.9507854e-01
  -6.2298699e-01   4.4054761e-01
  -4.8556733e-01   6.3189544e-01
   2.2969954e+00  -2.7284169e+00
  -2.2621606e-01   3.0140199e-01
  -1.8452617e+00   1.4987585e+00
   8.6677818e-01  -6.0772544e-01
   7.8876445e-01  -8.3747649e-01
   4.8191862e-01  -4.0154050e-01
   1.8107053e+00  -2.0482328e+00
  -4.9139480e-01   7.5021510e-01
  -1.6665045e+00   1.4633540e+00
  -1.5187027e+00   1.3316151e+00
  -1.7591687e+00   1.4974489e+00
  -9.9465516e-01   1.0145368e+00
  -9.5998805e-01   9.4553120e-01
  -1.8209847e+00   1.4868269e+00
  -8.5512060e-01   8.9062271e-01
   7.1066856e-01  -5.6371201e-01
   4.2302295e-02   1.1788847e-01
   2.3775723e-03   2.8786849e-01
   1.6680379e-01   1.1018836e-02
  -8.2905185e-01   1.1279425e+00
   5.7212195e-01  -4.9995448e-01
   5.1981628e-01  -3.7733435e-01
  -2.2689643e+00   1.6518650e+00
   2.0999492e-01  -9.7375338e-02
   8.0090606e-01  -7.7101829e-01
   1.7626886e-01  -1.0749596e-01
   4.6887249e-01  -4.7246521e-01
   3.4172396e-01  -2.4574926e-01
  -1.8034333e-01   1.5435133e-01
   4.3364846e-01  -2.7818610e-01
   2.9995731e-01  -2.5278457e-01
  -2.7267759e-01   4.7003437e-01
  -8.8823030e-03   7.0642204e-02
  -1.7160694e-01   1.6569491e-01
   3.9104587e-01  -2.4324494e-01
   7.7760225e-01  -7.1397480e-01
   5.1936633e-01  -4.5376353e-01
  -1.3233355e+00   1.2410473e+00
   1.2498198e+00  -1.3747642e+00
  -3.5431192e-01   4.3100646e-01
  -2.9454572e-01   2.2456453e-01
  -1.0294635e+00   9.8398251e-01
   1.4025453e-02   7.9752578e-02
   5.2178147e-01  -5.7163429e-01
   1.4044991e+00  -1.3094036e+00
  -7.6359068e-01   7.1201676e-01
  -1.5231180e+00   1.4139755e+00
   1.9499361e-01  -9.5013883e-02
  -1.2857445e+00   1.0903777e+00
  -1.2715970e+00   1.1276888e+00
   3.0153469e-01  -1.7677456e-01
   4.5011215e-01  -3.1303255e-01
  -5.8880455e-01   6.0026059e-01
  -1.2962607e-01   1.4421392e-01
  -5.3268159e-01   5.6977443e-01
   8.2504991e-01  -7.6197013e-01
   3.1045256e+00  -3.8913225e+00
   2.7569432e-01  -1.7851663e-01
  -9.6933986e-01   9.0221187e-01
   5.0323859e-01  -3.2736252e-01
  -9.7525950e-01   9.1985926e-01
  -1.0114603e+00   9.9962222e-01
  -6.7238551e-01   6.9452369e-01
   1.0313223e+00  -8.7160894e-01
   9.7689166e-04   1.3946253e-01
   3.2900652e+00  -4.0774498e+00
   3.8376398e-01  -2.6222947e-01
  -2.8361888e+00   1.7136057e+00
   8.9309113e-03   1.4715442e-01
   7.7897180e-01  -8.0106104e-01
   5.9200570e-02  -1.1688749e-01
   5.1971503e-01  -2.0995994e-01
   1.6553389e+00  -1.7836906e+00
   1.7014477e+00  -1.9840532e+00
   8.8980950e-01  -1.0687179e+00
  -1.1797188e+00   1.0448274e+00
   6.0178761e-01  -5.2351728e-01
   1.2437983e+00  -1.2414258e+00
  -2.6156931e+00   1.8289858e+00
   1.1390602e-01   2.0248762e-02
   1.5450308e-01  -5.9332007e-03
   1.5974076e+00  -1.7435925e+00
  -1.4817509e-01   1.2421330e-01
   9.8414322e-01  -7.8640174e-01
   4.7126332e-01  -3.6568159e-01
  -3.8535667e-01   4.8799991e-01
   1.2276814e+00  -1.3404308e+00
   1.0706351e+00  -1.0083030e+00
   1.6954042e+00  -2.0426606e+00
  -5.6451924e-01   7.0296546e-01
   2.8925332e-01  -1.3030315e-01
  -1.3492277e-01   2.4051328e-01
  -1.8935616e-01   2.9108611e-01
   2.8848411e-01  -6.2864159e-02
  -1.3148737e+00   1.1865427e+00
  -4.5804428e-01   5.5698137e-01
   5.7982082e-01  -5.3285219e-01
  -1.0663601e+00   1.1192780e+00
   5.8389986e-01  -4.1228412e-01
   2.8060530e-01  -1.0640975e-01
   5.4799781e-01  -5.7608148e-01
  -3.7175977e-01   3.2226702e-01
   1.5431185e-01  -2.0807314e-02
   1.0463856e-01   4.2294526e-02
   6.4641770e-01  -5.9732242e-01
  -7.7184002e-02   4.1491075e-01
   9.2523129e-01  -8.3434300e-01
   5.5026364e-01  -3.5979328e-01
   1.1431655e-01  -1.0509443e-01
  -3.5565820e-01   4.6538580e-01
  -1.4195756e-01   2.3491768e-01
   1.1616845e+00  -1.1855023e+00
  -3.1636527e-01   2.5067557e-01
  -2.8561631e-01   4.7359828e-01
   4.0063940e-01  -3.8516502e-01
  -1.6355453e-01   3.2682199e-01
  -8.2214817e-01   8.8090699e-01
  -1.5904529e+00   1.3522179e+00
   2.9374926e+00  -3.4550484e+00
  -1.0107410e+00   1.0091013e+00
  -3.3974679e-01   4.5840746e-01
   1.2754842e+00  -1.4568907e+00
   1.0292715e+00  -1.0402561e+00
   6.0255325e-01  -5.4400018e-01
   3.2811239e-01  -3.5534232e-01
  -4.6276447e-01   5.5236808e-01
  -2.5683313e-01   3.2993807e-01
  -1.4401825e+00   1.2209295e+00
   4.4785828e-01  -2.9071020e-01
   3.4571459e-01  -1.9423691e-01
   5.1285349e-01  -4.0927738e-01
   1.8733043e-01   7.7875849e-02
  -1.5647122e+00   1.4136107e+00
  -3.8852653e-01   6.2644659e-01
   1.6057579e-01  -7.6361196e-02
   4.0966218e-01  -3.2884412e-01
   1.1739002e+00  -1.0028983e+00
   6.3049431e-01  -5.1800668e-01
  -9.8575187e-01   1.1435271e+00
   2.3295167e-01  -2.1542206e-01
  -1.1821841e+00   1.0045554e+00
  -3.7533564e-01   3.5887906e-01
  -1.8865051e-01   4.0865969e-01
  -1.1024329e-01   2.4186936e-01
  -1.7636735e+00   1.4919400e+00
  -9.7878743e-01   9.1939053e-01
   2.6269428e-01  -5.0049863e-02
   6.2923765e-01  -5.0743920e-01
   1.2529589e+00  -1.3324529e+00
   7.5610548e-01  -7.0214314e-01
   8.0394192e-01  -7.5610167e-01
   4.8592558e-01  -3.6656417e-01
   3.5510549e-01  -1.6824283e-01
   8.7627533e-01  -9.0170896e-01
   3.4492151e-01  -3.9957246e-01
  -2.1468727e+00   1.6184480e+00
   1.1743299e+00  -1.2410891e+00
   7.4325123e-01  -7.5418695e-01
   4.2867913e-01  -4.2678192e-01
  -5.7421222e-01   6.1116433e-01
   1.5192917e+00  -1.5622886e+00
  -3.8996141e-01   5.7701543e-01
   1.4572105e+00  -1.6084250e+00
  -1.5346830e+00   1.3592144e+00
   1.5876815e+00  -1.7548375e+00
   7.0825353e-01  -7.3007363e-01
  -2.4586205e+00   1.7274239e+00
   1.3628234e+00  -1.5044054e+00
  -6.7847077e-01   7.5779630e-01
   9.6655696e-01  -1.0057410e+00
   2.1976854e-01  -1.1651742e-01
   1.1481303e+00  -1.2784320e+00
  -4.3788370e-01   4.5895572e-01
   2.3039846e-01  -1.7486723e-01
   2.4448063e-01  -1.9704537e-01
  -2.3396909e+00   1.8886763e+00
   1.8617921e-01  -2.0076294e-01
  -1.9446322e-01   2.6131270e-01
  -1.3709972e+00   1.2695451e+00
  -4.1676236e-01   4.8248148e-01
  -8.5116408e-01   7.8730213e-01
  -1.4857435e+00   1.2385062e+00
  -4.8274464e-01   3.7409403e-01
   1.1738393e-01  -1.3942976e-01
   4.3532529e-01  -5.1899577e-01
   9.4709238e-01  -8.5594923e-01
   3.8470889e-01  -2.1812114e-01
  -8.0710942e-01   1.0290838e+00
  -9.2959501e-03   7.9175917e-03
  -1.0355833e+00   9.8770209e-01
   4.3420042e-01  -3.2744338e-01
   9.2408748e-01  -8.9041537e-01
   1.7809168e+00  -1.9860510e+00
  -7.6528324e-01   7.7127214e-01
   1.7453096e-01  -1.5466750e-01
  -1.8354258e-01   1.2407002e-01
  -2.2089271e-01   2.8614621e-01
   2.0520130e-01  -3.9758250e-02
  -7.7135721e-02   1.5917653e-01
   1.8732215e+00  -2.1599435e+00
   1.3755218e-01   3.2158586e-02
   3.2492248e-01  -2.3180161e-01
  -6.2457330e-01   7.2546161e-01
  -7.8662550e-01   7.0981193e-01
   4.8126983e-01  -4.4413974e-01
   1.2608558e+00  -1.2394321e+00
  -1.2280175e+00   1.0612067e+00
   5.3257712e-01  -4.2975878e-01
  -1.6695523e+00   1.4008937e+00
   4.8180757e-01  -2.7966946e-01
  -1.3963084e+00   1.2920374e+00
   9.3922566e-01  -9.8015354e-01
   4.5393303e-02   2.1808839e-01
   1.5814111e-01   9.7015489e-02
   2.6283461e-02  -8.7936368e-02
  -1.2865957e-01   2.7857899e-01
  -1.0464174e+00   1.0248390e+00
  -8.9210084e-01   9.3515612e-01
   1.8826839e-01  -1.4247034e-01
  -1.3153368e+00   1.2341334e+00
  -2.7881654e+00   1.7780102e+00
  -2.1139894e+00   1.6541153e+00
   1.2206178e+00  -1.3438474e+00
   1.8107886e-02   1.4611696e-01
  -2.6531550e-01   4.1213840e-01
  -1.3143256e+00   1.3145163e+00
   1.4974064e+00  -1.6136379e+00
  -4.1033123e-02   1.0289751e-01
  -4.4564988e-01   4.8689993e-01
  -9.3800266e-01   8.9451166e-01
  -4.4204421e-01   5.0740943e-01
   3.8175369e-02   1.6978140e-01
  -2.0867820e-01   2.3201453e-01
  -5.1067263e-01   6.3756833e-01
  -1.2454367e+00   9.6474824e-01
  -8.2571114e-01   7.5700487e-01
  -8.3872035e-01   9.3980994e-01
   3.5423550e-01  -2.9555335e-01
   1.4118057e+00  -1.4237222e+00
  -1.5499364e+00   1.2511094e+00
  -1.4037928e+00   1.1704875e+00
   9.4045511e-01  -9.2341298e-01
   8.7079724e-01  -9.0810606e-01
  -1.1964140e-02   1.5242735e-01
   2.6661999e-01  -1.0386011e-01
   6.2444363e-01  -5.5511093e-01
  -5.9645794e-01   8.0680843e-01
   4.5500830e-01  -3.1935788e-01
   1.2331990e+00  -1.2979172e+00
  -6.8599615e-01   8.8411583e-01
  -7.8309140e-01   7.0171317e-01
   9.1624708e-01  -8.0192114e-01
  -3.3286642e-01   3.9718759e-01
  -4.6664282e-01   4.8721882e-01
   1.2014709e-01   2.6811828e-01
   1.7242680e+00  -1.7685906e+00
   4.0766265e-02   1.8713704e-01
   7.4034009e-01  -7.2909421e-01
  -7.5919799e-01   8.1367684e-01
  -1.9050317e-01   3.7832552e-01
  -2.3327304e-01   3.2906595e-01
   8.2184661e-02   8.0557730e-02
  -4.4389938e-01   4.7666923e-01
  -1.5493623e+00   1.2963075e+00
   8.9359884e-01  -7.0453631e-01
  -1.7850133e-02  -1.0217825e-01
  -1.0863338e+00   1.0923987e+00
  -5.1612437e-01   4.5928421e-01
   1.5727310e+00  -1.7457906e+00
  -2.3310116e+00   1.7173548e+00
   2.5923494e+00  -3.0558013e+00
   8.5311294e-01  -7.0772808e-01
  -4.7744001e-01   6.2654888e-01
   8.3136805e-01  -7.3121673e-01
   9.6579179e-01  -1.0172998e+00
  -1.7178930e-01   4.1555610e-01
  -1.4878871e+00   1.1301913e+00
  -7.7435024e-01   7.4861145e-01
   2.1164577e+00  -2.3730046e+00
  -1.8406771e+00   1.4858302e+00
  -1.3903070e+00   1.2359069e+00
   1.5462526e-01  -6.3425372e-02
   6.7237128e-01  -5.3815877e-01
   5.4953811e-01  -6.0485104e-01
   1.4897853e+00  -1.8112686e+00
   1.9934779e-01   6.1029689e-02
   1.3416082e+00  -1.4865085e+00
   1.0114802e+00  -9.4715135e-01
   3.9070495e-01  -2.7248258e-01
  -3.6159774e-01   5.2744476e-01
  -1.1854188e+00   1.1027476e+00
  -4.4770977e-01   6.6539733e-01
  -9.3063248e-01   8.9976516e-01
  -6.5203886e-01   6.9128956e-01
  -5.4165271e-01   5.6952066e-01
   3.2818845e-01  -1.0225016e-01
  -1.3602858e+00   1.1268330e+00
   4.8472779e-01  -5.5399142e-01
  -7.0329520e-01   7.4926998e-01
  -8.0548815e-01   8.9570094e-01
   1.5980532e-01  -6.4719127e-02
  -7.8157742e-01   8.0576135e-01
  -8.7880426e-01   9.4500019e-01
  -5.9754891e-01   6.2842730e-01
  -9.7945415e-01   9.6711590e-01
  -2.7865026e-01   4.1717420e-01
  -1.0139355e+00   1.0355699e+00
  -1.8275179e-01   2.0825901e-01
  -4.8961109e-01   6.8582337e-01
  -8.9650160e-01   8.3526820e-01
   1.3643580e+00  -1.4204244e+00
   5.5809588e-01  -5.9485942e-01
  -1.6701873e+00   1.5930895e+00
  -5.0882804e-01   6.3208238e-01
   2.6263079e-01  -2.2828064e-01
   3.8313975e-01  -2.6727937e-01
  -7.0539183e-01   6.8798324e-01
   1.0320353e+00  -9.8100074e-01
  -2.4270362e-01   2.5674066e-01
  -2.4143992e+00   1.8143743e+00
  -1.1601434e+00   1.1422426e+00
   2.3889013e-01   1.9001216e-02
  -6.2770051e-01   8.0265144e-01
   7.2961205e-01  -7.3714549e-01
   3.4393253e-01  -8.4157967e-02
   4.6358369e-01  -5.3160183e-01
  -2.4952448e-01   6.6649848e-01
   1.5030992e-01  -6.9726833e-02
   3.6690916e-01  -3.3081983e-01
  -8.3383487e-02   1.0637275e-01
   5.7720592e-01  -5.0411783e-01
  -1.3644727e-02   2.3139791e-01
   7.1160598e-02  -3.0556147e-02
   9.0088520e-02   2.4958559e-03
   1.3539480e-01  -3.1525633e-02
   4.1557021e-01  -3.8577811e-01
  -5.8563580e-01   7.2662169e-01
  -2.9656396e-01   3.5721872e-01
   1.6720101e+00  -1.8330424e+00
   2.2921837e-01  -1.6033380e-01
  -4.1994137e-01   4.1280446e-01
  -1.6083793e+00   1.4164218e+00
  -7.5956595e-01   9.7820112e-01
  -4.9657953e-01   5.2966858e-01
   1.2545866e+00  -1.3596461e+00
   2.8171382e-01  -2.3479407e-02
   6.1067103e-01  -5.9181171e-01
   8.5285844e-01  -7.4433249e-01
  -1.7785729e+00   1.3942324e+00
  -4.5096419e-01   5.2702991e-01
  -3.7113561e-01   4.8580597e-01
   5.9010755e-01  -3.8640948e-01
  -1.4392741e+00   1.2839062e+00
   6.7705881e-01  -7.0473233e-01
   1.8714287e+00  -2.1100277e+00
   1.4395426e+00  -1.5294334e+00
   8.0531754e-01  -6.4681902e-01
  -7.8790685e-02   4.2941986e-02
   5.4191026e-01  -4.3638562e-01
   6.2424066e-01  -5.3159406e-01
  -6.2950559e-01   4.3330594e-01
  -5.6345151e-01   6.3232969e-01
  -1.6976204e-01   1.0633931e-01
  -1.7436102e+00   1.4485907e+00
  -4.7945287e-01   6.8376697e-01
   9.0406485e-01  -1.0047784e+00
  -7.8699353e-01   9.9126874e-01
  -3.5665134e-02   2.2568912e-02
   1.9618486e-01  -1.6760202e-01
  -4.1049641e-01   4.6003911e-01
   6.7527175e-01  -5.8596332e-01
  -5.4706015e-01   5.0125490e-01
   8.9298448e-01  -8.1409940e-01
  -3.3812394e-02   2.2537798e-01
   3.9800251e-02   1.5922361e-01
  -9.6402617e-01   8.6788511e-01
   1.6938863e-01  -1.4808283e-02
   7.9879572e-01  -7.4041182e-01
  -1.5571345e+00   1.2839722e+00
   2.5166863e+00  -3.0957653e+00
  -1.3722757e+00   1.1408058e+00
   2.4425355e+00  -2.8352237e+00
