  -1.7826523e+00   1.2662667e+00
   2.1210852e+00  -6.4579819e-01
  -4.7857914e-01   2.9768538e-01
  -1.1843198e+00   1.2776859e+00
   6.8064916e-01   7.8780435e-01
   9.2978478e-01   1.1129806e-01
   2.6439884e-01  -8.9643641e-01
  -1.4658697e-01  -1.0061418e-01
   6.6899698e-01   1.3905365e-01
   2.5708298e-01  -8.9986978e-01
   1.3358056e+00  -7.5483994e-01
   2.8680144e-01  -4.1660777e-01
  -1.1003597e+00   9.2692370e-01
  -5.2135806e-01   7.6601171e-01
  -7.2940070e-01   3.2273238e-01
   3.9781641e-01  -7.7261807e-01
   6.4687746e-01  -2.0097434e+00
  -4.4259471e-01   1.5151306e+00
  -2.5195623e-01  -1.1421562e-01
  -4.4140431e-01  -1.2596781e-01
  -6.0494283e-01   8.3749600e-01
   3.0008193e-01   1.0822483e-01
   5.0068237e-01  -1.7103925e-01
  -8.2700962e-01   8.0531287e-01
  -1.8611244e-01  -3.3870235e-01
  -9.1209033e-01   8.4208004e-01
   9.0497872e-02   1.3150260e+00
  -7.0087016e-01   3.8786925e-01
   1.6009507e+00  -2.5071283e-01
  -9.8176366e-01   1.4572760e+00
  -6.1562074e-01   1.3234292e+00
  -5.6111449e-01   7.2572456e-01
  -7.3154196e-01   3.0340431e-01
  -8.7550937e-01   5.6948314e-01
  -5.2273484e-01  -1.6717301e+00
  -2.3936927e-01  -3.3518399e-02
   8.0710257e-02  -4.3575933e-01
   1.3500061e+00   1.6652911e-02
   2.0597932e-01  -1.3300466e+00
   5.5288277e-02  -3.2370432e-01
  -1.4403255e-01   2.2662228e-01
  -1.4242428e+00   1.2027785e+00
  -1.7028826e+00   1.5665998e+00
   4.9184164e-01  -1.4364763e+00
   3.5154905e-01  -1.7162956e+00
  -7.6863258e-02   5.5842355e-02
  -1.5423516e+00   1.1372527e+00
  -1.0402392e+00   6.5559104e-01
  -1.0757170e+00   1.3932219e+00
   8.5822667e-01  -1.8397794e+00
   1.3214557e+00  -5.4634068e-01
   2.2294482e+00  -1.1085427e+00
  -4.6285855e-01   2.1854228e-01
  -5.6006049e-01   1.6928354e+00
  -9.4489518e-01   9.8051659e-01
  -1.0242832e-01   1.0814514e-02
   6.1404014e-01  -1.3186612e+00
   1.6657116e+00  -1.7263446e+00
  -6.8693398e-01   8.4571301e-01
   1.3811632e+00  -4.1850689e-01
   1.5847228e+00  -5.9366178e-01
  -5.6580960e-01   9.1716454e-01
  -1.2566011e+00   5.0587616e-01
   5.9371187e-01  -2.1017076e-01
  -6.0157356e-01   5.6843119e-01
   9.2677592e-02  -2.1467705e-01
   1.7421307e+00  -1.0956650e+00
  -7.0727515e-01  -1.4726367e+00
  -3.8886076e-01   2.9200128e-01
   1.5988300e+00  -1.4778488e+00
  -5.8910970e-01   7.2478662e-01
  -1.5595140e+00   1.0765008e+00
  -6.7087754e-01   1.6464887e-02
  -5.5029719e-01   4.0712144e-01
  -8.9507160e-01   7.4753727e-01
   3.5108709e-02   8.7602831e-01
  -3.2645650e-01   6.8079993e-01
  -1.4124434e+00   1.0836796e+00
   1.6618028e-01  -3.7548292e-01
   6.6038745e-01   9.9090239e-01
   1.1311616e+00   1.4827901e-01
   5.2530055e-01   9.2787518e-01
   7.6005323e-01  -1.6173732e+00
  -3.6982412e-02   5.9964890e-01
  -9.7177479e-01   4.0669336e-01
   5.5805382e-02  -5.4008579e-01
  -3.5867637e-01   3.2317945e-01
   6.5165792e-01  -1.7238981e+00
   2.1117731e+00  -5.7125772e-01
   2.1601323e+00  -1.5828872e+00
  -8.6242660e-01   7.7964345e-01
  -4.1140508e-02  -4.8898940e-01
   2.4454288e+00  -2.2027607e+00
   4.0141340e-01  -1.3781673e+00
   6.3310294e-01  -7.8723293e-01
  -2.8555010e-01   4.0355935e-01
   3.5552735e-01  -5.8729779e-01
   8.9467773e-01  -1.9896837e+00
   1.5513026e-02   7.0277887e-01
   3.7156221e-01  -9.6330880e-01
   1.3690542e-01  -9.1518047e-02
  -9.3896291e-02   4.8980009e-01
   6.2321630e-01  -1.6752362e+00
   9.2950866e-02   5.7383050e-01
   4.9878626e-01  -2.1033947e-01
   6.4887712e-02  -4.6773157e-01
  -6.9201817e-01   7.5937555e-01
  -1.5153937e+00   6.1307870e-01
   6.5925671e-02   1.0973927e+00
  -1.8694711e+00   1.6971303e+00
  -2.1953339e+00   3.0460377e+00
   1.6230392e+00  -3.0741733e-01
  -1.2362488e+00   1.1935981e+00
  -9.9259566e-01   1.2975522e+00
   9.7644030e-01   6.8036403e-01
   1.2746289e+00  -1.1954952e+00
  -3.0404831e-01   3.4736458e-01
   3.1058938e-01  -9.0930353e-01
   1.0713944e+00  -7.4424863e-01
  -7.4204979e-01   1.1448154e+00
   4.3563176e-01  -9.0104539e-01
  -5.3376646e-01   3.7446702e-01
  -3.1563250e-03   9.6595073e-01
   1.4084179e+00  -1.5970618e+00
   6.7452057e-01  -1.7579140e+00
   6.5434764e-01   5.0481577e-03
   3.3986609e-01  -3.4638746e-01
   3.1372388e-02   3.6058633e-02
  -8.4993715e-02   3.2969032e-01
  -1.9441263e-02  -3.0495890e-01
  -6.5147209e-02   2.7979045e-01
   4.8611574e-01  -1.8374692e+00
   2.6355925e-01  -9.5977844e-01
  -3.2433972e-01   5.8244749e-01
  -1.0445792e+00   1.2499992e+00
  -3.0232259e-01   1.6907125e-01
  -4.9361265e-01  -8.7158800e-01
  -2.3833998e+00   2.1873720e+00
   1.1093359e-01  -5.2006005e-01
   5.6023973e-02   4.9380387e-02
  -1.5203729e+00   6.4224596e-01
  -7.0769030e-01   5.4448485e-01
  -4.1319135e-01   4.3519868e-01
  -5.5135114e-02   5.0018524e-03
   5.2432171e-02  -5.0027287e-01
   3.3558292e-01  -9.2374031e-01
   1.5189721e-01  -7.5919796e-01
  -1.1193754e+00   5.2653594e-01
  -3.8326849e-01   3.8990159e-01
   9.4871392e-01  -8.4262334e-01
  -1.9016752e-01  -5.6686347e-01
   1.1952315e+00  -9.3023696e-02
   1.5969086e-01  -2.4397031e-01
   1.7650145e+00  -2.5395107e-01
   1.1903934e+00  -1.0839486e+00
  -2.3279408e+00   1.8955805e+00
  -1.6769843e-01   1.8921742e-01
  -2.0091149e-01   2.6755628e-01
   1.0842413e-01   7.2354986e-02
   7.3013156e-02  -6.9189590e-01
  -9.0427210e-01   1.1141500e+00
  -9.2215846e-01   3.9266178e-01
  -1.6709989e+00   1.5190508e+00
  -2.1245855e+00   2.0887117e+00
  -8.5852965e-01   6.8416304e-01
   1.1586487e+00   1.9450139e-02
   1.2533649e-01   4.0725561e-01
  -5.4479567e-01  -6.8028963e-01
  -5.2622900e-01   3.4455012e-01
  -1.1224986e+00   1.0773555e+00
   1.7753717e-02  -1.3213015e-01
   1.1934926e-01  -6.1110881e-02
   6.6150946e-01  -1.5779230e+00
   5.8577608e-01  -1.1175387e-01
  -2.3260073e-01   2.2950714e-01
   2.2273128e-01  -6.1793256e-01
  -6.0381415e-01   9.8750753e-01
  -2.9551441e-01   3.4387366e-01
  -1.8597366e+00   2.3134057e+00
  -1.0601452e+00  -6.1740042e-01
   8.0993134e-01   5.4449587e-01
   4.3542445e-01  -1.6742960e-01
  -2.8210124e-01   4.3741299e-01
  -1.0706802e+00   9.0085034e-01
   3.3898082e-01  -2.1718657e-01
   2.6409698e-01  -4.2509419e-01
  -1.1541550e+00   1.0661940e+00
  -9.1593448e-01   1.0893913e+00
  -5.1310843e-02  -1.7104338e-01
  -1.5156479e-01   4.3203856e-01
  -3.4927606e-01   7.4237372e-01
  -9.8257144e-02  -6.1468720e-01
   4.0667725e-01  -3.1929399e-01
   3.2789869e-01  -7.7749005e-01
  -1.4540575e+00   1.8985166e+00
   8.6463013e-01   4.9667300e-01
   9.4224469e-02  -1.0648570e+00
  -3.3904464e-01  -8.2994111e-01
   7.2933687e-01  -1.6685149e+00
   2.7852110e-03   5.3663406e-02
  -8.3977121e-02   1.8415711e+00
  -4.9626520e-01   2.9895546e-01
   5.6220245e-02  -9.7255580e-02
   1.4905330e-01  -5.2151842e-01
   6.0257694e-01   4.5911864e-01
   1.3974061e+00  -3.2885233e-01
   6.0372122e-01  -1.1722248e+00
  -1.1799913e+00   7.3716538e-01
   1.3428002e+00   4.9080691e-02
  -1.2402159e+00   3.7160304e-01
  -1.0941905e+00   8.7342638e-01
  -1.4112871e+00   1.5009356e+00
   2.0186017e-01   1.1738518e-01
  -1.8032532e-01  -3.8616208e-01
  -8.4941546e-01   1.1597859e+00
  -8.0527335e-01  -5.5572006e-01
   3.7633295e-01  -1.2934434e-01
   8.1134641e-01  -9.1356173e-01
   9.3914077e-02  -9.0551001e-01
  -3.7364777e-01   3.0869884e-01
   1.7627917e+00  -1.0256323e+00
  -7.5603696e-01   6.7129754e-01
  -8.8046215e-02  -1.9097945e-01
  -1.2596803e+00   1.3409231e+00
   5.7993905e-01  -6.9274139e-01
  -3.5096896e-01   8.8111533e-01
  -5.2955189e-01  -1.9502617e+00
  -1.2001668e+00   6.2721383e-01
   5.0870808e-01  -9.9472256e-01
   2.2571507e+00  -1.9691763e+00
  -1.4122910e+00   1.1421934e+00
  -3.9884355e-01   3.6303143e-01
   2.3390370e+00  -1.5189334e+00
  -1.3458739e+00   1.0664287e+00
   1.5201235e+00  -8.1194685e-01
  -2.7190634e-02  -3.1845108e-02
  -9.4087948e-01   2.4293428e+00
  -3.1424340e-01  -7.7116015e-02
  -1.5545998e+00   1.3424635e+00
  -2.0443947e+00   2.2860323e+00
  -1.0358933e-01  -6.8313877e-01
  -1.3634988e+00   1.3303329e+00
   3.1015757e-01   1.0626289e+00
   2.5512703e-01  -4.4485421e-01
  -4.0391761e-01   5.4406809e-01
   1.9459970e+00  -4.2850415e-01
   1.5643240e+00  -9.2395085e-01
   1.2624012e-01  -6.9695588e-01
   6.0084290e-01   2.9052920e-01
   1.9874051e+00  -1.8677581e+00
  -9.3598533e-01   1.4675516e+00
   9.2282058e-01  -1.0440120e-01
  -3.2297629e-01   3.8636071e-01
   7.8975884e-01  -1.4275664e+00
  -1.2131302e+00   1.1470370e+00
   1.0956154e+00  -5.9678005e-01
   1.2002455e+00  -3.9147291e-01
   1.6651473e+00  -4.4134313e-01
   3.0455712e-01  -5.9666190e-01
   1.1977756e+00  -1.7223634e+00
   3.8896030e-01   1.6386821e+00
   1.2729307e+00   8.0712437e-03
   1.8874331e-01  -4.9953981e-01
   1.0125353e+00  -6.2297893e-01
   1.0441490e+00   3.3967782e-01
   1.5325206e+00  -4.9102598e-01
  -6.8747504e-01   2.1029973e-01
   5.5742378e-01  -1.2245503e+00
  -7.9996114e-01   8.1528854e-01
   2.2612854e-02  -5.2820005e-02
  -2.9451214e-01   5.7943633e-01
   2.0519456e-01   9.4821794e-01
  -1.4768311e-01   2.4268654e-01
  -6.0481681e-01   1.9698550e+00
   1.5579333e+00  -1.2400267e+00
   5.6707017e-01  -7.1737277e-01
   1.8148828e-01  -9.2944729e-01
   6.0020295e-01  -8.0419345e-01
   1.5518937e+00   2.2491308e-02
  -2.6510446e-01   1.1104020e-01
  -5.7099387e-01   9.5680282e-01
   4.3073741e-01  -1.7845229e+00
  -2.4625431e-02   3.6775359e-02
   5.7410076e-01  -1.1870357e+00
   1.3673386e+00  -8.5419399e-02
   1.4583080e+00  -4.3204556e-01
  -1.8304058e-01   3.5990365e-03
  -8.7132712e-01   6.4259913e-01
  -1.3398544e+00   1.4022667e+00
   3.0485122e-01   9.4370542e-01
  -4.1216200e-01   5.5027535e-01
   3.2997966e-01  -1.9695372e+00
  -1.6837336e+00   1.7444349e+00
  -4.0046174e-01   5.2667306e-01
   7.3430439e-01  -9.6018190e-01
   2.7059834e-01  -6.3680949e-01
  -1.5942307e+00   1.4337283e+00
  -1.5989155e+00   1.5216981e+00
  -5.0577484e-01   7.6987211e-01
   4.9016961e-01  -9.9394581e-01
  -2.1544432e+00   2.0499602e+00
   1.6292351e+00  -2.9249285e-01
   4.3187622e-01  -7.9932888e-01
   1.0132405e-01  -7.5228064e-01
  -1.1019527e-01  -5.6911773e-01
   2.0726749e-01  -1.5461239e-01
  -6.1184768e-02  -2.6265691e-01
   1.1614777e-01  -4.7354051e-01
   4.6908542e-01  -1.6092397e+00
   1.3476844e+00   2.6677712e-01
  -3.4094443e-01   2.5819500e-01
   3.5565176e-01  -9.4145134e-01
  -8.3907344e-01  -2.6904125e-01
  -2.4866881e-02   4.9135034e-01
  -1.1933907e+00   1.6323577e+00
   3.1648898e-01  -9.5706084e-01
  -4.2675919e-01   2.5932045e-01
   6.6653984e-01  -1.5113350e+00
   1.6318758e+00  -2.0403402e-01
  -4.5015075e-01   5.5223250e-01
  -3.1743691e+00   2.9107531e+00
   1.9005054e+00  -7.0398067e-01
  -1.6461075e-01  -2.8601608e-01
   6.9822858e-01   3.9282595e-01
  -1.9188293e+00   2.2186072e+00
  -4.0561222e-01   5.1870637e-01
  -1.2576766e-01  -4.1984440e-01
  -2.2268585e-02  -4.9540851e-01
   4.7769781e-01  -1.3559043e+00
   2.1843368e-01   1.6404974e-01
   2.3304175e-01  -8.3408037e-01
   1.0013571e+00   7.7043263e-01
  -1.1809811e-01  -3.7322020e-01
   9.5994238e-01  -1.6372888e+00
  -4.6322135e-01   1.3850529e-01
   1.4705890e+00  -3.3316726e-01
   3.4791112e-01  -6.2335126e-01
  -1.2934642e+00   1.4148738e+00
   3.1938847e-01  -1.1410026e+00
   1.5137137e+00  -1.1477687e+00
   1.0084059e+00   3.2882606e-01
   2.8339547e-01  -7.0570531e-01
  -3.2040804e-01   3.1144916e-01
  -8.8074751e-01   7.9071514e-01
   2.9207672e-01  -6.7949355e-01
   1.7848262e-02  -1.9989942e-01
  -8.3075124e-01   2.4782761e-01
   7.8059655e-01  -2.4535931e+00
   6.3178496e-02  -1.6678770e-01
   8.9016688e-01   4.5518133e-01
   2.1954415e-01  -4.0068393e-01
  -1.2701714e-01   2.6350912e-01
   6.5486443e-01  -1.0964205e+00
  -2.2663133e-01   9.3974980e-01
   1.8430598e+00  -1.5294330e+00
  -4.6116845e-01  -2.1927055e-01
  -1.5187423e+00   1.5260353e+00
   3.6793954e-01  -6.2955495e-01
   1.6890221e+00  -2.6978367e-01
   4.2258215e-01  -1.5108195e+00
   3.1350373e-01  -1.6524584e+00
   7.6468925e-01  -1.2633938e+00
  -3.8408422e-01  -6.0577211e-01
   1.2225031e-01  -7.2297754e-01
   1.7989643e-01  -1.0783499e+00
   1.6727514e+00  -1.5166065e+00
   4.4406985e-01  -8.3400954e-01
  -1.1773478e-01  -1.9655383e+00
   3.9252996e-01  -4.3981955e-01
   1.0077352e+00   5.8131803e-01
  -2.0188437e-01   2.8298286e-01
   4.1396830e-02  -5.2727797e-01
  -1.2879830e-01   1.4048929e-01
  -1.1171429e-01  -5.2131744e-01
   6.7336900e-02  -2.7435538e-01
   2.2291385e+00  -1.2648579e+00
   5.7201191e-01  -1.3282797e+00
   5.0248827e-01  -8.9475476e-01
   1.8213933e+00  -9.2947524e-01
   1.5435085e+00   2.0764534e-01
  -5.0492590e-02  -5.1024027e-01
  -1.1256349e+00   1.2600328e+00
   4.4591635e-01  -1.1421018e+00
  -4.2018699e-01   4.7836577e-01
   4.2830630e-01  -1.2319111e+00
  -1.1268913e-01  -3.5619835e-01
   2.7610220e-02  -5.2386736e-01
   1.0656518e+00  -1.5021774e+00
  -1.1193152e+00  -1.5193438e-01
  -7.4078939e-02   1.0875033e+00
   1.6928856e+00  -1.4117907e+00
  -1.3593511e+00   1.3227611e+00
  -1.2983554e+00   2.6680060e-01
  -1.0634140e+00   1.0351479e+00
  -1.6522607e+00   8.9562073e-01
  -6.4385151e-01   2.8727534e-01
  -9.7209733e-01   8.0857348e-01
  -2.1686674e+00   1.8601175e+00
   6.0611096e-01  -2.0713387e+00
   5.7702666e-01  -3.7417932e-01
   1.0282444e+00   5.0083553e-01
  -4.7388312e-02   1.4111168e-01
  -2.2721816e+00   1.6140199e+00
   2.5289052e-01   9.4564447e-01
   5.6125324e-01  -7.2213143e-01
  -3.9425747e-01   4.1998176e-01
   6.0269832e-01  -1.7121494e+00
   7.2454697e-01   3.2954553e-01
   3.8362722e-01  -6.2028149e-01
   2.1512860e+00  -1.2628319e+00
  -1.8062440e+00   2.2058824e+00
  -9.2877864e-01   5.7671179e-02
   6.7587583e-01   1.7857007e-01
   6.0578790e-01  -1.1388313e+00
  -1.3197067e+00   1.6500950e+00
   1.0014393e+00  -8.2545387e-01
  -8.2628045e-01   1.1502634e+00
  -8.4680709e-01   1.1063985e+00
   2.3215708e-01  -7.5655342e-02
  -4.2772953e-01   7.1783277e-01
   6.2032005e-01   4.0385730e-01
   1.1391002e+00  -4.6315901e-01
   2.6752352e-01  -1.3150224e+00
   1.6526662e-01  -1.2875485e+00
  -2.5685711e-01   4.3601734e-01
   1.0807678e+00  -1.7963760e-02
  -1.6143246e-02  -7.4892936e-01
  -3.4831349e-01   2.8040436e-01
  -4.9321929e-01   3.8291677e-01
   3.7205567e-01  -1.0657247e+00
   5.4781914e-01  -2.4356910e+00
  -1.1287054e-01   1.1682193e-01
   1.5260113e+00  -7.2078916e-01
  -2.6835329e-01  -3.3458380e-01
  -9.0630804e-02  -8.4854593e-01
   5.6779732e-01  -6.5869089e-01
  -1.0004265e+00   5.0953535e-01
   7.4146413e-01   3.3531022e-01
  -9.1875735e-01   6.6766953e-01
   7.4564826e-01  -2.4619551e+00
  -9.3025584e-01   6.8224574e-01
  -1.2585551e+00   1.0268304e+00
  -1.8306666e-01  -6.1879385e-01
   1.1860294e+00  -1.1175449e+00
   1.4058380e+00  -1.0582373e+00
   1.0245529e+00  -1.5330359e-01
  -2.6691121e-01  -2.4039719e-01
   1.4903480e-01  -3.9861450e-01
  -5.3764794e-01  -7.8847371e-01
   5.8833995e-01  -1.0163307e+00
  -6.5113348e-01   1.0072500e+00
  -8.1494510e-01   8.2869805e-01
  -4.1136191e-01   3.0715971e-01
  -5.8024913e-01   6.5133733e-01
   5.6134164e-01   9.0451751e-01
  -2.3515562e-01  -8.4146234e-01
  -2.7035324e+00   1.8448340e+00
  -9.1605123e-01   2.6871257e+00
  -9.8575770e-01   1.0923216e+00
  -2.0207538e+00   2.0237845e+00
   1.9627423e-01  -7.6507501e-02
  -2.4352684e-01   4.3805330e-01
  -2.0265455e+00   1.9868967e+00
   8.5733040e-01  -2.1445915e+00
   1.8213021e+00  -7.6723272e-01
   1.0864015e+00  -2.5018694e-01
   7.2617073e-02  -1.7817624e-01
  -2.2051096e+00   1.5197780e+00
  -6.8626106e-01   3.6179372e-01
   8.2078846e-02  -4.2657885e-01
  -1.3165690e-01  -1.3333879e-01
   1.6806394e+00  -7.3485094e-01
  -1.7688424e+00   1.5790790e+00
   1.7466179e-02  -1.6199127e-01
  -8.1641943e-01   7.0649755e-01
   8.5314821e-01   4.0778410e-01
  -2.0886744e+00   1.6657509e+00
  -9.4203174e-02   3.7890386e-01
   4.6370918e-01  -1.1080872e+00
  -5.9357120e-01   8.1362508e-01
  -4.5679534e-01   3.8558193e-02
  -2.1198824e+00   2.3114801e+00
   8.4617746e-01   1.9530769e-01
   2.6201055e-02   7.0641540e-01
  -1.1184116e+00  -2.7308007e-01
   8.7342006e-01  -6.7667077e-01
  -3.1074037e-01  -4.1188854e-02
  -1.2628131e+00   1.5396000e+00
  -9.7991208e-01   5.5808052e-01
   1.1155616e-01  -9.6259754e-01
   1.8160301e+00  -1.0118438e+00
   6.7754963e-01  -1.3718067e+00
   2.2791374e-01  -2.9372841e-01
   7.6071517e-01  -1.1640414e+00
   3.9060642e-01  -3.0555174e-01
  -3.5713785e-01   5.4821531e-01
  -1.0965149e+00   1.4744677e+00
   3.9279958e-01  -8.9558853e-01
  -4.7288941e-01   3.1454582e-01
   1.6664837e+00  -6.9091157e-01
  -5.8014649e-01   6.5387872e-01
  -1.3317581e-01   4.9211246e-01
   1.7785019e-01  -7.9604585e-01
   6.6955280e-01   8.2500213e-01
   2.4247078e-01  -6.0742228e-01
   1.1844396e+00  -1.0641834e-01
   5.5167897e-01  -1.3976734e+00
  -5.4795956e-01   7.1217032e-01
  -1.8008573e-01   4.0647106e-01
   6.1203007e-01  -1.0361993e+00
  -1.6148108e+00   1.4555766e+00
   5.0315452e-01  -7.9941901e-01
   2.8058078e-01  -5.3384158e-01
  -5.4683272e-01   5.4396616e-01
   3.6883088e-01  -2.1328989e-01
   1.6217230e+00  -7.8671525e-01
  -3.9534128e-01   1.3918211e+00
   2.1007041e-01  -5.0477947e-01
   1.0355563e-02  -9.1583868e-01
  -1.3959501e-01   9.7610203e-02
   8.4581972e-01  -2.0447766e+00
  -1.4295218e-01   1.4190510e+00
  -1.8127423e+00   1.6461579e+00
  -1.8969233e+00   2.1004937e+00
   8.4100709e-01   5.8778970e-01
   8.9900738e-01  -6.0987812e-01
  -2.6289354e-02   3.4498255e-02
  -9.3472993e-01   2.1208204e-01
   1.6111353e+00  -7.9604394e-01
  -5.5988795e-01   7.4059242e-01
   1.5959574e-01  -1.0266358e+00
   7.1978215e-02  -6.7313361e-01
  -3.9413110e-01   6.8548826e-01
   5.0283017e-01   2.8551438e-01
   1.7801756e+00   5.8778809e-02
  -3.9120530e+00   2.4679079e+00
   1.9382673e+00  -7.7377003e-01
  -1.2940569e+00   1.1271703e+00
  -3.3248650e-01   1.9447371e-01
  -1.6716554e+00   1.6890001e+00
  -8.3809517e-01   7.8183837e-01
   1.3369011e-01   7.7698503e-02
  -4.1763721e-01   8.9015601e-01
  -4.5147578e-01   6.4087506e-01
   1.1761246e+00   9.2497932e-02
   4.1491289e-02  -1.0579907e-01
  -8.5595451e-02  -2.5568470e-01
   5.2807080e-02   6.5987124e-02
   3.5406359e-01  -1.9752785e-01
  -1.6112387e+00   1.8332885e+00
  -1.0357405e+00   1.0790171e+00
   1.8576411e-01  -4.4660983e-01
   1.6619228e+00  -9.2748761e-02
   1.2649075e+00  -3.9545491e-01
   1.2538838e+00  -1.6976565e+00
  -1.9950693e+00   1.4686319e+00
  -1.9630587e+00   1.7006143e+00
   8.8932957e-01  -1.5444020e+00
   7.0947554e-01  -1.4474302e+00
   2.9882299e-01  -2.2762393e-02
  -1.9402219e-01  -8.8379908e-01
   6.5250550e-01  -1.6063755e+00
   6.7036822e-01  -1.4065076e+00
  -4.0195104e-01   1.7430151e-01
   6.5377775e-01  -1.6632315e+00
   6.2076505e-01   4.2867388e-01
   1.6047170e-01   5.4645515e-02
   5.3595512e-01  -7.0659876e-01
  -2.1149908e-01   9.0741273e-02
   1.4996005e+00   1.8875773e-01
  -2.2378017e+00   1.6636244e+00
  -1.2082402e-01  -2.3693045e-01
   5.1373872e-01  -3.5429502e-02
   1.4344208e+00   2.2291312e-01
  -6.0869634e-01   4.7505954e-01
  -3.6490961e-02   7.5772783e-02
   2.1896873e+00  -1.5171484e+00
   4.5968725e-01  -6.2769324e-01
  -3.5804429e-01   4.7332757e-01
   1.7960698e+00  -3.9772846e-01
   2.1023324e-01  -4.8225470e-02
   1.6941568e+00  -5.0636061e-01
   3.0284361e-01   2.2116285e-01
  -4.3701640e-01   4.9439816e-01
   2.5221519e-01  -8.0831227e-01
  -5.6709881e-01   4.9790257e-01
   2.0633858e+00  -5.2838326e-01
   7.5974141e-02  -1.0942582e+00
  -6.0570435e-01   3.1370822e-01
   6.3859015e-01   3.0790937e-01
  -5.8703364e-01   4.3452160e-01
  -3.5162700e+00   3.1243513e+00
  -1.9824997e-01   3.2420430e-01
   1.3991970e+00  -8.4591041e-01
  -1.1135321e-03   3.3346988e-02
   4.6340110e-01   1.0289719e+00
   8.7049994e-01   9.6371504e-01
  -1.1767481e+00  -2.5819939e-01
   1.4487197e-04  -8.8751998e-01
   2.5156675e-01  -1.1599744e+00
  -1.0922966e+00   1.2758520e+00
   1.8008297e+00  -1.2392700e+00
  -2.6802594e-01   8.0934783e-01
  -2.0356177e-01   1.8887618e-01
   9.8593076e-01  -1.2352809e+00
  -1.3856590e+00   1.2452221e+00
  -1.7470580e+00   1.5152400e+00
   3.2718615e-01  -7.9119232e-01
  -7.4422281e-01   1.1528273e+00
  -6.3747650e-01   9.8359285e-01
  -8.7614575e-02   4.2255096e-01
  -1.2671567e+00   1.0915382e+00
   2.7640936e-01  -8.3599765e-01
  -7.0675573e-01   7.7409980e-01
  -9.0531460e-01   7.1692367e-01
  -2.2587260e-01  -2.4818404e-01
  -3.3095988e-01   2.8241325e-01
   1.3676720e+00   8.1639305e-02
  -9.3310497e-01   9.6972878e-01
   5.0047864e-01  -5.5175234e-01
  -1.4976989e-02   9.7604811e-02
   1.5618644e-01  -9.3942524e-01
  -1.0873914e+00   1.0892310e+00
   1.7138332e+00  -6.6105914e-01
   3.2344866e-01  -6.5173437e-01
   2.2453531e-01  -2.1650989e-02
   2.4805415e-01   6.4205507e-02
   1.9277885e+00  -6.3491457e-01
   1.9908140e-01  -7.5358423e-01
   2.6457030e-01   1.1682753e+00
  -4.7913500e-01  -1.0772772e-01
   2.1422872e-01  -7.3371371e-01
   3.4553237e-02   1.6864298e-01
  -6.1753679e-02   4.7437067e-01
   5.1787590e-01  -1.2145681e+00
  -6.2376830e-01   6.4585090e-01
  -8.2530783e-02  -2.6039507e-01
   5.6142123e-01  -8.3080609e-01
  -1.2858464e-01   2.9921398e-01
  -1.5879489e-01  -1.9733458e-01
  -1.6121338e+00   1.3859426e+00
  -5.7081271e-01   4.3751246e-01
  -6.8121488e-02  -2.3494854e-01
   1.5536599e-02   2.0571555e-01
  -1.5828192e-01   8.3523146e-02
  -3.4104731e-01   4.6557145e-01
  -2.4311451e-01  -1.2129372e+00
  -2.1287267e-01  -1.5726954e-01
   1.5005569e+00   5.8520056e-02
   7.7736069e-01  -1.8327326e+00
  -1.7078249e-01  -3.3943831e-01
  -4.1776893e-01   1.4989775e-01
  -1.3138935e-01   3.5364849e-01
  -8.0664383e-02   6.1795295e-01
   1.1687668e-01  -3.9576453e-01
   8.4009247e-01  -5.7694265e-01
   4.4379106e-01  -1.1589419e+00
  -6.0657708e-01   7.1834012e-01
   1.7155601e+00  -9.8247157e-01
  -1.0312393e+00   1.1000118e+00
  -9.4406094e-02  -1.6965956e-01
   4.3329424e-01   1.8997028e-01
   1.5035224e+00  -8.9792042e-02
   1.6233882e-01  -9.3862297e-01
  -6.3892376e-01   5.8992480e-01
   7.7896227e-01  -7.0715211e-01
  -1.4264839e+00   7.8015196e-01
   1.2967400e-01  -1.1298606e-01
  -6.9044710e-01   9.4250318e-01
   5.5403557e-01  -2.3405327e+00
   6.2938791e-01  -7.3160082e-01
   1.5903110e+00  -7.3590966e-01
  -4.5475045e-01   4.3921176e-01
   1.2602954e+00  -1.0686099e+00
  -6.6325214e-01   9.0323502e-01
  -1.1937257e+00   1.3614284e+00
  -1.5367980e+00   2.0582475e+00
  -3.7325140e-01   6.4775175e-01
   1.5764907e-01   1.0966274e+00
   3.8799968e-01  -4.9301159e-01
   3.2089212e-01   2.1858557e-01
  -8.4735298e-01   5.4313325e-01
  -7.9962685e-01   7.2168159e-01
   1.6869940e-01   1.0308440e+00
  -2.1168895e-01  -2.8347011e-01
   8.1225908e-02  -1.0167297e+00
   4.8395635e-01  -1.6135675e+00
   3.6097430e-01  -1.0083620e+00
   5.5034648e-01  -5.5306604e-01
  -1.1209029e+00   9.5406445e-01
   5.9306301e-01  -5.3573839e-01
   1.0885875e+00   1.8895054e-01
  -1.6963003e+00   1.7442345e+00
   2.1476488e+00  -6.6753351e-01
   5.9571684e-01  -1.0640686e+00
   1.3574960e+00   1.1059413e-01
  -1.2982444e+00   1.1787541e+00
  -9.6513495e-01   8.6324969e-01
   1.0624044e-01   7.2536240e-02
   3.6599555e-01   8.9251480e-01
  -4.0199268e-01   4.7956808e-01
   8.0080575e-01  -1.5392709e+00
   1.5162001e-01  -2.2050633e+00
  -7.4941393e-01   7.8317057e-02
  -1.3698612e+00   1.3859113e+00
  -2.3022379e-01  -1.5561647e-01
  -7.2837690e-01   8.3064785e-01
  -5.6791073e-01   1.2326777e+00
  -8.4896213e-01   1.2669682e-01
   1.4574509e+00  -1.7203751e+00
  -1.1200910e+00   3.7377920e-01
   1.6166830e-01  -6.8736298e-02
  -9.0275356e-01   1.4832496e+00
   6.0656653e-01  -5.3906860e-01
  -4.8424396e-01  -6.9533709e-01
   2.1330525e+00  -1.2170784e+00
   1.1495192e+00   1.1592915e-01
   4.9192060e-01  -1.2754618e+00
  -4.0316710e-01   1.8920447e-02
  -5.5830289e-01   4.5381170e-01
  -1.3180983e+00   1.0343445e+00
  -1.3833472e+00   1.1767147e+00
   3.2116314e-01   1.2402049e+00
   8.8048795e-01  -1.3383456e+00
   1.7792438e+00  -6.6686775e-01
  -7.6828572e-01   9.5698380e-01
   7.6034192e-02  -2.7063949e-01
  -8.6254808e-01   1.0315966e+00
  -5.7374695e-01   7.9335872e-01
   1.6507728e-01   6.0755644e-02
   1.5870249e+00  -2.5988615e+00
   1.5387998e+00  -2.5876213e+00
  -7.7222541e-01   4.9771294e-01
   3.2950748e-01  -1.0879506e+00
  -2.8571839e+00   2.2434526e+00
  -3.4825130e-01   1.5584382e+00
  -3.8297996e-01   3.9817333e-01
   8.4053542e-01  -1.5819917e+00
   1.8298357e+00  -6.2266038e-01
   1.2858685e-01  -4.6615881e-01
   4.7747943e-02   1.2682820e+00
   5.4550810e-01  -1.2340607e+00
   6.0070296e-01  -5.9849928e-01
  -6.7870707e-01  -1.1300342e-01
   7.3832180e-02  -1.5817890e-01
   1.5508094e+00  -3.8884633e-01
  -9.7496022e-01   6.3841507e-01
   3.3457229e-01  -3.0408577e-01
  -2.1482305e-01  -6.1713909e-02
  -4.7733234e-01   4.1463237e-01
  -7.7240864e-01   9.2931598e-01
   1.5564509e+00  -3.3968771e-01
  -9.1487793e-01   7.7199751e-01
   1.5316982e+00  -4.7707910e-02
  -3.3062881e-01  -1.9608796e-01
  -1.7505063e+00   1.7547278e+00
   1.8430158e+00  -5.0315765e-01
  -1.0216475e-01   3.0051669e-01
  -1.6694961e+00   1.6478382e+00
   1.0807652e+00   5.5011510e-02
  -6.2546268e-01   4.3769672e-01
   7.3530982e-03  -5.8050322e-01
   1.4693888e-01  -9.3969370e-01
   3.3850126e-01  -4.5957973e-01
   1.5949741e+00  -1.1532391e-01
   1.2300048e+00   1.9792468e-01
   1.9069386e-01  -1.2088757e+00
  -9.9784218e-01   8.7388841e-01
  -1.2043006e+00   1.5116986e+00
  -9.6969000e-03   3.3976675e-01
  -6.4476214e-01   3.7803708e-01
  -1.0705681e+00   2.6345050e-01
   6.0825928e-01  -1.5082626e+00
  -2.2437308e-01   2.7136818e-01
   2.9933501e-01  -5.2799401e-01
   5.2503791e-01   2.0140596e-01
  -1.0096481e+00   8.0758821e-01
   4.5957122e-01   1.2111715e-01
  -1.0585264e+00   1.2828061e+00
  -1.4384358e-01   2.9457219e-02
   2.9469161e-02  -2.7045718e-01
  -6.5772719e-01   1.1282115e+00
  -2.7285892e+00   1.7498619e+00
  -1.3534680e+00   1.3896876e+00
   1.0272122e+00  -7.7968923e-01
  -8.0986245e-01   5.0442933e-01
  -3.7975387e-01   9.2573216e-01
   1.2731524e+00  -1.3926610e+00
  -1.7867322e+00   6.0580876e-01
  -1.9814935e+00   1.3419629e+00
  -1.7457449e-02  -2.8697425e-02
   7.1299456e-01  -9.5776427e-01
  -3.4866672e-01   4.0388773e-01
   1.3033982e+00  -2.3840269e-01
   1.9893656e-01   9.7205729e-01
   3.2066862e-01  -8.8167050e-01
   1.1600162e-02   1.0659330e+00
   2.1034331e+00  -1.2738303e+00
  -3.0413656e-01   4.6330063e-01
  -7.7952148e-01   8.5303222e-01
   2.8568276e-01   6.9369374e-01
   8.9670656e-01  -2.3824287e-01
   4.7987578e-01  -1.7019724e+00
  -6.0774962e-01   8.0526830e-01
   2.9071750e-01  -1.0749813e+00
  -2.3668534e-01   7.2360715e-01
   7.9867957e-02  -2.8170484e-01
   1.9704906e-02  -6.5052445e-01
   1.1350034e-01  -1.8898433e-01
   9.0187514e-01  -9.2777188e-01
   2.9026867e-01   2.2502583e-01
   1.4160387e+00  -5.0884395e-01
   1.7984471e+00  -1.9368776e-01
   2.6374694e-01   4.0637183e-01
   2.0318825e+00  -1.0785332e+00
   1.8149162e+00  -4.0202525e-02
   1.9650376e+00  -1.5491298e+00
  -5.0010086e-01   4.5999516e-01
   1.6286040e-01   3.1953723e-01
   5.1924916e-01  -1.7068215e+00
   1.1649392e-01   4.8735911e-01
   1.1330834e-01  -3.4113606e-01
   1.4683861e+00  -3.7787967e-01
   1.5719003e-01  -3.2822415e-01
   1.9273130e+00  -1.7498346e+00
  -8.1150839e-01  -1.4002942e-01
   1.2419250e+00   2.8934606e-01
  -7.0089735e-01  -1.8460971e-01
  -5.5602850e-02  -3.2468294e-01
  -7.9153983e-01   9.8858698e-01
  -1.4415850e+00   1.2422277e+00
   9.3587523e-01  -1.6499954e+00
  -2.3939710e+00   1.9766702e+00
   1.6160129e+00  -3.7961846e-01
  -1.6562717e+00   1.5273220e+00
   5.2959204e-01  -5.9641462e-01
  -2.8516368e-01  -6.5076063e-01
   4.3982507e-02   6.2312337e-01
   3.7447627e-01  -2.1179604e+00
  -4.6463317e-01   8.6647925e-01
  -1.7790726e+00   1.5800632e+00
  -5.9065198e-01   2.8870634e-01
  -8.0721859e-01   7.4937987e-01
  -3.8874505e-02  -1.9331924e-01
   5.4534943e-01  -2.8275375e+00
  -2.5899206e-01   4.5464507e-01
  -9.3821071e-02   7.6408649e-01
  -4.6408926e-01   1.1110398e+00
   7.8496364e-01  -1.9220290e+00
   6.5021823e-01  -8.4050561e-01
   8.9031758e-01   1.5091616e-01
   9.6214597e-01  -2.4102544e-01
   7.8526416e-01  -1.6050315e+00
   2.1635676e+00  -1.8403073e+00
  -3.3135605e+00   2.9609073e+00
  -5.6081619e-01  -2.4613043e-01
   2.0742137e+00  -6.7208400e-01
  -1.5689530e+00   1.6674995e+00
   3.1100721e-01  -5.6447826e-01
  -1.7490988e-01   3.8018434e-01
   5.7506294e-01  -9.7901023e-01
   6.5756163e-01  -1.6138309e+00
  -6.1364598e-01   4.3662784e-01
   6.5183862e-01  -9.1309458e-01
  -2.5787035e+00   1.7877613e+00
   4.1022490e-01  -1.0551111e+00
  -8.4531613e-01   8.1947239e-01
  -3.7609873e-01   2.6541246e-02
  -5.0038033e-01  -2.9015288e+00
   5.8483560e-02  -4.6307181e-02
  -1.6128926e+00   1.7188912e+00
   5.7535917e-01  -2.0340841e+00
   1.3746413e+00  -6.3160494e-01
  -3.7738467e-01   1.6494962e+00
   1.0265471e+00  -2.2886774e-01
  -4.0560850e-01   5.1045706e-01
  -7.2679514e-01   6.5645714e-01
  -1.7974297e+00   2.0038524e+00
  -6.6453917e-01  -2.7276336e-01
   2.1240265e+00  -1.9665988e+00
  -3.0377502e-01  -2.6067995e-01
  -4.1573264e-01   8.5445916e-01
  -3.3021933e+00   3.0267676e+00
  -3.6117538e-01   1.9200714e-01
   3.3266526e-01  -8.2795071e-01
  -3.2481444e-01   3.5855147e-01
  -9.7866979e-01   2.1534415e-01
  -6.7986398e-01   3.4208433e-01
  -2.0889692e-01   1.1686128e+00
   8.3712530e-01  -6.0107646e-01
  -1.1639964e+00   5.6852215e-01
   6.2953028e-02  -3.2941480e-01
  -5.4758962e-01   1.0215351e+00
  -1.0252984e+00   1.0224982e+00
   8.8204981e-01   6.5307246e-02
  -9.9154385e-01   7.9720900e-01
   1.9906030e+00  -1.0545921e+00
  -1.6465962e+00   1.9534557e+00
  -8.7209436e-01  -9.0563453e-01
   1.7346337e-01   7.8134784e-01
   1.0170798e+00   5.3850461e-01
   5.6444803e-01  -1.0664611e+00
  -3.6698519e-01   6.5934622e-01
   3.8722103e-01  -2.2882824e+00
   2.3709330e-01  -4.3200356e-01
  -5.6135105e-02   7.8628331e-02
   3.8190248e-01  -3.3921271e-01
   9.0487817e-01  -1.9104413e+00
   6.3182097e-01  -1.0919999e+00
  -1.8915449e+00   1.7667215e+00
  -3.2798627e+00   2.8478039e+00
   6.3612541e-01  -3.3061225e-01
   1.7890481e+00  -1.6757821e+00
   1.6109573e+00  -7.6052488e-01
  -7.9080799e-01   7.4856364e-01
  -1.5911250e-02  -9.5436546e-01
  -9.5371561e-01   3.2445935e-01
  -4.9816983e-01   7.3026304e-01
   5.5846642e-01   4.0543211e-01
   7.4634589e-01  -1.2700969e+00
   1.5252958e+00  -3.2877363e-01
  -2.9352243e-01   2.7329804e-01
   7.8783030e-02   1.6816256e+00
   1.0428748e+00  -1.8564797e-01
  -1.2804395e-01  -1.3939937e-01
   5.0453947e-01  -2.3595878e-01
   1.7765767e+00  -1.2766491e+00
  -1.5746199e+00   2.0196441e+00
   1.0502133e+00  -2.7496392e+00
   5.1299875e-01  -1.0721495e+00
  -4.7086853e-01   1.9311037e-01
   9.7785013e-01  -5.4929238e-01
   5.1263632e-01  -1.7032189e+00
  -4.1618700e-01   4.5222648e-01
  -3.4117522e-01  -1.2968542e-01
   1.2480942e+00  -1.5725849e+00
  -2.5394245e+00   2.5168815e+00
   1.1493303e-01  -1.3527763e+00
   1.2794731e-01  -3.6936671e-02
  -7.9068289e-01   1.0168247e+00
   1.1398716e-01   2.6981892e-02
  -1.3982121e+00   1.2634382e+00
  -2.3773039e+00   1.4643783e+00
  -4.4593347e-01   9.0911581e-01
   1.6881645e+00  -8.6596924e-01
  -6.4796964e-01   7.7265855e-01
   1.1773031e+00   3.7635138e-01
  -8.1974912e-01  -1.0515643e-01
   5.8250056e-01   1.3315327e+00
   4.5229745e-01  -4.2967397e-01
  -1.0326228e+00   4.3088379e-03
  -5.6486707e-01   9.6209458e-02
   2.6968462e-01  -1.2018463e+00
  -1.5355317e-01  -2.0272631e-01
  -7.2339335e-01   3.2821969e-01
  -7.2041754e-01   8.4155141e-01
   4.2611859e-01   1.2153357e+00
  -2.2813183e-01   6.7853145e-01
  -1.8848164e+00   1.9851417e+00
   3.8813347e-01   8.7920640e-01
   1.4022600e+00  -3.8156375e-01
   2.4356353e-01  -1.4520807e+00
   1.4742313e-01  -6.8756271e-01
   1.3146941e+00   7.7307382e-02
   7.2179238e-01  -1.4134329e+00
  -6.4587715e-01   8.6230495e-01
  -1.0964677e+00   9.5709527e-01
  -8.9454338e-01   1.0582115e+00
   4.5653048e-01  -8.5731337e-01
   3.8185744e-01  -3.0276435e-01
   1.7628810e-01  -1.2282141e+00
   2.7208345e-01  -1.7239805e+00
  -7.7181852e-02   2.4845194e-01
   2.6369998e-01  -1.0415948e+00
   2.0249819e+00  -4.6586875e-01
  -9.0481084e-02  -6.7684808e-01
   2.7230836e-01  -3.4961418e-01
   1.2504034e+00  -1.4776316e-01
  -1.3222061e+00   1.0507348e+00
   2.2165618e-01  -1.5234373e+00
  -7.6331968e-01   1.1079968e+00
  -3.0998423e+00   2.4739694e+00
   1.1373396e+00  -1.7190714e+00
   2.2448080e-01   1.5434133e-01
   5.6852884e-01   4.7714826e-01
   2.4694667e-01   5.4837671e-01
  -6.3210722e-01   6.0440082e-01
   6.9746858e-01  -1.0854531e+00
  -1.7954242e+00   1.5654434e+00
  -1.1530849e+00   1.5669243e+00
   1.4695996e-01  -1.0762974e-01
  -1.0859180e+00  -1.9723556e-01
   1.5274676e+00  -6.5568960e-01
  -6.8408587e-01   2.9691789e-01
   2.4980431e-01  -2.4653523e-01
   2.1154738e+00  -1.2225845e+00
   1.0210665e+00  -1.0108563e+00
  -2.0876257e+00   1.9953469e+00
  -7.3271950e-01   5.9720799e-01
  -5.6226448e-01   1.9446851e-01
