  -1.5190031e-01   3.6040186e-01
   1.2308862e+00   1.1318573e+00
  -3.3097672e-01  -3.4634785e-01
  -9.2512936e-01  -1.1340990e+00
   6.0578886e-01   7.4323976e-01
  -9.8066812e-01  -1.1040436e+00
  -4.3644602e-01  -1.9514923e-01
  -5.4579492e-01  -9.3349713e-01
  -2.4714748e-01  -2.1049374e-01
  -9.8914249e-01  -1.1787310e+00
   1.1007177e+00   6.4631881e-01
  -2.8122703e-01  -2.3489568e-01
  -6.9940127e-01  -5.4171968e-01
   8.6137867e-01   9.3989331e-01
   9.7085615e-01   1.0521546e+00
   1.0386043e+00   1.1684827e+00
  -4.9089601e-01  -2.9106793e-01
  -5.5160730e-01  -4.1701425e-01
  -1.4535700e-01   1.2760074e-01
  -1.7981437e+00  -2.2383344e+00
  -1.0970210e+00  -1.2406921e+00
  -2.0979696e-01  -1.6653938e-01
   5.3257076e-01   6.0266597e-01
   3.1928557e-01   4.5749441e-01
   2.0939201e-01   3.2649724e-01
   8.3143512e-01   9.5972702e-01
  -9.9085906e-01  -1.1333553e+00
  -1.2888482e+00  -1.7804124e+00
   2.3718618e-01   6.1842345e-01
   1.4801622e+00   1.2015327e+00
  -9.5455860e-01  -9.1671541e-01
   1.0822227e+00   1.1090062e+00
  -1.7063976e-01  -1.3378635e-01
   4.7964818e-01   8.8587471e-01
  -4.0444972e-01  -3.0330640e-01
   2.1618879e+00   1.0751624e+00
   1.2063132e+00   1.3620626e+00
   9.6541781e-05  -1.9219172e-01
   1.4185382e+00   1.1591361e+00
  -7.2942448e-02   3.4559397e-01
   2.4664990e-01   7.1252799e-01
   8.2679438e-01   7.2936380e-01
   1.9335740e+00   1.0468483e+00
   1.6329286e+00   1.1357707e+00
   1.2672923e+00   1.0574358e+00
   8.1208548e-02  -3.4771586e-01
   6.7858122e-01   1.0579460e+00
   7.1649141e-01   5.6153687e-01
  -9.6255498e-01  -1.0511950e+00
  -2.6164311e-01  -3.2767551e-01
  -2.0400557e+00  -2.1641657e+00
  -1.7182430e+00  -1.9437941e+00
   2.5940199e-01   3.4242427e-01
   1.2642854e+00   9.5686735e-01
  -1.2239310e+00  -1.3362599e+00
  -3.6358558e-01  -1.6247155e-01
   3.1687720e-01   4.4193907e-01
   7.6382538e-01   8.3964970e-01
  -1.1494840e+00  -1.5956972e+00
   3.7497695e-01   5.3436786e-01
  -1.4797747e+00  -1.5467456e+00
  -1.7100208e+00  -2.0975274e+00
   4.7231744e-01   2.4616383e-01
   3.4583904e-01   5.3097710e-01
  -2.9064867e+00  -2.6501710e+00
  -1.6249381e+00  -2.0025546e+00
   7.8513208e-01   9.8382975e-01
  -8.5736006e-01  -9.3008727e-01
   1.0296362e+00   9.7458397e-01
   3.0452089e-01   5.9124824e-01
   8.6043631e-01   1.0669178e+00
  -1.4629869e+00  -1.3677260e+00
   1.1400731e+00   1.2446962e+00
  -6.9161634e-01  -7.2059723e-01
   5.8751249e-01   9.9312723e-01
   6.6670271e-01   8.8955143e-01
   4.3316287e-01   6.0032951e-01
   5.8340910e-01   1.1359374e+00
   1.0107777e+00   6.8052481e-01
  -1.7091598e-01   1.7437104e-01
  -2.4859550e-01  -1.1883595e-01
   2.0686895e+00   1.0937369e+00
   8.9645199e-01   1.3739710e+00
  -1.5190500e-01   3.4471609e-01
   1.4588037e-01   6.8093038e-01
   5.4549371e-01   7.0273921e-01
  -4.0891372e-01  -3.5073247e-01
  -2.2466725e+00  -2.4728739e+00
   1.7582630e-01   3.8196708e-01
   1.4996280e-02   9.9721102e-02
  -4.8586716e-02   4.5013362e-03
   8.3774134e-01   1.1411953e+00
  -3.6294151e-01  -2.7797861e-01
  -1.7973536e-01   1.4374006e-01
  -1.1449009e-01   2.9389689e-02
   9.5867164e-01   1.2932165e+00
   1.8035464e-01   4.0469940e-01
   1.8117319e+00   1.0213576e+00
   8.2969628e-01   8.8187323e-01
  -6.3071224e-01  -5.8493285e-01
   3.6566278e-01   5.4841325e-01
  -4.7357780e-01  -4.9055272e-01
   1.6154531e+00   1.0450545e+00
   1.0832132e+00   1.1397775e+00
   5.0129184e-01   6.8607499e-01
  -1.2037431e+00  -1.3266660e+00
   9.7090592e-01   7.3273315e-01
   2.4232345e-01   6.9960167e-01
  -1.6922089e-01  -6.8634157e-02
  -1.2652866e-01   1.7933448e-01
   1.3005808e-01   4.1039028e-02
   2.6052563e+00   1.1044308e+00
   2.4422580e-01   7.1388983e-01
  -6.2692624e-01  -4.6673242e-01
   1.4054809e+00   1.3739262e+00
  -4.5887384e-01  -3.2935231e-01
   8.3377823e-01   1.2540973e+00
   2.3065346e+00   1.5322879e+00
  -1.7351644e-01  -8.8263251e-02
  -2.8767705e-01  -1.9902959e-01
   1.9067520e+00   1.6665316e+00
   7.0530254e-01   1.1215205e+00
  -4.3987111e-01   7.5383544e-02
   1.1608903e+00   1.1203488e+00
  -3.9488000e-01  -4.0785344e-01
  -1.7457974e+00  -2.1052708e+00
  -7.1038081e-01  -8.8333019e-01
   1.9753142e+00   1.3908728e+00
   3.3181743e-01   7.0566907e-01
  -1.9412508e-01   2.3574395e-01
  -2.3696560e-01  -3.7850111e-02
   1.4161904e+00   1.0361398e+00
   3.6207045e-01   5.2665474e-01
  -1.5277104e+00  -1.7567142e+00
   9.4738456e-02   1.9220796e-01
  -8.6061593e-02   1.4758970e-01
   1.2452558e+00   1.1277882e+00
   1.0740091e+00   1.2674043e+00
  -1.0244942e+00  -9.7654526e-01
   1.7876146e+00   1.0704212e+00
  -1.8879241e-02  -5.5544951e-02
  -4.3301945e-01  -8.2255576e-01
  -1.0673381e+00  -1.3690035e+00
  -1.0868806e+00  -1.4734007e+00
  -1.0540010e+00  -1.0723489e+00
  -9.4929020e-01  -9.3915529e-01
  -1.8756346e+00  -2.3226788e+00
   3.0928504e-01   7.2276840e-01
  -4.4704266e-01  -5.3811477e-01
   5.5702470e-01   5.5027470e-01
   1.1847975e-01   4.2797179e-01
   1.0316825e+00   1.2209880e+00
   4.9876089e-01   6.4502279e-01
   2.0476100e-01   5.1195137e-01
   1.1281818e+00   1.4059166e+00
  -2.1568289e+00  -2.4574590e+00
  -4.8879825e-01  -4.1577539e-01
  -3.4360508e-01  -2.2564010e-01
  -5.5469935e-01  -4.3025505e-01
   1.3510511e+00   1.4453423e+00
   4.8770656e-01   8.0169792e-01
  -4.8400942e-01  -1.3331137e-01
   4.2381691e-01   5.1141176e-01
   2.4928671e-02   1.1933839e-01
   3.2911303e-01   1.6663828e-01
  -1.8800265e-01   1.6331025e-01
  -1.2493903e+00  -1.5986812e+00
  -1.1574926e+00  -1.5559230e+00
  -1.6975486e+00  -2.1122959e+00
  -6.0715605e-01  -1.6561846e-01
  -5.2944968e-02   3.3093954e-01
  -8.2521270e-02   1.5992591e-02
   7.9712132e-01   9.5162576e-01
   8.3469698e-01   9.3975047e-01
   8.1288635e-01   6.9168585e-01
   8.3054740e-01   7.8311923e-01
   7.3602459e-01   1.0914829e+00
   4.2714645e-01   4.1778862e-01
  -1.3510494e+00  -1.3573429e+00
   9.7280712e-02   1.5734218e-01
   7.0488169e-01   7.3155804e-01
   7.9239987e-01   7.4972373e-01
  -3.3967470e-01  -1.1782509e-01
  -2.7063044e-01  -1.6114929e-01
   5.7371105e-01   9.6828691e-01
  -4.9190147e-01   7.2729786e-02
  -9.0505416e-01  -1.2133089e+00
   1.5374154e+00   1.5063843e+00
   2.8923772e-02   4.7405661e-01
  -1.0211641e-01   1.6062260e-01
   3.6811580e-01   2.5543477e-01
   1.7297146e+00   9.3319154e-01
   7.1650391e-01   8.7982032e-01
  -1.7731661e+00  -1.9521161e+00
   2.8375158e-01   3.7069442e-01
   1.2953811e+00   1.1618072e+00
   4.0789644e-01   5.0216838e-01
   1.5927531e+00   1.2853671e+00
  -1.0947608e-01  -1.0494295e-02
   1.0935781e-01   2.8594783e-01
  -1.0132713e+00  -9.6283252e-01
  -6.4213725e-01  -9.6787806e-01
   6.0370488e-01   9.6445528e-01
   8.4762780e-01   8.7508017e-01
  -4.3607323e-01  -6.5925935e-02
   3.7080959e-01   9.1455587e-01
   2.6689258e+00   1.3670111e+00
  -2.1619914e+00  -2.2979837e+00
   2.0836178e-01   4.7134025e-01
   3.4021581e-01   5.8084305e-01
  -1.2779096e+00  -1.4016014e+00
  -2.0770672e+00  -2.4251086e+00
   8.9426015e-01   6.7385803e-01
   7.8280014e-02   2.4993512e-01
   7.8457137e-01   7.6386766e-01
   5.9047815e-01   9.4545209e-01
  -1.8760388e+00  -2.4316171e+00
   9.4059162e-01   1.1855696e+00
  -2.5063973e-01   4.8589396e-02
  -1.5069445e+00  -1.8240491e+00
  -4.1330409e-01  -3.1387976e-01
  -6.8137398e-01  -1.1647743e+00
   6.0344865e-01   9.1382328e-01
  -1.1647736e-01   1.4944363e-01
   2.8858764e-01   6.4206315e-01
  -5.3707811e-01  -7.8351190e-02
   7.7577076e-01   8.4384842e-01
  -3.2026841e-01  -1.4552755e-01
   9.0939893e-01   9.6114575e-01
  -6.2950361e-01  -6.5989639e-01
   2.0824992e+00   1.3112128e+00
   3.7632680e-01   7.0722616e-01
   2.1586929e+00   1.0077590e+00
   5.7350175e-01   6.2789440e-01
   9.7901549e-01   9.8611885e-01
   3.1871296e-01   6.6723009e-01
  -2.0716492e+00  -2.1993909e+00
   8.7525091e-01   8.4199133e-01
   2.5749128e-01   3.9684493e-01
  -5.5342424e-02   2.3224796e-01
  -8.2348663e-01  -4.3178452e-01
  -6.1688771e-01  -2.6791226e-01
   6.2469954e-02   2.5546938e-01
   6.7124406e-01   9.7578440e-01
   1.6450155e+00   6.6137506e-01
  -1.4308987e+00  -1.3544825e+00
   8.4515124e-01   1.2615623e+00
  -1.5031088e-01   1.9879416e-02
   7.6873081e-01   8.6092969e-01
   8.5195651e-02   5.8686202e-01
   2.7533141e-01   2.8138332e-01
   5.5556839e-01   6.8786432e-01
  -1.7501348e+00  -2.1023834e+00
   2.0178899e+00   1.2786194e+00
   2.8244707e-01   3.3105496e-01
   7.4975610e-01   8.3996442e-01
  -5.5649993e-01  -7.2553857e-01
  -3.0009386e+00  -2.4856083e+00
  -5.4693512e-01  -5.5716473e-01
  -2.2857418e-02  -1.4626047e-01
   9.8989975e-01   8.9622731e-01
  -6.3657221e-01  -1.1113473e+00
   1.1382648e+00   1.0548454e+00
   1.0414397e+00   1.1741126e+00
  -9.8679073e-01  -1.0786181e+00
  -2.9121011e-03   1.6998063e-01
   1.2454094e+00   1.1855450e+00
   1.8168549e+00   1.2700563e+00
   1.0818306e+00   1.1710353e+00
  -3.8896747e-02   1.2814249e-01
   3.1281659e-01   1.6151282e-01
   2.0059262e+00   1.2820984e+00
  -7.8505625e-01  -1.1563736e+00
  -1.0037677e+00  -1.3236692e+00
  -1.5485410e+00  -1.6496447e+00
  -7.0403759e-01  -5.9933175e-01
  -2.2359019e-01  -1.8177955e-01
  -2.0798076e+00  -2.4310554e+00
   5.6807187e-01   8.6805105e-01
  -9.1542465e-01  -8.2650061e-01
   4.3944363e-01   6.1358207e-01
   2.0387426e-01   6.5930790e-01
   1.5234469e-01   4.9309490e-01
  -1.0534601e+00  -1.0642112e+00
  -4.3415065e-01  -4.4885917e-01
   1.2916696e+00   1.3419226e+00
  -2.0161224e+00  -2.2677053e+00
   1.7387244e-01  -9.2126533e-02
  -5.0116385e-01  -3.7851648e-01
   6.3840841e-01   8.5567302e-01
   9.2262750e-01   1.1804938e+00
   1.7002648e+00   1.3218350e+00
  -1.1941126e+00  -1.3577467e+00
  -1.3024956e+00  -1.4964567e+00
   1.5835442e+00   1.2666439e+00
  -2.0057920e+00  -2.2913581e+00
   3.7370112e-01   4.0644528e-01
  -1.1025880e+00  -1.3365330e+00
   5.5298016e-01   8.5353483e-01
   1.6107243e+00   1.1609230e+00
   1.2799939e-02  -4.4825475e-02
   2.7521099e-01   2.2042670e-01
  -5.7111247e-01  -7.7571858e-01
   1.4048689e+00   1.2852744e+00
  -1.5473855e+00  -1.6297317e+00
  -5.0206613e-01  -1.4036588e-01
   5.2313933e-01   6.7371225e-01
   7.6067914e-01   8.8017585e-01
   1.5414204e-01   2.1926254e-01
   1.7548781e-01   4.6909832e-01
  -5.0431492e-01  -1.9203929e-01
  -1.0856514e+00  -1.4747924e+00
   1.2200474e+00   1.2144290e+00
  -4.3367657e-01  -2.7727302e-01
  -7.4106032e-01  -5.2010037e-01
   1.0694710e+00   1.2673050e+00
   6.3777396e-01   9.8609792e-01
  -1.0603168e+00  -1.2028536e+00
  -8.9317543e-01  -7.6936607e-01
   1.8237115e-02   2.6358645e-01
  -9.1025698e-01  -7.5400592e-01
  -1.3306138e-01  -2.7161335e-01
  -1.8369508e+00  -2.2690156e+00
  -7.4865122e-01  -9.0233982e-01
   1.4484889e-02   4.1322971e-01
  -8.1216080e-01  -9.4128821e-01
  -7.7037497e-01  -4.5480496e-01
  -2.5992343e-01  -5.0187309e-01
   1.7882408e-01   4.0719573e-01
   2.1419706e-01   4.3090798e-01
   7.6662046e-01   1.1831525e+00
  -1.2386696e+00  -1.2977520e+00
  -1.3180770e+00  -1.7036719e+00
  -6.9153034e-01  -9.0612059e-01
  -6.0875126e-01  -7.8880905e-01
  -1.6293171e+00  -1.6447555e+00
  -2.9773365e-01  -4.2041409e-01
  -9.9456793e-02  -2.2637262e-01
  -3.0040204e-01  -1.1355319e-01
  -1.2229957e+00  -1.6843067e+00
  -2.2125271e-01  -7.0895814e-02
  -3.7679827e-01  -6.3226230e-01
  -1.0115062e+00  -1.0322296e+00
   7.6722401e-01   9.5993433e-01
  -3.0234300e-02   4.5453352e-01
   1.2971904e+00   1.4306516e+00
   1.4493350e+00   1.5939831e+00
  -7.8560737e-01  -8.7445473e-01
   3.7151776e-02   3.3760726e-01
  -3.9255314e-01  -1.0057819e-01
   5.9413129e-01   1.0106815e+00
  -1.0996020e+00  -1.3166709e+00
   1.1446876e+00   1.1371384e+00
  -8.1909669e-01  -1.1940500e+00
  -1.4800096e+00  -2.1244677e+00
   1.1984515e+00   1.1703981e+00
   1.4686171e+00   1.1542541e+00
  -2.9699985e-01  -7.3228436e-01
   1.8523749e-01   8.3326273e-01
  -9.3541345e-01  -1.0456205e+00
   1.4385499e+00   1.1288838e+00
  -2.1805255e-01  -5.7469360e-01
   5.6806314e-01   8.0640484e-01
  -7.0011850e-01  -1.6938310e-01
  -1.6056346e+00  -1.3950459e+00
  -1.6878885e-01   4.2008939e-01
  -1.9373886e+00  -2.2166190e+00
  -7.9175477e-01  -8.5694677e-01
  -1.4938598e+00  -1.5784195e+00
   5.5903966e-01   6.3011925e-01
   2.6969554e-01   7.0825345e-01
  -2.5214541e-01   2.8425609e-02
   9.5899732e-01   9.5666004e-01
   2.1994991e-01   2.9170425e-01
   1.7182940e+00   8.9764694e-01
  -6.0391579e-01  -6.2221072e-01
   6.7870930e-01   6.9170738e-01
   2.1160059e-01   2.8696912e-01
  -3.1747192e-01  -2.5581562e-01
  -5.7545893e-01  -4.0286597e-01
  -1.3187430e-01   2.4116824e-01
   5.0612406e-01   5.6638487e-01
   1.1961927e+00   1.0130523e+00
   7.4930774e-01   9.1713153e-01
   9.3955907e-03   1.8049339e-01
  -8.1720316e-02   1.8999160e-01
   4.9785892e-01   6.1985744e-01
   2.5128307e-01   7.8666187e-01
   1.4691374e+00   1.1513139e+00
  -7.3524093e-01  -1.1994529e+00
  -2.2344379e-01   4.0149849e-02
   4.1480841e-01   5.2002841e-01
  -1.3874939e+00  -2.0121826e+00
  -4.5292732e-01  -5.1344570e-01
   9.5923006e-01   1.2409700e+00
   5.9817509e-01   6.7359856e-01
   8.7543330e-01   1.0396582e+00
  -9.1337525e-01  -8.9741766e-01
  -4.7742559e-01  -2.6627903e-01
   6.0874244e-01   1.0377589e+00
   2.9499484e-01   7.6068766e-01
  -9.7679153e-02   9.4077298e-02
   1.8998962e-01   5.4219260e-01
   8.3603475e-01   1.0871679e+00
  -1.1038899e+00  -6.3413974e-01
   2.7495663e+00   1.2341930e+00
  -1.5700443e-02   2.0015517e-01
   8.6597287e-02   3.9213303e-01
   2.0559877e-01   3.0242181e-01
  -8.7331039e-01  -1.2228732e+00
   3.7135804e-01   1.2644388e-01
   9.7804290e-01   1.0420065e+00
  -1.2161426e+00  -1.1269030e+00
  -5.3013504e-01  -4.9494175e-01
   8.3769052e-01   7.3224435e-01
  -2.9892047e-01  -3.4572917e-01
  -3.0296475e-01  -4.2595520e-01
   8.8674811e-01   8.7649503e-01
  -4.6671598e-01  -5.2642145e-01
  -1.0655564e+00  -1.1541023e+00
   9.4966549e-01   9.0206100e-01
   1.4332001e+00   9.4447581e-01
   9.3812812e-01   9.8411603e-01
   8.4997390e-01   7.7291518e-01
  -5.0384579e-01  -7.1028689e-01
  -1.3733427e+00  -1.6608677e+00
  -1.4999421e+00  -1.8004141e+00
  -1.0180849e+00  -1.2585000e+00
  -8.5414656e-01  -1.0515258e+00
  -8.8850880e-03  -8.1184132e-02
  -7.3226732e-01  -8.4342996e-01
   1.0315047e+00   1.3651041e+00
  -8.2621051e-02  -8.3064689e-02
   2.2764349e-01   3.4493031e-01
  -3.4670323e-01   2.0855729e-02
   2.0260572e+00   9.2051511e-01
   1.2896884e+00   7.8816224e-01
   2.5662527e-01   9.1677401e-01
  -2.5859444e-01  -8.9844396e-02
   9.4812185e-01   8.3075744e-01
  -3.3728421e-01  -8.2474631e-02
   1.3404582e+00   1.2171901e+00
   1.8500864e-01   7.2470666e-01
   1.7512711e+00   1.5459665e+00
   1.3639681e+00   1.0163906e+00
   5.4717668e-01   8.2699607e-01
   3.9868038e-01   6.7862172e-01
   4.8741400e-01   6.1552778e-01
   2.5606380e+00   1.2896309e+00
   2.0407440e-01   5.3896895e-01
  -1.2532323e+00  -1.6243271e+00
  -2.2986437e-01   2.0489021e-01
   1.3626638e+00   1.0822395e+00
  -7.1198974e-01  -5.9843540e-01
   6.3491547e-01   7.5075669e-01
   7.0637609e-01   7.2012920e-01
  -3.3870055e+00  -2.0226488e+00
  -2.0666189e+00  -2.3757828e+00
   3.8513556e-01   7.5766852e-01
  -1.5430048e+00  -1.5299739e+00
   1.6196883e+00   1.0289755e+00
  -1.6363733e+00  -2.1920237e+00
   6.3766663e-01   1.0366802e+00
   6.3240254e-01   8.2059280e-01
   3.5269398e-01   6.4022675e-01
  -3.3002920e-01  -2.2038329e-01
   1.8190788e+00   1.0661809e+00
  -1.1821045e+00  -1.4064159e+00
  -9.3128758e-01  -1.1480923e+00
  -7.7469796e-02  -6.1629753e-02
   4.1420792e-01   8.3334604e-01
   1.2779894e-01   5.7875814e-01
   9.4987350e-01   1.0237728e+00
   1.5022900e+00   1.2250261e+00
  -1.0476393e+00  -1.3714634e+00
   7.2967241e-01   8.0331096e-01
   2.4368380e-01   5.3872293e-01
   4.8316190e-01   2.4514162e-01
   1.4474768e+00   1.0672720e+00
   2.4543737e-01   6.2861743e-01
   5.7444405e-02   1.5398835e-01
  -3.1026781e-01  -7.7349382e-02
   6.4341199e-01   5.0150844e-01
   6.1310220e-01   1.0515797e+00
  -1.0800571e+00  -1.4367677e+00
  -1.5071776e-01   2.4010759e-02
   8.0929622e-01   1.2435523e+00
  -1.4523126e+00  -1.7167379e+00
   1.5476558e+00   1.4190235e+00
  -7.0255053e-01  -3.3040819e-01
   7.0894724e-01   7.0614355e-01
   9.7215253e-01   1.0078339e+00
  -1.0838004e+00  -1.4240585e+00
  -6.8867540e-01  -7.2952187e-01
  -1.9054592e-01   6.8449257e-01
  -5.5841638e-01  -7.3483736e-01
  -5.2397130e-01  -6.6804769e-01
   5.1229553e-01   8.8797139e-01
   4.5706870e-01   7.0299720e-01
   1.3900977e+00   1.0726766e+00
   1.0295737e+00   1.0678829e+00
   4.1845382e-01   7.3130584e-01
   9.2895391e-01   8.9886976e-01
  -4.4066156e-02   2.2231311e-01
  -1.8929691e-02   3.2185067e-01
  -4.3389433e-01  -4.1650873e-01
   9.0632182e-02   4.8103418e-01
  -4.9194560e-01  -6.1324668e-01
  -1.6584402e-01  -3.3325015e-01
  -1.9979486e+00  -2.2041004e+00
  -6.0928244e-01  -7.1726134e-01
  -7.9501406e-01  -1.0374496e+00
  -1.1621881e+00  -1.1625797e+00
   1.4675679e+00   1.5122597e+00
   2.7737237e-01   7.0101784e-01
  -4.5315950e-01  -3.9812533e-01
   1.1480440e+00   1.2810311e+00
   2.1466676e-01   2.7573994e-01
  -1.0959177e+00  -1.6710558e+00
  -1.6850535e-01  -9.1599058e-03
  -5.4398211e-01  -3.5274709e-01
   9.2636148e-01   1.1802192e+00
   3.6931491e-01   8.9635358e-01
   9.1836601e-02   4.9675695e-01
  -2.6829356e-02  -9.1529001e-02
   8.6208345e-01   9.2894707e-01
  -4.0449387e-01  -7.2752018e-01
   1.0593240e+00   9.6679629e-01
  -1.0354377e+00  -9.4526153e-01
   7.9616783e-01   5.3928116e-01
   3.2612229e-01   5.4388006e-01
   4.3310666e-01   4.0191888e-01
  -6.8882735e-01  -9.8736494e-01
  -1.4306466e-01   1.2481049e-01
   2.6515877e-02  -1.4429582e-01
  -1.3121299e+00  -1.5120653e+00
  -1.3430630e+00  -1.2725114e+00
   3.3533159e-01   5.6933410e-01
  -8.8711428e-01  -1.5334873e+00
   1.8750220e-01   1.9502605e-01
   7.2039498e-01   4.1039609e-01
   5.4405908e-01   3.4034844e-01
  -7.1609476e-01  -6.4478241e-01
  -7.7329868e-01  -5.6200372e-01
   5.6291724e-01   1.0865325e+00
   1.5341406e+00   1.3515352e+00
   7.9520519e-01   6.8023589e-01
   2.6006074e-02  -8.8085706e-02
   9.8680659e-01   9.8158107e-01
   1.2946847e-02   3.5955030e-01
   3.9159766e-01   2.4403707e-01
  -1.3086187e-01  -2.2451635e-01
   1.3143466e+00   1.5334595e+00
  -1.3280806e-01  -3.9146282e-02
   5.1337306e-01   8.1217908e-01
  -1.7396120e+00  -2.0208828e+00
   1.8792165e+00   1.3276140e+00
  -1.3338560e+00  -1.8224357e+00
   1.1080893e+00   1.0301666e+00
  -1.5547598e+00  -1.7017259e+00
  -3.0175331e-01  -4.0762060e-01
   1.3299008e+00   1.0133576e+00
   4.3577687e-01   6.1248937e-01
  -9.9473490e-01  -1.2027441e+00
   1.9789634e+00   1.1000400e+00
  -3.1185721e-01  -2.0086804e-01
   1.5739459e+00   8.5890297e-01
   9.4859134e-01   1.2119082e+00
   2.4471360e-01  -9.0431300e-02
   1.2818982e+00   8.0947644e-01
  -2.6703124e-01  -5.7355347e-01
  -1.2966686e+00  -1.1260780e+00
   1.6178096e+00   1.5630340e+00
  -5.6784505e-02  -1.4929653e-01
  -1.1011202e+00  -1.2363091e+00
  -1.5167259e+00  -1.2595429e+00
  -4.3258589e-01  -6.2220899e-01
  -4.2529616e-01  -1.1763634e-01
  -1.1211704e+00  -1.4674310e+00
   5.1143346e-01   8.3703768e-01
   6.8201974e-01   1.0107130e+00
  -4.3867868e-01  -1.0531314e+00
   1.4645925e+00   1.0004816e+00
   5.5273465e-01   8.2371014e-01
   2.3408914e+00   1.0293848e+00
   1.7285524e+00   1.2797770e+00
  -1.3265318e-02   1.8930342e-01
  -1.1721254e+00  -1.2639351e+00
  -2.1196379e+00  -2.5634715e+00
   4.9139171e-01   1.0117228e+00
   5.4912613e-01   1.0767147e+00
  -2.9705140e-01  -3.1456538e-01
   9.1906044e-02   3.1890726e-01
  -7.8773368e-01  -4.8168346e-01
   3.7118115e-01   7.8408409e-01
  -6.3217699e-01  -7.8108831e-01
  -1.8658257e-01  -1.7753289e-01
   3.7247519e-01   9.0565348e-01
   1.4261055e+00   1.1808795e+00
   1.4496770e+00   1.2168666e+00
  -4.6809318e-01  -1.1262353e-01
   3.2495818e-01   8.4671043e-01
  -1.5707007e-01  -1.7039579e-01
  -3.9430968e-01  -4.2793264e-01
   8.1472157e-01   7.7277889e-01
  -1.4781180e-01  -3.4429627e-01
   2.9939129e-01   3.7897028e-01
  -1.5677785e-01   8.8770271e-02
  -5.2526280e-01  -2.0043896e-01
  -1.0963040e+00  -1.1530938e+00
   1.4360654e+00   1.3943167e+00
   8.0344602e-01   7.1437116e-01
  -1.1611430e+00  -1.4000536e+00
  -1.4174925e+00  -1.5177723e+00
   2.8855252e-01   5.4488074e-01
   3.4048967e-01   1.4110309e-01
   1.7324327e-01   4.0840636e-01
   9.8590743e-02   3.4312817e-01
  -2.1678040e+00  -2.5408911e+00
   2.8520493e-01  -1.8762429e-02
   1.7639216e-01   3.5698782e-01
  -1.5625098e+00  -2.0216727e+00
   4.9650360e-01   4.6758635e-01
  -5.6114406e-01  -6.9487461e-01
   1.8270915e+00   1.5906585e+00
   1.4683247e+00   1.1540899e+00
  -1.2756730e-01   4.7267506e-02
  -2.6521615e+00  -2.5172590e+00
   5.3576347e-01   7.9959187e-01
  -6.8255544e-01  -1.1354397e+00
  -2.2956995e+00  -2.4075260e+00
   2.3553252e+00   1.0191553e+00
   5.1871570e-01   9.4912004e-01
  -6.1264714e-01  -8.0698798e-01
  -6.9291736e-01  -6.0955678e-01
  -9.6354824e-01  -1.2470485e+00
   4.5745629e-01   8.1094153e-01
  -8.9300516e-01  -9.6138020e-01
   2.6454210e-01   3.0597016e-01
  -4.9940896e-01  -5.1301164e-01
   4.8524873e-01   8.3983292e-01
  -4.5622125e-01  -1.9721832e-01
   1.0022336e-01   5.6881625e-01
   3.4447448e+00   1.2749237e+00
   8.5731225e-01   5.0528501e-01
   1.0553779e+00   9.2478809e-01
   8.5033304e-01   7.8580388e-01
  -6.8453544e-02   2.9619211e-01
   1.5037064e+00   1.1154496e+00
   1.5709385e+00   8.4514017e-01
   9.0420247e-02   1.1727737e-01
   1.9191721e-01   5.2977526e-01
  -3.1265706e+00  -2.4812865e+00
  -8.7894397e-01  -1.0479931e+00
  -8.8433879e-01  -7.8392574e-01
  -8.9497079e-01  -8.3786887e-01
  -5.9001815e-01  -2.6550551e-01
  -1.8000790e+00  -1.9960014e+00
  -5.5652669e-01   2.5987578e-02
   1.4462165e+00   1.0673658e+00
  -1.8605368e+00  -2.4490887e+00
   2.7195658e-01   4.1674530e-01
   1.1980980e+00   1.2146990e+00
  -3.4415921e-01  -1.1131970e-01
  -1.0554005e+00  -1.3909229e+00
   1.7469897e+00   1.3066886e+00
  -1.1396241e+00  -1.2011333e+00
   2.0018689e-01   1.3307984e-01
   4.3291302e-01   7.9614325e-01
  -1.0075446e+00  -7.9790134e-01
   1.1055019e-01   5.3466329e-01
   1.7830288e+00   1.0521821e+00
   8.7855155e-02   2.4277442e-01
   1.4937907e+00   1.4251215e+00
  -5.6751031e-01  -3.9165023e-01
  -6.7895689e-01  -6.8829646e-01
  -4.2742760e-01  -1.0295355e-01
   9.7488016e-01   1.0286580e+00
  -7.3291729e-01  -9.1508579e-01
   1.0592992e+00   1.0159139e+00
   1.4182707e-01   5.0513713e-01
  -3.6399214e-01  -2.0962989e-01
  -1.2253274e+00  -1.2156954e+00
  -3.4440059e-01  -6.4141885e-01
   7.8022866e-02   2.1426408e-01
  -2.1435137e+00  -2.4027362e+00
  -5.0180359e-01  -1.0689613e+00
   1.0282373e+00   8.6367900e-01
   9.5181023e-02   3.2204186e-01
   3.6392740e-01   5.3621254e-01
   4.2238216e-01   6.9954137e-01
   1.2474433e+00   1.3840517e+00
  -4.3146703e-01  -3.5029604e-01
  -8.8423303e-01  -1.0197461e+00
  -8.0883439e-01  -8.4574278e-01
   3.3003925e-01   4.9833111e-01
  -1.0401058e+00  -1.2479723e+00
   2.5476511e+00   1.1164990e+00
  -6.8505723e-01  -8.2043710e-01
   1.2971875e+00   9.6650927e-01
  -7.8207474e-01  -3.6238176e-01
   1.3758878e+00   1.3587704e+00
  -5.5271273e-01  -6.3845171e-01
  -4.2808921e-01  -4.6032430e-01
  -1.9240414e+00  -2.1939639e+00
   1.1741085e+00   1.2011829e+00
  -1.8116229e-01  -2.2490942e-01
  -5.9353934e-01  -3.6464820e-01
  -5.5497242e-01  -4.8048080e-01
  -6.2431140e-01  -1.0276743e+00
   1.8702732e+00   1.5274432e+00
  -1.6781561e+00  -2.5776262e+00
  -1.4450269e+00  -1.7788203e+00
   6.6172949e-01   1.3961741e+00
  -9.9752630e-01  -9.3873125e-01
   5.3701224e-01   3.7422669e-01
   1.3739045e+00   1.2232611e+00
   3.3339544e-01   7.4312344e-01
   2.0781833e+00   1.0481781e+00
   1.5061733e+00   1.2208466e+00
   1.0744403e+00   1.2053765e+00
  -6.9087026e-01  -8.9841781e-01
   9.1360550e-01   7.9939046e-01
   7.6937913e-01   6.7843132e-01
  -1.0889471e+00  -1.1362619e+00
   4.9453082e-02  -9.5047220e-02
  -2.0230265e-01   2.3840745e-01
  -5.4557713e-01  -3.1808435e-01
  -4.0943624e-01  -7.0654694e-01
   3.9823688e-01   3.4102963e-01
  -4.9589113e-01   1.8242948e-01
  -1.5909087e-01   1.6389988e-01
  -3.9138024e-01  -2.5845339e-01
  -7.2256650e-01  -6.2525519e-01
  -1.8958039e+00  -2.0433405e+00
  -8.3034578e-01  -1.1354613e+00
  -3.1174360e-01  -2.0559996e-01
  -8.7361390e-01  -1.3107801e+00
   6.3443290e-01   5.4106478e-01
   2.5502830e-01   3.4827080e-01
  -1.5613591e-01   4.1414047e-02
   1.5166770e+00   1.3242889e+00
   7.4953909e-01   9.1251330e-01
   3.3096104e-01   3.8007040e-01
   7.4783351e-01   9.2050324e-01
  -1.3041493e-01  -1.8099617e-01
  -3.5129243e-01   1.2370487e-01
  -1.8469567e-02  -1.3493071e-01
   2.5026549e-01   6.3150556e-01
  -2.4660394e-01   2.2993262e-01
   8.4621890e-02   9.4745044e-02
  -5.5258725e-01  -4.9605512e-01
  -1.1315383e-01   7.0704088e-02
   4.5591769e-01   5.7113269e-01
  -1.7422216e+00  -2.0959993e+00
  -1.0037206e+00  -1.3503968e+00
   4.9643385e-01   8.0134419e-01
  -5.7084326e-01  -5.6882392e-01
   1.6155764e+00   1.3504852e+00
  -7.6670186e-01  -6.8567990e-01
  -4.2614269e-01  -3.9673530e-01
  -2.2286634e+00  -2.3036050e+00
   9.1473241e-01   9.8147143e-01
   1.4602752e-01   3.0376261e-01
  -1.1116158e+00  -1.4667921e+00
   3.5285470e-01   5.6984202e-01
   1.5584982e-01   1.5959623e-01
  -1.2644978e+00  -1.4973349e+00
  -3.9350091e-01  -1.7021013e-01
  -3.2162773e-01  -2.9145877e-01
   2.3847156e-01   3.7282231e-01
   1.2717385e+00   1.4242103e+00
   8.8024898e-01   8.1089655e-01
   1.4797112e-01   7.9015439e-01
  -1.2737352e+00  -1.4149767e+00
  -5.2699455e-01  -7.3450149e-01
  -6.4795026e-01  -7.2916112e-01
  -1.2487804e+00  -1.6063977e+00
  -1.1281422e+00  -1.3626186e+00
  -3.1333779e-01  -6.1376467e-01
  -1.2378904e+00  -8.1957418e-01
   1.3083763e+00   1.0934876e+00
  -1.0244724e+00  -1.4080169e+00
  -1.4899832e+00  -1.7803462e+00
  -1.5297723e+00  -1.8996743e+00
  -2.7438105e-01  -6.0738920e-01
  -4.5482703e-01  -5.9185341e-01
  -4.3892193e-01  -1.5056019e-01
  -3.8118650e-01  -7.3679671e-01
  -1.3437872e+00  -1.3149485e+00
   2.4083492e+00   1.2560405e+00
  -1.0642081e+00  -1.3483218e+00
   8.6635225e-02   4.1964525e-01
   5.5851618e-01   7.8664819e-01
   1.8024411e+00   1.0581962e+00
  -1.1189312e+00  -1.1701277e+00
  -7.0440101e-01  -1.0617708e+00
  -1.0910307e+00  -1.0847900e+00
   7.5546766e-01   1.0989264e+00
  -7.8053492e-01  -1.0000523e+00
   1.5040489e-01   2.6680851e-01
  -5.6766428e-01  -5.2753914e-01
   6.4227626e-01   1.2024385e+00
   1.1278038e+00   7.6075026e-01
   4.3695805e-01   6.4597839e-01
   1.9220009e-01   5.7270928e-01
  -8.4517061e-01  -9.6474619e-01
  -4.3012967e-03  -1.3052854e-01
  -1.3059292e+00  -1.5432511e+00
   1.1697621e+00   8.1950218e-01
   1.0280444e+00   8.4413800e-01
  -1.1574673e+00  -1.2399042e+00
   1.0390974e+00   1.1525402e+00
  -7.3200633e-01  -5.6081414e-01
  -3.6991936e-01  -8.0032359e-02
  -1.0495883e+00  -9.1188579e-01
  -2.3388742e+00  -2.5721553e+00
   4.4979997e-02   8.9723735e-01
  -1.4657230e+00  -1.5343201e+00
  -1.8155852e+00  -2.3227725e+00
   1.9593342e-01   5.9177038e-01
   1.1647953e+00   1.3043616e+00
  -7.9512116e-01  -9.6721424e-01
   1.4450453e+00   1.2309890e+00
   5.0709603e-01   5.7099954e-01
   2.3433939e-01   1.5256859e-01
   5.5525688e-01   7.6804967e-01
  -1.4580324e-01   1.5767715e-01
   4.9579848e-01   9.9762793e-01
  -7.1773797e-01  -8.0618599e-01
   5.7022014e-01   1.0482556e+00
  -1.8609938e+00  -1.8972093e+00
   9.6136776e-03   6.0432807e-02
   1.9300723e+00   1.3324614e+00
   1.4507414e-01   5.3235901e-01
  -1.1718885e+00  -1.3638150e+00
   5.8331519e-01   8.6581362e-01
  -1.4211707e+00  -1.7907469e+00
   2.7268489e+00   1.1190645e+00
   9.8841945e-01   1.4724621e+00
  -9.5071708e-01  -9.5873950e-01
  -7.6348099e-01  -8.9265743e-01
  -1.6149999e+00  -2.1024167e+00
   1.1161149e+00   1.1053860e+00
   7.8721734e-01   1.0662314e+00
   1.2692037e+00   1.0374860e+00
  -2.4951834e+00  -2.4976072e+00
   2.1234140e-01   1.9212470e-02
   6.0723687e-01   4.7027192e-01
  -3.1338586e-01  -3.8507010e-02
  -3.0396767e-01  -4.1343959e-01
  -1.1133145e+00  -1.2686706e+00
  -1.7120350e+00  -2.0460193e+00
   1.3341998e+00   1.0520128e+00
   7.8037696e-01   7.9129427e-01
   3.2190938e-01   2.0980459e-01
  -3.0209857e-01  -4.9262829e-01
   6.0893614e-01   9.8386308e-01
  -5.4729839e-01  -8.8423945e-01
  -1.2710517e+00  -1.5251912e+00
  -1.0071293e+00  -1.2771292e+00
  -9.9184856e-02   2.8498791e-01
   7.7115393e-01   9.7266439e-01
   6.2311617e-01   8.5096183e-01
  -5.1057614e-01  -8.6514593e-01
  -1.1028477e+00  -1.4980595e+00
   1.4495596e-01   4.3518646e-01
  -3.2588393e-01  -1.9252541e-01
   7.1231575e-01   1.0539377e+00
   1.8202343e+00   1.2799442e+00
   7.1399864e-01   9.3323168e-01
  -1.5336745e+00  -1.7995871e+00
   2.8450964e-02   5.8269362e-01
   6.5172755e-02   7.2528660e-01
  -1.1466031e+00  -1.5950634e+00
   1.5187130e-01   6.9581067e-01
  -3.1518094e-01  -2.7260186e-01
   3.5193980e-01   3.0392253e-01
   6.1160851e-01   1.3404716e+00
  -2.9660449e+00  -2.1477886e+00
  -5.5011524e-01  -8.7280727e-01
   1.6672632e+00   1.1901714e+00
   1.4424412e+00   1.1931209e+00
   8.6057662e-01   1.2318848e+00
  -2.6069778e+00  -2.4988536e+00
   1.4341662e-02  -1.8901147e-01
   4.3584825e-01   7.7433672e-01
   1.0825035e+00   9.0128057e-01
  -7.7859890e-01  -4.8716632e-01
   3.5482016e-01   6.3109288e-01
   3.6022390e-01   6.9519291e-01
  -4.4087159e-01  -2.8038425e-01
   8.5299226e-01   8.9677361e-01
  -5.1540993e-01  -1.1617051e+00
  -8.1411986e-01  -4.1731196e-01
   8.7719186e-01   1.0262299e+00
   4.3648852e-01   7.1041017e-01
  -6.1142486e-01  -4.7381082e-01
   8.0972196e-01   7.7063267e-01
   1.7457764e+00   1.1073707e+00
   4.3349924e-01   5.5601138e-01
   2.5071886e-01   5.7627192e-01
  -2.5749408e-01   9.2303864e-02
   1.5884560e+00   1.2503964e+00
  -1.6279153e-01   9.1636057e-02
  -1.6630525e+00  -2.1430758e+00
  -5.6831571e-01  -2.8985373e-01
  -6.8317716e-01  -7.3498813e-01
   1.3870408e+00   1.3933638e+00
  -3.6534492e-01  -2.2558466e-01
  -1.7808652e+00  -1.8845644e+00
  -7.3255039e-01  -6.2137239e-01
  -7.2922658e-01  -6.8018974e-01
   2.1740472e+00   1.1513420e+00
   1.1547318e+00   9.7893296e-01
  -8.9156664e-02   1.5797560e-01
  -5.8634544e-01  -3.7152838e-01
   1.3209472e+00   1.1133691e+00
  -1.1404244e-01  -1.6838713e-01
   2.2912926e-01   5.6747309e-01
   8.5280232e-01   6.6543174e-01
  -1.4854897e+00  -1.5754819e+00
  -2.3412935e-02   4.7734893e-01
  -6.6851347e-01  -6.0399826e-01
  -9.2970809e-01  -1.2967527e+00
   5.5533366e-01   9.4927145e-01
   1.4402710e+00   1.2805737e+00
  -2.5985997e-01  -1.1449850e-01
  -1.8548488e-01  -1.4669162e-02
   1.9320188e+00   1.2406480e+00
   9.7439446e-01   6.8445992e-01
   8.2703190e-01   1.0379520e+00
   1.3304526e-01   2.7620696e-01
  -1.6511400e+00  -1.7376926e+00
   7.0652153e-01   8.9686360e-01
   4.0708898e-04   5.6685923e-02
  -1.3330902e-01  -1.6699812e-02
  -1.5925749e-01  -1.7868791e-01
   1.0835375e+00   1.1532715e+00
  -2.1106884e+00  -2.6075887e+00
  -1.1826184e+00  -1.7387358e+00
   1.6012795e+00   1.2850968e+00
  -1.2073878e+00  -1.0242113e+00
  -5.5092108e-01  -5.1233134e-01
  -9.1296343e-01  -1.1434243e+00
  -1.9633128e-01  -3.2194284e-01
  -5.3536971e-01  -1.6550172e-01
  -1.4715235e+00  -2.1624220e+00
   5.8673200e-01   7.9199700e-01
   4.6553096e-01   1.0947590e+00
   5.5518235e-01   8.6080676e-01
  -5.7151948e-01  -5.4608680e-01
   2.4877264e-01   6.3298611e-01
  -8.1462631e-01  -9.5631834e-01
  -8.5886165e-01  -8.9552318e-01
  -1.7598265e+00  -2.1687082e+00
  -2.1544513e-01   2.8541745e-03
   1.0385457e+00   9.9874590e-01
  -2.0530044e+00  -2.3024642e+00
  -1.0356657e+00  -1.3747155e+00
  -5.3534020e-01  -4.1698372e-01
   7.0322303e-02   3.6038985e-01
  -8.9029173e-01  -6.6370864e-01
   9.3056808e-02   1.4053878e-01
  -1.3352395e-01   1.4717337e-01
  -7.6937559e-01  -7.5651438e-01
  -9.1407054e-01  -1.0603040e+00
   5.3285039e-03   3.1224475e-01
  -1.1428882e+00  -1.3639626e+00
   1.3825094e+00   1.4621316e+00
   9.1371659e-01   1.2220050e+00
  -4.1848463e-04   3.0344526e-01
   1.6510376e+00   1.1970341e+00
  -1.0446324e+00  -1.1226828e+00
  -2.1930383e-01   1.4971398e-01
  -3.8040884e-01  -1.6677660e-01
  -1.6956176e-01  -5.1910745e-02
   1.0109653e+00   1.3334451e+00
  -1.5561245e+00  -1.3805663e+00
  -1.0875609e+00  -1.5376279e+00
  -2.3507501e-02   2.0805044e-01
  -8.0655830e-02  -1.3491191e-01
  -9.6965008e-01  -1.0157913e+00
   9.4471503e-01   7.6769482e-01
   8.6518119e-01   9.2540661e-01
  -2.2732383e-01  -7.9149233e-02
   6.9193362e-01   4.5666645e-01
  -7.8360655e-01  -9.3479375e-01
  -1.6628694e+00  -1.6588786e+00
   7.8549500e-01   9.7526267e-01
   7.5300304e-02   4.4008381e-01
   2.0601718e-01   5.1076766e-01
  -4.4901047e-01  -7.4035413e-01
  -2.4286413e+00  -2.4511944e+00
  -8.3092793e-01  -8.9171664e-01
   1.1804951e+00   1.1908198e+00
   4.1083282e-01   7.8122969e-01
   4.4509296e-01   5.9416591e-01
   3.6818606e-03  -2.8134686e-02
  -4.7255819e-01  -4.5789829e-01
