   2.0275206e-01  -2.9374174e-01
   8.9577032e-01  -9.2137357e-01
   2.3900958e-01  -5.3462581e-01
   2.0651834e-01  -1.4474437e+00
   1.1314790e+00  -1.7890585e+00
  -1.4029431e+00   7.3498198e-01
   1.3593731e+00  -1.7689710e+00
   2.6521099e-01  -1.5151291e+00
   2.3293190e-01  -3.0064175e-01
  -2.9515629e-01   9.4489763e-01
  -5.8078058e-01   1.8034760e-01
  -1.8660645e+00   1.4884755e+00
  -1.0650450e+00   1.4791527e+00
   1.0802150e+00   3.5298364e-01
  -1.6255447e+00   1.9019510e+00
   5.4664386e-01  -1.4459641e+00
  -3.0839761e-01   8.2181653e-01
  -1.0521880e-01  -4.1521325e-01
  -8.1809217e-01   1.7529929e+00
   1.4086881e-01  -2.3373411e-01
  -1.6658284e+00   2.0121683e+00
   4.7680530e-01  -7.1264970e-01
  -5.0416853e-02   1.8265662e-01
   1.1339546e+00  -5.4096505e-01
   3.8199652e-01  -1.0554713e+00
  -5.3788145e-01   8.0995250e-01
   1.8372167e-01  -7.7996485e-01
  -1.6788378e+00   1.5251860e+00
   1.6387930e+00  -1.4914996e+00
  -1.4527572e+00   1.1335778e+00
  -7.4692823e-01   7.3211203e-01
  -8.7585816e-01   9.5776235e-01
   1.3905204e-01   4.5294540e-01
  -1.0118637e+00   5.2149699e-01
  -2.9071406e-01   9.8449367e-01
   1.3861079e+00  -1.7343894e+00
   1.8083794e+00  -1.9691748e+00
   7.9998182e-01  -2.0348218e+00
   2.9096217e-02   2.6307162e-01
   2.4467552e+00  -2.4042592e+00
   8.8538508e-02   8.2800026e-02
  -9.5793826e-01   7.3694862e-01
  -1.4162751e+00   1.9303340e-01
   8.6827510e-02   3.8455442e-01
  -3.2386729e-02  -3.2135225e-01
   1.0487515e+00  -1.2533515e+00
  -1.4803500e+00   1.1966497e+00
  -6.4461897e-01   6.4300892e-01
  -7.4603896e-01   7.3054731e-01
  -3.8433605e-01   3.6199110e-01
   1.1972981e+00  -9.6462096e-01
  -3.4107699e-01   3.7297369e-01
  -1.6996629e+00   1.5427221e+00
   5.5662187e-01  -5.5817430e-01
  -7.3503488e-01  -3.6199441e-01
   3.7090098e-01   2.0250880e-01
   3.4123049e+00  -3.2403787e+00
  -1.3350519e+00   8.2501059e-01
  -1.0080594e+00   1.1737025e+00
   2.4836127e+00  -2.3038217e+00
  -4.5577710e-01   1.1078869e+00
   1.4784900e-01  -1.3766037e+00
  -2.3248038e+00   1.6030508e+00
  -1.2175232e+00   2.5135560e+00
   1.1663150e-01   3.4508913e-01
  -7.2622527e-03   5.4288174e-01
  -2.0746706e+00   2.2898041e+00
  -7.7979124e-01   9.9706738e-01
   1.0016668e-01  -8.1029731e-01
   1.3334709e+00  -1.6760293e+00
  -1.0228174e-01   7.1382156e-01
  -2.9869477e-01   2.6830427e-01
   1.5322474e+00  -1.9936069e-01
   5.1866249e-01  -3.5081587e-01
   1.6329391e-01   6.9583691e-01
   1.3152657e+00  -1.1706827e+00
  -1.9237528e-01   4.5206934e-01
   3.0739594e-01  -4.0159731e-01
  -1.0180358e+00   1.2630353e+00
  -8.9134988e-01   1.3963568e+00
  -4.0713559e-01  -4.5282305e-01
  -2.5867868e+00   3.8184210e+00
   7.3297709e-01  -9.4373761e-01
  -4.9220328e-01   5.4208934e-01
  -4.0875344e-02  -8.4774385e-02
  -2.4712482e+00   2.9917194e+00
  -8.0244320e-01  -3.6185019e-01
   7.4170390e-01  -1.7366912e+00
   1.0859789e-01   9.2808110e-01
   2.7553876e-02  -9.0757035e-01
  -1.1242915e+00   1.8606284e+00
  -1.2224990e+00   1.4255419e+00
  -3.5819975e-01   1.3633563e+00
  -8.7174746e-02   1.6494875e+00
  -1.0880226e-01  -8.0494642e-01
   1.3936163e+00  -2.1082910e+00
  -1.7104138e-02  -3.1221345e-01
   2.0721595e+00  -1.4767795e+00
   1.7942310e+00  -1.9301755e+00
  -1.1323642e+00   9.8653274e-01
  -2.2333204e-01   9.5746864e-02
  -4.9780143e-02   4.1834158e-01
  -1.0138095e+00   1.1740523e+00
  -5.3061186e-01   3.8080136e-01
   3.5339576e-01  -1.0341647e+00
   3.7553618e-01  -2.4075163e-01
   1.2595147e+00  -4.4318524e-01
   1.3951410e+00   4.7680615e-02
  -7.1163888e-02   1.5122710e-01
   6.8725001e-01  -9.6973222e-01
  -1.3897178e+00   1.0600132e+00
  -7.5862439e-01   8.1074426e-01
   2.3638659e-01  -4.4220501e-02
  -3.2386463e-01  -4.4871855e-01
  -1.4891966e+00   1.6174353e+00
  -1.7792084e+00   2.4295880e+00
  -2.6609330e-01  -7.9424467e-01
  -3.6569087e-01   1.1928940e+00
  -1.4044794e-01  -4.0066841e-01
   9.3411546e-01  -1.5612903e+00
  -3.1435194e-01  -2.1788974e-01
   2.0190846e-01   7.1083797e-02
  -3.5596400e-01   5.3296038e-01
   6.6375073e-01  -1.0033041e+00
   3.0636473e-01   1.1136747e+00
  -5.3547715e-01   7.4950010e-01
  -2.2026597e+00   2.3188216e+00
  -3.6304249e-01  -4.1757706e-01
  -4.4219946e-01   4.8394303e-01
   2.4784122e-01  -8.4781989e-01
  -5.4448405e-01   6.9796635e-02
  -1.5184170e+00   1.9746350e+00
  -2.4439116e-01   2.9795389e-01
  -4.7325651e-01   1.0147644e+00
  -1.3118555e+00   1.9919840e+00
  -3.2172935e-02   2.6603871e-01
  -1.4203064e+00   1.0070736e+00
   6.3378505e-01  -1.1597571e+00
  -1.7983335e+00   9.9453383e-01
   4.0770131e-01  -2.5981201e-01
  -7.2094942e-02   2.5852705e-01
   3.0808731e-01   2.4154646e-01
   4.0204086e-01  -1.0406035e+00
  -2.2589305e+00   2.3392534e+00
   4.6378970e-01  -1.6352679e+00
   7.7425214e-01  -2.2507895e-01
   2.5163781e-01   8.6755614e-02
  -2.0460876e+00   1.6101842e+00
  -6.2666925e-01   1.4290167e-01
   9.5175781e-01  -4.5505086e-01
   4.4740614e-01  -4.3052313e-01
   1.8010322e+00  -2.8289813e+00
  -1.7276901e-01   1.0587404e-01
   8.7558240e-02  -5.7871752e-02
   4.8263376e-01  -1.0570288e+00
  -1.7323095e+00   1.9423257e+00
  -1.1618402e+00   4.6112552e-01
   1.8220205e-01  -3.1411584e-01
   2.9635057e-01   4.1195282e-01
  -3.8897374e-01   1.4166982e-01
   2.4728965e-01  -2.1730034e-01
   1.1754157e+00  -2.1273883e+00
  -4.7807529e-01   1.0952244e+00
  -2.3842151e+00   2.1328477e+00
   1.2587560e+00  -1.0268592e+00
   1.0204938e+00  -3.2254049e-01
  -2.7649349e-01   4.6600257e-01
   1.6191011e-01  -4.8136635e-01
   5.7987047e-01  -1.6105328e+00
  -1.2788684e-01   5.2245012e-01
   1.0610697e+00  -1.3104378e+00
   1.8016900e+00  -9.5359394e-01
  -1.5679963e+00   1.7047545e+00
   1.5506205e+00  -2.3085826e+00
  -1.2674351e+00   6.3323048e-01
   7.0175043e-01  -1.0495768e+00
   7.9678585e-01  -7.1418675e-01
  -7.3987774e-01  -1.5025842e-01
   3.3728605e-01  -3.5023109e-01
  -4.4398771e-01   8.1071933e-01
  -2.0900149e+00   2.5476334e+00
  -7.2525656e-01   3.8021733e-01
   1.3704075e+00  -2.2395700e+00
   5.8672830e-01  -8.5154824e-01
   1.0334477e+00  -7.8376994e-01
   1.9950338e-01  -3.7762077e-01
  -8.8095653e-01   4.6844404e-01
  -1.1888944e+00   4.6321619e-01
   1.3643313e+00  -6.4170916e-01
  -1.6674058e-01  -3.4026532e-01
   3.4862310e-01  -5.7949311e-01
   4.6445467e-01  -2.8318776e-01
  -1.5356518e+00   1.2966650e+00
   9.4447490e-01  -1.3938727e+00
  -7.6066182e-01  -3.9332337e-01
  -5.9078979e-02   3.1046587e-01
  -1.8785351e+00   8.8424082e-01
   1.2202565e-01  -6.3758785e-01
   1.5475765e+00  -1.8409385e+00
   3.3301280e-01  -9.9477383e-01
   6.7681721e-01  -3.4813409e-01
   7.7481813e-01  -8.7338306e-01
  -4.7855281e-01  -6.8828971e-02
  -1.3791402e+00   1.5535942e+00
   9.6552869e-01  -6.0089222e-01
   8.8343189e-01  -6.7328865e-01
   9.8453747e-01  -1.4854017e+00
  -1.3565359e+00   1.3517853e+00
  -2.0730653e+00   2.0284768e+00
   8.4130574e-01  -7.1076751e-01
  -3.8533399e-01   9.9168651e-01
   3.8200833e-01  -3.4132133e-01
   6.3585559e-01  -2.1416250e-01
   1.0470438e-01  -3.3819643e-01
   9.1005541e-01  -1.0075493e+00
   9.0253968e-01  -1.4021321e+00
   9.6531434e-01  -8.9401437e-01
   1.9531818e+00  -1.5309360e+00
   5.0339770e-01  -9.9339868e-01
   1.2859967e-01  -8.8577699e-01
   2.1408891e+00  -2.0819272e+00
  -4.8367627e-01   4.8663771e-01
   1.4283656e+00  -2.1234153e+00
   3.1447329e-02  -1.2576076e+00
   1.3858705e+00  -1.4005934e+00
   4.1088142e-01  -1.3321724e+00
  -2.1324301e-01  -1.3553615e-01
  -3.2108416e-01  -3.1775339e-01
   7.2661862e-01  -1.4550541e+00
   1.7815227e+00  -1.7554520e+00
   9.7366612e-01  -9.4753190e-01
   1.1579024e+00  -5.0926902e-02
  -1.9325311e+00   2.0443470e+00
   6.8196406e-02  -3.2338823e-02
  -5.4730381e-01   5.9935212e-01
   1.0464390e+00  -1.9271113e+00
   4.7223445e-01   5.5894019e-01
   2.4279940e-01  -2.1997927e-01
  -6.3373773e-01   3.3586123e-01
  -2.9092576e+00   3.1375554e+00
   7.4412482e-01  -1.5868562e+00
   2.8305960e-01  -6.7591072e-01
  -1.0879092e+00   4.0681854e-01
   5.7375296e-01  -8.7614271e-01
   5.6104977e-01   7.1475262e-02
   1.0292898e+00  -5.4541834e-01
   3.6016580e-01  -2.2041902e-01
  -2.1237423e-01   4.1356155e-01
  -2.8444649e-01   3.5501389e-01
   1.3998478e+00  -1.4629927e+00
  -1.5831888e+00   2.3000707e+00
   2.1715586e+00  -1.9937889e+00
   2.4495126e-01  -1.5454053e+00
  -5.6714978e-01   6.3624050e-01
   1.3001103e-01  -1.7106456e+00
  -8.8401659e-01   8.2825432e-01
  -9.5782817e-01   8.1372072e-01
   1.7402046e+00  -1.0898411e+00
  -1.0145672e+00   1.4024881e+00
   5.1501878e-01  -1.1082235e+00
   7.8058263e-01  -1.9119357e+00
   7.8427187e-01  -1.2574188e+00
   1.8094835e+00  -2.3440410e+00
   2.2808244e+00  -2.0833286e+00
  -1.6946687e+00   1.8745347e+00
   9.1376571e-02  -7.8719837e-01
   8.3044485e-01  -5.4096403e-01
  -9.4525914e-01   9.8343162e-01
   1.4700471e+00  -9.7554061e-01
  -1.3331503e-01   6.2708729e-03
   3.4809883e-01  -2.6990277e-01
  -1.2104382e+00   1.8251461e+00
   3.7293182e-01   3.0463499e-01
  -2.1038279e+00   2.3928339e+00
   6.9432895e-01  -1.4496452e+00
  -3.5083615e-01  -4.5336475e-01
  -1.0513245e+00   5.4857472e-01
   2.1324862e-01   5.5023750e-01
  -2.3777607e+00   2.2736323e+00
  -1.2490527e-01   5.4840828e-01
  -3.8007440e-01   1.0921218e+00
  -1.2636335e-01   6.7103985e-01
   7.8801066e-01   2.7384043e-01
  -2.3892175e-01   7.2538052e-01
   3.0561301e+00  -3.3402655e+00
  -3.0852225e-01   1.2787821e-01
   2.7801569e-01  -3.8619244e-01
   7.0226553e-01  -5.8122157e-01
  -1.7934311e+00   2.0946662e+00
   1.4680125e+00  -1.8943447e+00
   2.2999057e-01   7.4345158e-01
  -8.4032401e-02  -7.7357724e-01
   1.2327057e+00  -3.3382902e-01
   1.5320507e+00  -4.2042948e-01
   2.5437662e+00  -3.1510239e+00
  -1.5780659e+00   1.7210806e+00
  -4.9780629e-01   7.7141774e-01
  -4.8861253e-01   1.2103417e+00
  -1.1557529e-02   3.1470174e-01
   1.2062452e+00   3.5089764e-01
   4.6561388e-01  -3.4642477e-01
  -4.2921731e-01  -6.0256081e-01
   4.9232414e-01  -5.8551421e-01
  -1.5219710e+00   2.0500731e+00
  -1.8739684e-01   3.8897369e-01
  -2.3248115e+00   2.5906950e+00
  -1.4544478e+00   2.3780861e+00
   4.4880939e-01  -1.0023994e+00
   6.8675933e-01  -8.8917705e-01
   1.1335996e+00  -6.3671002e-01
  -5.2036485e-02   7.5507509e-01
  -2.9484232e-01   5.1878035e-01
  -1.9837081e+00   2.4754417e+00
   2.0118635e-01  -7.0844833e-01
  -4.6802961e-01   6.3859072e-01
  -1.1596815e+00   9.1538261e-01
  -1.0704720e+00   2.0747767e+00
   6.7278287e-01  -4.7502688e-01
  -7.5361342e-01   1.5026021e+00
  -7.1700011e-01  -4.9190004e-01
  -1.1536913e+00   2.5320846e-01
  -3.4145326e-01   8.2294247e-01
   5.3508909e-01  -3.1650386e-01
  -4.0178488e-01   1.1758422e+00
   1.0545909e+00  -1.3675373e+00
   1.6767589e+00  -2.5261708e+00
   4.7846237e-01  -1.9495178e+00
  -3.9281169e-01   7.4227355e-01
   1.6664251e+00  -1.7781289e+00
   8.3851075e-01  -7.5085208e-01
  -2.2869620e+00   1.4720400e+00
  -1.0172812e+00   1.7375380e+00
  -1.8680339e-01   8.2004513e-01
  -1.0731214e-01  -2.1154749e-01
   2.2572666e+00  -1.8464194e+00
  -3.6323912e-01   4.0962849e-01
   6.9913476e-02   4.7888568e-01
   8.2440308e-02  -2.3707061e-01
  -4.4950342e-01   6.8196053e-01
   1.2026361e+00  -2.0043325e-01
  -1.0824214e+00   7.8921013e-01
   4.0599732e-01  -7.2133126e-01
   5.2761256e-01  -1.1616733e+00
   2.6529424e-01  -1.6735687e+00
   5.3747821e-01   5.7173727e-01
  -7.4382734e-01   5.9146338e-01
   2.2268555e+00  -1.3998773e+00
   2.7538119e-01   7.3898031e-02
   1.6310841e+00   9.9598024e-02
   1.5639565e-01   1.0095294e-01
   7.3879227e-03  -5.2534093e-01
   1.1498923e+00  -8.8167331e-01
  -3.7733047e-03  -2.2612410e-01
  -6.6784974e-01   7.9493389e-01
   1.7846681e-01  -8.1936534e-01
   8.4207949e-01  -1.2759140e+00
  -6.9240581e-01   7.6410091e-02
  -1.4235710e+00   8.4955353e-01
   1.7111424e+00  -1.5581112e+00
  -8.2230844e-01  -6.6217213e-01
   1.9073523e+00  -1.8066433e+00
   4.6500479e-01  -2.3235851e-01
  -3.8223299e-01  -5.3620445e-01
   7.8990015e-01  -5.4509836e-01
   3.7549075e-01  -8.0413654e-01
  -5.0899297e-01   1.0132636e+00
  -4.9053537e-01   9.3168743e-01
  -1.0678868e+00   2.3797133e-01
   2.6793338e-01  -2.2105929e-01
  -6.5612182e-01   6.4734927e-01
   2.9015805e-02  -2.7903702e-01
   1.9825421e-01  -6.8851688e-01
  -2.2792386e-01  -2.2514464e-01
  -7.4119514e-02   2.6799709e-01
  -1.4133191e+00   1.9720461e+00
   1.4037608e+00  -2.2727904e+00
  -1.2471917e-02   9.0942874e-01
  -3.1387740e-01   6.0780615e-01
   3.7093624e-01   5.2771715e-01
  -3.7038128e-01  -6.0911789e-01
   1.9774611e+00  -1.9724719e+00
   5.0408336e-01  -5.3238263e-01
   6.7147292e-01  -1.0849989e-01
   1.9871706e+00  -1.7764256e+00
   2.0120732e+00  -1.3472946e+00
   1.2447375e+00  -1.0153132e+00
   1.4524492e-01  -5.2054752e-01
   9.1057637e-01  -1.3312795e+00
  -4.4434845e-02   2.1906063e-01
   3.0851263e-01  -7.9213489e-01
  -2.2087856e-01   7.3607785e-03
  -1.5750337e-01   5.5611223e-01
   1.0649295e+00  -4.0403169e-01
  -1.3090808e+00   1.3428401e+00
   1.4106939e+00  -1.7427634e+00
  -3.2642298e-01   1.4605766e-01
  -1.1180411e+00   6.8485778e-01
   2.2747780e+00  -1.4585442e+00
   8.2162565e-01  -5.3727032e-01
   1.6780084e-01  -4.0159504e-01
   4.2762336e-01  -1.6163224e-01
  -6.0210670e-01   2.7342053e-01
  -7.5368429e-01   9.2428716e-01
   4.0799485e-01  -1.0867040e-01
   1.4257091e+00  -6.9952314e-01
  -1.2687415e+00   1.0316432e+00
   5.7342149e-01  -2.2428489e-01
   3.0066951e-01   1.3848989e-01
   1.3777389e+00  -2.0346810e+00
  -1.1119010e+00   7.1749300e-01
   5.0632855e-01  -7.7574842e-01
  -1.8711830e+00   1.5824958e+00
   7.5026369e-01  -7.6934251e-01
  -1.9085061e-01   1.0139880e+00
  -3.3429855e-01  -2.0392150e-02
   8.4051046e-01  -1.0541144e+00
  -2.1048279e-01   4.6032646e-01
   4.8994736e-01  -2.6173272e-01
  -6.2829351e-01   1.4089836e+00
  -7.6993112e-02  -1.6667148e-01
   4.3115814e-01  -7.1665218e-01
  -6.7315153e-01   7.8132834e-01
  -3.2976994e-02   8.8713240e-01
  -2.9324361e-01   2.6985908e-01
  -1.0543930e+00   2.0594280e+00
  -1.3000077e+00   1.0790832e+00
   6.1935975e-01  -8.9110505e-01
   5.0807566e-01  -4.2092400e-01
  -1.6344666e+00   1.5159523e+00
   2.2388308e+00  -2.4123080e+00
  -9.0627005e-01   1.5492821e+00
   8.2264883e-01  -7.6139820e-01
  -1.1612220e+00   8.7950931e-01
  -9.1290648e-01   9.8834048e-01
  -7.3693892e-01  -4.3878972e-01
   1.3102714e+00  -1.2617052e+00
   9.9007202e-01  -1.3836365e-01
  -6.8916364e-02   1.1387323e+00
   2.2766633e+00  -2.5019571e+00
  -8.3501280e-02  -7.5309104e-01
   5.5782875e-01   3.1871221e-01
   1.0499045e+00  -1.5191157e+00
  -8.6058050e-01   6.6502846e-01
  -3.3189092e-01   4.3057733e-01
  -9.8791628e-01   8.8052513e-01
   1.0487616e+00  -1.6774776e+00
   6.2933416e-01  -3.1819631e-02
   2.8102717e-01   1.3779206e-01
  -1.2612165e+00   2.1847569e+00
  -1.1801515e+00   1.4774938e+00
   1.1239431e+00  -1.4343297e+00
  -1.6932867e-02   3.6055178e-01
  -7.8322060e-01   6.0864639e-01
   1.1835232e+00  -9.6399442e-01
   1.8015027e+00  -1.7347629e+00
  -1.6574762e-01   1.9270947e-02
   1.8905198e-01  -2.1713820e-01
  -1.6806493e+00   8.0725646e-01
   1.0906362e-01  -1.2939647e-01
   1.1555098e+00  -1.4776485e+00
  -1.4233129e+00   1.4774964e+00
   7.0236598e-01  -7.1690496e-01
   7.5447883e-02   8.1408712e-02
  -3.0166213e-01   1.8862033e-01
   1.5280252e+00  -2.2374584e+00
  -8.2415997e-01   1.3634144e+00
  -1.3656197e+00   2.4999490e+00
  -8.1245718e-02  -9.8728138e-01
  -3.3901683e-01  -7.4691978e-02
   7.4844813e-01  -9.0605126e-01
   8.1529659e-01  -9.7525022e-01
   1.6178038e+00  -8.7452198e-01
  -1.8820162e-01   8.8288308e-01
  -2.2074506e+00   2.4695653e+00
   3.2073000e-01  -1.0527697e+00
  -2.8847184e-01   2.7829325e-01
  -6.0308683e-03  -9.5671339e-01
  -1.5469264e-01   4.4293124e-01
   1.4423303e+00  -2.2795374e+00
  -8.6570587e-01   1.1687728e+00
   2.6204145e-01   1.2741621e-01
  -1.0655637e+00   8.0404455e-01
  -9.0497469e-01   8.7563090e-01
  -5.3172331e-01   1.1625839e+00
   1.6551447e+00  -2.2383552e+00
  -1.0748363e+00   1.1714872e+00
   5.9882439e-02   1.0212512e-01
  -1.1051880e+00   1.4170906e+00
   5.1020297e-01  -7.7411537e-01
   5.6133671e-01   4.9407688e-01
  -1.2321389e+00   2.0301186e+00
   1.6540498e+00  -1.1385506e+00
  -3.6296416e-01   8.5227499e-01
  -3.9855172e-01  -1.4703450e-01
  -3.3291244e-01   5.7614779e-03
   2.2209425e-01  -8.1014254e-01
   2.3790290e+00  -1.9728240e+00
   1.0869058e+00  -1.5982234e+00
  -2.3630549e-01   1.2625422e+00
   5.1918879e-01  -3.5020599e-01
  -2.2222175e+00   2.4522744e+00
  -1.2468045e+00   9.3172527e-01
  -5.7321781e-01   5.1420549e-01
   6.6698801e-01   1.2372831e-01
   4.1749745e-01  -6.4493539e-01
   1.3485104e-01  -1.9245595e-01
   1.2179263e+00  -2.5710813e-01
   5.5492638e-01  -6.4917065e-01
  -5.8337225e-01   9.1200310e-01
   6.1575799e-01  -6.9891097e-01
   6.9805108e-01   7.3387756e-02
   1.1536175e-01   7.4422817e-01
   1.0312092e+00  -1.8293648e+00
  -2.5289696e-01   2.4981896e-01
  -5.0383196e-01   9.3879507e-01
  -1.2586260e+00   1.1330625e+00
  -2.5447690e-01   2.6910046e-01
   1.6460643e-01  -1.2741184e+00
  -2.3891867e+00   2.1207375e+00
   4.3118171e-01  -5.5257739e-01
   1.3779888e+00  -1.3247359e+00
  -2.7320548e-01   3.7045218e-01
   8.7986713e-01  -1.3048672e+00
   2.2054164e+00  -1.6085374e+00
  -1.0004782e-01   7.1703886e-01
   2.0223877e-01  -1.2399261e+00
  -6.2520616e-01   1.8210478e-01
   4.9802107e-01  -6.2384719e-01
   8.5449699e-01  -1.0370526e+00
   2.0939413e+00  -1.8165351e+00
   1.1175761e+00  -1.2539764e-01
  -3.6069360e-01  -4.8368803e-01
   6.3446503e-01  -1.6668096e-01
   2.0770069e-01  -4.0281481e-01
  -1.9236944e-01  -5.6177812e-01
   2.3583446e-01  -5.6882358e-01
  -6.7494401e-01   1.0628335e+00
  -1.0644170e-01  -3.7017413e-01
  -1.6909921e+00   2.7480055e+00
   2.7583526e-01   1.0707386e+00
   4.0347050e-01  -4.1692075e-01
   2.5795972e-01  -9.3181003e-01
  -1.8443762e-01  -6.8055757e-01
   2.3628328e-01  -1.5608131e-01
  -3.6255239e-01   1.0361002e+00
  -1.3670581e+00   6.1838689e-01
  -8.4445618e-01   5.9018361e-02
  -1.9720552e+00   1.4909111e+00
  -6.9002944e-01   6.0898447e-02
   2.0307218e+00  -2.5476792e+00
  -8.1015986e-01   1.2184016e+00
   1.5731462e+00  -1.9227415e+00
  -2.0058881e+00   3.1163100e-01
   6.7791692e-01  -6.2313574e-01
   8.8743169e-01  -2.4887767e+00
   9.3049503e-01  -7.9256250e-01
  -1.1443370e+00   1.4874073e+00
  -7.2062455e-01   1.2785380e+00
   1.6698704e+00  -7.6615420e-01
   7.0736012e-01  -3.0931942e-01
  -2.5615360e-01   3.5094771e-01
  -8.7517388e-01   8.6920887e-01
   4.1925971e-01  -1.7450316e+00
   7.5731982e-01  -1.5364306e+00
  -5.5999523e-01   2.8260539e-01
   5.0568666e-02  -1.3019884e-01
  -1.1364443e+00   4.6488966e-01
  -1.0991361e+00   3.9228448e-02
   7.2886118e-01  -3.5412462e-01
  -1.3619880e-01  -2.6828851e-01
  -1.6244648e+00   1.2794479e+00
  -1.0282703e-01  -9.3900032e-02
  -3.6150585e-01   1.1276868e-02
   3.7182789e-01  -6.6165267e-01
   8.9910778e-01  -8.7526789e-01
   1.0761207e+00  -6.8556252e-01
   6.4518133e-01   1.3310514e-02
  -9.8782474e-01   1.7682200e+00
  -9.4987661e-01   1.1724185e+00
   1.0324506e+00  -3.5936918e-02
  -1.8742881e+00   1.3944516e+00
  -2.9448515e-01   1.0406172e+00
  -1.9324902e-02   8.2668937e-01
  -2.1003182e-01   1.5153171e+00
  -6.1015925e-01   8.2909885e-01
  -1.6530202e+00   2.3338681e+00
  -2.2256562e-02  -2.0551328e-01
  -7.8522676e-01   1.6199855e-01
   8.4581366e-01  -2.6169312e-01
  -5.5494903e-01   4.5819121e-01
  -1.2070128e+00   1.1957613e+00
   1.7441440e-01  -4.7379768e-01
   1.9041353e+00  -1.7075623e+00
   3.3450178e-01   8.1144697e-02
  -2.5733118e-01   4.7073731e-01
   1.3103850e+00  -2.2721353e+00
   1.8728006e-01  -1.7927205e-01
   1.5301372e+00  -1.3394527e+00
  -4.5152752e-01   1.2303721e+00
  -1.4739329e+00   1.0266022e+00
  -1.2538476e+00   1.2761388e+00
  -1.3346284e+00   1.6302988e-01
  -1.0980868e+00   5.8870642e-01
   6.8352669e-01  -3.0542972e-01
  -1.4888857e+00   2.3980533e+00
  -1.1298030e+00   8.7082782e-01
   3.7938930e-01  -8.0606424e-01
  -7.2169135e-01   4.9334818e-01
  -1.3265410e-01  -4.2762637e-01
  -6.5032317e-01   1.2279751e+00
  -1.1910212e+00   1.3272047e+00
   8.3117581e-01   4.5966709e-01
   1.3159033e-01   1.0936254e+00
   1.1688180e+00  -1.4190017e+00
   2.4976494e-01   1.7336651e+00
   1.3947001e-01  -2.7031353e-01
  -8.5309875e-01   7.2405120e-01
  -4.4385244e-02   2.0377979e-01
   9.6021665e-01  -1.4764253e+00
  -1.6505008e+00   1.8483239e+00
  -9.7301746e-01  -3.5013356e-02
  -1.4766240e+00   9.8532444e-01
  -3.4302830e-01  -5.8002465e-01
   3.0114924e-01  -6.9013679e-01
  -1.3407240e-01   1.2541773e-01
   2.9828474e-01  -7.0494818e-01
   1.8961443e-01  -1.3469299e+00
   3.8181971e-01  -4.2348874e-01
  -2.2087325e+00   2.4533449e+00
   6.7768601e-01  -8.7109833e-01
   5.4031348e-01  -4.5464510e-01
  -1.1348177e-01  -1.1053277e-02
  -4.4775970e-01  -9.7900619e-02
  -1.4128039e+00   1.9970725e+00
   9.5040936e-01  -1.1244578e+00
   1.0523477e+00  -6.3140854e-01
  -1.0238389e+00   1.4455341e+00
  -9.4262370e-01   1.3568026e+00
  -9.3271301e-01   1.2092909e-01
  -7.5281464e-01   1.1678965e+00
   7.8603422e-01  -9.1713250e-01
   1.3994847e+00  -7.0484025e-01
  -8.6223882e-01   8.5600291e-01
  -7.6049339e-01   7.8936279e-01
   2.1826400e-01  -1.2678548e+00
  -1.8584225e-01   1.1153358e+00
  -9.0642866e-03  -7.8873525e-02
  -1.0497164e-01  -3.9127640e-01
  -6.4882789e-01   3.7659275e-01
   1.8873207e+00  -1.8334013e+00
  -2.3071371e-01  -7.9863044e-01
  -4.9317155e-01   6.6777038e-01
   6.1217649e-01  -7.4687060e-01
  -2.6700228e-01   1.4729611e-01
  -2.3715190e-01  -2.8094754e-01
   1.0005253e+00   1.3642362e-01
  -1.0833159e+00   1.8825827e+00
   2.1327707e+00  -3.6578744e+00
  -1.6422859e+00   8.1434499e-01
   1.4574416e-01  -1.1592274e+00
   1.7680114e-01  -5.3948120e-01
   3.8279042e-01  -7.3056993e-01
  -4.1463472e-01  -5.2786595e-01
   5.2936332e-01   6.0307761e-02
   4.5169935e-01  -2.3001172e-01
  -1.0047551e-01  -3.9109715e-01
   9.1465023e-01  -8.6796027e-01
   2.2649225e-01  -4.6263399e-01
   5.7974044e-01  -1.2010083e+00
   1.8502853e+00  -8.5663104e-01
  -4.9693132e-01   8.3665885e-01
   3.1622421e-01  -8.4859167e-01
   9.5358478e-01  -1.4210492e+00
  -5.7020046e-02  -4.2718201e-01
  -1.0943422e+00   1.2019501e+00
   1.3634725e-01   1.3847679e-01
  -6.4400961e-01  -2.8536455e-03
   4.7955686e-01   1.4027273e-01
  -1.0051646e+00   1.7441917e+00
   8.2452157e-01  -2.2281854e-01
   1.6035995e+00  -1.0898830e+00
   5.1256283e-01  -7.9982666e-01
   7.1075159e-01  -1.0716933e+00
  -1.5223948e+00   1.1147596e+00
   1.1196339e+00  -1.6749615e+00
  -3.8637298e-01   3.8110322e-01
  -7.3237638e-02   1.6200796e-01
  -1.3027914e-01   2.4911954e-01
   3.0148977e-01  -3.5755046e-01
  -2.9612810e-01  -4.2342186e-01
   1.4111125e-01  -1.3749043e+00
   2.0550474e-01   8.3716336e-02
   2.2713119e+00  -2.2066694e+00
   4.5704001e-01  -2.3642939e-01
   1.0034636e-01   6.0697966e-01
   1.4551124e+00  -1.1516778e+00
   1.4629968e-01   1.2634823e-01
   1.3437359e+00  -1.5122222e+00
   1.7227341e+00  -2.4257715e+00
  -9.3575744e-01   7.1882434e-01
  -1.0947853e+00   1.7177819e+00
  -8.0919160e-01   4.7889390e-01
   6.2597254e-01  -9.1932201e-02
  -6.7462893e-01   3.7137231e-01
  -3.7876805e-01  -5.4802799e-01
  -1.3984841e+00   5.7101736e-01
   2.7072849e-03   2.5101293e-01
  -2.0233620e-01   2.2726672e-01
  -1.2293372e+00   1.3484568e+00
  -7.9325939e-01   1.2448397e+00
  -8.1313406e-01   3.8596616e-01
  -1.1586987e-01   4.7689947e-01
  -3.3195850e-01   5.3827994e-01
  -6.5469011e-01   9.8075550e-01
  -9.8613322e-01  -1.4587364e-01
   5.4976601e-01  -8.6252693e-01
   1.4399677e+00  -1.2785315e+00
  -1.6231087e+00   2.8288856e+00
   2.6221306e+00  -2.5400328e+00
  -1.2729894e+00   1.6426504e+00
   1.1504509e+00   1.6378284e-01
   3.0384651e-01   1.1448477e-01
  -1.2254107e+00   1.9444509e+00
   1.5183752e+00  -1.5681609e+00
  -1.5930495e+00   1.5957763e+00
   4.7209689e-01  -6.8784102e-01
  -4.9970681e-01   7.8178671e-01
  -1.8755444e-03   8.9712402e-02
   1.6767605e+00  -1.5118523e+00
  -7.3715460e-01   1.0098833e+00
  -1.3727512e-01   3.6857984e-01
  -7.2724910e-01   1.2274659e-01
  -9.5103989e-01   8.6778347e-01
  -1.8549004e+00   2.2471534e+00
   6.5986290e-01  -3.4673997e-01
  -9.5574892e-01   1.1278632e+00
  -1.0112033e-01   6.2272351e-01
  -1.5559075e+00   1.3460017e+00
  -4.7924719e-01   1.8285244e-01
   1.2778874e+00   2.0425261e-01
  -1.4102788e-01  -1.3070066e-01
   2.1759100e-01  -5.2033691e-01
  -3.7862309e-01   1.5253473e-01
   1.0876600e+00  -4.5708289e-01
  -9.9681674e-01   1.6784419e+00
   1.6343993e+00  -1.4449909e+00
   6.4878146e-01  -2.4615780e-01
  -4.6902957e-01   1.3248365e+00
  -2.7327184e-01   6.6753148e-01
  -8.7154166e-01   1.0647508e+00
   2.6632905e-02   4.3155647e-02
   2.4613618e+00  -1.4901402e+00
  -7.7720544e-01   1.3823130e+00
  -9.8721620e-02  -4.7370581e-01
  -2.4933348e-02   2.3956995e-01
   1.0094636e+00  -1.3403853e+00
  -7.0543827e-01   4.7010650e-01
  -6.4901125e-01   3.3104700e-01
  -8.2509800e-01   1.2024081e+00
   2.0295473e+00  -1.5557107e+00
  -2.0140573e+00   2.9222448e+00
   5.5287712e-01  -1.3201742e+00
  -5.8437392e-01   8.5537279e-01
  -1.1173602e+00   7.2527491e-01
  -8.9892373e-01   2.2071408e-01
  -8.3343688e-01  -8.7237064e-01
   3.2026248e-01  -8.8361756e-01
   1.1683717e-01   7.1333395e-01
  -5.6560282e-01   3.1254898e-01
   9.4112977e-01   5.9067177e-02
  -3.2770639e-01   2.4347826e-01
   3.3939126e-01   2.2951457e-01
   3.8877420e-01  -2.2928599e-01
  -1.3880003e+00   1.8850816e+00
   2.1371328e+00  -1.3530834e+00
   1.9863060e+00  -1.5759734e+00
   6.4799277e-01  -1.4104006e+00
   1.0774462e+00  -1.0085290e+00
  -9.1332483e-01   8.4145442e-01
   4.3395749e-02  -2.2341324e-01
   1.7011721e-01  -1.4947603e-01
   8.2808074e-02  -3.5724900e-01
   9.6788336e-01  -1.9037186e-01
  -9.8679952e-01   2.3074550e-01
   1.0341649e+00  -1.5162554e-01
  -5.5390497e-01   5.3537054e-01
  -3.5535276e-01   2.3226899e-01
  -8.0869936e-01   6.0947995e-01
  -9.2047723e-01   7.8230020e-01
  -8.5189053e-01   1.2736357e+00
   3.1444423e-01   7.1936453e-01
   1.3842517e+00  -1.1217959e+00
  -3.1989388e-01  -1.3699483e-01
  -4.8971794e-01   5.2664578e-02
  -3.7343172e-01   2.6528105e-01
  -1.8521841e+00   1.2406359e+00
   2.5599792e-01  -7.6704934e-01
  -1.0386456e+00   9.2682935e-01
   2.9326411e-01   6.1761316e-01
   4.3623196e-01  -9.4648937e-01
  -5.3013300e-01  -2.3982681e-02
  -2.3347036e-02   1.1615468e+00
  -4.9659947e-01   7.8400152e-01
   1.1575343e+00  -1.8891626e+00
  -7.4919052e-01   2.4342478e-01
   1.5384477e+00  -5.0287737e-01
  -2.1900973e+00   2.4947159e+00
   5.6637259e-01  -1.1062945e+00
   1.2340406e+00  -1.6639953e+00
  -9.8169383e-01   8.4162035e-01
  -1.1161680e+00   6.5462830e-01
  -7.5856904e-01   1.2058657e+00
  -1.3333159e+00   6.0920293e-01
   2.0831171e-02   5.4089080e-01
   4.3592960e-01   3.6595363e-01
   2.6055699e+00  -2.0721075e+00
   4.7481373e-01  -7.5903511e-01
   1.0561413e+00  -1.8451494e+00
  -7.1125208e-02   1.7689842e+00
   2.9704221e-01  -3.2021999e-01
  -8.4370811e-01   1.5824704e+00
  -1.6059869e+00   1.6493201e+00
   4.6222015e-01  -5.2495224e-01
   2.3467052e-01  -1.0798933e+00
   6.2901867e-01   8.9180085e-01
   2.0086207e-02   1.6092643e-01
   4.7838328e-01  -6.4584639e-01
   1.4670481e-02   4.4442549e-01
  -9.2023237e-01   4.4362429e-02
  -1.3867209e+00   6.4826922e-01
  -2.9916362e+00   2.3011265e+00
  -2.3868199e+00   2.5006993e+00
  -1.0202287e+00   5.5428460e-01
  -1.6223763e+00   9.8988383e-01
   1.3720065e+00  -1.4014532e+00
  -9.2210738e-02   1.1569469e-01
   4.6945910e-01  -8.5172082e-01
   2.1120769e+00  -1.5850659e+00
  -1.8353808e+00   1.1871507e+00
   1.2865906e+00  -1.8982772e+00
   1.0665679e+00  -2.1390780e-01
  -1.2421418e+00   8.9346178e-01
   3.2629178e+00  -2.9231458e+00
  -1.5252282e+00   1.8868668e+00
   1.5714291e-01   2.8107936e-02
   6.8187102e-01   4.5159101e-01
  -2.7721589e-01  -8.0101595e-01
  -1.3427202e+00   1.4131176e+00
  -7.1688405e-01   1.1364119e+00
  -5.2364348e-02  -1.8264382e-01
  -1.1219639e+00   1.7335150e+00
  -1.3316153e+00   1.1447710e+00
  -4.2033976e-01   8.0556435e-01
   3.2792303e-01   1.5245656e-01
  -5.3452194e-01   1.0182121e+00
  -1.2737413e+00   9.3999569e-01
   1.4673186e+00  -9.3358462e-01
   4.3758349e-02  -7.4220006e-01
   1.1744967e+00  -9.4480703e-01
  -3.6603902e-01   1.6061073e+00
   3.9266229e-02  -3.9305982e-01
   3.4002448e-01  -3.4902062e-01
   9.5573187e-01  -1.0853817e+00
   1.3539027e+00  -1.7503845e+00
  -7.0533049e-01   6.4820144e-01
   8.6692905e-01  -1.4232756e+00
   5.0269267e-01   5.2811263e-01
  -1.5848162e+00   2.4779839e+00
   8.6385624e-01  -6.4533223e-01
   2.1544402e+00  -2.8565109e+00
  -1.2705798e+00   1.1304322e+00
   1.1139003e+00  -9.0520901e-02
  -1.3701376e+00   2.1178406e+00
   6.2022711e-01  -1.1163596e+00
   4.5658406e-01  -1.3777416e-01
   2.5385760e-01   1.0065121e+00
   1.5729871e+00  -1.6143739e+00
  -2.0111916e-01  -1.0033071e+00
  -1.2884084e+00   1.2291869e+00
   1.4167483e+00  -2.8448315e-01
  -7.7501584e-01   1.0869844e+00
  -9.9894000e-01   1.3046529e+00
  -8.5115848e-01   8.8215749e-01
   2.3966251e-01  -7.4797973e-01
   1.1258634e+00  -6.1170237e-01
   1.0049888e+00  -1.0244390e+00
   5.3526408e-01  -2.9197680e-01
  -8.6713274e-01   1.0631159e+00
   1.2517442e-01  -7.6705198e-02
   1.7311311e+00  -1.9429304e+00
   1.1066929e+00  -3.5989515e-01
  -8.0623910e-01   9.1935343e-01
   8.8603125e-01  -7.2927495e-01
  -1.6979576e+00   1.9342543e+00
   9.7817106e-01  -1.9034996e+00
  -2.8037734e-01  -9.4423314e-01
   1.4633723e+00  -1.5490775e+00
   3.3783450e-01  -7.8231456e-01
  -7.7649991e-01   1.0000538e+00
  -4.8277353e-01  -2.1174672e-01
  -1.6683722e+00   1.3518187e+00
  -4.7278025e-01   8.4688206e-01
  -1.1326156e+00   1.3030283e+00
  -8.8798458e-01   1.0149303e+00
  -1.8370212e+00   1.2863880e+00
  -1.0717288e+00   1.3638977e+00
   1.4764383e+00  -1.3297771e+00
  -3.0025395e-01   4.9773088e-01
  -5.9779709e-01   3.7842332e-01
  -1.7683026e+00   1.2959365e+00
   2.1127078e-01  -5.2830496e-01
   1.6097300e+00  -1.5588228e+00
   8.4591357e-01  -5.1659348e-01
   3.9707035e-03  -9.6601692e-01
   1.3680693e+00  -1.6794873e-01
   2.1366794e+00  -2.2228131e+00
  -1.3615618e-01  -6.4407683e-01
  -1.0097172e+00   1.3722398e+00
  -1.5623104e+00   1.7641487e+00
  -9.7102871e-01   2.7666990e-01
  -9.8955989e-01   1.2513497e+00
   1.1301413e+00  -1.1943849e+00
   1.6926486e-01   6.0159180e-01
   6.8417548e-01  -1.6924983e+00
   1.3733470e+00  -1.9418947e+00
  -1.0665590e+00   3.3832096e+00
   6.0183143e-01  -1.3044309e+00
  -2.4959040e-01   9.2611500e-02
   1.0636598e+00  -1.5497800e+00
   1.3898005e-01  -5.3759119e-01
  -7.3220203e-01   1.8191664e+00
  -1.1384855e+00   7.6538934e-01
   4.1485143e-01  -1.4710411e+00
  -9.2635399e-01   2.0760525e+00
  -9.0904933e-01   1.9522928e+00
   1.7344299e+00  -1.4266027e+00
   1.0047264e+00  -1.7969945e-01
  -2.5890214e-01   5.5640102e-01
  -2.3873277e+00   2.7861307e+00
   2.3321091e-01   1.3841058e-01
  -4.5028112e-01  -1.8209324e-01
   2.6848075e-01   4.8839123e-01
  -7.8651189e-01   2.6819715e-01
  -1.1822333e+00   4.9917456e-01
  -5.6049155e-01   6.3925244e-01
   2.0422379e+00  -1.3596526e+00
  -2.9951235e-02   4.0494265e-01
  -6.9697549e-01   1.1612267e+00
  -8.4195318e-01  -8.1760419e-02
   1.5689260e+00  -1.4469582e+00
   1.0602177e+00  -1.1260881e+00
   1.5299067e+00  -5.8506561e-01
   1.0817612e+00  -1.0972820e+00
   7.3822365e-01  -8.2157089e-01
   9.8326973e-01  -4.5267916e-01
  -5.4161122e-01   5.8439515e-01
   1.7241812e-01  -3.3721558e-01
  -6.9647191e-01   1.4148305e+00
   4.5271044e-01  -5.2248170e-02
   9.4596391e-01  -1.0430850e+00
   3.1525133e-01   1.2231164e+00
  -4.3255470e-01  -1.1159335e-01
   1.0328057e+00  -2.7638725e-02
  -1.6173053e-01   7.0807551e-01
  -6.0753150e-01   1.3350582e-01
  -2.0817349e-01  -3.5404361e-01
   2.0099008e+00  -1.4561975e+00
   8.1518557e-01  -6.6191400e-01
   7.9528046e-01  -1.2403336e+00
  -1.5913477e+00   5.1994439e-01
  -1.4606735e+00   6.4792644e-01
  -1.7289446e+00   1.2616522e+00
  -1.1956292e-01   7.0197123e-01
  -8.6988069e-02   4.8530229e-01
   3.4844702e-01  -4.0283002e-01
  -3.5377843e-01   6.5325434e-01
   4.8501933e-01  -5.9145351e-01
  -5.8988641e-01   1.9474241e+00
   5.3725658e-01   2.9690650e-01
  -1.8466751e+00   1.6042731e+00
  -2.5940956e-01   3.0540986e-01
   2.6037714e-02   8.6136115e-01
  -2.3390075e+00   2.1934522e+00
   9.2059006e-01  -5.8599674e-01
  -1.2249316e+00   8.1621824e-01
   4.9595381e-01  -1.8424790e-01
   1.2166357e+00  -6.5241455e-01
   2.4397503e-01  -1.2913077e+00
  -1.1728178e-01  -6.8622793e-01
  -4.0658215e-01   1.7171410e-02
   1.9674256e-01  -8.3337528e-02
   1.4617368e+00  -1.2165098e+00
  -1.1698597e+00   7.9770144e-01
  -4.5503669e-01  -5.4800698e-01
  -8.4277645e-01   1.0123551e+00
   5.9504432e-01  -5.9068154e-01
   4.0484390e-01  -1.8684641e-01
  -5.6772246e-01   1.2977613e+00
   8.7146840e-01  -9.5395746e-01
  -2.1562902e+00   3.1454884e+00
