   7.8419566e-01  -2.8362128e-01
   1.5068980e+00  -9.8869601e-01
   1.2054705e+00  -7.0949846e-01
   1.1351895e+00  -6.4277533e-01
  -1.1293683e+00   1.0668462e+00
   9.8978855e-01  -4.3768814e-01
  -1.3835143e+00   9.3510913e-01
  -1.0204860e+00   6.4836028e-01
  -8.2523158e-01   5.1401340e-01
  -2.2511371e-01   2.7003195e-01
   1.4725713e+00  -1.6582273e+00
  -4.5988655e-01   1.6971430e-02
  -7.6344748e-01   4.3572478e-01
   2.0057434e+00  -1.9386681e-01
  -9.1821148e-01   4.2667834e-01
   1.4404939e+00  -7.5305647e-01
   4.8486306e-01  -3.8714871e-01
   8.4207763e-01  -7.3085256e-01
  -4.7243311e-01   1.7590440e-01
  -1.0783635e+00   1.2303065e+00
  -1.4671439e+00   1.2963549e+00
   1.6705125e+00  -1.1056879e+00
  -1.0836192e+00   5.3421679e-01
  -1.8811554e-01   4.0501522e-01
  -1.9038931e+00   8.5036793e-01
   1.0392598e+00  -1.4977922e+00
   8.0228988e-01  -1.3089893e+00
   4.0547730e-01  -1.3649762e+00
  -1.2761534e+00   1.5021588e+00
  -1.7164096e+00   9.0313928e-01
  -2.4033162e+00   2.3498587e+00
   1.0406535e+00  -8.6222400e-01
   3.5366266e-01  -1.1202097e+00
   6.7878633e-01  -1.1305322e+00
   2.9605086e-01   2.0821522e-01
  -1.3555092e+00   1.4335171e+00
  -7.9646322e-01   1.4245532e+00
  -8.1209507e-02  -2.2263911e-01
  -1.1598970e-01  -3.3943192e-01
  -8.7878570e-01   1.1796271e+00
   1.9524524e+00  -2.3413482e+00
   8.4727958e-02  -6.0465209e-02
  -8.3146171e-02  -3.1947398e-01
  -1.6764009e+00   1.0991152e+00
   5.8592231e-01  -6.2553520e-01
   1.2803727e+00  -1.1765364e+00
   8.7529332e-02   7.3300562e-03
  -1.2437547e-01  -7.1709870e-01
   1.0266400e+00  -4.7998326e-01
   1.1943254e+00  -9.7042422e-01
   1.1282100e+00  -6.7390286e-01
   1.6522148e-01  -8.4432601e-01
   1.9811916e-01  -3.6012407e-01
  -7.2568279e-01   1.1490922e+00
  -1.2663185e+00   1.3381409e+00
  -1.3028451e+00   1.6296542e+00
   8.6540963e-01  -1.0873484e+00
   2.0011709e-02  -4.7678870e-01
   5.7999641e-01   2.2804269e-01
  -5.5234622e-01   1.4206796e+00
   1.8409117e+00  -1.0182588e+00
   1.8420012e-01  -1.6407559e+00
  -3.1666040e+00   1.8825133e+00
  -1.3115062e+00   1.4283756e+00
  -3.9731603e-02   4.1122612e-01
   1.0269788e+00   1.1234246e-01
  -3.4487450e-01   6.1113750e-03
   6.2857344e-03   8.3542590e-01
  -7.1382443e-01   1.1435927e+00
   1.1955371e+00  -5.2047487e-01
  -3.8731820e-01   6.4391993e-01
   2.0804240e+00  -2.0169354e+00
  -1.4365006e+00   7.0941786e-01
   4.8277996e-01  -9.9217534e-01
  -3.6608919e-01   7.4612001e-01
   1.0993443e+00  -5.8438759e-01
   9.6926140e-01  -1.7685235e-01
   7.1968056e-01  -1.5503576e+00
   2.3819778e-01  -2.7824969e-01
  -1.3622119e+00   1.8584590e+00
  -1.0419322e+00   1.1885104e+00
   9.5270258e-01  -5.8740566e-01
  -3.7605004e-01   3.6875233e-02
  -8.2197037e-01  -1.0410195e-01
   1.9790573e+00  -1.2044223e+00
  -7.8821228e-01   7.0109587e-01
  -9.4632683e-01  -2.9056228e-01
   1.1955170e+00  -8.3511137e-01
   4.6632040e-01  -2.5723214e-01
  -1.0954636e+00   1.1448873e+00
  -4.2243084e-01   5.3124688e-01
   1.8481657e+00  -1.2593619e+00
   1.1617866e+00  -8.4167205e-01
   6.5140848e-01  -6.2630409e-01
  -1.7326070e+00   1.5894533e+00
   3.4367716e-01  -6.7660184e-01
   1.7523518e-01  -2.8077842e-01
   6.1610708e-01  -1.5265857e+00
  -8.2025558e-01   5.2464118e-01
   1.1563612e+00  -7.9291111e-01
   1.1053769e+00  -3.4315592e-02
   1.0220715e+00  -7.9265579e-01
   1.8310898e+00  -5.3249201e-01
   1.9986584e+00  -8.5773596e-01
  -3.4508934e-02  -1.3740367e+00
   1.1290188e+00  -1.6886866e+00
  -1.5785040e-01  -4.8325963e-01
  -4.3415574e-02  -1.3115216e-01
   1.6507696e+00  -1.1756242e+00
  -4.2736118e-02   1.5120286e-01
  -5.2243746e-01  -3.3665577e-01
  -7.1879613e-01   6.9121593e-01
  -1.0916800e+00   4.4864062e-01
   3.2499458e-01  -8.5240379e-01
  -8.2580469e-02  -3.5371709e-01
   4.1956483e-01  -7.4657641e-01
  -3.5221628e-01   4.0044347e-01
   5.9980061e-01   5.0874050e-01
  -1.7354890e-01  -5.5389908e-01
  -1.6050130e+00   1.5035598e+00
  -4.9222091e-01   1.7454858e+00
   1.8393181e+00  -2.0559009e-01
   1.4695011e+00   4.6128667e-01
   1.0657992e+00  -1.2462410e-01
  -5.2886828e-01  -6.7656386e-01
   5.6970441e-01   5.8184514e-02
   4.7149976e-01  -1.8810277e-01
   1.8937920e-01  -4.5052127e-01
   1.0343909e+00  -5.7045283e-01
   1.0573066e+00  -6.7612648e-01
  -1.5450318e+00   1.6301041e+00
  -8.9817938e-01   1.2210303e+00
  -8.6702436e-01   1.1181517e+00
   1.5267835e-01   3.1812884e-02
   1.3567682e+00  -1.1649356e+00
  -1.9893831e+00   2.1196421e+00
   1.2028238e+00  -4.9038437e-01
   1.1911958e+00  -9.2319406e-01
   4.4564267e-02  -5.1768081e-02
  -1.1236416e+00   7.4801875e-01
   1.1829767e+00  -1.4990599e+00
  -1.2212071e+00   1.1750910e+00
   5.8324715e-01   4.1623778e-01
  -8.9891408e-01  -1.7049036e-01
  -1.3577821e+00   1.4841907e+00
  -8.9976488e-01   3.9394952e-01
  -3.4070708e+00   3.7374108e+00
   3.6992763e-01  -2.1949309e-01
  -1.4071115e+00   1.0219867e+00
  -3.7638009e-01   5.3651975e-01
  -3.5430967e-01  -2.6219785e-01
   3.0811709e-01   7.2035991e-02
  -5.1552946e-01   5.9171818e-01
   1.1489505e+00  -4.9392544e-01
   9.5986569e-01  -1.2416780e+00
   1.1190684e+00  -6.6569869e-01
   8.0172322e-01  -8.4622273e-01
  -1.1273776e+00   2.0259999e-01
  -1.4741101e+00   1.2259008e+00
  -2.8109527e-01   2.5554617e-01
   2.2539525e-01  -1.6612141e-01
  -1.3984031e-01  -1.4243018e+00
  -1.0125233e+00   1.3419876e+00
  -7.6094818e-01   3.0036767e-01
  -5.8170868e-01   7.3567706e-01
   7.7550358e-01  -6.0823935e-01
  -7.6074835e-01   4.5619399e-01
   4.0720233e-01  -4.8375842e-01
  -9.2827934e-02   4.4509542e-01
  -6.9423771e-01   1.6581614e+00
  -1.6789892e-01  -1.1492941e-01
  -1.3358778e+00   1.2180442e+00
  -6.9727685e-01   7.2223366e-01
   5.1757966e-01  -5.8606619e-02
   1.4976730e+00  -4.7371497e-01
  -1.5946677e-01  -1.6968319e+00
  -5.5160445e-01   5.2495104e-01
  -6.9536713e-01   6.0430633e-01
   4.1262364e-01  -6.7164889e-03
   1.6363875e+00  -2.2404928e-01
  -4.7218132e-02   7.7602999e-02
   1.1881536e-01   8.0175427e-01
  -1.6095193e-01  -3.5597269e-01
   2.1317077e-01   3.9052003e-01
  -3.5461177e+00   2.8703218e+00
  -7.6674084e-01  -8.5723268e-01
   2.5448163e-01  -2.3353689e-01
  -1.1198770e+00   1.3569516e+00
  -1.6304429e+00   2.4562406e+00
   1.5580795e+00  -1.1652375e+00
   2.5291701e+00  -2.1142503e+00
   3.2017041e-01  -1.9179592e+00
  -3.6884825e-02   2.7650603e-01
  -9.4308191e-01   7.2806020e-02
   1.1146892e+00  -4.0194456e-01
   4.7576869e-01  -6.6941299e-01
  -8.9417506e-01  -3.4076670e-01
  -1.6497860e-01   2.5097546e-01
  -3.6304320e-01  -2.2520946e-01
   2.1528115e+00  -1.5591997e+00
   5.3728751e-01  -3.3819385e-02
  -1.4946021e-01   6.5395854e-02
   2.3701415e+00  -2.0402496e+00
  -3.7156938e-01  -1.0174584e+00
   1.9027823e+00  -9.3734734e-01
  -1.5207252e+00   1.8198563e+00
   9.6389603e-01  -6.7316728e-01
   1.6858946e-01  -3.2511310e-01
  -4.7932253e-01   3.6914863e-01
   6.0664109e-01  -5.8660737e-01
  -3.6943670e-01  -3.7937878e-02
  -1.7152894e+00   9.3361915e-01
   1.4202032e+00  -3.0027691e-01
  -1.1027883e+00   7.6164646e-02
   1.4675188e+00  -4.9166148e-01
  -2.4960125e-03  -7.1310571e-01
   2.8134816e+00  -1.6925486e+00
  -1.7968610e+00   2.4157267e+00
  -7.3104020e-01   1.9502230e-01
   9.9371465e-01  -9.8444389e-01
  -1.0357627e-01   5.2041642e-01
  -1.7139059e+00   1.4946744e+00
  -2.6288913e-02   8.7431133e-01
  -8.5210929e-01   9.0096874e-01
  -1.3863835e-01   3.1369825e-01
  -3.7460130e-02  -2.7162874e-01
  -3.8382117e-01  -6.6771236e-01
  -1.5055460e+00   4.8249487e-01
   1.3843810e+00  -1.9307707e+00
  -1.4958785e-01  -3.1518462e-01
   6.1028454e-02   2.0579876e-02
   1.5605289e-01   1.6342865e-02
   1.0661591e+00  -5.5945616e-01
   1.7229201e+00  -1.0912337e+00
   1.7153977e-01  -6.6949039e-01
  -3.7225614e-01  -8.4668029e-01
   6.6090393e-01  -8.7933868e-02
   4.5941547e-01  -1.2102805e+00
   7.6696018e-02   4.9298360e-01
  -5.9926402e-02   4.9261484e-01
  -7.1215351e-01   8.5494979e-01
   1.3561752e+00   1.1436746e-01
   7.2820041e-01   1.9720896e-01
   7.8289584e-02   5.1673708e-01
  -5.7001443e-01   6.0840914e-01
   4.9781985e-01  -3.8486303e-01
   5.3362218e-01  -4.5276530e-01
   8.0602013e-02  -3.4688913e-02
  -1.2840825e+00  -1.0604880e+00
  -1.2930074e+00   1.0715485e+00
   2.8113193e-01  -2.0367687e+00
  -1.2961722e+00   3.6246810e-01
  -2.1399780e+00   2.4850662e+00
   1.2799881e-01   4.3002177e-01
  -1.9302220e+00   1.4153210e+00
   1.9051631e-01  -8.5359865e-02
  -1.0089593e+00   5.9477145e-01
  -1.3441087e+00  -3.6392746e-01
   2.4998209e+00  -2.1094776e+00
  -6.5931176e-01   9.3988949e-01
  -1.3657917e+00   1.3590552e+00
   1.6242947e+00  -8.9771568e-01
   6.3159890e-01  -4.5109484e-01
   3.9984293e-01   2.1012210e-01
   6.3225165e-01  -1.5319786e-01
   9.1523385e-01  -5.4409685e-01
   4.7207830e-01   1.3626038e-02
  -4.0281011e-01   8.7087885e-01
   1.4929791e+00  -7.4187985e-01
   1.8628872e-01   9.5339844e-01
   1.9362632e+00  -4.0777874e-01
   6.6619606e-02   6.1348112e-01
  -6.5369507e-01   7.9677348e-02
  -5.6993122e-01   6.4552799e-01
   5.4083657e-01  -7.4338591e-01
   5.3467366e-01  -5.5684092e-01
  -1.2610914e-01  -1.2558024e+00
  -3.2090513e-01  -4.5016885e-01
  -1.5142881e+00   1.1881639e+00
  -1.3906343e-01  -9.7212024e-01
  -6.3808253e-01  -3.8345264e-01
  -8.1646749e-01   1.1507414e+00
  -1.9732120e+00   1.4244759e+00
   1.2108723e+00  -5.8881180e-01
   4.5694990e-01  -7.5927378e-01
  -5.7254619e-01  -8.3031018e-01
  -2.4915035e+00   1.5253470e+00
   1.3676423e+00  -6.7433976e-01
   4.1643755e-01   1.9006579e-01
   6.0897877e-01  -1.8246926e-01
   5.0913501e-01  -3.1371693e-02
  -5.6701325e-01  -7.6097772e-01
   4.5105226e-02   6.6950963e-01
   1.6494727e+00  -1.8577677e+00
   5.4962106e-01  -2.0431327e+00
  -6.7484774e-01  -3.9703398e-01
   4.7594353e-01  -1.1974874e-01
   4.1683653e-01  -4.8723012e-01
  -4.5443211e-01   4.4726174e-01
   1.1355197e+00  -8.3958268e-01
  -1.8765618e+00   1.7998859e+00
  -2.2778974e+00   1.6466724e+00
  -9.0241477e-01   1.3418822e+00
  -5.1602696e-01   3.2919170e-01
   3.5598520e-02   1.0960854e-01
  -4.4090770e-01  -1.3508855e+00
  -1.4230074e+00   9.9662004e-01
   1.6301245e+00  -2.9229385e+00
   1.1263158e+00  -1.1573869e+00
   2.1749060e-02  -2.2844856e-01
  -1.2224409e+00   1.1739705e-01
   8.3320957e-01   4.5644667e-02
   1.1715037e+00  -1.9782422e+00
  -1.7467843e+00   8.2624558e-01
   1.4177584e+00  -9.0075240e-01
   5.6079452e-01  -1.0645775e+00
   7.5090113e-01  -2.0479903e-01
   1.0572784e+00  -1.0641778e+00
   2.0856223e-03  -2.0489850e-01
   9.1318676e-02  -6.0799537e-01
  -1.4690102e-01  -9.3731186e-01
  -7.8145469e-01   5.7540019e-01
   1.6865635e-01  -6.8167354e-01
  -7.7238064e-03  -1.1252552e-01
  -5.9780449e-01  -1.2511107e+00
   4.2451740e-01  -1.6300108e-01
   1.7104168e+00  -1.4126950e+00
  -3.8159916e-01   1.0273715e+00
   5.6306766e-01  -7.7926586e-01
   2.1236372e-01   1.3553619e-01
  -4.7166967e-01   1.7979345e+00
  -9.8591198e-01   2.0329145e+00
   1.6965849e+00  -9.6862809e-01
  -4.3768763e-01   9.3265388e-01
  -1.2036785e+00   1.0353386e+00
  -4.7080577e-01   2.5996080e-01
  -1.2615199e-01   6.4544557e-01
  -2.0130255e+00   1.5593173e+00
   9.6324763e-01  -2.1109292e+00
  -2.1480503e-01   4.3188647e-01
   1.1855282e+00  -8.3979571e-01
   5.9260025e-01  -6.8971086e-01
   1.4914485e+00  -1.0678064e+00
  -6.7382541e-01   2.3493488e-01
  -1.2384703e-01  -5.6957980e-01
  -3.9251350e-01  -8.5465440e-02
   1.1256721e+00  -1.4998492e+00
   6.5059674e-01  -2.2367714e-01
   1.6790456e+00  -5.7404707e-01
   3.8198515e-01  -7.9031439e-01
  -1.7770373e+00   2.1957398e+00
   1.3721829e+00  -8.2251503e-01
  -1.1675482e+00   1.7236280e-01
  -1.3077975e+00  -4.0462909e-01
   9.5218069e-01  -8.9472944e-01
  -8.0857586e-01   4.6811643e-01
  -6.9544452e-01   1.2639988e+00
  -2.0318312e-01   3.4302316e-01
   1.0335685e+00  -1.0976635e+00
  -1.2114622e+00   5.1930183e-02
   1.6991955e-01  -3.2466148e-01
   2.9655500e-01   5.9519688e-01
   7.8957721e-01  -3.5100988e-01
   9.7551631e-02  -6.8050816e-01
  -1.0062540e+00   4.5977177e-01
   1.2738322e+00  -1.8948623e+00
  -4.1391383e-01   1.5439825e+00
  -3.6497788e-02   5.0879918e-01
  -9.7831933e-01   9.3990640e-01
  -1.0220659e+00   8.5163555e-01
   1.8961603e-01   3.6751143e-02
   8.3410194e-01  -1.1452161e+00
   1.8444695e+00  -1.7921224e+00
   5.9234434e-01  -1.2684965e+00
  -4.1234937e-01  -4.4879499e-01
  -1.2128498e+00   1.2755058e+00
  -1.6836763e+00   1.9455106e+00
   1.1601295e-01   2.1755622e-01
  -4.2784238e-02   1.4305205e-01
  -7.1614510e-01   1.9660103e-01
   5.2874998e-01  -6.2361681e-01
  -1.3765787e+00   2.7615243e+00
   1.3008758e+00  -1.1340241e+00
  -5.6453226e-01  -2.4535113e-01
   2.5716383e-01  -5.8532114e-01
  -9.4250439e-01   9.2555989e-01
   2.9761192e-02  -1.5912263e-01
   1.1507814e+00  -1.3458142e+00
   1.0345681e+00  -2.0198032e+00
  -1.6367448e+00   2.6469015e+00
  -4.6403966e-01  -4.0694370e-01
   1.3473216e-01   1.0863516e-01
  -6.5038566e-01   7.9166076e-01
   9.4982936e-01  -9.7254499e-01
  -9.7120088e-01   1.2045079e+00
  -6.0975516e-01  -3.7025705e-01
  -5.8465539e-01   4.7461449e-01
   1.4792600e+00  -3.3895204e-01
   6.0832251e-01  -4.6842827e-01
  -4.2077786e-01   4.2842827e-02
   6.3491273e-01  -2.6845393e-01
  -1.2404093e+00   1.9301267e+00
  -4.3813784e-01   5.6531024e-01
  -3.5166609e-01   3.6069173e-01
  -7.7368922e-03  -5.1517716e-01
  -5.3695454e-01   1.9957447e-01
  -8.3026634e-01   7.4915788e-01
   8.9566262e-02   5.0615177e-02
  -1.2976498e+00   1.9743260e+00
   1.1230728e+00  -1.5429329e+00
  -6.2630813e-01  -4.9315563e-01
   3.5360223e-01   8.0470089e-01
   1.3403913e+00  -1.3083980e+00
  -1.4886804e+00  -1.1228671e+00
   1.3338456e+00  -1.2197752e+00
  -8.0742809e-01   4.4263412e-01
  -1.9282362e+00   4.7837447e-01
   1.1367678e-01   2.2976821e-01
   5.4619356e-01  -1.1832936e-01
   4.1014727e-01  -8.2725492e-01
  -8.2072727e-01  -6.5167210e-01
   8.7837792e-01   1.8891885e-01
   5.7796323e-01  -6.5902638e-01
   2.2861423e-01  -5.9113903e-01
  -3.5463631e-01   3.1689595e-01
   3.6093836e-01   5.8163021e-01
   3.8316279e-01  -4.5210636e-01
   3.1019449e-02   1.3258110e+00
  -7.1850512e-01   2.4705735e-01
   6.9867244e-01  -3.0161877e-01
   4.9409193e-01   2.4876484e-01
  -1.2683712e+00   1.1821552e+00
  -9.7644908e-01   9.1745108e-02
   1.0929070e+00  -1.5049553e+00
   3.1318774e-02  -1.1202309e+00
  -1.2949320e-01  -3.7928939e-01
   2.2933665e+00  -1.5660169e+00
   1.1118947e+00  -9.3414430e-01
   6.6408663e-01  -1.0891875e+00
   4.0003741e-01  -6.0200310e-01
   6.5194375e-01  -2.7299485e-01
  -1.5060912e+00   7.6496197e-01
  -1.9613088e+00   2.6656484e+00
  -7.7482828e-02   9.7866432e-01
  -1.2114827e+00   1.9936766e+00
  -1.3093777e+00   1.6797909e+00
   1.2449345e-01   1.3764046e-01
   6.1513154e-01  -5.4130453e-01
  -2.0448834e+00   7.5218098e-01
  -1.0572622e+00   7.5148108e-02
   1.2057528e+00  -1.3735634e+00
   4.6544921e-01   1.2390207e-01
   1.3265571e-01  -6.5698337e-01
  -1.3114511e+00   3.5026618e-01
   1.1488484e+00  -1.6813425e+00
   6.3816106e-01  -6.0342016e-01
   1.6905992e+00  -5.0007457e-01
  -6.3449032e-01   4.9356196e-01
  -1.0773659e+00   9.8712999e-01
   7.0804366e-01  -3.1004265e-01
  -5.7506569e-01  -9.4720767e-02
  -2.7805992e+00   4.0389808e+00
   6.8703059e-01  -3.9102815e-01
   1.0353607e+00  -1.6213808e+00
  -5.4865318e-01   1.8438000e+00
   1.0307730e+00  -6.0746866e-01
   6.6478010e-01  -5.6729914e-01
  -1.4722484e+00   1.3932673e+00
  -1.5089923e+00   9.8651191e-01
  -3.9887665e-01  -6.6045452e-01
  -8.8453786e-01   6.4665449e-01
   1.4489741e+00  -1.8102734e+00
  -1.6988016e+00   6.0523712e-01
   1.5407338e-01  -9.8007244e-03
  -2.0720753e-01   9.6012587e-02
  -4.1638430e-01   7.0602755e-01
   4.6055344e-01   3.0482177e-01
  -2.8375385e-01  -2.0362676e-01
   5.3930385e-01  -1.4776135e+00
  -8.9389559e-01  -2.1036875e-01
   1.5051255e+00  -4.3671446e-01
   8.9930667e-01  -8.4624860e-01
  -1.2297002e+00   1.0086061e+00
  -1.2052225e+00   6.2356693e-01
  -4.0397593e-01   1.5198771e+00
  -6.4275033e-01   7.1294653e-01
   2.3843689e+00  -1.8979512e+00
  -3.3540249e-02   1.7169406e-01
   8.3715628e-01   2.4496091e-01
  -1.4081248e-03   4.4876348e-01
   1.8031701e-01  -2.0441920e-01
  -2.1447477e-01   5.0378748e-01
  -4.8342012e-01   8.3470457e-01
   6.3761843e-01  -5.0671582e-01
  -1.3695437e+00   1.7936972e+00
   1.6379870e+00  -1.2042690e+00
  -3.0663569e-01   1.7143060e-01
   1.8097384e-01  -1.2840631e+00
   4.7964843e-02   1.6311689e-01
   3.1531478e-01  -2.0361735e-01
   4.9096606e-01  -4.8246036e-01
   1.1216708e-01   5.7669477e-01
  -7.1796470e-03  -4.5106516e-01
  -1.2246735e+00   1.9120443e-01
   7.6132144e-02   8.4357005e-02
   1.0791800e+00  -6.0947108e-01
   3.0791436e+00  -1.7678453e+00
  -1.5923142e-02   1.8253103e-01
   1.2716145e+00  -9.2238509e-01
  -9.9476451e-01   1.0952815e+00
   1.8793675e+00  -1.0935748e+00
  -7.8646034e-01  -1.2639484e-02
   6.7234792e-01  -1.6810646e+00
   1.2833998e-01  -3.7954158e-01
   1.0904686e+00  -9.4507771e-01
  -1.8668678e+00   2.7093587e+00
  -4.1336257e-01   7.0323069e-01
   2.2897078e+00  -1.4933817e+00
  -7.9060239e-02  -4.6623504e-01
   1.5842773e+00  -1.9469883e+00
  -1.0319657e+00   1.3997600e+00
  -5.3386913e-01   8.6332472e-02
   1.9023314e-01  -2.3335820e-01
   4.1844696e-01   3.3181076e-01
  -4.7341067e-01   9.9366800e-01
  -5.4283991e-01   3.6900842e-01
   3.9207426e-01   1.7703420e-01
   2.6392529e-01  -8.3692289e-02
  -3.4557523e-01   4.3618703e-01
  -1.0510168e+00   5.3399452e-01
  -9.5350966e-01   1.8578658e-02
   1.5662256e+00  -1.2394004e+00
  -4.1304641e+00   4.3581403e+00
  -9.1019499e-01   3.7875432e-01
   1.4961183e+00  -8.6028449e-01
   1.5209047e+00  -4.0669330e-01
  -9.9478799e-01   9.5053362e-01
   3.6507909e-01  -2.0020819e-02
  -7.9295712e-01   1.5448035e+00
  -3.6071572e-03   2.3320201e-01
  -5.1766415e-01  -3.3322156e-02
  -3.2899873e-01  -9.2544422e-01
   1.2581813e+00  -9.8567018e-01
  -1.3024688e-01  -6.3814824e-01
   5.0817717e-02   8.2411128e-02
  -3.3916135e-01   8.5477503e-01
  -3.0569404e+00   3.4893545e+00
   7.8227205e-01  -2.0541646e-01
   4.4758560e-01  -2.2811156e-01
   8.4019747e-02  -5.5529696e-01
   7.7692974e-02   2.5261328e-01
   5.1217496e-01   6.7704541e-01
   2.1062365e+00  -1.1147811e+00
   7.6178959e-01  -1.3471017e+00
  -1.3401683e+00   8.2385727e-01
   2.3415288e-01  -1.1156254e-01
  -1.4395060e+00   1.0823814e+00
   1.0971959e+00  -6.5535235e-01
   1.7589666e+00  -9.1736187e-01
   1.6418206e+00  -1.0394914e+00
   4.2118086e-01  -7.9365920e-01
   2.5319880e+00  -1.3023023e+00
  -1.4304754e+00   2.5723420e-01
   3.9790671e-01  -4.4465370e-02
  -4.0965519e-01   4.7603016e-01
   3.9648799e-01  -8.6302506e-01
   3.3466092e-01  -8.4025565e-02
   2.2490622e-01  -6.8465430e-01
  -1.4642145e+00   1.6891860e+00
  -1.6457293e+00   1.8665172e+00
  -1.7824418e+00   1.6752267e+00
  -9.7596950e-01   6.2157660e-01
   4.2481901e-01  -9.0743671e-02
  -1.8295284e-01  -4.1735897e-02
   9.9825782e-02  -6.3031182e-01
   1.6872877e+00  -1.1232703e+00
  -3.6194592e-01  -1.9376540e-01
   4.6186061e-01  -1.1972731e-01
   1.3434440e+00  -1.3679014e+00
  -1.0788816e+00   1.0580294e+00
  -1.0416895e+00  -6.1481723e-01
  -8.4087455e-02   6.8389669e-01
   1.0774127e-01  -5.5865906e-01
   1.2090039e+00  -9.1543370e-01
   3.0467347e-01  -1.0232137e-03
   3.4927579e-01  -6.3061976e-01
  -1.7539408e-01   7.2953996e-01
   7.3686269e-02   4.2602862e-01
  -3.6668627e-01   7.5769116e-02
   5.8560014e-02  -8.2919154e-01
  -1.1761047e+00  -4.0034387e-02
   5.1084012e-01  -1.4190927e+00
   3.6304341e-02  -2.1953043e-01
  -6.1639964e-01  -2.6985156e-01
  -4.1642979e-01   4.3646752e-02
  -1.0130690e-01   8.5911850e-01
  -5.8067930e-01   4.8361269e-01
  -4.8869517e-02  -7.9484512e-01
   8.1543978e-01  -1.0654224e+00
   9.1445934e-02   2.0222272e-01
  -1.3574395e+00   1.2155900e+00
  -7.1285244e-01   6.2071047e-01
  -1.5933139e-01  -2.5410095e-01
   8.0711266e-01  -7.9854411e-01
   1.7641679e+00  -5.5792152e-01
  -5.0228131e-01   5.1973250e-01
  -2.9133013e-01   2.7987752e-01
  -3.3415707e-01   1.9121987e-01
  -1.0008031e+00   2.7823385e-01
  -3.7385204e-01   6.6431871e-01
   1.3243495e+00  -4.1821018e-01
  -9.7858236e-01  -2.2192886e-01
  -4.1951191e-01  -3.5584243e-01
   1.7579398e+00  -1.1451468e+00
   6.0886900e-01  -2.8747429e-01
  -7.5496714e-01   7.2695268e-01
   1.8087776e-02  -4.9731572e-01
   2.2776129e-01  -4.1349614e-02
   2.7678703e-01   3.1293446e-01
   1.1421433e+00  -1.1142113e+00
  -5.5426549e-01   1.2714284e+00
  -4.3277024e-01   4.5152503e-01
  -1.4825778e+00   1.9449717e+00
   6.8159676e-01  -1.0757585e+00
   1.7299971e+00  -6.3793185e-01
   9.9976408e-01  -9.9890713e-01
  -2.0516574e-01   4.9269983e-01
   6.9893701e-01  -8.9660266e-01
  -1.3700957e+00   1.4769894e+00
   1.9413099e-01  -3.3912160e-01
   1.2670451e+00  -5.5802166e-01
   9.7049818e-02  -8.1508901e-02
   1.0457646e-02   2.1582407e-01
   1.7063933e+00  -7.9014466e-01
  -3.2846413e+00   2.6403564e+00
  -1.9413726e-01  -7.5433354e-01
   3.3349880e-01  -1.3791205e+00
  -1.3512206e+00   2.0544913e+00
  -2.9068360e+00   2.6859564e+00
   2.3020051e+00  -8.6643373e-01
  -2.1387201e+00   2.4572939e+00
   9.0381748e-01  -6.3386489e-01
   3.6887531e-01  -4.1833785e-02
   9.6449055e-01  -1.0053202e+00
   2.6452084e+00  -1.3010676e+00
   7.1793447e-01  -1.0520243e+00
   1.7814406e+00  -2.5585607e+00
   1.3004841e+00  -1.9036865e-01
  -2.7280311e-01  -1.6966608e-01
  -5.2947766e-01   6.6376745e-01
   1.3119314e+00  -3.5647689e-01
   9.4141354e-01  -5.6201900e-01
  -3.2645621e-02  -5.6337388e-01
   7.9354535e-01  -7.6486352e-01
  -1.7208587e+00   1.6998270e+00
   7.2149684e-01  -1.3398361e+00
  -2.5084477e-01   1.0300780e+00
  -4.9566486e-01   3.7106603e-02
   9.6027975e-01  -9.4738950e-01
   2.4948478e-01  -1.1818218e-01
   5.4455988e-01  -3.8286034e-01
   4.5807653e-01   1.4125515e-01
   2.8739350e-01   2.3163784e-01
   2.0578938e+00  -6.0131869e-01
  -2.0716629e-01  -3.4492186e-01
  -6.9520798e-01  -7.8373332e-01
   1.7943172e+00  -1.7511389e+00
  -4.6620983e-01  -4.7312558e-01
  -1.3921380e-01  -6.6323024e-01
   6.5298909e-01  -9.3403926e-02
  -7.8955781e-02  -2.5775036e-01
  -1.9015179e+00   2.7537225e+00
   9.7546821e-01  -8.3129956e-01
  -2.4056237e+00   3.3066439e+00
  -8.1651198e-01   9.1773071e-01
  -1.6814063e-02   3.4487297e-01
  -1.1271114e+00   8.9351530e-01
   1.1900011e-01  -6.8783129e-01
   1.5280352e+00  -1.1824137e+00
   2.6361699e+00  -7.8829740e-01
   2.4345898e-01  -1.7573867e-01
  -6.6632814e-01   5.5746056e-01
   1.2518990e-01   1.0651824e-01
   1.5281410e+00  -4.5455958e-01
  -2.2380590e-01   2.7287008e-01
   5.8897085e-01  -8.7940120e-01
  -3.4901914e-01  -9.2167954e-02
  -6.1097224e-01   1.9132285e-01
   6.1543539e-01  -6.3610676e-01
  -8.5604058e-01   9.2888563e-01
  -5.8622066e-02   2.6546782e-01
  -1.1778050e+00   1.7689836e+00
  -2.9237103e-01   2.4550954e-01
   2.6900278e-01  -2.2441952e-01
   2.1449820e+00  -1.0983313e+00
  -3.3708556e-01  -5.7612131e-01
  -5.6139738e-01  -1.4522027e-01
  -3.0234772e-01   8.0946193e-01
  -1.2640272e+00   1.2293285e+00
   1.7583724e+00  -1.0018464e+00
  -3.9557988e-01   1.0541772e+00
  -1.1135022e+00   2.2893302e+00
   4.4894265e-01  -6.9195880e-01
  -9.0396042e-01   1.0268311e+00
   1.8794396e+00  -1.4726733e+00
  -5.7851777e-01   9.9688942e-01
   8.2269160e-01  -2.8788325e-01
  -8.2807546e-01   1.1181160e+00
  -2.6070756e+00   2.6526499e+00
  -2.7430655e+00   2.3079812e+00
  -1.6137336e+00   9.4591218e-01
   6.0274362e-01  -8.7668675e-02
   2.3927729e+00  -1.6288479e+00
  -6.4786573e-01   9.1598028e-01
  -3.0785792e-01  -3.3998606e-01
   2.9135131e-01   3.0797346e-01
   2.9776981e-01  -1.1826719e-02
   5.9497207e-01  -8.0192299e-01
   2.0085397e+00  -1.4301166e+00
  -1.4473967e-01   2.0817070e-01
  -1.2727031e+00   2.1156564e+00
   9.6416181e-01  -1.0881073e+00
   1.6225696e+00  -7.9615651e-01
   3.1564558e-02   1.2043064e-02
  -5.5013835e-01   1.6105532e-01
   1.0025374e+00  -9.5759024e-01
   1.4949725e+00  -4.1813258e-01
  -1.5408371e+00   1.6410487e+00
   4.4266474e-01  -8.0614722e-01
  -5.9065183e-01  -2.6327517e-01
  -6.7312649e-01   6.9098324e-01
   1.2254846e+00  -2.2316766e+00
  -3.0874205e-01   3.9394416e-01
  -3.3428238e-01   9.6273678e-01
   2.6746434e-01  -1.9951486e-01
  -7.7931403e-01   1.0083616e+00
   2.7762686e-01  -8.1034610e-02
   1.4636202e+00  -1.2404919e+00
   2.2928852e+00  -1.0749109e+00
  -2.4399243e+00   2.0023720e+00
   8.0815209e-01   3.0314275e-01
   3.4225316e-02   5.9436628e-01
  -8.2316553e-01   6.8997210e-01
   6.4645424e-01   3.1521840e-01
  -1.0929212e+00   4.6455888e-01
   4.0158609e-01  -1.3557547e+00
  -1.3757854e+00   9.6343490e-01
  -1.5993251e+00   2.0116222e+00
   1.4893830e+00  -9.0901678e-01
   7.9569307e-01  -6.8755811e-01
   1.1561105e+00  -3.4893685e-01
   5.7872287e-01  -3.7693684e-01
   1.0995720e+00  -1.2879523e-01
   1.1945890e+00  -6.3766290e-01
  -2.4379201e-01  -6.8148101e-01
  -1.9058385e+00   2.5452091e+00
   1.5245138e+00  -2.8846780e-01
  -4.6135842e-01   2.7884553e-02
   1.6643705e+00  -7.8006037e-01
  -6.0442946e-01   9.9059064e-01
  -1.9737421e-01  -2.7510428e-01
  -1.8828132e+00   1.5378157e+00
  -1.0001683e+00  -2.3190864e-01
  -5.9434479e-01  -1.0480944e-01
   2.7514813e-01   8.4368904e-02
   4.9660513e-01  -9.0546580e-01
  -2.4218730e-01  -4.6745068e-01
   3.3477312e-02   5.7890613e-01
   2.0089639e-01   7.2110882e-01
  -1.2175005e+00   8.0032178e-01
   5.1796256e-01  -6.0935592e-01
   3.5352365e-01  -3.6736561e-01
  -6.5045441e-01   7.7875180e-01
  -1.0659660e+00   8.1271119e-01
  -1.1514175e+00   1.4421149e+00
  -1.0387197e+00   6.5737976e-01
   1.7513496e+00  -1.1610134e+00
  -1.1903768e+00   1.6818520e+00
  -5.1780198e-01  -1.3051597e-01
  -6.9984488e-01   8.8349350e-01
  -1.0878774e+00   1.0631230e-01
   1.1701400e+00  -7.3538771e-01
   4.3956123e-01  -6.7739908e-02
  -1.1501260e+00  -5.3948023e-02
   5.9281077e-01  -7.4427478e-01
  -6.8743229e-01   1.9598907e-01
  -2.7276197e-01   2.2622657e-01
  -2.4061927e+00   2.0575053e+00
   9.4538349e-01  -1.6023163e+00
  -3.4700303e-01   7.9644793e-01
  -2.7529100e-01  -4.2016843e-01
   1.4944829e+00  -2.2535219e+00
  -1.5525833e+00   1.9764513e+00
   3.3899647e+00  -8.8073065e-01
   1.3776077e+00  -2.8988531e-01
  -3.1421595e-01  -2.7190889e-01
  -3.9653494e-01  -2.4915357e-01
   1.8014967e-01   5.5327364e-01
   2.3104042e+00  -1.0579492e+00
  -5.4089898e-01   1.1922011e+00
  -2.3074216e-01   1.8241098e-01
  -7.2705948e-01   1.3208130e+00
  -9.5354729e-01   2.7797018e-01
   2.8408133e-01  -3.1879981e-02
   2.0153244e-01   3.4218037e-01
  -1.6975987e+00   3.2378114e+00
   2.1506458e-01  -3.6208908e-01
  -1.3416363e+00   7.8989438e-01
  -6.0438101e-02   7.9802593e-01
  -7.3463917e-01  -3.6892749e-01
   1.7739979e+00  -2.3518817e+00
  -3.4470994e-01  -5.8214656e-01
  -4.7710454e-01   8.4499888e-01
  -1.2374746e+00   9.9506815e-01
  -4.9329874e-01   9.0860654e-02
  -1.1100518e-01   1.9695110e-01
  -8.8521158e-03   1.1179372e-01
   2.4796340e+00  -1.2469448e+00
  -6.3682783e-01   1.9392961e-01
  -9.7703668e-01   3.4646965e-01
   1.3960602e+00  -1.0120429e+00
  -6.8629846e-01  -2.4740111e-01
   1.0302760e+00  -9.0591514e-01
  -2.6789326e-01  -3.4421865e-01
   3.3535111e-02   1.0147446e-01
  -2.0236129e+00   2.7713431e+00
  -4.9662269e-01   6.7014133e-01
  -7.7797252e-01   4.4741484e-01
  -1.3726894e+00   1.3259825e+00
  -1.5889508e+00   9.3838710e-01
   4.4399379e-01  -5.0912004e-01
   3.9484725e-01  -1.0262510e+00
  -1.0622370e+00   1.1429696e+00
  -3.7999054e-01  -6.7451169e-01
   3.1063642e-01  -3.6875874e-01
   1.0406390e+00  -9.0234124e-01
  -1.9524841e+00   1.6909250e+00
  -2.0020000e+00   2.1812669e+00
  -9.6899869e-01   4.5503409e-01
  -2.4050147e+00   2.5066908e+00
   5.7306860e-01  -2.1916237e-01
   3.7439408e-01  -1.4856360e+00
   9.4546482e-01  -8.6759324e-01
   4.9871997e-01  -4.1255521e-01
   2.1080530e-01  -8.6148065e-01
  -5.7231491e-01   2.1161936e-01
   5.2594998e-01  -2.9886954e-01
  -2.0548524e+00   1.3528635e+00
  -2.3576303e-02  -1.4069215e-01
  -6.9291699e-01  -1.2415727e+00
  -1.2761769e+00   1.1847256e+00
  -3.4116356e-02   1.9521079e-01
   7.7580461e-01  -6.1044299e-01
   1.3001837e-01  -3.7020589e-01
   2.1866102e-01  -4.2190866e-01
  -1.1771803e-01  -1.1664793e+00
   1.8780436e+00  -8.2667844e-01
   1.0958746e+00  -1.0537289e+00
   3.3319510e-01  -9.2786600e-01
   2.3261918e-01   1.6156342e-01
  -1.6847670e+00   1.3608037e+00
   1.8758442e+00  -1.1974741e+00
   7.1747675e-01   2.8283447e-01
  -8.8313510e-01   7.9941110e-01
  -4.8131654e-01   7.9809869e-01
   1.8125539e-01  -1.5804198e-01
   6.0417294e-01  -6.8920852e-01
   3.7263067e-01  -7.6109641e-01
  -1.8858924e+00   1.7428449e+00
   4.6389281e-01  -2.9401277e-01
   1.3013695e+00  -8.0349230e-01
   4.6014731e-01  -3.3705836e-01
  -3.1758411e-01   1.3161671e+00
   5.2084278e-01  -5.7275559e-01
   6.8757922e-01  -5.6927459e-01
  -2.4665142e-01   7.8844330e-02
   1.1034361e+00  -7.6883900e-01
  -2.5111282e-01   1.6732904e-01
  -1.2903856e+00  -2.0901669e-02
  -2.0575647e+00   2.8007184e+00
  -6.0073765e-01   8.0559934e-01
  -3.1141196e-01   3.2714946e-01
   2.6550505e-01  -5.1713944e-01
  -1.9056657e+00   1.2948551e+00
  -1.1496603e+00   1.3063986e+00
  -2.5897813e-01  -4.4085777e-01
   2.1573471e-01   4.2759214e-01
   3.2021121e-01  -1.3217922e+00
   9.6848555e-01  -3.2327723e-01
  -2.0963284e-01   8.0898899e-01
  -1.3343629e-01  -5.8850024e-02
   1.1979699e-01  -4.0447584e-01
   7.9927161e-01  -1.9139417e+00
  -9.1969087e-01   2.1790482e-01
  -1.6208705e+00   2.1436122e+00
   2.6321115e-01  -7.2806607e-01
   1.2860755e-01   5.5163606e-01
  -6.8860936e-01   1.1047593e+00
  -6.3769874e-01   1.5372869e+00
   1.5157630e+00  -6.2177543e-01
   4.6548028e-01   7.0587261e-02
  -4.6936747e-02   2.1240619e-01
   9.1360576e-01  -1.1138470e+00
   7.8766800e-01  -1.2624543e+00
   3.8470702e-01  -9.5989679e-03
   1.7796241e+00  -1.0583873e+00
  -2.0380534e+00   1.9623345e+00
  -4.5567320e-01  -1.0328804e+00
   4.1268625e-01  -9.8820764e-01
  -1.3308626e+00   1.4196152e+00
  -8.1766031e-03  -1.1705034e+00
   2.5228095e-01  -4.8445863e-01
   1.8682952e+00  -1.0288583e+00
  -1.0234694e+00   5.4190216e-01
   3.2283702e-01   6.5969077e-01
   9.0841406e-01  -7.6147446e-01
  -3.5914613e-01   5.9243712e-01
   2.5284969e-01  -3.6688854e-01
   1.9994095e-01   8.3415154e-02
   8.6415864e-01  -1.0845463e+00
   1.5175158e+00  -9.4910727e-01
   1.0252878e-01  -4.1493724e-01
  -3.4277035e-01   2.8815281e-01
   8.8799135e-01  -1.1702989e+00
   2.8301404e-01   3.1448300e-01
  -1.3297646e+00   8.9678382e-01
  -4.0899807e-01  -5.4709730e-01
   4.0208122e-01   1.2557284e-01
   1.4928657e+00  -1.2025112e+00
   7.3334669e-01  -3.4187032e-02
  -7.4951291e-01   1.7926884e-01
  -9.2650777e-01   2.1496175e+00
  -2.2887480e+00   1.7080939e+00
   1.2004615e+00  -1.5933694e-01
  -2.3468757e+00   2.5075929e+00
  -4.2357454e-01   1.4008767e-01
  -4.0108681e-01   7.0777830e-01
  -2.2702518e-01  -5.1306991e-02
   2.5857255e+00  -4.9318940e-01
  -1.1485184e-01   1.4597873e-01
   1.3827931e+00  -1.3699570e+00
  -2.0743541e+00   2.3156382e+00
   1.0062230e+00  -5.7723178e-01
  -5.0714240e-01   1.9994980e+00
  -1.9360315e+00   1.0504005e+00
   1.0332695e+00  -5.6766622e-01
   1.2292589e+00  -3.1403631e-01
  -1.0215491e-01   6.8789268e-02
   2.2942593e+00  -1.4326862e+00
   7.9721738e-01  -2.5009590e-01
  -9.9168258e-01   8.5176230e-01
   4.1651725e-01  -6.5310109e-01
   5.4238441e-01  -7.3715847e-01
  -7.6307659e-02   1.4079799e-02
   1.0377054e+00  -2.5925653e-01
   1.4298191e+00  -2.6741394e-01
   6.6035439e-02   4.1296862e-01
   1.0539625e+00  -1.9426199e+00
  -5.2327416e-02   9.6785538e-01
   1.0392343e+00  -2.0573051e+00
   2.7521119e-01   3.0272540e-01
   1.4670033e+00  -1.2844323e+00
  -1.7460754e+00   2.3650847e+00
  -1.4528672e-01   8.7090325e-01
   2.6919898e-01  -2.8456165e-02
   2.2672254e+00  -1.3504866e+00
  -6.5241854e-01   3.1835712e-01
   4.8472870e-01  -1.2206299e+00
  -1.2699851e+00   1.4641482e-01
  -1.3773386e+00   1.5326829e+00
   3.6799434e-01  -5.4394907e-01
   8.9627038e-01  -1.6046394e+00
  -1.7141234e-01  -3.7342414e-01
   1.4789063e-01  -6.2362712e-01
   6.4346540e-01  -5.6226959e-01
   1.5978749e+00  -3.2836125e-01
  -6.3812800e-01   1.4308786e-01
  -8.9377923e-01  -1.9892192e-01
   1.0271748e+00  -6.9966048e-01
  -8.1141376e-01   1.0905240e+00
   1.1724987e+00  -7.2625321e-01
  -1.4049338e-01  -3.0796537e-01
  -2.2319074e-01   3.9676617e-02
  -2.1036663e+00   2.4791010e+00
   3.6823830e-01  -1.9395539e-01
  -6.8879361e-01   2.3037942e-01
   1.0952842e+00  -1.7036465e+00
   4.4210975e-01  -6.4052368e-02
  -4.6928280e-01   2.0723289e-01
  -1.5067482e+00  -2.6074713e-01
   2.2711094e+00  -5.7190411e-01
  -7.3898489e-01  -8.4033099e-01
   1.2725180e-01   2.1892354e-01
   2.4110337e-01  -8.2679377e-01
  -1.1667040e+00   1.1517988e+00
   2.1752878e+00  -8.7206400e-01
   1.0135657e+00  -1.8279178e+00
  -5.1080826e-02   9.6130548e-02
   1.3169444e+00  -8.8138280e-01
   1.3129124e+00  -7.6416340e-01
