  -8.2150318e-01  -3.7886206e-01
  -2.5585162e-01   7.6116940e-01
   1.4756229e+00  -2.3212944e+00
   9.0122370e-03   1.4397764e+00
  -6.4654154e-01  -1.0800450e-01
   9.8675465e-02   1.9336034e+00
   1.7450593e+00  -2.0642311e+00
  -1.3682966e+00  -2.3473017e-02
   8.4671776e-01  -4.4099340e-01
   2.2868312e+00  -1.1747388e+00
  -8.7601326e-01   6.1719460e-01
  -4.3030728e-01   1.1340967e+00
   2.5648447e+00  -1.3848153e+00
  -6.3919031e-01  -2.0525170e-01
  -9.3145573e-01   5.2512661e-01
  -3.4747664e-01   1.8962670e+00
  -6.7895815e-01   1.9707138e-01
   3.0580583e+00  -1.2097108e+00
   7.9255316e-01   9.9285514e-02
  -6.8525861e-01   4.5916543e-01
  -8.8114473e-01   1.3899542e+00
  -4.9722990e-01   1.3516070e+00
  -7.6057846e-01   3.8282724e-02
   2.2104596e+00  -1.4413832e+00
  -4.7522840e-01  -1.8544225e-01
   1.7857777e+00  -2.1465129e+00
   1.1677459e+00  -7.7932896e-01
  -7.5056804e-01   5.4947777e-01
   1.0137755e+00  -7.5611098e-01
   6.6108929e-01  -9.0324863e-01
  -5.5355982e-01   9.6373566e-01
  -2.1077491e-01  -6.1502280e-01
  -8.6456765e-01   1.1822978e+00
  -6.5278382e-01   9.1036389e-01
   2.3245836e+00  -1.5651980e+00
  -3.9075668e-01   7.1922065e-01
  -7.0791631e-01   1.2633554e+00
  -7.9302594e-01   3.3362561e-01
  -4.5916295e-01   1.1333703e+00
   1.6032034e+00  -1.0871517e+00
   1.2981566e+00  -6.4183538e-01
  -5.4299225e-01  -9.1159594e-01
   5.4298652e-01  -7.3167323e-01
  -1.1874177e-01   1.5914361e+00
  -8.7068716e-01   6.3434952e-01
  -9.6048216e-01   6.3583119e-01
  -6.3809339e-01   7.5047463e-01
  -8.2930796e-01  -1.9345067e-01
  -6.8306770e-01   1.1994868e+00
   2.0684112e+00  -1.7492283e+00
  -6.2444218e-01   3.3471222e-01
   3.1861098e-01  -2.8114317e-01
   1.1032579e+00  -5.7848939e-01
  -8.5680910e-01   3.3330995e-01
   1.7552228e+00  -1.2551893e+00
  -6.0300984e-01   2.6573241e-02
   2.0423228e-01  -7.0553863e-01
   2.1872004e+00  -1.9534246e+00
  -4.3930996e-01   1.7999316e+00
   1.6045620e+00  -9.6800543e-01
   1.0616942e+00  -1.0311389e+00
  -9.0299135e-01   1.0006761e+00
  -7.9117785e-01   8.8322801e-01
  -5.1051277e-01   1.3603497e+00
  -1.0622962e+00   1.8555227e-01
  -9.8872974e-01   5.4625602e-01
  -5.5805920e-01  -1.7493849e-01
  -6.9948128e-01   8.4822703e-01
   9.1982820e-01  -7.2279355e-01
   3.3125927e-01  -8.2950869e-01
   2.4560393e+00  -2.0314809e+00
  -5.6371505e-01  -1.0226682e-01
  -1.4232961e+00   5.5424700e-01
   8.0429393e-01  -2.6268331e+00
  -3.3733286e-01   3.2029767e-01
  -8.3130921e-01  -3.9447447e-01
   1.8827120e-02  -6.8523164e-01
  -5.3355667e-01   2.7251584e-01
  -8.4809920e-01   8.8516420e-01
  -6.8364971e-01   7.3113727e-01
  -1.1150591e+00  -2.2912726e-01
   3.5722508e-01  -1.0241967e+00
  -9.2106598e-01  -2.4128730e-01
   1.7219595e-01  -8.7408890e-01
  -9.2091404e-01   1.0412543e+00
   9.4334001e-01  -7.9861273e-01
  -1.7463074e-01  -5.0323902e-01
  -3.5317990e-02  -6.1725740e-01
   7.9159572e-01  -8.3516191e-01
   1.9251633e-01  -8.3843743e-01
   2.5905209e+00  -1.6220054e+00
  -7.1115141e-01  -3.3467215e-01
  -4.5388835e-01   8.8589551e-01
  -8.3861023e-01   8.3405494e-01
   3.2388720e-01  -6.5625051e-01
  -5.3337089e-01   1.1078464e+00
   8.1116889e-01  -6.0918615e-01
   4.8369122e-01  -4.9252919e-01
  -4.7765537e-01   3.8154703e-02
  -5.1248223e-01   1.2756322e-01
  -2.6472325e-01   1.2465802e+00
   2.2346695e+00  -2.0376967e+00
  -7.3037293e-01   6.1012283e-01
   1.6816832e-01   1.4788957e+00
  -6.2971261e-02   6.6440541e-01
   1.4138384e+00  -1.3379350e+00
  -1.0912083e+00   7.0933901e-01
  -2.7964453e-01  -3.6260280e-01
   1.6654700e+00  -1.0045840e+00
   1.1098953e+00  -1.0736898e+00
  -1.7100802e-01  -2.6647529e-01
   2.6461370e+00  -1.5717687e+00
  -8.8335898e-01  -1.8324076e-01
  -9.9446491e-01   1.3387995e+00
   1.3693382e+00  -1.2599891e+00
  -6.3432934e-01   9.2895762e-01
   2.2346233e+00  -1.3149443e+00
   4.6136891e-01  -8.4760735e-01
  -2.1412450e-01   5.9206520e-01
  -8.3505953e-01   4.5270593e-01
  -9.9064757e-01   8.4231107e-01
  -1.7304571e-01   2.9329200e-02
  -1.2472242e+00   1.0823572e-01
  -6.9738006e-01   4.9746763e-01
   2.5772920e+00  -1.3474454e+00
   2.5745726e+00  -1.6988669e+00
   2.0671924e+00  -1.9541552e+00
  -5.5836331e-01   1.3862430e+00
  -3.8181631e-01   4.7706613e-01
  -1.2981574e-01   1.0778746e+00
  -7.5492243e-01  -2.7799583e-01
  -1.3541506e-01   4.2260232e-01
  -2.9414928e-01  -2.0132034e-01
  -7.8814588e-01  -7.2319910e-03
  -3.3927105e-01   1.0439919e-01
  -1.8659036e-01  -5.7981890e-01
  -1.3802071e+00   6.7255045e-01
  -9.8185350e-01   6.4866583e-01
   2.0627853e+00  -1.4377822e+00
  -4.3813357e-01   1.0973613e-01
  -5.1416751e-01   3.1253701e-02
  -1.3188181e+00   3.9578798e-01
  -3.2087851e-01   1.4980918e-01
  -1.0146137e+00   9.7113079e-01
  -1.1025028e+00  -1.7845391e-01
  -7.2666406e-01   3.1631840e-01
  -4.5277394e-01   2.2542433e+00
   8.8413090e-02  -3.6514450e-01
  -5.4055677e-01   7.7784243e-01
  -8.8108078e-01   4.8159124e-01
  -9.3956651e-01   6.3983071e-01
  -6.4483152e-01   1.5184874e+00
  -2.8021974e-01   7.0876751e-01
   1.2632079e+00  -1.0950509e+00
   2.9028844e-01  -6.2100516e-01
  -5.1952839e-01   9.9330847e-01
   1.9046055e+00  -1.1954189e+00
  -1.0367748e+00   1.7224564e+00
  -6.9240246e-01  -2.7585168e-01
  -1.1295607e+00   1.1255520e+00
  -1.0447058e+00   3.4568191e-01
  -1.2349675e+00   9.1352629e-01
   2.4225286e+00  -1.3801702e+00
   8.7731576e-01  -6.0926896e-01
   2.7980901e+00  -1.7083356e+00
   1.4197087e+00  -1.1653419e+00
   1.5513778e+00  -1.1395735e+00
   3.6634558e-02  -5.4706858e-01
   1.2015291e+00  -4.9864659e-01
   8.2795118e-01  -7.5822447e-01
  -4.0524690e-01   5.9147751e-01
  -1.0791097e+00   4.9424007e-01
   1.7520675e+00  -9.6657556e-01
  -7.1336375e-01  -4.0955694e-01
   2.2695001e+00  -1.6001041e+00
  -1.5914660e-01   3.6288406e-01
  -9.8507571e-01   4.9584356e-01
   2.3675907e+00  -1.4838440e+00
   1.2265591e+00  -1.0603401e+00
  -9.1874596e-01   1.7785349e-01
  -2.5928095e-01   6.4018730e-01
   2.0464453e+00  -1.7957975e+00
   7.4428060e-01  -5.9799467e-01
   3.9789241e-01   1.8757975e-01
   2.2736499e+00  -1.3651641e+00
  -4.3280793e-01   9.2970767e-02
   2.0849732e+00  -1.1166084e+00
   2.5639550e-01  -8.3692191e-01
   2.3148988e+00  -1.9417377e+00
  -4.7214399e-01  -6.9665349e-01
  -1.7075696e-01   1.8117055e-01
   6.3905800e-01  -5.5792915e-01
  -4.3875058e-01   8.8413912e-01
  -9.6464457e-01   4.9572164e-01
   3.5568936e-01  -5.4305648e-01
  -2.8889907e-01  -5.5577586e-01
  -8.7139513e-01   4.8356207e-01
  -6.8695311e-01   4.1790395e-01
  -5.6985038e-01   5.4857356e-02
  -8.1726810e-01   1.0297499e+00
  -3.8208643e-01   2.3195184e+00
  -9.5199883e-01   1.2058131e-01
   1.2285980e+00  -5.7932412e-01
  -2.8920313e-01  -1.1776356e-01
   1.7852091e+00  -1.2410057e+00
   8.4199886e-01  -1.3822994e+00
  -8.5671976e-01   1.9857611e-01
  -3.8302870e-01  -2.4807695e-01
  -8.4217547e-01   1.0777234e+00
   1.0184950e+00  -1.2028236e+00
  -7.1195769e-01  -4.9552856e-01
  -5.3338825e-01  -1.1889791e-01
   2.6471761e-01  -4.6542343e-01
  -9.1115549e-01  -6.8420649e-02
   2.2457014e-01  -9.9988769e-01
   1.6620730e+00  -9.4508975e-01
  -5.3699343e-01   3.2500069e-01
   2.4489850e+00  -1.6966422e+00
   2.8360856e-01   1.3895435e+00
  -2.9643885e-01  -1.5367851e-01
  -3.9879185e-01  -4.9366535e-01
   2.5485321e-01   1.5811444e+00
  -1.5885580e-01   1.9674503e+00
   1.7983980e-01   1.2628023e-03
  -7.1184876e-01   3.2558272e-01
  -5.3324559e-01   3.8075899e-01
   9.2099156e-01  -9.8588357e-01
  -2.4007799e-01   1.4363224e+00
  -5.9167315e-01   5.4262661e-01
  -2.8209816e-01   1.6588518e+00
  -6.5373388e-01   1.3870270e+00
  -8.8206318e-01   1.6809779e-01
  -7.6383757e-01   8.2336961e-01
  -1.4614402e+00   8.9986628e-01
  -7.5797816e-01   5.8181562e-01
   2.1738940e-01   2.6527297e+00
  -6.2682211e-01  -1.4561017e-01
  -4.5170216e-01   1.1255974e+00
  -7.0959274e-01   7.6917520e-01
  -9.7792531e-01   6.5782955e-01
  -6.4574628e-01   1.3147538e-02
  -7.9725559e-02   9.3368258e-01
  -1.9302088e-01  -1.9830199e-01
   1.4951033e+00  -1.1558590e+00
   1.2730823e+00  -7.0285958e-01
  -2.6239647e-04  -5.3616247e-01
  -8.1193029e-01   1.4126659e+00
   9.2047448e-02  -7.5740914e-01
   5.4654611e-01  -9.2524608e-01
  -3.8934336e-01   2.5302984e-01
  -5.1140786e-01   1.0168681e+00
  -3.5981847e-01   2.2098081e+00
   1.3932814e-01  -6.5690149e-01
   1.5624607e+00  -2.0123164e+00
   7.1311836e-01  -5.4120852e-01
  -8.6620253e-01   1.2007821e+00
  -1.1145695e+00   3.9035693e-01
   6.1951605e-02   1.4954500e+00
   2.6546173e+00  -1.9885813e+00
   1.3699193e+00  -1.4677391e+00
   1.4917176e+00  -1.3443999e+00
  -2.6408747e-01   9.7236188e-01
   9.8565573e-01  -8.8959145e-01
   9.5731393e-01  -7.5305460e-01
  -5.2613827e-01   5.4959426e-01
  -7.8342692e-01   5.2113117e-01
   2.1943342e+00  -2.1609023e+00
  -4.9517977e-01  -1.1617402e-01
  -5.8259382e-01  -2.5503524e-01
   1.5031914e-01  -6.1897166e-01
   2.4746564e+00  -1.4062180e+00
  -5.5864651e-01  -6.5468803e-01
  -1.4747509e-01   9.6950730e-03
  -7.0008755e-01   8.0873565e-01
  -7.8819804e-01   3.8770630e-01
   7.3959951e-01  -4.6542615e-01
  -6.1884585e-01   6.5059730e-01
   1.5800134e-01   1.3432339e+00
  -3.5504738e-01   2.1364874e-01
   8.0947656e-01  -7.5840236e-01
  -9.3204236e-01   1.3737804e-01
  -6.5594691e-01   8.0213357e-01
  -7.8258595e-01   3.3533603e-01
  -1.3427157e-01  -1.8960258e-01
  -2.7753054e-01  -1.3029388e-01
   2.4275823e-01  -1.0466307e+00
   2.0332644e+00  -1.7045735e+00
  -1.1697842e+00   1.1492017e+00
  -2.8114492e-01   4.4044406e-01
   1.6127824e-01   5.6348129e-01
  -5.8953993e-01   8.8027253e-01
  -3.6978446e-01   1.1900234e+00
   1.1250207e+00  -6.1415496e-01
  -2.5901070e-01  -4.7431833e-01
   1.4895685e+00  -1.0054145e+00
   1.9061291e+00  -1.0727343e+00
  -9.7275994e-01   5.1648561e-01
   9.9211671e-01  -1.2375887e+00
  -3.6236155e-01   1.3251035e+00
  -1.1414152e-01   1.8474556e+00
  -7.9786471e-01  -6.7305234e-01
  -8.9583585e-01   1.4128171e+00
   1.4834797e+00  -9.8038255e-01
  -6.4762823e-01   1.4056705e+00
  -8.8874559e-01   1.8768495e-01
  -4.3061231e-01  -3.8701271e-01
  -2.0938065e-01   2.5357795e+00
  -6.9716193e-01   9.7001156e-04
  -7.4096051e-01   5.3358839e-01
  -7.3007425e-01  -8.2202399e-02
  -5.1278609e-01  -6.5769792e-01
  -6.4017734e-01   1.3088027e+00
  -3.9298529e-01   7.7227933e-01
  -1.3080526e+00   8.5344836e-02
  -4.9952952e-01  -6.2426124e-01
  -8.5510860e-01   6.8933863e-01
   7.1341721e-01  -4.8416287e-01
   1.0884104e+00  -1.0383053e+00
  -6.7408146e-01   2.0233661e-01
  -9.3096074e-01   4.3763640e-01
  -3.7808470e-01  -5.4974722e-02
   2.3271562e-01  -7.1769557e-01
   4.1836517e-01  -7.0449094e-01
  -9.3870765e-01   1.0463820e-01
  -3.3378329e-01  -2.6647272e-01
  -1.2043556e+00  -1.9766272e-01
   5.4226868e-01  -6.8027153e-01
   2.4807276e+00  -1.5443720e+00
  -2.1977680e-01  -7.1675685e-02
  -1.0032561e+00   5.4416210e-01
  -7.7745188e-01  -1.2103984e-02
   2.3002696e+00  -1.3700009e+00
  -6.5894342e-01   6.9025471e-01
  -7.2536986e-01   8.0946842e-01
  -5.9671826e-01  -3.0848490e-02
  -1.3481893e+00  -4.4157601e-02
  -8.6676184e-01   2.0940683e-01
  -2.8317611e-01   7.8043020e-01
   2.3355955e+00  -1.6162042e+00
  -7.8159735e-01   3.3950174e-01
  -6.0998182e-01  -6.4457554e-02
  -3.0331498e-01   1.8005507e+00
   2.1853801e+00  -2.0206800e+00
  -3.5570361e-01   1.0793513e+00
  -4.2579796e-01   8.3882362e-02
   4.2260582e-02  -5.2848154e-01
   1.6227989e+00  -1.0061144e+00
  -1.5154039e+00   1.6675310e-01
  -1.0763380e+00   6.4231452e-01
  -6.5574875e-02   1.1826637e-01
  -5.0611779e-01   7.5476341e-01
  -7.5841638e-01  -1.0928199e-01
  -9.2514058e-01  -2.7569154e-02
  -9.8557811e-01   1.2756751e-01
   1.6493061e+00  -1.1032060e+00
   6.2457316e-01  -7.9525234e-01
  -9.8679212e-01   3.6589412e-01
   2.8391185e-01  -9.3062086e-01
  -1.2194573e+00   3.3190121e-01
   1.1443632e-03  -2.9014372e-01
  -8.0726021e-01   4.3950461e-01
   2.1120701e+00  -1.2339523e+00
   1.1778215e+00  -7.3702398e-01
  -1.6785672e-01  -1.9866257e-01
  -1.1572523e+00   3.8975289e-02
  -5.1710331e-01   1.5112855e+00
  -1.0654640e+00   3.3718732e-01
   4.9046225e-01  -2.7591348e-01
  -1.0370030e+00   2.1861477e-01
   1.1901909e+00  -8.0120154e-01
  -2.1441336e-01   1.2204947e+00
   9.2221088e-02   2.2982758e+00
   2.7891925e+00  -1.3505615e+00
   7.1569352e-01  -8.6720923e-01
  -5.1996211e-01  -6.7014326e-02
  -2.3871470e-01  -1.5350808e-01
   1.5136363e+00  -8.2817624e-01
  -4.1642637e-01   3.3449153e-01
   1.1938935e+00  -1.0782720e+00
  -4.5582056e-02   1.6375308e-01
   2.4512150e+00  -1.3908118e+00
   4.6916498e-01   4.6081339e-01
  -1.0217848e+00   9.6639275e-01
   1.8967700e+00  -8.9943649e-01
  -5.7736079e-01   8.5516848e-01
   3.2571612e-01  -6.9731367e-01
  -7.8850109e-01  -2.1173399e-01
  -1.8946902e-01   1.1517691e-01
  -3.2700928e-02  -1.5574625e-01
  -1.7934235e-01  -4.2903922e-01
  -3.5795700e-01   9.5649180e-01
  -1.5578167e-01  -1.0827733e-01
   8.2180863e-01  -8.1632756e-01
  -1.1131983e+00   5.2903640e-01
  -5.5729062e-01   1.1188416e+00
   9.8985453e-01  -9.7432525e-01
   1.6155762e+00  -6.9808084e-01
  -2.0774934e-01   2.3384066e+00
  -9.8937815e-02  -5.1280175e-01
   1.2846173e+00  -1.1357500e+00
   2.3472877e+00  -1.4969236e+00
  -3.5031484e-01   1.5253125e+00
  -2.7520978e-01   1.5526184e+00
  -4.1342628e-01   1.8331652e-01
   3.9920427e-01  -4.7398993e-01
  -2.8946897e-01   3.9776898e-01
  -1.4120702e+00  -6.5364707e-03
  -7.7760208e-01   8.7118479e-02
  -1.0393441e+00   6.0270840e-01
  -9.9662991e-01   7.7992785e-01
  -3.4068866e-01   1.9337224e+00
  -1.3183289e-01   1.0293853e-01
   6.9038504e-01  -9.6169870e-01
  -4.5230388e-01  -2.7224131e-02
  -1.8119490e-01  -2.8914181e-01
   2.2288137e+00  -2.2171053e+00
   5.4095267e-01  -8.2986495e-01
   1.1030259e+00  -2.2140951e+00
  -6.3936553e-01   4.4361654e-01
  -1.7038520e-01  -3.9576955e-01
  -2.2969632e-01  -4.2847729e-01
  -3.7538392e-01  -1.5555152e-02
  -7.1928018e-01   1.1510709e+00
  -1.0009105e+00   6.2084393e-01
   1.1715340e+00  -1.2187879e+00
   2.0155740e+00  -1.4825964e+00
  -1.0568376e+00   5.9139107e-01
   2.9305284e+00  -1.9811485e+00
   8.4637251e-01  -1.0905851e+00
  -1.0881510e+00   7.9074623e-01
  -6.8439974e-01   1.0063739e-01
  -7.2336684e-01   5.3489738e-01
  -9.6388100e-01   2.1043587e-01
   8.7022609e-02  -7.4972621e-01
   4.9809352e-01  -7.3723063e-01
   1.3509113e+00  -8.3202752e-01
  -5.7070408e-01   4.0134268e-01
  -1.2663476e+00   3.6446868e-01
  -7.4180602e-01   3.8917857e-01
   2.9080016e+00  -1.6955870e+00
  -6.6015918e-01   7.2821055e-01
  -5.6651023e-01   2.2264295e+00
  -3.3945534e-01   1.4397075e+00
  -9.0582647e-01  -2.5908852e-01
  -6.6967283e-01   6.1485762e-01
   2.2617218e+00  -1.2052970e+00
  -5.3335198e-01   2.1459952e+00
   1.7541671e+00  -2.0878653e+00
  -5.8543052e-01  -9.8812681e-02
   1.5797491e+00  -1.0968989e+00
  -9.5506606e-01   8.1508438e-01
   1.0819437e+00  -2.6256142e+00
  -6.3649552e-01   1.1293792e+00
   1.8039390e+00  -1.4763584e+00
  -6.7583820e-01  -1.1785523e-02
  -1.0852610e+00   5.5889273e-02
  -9.7268366e-01   2.3536609e-01
   1.9691130e+00  -1.2683238e+00
  -6.1273712e-01   7.8850492e-01
  -1.3292963e+00   3.4835081e-01
  -2.6640436e-01  -2.5465805e-01
  -9.7427456e-01   8.7806041e-02
  -1.1628594e+00   6.4749310e-01
  -2.4602153e-01  -6.5758787e-01
  -7.2536676e-01   9.2940112e-01
  -1.0924854e-01  -4.3087549e-01
   6.9171420e-01  -8.9838212e-01
  -5.3086008e-01   7.7026055e-01
  -3.9997632e-01   1.2669614e+00
  -2.4611115e-02   1.5834539e+00
  -3.7929539e-01   1.1759084e+00
  -3.8848560e-02  -8.5522216e-02
  -2.6467389e-01  -5.9178479e-02
   1.4360094e+00  -1.2082806e+00
   9.1185715e-01  -3.2787591e+00
  -1.0915078e+00   1.1433352e+00
  -2.4591222e-01  -6.3324396e-01
  -4.9812934e-01  -3.8095586e-03
  -1.9873569e-02  -2.7796581e-01
  -4.4839688e-01   1.2469564e+00
  -1.6666995e-01  -4.3010126e-01
  -9.7767789e-01  -3.7755506e-01
  -6.4423613e-01   6.4737456e-01
   2.7042050e+00  -1.2776802e+00
  -6.6945158e-01   5.6476057e-01
   1.6547213e-01  -1.0373198e+00
  -1.0369186e-01   1.0570329e-01
  -1.0386336e+00   8.0036418e-01
   5.7081852e-01   2.5050991e+00
   2.9579015e-01  -5.0880558e-01
  -6.6677386e-01   3.2986569e-02
  -8.6711038e-01   1.8374140e-01
  -1.2940684e-01   1.5856245e+00
  -4.5759884e-01  -2.3295193e-01
  -9.6993133e-01   7.3466900e-01
   4.3150668e-01  -8.5169404e-01
   8.3063687e-01  -2.8827243e+00
   9.7544532e-01  -6.6671897e-01
   1.3763514e+00  -8.8952953e-01
   1.1319734e+00  -1.0861637e+00
  -4.2839201e-01   4.2600613e-01
  -8.4635207e-01  -3.1893869e-01
  -1.9215455e-01  -4.3493440e-02
   1.5257180e+00  -1.0777869e+00
  -3.9007968e-01  -1.0184990e-01
   3.5384685e-02   4.6706653e-01
  -1.1588019e+00  -1.8426311e-01
   2.2199923e-01  -6.2688396e-01
  -7.7342598e-02  -2.2635644e-01
  -6.7312044e-01   1.7564715e-01
   1.3257191e+00  -8.2666442e-01
  -6.5591264e-01   2.2143157e+00
  -6.8865316e-01   3.0285211e-01
   1.7942534e+00  -2.2945201e+00
  -1.7508087e-02   6.3001326e-01
  -4.3341231e-01   1.8967129e+00
   2.7310524e-01  -5.1824223e-01
  -8.9097269e-02   2.4866423e+00
  -8.1597141e-01   3.6296738e-01
  -1.1637881e+00  -1.5449705e-01
   4.1865431e-01  -6.6608468e-01
   1.3592413e+00  -1.1675186e+00
   2.2838358e+00  -2.1134745e+00
  -8.4809735e-02   1.9410530e+00
  -6.9007795e-02   1.0685499e+00
  -6.6452297e-02  -6.0885354e-01
  -8.8526351e-01   1.7467656e-01
  -1.8666432e-01   8.5569000e-01
  -4.1129083e-01   6.3845426e-01
  -5.6208397e-01   1.6252127e+00
  -6.1662731e-01  -3.3523675e-01
  -8.4713599e-01   1.0262681e+00
  -4.2462737e-01  -3.0365199e-01
   2.4587223e-01   1.9574826e+00
   1.3907322e-01  -1.2228789e-01
   2.0319523e+00  -1.6069704e+00
   6.9634139e-01  -8.0914635e-01
   4.1766261e-01  -6.7824307e-01
  -5.7399331e-01   1.1634397e+00
   1.3618923e+00  -8.6629893e-01
   2.2223267e+00  -1.9862976e+00
  -5.7994349e-01  -5.7066639e-01
  -1.3127628e+00   5.7556441e-01
   4.8130389e-01  -8.6651962e-01
  -6.3499634e-01   8.2977529e-01
   2.7541681e+00  -1.3668226e+00
   1.6955304e+00  -7.3994630e-01
   6.2784836e-01  -8.7378717e-01
  -5.6588870e-01  -2.7817490e-01
  -8.7045766e-01  -2.2260366e-01
  -5.0515412e-01  -3.9205937e-01
  -9.0612155e-01  -5.0624590e-02
  -5.4305080e-01   3.8848070e-01
  -1.1936204e+00   2.2892910e-01
   2.7593632e+00  -1.6736731e+00
  -9.2450867e-01   3.9807569e-01
  -3.9930603e-01  -3.6290056e-01
  -7.2701718e-01   1.4916434e-02
  -8.0604871e-01   4.4895670e-01
  -1.5762723e-01   2.4354754e+00
  -9.7886067e-01   8.1756018e-01
  -1.3370506e+00  -5.0587108e-02
   2.2713774e+00  -1.7410130e+00
   1.8207756e+00  -1.3932489e+00
   5.1881080e-01  -5.6509500e-01
  -1.4265522e-01  -3.1097815e-01
  -5.3422738e-01   1.2421964e+00
   7.5109728e-01  -7.5182670e-01
  -6.2725934e-01  -6.2630456e-01
  -4.8675380e-01   1.4376172e+00
  -8.9702811e-01   5.0420173e-02
  -5.0989468e-01   2.7890045e+00
   1.5778784e+00  -1.1947915e+00
  -2.5437095e-02   7.6145487e-02
   2.0292189e+00  -1.2896412e+00
   6.1265358e-01  -6.2873281e-01
  -1.0919543e+00   1.3461072e-01
   4.9665447e-02  -3.4636571e-01
  -7.2649770e-02   2.4931884e-02
  -4.0496476e-01  -2.0673408e-01
  -3.1665194e-01   1.5692878e+00
  -1.9870271e-01  -7.1910866e-01
   7.8134625e-01  -1.0407077e+00
  -7.2795241e-01  -2.1011123e-01
  -3.9119426e-01  -2.1127514e-01
   2.1315096e+00  -1.6017634e+00
  -6.1720593e-01  -3.1450309e-01
  -2.0805274e-01   5.1034673e-01
  -5.7975807e-01   2.2302001e-01
   9.7531930e-01  -1.1430785e+00
   1.4869851e-02  -6.1197711e-01
   8.4283790e-01  -1.0591635e+00
   1.6212466e+00  -1.0848600e+00
   1.2321695e+00  -1.0891106e+00
  -5.2134598e-01  -3.3304958e-01
  -6.4788433e-01   4.4628744e-02
  -8.8612750e-01   4.2917744e-01
   2.5019491e-01  -7.0291512e-01
   2.5392519e+00  -1.5200696e+00
  -1.0365046e+00   3.7961725e-01
   2.3820807e+00  -1.3002355e+00
  -1.2644485e+00   6.9618339e-01
   1.4008670e-01  -7.4833434e-01
   3.4614117e-01  -8.9342490e-01
  -3.1318059e-01  -1.9899566e-01
   1.9197569e+00  -1.2883846e+00
   8.7439220e-01  -7.9089321e-01
  -8.0703631e-01  -2.3447865e-01
   1.9768240e-01  -7.1709424e-01
  -5.9015495e-01   1.4658826e+00
  -6.7063543e-01   1.2453583e+00
   6.8051995e-01  -2.3313216e-01
  -3.8335105e-01   6.2314953e-01
   2.1832331e+00  -1.4855881e+00
  -9.1763499e-01  -3.3997835e-01
  -2.9172985e-01  -1.1017641e-02
  -8.0065709e-01   9.0519580e-01
   4.5122664e-02  -6.4195072e-01
  -3.5186168e-01   4.4632759e-01
  -1.2922465e-01  -2.0706622e-01
   1.4830448e-02  -5.0888726e-01
  -9.5571237e-01   4.7768651e-01
   2.3918054e+00  -1.5200616e+00
  -1.2150128e-01  -6.2549602e-01
  -9.2456652e-01  -1.3643309e-02
  -9.5894020e-01   1.2237945e-02
   1.7982018e+00  -1.1299712e+00
   1.6136644e+00  -1.4150856e+00
  -1.2726700e-01  -4.3187773e-01
  -1.4427457e-01   2.2597597e+00
  -5.6540585e-01   2.8405578e-01
  -4.7877804e-01  -2.7297982e-01
  -3.1964592e-01   1.5015460e+00
  -1.4038677e+00   1.4045784e-01
  -8.4550284e-01   1.1037406e+00
  -6.4253698e-01   6.4604128e-01
  -1.3511214e+00   9.3502813e-01
  -1.0095566e+00   6.9387307e-01
   1.8572189e+00  -1.5655163e+00
  -5.6905249e-01   1.3512464e+00
   1.5588660e+00  -8.9322076e-01
  -3.1732255e-01   9.3010343e-01
  -3.7201780e-01  -1.4579496e-01
   1.5153156e-01  -6.3747207e-01
  -8.1481836e-01  -5.1394853e-01
  -3.6549314e-01   6.3295717e-01
  -6.7595862e-01  -2.6625301e-01
  -1.0107704e+00   1.2250597e-01
   1.7089166e+00  -1.1990057e+00
  -1.7775654e-01  -4.8622040e-01
  -5.6981493e-01   3.8724293e-01
  -8.1146247e-01  -4.4951433e-02
  -3.0736790e-02   2.9106022e+00
   1.9590869e+00  -1.3842673e+00
  -1.0333718e+00  -4.6427737e-02
  -5.2413376e-01   8.4799202e-01
  -3.0209408e-01   8.1093668e-02
  -1.1864606e-01   5.6449995e-02
  -1.0751858e+00   8.7347863e-01
  -8.5751366e-01   4.1396596e-01
  -1.0898927e+00   7.8002703e-01
   1.0188561e+00  -7.8837372e-01
  -1.2007888e+00   4.2802980e-01
  -1.0512216e-01   1.2428870e+00
  -7.0700256e-01   1.9057913e+00
  -5.2684221e-01  -1.4788871e-01
   1.7260499e+00  -1.5016949e+00
  -1.0742265e+00   6.4608398e-01
  -8.8981138e-01   1.2464871e+00
  -6.2820034e-01   1.2611106e+00
  -8.8733189e-01  -6.9736532e-02
  -5.2384797e-01   5.0158671e-01
   2.2395648e+00  -1.1532460e+00
   4.5468527e-01  -4.5934205e-01
   2.0105302e+00  -1.4711031e+00
   9.0141079e-01  -6.4716245e-01
   1.8505974e+00  -1.0665156e+00
  -5.4696542e-01   4.9201327e-02
  -2.2473049e-01   1.3505194e+00
  -4.6906834e-01   1.6243751e+00
   3.0154534e+00  -1.7269750e+00
  -1.5671034e-01  -5.9597508e-01
  -1.2845525e+00   3.8732866e-01
  -1.1500189e-01   7.2852583e-01
  -5.2193717e-01  -2.9775561e-01
   3.8997154e-01  -7.9749032e-01
  -5.8204878e-01  -8.0637282e-02
   2.4475455e-01  -7.6577456e-01
  -9.0704427e-01   7.4161376e-01
   1.2125776e+00  -7.8162904e-01
  -9.1281048e-01   5.2310025e-02
   2.6419793e+00  -1.7319262e+00
   2.1134557e+00  -1.8225933e+00
   1.0527235e+00  -4.0248444e-01
  -6.3066216e-01   1.1486188e+00
  -8.6433491e-01   1.2484696e+00
  -6.0838973e-01   4.0489289e-01
  -2.8707789e-01  -2.2158805e-01
  -5.5837074e-01   1.1646165e+00
  -1.1060764e+00   6.2095647e-01
   1.7514812e+00  -1.2954452e+00
  -8.2541083e-01   6.6290506e-01
   2.9920736e-01  -7.5588495e-01
  -7.1529136e-01   7.2772934e-01
  -7.5861937e-01   5.7650365e-01
  -1.4917298e-01   2.2033269e+00
  -9.9047331e-01  -3.3389383e-01
  -1.3363514e+00  -1.6252697e-01
   9.7518603e-02   3.8897223e-01
  -8.9804838e-01   5.1166667e-01
  -2.5975882e-01   1.3245340e+00
   3.0034724e-01   5.7519799e-01
  -3.5697206e-01  -2.0576515e-01
  -5.8812963e-01   1.3425166e+00
  -1.2517154e+00   8.0034182e-01
  -3.1554372e-01   1.7682246e+00
  -6.3476239e-02   1.7810025e+00
   6.2854801e-01  -7.1146741e-01
   2.2505772e+00  -1.1885599e+00
  -8.1846782e-01  -4.8483227e-01
  -3.9484952e-01   1.0728288e+00
   4.6465620e-01  -4.1829966e-01
  -3.8908992e-01   1.1390058e-01
  -7.4111740e-01   7.0581054e-01
   9.9871685e-02   2.2615723e+00
  -4.5509434e-01   7.5215656e-01
   2.4715828e+00  -1.6854917e+00
   8.6854619e-01  -2.0793292e-01
  -4.5496541e-01  -2.8656580e-01
  -7.5898896e-01   2.0979540e-01
  -7.2804654e-01   1.1845627e+00
  -1.0167515e+00   8.3281470e-01
  -6.9272846e-01   3.7304316e-01
  -4.1155272e-01   3.5844719e-01
   2.1305618e+00  -1.7045116e+00
  -8.4703400e-02   2.1778937e+00
   1.4203205e-02  -1.4993597e-01
  -8.7513005e-01   5.7708706e-01
  -4.9665101e-01   5.1888741e-01
  -1.0683613e+00   4.1580665e-01
   8.2476041e-01  -1.0554732e+00
   1.9465213e-01  -4.9710594e-01
   6.0538459e-01  -6.5667320e-01
  -4.0239492e-01   6.3678384e-01
  -5.6753867e-01   5.2462416e-01
  -9.0204820e-01   2.7524241e-01
  -1.0271143e+00   2.8198361e-01
  -7.0473400e-01   1.0077344e+00
  -4.7323244e-01  -5.9254214e-01
  -1.0875374e+00   2.9533341e-01
  -4.3591103e-01   1.0588305e+00
  -3.0123984e-01   6.9438193e-01
  -9.8573972e-01   5.0851597e-01
   5.5109126e-01  -2.6234142e-01
   1.9317928e+00  -1.3080771e+00
  -2.6363333e-01  -4.1966792e-01
  -1.1871362e+00   8.6216181e-01
   2.6709680e-02  -4.3875218e-02
  -2.7075822e-01   1.9953002e+00
  -4.3368825e-01   1.3300833e+00
   1.0171675e+00  -7.0500566e-01
   2.4211068e+00  -1.5574779e+00
   8.9664817e-01  -8.6631621e-01
  -7.1130320e-01   8.3387503e-01
   2.3354447e+00  -1.5026492e+00
   8.9797462e-01  -1.0859582e+00
  -5.8558861e-01  -5.4480921e-02
   1.7507825e-01   2.6680456e+00
  -2.1993400e-03   1.1372163e+00
  -5.1078824e-01   3.9522897e-01
   3.6560564e-01  -1.0445569e+00
  -9.0829470e-01   4.2006062e-01
   3.9091290e-01  -7.5242144e-01
   2.1510621e+00  -1.2523885e+00
  -6.6694655e-01  -3.2837211e-02
  -2.9412755e-01  -1.0885837e-01
  -1.1727379e+00   3.5714430e-01
   2.0621249e+00  -1.4722306e+00
  -6.7463199e-01   7.1702837e-01
  -4.3455633e-01   6.5264114e-01
  -8.8296184e-01  -1.7620627e-01
  -9.6070219e-01   2.3504781e-01
  -9.3038171e-01   2.0282769e+00
   2.5313572e+00  -2.0820320e+00
  -4.2490183e-01  -1.5420293e-01
  -5.3125631e-01   1.1517810e+00
  -5.3160731e-01  -4.0533103e-01
  -5.0757356e-01   9.8486255e-01
  -6.3343936e-01   4.7453165e-01
  -7.1725980e-01   5.1976321e-01
  -7.0989663e-01  -1.1937682e-01
  -1.0384524e+00   5.4380863e-01
  -1.6546212e-01  -3.0073137e-01
  -8.3945859e-01   4.4962479e-01
  -1.2600832e+00   4.2176222e-01
  -4.8440217e-01   4.2765553e-01
  -2.1612365e-01  -4.1796244e-01
   1.4043683e+00  -1.3815042e+00
  -6.9350195e-01   2.3182982e-01
  -4.0232559e-01   3.4237725e-01
  -5.0180980e-01  -8.7904356e-02
  -5.1006940e-01   7.0513990e-02
  -1.3253144e+00  -2.9538993e-01
  -7.5399640e-01   1.1248385e+00
  -8.9114769e-02   1.4102360e+00
  -9.1770981e-01   3.1429949e-01
  -6.2714039e-02   9.6197537e-01
   1.9718388e+00  -1.3746208e+00
  -4.4734101e-01   1.4397698e+00
  -5.3589178e-01  -4.3950834e-01
  -8.8521400e-01   3.2289536e-01
   9.8341737e-01  -9.8274505e-01
  -3.9188446e-01  -4.5822438e-01
   2.4503370e+00  -1.9401736e+00
  -8.2212440e-01   6.3611206e-01
  -5.9310753e-01  -1.8698124e-01
  -8.7736668e-02   2.1707259e+00
   5.8389458e-01  -4.3832080e-01
  -1.0585056e+00   2.9287612e-01
  -9.3819984e-01   7.3251000e-01
   2.1630626e+00  -1.4985483e+00
  -9.2511985e-01   9.3059443e-01
   2.4427125e+00  -1.1602504e+00
   1.8033127e+00  -1.2258642e+00
  -5.0723852e-01  -1.7900018e-01
  -1.1645622e+00   1.0098455e+00
  -1.4553293e-01   2.5393049e-01
   7.9143874e-01  -8.6941193e-01
   4.6129464e-01  -2.5124560e+00
   1.9701317e+00  -2.0391150e+00
  -1.4801216e+00   7.0866382e-01
  -1.7554013e+00  -1.3631052e-01
   4.9998363e-01  -6.7762159e-01
  -3.4510190e-01   1.7260594e+00
   2.3969202e+00  -1.2970155e+00
  -1.8127483e-01  -7.2032664e-02
   2.2958236e+00  -1.6092020e+00
  -9.8671563e-02   4.4503955e-02
   1.9733617e+00  -1.2864541e+00
   1.4324856e+00  -1.0282256e+00
   1.2427800e+00  -1.1532957e+00
   1.2202771e+00  -1.1121095e+00
  -8.2011623e-03   2.2975887e+00
   6.8715652e-02  -5.6505862e-01
  -1.0919381e+00  -4.4245870e-01
  -1.0802066e+00   1.3997303e+00
  -7.2933389e-01   8.5532906e-01
   4.0572553e-01  -1.3854923e-01
  -4.4389078e-01   7.0085017e-01
  -6.3448718e-01   6.8290101e-01
  -1.0873415e+00  -2.9179433e-02
   6.0364395e-01  -4.8562072e-01
   1.7111390e-01  -6.7009137e-01
  -6.2630731e-01   2.2268514e-01
  -3.3531464e-01   5.1564052e-01
  -5.6140171e-01   1.5714958e+00
  -4.3364124e-01   1.3688990e-02
  -4.9574732e-02  -7.2926593e-01
  -5.8643715e-01   1.2149611e+00
  -9.0273016e-01   3.9800939e-01
  -7.2803394e-01   1.5801050e-01
   2.6510253e-01  -5.7442271e-01
   2.3498455e+00  -1.6943333e+00
  -2.7402743e-01   2.3082631e+00
  -5.7937218e-01   9.7918911e-01
   2.2624260e+00  -1.1673234e+00
  -2.4032837e-01   1.4076482e+00
  -9.1507601e-01   4.3075949e-01
  -6.0024414e-01   4.6974992e-02
   7.0134608e-01  -6.1669776e-01
   1.8032631e+00  -2.2292138e+00
   1.4994237e+00  -2.1191147e+00
  -7.7714973e-01   1.1535576e+00
  -1.5385951e-01  -2.6774781e-01
  -1.7240512e-01  -7.7691962e-02
  -1.0685479e+00   8.4310328e-01
  -5.3859610e-01   3.6671055e-01
  -7.4913710e-01   1.0266080e+00
  -8.2189028e-01   3.3480054e-02
   9.0545038e-01   2.8538515e+00
   2.2629402e+00  -9.6616525e-01
  -6.2844681e-01   5.0944558e-01
   7.5049800e-02  -5.4855481e-01
  -4.2842024e-01   1.7837031e+00
  -8.3493242e-01   8.8531666e-01
   2.0157099e+00  -1.3485319e+00
  -9.0238403e-02  -1.7132807e-01
  -4.1194131e-01   3.8758875e-02
  -3.4993513e-01   8.2131013e-02
  -4.8225835e-02  -4.7652204e-01
  -9.9710113e-01   3.9511811e-01
  -5.7066942e-01   8.1569262e-01
  -4.6036632e-01   2.1800744e+00
  -2.6644923e-01   8.4226325e-01
  -1.0306616e+00   1.3618660e-01
   3.9717361e-01  -8.7458422e-01
   1.1945557e-01  -5.6442112e-01
  -6.7279239e-01   1.8890225e-01
  -4.5312287e-01  -2.4997111e-01
  -7.4167031e-01   1.3017072e+00
  -7.0297929e-01  -2.0237847e-02
  -6.2283475e-02   1.0367569e+00
  -1.0826761e+00   4.6310131e-01
  -6.7225106e-01  -3.0838296e-01
   4.3377105e-01  -2.5388443e+00
  -1.2562770e-01   5.5073128e-01
  -1.0579954e-01   2.9325598e+00
  -8.4085650e-01   2.7189243e-01
  -4.4275048e-01  -4.4174239e-01
  -8.7522669e-01   4.5875774e-02
  -1.1677074e+00   3.6394616e-01
  -3.8664419e-01  -1.7689673e-01
  -7.8510000e-01   1.4823868e+00
  -6.6878231e-01   2.2717543e-01
   1.3559225e+00  -1.4500335e+00
   2.7303431e-01  -3.8963420e-01
   1.9000529e+00  -1.4934638e+00
  -1.7569214e-01   1.7542314e-01
   1.8002446e+00  -1.9492030e+00
  -5.6781985e-01   5.5152693e-02
  -6.7285822e-01  -1.0180225e-01
  -5.6641237e-01   7.9145462e-01
   1.9027091e-01  -6.8560347e-01
   1.8757861e+00  -2.0542676e+00
  -3.0158038e-01  -2.9213747e-01
  -1.0349430e+00   9.0407809e-01
  -1.2145980e+00   9.9870931e-01
   1.3806438e+00  -8.8893520e-01
   1.1941478e+00  -2.3923703e+00
  -2.2967371e-01   2.8070016e-01
   1.7013376e+00  -1.5873411e+00
  -7.7426766e-01   1.8164545e-02
  -8.6236748e-03   2.9553811e-01
  -8.6518701e-01   1.1371225e+00
  -2.9890504e-01  -2.6248718e-01
  -1.5034624e+00   2.6913102e-01
  -9.1824939e-01   8.5570589e-01
   2.4305274e+00  -1.3178515e+00
  -6.8905579e-01   1.4329586e+00
  -3.3037442e-01   1.3291555e+00
  -3.0149778e-01   9.3771574e-01
  -1.8439921e-01  -4.5656989e-01
   2.3938379e+00  -1.0618750e+00
   3.2622834e-01   2.2758076e+00
  -7.9323433e-01  -4.3795478e-02
  -1.3043171e+00   1.5855885e+00
  -5.1887434e-01   8.5335282e-02
   3.3078379e-01   7.8223759e-01
  -2.9309094e-01   1.4458803e+00
  -2.9322564e-01  -4.1109222e-01
  -7.1530631e-01   1.1678018e+00
   1.2060474e-01  -3.7265304e-01
  -1.0762260e+00   4.5212611e-02
   1.6599787e+00  -8.9971641e-01
   5.9057751e-01  -3.4269814e-01
  -7.6356841e-01   4.8486259e-01
  -7.4968646e-01   1.5161636e+00
  -5.6691137e-01   9.9000301e-01
  -3.0716876e-01  -1.5890891e-01
  -1.0174984e+00   3.7398558e-01
  -1.1868399e+00   6.3526343e-01
   6.5371556e-02  -4.0127256e-01
   6.0190904e-02   1.2991548e+00
  -8.4739645e-01   1.0548114e+00
  -1.8353288e-01  -8.7894894e-01
   1.7941454e+00  -1.9145532e+00
   1.4447498e+00  -8.5793570e-01
   1.1925586e+00  -5.4636701e-01
   1.2048836e+00  -2.4753790e+00
  -1.0369388e+00   8.9098614e-01
   1.8461073e-01  -5.2395956e-01
  -4.4453827e-02  -2.8499232e-01
  -7.9426512e-01   7.3367290e-01
   2.0387337e+00  -1.2029230e+00
  -1.0752363e+00  -1.2530843e-01
   6.5800998e-01  -3.5079226e-01
   2.3952683e+00  -1.4392738e+00
  -3.9570378e-01   1.4166614e+00
  -7.8180869e-01  -5.1966250e-01
   1.9788673e-01  -1.6740683e-01
  -4.5313155e-01  -1.1316893e-01
  -7.5970648e-01   1.3262807e+00
  -1.2426536e+00   1.0872319e-01
  -2.0546734e-01   1.9673981e+00
  -1.1546176e+00   8.1998469e-01
  -8.5720540e-01   3.8418360e-01
  -5.4745465e-01   8.3009094e-01
  -1.9272953e-01   2.0669079e+00
   3.2923987e-03   8.9820984e-03
  -1.0909046e+00   1.2845482e+00
  -6.5174224e-01   3.5609192e-01
   2.3899109e+00  -1.5434664e+00
  -8.7863464e-01  -4.0454331e-01
  -1.0404386e+00   9.8241891e-01
   3.8476037e-02   1.8014918e+00
  -1.3235480e+00  -5.2786505e-01
   4.3679766e-02  -3.5001225e-01
  -8.1130248e-01   1.2366857e+00
  -8.6601915e-01   2.0804909e-01
  -2.4118107e-01   1.9306925e+00
