  -6.4319394e-01   8.8550784e-01
  -8.3618249e-01   1.2337173e+00
  -2.3234359e+00   2.1180791e+00
   6.5984391e-01  -6.6320114e-01
  -1.3816296e-01   8.0584789e-02
   1.2852756e-01  -1.0212257e-01
  -1.6121092e-01   1.7589954e-01
   9.0908195e-01  -6.4556217e-01
  -6.2216951e-01   6.0356083e-01
   3.6136277e-01  -6.5381891e-01
  -5.6432609e-01   9.4333301e-01
   8.6676171e-01  -8.4262757e-01
  -5.8747873e-01   9.1003342e-01
   1.2421310e+00  -1.2029062e+00
  -7.8273103e-01   1.0139599e+00
  -1.0656676e+00   8.7720259e-01
  -1.6916087e+00   1.2919080e+00
   1.2836297e+00  -1.2556674e+00
  -1.2059655e+00   1.1599374e+00
  -1.2435957e+00   1.6683004e+00
  -1.0661971e+00   1.1849680e+00
  -1.1169565e+00   9.4761830e-01
   1.6804657e+00  -1.5276402e+00
   1.9023255e+00  -2.1262742e+00
  -4.5026645e-01   5.9955465e-01
  -3.9488786e-01   6.2241287e-01
   3.0072770e-01  -1.2415597e-01
   7.1022263e-01  -4.5099595e-01
  -1.5006094e+00   1.0026679e+00
  -1.0402474e+00   1.0251546e+00
   1.6311930e-01  -2.4478263e-01
  -1.1255323e+00   6.7807985e-01
   1.0278240e+00  -1.3839896e+00
  -1.8464918e+00   1.5006575e+00
  -1.6113341e-01   3.5644326e-01
  -6.8114086e-01   6.4268970e-01
  -5.5405672e-01   6.9004496e-01
   3.2477258e-01  -4.1448995e-01
   1.2692502e+00  -9.9209488e-01
   5.8499527e-01  -7.4187139e-01
  -6.8505667e-01   9.5079392e-01
   7.4846435e-01  -1.1745639e-01
  -1.1288570e+00   1.3703225e+00
  -5.2493563e-01  -1.7724715e-01
   5.7340062e-01  -3.9003954e-01
   2.9442019e-01  -3.8027709e-01
   1.7876958e-01  -5.4920827e-01
  -2.6140213e+00   2.0407470e+00
  -2.0825802e-01   3.1970156e-01
   1.5007905e+00  -1.5584474e+00
  -1.9176270e-01  -1.0807850e-01
   2.3098953e-01   1.3430664e-01
  -1.2921025e+00   1.2425451e+00
  -7.8084893e-01   8.7025638e-01
  -1.3086991e+00   1.6641164e+00
  -3.4395212e-01   2.7273452e-01
  -4.6707748e-01   5.3666299e-01
   4.2787295e-01  -4.1225698e-01
  -1.5202226e+00   1.3995105e+00
  -3.4274947e-01   3.7141335e-01
  -2.8439564e-01   1.7926384e-01
  -1.1015275e-01   1.2603081e-01
  -3.2805970e-01   1.3063682e-01
   1.9159876e+00  -1.9211826e+00
   7.8474448e-01  -1.2432166e+00
  -1.5141541e-01   1.0202276e-01
   8.6450209e-01  -8.7267323e-01
  -1.6000971e+00   1.4072879e+00
  -5.5938624e-01   4.3163612e-01
  -6.3518512e-01   7.6815518e-01
   1.7415511e-01  -1.0460534e-01
   4.3346701e-01  -2.0424203e-01
   1.1018327e+00  -7.2608136e-01
  -1.8180766e+00   1.8475865e+00
  -7.7413849e-01   6.1346797e-01
   4.4023863e-01  -7.2756984e-02
  -1.5513391e+00   1.8459018e+00
  -4.7992710e-01   4.3669775e-01
  -3.3489524e-02   4.2723699e-01
  -1.0161171e-01  -5.1120790e-01
  -6.9343008e-01   3.3212000e-01
  -6.0240840e-01   7.3066491e-01
  -9.6135245e-01   1.0661847e+00
   5.4235752e-01  -9.2857688e-02
   5.8381129e-01  -8.6116586e-01
  -1.9863440e+00   1.2556307e+00
  -1.1229166e+00   8.7598922e-01
  -1.4205380e+00   1.4996887e+00
   4.5048733e-01  -1.7358786e-01
   1.7675724e+00  -1.8081057e+00
   1.1547649e+00  -8.5612695e-01
  -1.1368035e+00   1.0235130e+00
   1.2441367e+00  -9.6853899e-01
  -1.1813441e-02  -3.4784943e-01
  -6.1708005e-01   5.4678314e-01
  -8.5821325e-01   6.9616187e-01
  -8.0213348e-01   9.8652167e-01
  -2.2663877e-01   7.3339419e-01
  -7.2524391e-01   6.2806787e-01
   5.6943438e-02   6.8887509e-02
  -3.8463377e-01  -4.3954487e-01
   1.4984386e+00  -1.9557846e+00
  -2.6734897e-01  -1.3013463e-01
   2.5648449e+00  -2.7737653e+00
   1.0313855e+00  -1.1595582e+00
   1.5272343e+00  -1.3612123e+00
   7.3489442e-01  -6.5096585e-01
   7.6057227e-01  -1.2160677e+00
   9.5692371e-01  -1.0985399e+00
   2.5638656e-01  -3.5225094e-01
   8.7710899e-01   5.5924163e-02
   7.5704390e-01  -3.8823710e-01
  -2.2635957e-01   6.8191072e-01
   1.4052515e+00  -1.6138084e+00
   1.0625132e+00  -9.2817669e-01
  -9.4233585e-01   1.1355125e+00
  -6.3498109e-01   8.3922004e-01
   1.9964396e-02   3.9710859e-01
  -7.4588146e-01   7.7730632e-01
  -1.1962293e+00   1.3447915e+00
   8.9977874e-03  -2.2678550e-01
  -5.3482785e-01   7.7267604e-01
  -1.3952510e-01   6.2526820e-02
   6.5468462e-01  -3.9168665e-01
   1.5672941e-01  -2.6803995e-01
   4.5022540e-01  -3.0273028e-01
  -2.3798158e-01  -5.7120831e-02
  -2.4797794e+00   2.1210899e+00
  -6.5118653e-01   7.5365236e-01
  -5.0481481e-01   4.5540363e-01
  -9.2270588e-01   8.9967659e-01
   1.8204933e+00  -1.6517940e+00
   1.6321307e+00  -1.4812048e+00
  -1.9320777e+00   1.6925559e+00
  -2.6970162e-01   1.5360697e-01
   1.3374192e-01  -4.6744092e-01
  -2.0570623e+00   1.8784721e+00
   1.1666828e-01  -1.2437513e-01
   1.6476028e+00  -1.4066903e+00
   1.1846714e-01   5.8872684e-02
  -3.8129110e-01   4.7022246e-01
   1.4372428e-01  -4.2610012e-01
  -8.2938808e-01   6.7618628e-01
  -2.3679662e-01   6.0167205e-01
   8.7196977e-01  -8.0857710e-01
  -1.3298815e+00   1.0249981e+00
   1.7209383e+00  -2.0127502e+00
   7.2441076e-01  -6.9758401e-01
  -1.7888172e+00   1.5718663e+00
   6.2871092e-02   4.2659256e-01
  -7.5958418e-01   1.2455190e+00
  -1.0273047e+00   1.4896742e+00
   1.5762196e-01  -1.0343722e-01
   9.6004999e-01  -1.1423493e+00
   2.9724607e-01  -4.0556194e-01
  -1.5102287e+00   1.3200488e+00
  -6.8120842e-01   2.5929650e-01
   5.1388470e-01  -1.8535638e-01
  -6.6084344e-01   6.0694501e-01
  -1.7745409e+00   1.7352431e+00
   5.4085289e-01  -2.9862361e-01
  -1.7200314e+00   1.4344899e+00
  -2.0937424e-01   2.4881682e-01
  -4.4274701e-01   1.8393889e-01
   9.0491578e-01  -8.7367559e-01
   6.8727054e-02  -3.0725629e-01
   7.2159198e-01  -1.0968258e+00
  -1.5376096e+00   1.1977053e+00
  -8.1728802e-01   1.2291933e+00
   1.6390264e-01  -5.5385517e-01
  -2.2784910e-01   3.5835550e-01
  -5.0428691e-01   7.2771429e-01
   4.6759696e-01  -6.0728552e-01
  -6.8033396e-01   8.3072449e-01
  -6.3957267e-01   7.4120501e-01
  -3.8803586e-01   8.5672452e-01
   1.3094272e+00  -1.4626050e+00
   1.1498232e+00  -1.3953293e+00
   2.9085352e-01  -3.2316568e-02
   9.0435232e-01  -1.0177375e+00
  -8.4891764e-02   1.1545891e-01
   8.4409093e-01  -7.3443024e-01
  -9.5396320e-01   9.5178891e-01
  -1.6111941e+00   1.2713552e+00
   1.3604549e+00  -8.9333211e-01
  -1.9669336e-01   1.5588652e-01
  -1.1657775e+00   1.3117816e+00
   7.1519618e-01  -9.4522506e-01
   4.3411194e-01  -3.0862613e-01
   2.1818047e+00  -2.4040789e+00
   1.2723079e-01   2.7737263e-01
  -1.2143123e+00   1.3342216e+00
  -1.1815645e+00   1.1987780e+00
  -3.6562038e-01   3.1464867e-01
   1.5562532e+00  -1.7567724e+00
  -2.3878555e-01   2.4844116e-01
  -2.3316622e+00   1.6259920e+00
   1.0582449e+00  -8.7001490e-01
   9.1857795e-02  -6.5232772e-04
  -3.2142837e-01   3.3986737e-01
   1.9642045e-01   2.6369385e-01
   3.9258246e-01  -4.9492643e-01
  -2.9332935e-01   3.3970950e-01
   1.3079410e+00  -1.3934992e+00
   2.2107113e-01  -5.6044717e-01
  -7.7789872e-01   8.1609821e-01
   4.9049021e-01  -3.9533188e-01
  -4.1100797e-01   5.1642497e-01
   6.3121122e-01  -9.5566158e-01
  -9.4551300e-02  -1.2620476e-01
  -1.4110505e-01   2.0943793e-01
   2.1943309e-01  -1.1934506e-01
   1.2775992e+00  -1.1397713e+00
   1.1929874e+00  -1.5504450e+00
  -2.3993688e-02   2.8639730e-01
   5.5920826e-01  -1.2038377e+00
   8.0531981e-01  -8.6779588e-01
   1.4731953e+00  -1.7845798e+00
   5.8034908e-01   5.8963023e-02
  -1.1647041e+00   9.9733219e-01
   1.7054018e-02   1.1573597e-01
  -7.6885646e-01   9.5681444e-01
  -1.0801347e-01   1.5159850e-01
  -1.2263563e+00   1.6528393e+00
   7.4478461e-01  -3.0971439e-01
  -1.2320687e-01   1.2109041e-01
   2.0842432e+00  -1.4269879e+00
   8.1505192e-02  -7.2576942e-01
   4.6269094e-01  -5.9663280e-01
  -4.9054232e-01   6.1896991e-01
   8.1733425e-01  -9.3035102e-01
  -5.8558158e-01   8.5988261e-01
   2.3089655e-01   9.8735365e-02
   1.8393713e+00  -1.9217047e+00
  -1.2078583e-01   4.1514778e-01
   1.4718802e+00  -1.6029545e+00
   2.2209188e-01  -9.1837915e-02
  -1.4246589e+00   1.4422758e+00
   7.8930887e-01  -9.5391972e-01
  -1.5963765e+00   1.3658385e+00
  -1.9473808e+00   2.0438385e+00
   6.0208383e-03  -6.1048344e-03
  -4.5349671e-01   6.0099470e-01
   1.7609611e+00  -1.5269874e+00
   2.4718098e-02   6.4328324e-02
   2.4879251e+00  -1.8922935e+00
   1.1883715e+00  -1.0479403e+00
  -2.4668969e+00   1.9271732e+00
  -1.3848536e+00   1.4357606e+00
   7.8000174e-01  -1.0200700e+00
  -1.1778138e+00   1.3417040e+00
  -3.9099211e-01   4.0551323e-01
  -8.7267101e-01   6.5445740e-01
  -5.8002796e-01   8.4112059e-01
   4.0851847e-01  -4.9471949e-02
   1.0354941e+00  -1.1032723e+00
  -5.2348721e-01   3.2795301e-01
   6.3503916e-02  -1.6416076e-01
  -1.7218168e-01  -2.5629291e-02
  -2.7755223e-01   3.4050339e-02
   9.7615335e-02   2.2396714e-01
  -6.5325502e-01   8.1326087e-01
  -9.0030379e-01   7.5952657e-01
   1.4075173e+00  -1.2816356e+00
   6.4541333e-01  -5.0892110e-01
  -2.4180842e+00   2.2111430e+00
  -2.1380391e+00   1.7864160e+00
  -3.3199270e-01   4.0881555e-01
   8.0462851e-02   3.3307515e-01
  -4.7194637e-01   6.4309367e-01
   1.8578672e+00  -1.6498494e+00
   3.4523170e-01  -2.2982933e-01
   6.4810622e-01  -1.0001492e+00
  -7.8739476e-01   4.8773797e-01
   8.3827577e-01  -1.7430565e+00
   6.1505559e-01  -8.0886080e-01
  -1.1058754e+00   1.1933458e+00
  -8.8247620e-01   1.2029197e+00
  -1.9301459e-01   4.0075978e-03
   2.5793171e-01  -7.2087937e-01
   2.5389528e-01  -3.3117467e-01
   1.1548713e-01  -5.4722250e-01
  -2.6740538e-02  -2.2568162e-02
   1.7844160e+00  -2.0312820e+00
   1.2187785e+00  -1.4535635e+00
  -1.0110926e-01  -1.7272283e-01
   4.8441967e-01  -2.3666347e-01
   6.4175581e-01  -6.7348993e-01
   1.5067353e-01  -4.0052806e-01
  -4.6782787e-01   7.7904980e-01
   1.2230872e+00  -1.5295525e+00
   2.6707396e-01  -3.2527776e-01
   5.2653045e-01  -4.8328729e-01
   4.9444811e-01  -4.6022576e-01
   1.0625505e-01  -3.6940603e-01
   6.9940003e-01  -5.6166649e-01
   2.1216156e+00  -1.9874949e+00
  -6.6735717e-01   1.0654382e+00
   4.6251573e-01  -2.6262092e-01
   6.1167978e-02   4.1515067e-02
   1.0112543e+00  -1.0796708e+00
  -3.6634593e+00   2.4593589e+00
  -2.7729427e-01  -1.6978033e-01
   5.4633234e-01  -8.3609595e-01
   4.9700586e-01  -2.9283196e-01
   2.7061314e-01  -2.3986997e-01
  -1.0406434e+00   5.3251451e-01
   3.5660633e-02   1.3316410e-01
   5.6976283e-01  -1.9754342e-01
   1.3897176e+00  -1.8052032e+00
  -8.8015292e-01   3.9729260e-01
  -9.0943348e-01   8.5091897e-01
   3.7413060e-01  -6.8262701e-01
   8.1077595e-01  -9.7110998e-01
  -1.1602182e+00   1.1769744e+00
  -2.3006471e-01  -2.5570467e-01
   1.9144684e+00  -1.9546952e+00
  -6.0157446e-01   6.0250371e-01
   3.1908332e-01  -5.0001780e-01
  -3.2865806e-01   2.0436119e-01
  -9.5377972e-01   1.0788090e+00
  -1.0408572e+00   7.7401713e-01
   8.0741785e-01  -6.3309989e-01
  -1.6915767e+00   1.6001018e+00
  -1.5127113e+00   1.4751214e+00
   6.6028111e-01  -9.3617315e-01
   1.7554623e+00  -1.7213405e+00
  -1.0846904e+00   1.0915035e+00
   3.5617301e-01  -4.2394354e-01
  -3.0905537e-01   1.9437071e-01
  -3.6118868e-01   7.4861284e-01
   1.1326177e-01  -1.9949146e-01
  -1.2872723e+00   1.7315855e+00
   4.9565526e-01  -2.2854805e-01
  -9.5787138e-01   8.3699719e-01
   1.2042827e+00  -7.7020234e-01
  -7.7567185e-01   3.8312630e-01
   1.0114887e+00  -6.3284443e-01
   2.6427247e-01  -6.1497436e-02
   8.7231230e-01  -1.3307722e+00
   1.3438567e+00  -1.5654770e+00
   1.6023069e-02  -1.0842886e-03
   1.6229091e+00  -1.5286388e+00
  -7.9726307e-01   1.0469256e+00
  -6.4424667e-01   5.9512305e-01
   3.9578776e-01  -9.9045420e-03
  -1.1322229e+00   9.6497165e-01
  -6.0246656e-02   2.5255384e-02
   1.6882527e+00  -1.5534640e+00
  -2.5891063e-01   6.7695378e-01
   1.0461472e+00  -7.1877511e-01
  -1.6620254e-01  -7.8315040e-02
   2.3841004e-01  -4.9545638e-02
  -3.6802257e-01   1.8649830e-03
  -3.6737212e-01   2.9248885e-01
  -5.8668411e-01   3.0362137e-01
   1.3317441e+00  -1.3940980e+00
   8.8177058e-01  -7.0515462e-01
  -8.5754820e-01   1.0150249e+00
  -1.2712650e+00   1.2797660e+00
   5.3221133e-01  -1.3654626e-01
   8.5331253e-01  -1.2725934e+00
   1.3434511e-01  -4.6433206e-02
  -7.3433163e-01   8.4855814e-01
   5.6855179e-01  -6.9607483e-01
  -1.9113893e-01   1.4929616e-01
   2.3724017e-01   8.1437917e-03
  -1.1449733e-01   3.6307552e-01
   1.2079482e+00  -8.0393604e-01
  -3.4111855e-01   3.1823058e-01
   1.3213377e-01  -1.9340659e-01
   9.7589579e-01  -9.0960095e-01
  -1.6436465e-01  -1.4296685e-01
  -1.9217453e+00   1.9473309e+00
  -4.3016884e-01   1.0063335e+00
   1.9141801e+00  -1.8561257e+00
   1.2006608e-01   1.2727788e-01
   6.8940539e-01  -1.1030356e+00
   6.5148997e-01  -2.3990813e-01
   1.3766081e-01  -2.2187306e-01
   4.9828772e-01  -5.9789425e-01
   5.3977937e-02  -4.5756896e-01
   1.3144838e+00  -1.4487403e+00
  -8.0761365e-02   3.4697128e-03
   1.1128061e+00  -1.2827699e+00
  -4.9061571e-01   5.2297785e-03
  -1.0641338e+00   1.0478842e+00
  -1.7019896e+00   1.3370065e+00
  -1.7081540e-01   6.4850814e-01
  -7.2595988e-01   7.7726159e-01
  -2.4595346e-01   4.3054182e-01
   6.5080991e-01  -3.9148622e-01
   9.9198049e-01  -1.2302508e+00
  -2.4280574e-01  -4.0863010e-01
   7.9441974e-01  -6.9771592e-01
   1.0414992e+00  -1.3453225e+00
   1.4312510e+00  -1.2870512e+00
   1.7306953e-01  -5.7727625e-01
  -1.7573674e+00   1.4906706e+00
   3.0371607e-01   1.4913762e-01
   9.8468389e-01  -1.4255726e+00
  -2.1188802e-02  -2.1983149e-02
  -1.9408639e-02  -1.2349240e-03
   5.3510321e-01  -7.6173240e-01
   9.3107959e-01  -5.4832214e-01
   2.9029274e-01  -6.9755456e-02
  -1.1941257e+00   9.7839090e-01
  -5.5778759e-01   2.7945130e-01
  -1.4197767e+00   1.6576032e+00
  -8.4198778e-01   6.2166716e-01
  -1.1567312e-01  -3.7542481e-01
   1.9841133e+00  -2.0939777e+00
   1.6056020e+00  -1.6537700e+00
  -1.4662729e-01   1.7434460e-01
  -1.1721810e+00   1.1651177e+00
   1.4268345e+00  -1.2038114e+00
   5.2018903e-01  -8.5670006e-01
   1.4052363e-01  -4.8128672e-01
  -1.1264919e+00   9.3111885e-01
   8.7226782e-02   1.2008540e-01
   7.3039102e-01  -4.9926082e-01
   4.0423509e-01  -4.0050436e-01
   2.1399238e-01  -4.1098390e-01
  -2.9399685e-02   4.0531479e-01
   9.3516601e-01  -7.9394194e-01
   1.5861950e-01  -5.5585091e-02
   3.4991681e-01  -6.4029464e-01
   7.2652818e-01  -7.0145052e-01
   3.9842644e-01  -2.9161167e-01
  -1.1504760e+00   1.5168734e+00
  -1.7999666e-01  -6.1296197e-02
  -1.2313108e+00   1.0002777e+00
  -8.7208700e-01   6.7452806e-01
   1.8874874e-01  -2.5857655e-01
   3.2775826e-01  -5.6302672e-01
  -1.9198937e-01   5.9242813e-01
   6.6405365e-01  -4.4292848e-01
  -7.9999276e-01   1.1129467e+00
  -1.1179209e+00   7.3550442e-01
  -1.7291755e+00   1.5799467e+00
  -5.3771759e-01   9.2526754e-01
  -2.3668163e-01   3.4390799e-01
   3.0768069e-01   9.0066626e-02
   1.3343705e-01  -1.4251617e-01
  -4.2361573e-01   5.8656908e-01
   2.8838240e-01  -8.2332812e-01
  -1.3020249e+00   1.1027495e+00
  -2.5159160e-01   1.6240312e-01
   7.4030385e-02  -1.1484774e-01
  -2.7502985e-01   4.1668395e-01
   2.8690940e-01   3.2174149e-01
  -1.8758214e+00   1.5489110e+00
   1.1527606e+00  -6.2666163e-01
   4.3078353e-01  -1.2839236e-01
   1.2244493e+00  -1.2212151e+00
   7.9088232e-01  -7.3629163e-01
  -7.9918337e-01   5.6420207e-01
   3.2617162e-02   3.8672684e-02
   3.2644664e-01  -5.0735234e-01
  -5.5188605e-01   6.9900870e-01
   7.2669693e-02  -1.4079619e-01
  -4.0468999e-01   1.6199974e-01
  -7.2935973e-01   1.0508453e+00
   7.2189749e-01  -3.6249516e-01
   1.8131020e+00  -1.8381369e+00
   2.5853074e-01  -6.3304816e-01
  -6.5600881e-01   2.5822320e-01
   1.7656546e+00  -1.7326391e+00
  -2.2966098e+00   1.8051082e+00
  -5.3371672e-01   5.9713806e-01
   1.2375372e+00  -1.5164147e+00
   1.8462515e+00  -1.5515751e+00
  -4.9548676e-02   2.0944473e-01
   1.7092773e+00  -1.2294990e+00
   5.6704690e-01  -2.8326781e-01
   9.1512891e-01  -6.7037128e-01
  -4.7628058e-01   2.5944625e-01
  -1.2832347e-01  -3.5110817e-01
   1.3594392e+00  -1.3603273e+00
  -2.6804261e-02   3.7460466e-01
  -7.0324279e-01   8.2818776e-01
   9.2336099e-01  -1.1999448e+00
   7.7790602e-01  -7.3793711e-01
  -1.7004782e+00   1.5119772e+00
  -2.3219728e-01   3.2386976e-01
  -2.2566260e-01   4.6444206e-02
  -1.0883808e+00   7.8007714e-01
  -6.1696345e-01   8.7621427e-01
  -4.8694653e-01   2.9712164e-01
  -1.4127632e+00   1.3324033e+00
  -1.5822061e-01   4.0333392e-01
   2.1681018e+00  -2.0811123e+00
  -9.0618286e-03  -9.5622900e-03
  -4.3496743e-01   6.7474832e-01
   6.0324319e-01  -5.8299416e-01
  -4.4359545e-01   3.4904271e-01
   4.2034822e-02  -1.9323120e-01
  -1.3828099e+00   1.1661678e+00
  -1.9697221e-01   2.1919773e-03
  -5.1100141e-01   5.9714797e-01
  -6.2737040e-01   9.9968695e-01
   1.0183707e+00  -1.3018613e+00
   4.7185749e-01  -7.9253672e-01
   1.5155521e+00  -1.6881295e+00
  -3.4180898e-02  -2.7049122e-02
  -3.2533624e-01   2.0474156e-01
   1.5714327e+00  -1.6061945e+00
  -7.6149115e-01   6.3865373e-01
   1.9251342e+00  -1.9147643e+00
  -2.3982335e-01  -5.3406338e-02
   1.7596596e-01  -3.3996415e-01
  -4.0692444e-01   5.0503936e-01
   6.7103005e-01  -6.8247628e-02
  -3.7749007e-01   1.8653873e-01
   1.7047738e-01   1.2040682e-01
  -2.9295746e+00   2.3536805e+00
   4.3768540e-02  -1.4841853e-02
   7.4340228e-01  -6.4753741e-01
   6.3455794e-01  -4.0004347e-01
  -9.5778446e-02   3.5143987e-01
  -5.2402125e-01   4.9102404e-01
   5.0067615e-01  -6.3924893e-01
  -1.3752345e+00   8.3694837e-01
   9.4935924e-01  -4.5189730e-01
  -7.6590680e-03   4.5206584e-02
   1.0964503e+00  -6.6096083e-01
   8.8604926e-01  -8.3745674e-01
  -8.6720771e-01   7.1805275e-01
   1.1568620e+00  -9.6705497e-01
   2.1753636e-02  -1.3040714e-01
  -2.2094327e+00   1.7027172e+00
   7.6011042e-01  -7.7247543e-01
  -9.7452761e-01   1.2688258e+00
   1.3836410e-02  -3.2918787e-02
   1.1363163e-01  -3.7471380e-01
  -1.6125472e+00   1.7631140e+00
   9.3698303e-01  -7.0214065e-01
  -8.0876787e-01   3.3086471e-01
  -4.9602238e-01   5.7610829e-01
   1.9761629e+00  -1.5457944e+00
   5.6144225e-01  -3.6395458e-01
   2.2869025e+00  -2.4058292e+00
  -7.4550992e-01   8.0482399e-01
   2.7972247e-01   1.5260122e-01
   3.2925063e-01  -4.1321331e-01
   3.9578131e-01  -1.9827893e-01
  -1.1635497e+00   8.0577069e-01
   6.5284365e-01  -3.7864229e-01
   2.8255188e-01  -1.6488646e-01
   2.6689448e-01   3.6180523e-02
   2.0062347e+00  -1.7969049e+00
  -9.6620142e-01   1.0735924e+00
  -8.6543860e-01   1.0445789e+00
  -8.0843360e-01   1.0296581e+00
  -2.7400037e-01   7.9508217e-01
  -8.9990246e-01   1.4088936e+00
   1.9700287e+00  -1.8470340e+00
   6.1253942e-01  -3.7214963e-01
  -4.5558673e-01   1.5247095e-02
   4.5230193e-01  -7.6389918e-01
  -2.4442817e-01   1.8411765e-01
  -1.3591688e+00   1.3013176e+00
   2.0418605e+00  -2.1552939e+00
  -1.6117477e+00   1.4782585e+00
   5.3580473e-01  -5.5249320e-01
   1.9497907e-01   3.5014212e-01
   3.8888938e-01  -2.4603584e-01
   3.6639071e-01  -3.9096757e-01
   2.4157865e+00  -2.6289099e+00
   5.5520780e-01  -9.4020134e-01
  -1.7592643e+00   1.4448583e+00
   7.4640381e-01  -1.2361189e+00
   6.3131691e-02  -2.9946867e-01
  -7.8910880e-01   7.4957461e-01
  -1.6884966e-01   1.0160403e-01
  -9.2541812e-01   1.2610543e+00
  -1.1260224e+00   1.2176608e+00
  -1.3430282e+00   1.3605129e+00
  -2.7651675e-01   4.1886506e-01
  -2.8152483e-01  -2.0951711e-01
   1.4032360e+00  -1.2444607e+00
   4.4149717e-02  -8.7310471e-02
  -5.7404684e-01   9.9134917e-01
  -5.4257148e-02   1.8182479e-01
  -1.7764128e+00   2.0818671e+00
   1.8513228e+00  -1.5975806e+00
   1.9753389e-01  -2.5269392e-01
  -8.5085296e-01   5.0311765e-01
  -1.2817834e+00   1.3692590e+00
  -4.0925271e-01   6.0133208e-01
   1.1058651e+00  -9.6825094e-01
  -7.9780971e-01   2.9064320e-01
  -3.0429923e-01   2.2474674e-01
   4.4403836e-01  -5.7108089e-01
  -2.2226204e+00   1.8737816e+00
  -4.4630224e-01   6.4421549e-01
   9.3300622e-01  -5.9162307e-01
   1.7567619e+00  -1.9572961e+00
   1.6010382e+00  -1.5584532e+00
  -6.0824514e-01   6.0751664e-01
  -2.3158712e-01  -3.1901903e-01
   1.4371152e+00  -1.5287853e+00
   6.0047194e-01  -6.7870217e-01
  -1.2049063e+00   1.4241176e+00
   3.5628192e+00  -2.7820384e+00
   3.6513971e-01  -5.1041980e-01
  -9.4273094e-01   9.4918540e-01
   1.6794792e+00  -1.5319268e+00
   1.1185106e+00  -1.0645957e+00
   5.9796230e-01  -4.4497437e-01
  -2.5222077e+00   1.9506581e+00
   4.6172378e-01  -6.1849462e-01
  -4.1740354e-01   8.6997391e-01
  -1.1970021e+00   1.0339300e+00
  -3.8683239e-01   2.5996816e-01
  -1.1212962e+00   1.2702287e+00
  -2.7371090e-01   2.7639090e-01
  -1.9226212e+00   1.7802041e+00
   3.7858107e-01  -2.8508755e-01
  -3.7367146e-01   2.5924231e-01
  -1.1723515e-01   7.0708699e-01
  -1.8156631e+00   1.6279297e+00
  -2.5668398e-01  -1.7873843e-02
  -2.8493362e-02  -2.1775069e-01
   1.3628400e+00  -1.6289163e+00
  -2.5729241e-01   6.8951682e-01
   2.6216145e-01  -4.8757489e-01
   9.2074185e-01  -5.5729749e-01
   1.8079214e+00  -2.1484952e+00
  -2.4285821e+00   1.8911359e+00
  -1.8961625e+00   1.9570782e+00
   8.1560767e-01  -6.3513860e-01
   1.1167904e+00  -1.3078326e+00
  -3.1197540e-01   5.9374752e-01
  -2.3782283e-01   5.7202151e-01
   6.4548203e-01  -3.0912791e-01
  -2.1834618e-01   4.4040176e-01
   3.2377174e+00  -2.9377341e+00
   6.9291004e-01  -8.3768031e-01
   1.1791845e-01  -4.7493225e-02
   1.3065434e+00  -9.9153324e-01
  -1.1231798e+00   1.1239823e+00
  -2.0729205e+00   1.8082729e+00
   1.8852800e+00  -2.4168655e+00
  -1.1691678e+00   1.5647839e+00
  -4.8115463e-02  -3.4788279e-01
   1.2114029e+00  -1.3643240e+00
   2.7289095e-02  -1.2341669e-01
  -1.0524839e+00   6.3436140e-01
  -6.2523043e-01   3.5631078e-01
  -1.9110047e+00   1.6453184e+00
   6.6789751e-01  -5.9259043e-01
   4.8202532e-01  -6.8184499e-01
  -3.7776270e-02   9.6395785e-02
  -4.7961844e-01   3.8912491e-01
   1.2582390e+00  -1.0707818e+00
   1.2701678e+00  -1.1961462e+00
   1.7262948e-01  -5.9613262e-01
   1.4730627e-01  -4.7552132e-01
   1.6699144e+00  -1.2355478e+00
  -1.7135255e+00   1.8029538e+00
  -3.3471757e+00   2.2434802e+00
  -3.2832235e+00   2.2694943e+00
   2.5675050e+00  -2.0058992e+00
   2.2761527e-02   3.0427619e-01
  -8.4257964e-01   7.2764907e-01
   9.1859360e-01  -1.2236674e+00
  -8.7798904e-01   1.0457318e+00
   8.4142924e-03   1.7453595e-01
  -8.8335349e-01   5.6123896e-01
  -8.1604339e-01   6.3061903e-01
  -4.2365084e-02   1.5462157e-01
  -3.0227079e-01   2.1650350e-01
   5.7645116e-01  -6.3057956e-01
   2.1985667e+00  -2.3167145e+00
  -2.8013293e+00   2.0438269e+00
  -1.7591934e+00   1.7628303e+00
   1.3723434e+00  -1.2341405e+00
   9.6687051e-01  -1.2471524e+00
  -1.7744612e-01   2.3707148e-01
  -8.3477356e-01   1.0925037e+00
   1.0232757e+00  -1.4039778e+00
  -1.0132434e+00   9.6394755e-01
   3.0329513e+00  -2.4437925e+00
   7.5520237e-01  -8.1360150e-01
  -1.7503802e-01   1.6163010e-01
  -4.8461181e-01  -1.7602812e-01
  -5.6131553e-01   6.0961120e-01
  -6.8456891e-01   5.0060716e-01
   6.1527027e-01  -3.3823064e-01
  -4.2060467e-01   1.4949962e-01
  -9.6645927e-01   8.5977289e-01
  -7.0258029e-01   5.5886930e-01
   1.9355446e+00  -1.9611251e+00
  -1.1049984e+00   1.1546183e+00
   6.6015600e-01  -6.3982909e-01
  -3.3908051e-01   5.5506655e-01
  -4.2244099e-01   3.6341334e-01
  -1.3096836e+00   1.5048184e+00
  -1.8853157e-01   1.1762309e-01
   2.7339851e-02  -1.7723115e-01
   1.9698893e-02  -8.0069273e-02
   1.9490360e+00  -1.3633171e+00
  -4.8742240e-01   1.6233319e-01
  -1.3741123e+00   9.8852355e-01
  -9.2742803e-01   1.3752839e+00
  -7.8688443e-01   7.9885038e-01
  -1.3870950e+00   9.9796688e-01
   3.9471600e-01  -3.3148793e-01
   2.7647042e-01  -6.0659766e-01
   6.7075521e-01  -8.0037085e-01
  -1.5629499e+00   1.3824683e+00
   3.5452800e-01  -5.3605554e-01
   7.2918563e-01  -7.8227593e-01
   4.3477923e-01  -5.9293963e-01
   5.8350508e-01  -5.0718867e-01
  -9.6893890e-01   8.4618187e-01
   1.3491149e+00  -1.3127711e+00
   1.2792810e+00  -1.8683220e+00
  -2.0237466e+00   1.8462715e+00
   4.9411972e-01  -5.8437047e-01
   9.7977198e-01  -6.4482104e-01
  -5.3890991e-01   7.7991433e-01
  -5.5156428e-01   9.8331610e-01
  -9.1856331e-02  -1.9387087e-01
  -3.1467481e-01   7.9152356e-01
  -5.6745858e-01   7.0641110e-01
  -1.0492763e+00   8.4342881e-01
  -4.6646890e-01   5.2153079e-01
   8.5156307e-01  -7.9133586e-01
  -1.5356731e+00   1.7922668e+00
   5.9443304e-01  -1.0515455e-01
   9.7463654e-01  -1.3170555e+00
  -3.0576347e-01  -1.4065009e-01
   1.0331195e+00  -1.3468215e+00
  -6.1112036e-01   6.8914462e-01
  -1.1374937e+00   1.2431229e+00
  -5.0250852e-01   4.0722426e-02
   1.6711608e+00  -2.0631652e+00
  -1.5932824e+00   9.1387402e-01
  -6.7163599e-01   5.0264711e-01
  -1.6198251e+00   1.3209146e+00
   1.2427579e+00  -8.9107410e-01
   2.5724075e+00  -2.0187823e+00
  -1.2951184e-02   4.2065941e-02
   9.7423364e-01  -1.0815216e+00
   1.7114275e-01  -1.8614217e-01
  -1.2521642e+00   1.2739991e+00
   4.0752727e-01  -6.0825001e-01
  -2.3243719e-01   5.6376413e-02
   1.6132176e+00  -1.6204109e+00
   1.0084468e+00  -9.2019884e-01
  -1.5225296e+00   1.4278098e+00
  -9.1272808e-01   5.4440796e-01
   7.8414411e-01  -4.3456974e-01
  -1.0412496e+00   1.0718873e+00
   1.3164077e+00  -1.2191772e+00
   7.6423365e-01  -1.2120297e+00
   5.6332084e-01   2.3297595e-02
   1.5297668e+00  -1.2604379e+00
  -7.5212250e-01   1.3024880e+00
  -1.0595175e+00   1.0087521e+00
  -8.1049599e-01   9.6719338e-01
   4.9421990e-01  -5.0518250e-01
  -9.9415165e-02   4.9757511e-01
  -1.1829493e+00   9.1356569e-01
   3.9360301e-01  -2.6866661e-01
   8.9582293e-01  -6.4819916e-01
   9.5135323e-01  -1.1740148e+00
   5.4486234e-01   8.0321078e-03
   2.6198634e-01  -1.8562353e-01
  -1.7032765e+00   1.7099317e+00
   1.1346019e+00  -9.9761012e-01
  -6.9056325e-01   3.6392874e-01
   2.5471379e-01  -3.4551969e-01
  -7.4400116e-02   2.8331882e-01
   5.6971129e-01  -2.9080394e-01
  -1.9502808e+00   1.6708247e+00
  -6.0017800e-01   6.4215832e-01
  -9.5935520e-01   7.5798575e-01
   9.7659335e-01  -1.0859495e+00
  -3.5528878e-01   7.2457852e-01
  -1.0638556e+00   1.2592491e+00
   4.6733950e-01  -4.9071688e-01
  -1.0864795e+00   9.6638060e-01
   3.9008948e-01  -2.6392535e-01
   7.3353105e-01  -1.0051195e+00
   1.2000243e+00  -1.4881808e+00
   4.8091163e-01  -5.6706868e-01
  -8.8327191e-01   8.9427911e-01
   1.2540174e+00  -1.3861989e+00
  -9.6376768e-01   1.0042329e+00
   9.9272392e-02   1.3875483e-01
  -1.0020019e+00   1.1431551e+00
  -1.4999464e+00   1.3528102e+00
  -6.2658254e-01   4.9503000e-01
   5.6344492e-01  -4.6227390e-01
  -3.4572975e-02   2.0065746e-01
  -1.5404416e+00   1.8588157e+00
  -1.2365566e-01  -2.7983254e-01
  -1.5455848e+00   1.4947766e+00
  -1.3589175e+00   1.1622105e+00
  -7.2000565e-02   1.1757569e-01
   1.2797037e+00  -9.0481955e-01
   1.1418937e+00  -6.7254925e-01
   3.9850804e-01  -6.6310392e-01
  -2.2149769e-01   2.2254375e-01
   7.5702097e-02   1.4307156e-01
   6.5264140e-01  -6.4423267e-01
   1.4570043e+00  -1.2704951e+00
   1.0038968e-01   7.3725938e-02
  -8.2041159e-01   6.1470918e-01
   1.8900099e+00  -1.8664610e+00
   6.5426959e-01  -8.6226395e-01
   1.5979278e+00  -1.5560662e+00
   1.4456690e+00  -1.8609621e+00
  -2.6885683e-01   5.5359971e-01
   2.7980770e+00  -2.4077362e+00
  -1.2645364e+00   1.2204208e+00
  -2.3192974e+00   1.7873101e+00
  -4.4196086e-01   8.1000420e-01
  -4.1685247e-02   1.6422627e-01
   2.0798061e+00  -1.9192371e+00
  -5.0818304e-01   3.2664904e-01
   2.2525698e-01  -3.7750548e-02
   1.4379769e+00  -1.5461130e+00
   8.6867480e-01  -1.0832519e+00
  -4.6514260e-01   2.2851046e-01
  -1.1873205e+00   6.6067446e-01
  -2.7981222e-01   2.1814972e-01
   1.9164278e+00  -1.8486571e+00
  -1.2365901e+00   1.2700317e+00
  -9.8181109e-01   1.2475075e+00
   1.1826428e+00  -1.1541598e+00
  -1.2248344e+00   1.0827175e+00
   1.2954928e+00  -9.8406821e-01
   1.8906657e-01  -3.9554238e-01
   2.3614612e-01  -6.0203062e-02
  -5.2642027e-01   5.4286002e-01
   1.8569266e+00  -2.1508858e+00
  -4.7293015e-01   4.1910334e-01
  -1.3442838e+00   1.7504025e+00
   1.9100916e+00  -2.0898425e+00
   3.4653169e-01  -4.5862750e-01
  -5.3996300e-01   5.1265803e-01
  -3.6704067e-02  -3.0520920e-01
  -3.5851364e-01   4.0706866e-01
   5.0159269e-01  -4.3377163e-01
  -5.3640389e-02   4.9847312e-02
  -1.2050879e-01   3.9570759e-01
  -6.8075725e-01   6.7923421e-01
  -5.4312850e-01   5.8754524e-01
  -1.1451494e+00   1.1317326e+00
   7.9757244e-01  -1.0724701e+00
   4.6986937e-01  -7.2178078e-01
   5.4099309e-02   4.6391828e-01
  -2.5843584e-01   2.9985103e-01
  -1.0137486e+00   9.7089596e-01
   1.5064109e+00  -1.6975217e+00
   1.3314153e+00  -5.2389377e-01
   1.5655719e+00  -2.1485872e+00
   3.6674306e-01  -3.1227181e-01
  -3.1094637e-01   5.5484255e-01
  -1.1773541e+00   9.3309437e-01
  -9.4090424e-01   5.0990899e-01
   4.9260387e-01  -3.8202570e-01
  -2.6888297e-01   3.4908831e-01
  -3.9615452e-01   4.3316025e-01
   2.0357458e-01  -3.8725780e-01
  -5.2194550e-02  -1.2021044e-02
  -7.3625207e-01   1.2965586e+00
  -6.4617746e-01   6.5163288e-01
  -1.6638745e-01   6.6330461e-01
   5.2897960e-01  -6.0550783e-01
   1.2479772e+00  -1.2338164e+00
  -1.2575677e+00   1.0439468e+00
   2.9501422e-01   7.6400169e-02
  -4.7566963e-01   9.8942344e-01
   2.2638399e+00  -2.0482031e+00
  -6.4597755e-02  -2.9254933e-01
  -1.3008900e+00   1.5434582e+00
   4.4324891e-01  -3.2034626e-01
   2.3751699e+00  -2.2796960e+00
  -8.9159415e-01   1.1024390e+00
  -4.3772890e-01   4.2384208e-01
  -1.3154928e-02   1.5744179e-01
   9.7865514e-01  -3.6130630e-01
   5.6636707e-01  -4.9001450e-01
   8.5494719e-01  -8.2450008e-01
   6.6788895e-01  -5.0035058e-01
  -3.3883405e-01   1.1741125e+00
   2.2324849e+00  -2.3346598e+00
  -9.6993834e-02   1.9560625e-01
   9.0689623e-01  -9.7912495e-01
  -5.9466361e-01   1.1375495e+00
   4.1213069e-01  -4.5875267e-01
   1.1058857e+00  -1.0057466e+00
   6.6026874e-01  -4.3125717e-01
   5.2178138e-03   9.3462327e-02
   1.5712978e+00  -1.3153893e+00
   3.7431686e-01   1.7451065e-01
  -2.8972868e-01   3.2912066e-01
   2.1216456e+00  -2.1430345e+00
  -9.2768671e-01   7.9150361e-01
   2.9759182e-02  -2.0031589e-01
   7.4097698e-02  -1.0855494e-02
  -2.5580898e-02   1.0561628e-01
   3.3684127e-03  -3.2152909e-01
   6.7546665e-01  -6.1248941e-01
   4.5646861e-01  -2.7424781e-01
  -7.5920900e-01   8.4072759e-01
  -1.1345613e+00   1.1919576e+00
  -7.8218065e-01   7.8582320e-01
  -2.1188555e+00   2.1215614e+00
  -6.5370044e-01   5.9588020e-01
   7.7445980e-01  -8.2244113e-01
   9.7091471e-01  -4.2288443e-01
   2.8301430e-01   2.3544439e-01
   3.8079186e-01  -5.0254432e-01
  -1.7500106e+00   1.7523383e+00
  -1.0654450e+00   1.0381475e+00
   1.4416023e+00  -1.0463747e+00
  -9.8180140e-01   4.9991503e-01
   5.4708143e-01  -7.0059003e-01
  -6.5360827e-01   9.8896788e-01
  -4.1567374e-01   5.1364083e-01
  -1.0196799e+00   1.0924621e+00
  -8.9033283e-01   8.1006130e-01
  -9.9475062e-01   7.4521152e-01
   1.5068861e+00  -1.3072149e+00
  -1.2759403e+00   1.0288160e+00
  -2.2298566e+00   1.5454093e+00
   1.3366173e+00  -1.2751760e+00
  -5.4156746e-01   2.2510411e-01
   6.8459507e-01  -6.3234298e-01
  -4.1486510e-01   2.1895985e-01
  -1.2112588e+00   1.2575518e+00
   3.0414501e-01  -5.3102422e-01
  -2.0180616e-01   8.0559818e-02
   5.8343987e-01  -5.9011110e-01
  -8.4597787e-02   2.9308801e-01
   9.8796365e-01  -1.1407227e+00
   5.8118010e-01  -9.2043894e-01
  -6.1894377e-01   5.5920329e-01
   5.3042451e-01  -4.6629258e-01
  -8.9278122e-01   8.5966723e-01
  -1.3771829e+00   1.2202107e+00
  -1.8888282e-02  -8.5535888e-02
   1.0592505e+00  -4.9241112e-01
  -5.0897518e-01   8.8473064e-01
   1.3954931e+00  -1.3685260e+00
  -1.4435891e-01   4.3538946e-01
  -6.9035848e-01   6.2161586e-01
  -7.8193120e-01   9.9853639e-01
  -6.0868935e-01   3.5912919e-01
   1.0901725e+00  -1.5785013e+00
  -2.6451303e+00   1.7213535e+00
   1.8349496e+00  -2.1315343e+00
   1.4012273e+00  -1.8824416e+00
  -9.6256660e-02  -3.1877888e-01
   8.3045826e-01  -8.0661838e-01
  -2.1482900e-01   1.9841123e-01
  -1.2177450e+00   1.4055267e+00
   9.9157136e-01  -1.3182829e+00
   4.7864312e-01  -5.9198214e-01
   1.1487385e+00  -1.5856549e+00
   6.1391823e-01  -1.0838519e+00
  -1.6190484e+00   1.3194005e+00
  -9.0599009e-01   1.0279239e+00
   4.8661539e-01  -3.7287802e-01
   7.9000231e-01  -8.2398254e-01
   3.3568525e-01  -2.6149483e-01
  -1.0675321e+00   6.6269545e-01
   6.7736963e-01  -5.6672477e-01
  -1.4231211e+00   1.5196149e+00
   2.1696281e+00  -1.9734947e+00
  -1.1848957e+00   1.1344065e+00
  -6.8647475e-01   7.6111949e-01
  -2.1816328e+00   1.9443142e+00
   3.3228096e-01  -2.4165449e-01
   5.1063950e-03  -1.5603504e-01
  -1.2980430e+00   1.1369875e+00
  -9.6105076e-01   1.1709589e+00
  -1.6121523e-01   3.6904882e-01
  -1.1230265e+00   1.1324920e+00
   3.4143271e-01  -1.5147147e-01
  -6.1029500e-01   6.6006743e-01
  -4.7909079e-02   1.3235734e-01
  -7.0625256e-01   9.3617577e-01
   2.2428853e+00  -2.0326317e+00
   4.3647304e-01  -5.5941058e-01
  -6.7907277e-01   7.2143490e-01
   4.0912199e-02  -2.2240015e-01
  -7.1766460e-02   2.3186173e-01
   1.9981185e-01   1.1989471e-01
   2.1905520e-01  -3.2532842e-01
  -5.0719732e-01   2.5570358e-02
  -3.8588800e-01   6.6869323e-01
   1.8498364e+00  -1.9104572e+00
  -1.7517339e+00   1.5432473e+00
