  -5.5567828e-02  -4.8782933e-01
  -5.8364664e-01   7.7771047e-01
   5.2523191e-01  -1.1721731e+00
   8.8694458e-01  -1.0130217e+00
  -1.3062978e-01   2.0586569e-01
   1.1449738e+00  -7.9777571e-01
   8.8327796e-01  -8.4652664e-01
  -1.0421624e-02  -5.0008700e-01
  -5.2945056e-01   3.5996577e-01
  -1.0610378e+00   1.3255010e+00
  -3.5051907e-01   1.8394086e-01
   1.0505257e+00  -7.2862336e-01
  -7.9305763e-01   1.0954069e+00
  -5.6188309e-01   4.5901789e-01
   4.8626999e-01  -8.3542209e-01
   7.9140588e-01  -8.2237075e-01
   4.7473135e-01  -8.9632212e-01
   2.4701000e-01  -6.6390804e-01
  -7.6714023e-01   6.1144625e-01
   3.1431327e-01  -8.2196802e-01
  -5.5625925e-01   3.9060242e-01
  -1.6767848e+00   1.6518884e+00
   1.4638503e+00  -2.2908106e-01
   1.7496571e+00   1.0441053e-01
   2.0863933e-01  -6.4014408e-01
   6.6947151e-01  -9.2110672e-01
   2.2536888e-01  -8.0792592e-01
   1.0935402e+00  -5.4991545e-01
  -5.5395591e-01   6.1074255e-01
  -3.1781964e-02  -6.9345188e-01
   1.7369593e-01  -7.5433645e-01
  -2.1845194e-02  -2.6127096e-01
   7.6675597e-01  -1.0405496e+00
   3.2010177e-01  -1.0282029e+00
  -5.0843333e-01   4.8114069e-01
   8.9480697e-01  -1.0654478e+00
   2.2811183e-03  -4.4924837e-01
  -1.0761669e+00   1.3088554e+00
   1.5158187e+00  -3.3557404e-01
  -3.9073250e-01   6.7805460e-03
  -6.3568318e-01   6.1869816e-01
  -3.0980599e-01  -2.1988485e-01
  -2.2981437e-01  -1.4084997e-01
  -3.6805474e-01  -5.8438348e-02
   1.2758821e+00  -5.1284281e-01
  -1.1055424e-01  -4.8749933e-01
   5.4725149e-01  -1.0215547e+00
   7.7791760e-01  -1.0150350e+00
   4.4053086e-01  -8.9943438e-01
   1.6428830e+00   5.1216074e-01
  -1.4612496e+00   1.8322759e+00
   7.8847806e-01  -9.5473527e-01
   1.7647647e+00   6.3325403e-01
   1.1917942e+00  -9.5103129e-01
  -1.6016623e+00   1.8819161e+00
  -5.9766728e-02  -2.0788876e-01
  -7.8726816e-01   6.1741791e-01
   1.6065225e+00  -1.1063550e-01
  -7.8569962e-01   7.8769149e-01
   1.2054953e+00  -7.3259967e-01
  -6.9190417e-01   4.7564219e-01
   8.9816858e-01  -9.5790873e-01
   3.8538996e-01  -8.8911784e-01
  -5.1075455e-01   7.9106054e-01
  -1.7767813e+00   2.0311668e+00
  -7.5372907e-01   1.0619202e+00
  -7.7407687e-01   9.1645676e-01
   6.6288742e-01  -1.0416029e+00
   2.2761571e+00   1.3945027e+00
   2.0423929e+00   7.8646637e-01
  -1.4027932e-01  -7.9416060e-02
   6.9601288e-02  -5.8497167e-01
  -4.0073624e-01   1.4280599e-01
   8.9345519e-01  -1.0551520e+00
   8.2746285e-01  -1.0632065e+00
   6.5726833e-01  -1.2203771e+00
   4.8590690e-01  -1.1300044e+00
  -1.6841467e+00   2.1433837e+00
   8.1843056e-01  -9.9540202e-01
  -8.7044905e-01   1.5218152e+00
   5.1896740e-01  -7.3484965e-01
  -4.9204144e-01   2.9877306e-01
   5.9648555e-01  -1.1367306e+00
   1.2737782e+00  -5.5887937e-01
  -1.7565509e-01  -2.8849180e-01
   9.8315123e-01  -8.7648265e-01
   2.3404484e+00   1.6110881e+00
  -7.9775660e-01   1.1094057e+00
   6.7926921e-01  -1.1776167e+00
  -3.7098020e-01   4.0529207e-01
   7.7007340e-01  -1.0120948e+00
  -2.6484906e+00   1.5274055e+00
  -9.3862747e-02  -3.3321540e-01
   2.4737107e-02  -2.8887819e-01
  -3.8354644e-01  -2.4611588e-01
  -1.2625158e+00   1.7861409e+00
   4.9981727e-01  -1.0873511e+00
   1.2577576e-01  -6.7929627e-01
  -8.4716850e-01   1.3919410e+00
   4.2313921e-01  -9.5645857e-01
  -2.1711635e+00   2.2354816e+00
  -1.2107829e-01  -4.3427820e-01
  -1.9862956e+00   2.1127935e+00
   7.5913816e-01  -9.1643329e-01
   1.4395326e+00  -5.8857553e-01
   1.2020233e+00  -9.7509362e-01
   6.0338182e-01  -1.0048832e+00
  -5.9072818e-01   1.7861719e-02
  -1.1767512e+00   1.6536355e+00
   1.7971509e+00   4.6157545e-01
  -2.7497092e-02  -4.3603607e-01
  -8.0433127e-01   1.0344184e+00
  -1.1055770e+00   1.6899661e+00
   4.8030718e-02  -6.5304649e-01
  -2.7497092e-01   9.6771715e-02
   2.0588231e-02  -2.2304951e-01
   4.7867849e-01  -9.4888947e-01
  -1.3437197e+00   1.9249511e+00
   5.6935333e-01  -1.1166928e+00
  -1.8256931e-01  -1.4694003e-01
   6.7906875e-01  -7.8974962e-01
  -9.8443479e-02  -1.1216711e-01
   6.7183608e-02  -6.7700152e-01
  -1.8276373e+00   1.9344659e+00
   2.1545269e-01  -8.6822472e-01
  -4.6031449e-01  -1.0101798e-02
  -1.0767618e+00   1.4447106e+00
   5.3253698e-01  -9.2836310e-01
   1.3895180e+00  -7.2437755e-01
  -2.3458829e-01  -4.1980773e-01
   3.2145959e-01  -9.8029142e-01
  -1.9759611e-02  -1.5055215e-01
  -1.9671343e+00   1.4773082e+00
  -6.5501770e-01   3.9207981e-01
  -3.0210780e-02  -3.6501994e-01
   2.5701119e+00   2.1109372e+00
   1.7714760e-02  -6.9922946e-01
   6.4991248e-01  -1.0941674e+00
  -7.5572295e-01   9.5113354e-01
   3.7019621e-01  -1.0779253e+00
  -1.4727340e+00   1.9691850e+00
  -9.3835823e-01   1.3606157e+00
  -7.4296349e-01   9.8432679e-01
  -1.5600844e+00   1.8720779e+00
   1.0668948e-01  -5.5557581e-01
  -2.3572388e-01   1.8149740e-02
   1.2270331e+00  -5.1601480e-01
  -4.6646129e-01   3.8411334e-01
   4.5589137e-02  -4.1529951e-01
  -1.3859310e+00   1.4707566e+00
  -2.6501832e-01   1.0523094e-01
   1.2780884e+00  -8.5806691e-01
   1.3197956e+00  -6.6865739e-01
  -1.2045297e+00   1.5729626e+00
  -1.1408886e+00   1.1322966e+00
  -2.8026366e+00   1.2138936e+00
  -1.9864463e+00   1.9335301e+00
  -2.2202226e-01  -7.6424720e-01
  -1.0252711e+00   1.5227721e+00
  -1.3942246e-01   1.1287453e-01
  -7.3590683e-01   6.4030780e-01
   1.3757694e+00  -7.2697153e-01
   6.0872046e-03  -2.3155960e-01
   4.6398412e-01  -1.1111668e+00
  -1.0350878e+00   1.2857255e+00
   1.1036422e+00  -1.0907756e+00
   1.2565866e+00  -6.7193111e-01
   1.0237807e+00  -1.0211904e+00
   4.2353108e-02  -3.5849308e-01
   1.4862618e+00  -4.5819146e-01
   2.5860590e-02  -6.8370656e-01
   5.1850904e-01  -1.2409992e+00
  -6.1176735e-01   7.4263291e-01
  -2.0483972e-01   1.6671151e-02
  -2.4996149e-01   1.8997455e-01
  -2.1484233e+00   1.8010106e+00
  -3.4660617e-01   5.9806807e-01
  -1.0287012e+00   1.3926023e+00
   1.0738014e+00  -1.2075884e+00
   2.7172567e-01  -1.0086130e+00
  -7.2192421e-01   6.5198589e-01
  -7.5356257e-01   8.4875582e-01
   1.4806471e-01  -4.2107980e-01
   1.6558043e+00  -2.9536175e-01
  -7.9608018e-01   6.9212450e-01
   1.0153341e+00  -1.0575633e+00
  -3.6448274e-02  -6.9090603e-01
  -1.2995409e-01  -2.1433190e-01
  -1.2339849e+00   1.4014131e+00
  -2.6393145e-01  -1.8632549e-01
  -1.7733413e+00   2.0237194e+00
  -4.7772701e-01   3.5494575e-01
  -1.1772862e-01  -5.9831558e-01
  -1.6386712e-01   2.2570854e-01
  -1.6734857e+00   1.8860234e+00
   1.7610917e-01  -3.2883428e-01
  -1.3356810e+00   1.5828293e+00
  -3.6755457e-01  -3.3492504e-01
   6.5341559e-01  -1.1505971e+00
  -4.6357522e-01   1.0250827e-01
  -7.7339310e-01   1.0073933e+00
  -1.2849255e+00   1.3256281e+00
  -6.9709852e-01   6.2503251e-01
  -4.7223395e-02  -3.6270253e-01
   1.3593678e-01  -7.1157877e-01
   3.8017813e-01  -7.6190983e-01
  -7.3723768e-01   8.2981320e-01
  -1.9557182e-01  -1.5641567e-01
  -2.9067749e-01  -1.5834355e-01
  -3.9050897e-02  -7.8282273e-01
   1.3902942e-01  -7.6125858e-01
  -9.5197609e-01   1.0602599e+00
   8.3309219e-01  -1.0338663e+00
   2.4169675e+00   2.0167778e+00
  -3.3949002e-01   4.2366859e-01
   1.7957758e+00   5.3343121e-03
   1.2223110e+00  -5.2973263e-01
  -1.8041585e+00   1.7995314e+00
   7.1136536e-01  -9.4900891e-01
  -7.1829265e-02  -3.1484290e-01
   4.9120026e-02  -9.5328556e-01
   1.0131196e+00  -7.8084696e-01
  -1.1563074e+00   1.3701560e+00
  -2.3513147e-01  -2.0641676e-01
  -9.7381166e-01   1.6476211e+00
  -2.1705111e+00   2.3251123e+00
   7.1567932e-01  -1.1729988e+00
  -7.7489108e-01   8.1607877e-01
  -1.7226883e-01  -5.4764483e-01
   2.8880202e-01  -1.0250873e+00
   7.6263501e-01  -1.3389363e+00
   5.5071954e-01  -1.0697414e+00
   2.2022762e-01  -8.0491531e-01
   2.8752250e-01  -9.9259677e-01
  -5.5923228e-02  -1.7502085e-01
   1.3628408e-01  -8.1539876e-01
   2.8234638e-01  -7.5253889e-01
  -9.9218467e-01   9.5809970e-01
  -1.2429138e+00   1.4687647e+00
  -7.0196680e-02  -2.1828955e-01
   2.1923438e-01  -6.5751226e-01
   9.3539437e-01  -8.1169001e-01
   5.7410139e-02  -5.4281894e-01
  -2.2885932e-01   1.7576151e-01
   1.0156943e+00  -8.5899538e-01
  -1.1910949e+00   1.6218727e+00
  -9.1121730e-01   1.1011471e+00
   1.6875978e-01  -9.4703595e-01
   3.3684864e-01  -9.6443279e-01
  -2.3095607e-01  -4.1391594e-01
  -4.4366285e-01  -1.1640557e-01
   1.8028126e+00  -3.9040945e-01
  -2.2283411e-01  -3.6283482e-01
   1.0656423e-01  -1.0311261e+00
  -1.4629448e+00   1.7327500e+00
  -5.8936222e-02  -6.0715739e-01
   7.8991148e-03  -6.3334583e-01
   9.6870298e-01  -1.0496700e+00
   2.9287827e+00   2.9047569e+00
   2.7042287e-01  -5.3724679e-01
  -1.8344103e+00   2.0906534e+00
  -8.9665608e-01   1.0027130e+00
  -4.1516125e-01   2.7939170e-01
  -1.5205659e+00   1.5330950e+00
   9.4036963e-02  -6.1878938e-01
   1.1486716e+00  -8.6686360e-01
   5.1758001e-01  -1.0190490e+00
  -1.8479066e+00   2.0328641e+00
  -3.8669288e-01  -2.7455925e-01
  -2.2546373e-02  -3.3404616e-01
   4.4063270e-01  -9.1971519e-01
  -3.2838662e-02  -7.9721460e-01
   1.9931591e-01  -6.5565786e-01
  -1.9349756e+00   1.9498362e+00
   2.8668788e-01  -6.4758535e-01
  -1.9754288e-01  -4.4007614e-01
   1.5909297e-01  -6.4478908e-01
   4.4390091e-01  -9.1414771e-01
  -3.5235823e-01   3.6077253e-01
   1.4600962e-01  -8.6135627e-01
   3.2503977e-01  -7.8403060e-01
   5.6317332e-01  -8.2197693e-01
   9.2788843e-01  -9.8764660e-01
  -5.2060286e-01   4.6578111e-01
   7.2394017e-01  -8.3473203e-01
  -2.0010201e+00   1.9231267e+00
   1.5044252e+00  -4.8083910e-01
   1.1076377e+00  -1.0671485e+00
  -9.3456301e-01   1.0672199e+00
   2.6121994e-02  -1.0647669e+00
   7.7007410e-01  -1.1040092e+00
  -5.9250215e-01   6.1234625e-01
  -2.9582543e-01   1.0702754e-01
  -1.0844815e+00   1.0816074e+00
   4.8593503e-01  -9.4050865e-01
   2.1905795e-01  -6.6858331e-01
  -4.5202888e-01  -6.5324307e-02
  -1.1936254e+00   1.2894585e+00
   1.9949756e-02  -3.2793865e-01
   5.9147292e-01  -1.0194219e+00
   6.9085872e-01  -1.0622944e+00
  -1.6989239e+00   1.9091473e+00
   1.4566271e+00  -4.5481801e-01
   8.9948313e-01  -8.0018345e-01
   1.7210501e+00   1.9532145e-02
  -2.5964460e-03  -2.5965423e-01
  -3.1425962e-01  -1.9298562e-01
   9.0513561e-01  -1.2391475e+00
   1.8184433e+00   3.2608121e-01
   1.5983961e+00  -1.1397360e-01
  -1.3621443e+00   1.7202997e+00
   1.7865199e+00   1.6298493e-01
   1.6239090e+00  -3.9541090e-01
  -7.4053082e-01   8.7094262e-01
  -7.2779499e-01   6.3772771e-01
   1.3838659e+00  -5.6035818e-01
   1.4697299e+00  -3.8315707e-01
  -3.7896670e-01   1.4718133e-01
   7.3449338e-01  -9.0707698e-01
  -3.6979774e-01   1.6146509e-01
  -1.3956439e+00   1.7219891e+00
   2.0497257e+00   7.2992089e-01
  -6.5310504e-01   5.1376892e-01
  -1.8519371e+00   2.2322999e+00
   6.0653681e-01  -9.8631481e-01
   1.6616405e+00  -3.3085723e-02
   6.8539712e-01  -8.9839964e-01
   4.2687828e-01  -8.6592466e-01
   8.5896061e-04  -5.5162840e-01
  -3.7123478e-01  -2.0824876e-01
  -5.5507993e-01   7.3071062e-01
   7.8829496e-02  -6.4409640e-01
  -2.5162725e-02  -2.9592750e-01
  -1.1205861e+00   1.5708096e+00
   1.5447727e+00   1.4016926e-01
  -3.4571583e-02  -4.1053570e-01
  -8.3483256e-01   6.9931593e-01
   8.9290556e-01  -1.2063993e+00
  -2.9796999e-02  -3.7559535e-01
   6.9105821e-01  -8.5994214e-01
  -2.3954627e-01  -1.0597199e-01
  -4.2343756e-01   1.4771246e-01
   7.0684845e-01  -1.1841588e+00
  -1.0212445e+00   1.3098019e+00
  -1.4532537e-01  -1.3197268e-01
  -1.2070896e+00   1.6126296e+00
  -5.8795737e-02  -8.7190853e-01
   1.4588425e+00  -5.4631541e-01
   1.1356098e+00  -6.9448733e-01
  -1.6600875e+00   1.8865969e+00
   4.9514720e-01  -9.6831941e-01
  -2.5469102e-01  -1.3723042e-01
  -3.1283907e-02  -4.5907308e-01
   5.3717560e-01  -1.0537468e+00
   2.5868010e-01  -7.2237023e-01
  -6.4480288e-01   6.9873440e-01
   2.0854424e+00   1.0361935e+00
   1.2181488e+00  -7.6761500e-01
   1.6059929e+00   2.5355556e-02
   2.0143117e-01  -8.9306559e-01
  -7.1874684e-01   7.3445431e-01
  -1.0073096e+00   7.3152707e-01
  -4.4781371e-01   1.3641657e-01
  -7.7860265e-01   6.4919263e-01
  -1.4158408e-01  -2.9474944e-01
  -1.2304850e+00   1.6042677e+00
   1.8750666e-01  -6.6962418e-01
   1.4776653e+00  -3.6162543e-01
   4.6392131e-01  -9.9762856e-01
   7.2026961e-01  -1.1738386e+00
   7.4549846e-02  -7.9512060e-01
   2.0378302e-01  -8.1637514e-01
  -3.2887351e-01  -1.3140231e-01
   1.1836940e+00  -8.7981781e-01
  -1.6549948e+00   2.3247696e+00
   6.0746668e-01  -9.9303424e-01
   1.7024182e-01  -9.4946475e-01
   1.3704700e-02  -7.7915156e-01
   2.1224761e-02  -4.8260859e-01
   6.2987960e-01  -1.0969553e+00
  -1.4825204e-01  -3.5233139e-01
   4.7139810e-01  -1.1086108e+00
  -2.6840469e-01  -3.0985708e-01
  -2.4484209e+00   1.7941202e+00
  -1.3865210e+00   1.7613188e+00
   6.6994800e-01  -1.0932238e+00
   3.0864854e-01  -6.9548823e-01
  -5.8752035e-01   5.8174425e-01
   4.5590141e-01  -9.5490776e-01
   4.3730366e-01  -7.9865791e-01
  -2.1985337e-01  -5.8671053e-02
   4.0858120e-01  -1.0076698e+00
  -8.5474014e-01   7.0245514e-01
  -2.9609035e-01  -3.0084196e-01
   3.1747976e-01  -6.9341793e-01
  -2.6350286e-01   2.1021009e-01
   3.6444120e-01  -8.9487939e-01
  -1.9823665e-01   7.6570194e-02
  -3.2256011e-01   2.9191730e-01
   5.1017965e-01  -1.0488703e+00
   3.5553531e-01  -5.7013952e-01
  -1.3629665e+00   1.6563539e+00
  -4.0878996e-01   3.2455461e-01
  -2.4411782e+00   1.7378055e+00
  -6.2207989e-01   3.1757336e-01
   1.4509155e+00  -2.3117743e-01
  -1.4420699e+00   1.8554733e+00
  -1.9940232e+00   2.5163375e+00
  -1.0508822e+00   1.3770973e+00
  -7.0715839e-01   8.1288866e-01
  -1.8156448e+00   1.8613971e+00
  -2.7861871e-01  -1.0543749e-01
  -5.1060058e-01   2.5269500e-01
  -1.0885652e+00   1.0845243e+00
   1.4585033e+00  -3.9241623e-01
   1.4998663e+00  -1.7401867e-01
   7.8215938e-01  -1.0629674e+00
   4.5683927e-01  -8.2292186e-01
   8.7327782e-02  -5.0519161e-01
   1.0766294e+00  -7.2454242e-01
  -2.7319571e+00   1.5311550e+00
   1.0598085e+00  -1.0641268e+00
   1.1640740e+00  -1.0413159e+00
  -5.4342469e-01   4.8214078e-01
  -2.1253165e+00   1.6841833e+00
   7.9013017e-01  -1.0404292e+00
   8.8787247e-01  -1.0482777e+00
   3.0997316e-01  -6.0777180e-01
  -2.2339114e+00   1.9195765e+00
  -2.5736708e-01  -2.5569671e-02
  -1.4161872e+00   1.5224180e+00
   8.4639937e-01  -8.8513749e-01
  -5.2951651e-01   5.7380519e-01
  -8.8680980e-01   9.9286872e-01
   7.9902641e-01  -1.0104571e+00
  -1.4213703e+00   1.5048716e+00
   9.8875807e-02  -6.2473747e-01
   2.5196963e-01  -6.5920425e-01
   9.9202361e-01  -8.5624674e-01
  -1.0501995e+00   1.2277702e+00
  -1.2188433e+00   1.2399431e+00
   4.4022768e-01  -1.0067881e+00
   1.5111273e+00  -1.7989310e-01
   2.8175111e-01  -1.0120734e+00
  -4.1188681e-02  -1.3113073e-01
  -7.2315071e-01   7.3531124e-01
   3.9982974e-01  -1.0174495e+00
   1.2359153e-01  -7.6943450e-01
   3.1718230e-01  -8.6637247e-01
   4.4375568e-01  -8.0258829e-01
  -4.7543575e-01   5.1287912e-01
   2.3558855e-02  -7.0277254e-01
   5.4448050e-02  -4.1449250e-01
   3.9254511e-01  -1.1222698e+00
   1.8186432e-01  -7.5062630e-01
   1.4495749e+00  -6.4134675e-01
   4.6130838e-01  -1.1471043e+00
   1.7870518e+00   1.4593664e-01
   3.6762060e-01  -8.1780754e-01
   1.5281918e+00  -5.1019419e-01
   8.9377594e-01  -9.8463200e-01
   9.4211096e-01  -1.0252726e+00
   5.9325849e-01  -9.9555332e-01
   3.0662807e-01  -5.8498330e-01
  -5.3271062e-01   6.6918007e-01
   4.1069127e-01  -8.8667432e-01
   1.0943065e+00  -9.3019889e-01
  -1.5807437e+00   1.9899025e+00
  -1.0266581e+00   1.0234855e+00
   1.9059681e-01  -1.1969970e+00
  -2.5395089e-01  -4.6627847e-01
  -1.0839922e+00   1.2074002e+00
  -4.8796769e-01   4.0770089e-01
   4.5710774e-01  -9.9747064e-01
   2.9045585e-01  -8.9062408e-01
  -2.4803259e-01   1.3743620e-01
  -1.6443801e-01  -6.0331631e-01
  -1.3544419e-01  -1.2652202e-01
   2.9208108e-01  -6.6364744e-01
  -3.2277025e-01   2.4233572e-01
   2.3367606e+00   1.1941714e+00
   9.9298536e-01  -1.0128385e+00
  -6.6479437e-01   7.4809760e-01
   9.5302762e-02  -4.6055949e-01
  -3.1539400e-01   2.2443088e-01
  -8.4556828e-01   7.8585488e-01
   3.1691214e+00   3.1196840e+00
  -5.2908024e-01   4.5290018e-01
  -4.9635443e-01   1.5626335e-01
  -1.1108543e+00   1.1578028e+00
  -2.0966631e+00   2.1186281e+00
  -2.5737861e-01  -2.6045349e-01
   3.6995503e-01  -9.8265526e-01
   2.2425208e-01  -6.8548090e-01
  -2.4765577e-01   1.1243283e-01
   5.6426939e-01  -9.0563135e-01
   4.3225894e-01  -1.1121365e+00
  -8.8362436e-01   1.2639154e+00
  -5.7992942e-01   4.3066230e-01
   4.2625426e-01  -1.0583371e+00
  -5.2438584e-01   5.8929066e-01
   6.7195475e-01  -8.5863882e-01
  -1.2480922e+00   1.5476624e+00
   1.0181522e+00  -9.7014628e-01
   7.0179607e-01  -1.1263840e+00
  -2.4217315e-01  -7.7917495e-02
   3.1263477e-01  -6.5775665e-01
   8.0788557e-01  -9.9065835e-01
  -1.5598524e+00   1.6819171e+00
  -1.1293042e+00   1.3007520e+00
   2.0482074e+00   1.4595783e+00
   4.2411873e-01  -1.0094773e+00
   7.7448010e-01  -1.1801783e+00
  -7.1841866e-01   6.9866791e-01
  -1.0712505e+00   1.3094405e+00
   3.3362614e-01  -1.0818352e+00
  -3.6900851e-02  -5.3355766e-01
  -9.4341689e-01   1.0168803e+00
  -2.5394487e+00   1.6089961e+00
   1.3602629e+00  -5.6342141e-01
  -5.5662303e-01   5.1196139e-01
   1.0401154e+00  -1.0384447e+00
   1.3462042e+00  -3.9277662e-01
  -3.6885279e-01  -3.6798184e-02
   5.4530822e-01  -1.1491989e+00
   2.6832256e+00   2.2403031e+00
  -1.6529136e+00   1.7504023e+00
   5.0106901e-01  -8.5159829e-01
  -5.5692579e-01   6.8995434e-01
  -7.6902148e-02  -3.8474206e-01
   9.6301584e-01  -1.0258329e+00
  -6.5242357e-02  -3.5970503e-01
  -4.6872180e-02  -4.6728382e-01
  -1.0864273e+00   1.4630889e+00
  -1.7210175e+00   1.8122207e+00
   1.0859334e-01  -7.4400319e-01
  -6.5749635e-01   6.2066672e-01
   2.4233116e-01  -7.2519115e-01
  -8.8564237e-02  -8.4010058e-02
   1.3059266e+00  -4.1626991e-01
  -6.4542631e-01   1.0052413e+00
   1.4800603e+00  -4.4205457e-01
   3.1555711e-01  -9.5342082e-01
  -2.8289621e-02  -4.7122361e-01
   7.1218436e-02  -6.7630735e-01
  -1.6653933e+00   1.7031990e+00
   1.0711821e+00  -1.0287604e+00
  -1.6592309e+00   1.8899392e+00
  -2.5455351e-01  -2.2397724e-01
   2.9591823e-02  -6.9201591e-01
  -1.3026483e+00   1.5327642e+00
   1.5612496e+00   8.7613602e-02
   7.8580314e-01  -9.9156768e-01
   1.9393065e+00   1.2856116e+00
   1.5003248e+00  -6.6901712e-01
  -2.2900567e-01  -3.1963378e-01
  -8.0627656e-01   7.5204935e-01
  -5.5172464e-01   3.5889971e-01
   9.1112047e-01  -1.1315062e+00
   7.0258803e-03  -5.6289459e-01
   1.3590438e+00  -5.2154189e-01
  -1.1925766e+00   1.6739590e+00
   4.2332105e-02  -6.5930085e-01
  -1.3806402e-01  -4.3642490e-01
   5.1353884e-01  -8.5175139e-01
   1.5051703e+00  -2.8300225e-01
   8.8024034e-01  -1.0812274e+00
  -4.1415544e-01  -1.5458704e-01
   7.8844337e-01  -8.6076641e-01
   3.5802453e-01  -9.0497221e-01
   1.5129356e+00  -3.6065161e-01
   1.3894803e+00  -5.5194565e-01
  -1.5946207e-02  -5.1003133e-01
  -1.5044375e+00   1.7808158e+00
  -7.5244054e-02  -4.7914538e-01
   1.1193551e+00  -6.4007517e-01
  -1.6097740e-01  -2.8376946e-01
   1.1005729e+00  -1.0435946e+00
   9.3860374e-04  -6.0623243e-01
   1.7831697e-01  -6.3210241e-01
  -1.0879315e-01  -3.6811534e-01
  -4.6965626e-01   2.5380608e-01
   1.0997868e-01  -8.8558614e-01
  -1.2781894e-01  -3.2913950e-01
  -8.1524405e-01   7.7069419e-01
  -5.0774182e-01   2.9676099e-01
   4.2974623e-01  -9.2458611e-01
  -2.4132362e+00   1.4409508e+00
  -3.3656239e-01  -5.0245390e-03
   3.2080266e-01  -8.9935814e-01
   4.2875372e-02  -2.1290728e-01
  -1.1509920e-01  -2.5661936e-01
   2.7925804e-01  -9.4187595e-01
   1.5654740e+00  -2.5423208e-01
   6.2288899e-01  -8.9204045e-01
  -5.6230292e-01   6.6355780e-01
   4.6209780e-01  -1.0603521e+00
  -5.0088127e-01   1.1178847e-01
   9.1939991e-02  -5.8221362e-01
  -2.5050379e+00   2.0852612e+00
  -5.2225025e-01   8.5146059e-01
   2.3485012e+00   1.5940462e+00
  -1.3443388e+00   1.5539547e+00
   9.0417263e-01  -1.0938260e+00
   2.7623716e+00   2.6121405e+00
   1.9278738e+00   4.1518232e-01
   4.3079606e-01  -9.6312398e-01
   1.0961009e+00  -6.9465900e-01
  -7.9644775e-01   7.0856151e-01
   1.2170608e+00  -5.4016930e-01
   1.1541826e+00  -7.9180812e-01
  -1.0547103e+00   1.3420082e+00
   5.5053604e-01  -9.9137582e-01
  -3.4903033e-02  -4.7123632e-01
  -3.7412934e-01   1.8413948e-01
  -1.5094096e+00   1.5074073e+00
  -1.3527383e+00   1.4733792e+00
  -2.0349050e+00   2.0219290e+00
   1.3969052e+00  -6.2937540e-01
   8.0690617e-01  -1.0968383e+00
   5.8740757e-01  -8.9754704e-01
   6.9092006e-01  -1.0821702e+00
  -1.1069209e+00   1.4772041e+00
   1.1560317e+00  -7.8521338e-01
  -1.4346024e+00   1.6982999e+00
   1.0237634e+00  -1.1417429e+00
   1.0591573e+00  -8.7884626e-01
   7.6264489e-01  -1.0614748e+00
  -1.7582368e+00   1.7547339e+00
   5.4753286e-01  -1.0135060e+00
   3.6757075e-01  -7.4654155e-01
   6.3748898e-01  -9.5483078e-01
   5.4012174e-01  -1.0824524e+00
  -9.1874994e-02  -3.9704976e-01
   2.4078999e+00   2.0073655e+00
  -1.3016050e+00   1.4599608e+00
  -4.2037837e-01   3.1844358e-02
   9.1649121e-01  -1.0691324e+00
  -8.2586037e-01   7.9270583e-01
   2.5403288e-01  -8.2350101e-01
  -9.3726756e-02  -3.8118534e-01
  -1.7324771e+00   1.3904811e+00
   3.0465064e-01  -8.9125454e-01
   7.1149133e-01  -1.1048586e+00
   2.5909014e-01  -6.1461187e-01
   9.3133981e-02  -6.0622151e-01
   1.0865234e+00  -9.9744251e-01
  -2.3887913e+00   1.8473235e+00
  -2.0134724e+00   1.7669439e+00
  -1.5198746e+00   1.9229950e+00
   4.4418589e-01  -9.9066348e-01
   2.2333467e-01  -3.0066208e-01
  -4.4910464e-01   3.6176339e-01
  -1.9682937e+00   1.9257498e+00
   9.1719462e-01  -1.0702674e+00
  -1.5350985e+00   2.0960795e+00
   7.1370824e-02  -6.2864958e-01
   9.4511630e-01  -1.1448354e+00
  -2.1954537e-01  -5.0630853e-02
   1.0028588e-02  -6.2862905e-01
  -5.5390668e-01   1.0228312e-01
   6.4801609e-01  -1.1151920e+00
   5.9757376e-01  -1.1264848e+00
   2.2461283e-01  -9.6860630e-01
  -9.3389316e-01   1.1069448e+00
  -1.8251627e+00   1.9112975e+00
  -1.5806474e+00   1.8152837e+00
  -1.8221636e+00   1.8208820e+00
   1.0003086e+00  -1.1526720e+00
   1.5024305e+00  -1.4625786e-01
   8.8106116e-01  -1.1261040e+00
  -1.4943892e+00   1.8436978e+00
  -7.0354593e-01   4.8044866e-01
  -8.8910043e-01   9.3048080e-01
  -1.4998136e+00   1.7801265e+00
   7.4148461e-01  -1.0733102e+00
   8.6849539e-02  -7.6693923e-01
   3.0477234e-01  -7.2213508e-01
  -3.1806862e-01   4.3416146e-02
   1.1680184e-01  -1.2180191e+00
  -1.9948062e-02  -5.4481685e-01
   1.1008113e+00  -1.0047630e+00
   2.9127847e-01  -7.9938845e-01
  -9.0816071e-01   1.1872470e+00
  -7.2011065e-01   1.0033741e+00
   1.7071547e+00   1.3827870e-01
  -9.0661826e-01   1.0044890e+00
   8.5536456e-01  -1.1366429e+00
   1.1157242e+00  -7.0196915e-01
   2.7756592e-01  -9.9912465e-01
  -1.4139160e+00   1.7241274e+00
  -5.7614659e-01   3.7431658e-01
   1.4580437e+00  -3.4891114e-01
   8.9420866e-01  -9.7055670e-01
   1.0670128e+00  -1.0463404e+00
   3.3699475e-01  -7.6244299e-01
   1.3216627e+00  -8.5614727e-01
   4.3377696e-02  -6.3353103e-01
   1.3044814e+00  -7.4162393e-01
   1.1795305e+00  -7.5092152e-01
   6.9135511e-01  -1.0321364e+00
   5.1131448e-01  -8.6190321e-01
  -3.0574599e-01   4.0679749e-01
   7.2306749e-02  -7.1929693e-01
   1.6689085e-01  -8.8636747e-01
  -9.3137528e-01   8.3608406e-01
   4.1500407e-01  -9.1390654e-01
   2.3659395e-01  -6.7265079e-01
  -1.8936096e+00   2.0650834e+00
  -3.5489194e-01   6.0127001e-01
  -1.1938840e+00   1.5427983e+00
   3.5031475e-02  -6.9941023e-01
  -9.5674230e-01   1.1525479e+00
   2.2903267e-01  -1.0359068e+00
  -4.2510681e-01   4.7066630e-01
   9.4902738e-01  -1.1358860e+00
   3.8809540e-01  -1.0971893e+00
  -2.1652670e+00   2.4121777e+00
   6.7158621e-01  -1.0138479e+00
  -1.8680211e-01   4.7907668e-02
   3.8785782e-01  -8.8269933e-01
  -1.7757647e+00   1.9911717e+00
   6.1169244e-01  -1.2303966e+00
   8.9889443e-01  -8.9690151e-01
   9.1542159e-01  -8.0145406e-01
   1.9801287e+00   9.5882448e-01
  -1.1646173e+00   1.7248712e+00
  -6.3831148e-01   4.3059208e-01
  -2.5305319e-01  -3.5351176e-01
   1.6380202e+00  -2.8951983e-01
   8.4353635e-01  -1.0956239e+00
  -7.3181795e-01   5.5998957e-01
  -5.0954162e-01   4.4494684e-01
  -6.3801929e-01   5.9353367e-01
  -4.1110237e-01   2.8650944e-01
   4.1920533e-01  -9.1344814e-01
   1.4284515e+00  -4.7271665e-01
   1.4034369e+00  -5.1760638e-01
   8.3769852e-01  -9.3163774e-01
  -1.0586579e+00   1.1931339e+00
   7.4916677e-01  -9.8425358e-01
   1.3143139e-01  -7.4186429e-01
   3.5361486e-01  -9.7401012e-01
  -3.1663295e-01   1.3138358e-01
   7.4886851e-01  -1.0193143e+00
  -4.1069132e-01   1.2821715e-01
   4.2519387e-02  -7.4759913e-01
  -1.3789678e-01  -1.8429619e-01
   1.2799470e+00  -4.6313687e-01
  -1.1379669e+00   1.3264912e+00
   1.3680938e+00  -3.4746207e-01
   1.3068420e+00  -1.9605864e-01
  -4.6274855e-01   2.3340314e-01
   2.1081153e-02  -6.8070310e-01
   4.2085948e-01  -8.9388876e-01
  -7.7853971e-01   8.4092619e-01
   1.1633120e+00  -9.3817460e-01
  -7.0104503e-01   9.2500690e-01
  -3.8706917e-01   1.6995269e-01
   1.2194187e+00  -6.7509860e-01
  -1.4983474e+00   1.6708783e+00
  -8.0359782e-01   9.2396853e-01
   5.4017323e-02  -5.8745605e-01
  -1.5702594e-01  -2.3088364e-01
  -1.5159058e-01  -1.1837120e-01
   1.2498786e+00  -6.9738728e-01
   5.2173656e-02  -3.8391461e-01
  -1.2153843e+00   1.5109381e+00
   6.8030897e-01  -1.0728033e+00
  -9.9722493e-02  -1.7825717e-01
   3.6094137e-01  -1.0030451e+00
   1.8032978e+00   3.7987750e-01
   1.1953935e+00  -8.2442565e-01
  -7.5434640e-01   7.8416379e-01
   1.1074639e-01  -3.3843936e-01
  -6.9908599e-01   6.6963909e-01
  -6.8920878e-01   5.5464963e-01
   6.5347976e-01  -1.1978908e+00
   1.4875329e+00  -2.4511038e-01
  -5.4640631e-01   3.5287054e-01
  -1.2288724e+00   1.4869609e+00
  -1.0025129e+00   1.0476893e+00
   9.0555588e-01  -9.8870300e-01
   2.6304402e-01  -8.8145180e-01
   3.9447297e-01  -8.8613456e-01
   1.0361589e+00  -1.0404857e+00
  -2.0083006e+00   1.8564287e+00
  -2.4451331e-01   1.6031853e-01
   1.1207783e+00  -1.1269183e+00
   5.1859862e-01  -1.1149735e+00
  -2.2933577e-01  -4.1879677e-01
  -3.2771849e-01  -1.7927969e-01
   4.1232916e-01  -9.4723406e-01
  -6.6937887e-01   4.1572247e-01
  -3.6359300e-01   1.0645791e-01
  -1.0268460e+00   1.3917692e+00
   1.2009501e-01  -6.2280789e-01
  -7.4076756e-01   7.1260140e-01
   2.2953970e-01  -7.8688450e-01
  -1.7702849e+00   1.9679393e+00
  -4.0894176e-01   2.9669760e-01
  -1.0324862e+00   1.1300513e+00
   4.4335366e-02  -8.2251067e-01
   1.7468422e-01  -9.4152044e-01
   7.3212800e-01  -1.0162006e+00
   5.0127331e-01  -9.3702774e-01
  -3.5387852e-01   2.5998293e-01
   2.0414505e+00   8.6608711e-01
   2.8049320e-01  -8.6113202e-01
  -1.6079762e-01  -2.9624439e-01
  -9.2834105e-02  -6.4502330e-01
  -1.0415517e+00   1.2089571e+00
  -7.8598092e-01   8.2745530e-01
  -4.5334813e-01   4.4601852e-01
   2.0360527e-02  -5.5848174e-01
  -7.1459988e-01   1.1934366e+00
   2.2726115e-01  -8.2616867e-01
  -1.2385864e+00   1.7384994e+00
   7.5206301e-02  -4.3824243e-01
  -4.6374159e-01   2.4672720e-01
  -1.0994655e+00   1.0855432e+00
  -7.8913437e-02  -3.4263315e-01
  -4.6281411e-02  -3.6270934e-01
   9.3221946e-01  -8.9782398e-01
   3.2305434e-01  -1.0213613e+00
  -7.5576565e-01   9.0732074e-01
  -1.1329310e+00   1.1303338e+00
  -8.4359480e-01   1.1650767e+00
   9.0116540e-01  -1.0607162e+00
   3.9899012e-01  -8.6450261e-01
  -9.6836265e-01   1.2136984e+00
   5.6376225e-01  -1.2094036e+00
   9.5016955e-01  -1.1694363e+00
  -1.1692413e-01  -2.6081446e-01
  -2.6177580e+00   1.8247943e+00
   1.4571354e-02  -5.9662692e-01
   7.7399335e-01  -9.9247564e-01
   5.1557534e-01  -1.1926046e+00
  -1.7082353e+00   1.9638893e+00
  -3.2768177e+00   1.3446585e+00
  -1.3234740e+00   1.3859344e+00
   1.2736422e+00  -5.6980965e-01
  -5.3135814e-01   6.8796408e-01
  -8.9098625e-01   8.9866774e-01
  -6.5307306e-01   5.5090525e-01
  -8.0084407e-02  -2.8046565e-01
  -1.1425178e+00   1.5760659e+00
   4.2552041e-01  -1.1276748e+00
   1.0048739e+00  -1.0670648e+00
  -4.6181603e-01   6.5919235e-02
  -2.8821182e-02  -4.2143396e-01
  -6.0405277e-01   7.4152764e-01
   1.6484469e-02  -5.8845704e-01
   2.5234939e+00   1.9789153e+00
   5.7352372e-01  -1.1513974e+00
   1.7175367e-02  -5.3230604e-01
  -8.3298048e-01   7.5904428e-01
   7.0204867e-01  -1.0148037e+00
  -9.0980355e-01   6.9953059e-01
   2.2249290e-01  -8.0298896e-01
  -2.5034024e-01  -8.0617787e-02
  -1.5413460e+00   1.8113022e+00
  -1.2682056e+00   1.2491572e+00
   6.6873061e-01  -1.0919586e+00
   1.0074853e+00  -7.7444805e-01
  -1.1096814e-01   1.0598559e-01
   6.2943516e-01  -1.3022983e+00
  -9.6108394e-01   9.7980586e-01
  -1.8740403e+00   1.9578234e+00
  -8.4451297e-01   8.4845696e-01
  -1.9024842e-01  -3.6226709e-01
  -3.4246674e+00   1.2950234e+00
  -1.1750500e-01  -1.2006896e-01
  -6.5539949e-01   7.0537480e-01
  -3.5966044e-01   3.4117029e-02
   1.0200397e+00  -9.9402547e-01
  -8.4813481e-01   1.1752229e+00
   3.1311429e-01  -8.2523656e-01
   1.9884132e-01  -1.0199597e+00
   1.4748093e-01  -8.0222432e-01
  -1.8392093e+00   2.0517702e+00
  -4.2405404e-01  -1.4629394e-02
   5.1515487e-01  -8.8013776e-01
   9.9998972e-01  -1.0394311e+00
  -1.1821056e+00   1.6835261e+00
  -3.5143214e-01   5.1019986e-02
   7.9419454e-01  -1.0677305e+00
   6.6673492e-01  -9.9271848e-01
  -1.6066678e-01  -2.6906289e-01
  -1.7312133e+00   1.8861942e+00
   1.1784000e+00  -8.5519557e-01
  -5.7894872e-01   5.2787804e-01
  -9.1953101e-01   1.1284341e+00
   1.4689862e+00  -4.5534161e-01
   8.8817610e-01  -9.0012809e-01
   7.5254832e-01  -1.1442527e+00
  -1.3401290e+00   1.5786598e+00
  -5.9448361e-01   8.8093776e-01
   3.1279690e-01  -7.1328641e-01
  -3.9755914e-01   2.5546449e-01
   1.3243318e+00  -5.7501567e-01
   2.3497081e+00   1.3078956e+00
  -1.9864097e-01  -3.8136681e-01
   1.1368966e+00  -7.9498424e-01
   2.2950666e-01  -9.5180341e-01
  -7.6346812e-01   6.1633026e-01
   1.2194807e+00  -8.7036090e-01
  -1.3063643e+00   1.5719223e+00
   6.6415731e-01  -1.2130593e+00
   2.6211711e+00   2.3454368e+00
   6.3220622e-01  -1.0751168e+00
   9.2742162e-01  -8.8286462e-01
  -4.1141950e-02  -2.6762892e-01
   1.6616992e-01  -9.2034162e-01
  -1.2845622e+00   1.5245039e+00
   1.7656739e+00   1.4138042e-01
  -5.0569778e-01   3.4627438e-01
   5.9733317e-01  -1.1547843e+00
   5.2941300e-01  -1.0377082e+00
   5.9374309e-03  -6.5978265e-01
  -1.6158782e-01  -2.1695818e-01
  -9.0332572e-01   9.8352952e-01
   7.5356536e-01  -1.1850081e+00
  -1.7018700e+00   2.1248101e+00
  -4.0822480e-01   3.2216889e-01
   1.8693134e+00   5.0729443e-01
   1.2252012e+00  -8.5876028e-01
   2.2379628e+00   1.3122270e+00
  -5.5349390e-01   3.8562246e-01
   7.9244682e-01  -1.2776637e+00
  -9.7661295e-01   9.2592242e-01
   1.6687572e+00   1.4955945e-01
   6.9006923e-03  -7.2853590e-01
   1.1910961e+00  -7.3259001e-01
  -3.9611888e-01   6.7287083e-02
  -1.8312787e+00   2.0043465e+00
   7.8038242e-01  -1.0362603e+00
   9.2105043e-01  -8.9193376e-01
  -3.4227183e-01  -2.6934705e-01
  -1.0415016e+00   1.2111835e+00
   1.4391108e+00  -5.2046636e-01
  -2.4744511e-01  -2.5840299e-01
   5.5561331e-01  -1.2013719e+00
  -1.0872473e+00   1.3626969e+00
   5.0140862e-01  -8.4969166e-01
   2.7289102e+00   2.6823813e+00
  -1.2482714e+00   1.6608028e+00
  -1.1019255e+00   1.7698819e+00
   2.0259178e+00   2.6564552e-01
   6.1740482e-01  -1.0005512e+00
  -3.9442584e-01   2.5466489e-01
  -7.3396335e-02  -3.1045727e-01
  -2.9568902e-01  -4.4735831e-02
  -9.7888017e-01   1.3571373e+00
   2.0627215e-01  -8.1353095e-01
  -2.3058486e+00   1.6987902e+00
   3.8322850e-01  -8.1658931e-01
  -7.4734424e-02  -5.5508775e-01
   9.4104744e-01  -9.8509783e-01
  -6.6899929e-01   4.7828107e-01
   1.2984740e+00  -9.2687708e-01
   9.3383454e-01  -1.0708764e+00
  -1.0073839e+00   1.2376536e+00
   1.0184516e+00  -1.2829373e+00
   2.4062685e-01  -1.0495622e+00
   1.2832506e+00  -9.3288625e-01
   8.0118596e-01  -1.0957745e+00
   7.2341247e-01  -1.0871047e+00
  -1.8662076e+00   2.2654086e+00
   1.3242169e+00  -3.6981990e-01
   1.2963587e+00  -5.4909285e-01
  -1.4648279e+00   1.7404847e+00
  -1.5113552e+00   1.8858250e+00
   7.5094459e-01  -1.1563543e+00
   2.9636005e-01  -8.8170932e-01
  -4.5540541e-01   3.7969893e-01
   1.4298089e-01  -4.1643632e-01
  -2.8669060e+00   1.6726797e+00
  -1.9183936e+00   1.4570233e+00
  -5.0222798e-01   7.4454865e-01
  -1.1508207e+00   1.5128367e+00
  -1.1592933e+00   1.4761578e+00
   3.1581747e-01  -8.6756247e-01
  -7.8728495e-01   5.9395619e-01
  -7.6304138e-01   6.8167594e-01
   8.1542243e-01  -9.7931558e-01
  -6.7038723e-01   8.8464800e-01
   3.1795261e-01  -9.9496065e-01
  -9.8033632e-01   1.3081531e+00
  -5.1301489e-01   6.4515043e-01
   1.3251862e+00  -8.3751509e-01
   8.8735239e-01  -1.1381150e+00
   8.4179818e-01  -6.9634728e-01
  -1.9155214e-01  -1.4112935e-01
  -1.7593970e-01  -8.7013093e-02
  -1.0236676e+00   1.1747072e+00
   1.3320408e+00  -4.0785160e-01
  -7.5277368e-01   6.5851509e-01
   1.6283981e+00  -6.1501180e-02
  -3.8612003e-01   4.6503060e-01
