   9.9223682e-01   7.4460592e-01
   1.2049443e+00  -2.8642514e-01
   5.7578270e-01   6.4778440e-01
  -2.3400231e+00  -1.7503845e+00
   2.4815920e+00   2.5876844e+00
   2.8285560e-01   5.8651039e-01
  -4.3981226e-01  -1.6568076e-01
  -3.8182033e-01  -9.6760057e-01
   3.7639006e-01   2.2080560e-01
   7.8763315e-01   9.2707140e-01
  -1.2317445e+00  -9.4283600e-01
   1.0171442e+00   9.9095656e-01
  -1.2742834e+00  -1.1924661e+00
  -1.4462706e+00  -1.1457926e+00
   5.1857887e-01  -8.2444787e-01
  -1.1397188e+00  -1.4006519e+00
   2.0143251e-01   9.4192289e-02
  -6.6585505e-01  -4.4095543e-01
   8.8234271e-01   7.1375372e-01
   6.6821823e-01   8.8987555e-01
   8.8839931e-01   9.1178348e-01
  -4.6218975e-01  -3.8862546e-01
   6.8702982e-01   7.5256002e-01
   6.3447738e-01   3.7178807e-01
   2.8161806e+00   2.9957337e+00
   1.3147557e+00   8.1645935e-01
   7.3489231e-01   5.2297274e-01
   8.7219040e-01   1.0082516e+00
  -6.5900653e-01  -6.8433898e-01
   1.9596063e-01   2.8966604e-01
  -2.5159160e-01  -2.1502191e+00
  -1.5521664e-01  -2.8839739e-01
   7.0430745e-01   1.1102079e+00
   3.1318477e-01   1.5102729e-01
  -1.8347677e+00  -1.6590149e+00
   3.7327228e-01   3.2781510e-01
   2.7083357e-01   1.9417844e-01
   4.5743275e-01   3.0430366e-01
  -5.0271456e-01  -4.7505816e-01
  -1.3063188e+00  -1.1497987e+00
   6.5256618e-01   9.5929251e-01
   1.0020704e-01   6.3137326e-02
   1.4945672e+00   1.5786063e+00
   8.2417891e-01   8.5294383e-01
  -5.7255381e-01  -6.2256883e-01
   1.2792973e-01   2.3328810e-01
  -4.4150979e-01  -1.6759826e-01
   1.8645126e-01   1.8006407e-01
  -2.3451446e-02   5.4656784e-02
  -1.0537655e+00  -9.7050633e-01
  -1.6772585e+00  -1.2507589e+00
  -7.4567880e-03   3.2344187e-01
   7.8472372e-01   9.0123835e-01
   6.5305412e-01   5.6405096e-01
  -2.1779071e+00  -1.7161909e+00
   8.7147918e-01   9.8400073e-01
  -1.4321253e-01  -3.1470388e-01
   2.5924570e+00   2.7689570e+00
   3.1378121e-01   1.2392345e-01
  -1.3700463e+00  -1.1698622e+00
  -5.4839162e-01  -5.2764039e-01
  -2.1270763e-01  -2.3075365e-01
   7.2295196e-01   9.9198209e-01
   5.8443724e-01   4.5279485e-01
   1.2704180e+00   1.5963366e+00
  -3.9981016e-01  -3.9117015e-01
  -6.2419532e-01  -6.5011112e-01
  -8.0230033e-01  -1.6729994e+00
   2.1670851e+00   2.5381778e+00
  -7.6474887e-01  -1.0976658e+00
   1.7260173e+00   1.9467779e+00
  -3.4871284e-01  -1.9961160e+00
  -9.6892520e-01  -7.8537800e-01
   5.4216558e-02  -7.1193819e-02
   8.4926545e-01   9.7803474e-01
  -7.0372882e-01  -6.7627538e-01
   7.4992014e-01   8.5870061e-01
  -5.4952842e-01  -1.1852713e+00
  -1.6602394e+00  -1.2463021e+00
   3.6815337e-01   4.4696619e-01
   1.7593256e+00   1.4349787e+00
   2.6660622e-01   1.5058963e-01
   4.7659708e-01   5.0392196e-01
   1.5942875e-01   4.9293727e-02
   4.6257872e-01  -1.3357247e+00
   2.1009674e-02  -2.1934160e-01
  -1.6914561e+00  -1.5212970e+00
   6.8157953e-01   7.4952268e-01
  -5.7415658e-01  -1.5210196e+00
  -7.4018538e-01  -1.3632827e+00
  -1.7398965e-01  -2.9831207e-01
   4.4674303e-01   4.5484109e-01
   6.5193410e-02  -3.0500615e-01
   7.5571635e-02   2.2502718e-01
  -3.4080222e-01  -3.7333327e-01
   7.6129827e-02  -1.2442110e-01
   7.1725138e-01   8.3333386e-01
  -9.8629914e-01  -1.0570125e+00
  -2.7030044e+00  -1.9359416e+00
  -1.6435961e+00  -1.3330697e+00
  -1.2243612e+00  -1.3295544e+00
  -2.0310214e+00  -1.5685644e+00
  -8.0898751e-01  -6.7728189e-01
  -2.6507679e-01  -2.7298551e-01
  -1.3463564e+00  -1.2274737e+00
  -2.0319392e-01  -3.3091299e-01
  -1.2773130e+00  -9.4549520e-01
   1.6323340e+00   1.6897413e+00
   9.4054741e-02  -1.5482347e-02
  -1.8310120e+00  -1.3950106e+00
  -4.1171183e-01  -8.2596210e-01
   8.9879411e-01   4.9581874e-01
   3.7888120e-01   6.7123521e-01
   2.6210195e+00   2.9216397e+00
  -1.1703974e+00  -6.5114253e-01
   5.0704892e-01  -2.7379963e-01
  -7.5196966e-01  -3.8446072e-01
  -1.2744615e-01  -2.4013090e-02
   5.9314769e-01   7.3141324e-01
  -8.3719689e-01  -7.0395916e-01
  -3.1238192e-01  -4.7836398e-01
  -4.1205396e-01  -3.1248810e-01
  -6.5570198e-01  -6.1223706e-01
  -5.9662437e-01  -6.4099791e-01
   5.9438191e-01   8.6432333e-01
  -2.2646420e-01  -3.1967510e-01
  -1.9135346e+00  -1.6731096e+00
   4.9205005e-01   7.7633511e-01
  -1.3572038e+00  -9.0715464e-01
   7.7407366e-01   2.9192343e-02
  -1.9998962e+00  -1.4808509e+00
   1.9481874e-01   1.6706248e-01
  -4.1462023e-02   3.1567162e-01
   1.1286596e+00   1.0176265e+00
   2.1488862e+00   2.2183331e+00
   6.0103472e-01   7.4232335e-01
  -1.3348408e+00  -1.0694054e+00
  -8.3663861e-01  -7.9773506e-01
   1.9464748e-01   3.3507833e-01
  -8.8394679e-01  -9.1359668e-01
   5.1600370e-01   5.8033763e-01
  -3.1716334e-01  -2.4948299e-01
  -1.6571500e+00  -1.3512404e+00
  -1.8741535e+00  -1.7736558e+00
   6.2961348e-01   5.0388190e-01
   1.0254373e+00   1.0085507e+00
  -6.0226476e-01  -3.2617981e-01
  -2.1717058e+00  -1.8563580e+00
   8.6959455e-02   4.5267268e-01
  -7.3151255e-01  -4.5180845e-01
  -7.3541657e-01  -5.3202936e-01
   1.1292034e+00   8.5983414e-01
  -2.1450560e-01  -2.6348055e-02
   9.6142824e-01   8.9996525e-01
  -1.9785847e+00  -1.3299130e+00
   4.6229688e-01  -1.2695604e+00
  -9.1184818e-01  -6.6478395e-01
   9.9420554e-01   7.8047995e-01
   1.0288754e+00   9.6360857e-01
  -6.5650002e-01  -6.8952506e-01
  -1.2726983e+00  -1.1731828e+00
   2.5267680e-01   1.2696594e-01
   3.4305940e-01   2.4358078e-01
  -5.8299075e-01  -5.1433412e-01
  -2.8211214e-01  -3.3527271e-01
   1.4955645e+00   1.8986090e+00
  -8.2334059e-01  -7.7412167e-01
  -1.7020492e+00  -1.6124750e+00
  -1.3779069e+00  -1.3293943e+00
   1.1894006e+00   6.8553746e-01
   5.0026861e-01   5.1311699e-01
   5.4732753e-01   4.9740515e-01
   1.5587343e+00   1.8663677e+00
  -1.9020959e+00  -1.5282408e+00
   4.3118119e-01   3.9945006e-01
   5.0562713e-01   9.3264636e-01
   1.1435754e+00   9.7816044e-01
  -7.9149251e-01  -5.3576216e-01
   3.3060433e-02   2.2239439e-01
   1.5909848e-01   1.0808505e-03
   2.9264774e-01   3.4967434e-01
   4.5917718e-01   7.2773866e-02
   1.4879317e+00   1.8794145e+00
   1.0404873e+00   1.0787413e+00
  -7.7663806e-02   2.6671620e-01
  -5.2669863e-01  -3.0791664e-01
  -4.0707820e-01  -4.9891305e-01
  -2.2692386e-01   5.6272940e-02
  -6.6952388e-01  -2.0318279e-01
   7.7839893e-01   5.0929850e-01
   8.7214272e-01   6.7721047e-01
  -2.9373773e-01  -4.6155069e-01
  -8.3231794e-01  -1.1097028e+00
  -1.5392484e+00  -1.3611398e+00
   6.9211442e-01   9.8023034e-01
  -1.3760096e+00  -1.1444060e+00
   1.1848142e+00   1.1719398e+00
   1.9235681e+00   2.5484293e+00
   1.9959061e-01   1.2176419e-01
  -6.3313455e-03  -1.5326213e+00
   1.7669919e+00   5.9490884e-01
   2.7875889e-01   5.3516578e-01
   1.4686014e+00   1.7769233e+00
   9.6079825e-01   1.0942052e+00
   7.8821003e-01   5.5215144e-01
   4.9047334e-01   6.5906081e-01
  -1.7743093e+00  -1.3798273e+00
  -1.0306750e+00  -9.2451319e-01
   1.0520907e+00   1.0571310e+00
  -9.9532114e-01  -8.8919359e-01
   6.9194668e-01   6.6042307e-01
   2.2999654e-01   4.1582844e-01
   7.9136234e-02  -1.3712357e-02
   1.0054720e+00   3.0535325e-01
  -2.8999998e-01  -7.2479541e-02
   5.3233262e-01   6.1986559e-01
  -9.2139754e-01  -4.7941879e-01
  -2.2633690e-01  -6.2094415e-02
   2.4268161e-01   1.6982071e-01
   8.0699155e-01   1.1621245e+00
   5.6941155e-01   6.3437460e-01
  -8.7272803e-02   2.2199122e-01
  -1.0948934e+00  -1.2805395e+00
  -5.2655945e-01  -4.6007407e-01
  -4.8180769e-01  -4.9709954e-01
   2.7993037e-01   1.8708470e-01
   2.3043413e+00   2.5548145e+00
  -3.5527197e-01  -1.9374584e-01
   6.5372804e-01   7.5733441e-01
  -4.5043760e-01  -9.1159312e-02
  -2.1937521e+00  -1.6602270e+00
  -2.3383545e+00  -1.7846782e+00
  -7.3640786e-03   1.2914563e-01
  -1.5589607e+00  -1.5670414e+00
   3.5952786e-01  -7.7523246e-02
   9.1125951e-01   9.8261997e-01
   2.2361102e+00   2.3044467e+00
  -1.4696023e+00  -1.4308289e+00
   3.3919016e-01   8.4962873e-01
   2.4687347e-01   4.3965985e-01
   2.9149018e-01   2.5198374e-01
   1.4226878e+00   1.6812904e+00
  -7.5755908e-01  -4.1541538e-01
  -7.1309689e-01  -4.9185693e-01
  -2.9680074e-01  -1.3026123e-01
  -3.2477938e-02  -3.1123969e-01
   1.8175392e-01   4.9564351e-02
   1.2402066e-01   3.0069835e-01
  -6.7993887e-01  -4.6798521e-01
  -2.0104577e+00  -1.6400173e+00
   1.4290723e+00   1.5603485e+00
  -1.6138919e+00  -1.5079012e+00
  -7.8870419e-02   2.3883561e-01
  -1.7593553e+00  -1.5771865e+00
   2.0224472e+00   1.9499390e+00
  -2.8918634e-01  -3.6701673e-01
   2.4313204e-01   1.1906530e-01
   1.1484294e+00   9.7761646e-01
  -3.7908200e-04  -1.0046419e-01
   6.7407450e-01   7.6292813e-01
  -1.4917430e+00  -1.2472056e+00
  -7.2242043e-01  -4.9061340e-01
   5.9511701e-01   3.3141774e-01
  -3.6592770e-01  -4.2111129e-01
  -5.1599248e-01  -4.1855713e-01
  -6.2397035e-02   6.7196212e-02
  -1.4605916e-01  -2.0125732e-01
   2.3415183e-01   3.0038103e-01
   2.8617064e-01   4.4940243e-01
   2.2723303e-01   2.7254793e-01
  -7.1488708e-02  -1.1849835e-01
  -1.0801409e+00  -1.6680134e+00
   7.8506520e-01   9.8547241e-01
  -1.6197515e-01  -4.6258502e-02
   9.7294132e-01   9.8181829e-01
   1.0887874e+00   1.2345577e+00
  -1.8525437e-01  -3.2690582e-01
  -2.6666653e-01  -7.0586324e-02
  -2.3185502e-01  -5.9526836e-01
   8.7553812e-01   8.6316537e-01
   1.9304932e+00   1.6762867e+00
  -4.4651909e-01  -3.8589589e-01
   1.1877093e+00   1.2350506e+00
  -4.9360428e-01  -4.6955502e-01
  -1.3957800e+00  -1.1863455e+00
  -1.4697597e+00  -1.3321614e+00
  -8.0559094e-01  -9.4068675e-01
   8.7698785e-03   1.2226173e-01
  -4.0159354e-01  -2.6513359e-01
   1.5035215e+00   1.7287006e+00
  -2.0292207e+00  -1.5755629e+00
   1.4904029e-01  -4.6410496e-01
   5.7672080e-01  -1.4487059e-01
  -1.1019416e-01   3.6431808e-02
   7.5425385e-01   8.6153437e-01
  -1.3810137e+00  -9.8978700e-01
   1.1068174e-01   8.6097297e-02
  -2.9693698e-01  -3.3806114e-02
  -1.3854103e-01  -1.1949502e-01
   8.9248190e-01   1.1354970e+00
  -5.1376098e-01  -3.6083536e-01
   6.0058162e-02  -5.2245369e-01
  -4.3663246e-01  -3.6054407e-01
  -1.3145519e+00  -1.9215024e+00
   9.5890259e-01   7.6810765e-01
   1.1213790e+00   1.0107275e+00
   2.0227713e+00   2.5041838e+00
   1.2359464e-01  -5.4593881e-01
  -5.4113136e-01  -5.0239328e-01
  -1.3251177e-01  -5.0943053e-01
   1.2327193e+00   1.4483367e+00
  -1.4837330e+00  -1.4817232e+00
   1.6614601e+00   1.7493550e+00
  -1.0685226e+00  -7.9418827e-01
  -3.7158261e-02   7.7027923e-03
  -5.0742512e-01  -5.7362469e-01
  -1.3498118e+00  -1.2526489e+00
  -8.5630124e-01  -1.5068892e+00
   1.0902744e-01  -4.3654559e-01
  -1.3062794e+00  -1.1941532e+00
  -1.0503955e+00  -9.8212136e-01
  -1.1173786e+00  -1.0682255e+00
   6.0591200e-01   7.6026905e-01
   5.2721197e-01   5.0794823e-01
  -5.6044412e-01  -5.2752010e-01
   1.8671544e+00   1.7823927e+00
  -1.6300319e+00  -2.6419165e+00
   3.5990455e-01   1.6818286e-01
  -9.0650827e-01  -8.3151702e-01
   4.3476563e-01   3.2514906e-01
  -1.1899757e-01  -3.6939869e-01
  -2.3685303e-01  -4.5734639e-01
  -1.5182539e+00  -1.6360517e+00
   1.0584880e-01   6.5441416e-02
   1.8083675e+00   2.0192936e+00
   1.4433057e+00   1.5327351e+00
   3.0317384e+00   3.9698715e+00
  -1.9430723e-01  -1.5967140e-01
   2.4566242e-01  -1.5890822e+00
   1.8553564e-01  -5.3753589e-03
  -7.2736260e-01  -1.7011602e+00
   1.3912862e-01   2.2106984e-01
   1.2406603e+00   1.2449597e+00
  -1.7742247e+00  -1.5055588e+00
  -5.5089117e-01  -2.9316738e-01
   5.9313039e-01   3.4108559e-01
  -2.6739961e+00  -1.9532081e+00
   1.4474428e+00   1.3515847e+00
  -9.7507183e-01  -8.8317102e-01
  -2.2098983e+00  -2.1801523e+00
   1.4589959e+00   1.4366907e+00
   1.3095759e+00   4.1290731e-01
   1.0083352e+00   6.9609419e-01
  -7.1504046e-01  -7.7487431e-01
  -6.0830653e-01  -8.8758384e-01
   1.0257073e+00   2.7047960e-01
  -1.1566221e-01  -5.7464316e-01
  -5.9588740e-01  -5.8283910e-01
  -1.0308856e+00  -8.1200570e-01
  -5.3432284e-01  -4.8314541e-01
  -8.0365511e-02   4.2777331e-02
  -4.7088008e-01  -8.0586080e-01
   1.0499066e+00   9.0811448e-01
   9.1300681e-01   2.2231741e-02
   7.4537914e-01   1.0402219e+00
   1.2004199e+00   1.0934498e+00
   4.7499817e-01  -1.5008153e-02
  -1.1256876e+00  -8.3856894e-01
   2.1139063e-01   3.3475309e-02
  -6.9881255e-01  -5.6881946e-01
  -1.8996586e+00  -1.5727772e+00
  -1.0363564e+00  -6.3739713e-01
  -1.8856990e+00  -1.5555192e+00
  -9.6596139e-01  -1.5346671e+00
   1.1516694e+00   1.3141851e+00
   7.3382396e-01   9.0168362e-01
   9.2194638e-01   1.0671958e+00
  -1.4991265e-01   5.3733825e-02
   1.9863432e-01   1.9215060e-01
   1.1150191e+00   1.1660579e+00
   1.3021244e+00   1.2103355e+00
   7.4839880e-01  -1.4420623e-01
  -4.3089494e-01  -8.5847076e-02
   1.2389858e+00   1.1744894e+00
   2.1071189e+00   2.0777043e+00
  -4.7429666e-01  -4.7951004e-01
  -2.8484760e-01  -3.7378157e-02
  -1.9373080e+00  -1.4098026e+00
   3.1557422e-01   1.3956253e-01
  -4.4111118e-01  -5.7391547e-01
   8.5339543e-02   1.9010751e-01
  -1.1492160e+00  -1.3529923e+00
   1.9669833e+00   2.4281412e+00
  -2.1026731e+00  -2.7463229e+00
   3.0154456e-01   5.4061854e-01
   1.2028158e+00   1.2064173e+00
   9.6369737e-01   8.3213362e-01
   2.9134717e-01   1.7713311e-01
  -3.5915479e-01  -2.9662323e-01
  -1.4906482e-01  -1.2664173e-01
  -4.8465056e-01  -2.8072082e-01
   3.2499485e-01  -1.4793590e+00
  -7.2865440e-01  -5.4820850e-01
   5.9791746e-01   7.4084265e-01
   5.6907084e-02   2.2301784e-01
   5.1589238e-01   3.8674629e-01
  -1.2194932e+00  -1.2301174e+00
  -8.2735370e-01  -1.4322041e+00
   2.1548359e-01   2.2401870e-02
  -1.1734397e+00  -8.9923235e-01
   5.2493952e-01   4.8441886e-01
  -6.9455224e-01  -1.0786296e+00
  -7.3874814e-01  -5.5607814e-01
  -1.4687303e+00  -1.2695259e+00
  -1.8074679e+00  -1.6156408e+00
   6.7852633e-01   6.2507028e-01
   2.5988943e-01   5.2407164e-01
  -1.5136641e+00  -1.2250622e+00
   1.2305306e-01  -9.0188208e-02
   9.2546499e-01   1.0686586e+00
   1.6672018e+00   2.1016510e+00
  -8.2389934e-01  -7.0512409e-01
   7.5979467e-01   7.8962165e-01
   7.2047138e-01   8.2631004e-01
   3.1931337e-01   4.6669259e-01
   1.0730824e+00   8.0306823e-01
   8.8216341e-01   7.8544493e-01
   4.2651385e-01   3.3080855e-01
  -4.7924573e-02  -1.5199795e-01
  -4.1934925e-01  -5.5578904e-01
  -1.8841752e+00  -1.7578281e+00
   3.7067008e-01   5.2127662e-02
   1.1867303e-01   1.3777783e-01
   7.6529480e-01   8.0675757e-01
  -4.7516744e-01   3.7282409e-02
   1.7822366e-01   1.4316715e-01
   1.3800691e-01   1.4609816e-01
   6.7497906e-01   7.8715421e-01
  -6.4802335e-01  -3.2205656e-01
  -1.5651558e+00  -1.5945811e+00
   5.5533186e-01   7.1941694e-01
  -1.3065513e+00  -9.8210607e-01
   4.7423089e-01   5.5013114e-01
   8.5587267e-01   1.0293038e+00
   1.2547054e+00   1.5101560e+00
  -7.4706837e-01  -8.4326634e-01
  -1.6670351e+00  -1.4422636e+00
   2.7021230e-01   1.9612344e-01
   4.0785884e-01   4.3379504e-01
   1.6087386e-01   8.0271188e-02
  -1.5404270e-01  -5.7662630e-02
  -1.5300247e+00  -1.7116407e+00
  -7.1456917e-01  -8.4182815e-01
  -1.8974311e+00  -1.5236227e+00
   2.7477382e+00   3.0742228e+00
  -1.3422428e+00  -1.1914429e+00
  -2.3284663e-01  -7.0527145e-01
  -1.6868197e+00  -1.2461595e+00
   4.8223028e-01   3.3288822e-01
  -1.7036892e+00  -1.4520070e+00
  -8.6908128e-03   6.9255476e-02
   1.8216712e-01   2.0601841e-01
  -5.7053092e-02   2.2886420e-01
   1.7192070e+00   1.8079544e+00
  -4.9477485e-02  -2.7141243e-01
  -1.7694673e+00  -1.3090253e+00
   1.3234321e+00   1.1695388e+00
   6.2363266e-01   7.2959641e-01
  -3.4058708e-01  -1.4339290e+00
  -3.4154339e-01  -2.9608055e-01
   5.4912774e-01   7.4107538e-01
  -4.5890725e-01  -8.3050153e-03
   1.9951200e+00   2.3303123e+00
   3.9952476e-01   2.0041099e-01
   9.7009773e-02   4.9459379e-02
   3.3514920e-01   3.5692212e-01
  -9.5487056e-01  -8.5052562e-01
  -5.7116249e-01  -3.8609641e-01
  -1.5828900e+00  -1.3088409e+00
   8.1684754e-01   9.0291765e-01
  -9.6279886e-01  -2.0791953e+00
   4.3584075e-01   2.9125306e-01
  -2.9473021e+00  -2.0397649e+00
   3.0724208e-01   3.7599929e-01
   1.0267692e+00   1.2941281e+00
   5.2094128e-01   7.0925574e-01
  -1.1644265e+00  -1.0733532e+00
  -1.9668875e+00  -1.4394514e+00
   4.9909196e-01   7.9355808e-01
   6.9617859e-01   9.1618371e-01
   1.3405169e+00   1.1619628e+00
   1.7844119e+00   1.6950240e+00
   8.6090279e-01   9.5652566e-01
   1.0841311e+00   1.0306209e+00
  -8.5761307e-02   9.0621954e-02
   4.6545029e-01   7.0057686e-01
  -5.8039909e-01  -6.8978831e-01
  -4.1688715e-01  -6.3045502e-01
   2.9872551e-01   8.4648552e-01
  -6.0144983e-02  -7.7253924e-03
  -3.7941409e-01  -7.3038330e-01
   2.7088808e-01  -7.0617416e-01
   5.5152353e-01   9.8743441e-02
   1.5338781e+00  -3.7955370e-03
   4.7652880e-01   2.3832890e-01
  -1.4757783e+00  -1.1064216e+00
   2.3913537e+00   2.5837148e+00
  -6.8145224e-01  -3.4562631e-01
   1.2141858e+00   2.1343319e+00
  -5.9816290e-01  -6.4634643e-01
   3.3161371e-01   6.2641455e-01
  -8.5753756e-01  -9.7567517e-01
   1.2525828e+00   1.7411567e+00
   1.2751355e+00   1.2578492e+00
   7.0642092e-01   3.1331766e-01
   1.6567639e+00   1.8399903e+00
  -1.1843349e+00  -9.2616064e-01
   9.8807220e-01   9.8152468e-01
  -1.9061827e-03  -7.4941657e-01
  -1.2868398e+00  -1.3840853e+00
  -3.6607790e-01  -4.4214554e-01
   6.7259211e-01   1.0157514e+00
   1.2999260e+00   1.2653416e+00
   1.0029602e+00   7.8834545e-01
   1.1425704e-02   5.3352666e-01
  -2.1381043e-01  -3.1810064e-01
  -4.1106997e-01  -1.1176553e+00
   2.4985367e+00   3.2180420e+00
  -2.9117284e-01  -1.2061604e+00
   3.2489190e-01   6.4993649e-01
   2.7997013e-01   3.7716173e-01
  -8.9743700e-01  -7.3817217e-01
   5.3811859e-01   5.8927578e-01
   1.3896493e-01   5.6913844e-02
  -7.9135267e-01  -7.5309176e-01
  -1.9317839e-01  -3.9405929e-01
  -9.5927320e-01  -5.9529706e-01
   1.1971875e+00   1.3147928e+00
   7.5531112e-01   7.1738079e-01
  -2.3053533e+00  -1.9564829e+00
   1.0806815e+00   1.2147638e+00
   2.2784785e-01   3.4866126e-01
   8.7353293e-01   1.1202196e+00
   1.0039034e-01  -3.5468595e-02
  -7.3413637e-01  -1.8725222e+00
  -2.4383758e+00  -1.7333044e+00
  -1.3503589e+00  -1.2601321e+00
   7.6269830e-01   6.5934419e-01
   8.4026057e-01   1.0665211e+00
  -1.0977045e+00  -8.7900125e-01
  -1.0031441e+00  -9.4528597e-01
   5.5213161e-01   7.2013020e-01
   1.0837070e+00   9.3223109e-01
  -9.1600929e-02   1.1703817e-02
  -4.1294941e-01  -5.3646987e-01
  -1.3704665e-01  -2.3040960e-01
  -6.5277904e-02  -2.8214207e-01
  -3.6288425e-01  -1.1993649e-01
   4.3429823e-01   5.5838778e-01
  -1.7017908e-01  -1.4060490e-01
  -1.7301110e+00  -1.3494543e+00
   1.8604457e+00   1.5270884e+00
   3.2117972e-01   1.6945876e-01
   1.4260841e+00   1.3732807e+00
   4.8591624e-01  -1.2532346e-01
   5.5637836e-01  -6.6144532e-02
  -6.3004356e-01  -5.0690892e-01
   3.9668409e-02   3.7340000e-01
   2.6670007e-01   3.4644913e-01
   1.3857526e+00   1.3166726e+00
  -2.0460615e+00  -1.4662467e+00
   1.0800817e+00   1.4165126e+00
   4.3045715e-01   3.9154530e-01
  -6.4645927e-01  -8.6646759e-01
  -9.2761089e-01  -7.7093519e-01
  -3.0699691e-01  -5.4061942e-03
   5.4837497e-01   4.2430805e-01
   3.2177756e-01   4.4541415e-02
   4.6728967e-01   5.3375772e-01
   1.3391029e+00   2.8912666e-01
  -1.5652396e+00  -1.2311079e+00
  -1.9126592e-01   2.0813789e-01
  -8.5168504e-01  -8.6750298e-01
   7.2859029e-01   1.2042157e+00
  -1.1203311e+00  -1.0105402e+00
   7.1314948e-01   6.2481657e-01
   3.9522582e-01   5.3494938e-01
  -7.5575653e-01  -7.4972785e-01
   1.7809524e+00   2.1413764e+00
   7.9560647e-02   2.9947762e-02
   2.6194504e+00   3.0231243e+00
   4.1169701e-01   3.3784239e-01
  -2.7703622e-01  -2.8814033e-01
  -7.2889956e-01  -1.0281313e+00
  -1.1625904e+00  -9.3024616e-01
   1.2957253e+00   1.3988434e+00
  -4.1284552e-01  -6.1588396e-01
   1.3219777e-01  -5.8140785e-01
   1.3330913e+00   1.5478319e+00
   1.0422128e+00   1.0110301e+00
   1.6553803e+00   1.8080787e+00
   6.9214487e-01   1.0126001e+00
  -1.5037315e+00  -1.0722997e+00
  -1.4624940e-01   1.6431260e-02
  -7.2559695e-01  -5.2651179e-01
   7.2430935e-01  -5.3158144e-01
   1.2450897e+00   1.1693901e+00
  -4.2201962e-01  -1.2885641e-01
  -8.1258219e-01  -2.3639917e+00
  -8.7678598e-02  -1.9914035e-01
   1.3166248e-01   6.0358545e-01
   1.1907282e+00   1.0685384e+00
  -2.0383779e+00  -1.8556474e+00
   1.2943063e+00   1.5440836e+00
   1.1088469e-01   2.5882279e-01
   6.6520771e-01   9.0749444e-01
   1.8693069e+00   1.6375325e+00
  -6.5377392e-01  -1.0797483e+00
   9.9497196e-01   7.4902810e-01
   2.1325305e+00   2.3639217e+00
   7.6120642e-01   6.1441337e-01
   1.9065120e-01  -2.5343467e-02
  -4.0035422e-01  -5.3484444e-01
   5.7685937e-01   2.6000843e-01
   1.9780884e-01  -3.2471812e-01
   3.1569333e-01   2.9331549e-01
   1.7303842e-01   1.8478661e-01
  -2.1559485e+00  -1.6322986e+00
   4.6572902e-02  -1.1779819e-02
   1.4674431e-01   2.6006813e-01
   2.9650725e-01   4.8004037e-01
  -2.5021347e+00  -1.9667458e+00
   5.1137845e-01   5.7883527e-01
  -1.5525609e-01  -1.2635793e-01
   2.2876655e-01   5.4919437e-02
   1.7940169e+00   2.1007850e+00
   4.6999589e-01   3.4762973e-01
  -5.8414166e-01  -6.5734987e-01
  -4.8811673e-01  -5.8920829e-01
   1.3249521e+00   1.1175765e+00
   7.5486073e-02   1.4223043e-01
  -1.4479937e+00  -1.4376878e+00
  -8.7406144e-01  -8.4290316e-01
   2.7850714e-01  -2.3638757e-03
   2.0597700e+00   2.4351449e+00
   1.0480789e+00   1.3468491e+00
   6.6842126e-01   6.5324587e-01
   5.2160583e-01   2.2246971e-01
  -8.9145105e-01  -8.7820468e-01
  -3.2306715e-01  -6.2883257e-01
   1.5947824e+00   1.6882415e+00
   6.9943095e-01   7.1882510e-01
   4.7134191e-01   5.9744325e-01
  -1.5325227e+00  -1.3475672e+00
  -1.0595510e+00  -8.2907823e-01
   1.2452651e+00   1.3214831e+00
  -3.2318011e-01  -1.7209931e+00
  -8.2687182e-02  -9.4937978e-01
   2.1607117e-01   4.3742134e-01
  -1.5871931e+00  -1.6343679e+00
   2.6285452e-01  -6.2647662e-01
   1.0502241e+00   9.4565503e-01
   4.0934699e-01  -4.5912866e-01
   3.3519651e-01   3.2292525e-01
  -3.2727629e-01  -2.7390950e-01
   6.4105707e-01   8.6007571e-01
  -2.3132575e+00  -1.6475747e+00
   4.0010779e-01   6.8735971e-01
  -6.5561913e-01  -7.3650380e-01
  -1.1669303e+00  -9.9764893e-01
  -1.1908417e+00  -6.2044464e-01
   5.3034474e-01   6.4646637e-01
   8.8219104e-01   5.8183514e-01
  -1.5810098e-01  -4.6454916e-02
   1.6501210e-01  -1.8888365e-01
  -1.0371159e-01  -2.7479792e-01
   5.0532581e-01   3.9435729e-01
   9.0584558e-01   6.4499349e-01
  -3.5012296e-04  -1.4342518e-02
   1.4617903e+00   1.6572244e+00
   9.2636684e-01   9.2108641e-01
   5.7655469e-01   1.1404483e+00
   2.9765800e-01   2.1851490e-01
   8.3046140e-01   5.8457709e-01
   3.7458072e-01  -1.3677836e-01
  -5.0821216e-01  -6.2356580e-01
  -5.6500567e-01  -7.4666916e-01
   1.8413857e-01   5.0050289e-02
  -1.6377332e+00  -1.4016582e+00
  -2.0627158e-02  -5.7429614e-02
  -2.4803807e-01  -5.7546536e-02
  -9.1252721e-01  -9.6993685e-01
  -1.0337875e+00  -7.1717036e-01
  -6.1189722e-01  -3.8206450e-01
  -1.4860004e+00  -1.0236467e+00
   8.1089481e-03  -7.0867473e-02
   1.7984922e-01   1.2863214e-01
  -1.2860757e+00  -1.1609422e+00
   8.1472764e-01   9.1259986e-01
   4.6232863e-01   1.0152800e+00
   6.3428973e-01   6.2754010e-01
  -8.3313192e-01  -9.8726102e-01
   5.5511168e-01   7.0189424e-02
   6.0029652e-01   4.0392465e-01
  -1.6156789e-01  -8.5911503e-02
   3.8324127e-01   2.0936395e-01
   8.5508992e-02   2.1602236e-01
  -1.3499363e-01  -3.8336269e-01
   6.3827052e-02   1.5096019e-01
  -3.7236667e-01  -6.0679341e-01
   5.1561683e-01   7.3355469e-01
   1.0700802e+00   9.3697774e-01
  -6.4797191e-01  -1.2096289e+00
  -2.2077715e+00  -1.4530487e+00
  -1.6079862e+00  -1.5420000e+00
  -1.2973785e+00  -1.4026773e+00
   1.3739091e+00   1.4796307e+00
   6.6912362e-01   6.9718355e-01
   1.3645090e+00   1.2070844e+00
  -5.0037153e-01  -6.7190780e-01
   7.4743782e-02  -3.3440533e-01
   1.4545942e+00   1.7182698e+00
   1.1308080e-02   3.6096913e-01
  -4.7282115e-01  -5.1018845e-01
   8.8993261e-01   8.7358677e-01
   4.9018145e-01   5.2705977e-01
   1.9457155e+00   1.7011387e+00
  -2.6417188e-01  -3.9277215e-01
  -1.2283402e+00  -5.9340702e-01
  -9.0126659e-02  -3.3465390e-02
   1.2097994e+00   1.1921384e+00
  -1.0354488e-01   1.3673002e-01
  -1.9543195e-01  -5.5715998e-01
  -1.2066717e-01  -5.1930973e-02
   3.0441730e-01   2.5296354e-01
  -4.7358260e-01  -5.0150321e-01
   8.5018186e-01  -3.7267416e-03
  -5.0503632e-01  -6.3437008e-01
  -4.6362062e-01  -8.2856951e-01
   9.5514665e-01   1.0346184e+00
  -9.5858039e-02  -9.6553528e-02
   9.5523465e-01  -3.9960533e-01
  -5.1216505e-01  -5.6971365e-01
  -2.6333911e+00  -1.8380804e+00
   1.0098102e-01  -1.0249706e-01
  -1.3404391e+00  -1.3173951e+00
   3.1687838e-02   3.0849892e-01
   1.3834549e+00   1.7432640e+00
  -3.1767995e-02   2.7092929e-01
  -6.9146280e-01  -5.9838495e-01
   1.3022179e+00   1.4119332e+00
   4.2384716e-01   4.7004919e-01
  -1.5079397e-02  -1.0795332e-01
   2.6764580e-01   2.8566511e-01
   5.6204993e-01   4.2554104e-01
  -5.4878442e-01  -3.0639794e-01
   1.3393097e+00   1.5037992e+00
  -2.1253687e-01  -4.1859609e-01
  -1.1404936e-01  -1.9535285e-01
   6.5554824e-01   5.9358012e-01
   1.0102872e+00   1.0442321e+00
   2.4518682e-01  -1.0785359e-01
   5.4182837e-01   8.1401330e-01
  -2.2962630e-01  -5.0492848e-01
   7.5261783e-01   6.9786826e-01
  -1.2824725e+00  -1.0492451e+00
  -2.5520923e-01  -2.6329577e-01
  -5.4282432e-01  -6.6234352e-01
  -1.0130909e+00  -2.5272332e+00
  -7.7220728e-01  -1.0089522e+00
  -2.6094893e-01  -2.8893996e-01
  -5.4899957e-01  -5.2138022e-01
   1.4900130e+00   1.9308892e+00
  -3.3613466e-01  -1.7575906e-01
   7.7696731e-01   9.5292106e-01
   2.0765687e-01   8.4853287e-02
   1.7889673e-02  -6.8311812e-02
  -6.4856634e-01  -1.6822465e-01
   1.1180939e+00   1.1940014e+00
   1.3042039e+00   1.2729646e+00
   1.8778672e-01   6.8090383e-02
   6.5530481e-01   1.2799968e-02
  -8.7231651e-01  -5.5957612e-01
  -7.4419984e-02   7.9257434e-02
  -4.7324140e-01  -4.2320815e-01
   1.5272352e+00   1.6546326e+00
   6.4769240e-01   2.1603034e-01
  -3.0726194e-01  -3.8984613e-01
  -3.6144959e-01  -4.5833733e-01
  -1.1565709e+00  -1.1484680e+00
   1.5126583e+00   1.6889264e+00
  -2.2070840e+00  -2.7869635e+00
  -1.8564369e+00  -1.6298770e+00
   5.9587978e-01   3.6018580e-01
   2.4790846e-01   2.1171039e-01
   2.6144099e-01   1.4513455e-01
  -5.5670601e-01  -3.6232066e-01
  -7.7306880e-01  -5.9133750e-01
   5.9664498e-01  -6.7909688e-02
  -5.9374322e-01  -5.4410957e-01
  -1.0075028e-01  -1.5655284e-01
  -1.6509335e+00  -1.4453747e+00
  -3.1325665e-01  -5.0993057e-01
   7.6022117e-02   4.9105600e-01
   3.5507416e-01   3.3150914e-01
   2.7683308e-01   6.7434851e-01
  -5.0744006e-01  -5.6174033e-01
  -2.5531324e-01   1.5618335e-01
   1.2617099e+00   1.3546606e+00
  -8.1192449e-01  -6.1635153e-01
  -1.8574640e-01  -3.7185336e-01
  -9.8039135e-01  -8.6131007e-01
   4.0986600e-01   4.9583460e-01
  -6.3682089e-01  -4.9620599e-01
  -1.2883982e+00  -9.8873235e-01
   1.1867701e+00   1.2309627e+00
  -1.1361587e+00  -1.0618572e+00
   1.1667160e+00   1.3368903e+00
   1.1227989e+00   1.3383320e+00
   4.0548412e-01   1.6955465e-01
   2.1653233e-01   1.3649059e-01
   1.1942034e-03  -1.6677925e-01
  -1.0283016e+00  -9.7727841e-01
   2.8788614e-01   4.2109799e-01
  -2.8654937e-01  -3.7703565e-01
   6.2641883e-01   4.6962900e-01
   1.8612848e+00   2.1865185e+00
   7.1125194e-01   4.4889890e-01
  -8.8693953e-01  -3.0681459e-01
   3.7087650e-01   3.5795558e-01
   5.2453220e-01   7.1855884e-01
  -3.0455142e-01  -6.0365870e-01
  -2.5274502e-01  -4.6505056e-01
  -1.3898975e+00  -1.1385686e+00
   7.9276127e-01   9.4537758e-01
   5.7236101e-01   2.4975223e-02
   5.9551081e-02   1.7795580e-01
  -7.6260937e-01  -9.0410291e-01
   4.5024109e-01   5.8719065e-01
   7.9270064e-02  -3.6939843e-02
  -9.3308173e-01  -1.1338410e+00
  -4.6421301e-01  -5.9905725e-01
  -6.4670263e-01  -3.8766094e-01
  -6.8592651e-01  -7.5473921e-01
  -9.4631411e-01  -7.0689138e-01
  -1.7056577e-01  -3.2557676e-01
   8.4998507e-01   9.8278845e-01
  -4.1333303e-02  -2.1808493e+00
   1.8785066e+00   1.8995240e+00
   1.0569438e+00   1.0359710e+00
   2.5310807e-01   4.3302812e-01
   3.7611471e-01   2.4051625e-01
  -2.5525037e+00  -2.0454561e+00
  -3.2832108e-01  -1.8601759e+00
   1.2601395e+00   1.6639264e+00
   7.6958194e-01   3.3560102e-01
  -7.1558294e-01  -5.1850933e-01
  -5.8831618e-01  -4.1510598e-01
  -1.0429903e-01  -2.8419769e-01
   3.7826982e-01  -5.7649797e-02
   4.3066284e-02   2.4112614e-01
  -1.9660253e-01  -5.1441127e-01
   1.2835113e+00   1.3869426e+00
   9.6351755e-01   9.6440864e-01
  -5.3078645e-01  -6.5199925e-01
   1.7645179e+00   2.1335412e+00
   1.0588384e-01   1.7997078e-01
   2.4933212e+00   2.8151024e+00
  -2.7700692e-01  -4.8259581e-01
  -2.3639407e+00  -1.7413935e+00
  -5.0224702e-02  -2.9830065e-01
   1.3501671e+00   1.4160476e+00
   8.6565252e-01   6.8877611e-01
  -2.3872122e-01  -1.4049094e-01
  -6.2775599e-01  -8.1384571e-01
  -2.6721823e+00  -2.9057684e+00
   5.5248434e-01  -7.1846594e-01
  -5.1361102e-01  -2.7673616e-01
   1.0521074e+00   9.9721246e-01
   1.0488828e+00   1.0950679e+00
  -6.6396737e-01  -3.2027293e-01
   6.5783697e-02   2.5542506e-01
  -1.1239640e+00  -8.4024376e-01
  -3.7136939e-01  -8.9014932e-01
   4.2712608e-02  -8.7404913e-02
   8.9834323e-01   9.5572254e-01
  -1.3516120e-01  -4.3379391e-01
  -8.1452870e-01  -7.8029609e-01
  -1.0148244e+00  -1.1376570e+00
  -4.6510896e-01  -3.0245140e-01
  -3.1893484e-01  -4.0578108e-01
  -7.5088243e-01  -6.4010874e-01
   6.6285953e-01   6.0693710e-01
   2.0444273e-01   2.4363681e-01
   1.1105058e+00   1.0149248e+00
   7.9033208e-01   9.6771900e-01
  -1.3194829e+00  -8.8706188e-01
   1.3978648e-01   6.5345453e-01
  -8.7560968e-01  -9.1000332e-01
   2.1384919e+00   2.3675533e+00
   6.7104030e-01   5.9046097e-01
  -2.4583357e-01  -2.7708800e-01
  -2.9114091e-01  -3.4890156e-01
  -6.4132368e-01  -4.8095649e-01
  -1.9538765e+00  -1.6111727e+00
   7.7236828e-01   8.2853311e-01
  -3.3057259e-01  -3.4338214e-01
  -2.9250588e-01  -1.9572434e-01
  -8.3160994e-01  -7.1355989e-01
  -9.4443302e-01  -9.9059282e-01
  -5.0927263e-01  -4.0872398e-01
   7.5541165e-01   8.4071087e-01
  -1.0296345e+00  -7.6752098e-01
  -3.1811745e-01  -1.4356279e-01
   7.8300889e-01   7.4891838e-01
  -1.1231785e+00  -9.7212507e-01
  -9.5001961e-02  -1.0031872e+00
   1.3755762e+00   1.7753955e+00
  -8.2933201e-01  -7.8151187e-01
  -1.4665516e-01   1.3934893e-01
   3.4024443e-01   3.7498554e-01
   5.0857816e-01   5.2919232e-01
   1.2488156e+00   1.0778422e+00
  -1.7330349e+00  -1.3354115e+00
  -2.6606767e-01  -1.1811043e-01
  -4.1181785e-01  -1.2431193e-01
   6.3779006e-01   5.6814459e-01
   1.5580277e+00   1.5227440e+00
  -4.7014763e-01  -3.2429541e-01
   5.5049380e-01   4.0957604e-01
   7.2004664e-02   1.9534591e-01
   7.9728433e-01   8.6828902e-01
  -1.0309266e-01  -3.4225661e-01
  -1.5643061e-02   1.1896502e-01
  -7.9728463e-01  -9.5516229e-01
   6.5191227e-01   9.4387948e-01
  -1.5613865e+00  -1.2321151e+00
   1.0397148e+00   1.1514279e+00
   3.4671069e-01  -2.1023213e-01
  -5.6757853e-01  -4.3747038e-01
   1.8440434e+00   2.3465967e+00
   5.0169033e-01   4.3538148e-01
   8.2198453e-01   8.4968726e-01
   2.9077532e+00   3.4221449e+00
  -2.2659911e-01  -9.1423203e-01
   5.9917327e-01   7.8991388e-01
   7.7802495e-01   8.3141405e-01
   6.9143914e-02  -5.8899344e-02
  -3.0952078e-01  -9.2415460e-02
   8.6422977e-01   9.8595163e-01
   2.5650787e-01   3.0077856e-01
   1.4993489e-01  -3.5148644e-01
   8.0276183e-01   1.0341185e+00
   8.3792952e-01   8.1123534e-01
  -5.9956155e-01  -6.0405748e-01
   1.6685994e-01  -9.8707820e-02
   1.1513524e-01   4.2778233e-02
   5.2923598e-01   5.9350628e-01
  -1.3963949e+00  -1.2303503e+00
  -2.3618692e-01  -4.3674671e-01
  -1.6396893e+00  -1.4162075e+00
   3.9016302e-01   4.4070565e-01
  -1.9151092e-01   4.4758059e-02
  -7.1792846e-01  -3.5006376e-01
   1.2097100e+00   1.2646970e+00
   6.5591140e-01   6.2454196e-01
  -7.1479334e-01  -1.4059709e+00
  -2.6836003e+00  -2.1780973e+00
   1.1989129e+00   9.4156561e-01
  -1.9872562e-01  -1.5342016e-01
  -9.0382140e-01  -8.4199806e-01
   7.0742404e-01   7.9447124e-01
  -6.4307752e-02   2.6119755e-02
  -2.7374568e-02   1.1933937e-01
  -6.5265753e-01  -6.1724668e-01
  -1.6814109e+00  -1.3107907e+00
   1.1204727e+00   1.2559399e+00
  -6.9572913e-01  -3.3569160e-01
   1.4968295e+00   1.7589564e+00
  -1.2242110e+00  -1.3424980e+00
  -1.5788454e-01  -3.4397552e-01
  -1.4564985e+00  -1.0783484e+00
  -5.3790841e-03  -9.4220719e-03
  -1.6610022e+00  -1.2670846e+00
  -9.4632594e-01  -7.2020465e-01
  -1.4005444e+00  -1.2209728e+00
   6.1997240e-01   5.0207068e-01
  -7.5382467e-01  -6.7980259e-01
  -1.6742541e+00  -1.2938103e+00
   7.8345392e-01   7.7929870e-01
  -1.3856674e+00  -1.1662997e+00
  -7.2280951e-01  -5.4383028e-01
  -9.9118149e-01  -9.7195028e-01
   4.7945683e-01   6.1410792e-01
  -1.4376170e+00  -1.1127065e+00
   1.5043551e+00   1.4603483e+00
   2.2184654e-01   2.1634829e-01
   7.4269745e-05  -1.8071959e-01
   2.7223624e-01   1.6815896e-01
  -2.3369691e-01  -2.1462051e-01
