   1.3005615e+00  -1.1985750e+00
  -6.4888208e-01   9.7589433e-01
  -4.0023435e-02   2.1224295e-02
  -3.8112072e-02  -2.7163651e-02
  -1.9057012e-01   3.5588777e-02
  -5.1652249e-01   4.6550478e-01
  -1.3671404e+00   1.3174384e+00
  -7.8240396e-01   7.4824835e-01
  -1.0633749e+00   1.2092295e+00
  -1.9648291e+00   2.0191735e+00
  -1.7952015e+00   1.7821925e+00
   1.0071707e+00  -8.7676718e-01
   6.1577080e-01  -7.4828047e-01
  -8.8230226e-01   6.2916234e-01
   3.7732644e-01  -1.4927501e-01
  -3.2413445e-02   1.6438549e-01
   7.1102836e-01  -7.6477369e-01
   1.2227705e+00  -1.4469601e+00
  -4.5503348e-01   4.2204962e-01
   4.3358674e-01  -3.5770084e-01
  -6.2049299e-02   3.6905875e-02
  -1.0181758e-01   1.5109108e-01
   4.0497629e-02  -6.1238488e-02
  -9.0869303e-01   1.1174082e+00
  -7.7522171e-02   2.6240189e-01
  -7.0017688e-01   8.7694829e-01
  -2.0880665e+00   2.2477686e+00
  -4.7819893e-01   3.9959625e-01
   1.9948693e+00  -1.9355536e+00
   2.8324188e-01  -2.6143735e-01
   5.0743017e-01  -4.4681719e-01
  -8.3087259e-01   9.1955184e-01
  -1.7528562e+00   1.5422107e+00
   1.6693493e+00  -1.7666059e+00
   2.0706409e+00  -2.1460321e+00
   5.8241312e-01  -5.0142845e-01
   2.0693730e-01  -5.2074712e-01
   2.7855387e-01  -1.0815360e-01
  -3.8580535e-01   5.7668809e-01
   3.6338073e-02   1.3277439e-01
  -1.8411499e-01   3.5704575e-01
  -5.1855332e-01   6.4323863e-01
  -3.5872779e-01   5.3332858e-01
   4.3490384e-01  -3.9872235e-01
  -1.0260789e+00   1.2201873e+00
  -5.4751493e-01   3.6515003e-01
  -7.9333464e-01   8.2634125e-01
  -1.3179561e+00   1.4353682e+00
   1.1888332e+00  -9.7830237e-01
   1.3672507e-01  -3.0023498e-01
  -6.0399171e-01   6.1506811e-01
  -1.4279178e+00   1.2894076e+00
  -1.1542036e+00   8.8521970e-01
  -1.2870968e+00   1.2805659e+00
   4.5644619e-01  -5.1341282e-01
   1.4401154e+00  -1.4018013e+00
   7.7018269e-01  -6.4969031e-01
  -3.9938189e-01   4.4790427e-01
  -5.6542739e-01   3.7688130e-01
   1.1075522e+00  -1.1506550e+00
   1.2634234e+00  -1.2448367e+00
  -2.2563965e+00   2.2518025e+00
   1.1995929e+00  -1.0075434e+00
  -9.5288243e-01   9.7452724e-01
  -5.0486875e-01   2.5646621e-01
   2.4281585e-01  -2.0413490e-01
   8.5782161e-01  -8.4161805e-01
   1.4733314e-01  -1.5104742e-01
  -1.7591630e+00   1.8732158e+00
   7.2588176e-02  -4.3025611e-01
   1.0304832e+00  -1.1315004e+00
  -4.0419384e-02   1.5103844e-01
   2.6939066e-01  -1.5494536e-01
   1.1593445e+00  -1.1329917e+00
  -5.5639663e-01   6.8291803e-01
   9.9764216e-02  -1.2786051e-01
  -3.7925350e-01   7.7885861e-02
  -1.3814014e+00   1.1430887e+00
  -1.8237136e+00   2.1479771e+00
   1.9498660e+00  -2.2289782e+00
  -1.4814888e+00   1.4217400e+00
   5.8920942e-02  -3.2279374e-02
  -1.9443059e+00   1.8609050e+00
  -2.6597226e-02   3.3162594e-02
   4.2610212e-01  -2.5968873e-01
   1.7082705e+00  -1.8785274e+00
  -1.6391866e+00   1.4226797e+00
  -1.3420819e+00   1.5785595e+00
   1.1980222e+00  -9.3694138e-01
   4.5986322e-01  -4.4383961e-01
   1.3986770e+00  -1.4611502e+00
  -9.5104987e-01   7.6182763e-01
  -7.6131390e-01   6.3892331e-01
   1.6972134e+00  -1.9674120e+00
  -6.8354373e-01   4.0770766e-01
   2.5485558e-01  -5.9414826e-01
  -1.9072307e-01   2.1437820e-01
  -2.4912938e-02   1.7876245e-01
   2.3323074e-01  -2.8058602e-01
  -3.6580679e-01   7.9115902e-01
   8.9902359e-01  -9.2213455e-01
   1.1267514e+00  -1.1565980e+00
   2.4283514e-01  -1.4244009e-01
  -2.0379355e-01   1.6694651e-01
   5.9693216e-01  -7.7593967e-01
   1.2003650e+00  -1.2711491e+00
  -1.8141519e+00   1.7025692e+00
   1.6268414e+00  -1.5858193e+00
   5.8668690e-01  -4.2771933e-01
  -1.0365420e+00   1.2528612e+00
   3.6727458e-02  -1.8525771e-01
   1.6548339e-01   3.0952494e-02
   9.8630081e-01  -8.9264966e-01
   1.9531467e+00  -2.0456359e+00
   1.0297062e+00  -1.1365318e+00
   2.8970999e-01  -3.0338392e-01
   1.5492344e+00  -1.3388136e+00
  -7.9749778e-01   8.5961959e-01
   1.2328633e+00  -1.2895090e+00
  -1.1239593e+00   1.1734833e+00
  -3.6501549e-01   2.3457710e-01
  -3.5496886e-01   3.6181124e-01
   2.5739853e-01  -5.3103699e-02
  -3.6249415e-01   3.6207413e-01
  -6.9756143e-01   6.1912976e-01
  -1.0209079e-01  -5.1898625e-02
  -3.3961733e-01   1.4523835e-01
   1.2962369e+00  -1.2863184e+00
  -1.2612886e-01   2.1201929e-01
   1.2024407e+00  -1.2168166e+00
   1.4808747e+00  -1.6101030e+00
   9.4070853e-01  -1.2398639e+00
   7.5620585e-01  -6.3615730e-01
   1.0627382e+00  -1.0337485e+00
  -8.3138147e-01   6.0548701e-01
   2.0917659e-01  -4.3289720e-01
  -8.8089908e-01   1.1623330e+00
  -8.8953912e-01   9.8553851e-01
   2.1920672e-01  -1.4970889e-01
   4.6846785e-01  -4.1560837e-01
   2.5295228e-01  -3.2787574e-01
   6.0652545e-01  -5.5783959e-01
  -1.1334049e+00   6.4531044e-01
   1.6296078e+00  -1.6469134e+00
   5.1979121e-01  -3.4944089e-01
  -5.0752768e-01   4.5154182e-01
  -7.6462210e-01   1.0279827e+00
  -1.8346184e-01   2.8546603e-01
  -6.0607687e-01   3.2193961e-01
  -9.1036920e-01   7.4561974e-01
   4.6046712e-02   7.9079146e-02
  -7.0921697e-03   2.1892513e-01
   3.1878203e-01   3.8845451e-02
   3.9723009e-01  -2.4024330e-01
   3.3783410e-01  -1.9678109e-01
  -1.1096517e+00   1.4371616e+00
   4.4244980e-01  -3.9707552e-01
   1.0394866e+00  -1.2782874e+00
   7.1380665e-02  -4.1712824e-01
  -1.6841238e+00   1.8696871e+00
  -2.3424025e+00   2.1944997e+00
  -2.4481077e-01   6.3004035e-02
  -1.8858972e-01   2.4501805e-01
   7.1463400e-01  -1.0388334e+00
  -1.1957874e-01   1.9186949e-01
  -2.0248702e+00   2.0390198e+00
  -6.8657948e-01   4.4953117e-01
   9.2953221e-01  -1.0592359e+00
   8.2823655e-01  -7.6916961e-01
   1.9005403e+00  -2.1277808e+00
  -2.8443553e-01   2.4691752e-02
   9.0029728e-01  -8.1393766e-01
  -3.1236808e-01   1.8818476e-01
  -7.0593368e-01   5.3936432e-01
  -5.3417547e-01   5.0169091e-01
   8.0154858e-01  -8.8789559e-01
  -1.0954746e+00   9.6751852e-01
  -1.3210985e+00   1.6699575e+00
  -6.3634280e-01   7.4503707e-01
  -1.0190798e+00   1.2601098e+00
   1.8560769e-01  -3.9121139e-01
   8.4283439e-01  -9.9424385e-01
  -4.0735357e-01   5.6836057e-01
   5.8891935e-02  -2.8903028e-01
  -5.8739625e-02   3.6278611e-01
   6.0392115e-01  -6.2617906e-01
   8.5816861e-02   1.3354037e-02
   6.1078253e-01  -3.8999004e-01
  -4.3534332e-01   4.5815094e-01
   2.2934781e-01  -2.4392813e-01
   4.4457710e-01  -6.6033095e-01
  -3.1529678e+00   2.8493782e+00
  -7.1570156e-01   8.5246725e-01
  -1.4523021e+00   1.2994017e+00
  -1.8051286e+00   1.8435898e+00
   1.0128960e+00  -7.8479878e-01
  -1.1206572e+00   1.1401915e+00
   1.1154237e+00  -1.3998516e+00
   1.5128709e+00  -1.4860177e+00
   5.6740161e-02  -2.0434168e-01
   3.4350300e-02   1.0340499e-01
   1.0497291e-01   2.6874428e-01
  -4.8227431e-01   4.5328364e-01
  -1.0500771e+00   1.2832473e+00
   8.1792039e-01  -8.1787668e-01
  -7.0972076e-01   7.3666741e-01
   2.9548858e-02  -4.6780623e-02
  -6.7902919e-01   6.5280249e-01
  -3.2718463e-01   4.2670951e-01
  -1.4190043e-01   2.8968462e-01
  -1.0108300e+00   9.8981854e-01
  -7.3177858e-01   6.8782573e-01
   4.5795891e-03  -2.2075457e-01
   2.5755842e-02   1.7366693e-01
  -3.7438004e-01   7.2246112e-01
  -1.7571179e-01  -7.8569408e-02
   7.4289569e-01  -7.0045305e-01
   1.2210359e+00  -1.1558472e+00
   1.4728483e+00  -1.4245344e+00
   3.7550806e-01   2.9857318e-03
  -3.9898713e-01   4.3947432e-01
  -2.4677482e-02   4.5047467e-02
  -2.8643482e-01   4.7609903e-01
  -9.4336368e-01   7.7739385e-01
  -2.5064673e+00   2.6316219e+00
  -2.7967004e-01   2.9224098e-01
   6.1343647e-02  -2.2899118e-01
   1.7538863e+00  -1.9195054e+00
  -6.3801040e-01   9.9953665e-01
   4.6016491e-01  -3.3157461e-01
  -1.0718986e-01   1.4699436e-01
  -1.4150042e+00   1.4957989e+00
   5.6328353e-01  -7.1994831e-01
   2.6235901e-02  -1.5675528e-01
   1.1354089e+00  -1.1471002e+00
  -8.7680557e-01   1.0108982e+00
  -1.3839509e+00   1.1226946e+00
  -5.6462973e-01   5.3651204e-01
  -2.0370434e-02   4.5158976e-02
  -3.5717972e-01   2.8009225e-01
  -8.5843414e-01   4.7372121e-01
  -5.9207570e-01   4.6059038e-01
   1.4851361e+00  -1.4752760e+00
   3.2759895e-02   1.1521548e-01
   1.4603608e+00  -1.5850886e+00
   4.8413011e-01  -6.0084903e-01
   1.5757070e+00  -1.4573033e+00
  -1.6213684e+00   1.5795008e+00
  -6.7016871e-01   5.2992816e-01
   6.0230645e-01  -8.8553629e-01
   1.0154702e+00  -1.1551187e+00
   8.7088057e-01  -5.9976205e-01
  -8.6510226e-02  -1.4195470e-01
   5.5208508e-03   5.6319681e-02
  -3.2048326e-01   2.0229187e-01
  -9.0866673e-01   1.2226160e+00
  -7.5038515e-01   8.9373535e-01
  -2.6476872e-01   2.1656274e-01
   3.2631742e-02   2.5979288e-01
   3.6841616e-01  -4.4009229e-01
  -1.9708966e-01   2.7019914e-01
  -1.4066738e-01   2.5513950e-01
  -3.0373646e-01   2.2074801e-01
   1.9043283e-01  -8.4477330e-02
  -6.0945263e-01   3.5491670e-01
   1.4311802e+00  -1.3011136e+00
   1.1275752e+00  -1.0347915e+00
  -1.3358161e+00   9.9137837e-01
   9.8746205e-01  -8.8827130e-01
  -1.6370634e-01   4.8165181e-02
   1.2760389e+00  -1.3698941e+00
  -6.5993809e-01   6.0504223e-01
  -8.4339478e-01   5.6325788e-01
   1.2218202e-01   5.0373353e-02
  -4.2014565e-01   5.3727376e-01
   1.4706465e+00  -1.3658979e+00
  -1.0755037e+00   7.8860491e-01
  -2.5109204e+00   2.3339493e+00
  -5.4213384e-01   1.9116259e-01
  -1.2297178e-01   1.1681066e-01
  -1.0363120e+00   1.2359669e+00
  -6.9478751e-01   8.5315592e-01
  -4.1007282e-01   4.0727273e-01
   3.7840007e-01  -4.2995747e-01
   9.1007923e-01  -6.3912922e-01
  -4.8928760e-01   5.4319990e-01
  -1.3141020e+00   1.2744886e+00
  -1.7161133e+00   1.8302792e+00
   1.6839875e+00  -1.6406785e+00
   1.3717891e+00  -1.1149642e+00
   7.0554189e-01  -6.2373723e-01
  -1.6043207e-01   2.8104162e-01
  -7.8866490e-01   8.2950147e-01
  -1.4516512e+00   1.3226467e+00
  -2.2732157e+00   2.0054132e+00
  -7.2645954e-01   6.3556443e-01
   5.8978608e-02  -1.4419910e-01
  -1.3235065e+00   1.3068627e+00
  -4.2358209e-01   1.3113013e-01
   1.0415224e+00  -7.7833086e-01
   6.5737081e-01  -7.5224012e-01
  -3.8401169e-01   2.1755351e-01
   9.1763267e-01  -1.2558468e+00
  -7.3963564e-02  -1.0229912e-03
  -9.5041777e-01   1.1184448e+00
  -1.4218643e-01   3.7168543e-01
  -1.5329764e+00   1.6450321e+00
  -3.1473639e-02  -1.1307449e-01
   3.1380096e-01  -5.3020190e-02
   5.5556117e-01  -4.0136530e-01
   1.8763827e-01  -2.0731247e-01
   3.8521705e-01  -2.5234168e-01
  -1.0081990e+00   1.1060212e+00
  -6.0528364e-02   4.3736162e-01
   3.9342283e-01  -4.7719344e-01
  -6.9049263e-01   3.9959736e-01
   1.1380304e-03   6.0003520e-02
   3.5563676e-01  -3.2924122e-01
  -2.7527923e-02   4.6350533e-01
   5.7461410e-01  -5.6680789e-01
  -1.3214188e+00   1.2280525e+00
   5.1817100e-03  -1.0303549e-01
   6.5142672e-01  -5.8613858e-01
  -1.7106364e+00   1.4771077e+00
  -3.7937727e-01   8.9023478e-01
  -3.0179988e-01   3.5490066e-01
   1.0794869e-01   2.1054421e-01
   2.4004814e+00  -2.6703844e+00
  -7.5694909e-01   8.2480112e-01
  -7.6900560e-02  -1.0900550e-02
   4.6281571e-01  -3.1295903e-01
  -4.5437274e-01   4.3600723e-01
  -1.0055307e+00   1.0959136e+00
  -3.1947406e-01   4.1030773e-01
  -2.0039390e-01  -6.5427941e-03
  -1.5994939e-01   2.6105024e-01
  -1.3510531e+00   1.4084202e+00
  -1.4803094e+00   1.4685268e+00
  -1.7991720e+00   1.7890719e+00
   1.1723908e+00  -1.3925920e+00
  -1.9821948e+00   2.0943627e+00
  -7.4275226e-01   6.0041028e-01
  -7.8759375e-01   1.0260327e+00
   8.2228740e-02  -1.9485746e-01
   1.7009869e+00  -1.7596622e+00
   5.9406459e-01  -4.5891948e-01
   6.2025694e-01  -5.8488709e-01
   5.4191286e-02  -3.7658976e-02
  -1.2486632e+00   8.8375341e-01
  -2.3225777e-01   4.6545149e-01
  -3.4701278e-01   2.8901022e-01
  -7.6924743e-01   8.8708851e-01
  -5.8351519e-01   5.8631019e-01
  -3.6992589e-01   7.2009087e-01
   8.0098492e-01  -5.1588387e-01
   1.1290444e+00  -1.0497410e+00
   2.9158188e+00  -3.0752067e+00
   3.6418486e-01  -3.0446909e-01
   2.4786876e+00  -2.4955826e+00
  -2.8681465e+00   2.6947966e+00
  -3.5114956e-01   4.3361765e-01
   1.6614860e+00  -1.5350481e+00
   3.3696500e-01  -3.6186073e-01
  -2.1817708e+00   2.0400682e+00
   6.4727005e-01  -5.6463782e-01
  -4.2412138e-01   5.9700222e-01
   1.6632184e+00  -1.5700697e+00
   7.7518941e-01  -7.8664484e-01
  -1.5697770e+00   1.3866378e+00
   2.6395415e+00  -2.8696025e+00
  -1.9723070e-01   2.3695989e-01
   1.9840402e-01  -4.9951995e-01
  -6.6644935e-01   6.7051596e-01
  -5.5699836e-01   5.8317332e-01
   1.2100775e+00  -1.1534878e+00
   9.4377429e-01  -1.0207136e+00
  -1.5945977e+00   1.4413618e+00
  -7.5797613e-01   7.9636491e-01
  -1.1985140e-01   1.4100318e-01
   1.4084634e+00  -1.0874260e+00
   9.7042986e-01  -9.0297864e-01
   2.0688954e-01  -2.7374756e-01
  -3.7827542e-02  -3.8426966e-02
  -2.3617499e-01   1.8921499e-01
  -1.3663689e+00   1.3061103e+00
   8.1546569e-01  -5.5976878e-01
  -1.2832354e+00   9.5215932e-01
   1.7328575e-01  -3.0307860e-01
   1.1168400e+00  -1.1565486e+00
  -4.8064924e-01   5.4071904e-01
   1.0511871e-02   1.0050492e-01
  -1.2228625e+00   1.2099808e+00
  -9.4181694e-01   1.3679631e+00
  -9.2035699e-01   9.0276762e-01
  -5.6021880e-01   8.0165177e-01
   1.4228263e+00  -1.2295394e+00
  -8.5142151e-01   8.3976482e-01
  -2.4166128e-01   2.1815126e-02
   3.6597712e-01  -6.7475779e-01
   6.1792750e-01  -3.5966669e-01
   2.8958015e-01  -9.5468126e-02
  -4.7934791e-01   8.1130517e-01
   1.0090089e+00  -1.0149077e+00
   3.7069903e-01  -5.9381381e-01
   1.0522215e+00  -9.3333930e-01
   2.2887886e-01  -3.8481302e-01
   9.3245192e-01  -1.2170893e+00
   1.1142354e-01  -2.0798125e-01
   2.1497645e+00  -2.5667977e+00
   1.4386082e+00  -1.3165090e+00
   5.6425455e-01  -7.0038499e-01
   5.3832275e-01  -4.8069803e-01
  -1.1353936e+00   1.1129350e+00
   5.2011065e-02   7.0517444e-03
  -1.0879923e+00   1.1771111e+00
  -6.3713837e-01   4.7693413e-01
  -2.4424416e-01   2.4889488e-01
   3.5657690e-01  -1.6024330e-01
   1.3600834e+00  -1.3678295e+00
  -1.2426120e+00   1.3659932e+00
  -1.5985266e+00   1.6663045e+00
   1.2606709e+00  -1.2029647e+00
   1.9496415e-01   6.7904247e-02
  -1.8833712e-01  -1.4408198e-01
   7.1492935e-01  -6.5738615e-01
  -5.2441724e-01   5.6039148e-01
   1.6695909e+00  -1.7290146e+00
  -6.5034321e-01   6.1098117e-01
   1.2892697e-01   1.2173767e-01
  -7.7563657e-01   7.6720320e-01
  -1.3721093e+00   1.2393818e+00
   1.7799570e+00  -1.6772208e+00
  -7.0212257e-01   6.2361644e-01
   2.2369095e+00  -2.3922824e+00
  -6.8669545e-01   6.1881483e-01
  -1.6127532e+00   1.5677249e+00
  -7.4050770e-01   7.2507681e-01
   1.0964226e+00  -1.0005098e+00
  -1.4331613e+00   1.2559437e+00
   1.6172254e+00  -1.6478671e+00
   1.8811300e+00  -2.0683058e+00
   1.8724648e+00  -1.7778976e+00
   1.0163030e+00  -8.9414083e-01
   1.1914059e+00  -1.3729398e+00
  -1.2223067e+00   1.0472109e+00
  -1.6200907e-01   5.1633225e-01
  -4.4107023e-02  -1.0004293e-01
  -7.4350610e-01   9.8382736e-01
   5.0269314e-01  -3.2166932e-01
  -3.3999132e-01   3.0296161e-01
   5.1482307e-01  -4.8210163e-01
  -2.5292286e-01   1.7699946e-01
   6.0382623e-02   1.8846036e-02
   3.7412258e-01  -1.7924193e-01
  -2.7453559e+00   2.5771120e+00
   1.5254035e+00  -1.7185973e+00
  -1.2227791e+00   9.0766220e-01
   6.0190477e-01  -5.7875185e-01
   9.8127191e-01  -1.0032819e+00
   3.7542460e-01  -5.5599319e-01
  -8.3927535e-01   6.1421700e-01
   6.1438205e-01  -8.1267865e-01
  -7.4494894e-01   8.2884806e-01
  -2.5858141e-01  -1.0859618e-01
  -8.6170788e-01   9.6096132e-01
   1.5464073e+00  -1.3949123e+00
  -1.0290108e-01   1.7972300e-02
   1.2484879e+00  -1.1702281e+00
   4.2886430e-01  -2.6366250e-01
  -7.7649585e-01   1.0612523e+00
   1.0666821e-02  -5.2197466e-02
  -1.2230058e+00   9.9663809e-01
  -1.3091480e+00   1.1250682e+00
   1.0347229e+00  -1.0005299e+00
   8.7241957e-01  -9.6997511e-01
   1.5645280e+00  -1.6583314e+00
  -1.2968818e+00   1.2587508e+00
   1.1888557e+00  -8.5344763e-01
   3.1547561e-02   1.9307459e-01
  -1.9615950e-01   1.0876009e-01
  -2.7963739e+00   2.3591045e+00
   5.9023012e-01  -5.2047019e-01
  -1.4232270e+00   1.1517100e+00
   7.4751827e-01  -6.8875574e-01
  -9.2498512e-01   6.8637668e-01
   3.0693433e-01  -3.6552394e-01
   2.2405795e+00  -2.3585069e+00
  -6.6096575e-01   2.7002456e-01
  -8.4602120e-01   7.8316807e-01
   4.3722388e-01  -3.9134090e-01
  -1.8460203e+00   1.9201198e+00
  -5.2277151e-02   2.3802058e-02
  -6.6278024e-01   8.1789588e-01
   1.1914439e+00  -1.2486270e+00
   4.5519884e-01  -2.1920002e-01
   1.3811672e+00  -1.4685499e+00
  -4.4188824e-01   6.9149044e-01
   7.5662273e-01  -9.0691020e-01
   1.5824859e+00  -1.5678752e+00
   2.0566003e+00  -2.2069342e+00
   3.7708123e-01  -4.4865499e-01
  -3.0162040e-02  -1.7660767e-01
  -2.0419889e-01   3.3768076e-01
   7.5816290e-01  -9.5695977e-01
  -4.2253737e-01   3.7462110e-01
   1.0775116e+00  -1.3748609e+00
   8.4545369e-02  -4.0350493e-01
   9.4547299e-01  -7.4059942e-01
   3.5870698e-01  -1.7296433e-01
  -4.0090520e-01   4.3375552e-01
   2.6707576e-01  -1.1029323e-01
   1.6358128e+00  -1.4855262e+00
   2.3452063e-01  -1.5380476e-01
  -1.6022888e+00   1.7956066e+00
   2.0689944e+00  -1.9919301e+00
  -1.8315222e-02  -1.7175027e-01
  -1.1049757e+00   1.0884051e+00
  -8.1721536e-01   5.7047061e-01
   2.8446175e+00  -3.3912830e+00
  -2.6648499e-01   2.4988399e-01
   2.3340649e-01  -3.1693015e-01
   1.6186856e+00  -1.8632124e+00
  -1.6994914e+00   1.9610073e+00
   8.9917127e-01  -8.6811437e-01
   7.8199886e-01  -7.7218256e-01
  -3.8263302e-02  -4.0505912e-02
   1.0203167e+00  -1.0059668e+00
  -1.3634934e+00   1.5298639e+00
   3.9515528e-01  -2.3748660e-01
   1.5065210e-01  -2.0883132e-01
   6.2578256e-01  -5.2202908e-01
  -1.7003832e+00   1.5722624e+00
  -8.5012148e-01   1.0068630e+00
  -2.1134090e+00   1.9452243e+00
   1.5958561e+00  -1.9851922e+00
  -5.9123743e-01   3.1522880e-01
   1.0112723e-01   6.9932324e-03
  -6.5689171e-01   1.0413206e+00
   7.1613088e-01  -5.4936603e-01
   1.4669419e+00  -1.8202590e+00
   1.9954341e-01  -6.6484494e-02
   7.4311697e-01  -6.6073488e-01
   9.5611758e-01  -1.1808068e+00
  -1.0280776e-01   1.8861775e-01
  -8.6196929e-01   7.9115469e-01
   2.1131829e+00  -1.8772852e+00
   1.7414441e+00  -1.6805975e+00
   2.6210906e+00  -2.9531711e+00
  -1.2753761e+00   1.1447878e+00
  -7.6418062e-01   5.3392470e-01
  -2.2562145e-01   3.0888711e-01
   3.1862004e-01  -3.9307968e-01
  -1.7038798e+00   1.5750169e+00
  -1.2780880e+00   1.4800096e+00
   1.7257160e-01  -2.7395343e-01
   8.3108146e-01  -7.5586007e-01
   1.6441742e+00  -1.6436712e+00
  -7.1782249e-01   9.5387457e-01
  -3.6444599e-01   1.9312691e-01
  -1.7670479e-01   1.4524071e-01
  -7.2430429e-02   8.4283806e-02
   2.2997522e-01  -2.7083273e-02
  -6.4101062e-01   6.9381864e-01
   3.6368976e-01  -3.2955292e-01
   2.1993990e+00  -2.2131780e+00
  -8.4646093e-01   9.4311610e-01
  -8.9999467e-01   1.1299723e+00
  -7.3425508e-01   9.8320671e-01
   3.3694167e-01  -2.9131081e-01
   2.7500794e-01  -2.5426182e-01
  -2.0119574e+00   1.8108386e+00
  -1.0352534e+00   7.9561388e-01
  -5.8224198e-01   7.0691630e-01
   7.4225959e-01  -5.0250805e-01
   1.0055732e+00  -1.0808377e+00
   2.0181896e-01   2.3573998e-02
  -1.0032174e+00   1.1135553e+00
   7.3240598e-01  -6.8707273e-01
   9.7375196e-01  -1.1360674e+00
   4.0566917e-02   1.0883870e-01
   3.9330340e-01  -5.1164485e-01
  -8.7726587e-01   6.7087661e-01
   2.6952489e-01  -3.7121746e-01
   1.7293448e+00  -1.8509809e+00
  -3.0593639e-02  -9.7644853e-02
  -1.8887451e+00   1.8915082e+00
  -4.1746701e-01   3.2057337e-01
   1.4520517e+00  -1.3644561e+00
   1.5933062e-01  -2.3723826e-01
  -2.1873386e+00   2.2631048e+00
  -9.9634696e-01   8.1552740e-01
  -2.0210641e+00   1.8363173e+00
   1.2104540e+00  -1.2232776e+00
  -6.4429197e-01   4.0928669e-01
  -1.3954808e+00   1.8583964e+00
   3.3554906e-01  -5.3630591e-01
  -5.9776313e-01   5.4752354e-01
  -7.2252179e-01   6.5655836e-01
   6.0737422e-01  -5.0849368e-01
  -1.2009227e+00   1.0781098e+00
   3.4979700e-01  -1.8054256e-01
   6.4696658e-01  -4.2168507e-01
   5.3565785e-01  -3.9159968e-01
  -2.4890729e-01   4.8053199e-01
   7.2036096e-01  -6.7031941e-01
   2.6927584e-02   1.5093124e-01
  -2.1097363e-01   1.2682507e-01
   1.3467678e-01  -7.8579587e-02
  -2.8021061e-01   4.2210701e-01
  -1.0566311e+00   1.0819262e+00
   2.7572387e+00  -3.1539951e+00
   2.8187982e-01  -3.5441888e-01
   2.2007759e+00  -2.5898513e+00
   7.4621524e-01  -6.7843667e-01
   1.0642941e+00  -1.0911015e+00
   9.8587711e-01  -6.6335070e-01
   1.1194346e+00  -1.2135102e+00
  -3.1125862e+00   3.1243799e+00
   4.7716437e-01  -3.3317995e-01
  -8.2142721e-01   7.0118851e-01
  -1.5091581e+00   1.4546776e+00
  -1.2410139e+00   1.3691535e+00
  -5.2601767e-01   3.5337847e-01
   3.8001356e-01  -1.4606262e-01
  -1.6822509e-01   6.5591632e-02
   1.3020703e+00  -1.1893137e+00
   7.2860007e-01  -5.7743967e-01
  -1.5189815e-01   2.7475276e-01
   2.2686251e-01  -3.1394327e-01
  -1.1830516e+00   9.3694669e-01
   1.1312821e+00  -9.5770577e-01
  -8.1976278e-01   3.9115403e-01
   2.5807106e-01  -1.5551087e-01
   1.3026354e+00  -1.0958648e+00
   4.2130492e-01  -2.1208786e-01
  -6.6098316e-01   7.2974338e-01
  -6.4873393e-01   9.4653975e-01
   1.4599390e+00  -1.3068733e+00
   4.7423334e-01  -4.0648090e-01
   4.8859948e-01  -6.6275710e-01
  -6.0125370e-01   6.9001371e-01
   2.0971429e-01  -8.7694678e-02
   9.5845149e-01  -9.0316983e-01
  -5.3528417e-01   7.3130257e-01
   6.0894610e-01  -5.0392693e-01
   1.9127739e-01  -2.1613916e-01
  -1.1021871e+00   8.4010534e-01
   1.6226649e+00  -1.4825328e+00
  -7.9646821e-01   6.7749178e-01
  -1.4442380e-01   2.0562697e-01
   4.8830052e-01  -4.8935766e-01
   1.1166844e+00  -1.1295477e+00
  -2.7511274e-01   3.0696059e-01
  -2.6159713e-01   4.3585241e-01
   6.7520416e-01  -6.7096414e-01
  -5.7296912e-01   4.0190109e-01
  -2.0596798e+00   2.2560010e+00
   2.6006123e-01  -2.7424256e-01
  -1.2494040e+00   9.4935083e-01
   1.4118255e+00  -1.4602691e+00
   8.0788095e-01  -6.5475874e-01
  -2.5600126e+00   2.5174740e+00
   2.1928326e+00  -2.1672499e+00
   5.5542260e-01  -3.5029350e-01
  -1.8824178e-01   6.7653296e-02
   1.5701130e+00  -1.6631925e+00
  -7.9495904e-01   1.0026052e+00
  -1.5353037e-01   4.4348546e-01
   1.5122330e+00  -1.5343772e+00
  -1.7355678e-01   2.2819118e-01
  -2.4378505e-01   2.4559633e-01
   8.0756038e-01  -9.4360105e-01
   3.3098883e-01  -3.3339462e-01
   6.5925075e-03  -3.5919693e-02
  -3.0763168e-01   2.0651177e-01
   1.3099115e-01  -1.4630006e-01
   7.5752932e-01  -9.7334332e-01
   8.9177464e-01  -9.2752584e-01
  -1.0509448e-01   2.2514347e-01
  -2.6601047e-01   4.7356854e-01
   2.4398891e-01  -7.0205351e-02
  -8.5283533e-01   7.7763136e-01
   1.3649512e-01  -1.3089148e-01
  -1.1881337e+00   9.5543276e-01
  -2.8597887e-01   4.2887492e-01
   8.0958861e-02  -7.9040643e-02
  -1.4984440e+00   1.8194379e+00
   1.9439081e+00  -1.9022625e+00
   6.1678394e-01  -7.0373462e-01
  -1.0746622e+00   8.5071798e-01
  -3.3250674e-01   1.9526115e-01
  -1.3543401e+00   1.2428300e+00
   2.6995490e-01  -4.4335432e-03
  -2.5243757e-01   1.6052641e-01
  -5.5838917e-01   3.1307624e-01
  -4.2007282e-01   6.4056243e-01
  -3.3153457e-02   1.8027428e-02
  -1.6657178e+00   1.7447798e+00
  -2.4287707e+00   2.5918198e+00
   8.4630905e-01  -4.2148674e-01
   1.4268318e+00  -1.6072813e+00
  -2.2946337e-01  -1.2139704e-01
  -1.0514460e+00   1.2513318e+00
   6.2690866e-01  -4.0869888e-01
   1.9206720e+00  -2.1957554e+00
  -9.4726034e-02   1.7913814e-01
   1.3051172e+00  -1.1354633e+00
   2.4851323e-01   9.5743917e-02
   1.4849967e+00  -1.3535505e+00
  -6.9934614e-01   7.6836277e-01
  -2.9476514e-01   2.6313230e-01
  -1.2183513e+00   1.0504280e+00
   3.4208476e-01  -3.6667404e-01
   7.5376691e-01  -7.7080354e-01
   5.5210317e-01  -5.1507674e-01
  -4.3542355e-01   4.7158341e-01
  -5.7801913e-01   6.2538684e-01
   6.1658051e-01  -4.7702682e-01
  -1.1759305e+00   9.5236976e-01
  -7.3305939e-02   2.0496888e-01
   1.4969671e+00  -1.4084948e+00
  -5.3908515e-02   8.8176523e-02
  -2.5486162e+00   1.9964651e+00
  -5.6611151e-01   8.0460601e-01
   3.6454980e-01  -2.9786566e-01
   1.4502408e+00  -1.7794299e+00
   1.5018520e-01  -2.3196395e-01
   7.0247408e-01  -7.6149850e-01
   9.7563408e-01  -8.7848552e-01
   1.5929903e+00  -1.4003986e+00
  -1.6567822e+00   1.4588604e+00
   8.9181405e-01  -7.8183898e-01
  -7.7442631e-01   5.5424237e-01
   1.1077021e+00  -9.4217449e-01
   9.2694793e-01  -9.2967525e-01
   1.9352338e-01  -2.8011372e-01
   4.9571459e-01  -5.2091695e-01
  -4.3530601e-01   4.1522898e-01
  -3.9101091e-01   6.6048422e-01
  -8.2094239e-01   6.8437255e-01
  -1.0965812e+00   1.0166491e+00
   5.6123707e-01  -5.5209303e-01
  -6.2863336e-01   7.7588603e-01
  -1.8391200e+00   1.8616104e+00
  -1.1889207e-01   1.8332614e-01
  -1.8307268e+00   2.1077752e+00
   2.2933898e-01  -2.0381319e-01
  -3.4991464e-01   5.8088725e-01
  -1.6577122e-01   1.8619664e-01
   6.7880478e-01  -7.5485511e-01
  -3.3145644e-01   2.6293117e-01
   1.2955769e-01  -9.5522253e-02
   1.3895389e+00  -1.5898754e+00
  -8.6687509e-01   9.8673485e-01
  -1.0233734e-01   9.1932453e-02
   9.0970819e-01  -9.6863329e-01
   3.6043549e-01  -3.1435873e-01
   8.1574118e-02  -3.6569293e-01
   5.1590318e-01  -5.2442727e-01
   1.5507355e+00  -1.3786997e+00
   6.5340979e-02  -2.5912155e-02
   5.0865262e-01  -3.1820908e-01
  -1.5374024e+00   1.5442307e+00
  -5.0444908e-01   3.1228933e-01
  -7.7569490e-01   7.9629147e-01
  -1.1685602e-01   2.6996843e-01
  -1.0248740e+00   8.1227897e-01
  -1.8897019e-01  -1.1582959e-01
   8.5420593e-02  -1.0432936e-01
  -1.1451945e+00   1.5109343e+00
   1.1224088e+00  -1.0076951e+00
   4.5203516e-02   1.6902872e-01
   1.0601117e+00  -9.6753371e-01
   1.6078774e+00  -1.6051093e+00
  -6.2779970e-01   5.7961040e-01
  -9.7742803e-01   9.1814483e-01
  -2.9502081e-01   6.0030928e-03
  -6.7663684e-01   7.1219290e-01
   1.2920774e+00  -1.2781278e+00
  -1.0631488e-01   3.2022155e-01
   1.0484148e+00  -1.0774482e+00
   1.1683597e+00  -1.2914629e+00
   1.0163296e-01  -1.2039114e-01
   8.0010043e-02  -1.6275487e-01
   1.0106760e+00  -9.0738525e-01
   1.1730793e+00  -1.1461687e+00
  -4.2578331e-01   2.2527347e-01
   2.0781798e+00  -2.1072733e+00
   7.0551959e-02  -6.9629358e-02
   1.2030976e+00  -1.1038749e+00
   1.0267506e+00  -8.4594993e-01
  -1.2190471e+00   1.1849550e+00
  -2.8023020e-02   1.3990728e-01
   3.1556303e-01  -3.6362992e-01
  -1.2535155e+00   1.6096590e+00
  -1.8161201e+00   1.5719888e+00
  -6.6173348e-01   6.4679894e-01
  -4.3246378e-01   1.9950064e-01
   8.1121909e-01  -7.6926896e-01
  -1.2658137e-01   3.3153379e-01
  -5.2951701e-01   3.2573041e-01
   1.7966734e-01   6.1328291e-02
  -1.7414366e-01   2.6478023e-01
  -2.5615731e+00   2.6746748e+00
  -4.2720517e-01   3.4952989e-01
   5.5973782e-01  -7.6013794e-01
  -2.0307347e+00   1.6839974e+00
   1.7356966e+00  -1.7692228e+00
  -7.3194695e-02  -1.4178798e-01
   1.9462046e-01  -1.9806762e-01
  -4.3097925e-01   5.3191628e-01
  -1.6922085e+00   1.6059757e+00
  -1.1913849e-01   2.8671671e-01
  -4.4189922e-01   2.3341218e-01
   1.3267294e+00  -1.4703121e+00
  -9.6705816e-01   1.1728309e+00
   3.6077176e-01  -4.9948702e-01
   2.0141342e+00  -2.3583985e+00
   4.5333251e-01  -1.2872592e-01
  -3.8214036e-02  -5.7577542e-02
   7.1867093e-01  -9.6118322e-01
  -1.0659255e+00   1.0486306e+00
   1.1376429e+00  -1.0280653e+00
   1.4837180e+00  -1.6365874e+00
   1.6450476e+00  -1.4810767e+00
  -7.3450548e-02   2.4623582e-01
  -1.2345938e+00   1.4226124e+00
  -1.0530453e+00   9.2084664e-01
  -1.3845908e+00   1.0117310e+00
   6.7248536e-01  -4.2222069e-01
   8.1389749e-01  -8.7359609e-01
   3.3144987e-01  -4.5461498e-01
   1.0587093e+00  -9.9473341e-01
   3.6763556e-02   1.8288767e-01
   9.4382332e-01  -1.0863803e+00
   8.4212252e-01  -8.2602236e-01
   6.4059488e-01  -3.6687711e-01
   6.6896019e-01  -4.3868974e-01
  -8.2100990e-01   6.5938963e-01
   2.2902241e-02  -2.5163804e-01
   1.5398588e-01  -3.1671267e-01
  -1.2762902e+00   1.3839993e+00
  -2.8501487e-01   7.7626405e-02
  -3.4531142e-01   1.3428288e-01
   1.1159552e+00  -1.1877360e+00
  -3.5180954e-01   1.2707316e-01
   1.1244539e+00  -1.0765169e+00
   5.4899218e-01  -5.6674456e-01
  -1.4219410e+00   1.5054832e+00
  -6.3754950e-01   8.4364021e-01
  -4.1737509e-02   1.4012748e-01
   1.6110927e-01  -1.7418959e-01
  -3.0627595e-01   6.8620373e-01
  -2.6124164e-02   3.2624670e-01
   5.9851113e-01  -5.8897459e-01
  -7.4349713e-01   1.0695350e+00
   2.0601805e-01  -1.3074399e-01
   1.5975341e+00  -1.5003018e+00
  -5.3735148e-01   6.0922192e-01
   3.8374213e-01  -5.3788740e-01
   8.6561915e-01  -9.4074585e-01
   2.2068250e-02   6.5166429e-02
   9.2800737e-01  -7.5665857e-01
   7.5112042e-01  -9.2803504e-01
   1.0822825e+00  -1.0641164e+00
  -1.1926202e-01   2.2185691e-01
   3.3401658e-01  -1.0185260e-01
  -4.1070548e-01   2.4360652e-01
  -1.1633588e+00   1.0839348e+00
  -1.3317075e-01   1.5207381e-01
   1.6249420e+00  -1.3217724e+00
   3.8741463e-02   1.5728945e-01
   1.9986499e-01  -8.5827197e-02
  -1.9846797e-01   4.0296832e-01
   7.8696420e-01  -5.1627974e-01
   1.9445263e-02   6.1218961e-03
  -5.5074141e-01   7.0683418e-01
   7.1154305e-01  -7.5001863e-01
   3.6631279e-01  -4.2709987e-01
   6.8931781e-01  -6.3697192e-01
   5.2435535e-01  -4.8020346e-01
   3.6297218e-01  -4.5451333e-01
   3.7436170e-01  -5.3541704e-01
  -3.5943621e-01   3.4195072e-01
  -9.6429692e-01   8.7156973e-01
  -8.5245861e-01   1.0501523e+00
  -1.1882760e+00   1.1412383e+00
   1.1120697e+00  -1.1966030e+00
   6.4090832e-02  -1.9013527e-01
  -7.2778098e-01   5.8546775e-01
   1.8392786e-01  -1.7979770e-01
   2.1854260e+00  -2.0580824e+00
  -8.7997924e-02   1.4193639e-01
   8.8343906e-01  -9.8642296e-01
  -3.0308348e-01   4.3585621e-01
  -3.2611360e+00   3.3883144e+00
   4.2180158e-01  -3.9981405e-01
   6.0841201e-01  -4.9500588e-01
   4.0568811e-02   1.9937400e-01
  -1.3041883e+00   1.2309473e+00
  -7.9502822e-01   7.2802144e-01
   7.1377108e-01  -5.0450774e-01
   3.1945589e-01  -1.3864797e-01
   2.0003685e-01   5.3472236e-02
   2.0011881e+00  -2.0787090e+00
  -1.2287234e+00   1.2154563e+00
   4.4408281e-01  -3.4627751e-01
   8.2242380e-01  -9.2940269e-01
   2.4824309e-01  -3.3482599e-01
  -1.0971810e-02  -8.9475994e-02
  -6.5053016e-02   5.8803389e-02
   8.7160399e-01  -9.5535802e-01
  -8.8688493e-02   1.9674659e-01
  -2.0913796e+00   1.9451082e+00
   6.6859175e-01  -6.8220317e-01
  -2.7816946e-01   2.2776859e-01
   1.3648545e-01  -2.8722561e-02
   4.1554847e-01  -1.7696447e-01
  -6.7791337e-01   7.0041567e-01
  -1.2944065e+00   1.3180312e+00
  -7.8767650e-01   9.0156011e-01
   7.8074740e-01  -8.5827479e-01
  -2.7238918e-01   3.6297184e-01
  -7.4446063e-01   5.0601687e-01
  -8.8578948e-01   7.8346198e-01
  -5.8438841e-01   7.1743215e-01
   1.1908182e+00  -1.3288459e+00
   6.1339099e-01  -5.1244834e-01
   8.0371093e-01  -4.7951273e-01
   6.9715427e-02  -9.3190644e-02
  -3.6440797e-01   5.6585743e-01
   1.2694454e-01   1.6596857e-02
  -1.2725683e+00   1.1188993e+00
   1.0516217e+00  -1.0664974e+00
   8.2381620e-01  -6.1746747e-01
   1.3908417e-01  -3.0843187e-01
   2.3334894e-01  -3.6456382e-01
  -3.7550963e-01   6.0236032e-01
   5.1062729e-01  -4.5538474e-01
   5.0501976e-01  -1.6003756e-01
  -6.3087133e-01   5.1000316e-01
  -1.7159203e+00   1.5357041e+00
  -1.8471110e-02   1.8429086e-01
  -2.0204758e+00   1.9146403e+00
  -9.0961476e-01   9.5898483e-01
  -1.0192406e+00   8.6991765e-01
  -2.3358915e-01   3.4344734e-01
   8.6454619e-01  -8.7108352e-01
  -5.8683695e-01   2.2745035e-01
  -1.1873010e+00   1.2157091e+00
   1.0259029e+00  -9.4849886e-01
   6.4573270e-01  -7.5375249e-01
   2.1023635e+00  -2.0125774e+00
  -3.7877548e-02   1.4160357e-01
  -8.0526360e-01   6.9431896e-01
   7.8192109e-01  -6.6241617e-01
  -1.0192117e+00   1.0298131e+00
   4.5672958e-01  -4.7783307e-01
  -6.2334037e-01   1.0126563e+00
   1.9443769e-01  -6.3117234e-02
  -2.8161366e-01   2.0093641e-01
  -1.1490411e+00   1.2424116e+00
   2.1512557e+00  -2.3299938e+00
   6.1299249e-01  -5.3833992e-01
  -5.2220601e-01   3.0286632e-01
  -1.2948531e+00   1.1782091e+00
   8.9614037e-01  -8.8284492e-01
  -2.1251244e-02  -1.8626397e-01
  -8.7850687e-01   1.1296805e+00
   8.1378615e-01  -9.1902751e-01
   2.1012036e-01  -3.5882570e-01
  -2.5281667e-01   2.4035727e-01
  -1.5389409e-01   2.1744740e-01
  -4.3707051e-01   4.2867012e-01
  -5.3454499e-01   6.4539497e-01
  -4.5631084e-01   5.1602805e-01
  -1.2311188e+00   1.0750980e+00
   2.8884789e-01  -2.4977168e-01
   3.1647322e-01  -5.1218297e-01
  -4.3631038e-01   2.4222760e-01
   2.8518284e-01  -4.3327281e-01
  -2.6070659e+00   2.8092040e+00
   5.8890764e-01  -6.2305377e-01
  -2.9117571e-01   3.3596223e-01
  -9.5506279e-01   1.0189911e+00
   4.0407487e-01  -3.8997227e-01
  -1.5322967e+00   1.2356815e+00
   1.1047909e+00  -1.0300220e+00
  -6.7866203e-01   5.4953636e-01
  -7.9364450e-01   9.1193885e-01
   3.2094480e-01  -4.0986134e-01
   1.6927929e+00  -2.0158531e+00
   1.6256800e+00  -1.6582237e+00
   2.1791321e-01  -2.6710607e-01
  -2.0366864e+00   2.0912798e+00
   2.7303999e-01  -1.5151288e-01
   7.8243182e-01  -5.7619707e-01
   8.8483064e-01  -7.4829844e-01
   7.6361775e-01  -6.2019282e-01
   1.0270281e+00  -8.1179176e-01
