   5.9180623e-01  -7.0552638e-01
   1.1814749e-01  -2.2201106e-01
  -8.5324669e-01  -7.8713374e-03
  -1.4639047e+00   1.1136769e+00
  -8.1946899e-01   5.0512086e-01
   5.0177792e-01  -7.8989450e-01
   6.6272523e-01  -2.9264708e-01
  -8.5868163e-02   1.2018515e+00
   9.1562042e-01  -6.2718111e-01
  -1.5226862e+00   7.6875670e-01
   5.4199419e-01   4.3860142e-01
  -1.7088027e-01   1.3725139e+00
   3.8117700e-01   2.7443282e-01
  -1.7681677e+00  -6.4996143e-01
  -4.3570879e-01   1.6437327e+00
   1.6305784e+00  -1.0110317e+00
  -2.4968341e-01   1.1950536e+00
  -5.0711575e-01  -2.5172396e-01
   4.7422277e-01  -4.9477155e-01
  -1.2727590e+00   2.3936838e+00
   1.1388342e+00  -6.5254809e-01
   1.0717801e+00  -1.5229486e+00
  -1.5993531e+00   9.9304437e-01
  -4.7622484e-01  -1.0290936e+00
   7.8043573e-02   1.4904022e-01
   8.9980340e-01  -1.1423301e+00
  -2.1559683e+00   1.6347164e+00
  -5.6563446e-01   1.2588412e-01
  -2.1296779e-01   7.6664633e-01
  -5.2022891e-01  -1.0953067e+00
   3.2246957e-01   1.8256998e+00
   1.7303907e-01  -6.1321955e-01
   2.7478901e-01   1.1124930e+00
  -4.9145925e-01  -4.2903165e-01
  -9.5620823e-01   2.0298236e-01
  -1.0911522e+00  -9.4605013e-01
  -1.2952777e+00   8.4581002e-01
   8.6112815e-01   7.6754815e-01
  -1.9325240e-01   7.8862090e-01
   3.6399686e-01   6.5773371e-02
   2.9733993e-01   8.4703456e-01
  -9.0058877e-01   8.5986205e-01
  -2.7169479e+00   1.8324433e+00
  -3.8915093e-02   6.0100681e-02
  -2.6105605e+00   1.5986336e+00
   1.6367918e-01   2.3642904e-01
   1.2089554e+00  -1.7446955e+00
  -4.4002074e-01   7.6901786e-01
  -2.2335044e+00   1.1162292e-01
  -1.1301114e-01  -1.1744501e+00
  -1.7453044e+00   2.4890370e-01
  -4.6090162e-01   2.2916610e+00
  -1.9099631e+00   1.0083026e-01
   1.2062844e+00  -8.9662615e-01
  -3.9020830e-02  -2.8889206e-03
  -3.3773647e-01   5.7045084e-01
  -2.6367744e-01   3.7783002e-01
  -1.9907867e-01  -1.1224969e+00
   6.6447363e-01   1.9473921e-01
  -6.4315978e-02   2.0185298e+00
   7.6398696e-01   2.2512971e-01
  -2.3452051e-01  -8.7907112e-03
   9.3647312e-01   8.8021814e-01
  -1.5318938e-01   8.4522076e-01
  -1.8548992e+00  -3.7918982e-01
  -2.9309063e-02  -2.1519942e+00
  -1.1213497e+00  -5.3836944e-01
  -9.8916351e-01   5.0051610e-01
   1.3689860e+00  -1.5566396e+00
  -2.3376648e+00   6.6531688e-01
  -3.0836405e-01   2.3954356e-01
   9.5777265e-01  -4.6106531e-01
  -3.3392477e-01  -1.5347282e+00
   6.3080018e-02   9.1102465e-01
  -2.0362183e+00   8.9558088e-01
   8.6771941e-02   1.2930099e+00
  -1.0389150e+00  -8.8036283e-03
   4.2686976e-01   2.2164623e-01
   1.1702900e+00  -7.4641137e-01
   4.3009177e-01   5.8019684e-01
   9.7223410e-01  -1.6000571e-01
   1.5766435e+00  -5.6129865e-01
   1.9321388e+00   4.7880522e-02
   7.7094653e-01   3.0993610e-01
  -1.5717529e+00  -1.0309964e+00
   6.3166742e-01   4.9901154e-01
   1.2274403e+00  -1.0626751e+00
   5.4222750e-01  -1.4764949e+00
  -4.8475840e-01   6.6168263e-01
  -1.0168164e+00   8.9680585e-01
  -9.9343160e-01  -5.5976690e-01
   1.1023985e+00  -1.8472906e+00
   3.1327395e-02   1.5419653e+00
   1.1001370e+00  -2.0109441e+00
  -2.6929298e-01   1.3400008e+00
  -6.0902724e-01  -1.1467556e+00
   6.8970083e-01  -1.4303067e+00
  -4.0427325e-01   1.8315167e+00
  -3.7772589e-01  -7.5808340e-01
   6.9597042e-01   8.1119244e-01
  -1.0547105e+00  -2.2351798e-01
   1.5366368e-01  -8.6711304e-01
  -8.7309400e-01   8.4747949e-01
  -5.8203567e-02   1.2600914e+00
  -6.8127299e-01  -1.2472284e-01
  -1.9191106e-01   4.2849417e-01
  -2.3970796e-01  -8.4902832e-01
  -9.7921594e-01   6.9219488e-01
  -5.8742195e-01   1.5885674e+00
  -7.9088917e-02   9.4032517e-01
  -2.1622410e+00   1.6164372e+00
   2.1622749e+00  -9.7146458e-01
  -1.5990705e+00   4.4029064e-02
   1.6188537e-01  -1.0021145e+00
   7.4035599e-02   2.2830185e-01
   8.7216400e-01  -7.2168503e-01
   5.5137479e-01  -3.0120650e-01
  -5.0095819e-01   1.9290794e+00
   8.0813946e-01   6.1229029e-01
   1.1344153e+00  -3.8583312e-01
   1.0445638e+00  -5.9039722e-01
   6.1238108e-01  -4.5545362e-01
  -1.1465373e-02   1.1173887e+00
   7.4681934e-01   9.0205420e-01
  -3.6225602e-01  -4.2735598e-01
  -3.6268860e-02   1.2135699e+00
  -1.9822514e-01   4.4339610e-01
   1.0177095e+00  -7.0686940e-01
  -1.8581215e+00   3.7654150e-01
   1.3432472e-01  -2.3416357e-01
   1.2082553e+00  -1.7617497e-02
   1.1344795e+00  -1.8434587e+00
   1.5296543e-01  -3.6759652e-01
   1.3259505e+00  -6.7797252e-01
   1.4231036e+00  -1.3988204e+00
  -1.6103827e-01  -2.4126920e+00
  -5.0896158e-01   7.4048406e-01
  -5.4654829e-01  -1.5244268e+00
  -5.4776119e-01   3.1951279e-01
   4.9744741e-01   6.0287493e-01
   1.5570829e-01   2.7180237e-01
  -6.9731839e-02   1.0776321e+00
   1.0401149e+00  -1.0946997e+00
  -1.2275310e+00   5.4296072e-01
   4.6694818e-01   4.9981345e-03
   8.0246115e-01   7.7266931e-01
   1.4082297e+00  -2.7245163e-01
  -1.0693437e-01   2.7981181e-01
   2.3287036e-01  -2.2245789e-01
  -1.1204661e-01   2.2868094e-01
  -1.0015277e+00   1.3930918e+00
   1.3589379e+00  -7.7878809e-01
  -1.7615194e+00  -4.0984931e-01
   2.8365475e-01   5.0541497e-01
   1.0909036e-01   7.6100921e-01
   3.2625506e-01  -5.2727302e-01
  -1.5824957e+00   2.4194104e-01
  -1.8715293e+00   1.2571405e+00
   8.8772812e-01  -1.1252767e+00
  -8.5393653e-01  -1.1482235e-01
  -3.6114316e-01  -1.5198123e+00
  -1.2127428e+00  -4.6455292e-01
   9.4070355e-02   1.4184191e+00
   2.1667355e-01   1.3878332e+00
  -2.6395477e-02  -1.3915578e+00
  -1.4093683e+00  -4.3053898e-01
   1.1517248e+00  -1.3890730e+00
   1.3657860e+00  -2.7724966e-01
   2.4411572e+00  -1.5206426e+00
  -5.5502027e-01   2.2289427e-01
   6.6768901e-01   1.4728404e+00
  -7.7080312e-03   1.1676802e+00
  -3.5612146e-02   9.6426591e-01
   3.3819933e-01   8.2665361e-01
   5.2195598e-01   9.4488114e-01
  -1.4254220e+00   1.7052686e-01
   1.7629596e-01  -1.4535723e+00
  -1.1472327e+00   1.5067909e-01
   3.5444594e-02   8.3271331e-01
   4.4154151e-01  -8.9270745e-01
   4.2048768e-01  -1.3728265e+00
  -8.8379369e-01  -2.0699710e-02
   8.1165207e-01   2.3576016e-01
  -8.3890666e-01   4.7224249e-01
  -1.9482295e+00   2.1244852e+00
   8.6385597e-01  -8.0355764e-01
  -1.0552770e-01   1.4885280e+00
  -4.1557259e-02   2.7078224e-01
  -3.0803041e+00   1.6643271e+00
  -2.5209455e+00   1.1937592e+00
   4.0900244e-01  -6.6329510e-01
  -5.6047003e-01  -1.5427271e+00
   6.7072027e-01  -4.9210484e-02
  -1.5447189e-01  -1.9134521e+00
   1.2471715e+00  -4.3722584e-01
   7.0313096e-01   9.6702247e-01
  -1.3906853e+00   2.3922187e+00
   3.2644309e-02   2.0957956e+00
   9.8398263e-01  -1.3764258e+00
  -1.6912052e-01  -7.6142626e-01
  -7.5969409e-01  -1.4446968e+00
   1.2926758e+00  -8.1495644e-01
  -4.6782164e-01   2.0655281e+00
  -5.2451934e-02   1.3687582e+00
   1.0933527e+00   2.2145333e-01
   1.8003750e-01  -8.5599505e-01
   9.6498164e-01  -7.1328615e-01
   5.1210590e-01  -3.2502955e-01
  -5.2904793e-01   2.0053204e+00
  -2.7785859e-01   1.1733711e-02
   2.0284863e-01  -8.9196028e-01
   9.4673426e-01  -2.0273379e+00
   2.8069078e-01   7.9743066e-01
   4.7186461e-01   2.2505213e-01
  -3.1389584e-01   2.3611238e+00
   8.6444429e-01   1.2234183e+00
  -1.1630694e-01  -6.2993444e-01
  -4.6311987e-01  -5.6211458e-01
   1.5933643e+00   2.7690881e-01
  -1.0077457e-01  -7.9634053e-01
   3.4934895e-01   2.2799204e-01
  -7.0683714e-01  -1.0922498e+00
   1.7575863e-01   5.8708683e-01
  -7.2953485e-01   2.0087456e+00
   7.2049379e-01  -7.6173868e-01
  -5.0808776e-01   2.8626979e-02
   8.1897482e-01  -5.3713292e-01
  -1.2298961e+00  -2.6793604e-01
  -1.2046309e-01   5.7375760e-01
  -1.0285166e+00   7.5749379e-01
  -9.5592647e-01  -9.2761066e-01
   5.8285638e-01   6.7938273e-01
   4.9381378e-01  -1.3257845e+00
  -5.5783089e-01   1.2295554e-01
   2.2608462e+00  -1.4596201e+00
  -1.7245667e+00   8.5701067e-01
  -1.4699067e+00   4.7740136e-01
   1.5235681e+00   5.8205298e-01
   1.2480449e+00  -2.0082947e+00
   1.3405863e-01   9.6056673e-02
   2.8048005e-01   2.8867494e-01
   9.9218056e-01  -1.6323591e+00
   9.4292819e-01  -5.8857228e-01
   1.4096836e+00   4.5350204e-01
  -2.2567830e-01   7.4907320e-01
   2.1138079e-01  -2.3115047e+00
   2.2333647e-01   5.4673840e-01
  -3.0237299e-01  -4.7466750e-01
   6.6914343e-01  -1.0469116e+00
   1.6799441e+00  -2.3266484e+00
   6.2411089e-01   7.0504451e-01
  -1.2631374e+00   1.2652202e+00
   1.4969181e+00  -1.9294002e+00
   7.0624490e-01   1.1122137e-02
   6.9959203e-02   6.2464816e-01
  -5.0271889e-01   6.8933217e-01
   7.8733351e-01  -4.7455519e-01
   5.3567195e-01  -5.6370793e-01
   4.6033871e-01   1.0808768e-01
  -2.3362689e+00   9.3208343e-02
   5.1160687e-01   8.3330908e-01
  -1.0394272e+00  -6.0759259e-01
  -4.9812946e-01   8.3417966e-01
   5.8788341e-01   4.8496152e-01
  -3.8483412e-01   6.8181082e-03
   1.4436569e+00  -1.0451244e+00
   1.0108738e+00  -8.3005828e-01
  -1.6607468e+00   1.8180256e+00
  -1.8197551e-01   1.2143020e+00
  -3.8486085e-01   2.1458645e+00
  -4.0652602e-01   1.9122214e+00
  -1.1521942e+00   3.6387949e-02
   2.9483535e-01   1.2787474e-01
   5.3034367e-01   8.2225711e-02
  -4.3715997e-01   1.0383088e-02
  -1.3833104e+00   4.2628968e-01
  -8.4572605e-01   1.8371626e-01
  -1.7690781e-01   1.9233674e+00
  -7.8778091e-01  -6.4015131e-01
  -1.3803511e+00   5.3910171e-01
   1.0472316e+00  -2.2104060e+00
   9.6920358e-01  -5.6822261e-01
   6.3556911e-01   1.1772710e-01
   4.9195512e-01   5.0283976e-01
   1.6080151e+00  -2.4194611e-01
  -5.2666295e-01   1.3584191e-01
   6.5044836e-01   4.9992131e-02
   8.7733487e-01  -6.5580288e-01
  -4.6887279e-01   1.8125493e-01
   5.5877173e-01  -3.5166096e-02
   1.8443016e-01  -1.3951856e+00
   9.0898811e-02   2.0958060e+00
   1.3282316e-01   1.3731326e+00
   5.4231645e-01  -1.8804468e+00
  -1.1160178e+00   2.9225424e-01
  -1.4444503e+00   3.2533754e-01
   7.4900703e-01  -1.2562416e+00
  -2.9243075e-01   2.2536394e-01
   8.4404332e-01  -5.3594023e-01
   4.9318184e-02  -2.0518713e+00
  -1.4441080e+00   3.3053541e-01
   1.6317278e+00   1.5532781e-01
  -3.5969458e-01   4.1648184e-01
   9.9991714e-01  -1.0853212e+00
   4.7555239e-03   1.1030384e+00
   1.2435411e+00  -6.9381886e-01
  -1.3539309e+00   9.1789344e-01
   6.6762062e-01  -6.7219985e-01
   8.3836651e-01  -3.0587659e-01
  -4.8065868e-01  -1.5818638e-01
   5.7409161e-02   3.5109153e-01
   2.0294982e+00  -6.6430831e-01
  -2.4503045e-01  -6.8471483e-01
   9.5618006e-01  -4.1548929e-01
   5.7977084e-01   6.2010365e-01
   1.5522338e-01   7.7295802e-02
   9.7212761e-01  -8.7973721e-01
  -2.4079081e+00  -1.7613948e-01
  -5.2121822e-01  -7.0199768e-01
   9.3928248e-01  -6.6288702e-01
   1.1516260e+00   4.0604379e-01
   8.9890555e-02   8.4854308e-01
   5.5293596e-01   4.9976428e-01
  -1.7425308e+00   1.1740904e+00
   3.9563971e-02  -4.4558638e-01
  -5.5974153e-01   1.7186750e+00
   1.1089130e+00  -1.1366618e+00
  -1.8668666e+00   7.4084821e-02
   7.3205228e-01   6.2191963e-01
  -5.8702862e-01   1.8126803e-01
   1.0615004e+00  -2.3884086e-02
  -1.0586488e+00   1.3003106e+00
  -1.7625690e-01   1.1503785e+00
   4.4890033e-01   1.7378591e+00
   9.8043861e-01  -1.4047617e+00
  -8.8068269e-01  -2.7896440e-01
   1.2774269e+00  -2.3081223e+00
   1.1530856e+00   4.3053691e-01
  -3.9794146e-01   1.5179146e+00
  -8.3895777e-01   4.1995776e-01
   1.3663842e-01  -6.7871430e-01
   5.8883484e-01   4.4556863e-01
   3.5493716e-01  -1.6456048e-01
  -9.3098708e-02   6.2367384e-01
   7.2832474e-01  -5.1807307e-01
  -1.2149649e+00   3.3294684e-01
   1.6157956e-01  -2.6826850e+00
   5.0770495e-01  -9.6432005e-01
  -4.2732794e-01   1.6706266e-01
  -5.0875019e-01  -3.9380532e-01
   4.7656644e-01   3.2871592e-01
   9.6347349e-01   2.7235025e-01
  -6.8527175e-01   1.0059247e+00
   6.8485704e-01  -9.6306018e-01
  -4.5795125e-01  -9.0498732e-01
   9.8257296e-01   1.6332790e-01
   8.3855252e-01  -3.9304297e-02
   5.8905565e-01  -9.3302765e-01
   3.0167325e-01  -1.2196650e+00
   3.5933449e-01  -3.8422787e-01
   1.1031719e+00  -1.0206140e+00
  -1.1587256e+00   5.1562316e-01
   7.2554969e-01  -6.1722969e-02
  -5.3712736e-01  -7.0367328e-01
   4.3559548e-01  -3.1305811e-01
   6.2394244e-01  -1.0537390e+00
  -2.9155357e+00   2.6107804e+00
  -4.9425579e-01   1.4037395e-01
  -7.1210409e-01  -2.6440265e-01
   3.4911860e-01   7.1816139e-01
   6.5652098e-01  -4.1314808e-01
  -1.6807176e+00   1.1821204e+00
   1.2500915e+00  -6.2736782e-01
  -6.0827046e-01   1.7918107e+00
  -1.3406474e+00  -1.2882230e+00
   4.7274951e-01  -1.3668748e+00
   6.6517032e-02  -1.7095798e-01
  -6.1558954e-01   1.0992919e+00
   8.1850394e-01   5.6965406e-01
  -3.6624433e-01  -1.4441941e+00
   1.9042124e-01   9.3608368e-01
   1.0362211e+00  -1.8208307e+00
  -3.1644495e-02   1.9894413e+00
  -3.9892752e-01   1.6654654e+00
   1.6002731e-01   9.7457305e-01
   3.4604103e-01   7.9375310e-01
   1.5139655e-01  -5.4519701e-01
   6.2126551e-01   5.4495096e-01
   1.3435123e+00  -2.0180484e+00
   1.0857852e+00  -2.1240342e+00
  -5.0786396e-01   2.3882498e+00
  -1.9027124e+00   1.6814720e+00
   5.5860378e-01  -9.6936953e-01
  -4.5162386e-02  -3.9817506e-01
  -2.9193453e+00   1.1421693e+00
  -4.1040375e-01   1.7623040e-01
  -5.4012381e-01   8.6147264e-01
   2.0677519e+00  -1.9075178e+00
   6.9686551e-01   5.7570664e-01
   7.0461024e-01  -1.6200546e+00
  -1.6097713e-01   7.4506644e-01
  -1.8819031e-01  -6.8901472e-01
  -4.0130098e-01   2.0218507e+00
   1.2494199e+00  -1.3865429e+00
  -3.2292890e+00   1.5687497e+00
   9.5616104e-01  -3.2900537e-01
   1.1005688e+00  -1.2461056e+00
  -3.0921844e-01   1.1944640e+00
  -1.8334442e-01   8.7018210e-01
   8.8478167e-01  -1.3591697e+00
   8.0435939e-01  -1.6304898e+00
  -1.5069592e-01  -8.1312180e-01
  -1.8723700e-01   1.4539606e-01
  -6.6020385e-01  -1.8451227e-01
   6.7691607e-01   7.1125710e-01
   4.0292755e-01  -5.7997737e-01
  -8.2594413e-01   1.2409942e+00
  -1.1752618e+00   1.9563900e+00
  -1.5384873e-01   1.8112537e+00
   8.5993081e-01  -8.3810422e-01
  -3.0049860e-01   6.3615582e-01
   9.3436254e-01  -1.8485794e-01
  -1.8881708e+00  -7.5951869e-01
  -5.2500882e-01   6.6501747e-01
  -2.3467512e+00   7.7315937e-01
  -1.0791005e+00   1.3512057e+00
  -3.4988258e-01  -2.9353411e-01
   9.5043222e-01  -6.9765193e-01
   4.7543782e-02   3.4866168e-01
   3.8699199e-01  -8.2331785e-01
   1.6142091e+00  -2.9945745e+00
  -1.1413504e+00   2.1162043e-02
  -2.7125509e-01  -6.5847144e-02
   4.4376592e-02  -3.6636719e-01
   3.7396013e-01   1.4845527e-01
  -1.4377644e+00  -2.5480113e-01
   5.5496730e-01  -1.4473208e-02
  -1.0130495e+00  -9.0874738e-01
   3.8831691e-01  -1.0222016e-01
  -6.2106848e-01  -3.9231203e-01
  -8.9793468e-01   1.9970063e+00
  -4.4733326e-01   8.7431771e-01
   3.7142244e-01   9.8812862e-01
   8.5938447e-01   1.8744730e-01
   7.4327610e-01   3.3004456e-01
   1.6807575e-01   1.2810448e+00
  -1.0801656e+00   4.2544893e-03
  -3.1156924e-01   1.5053359e+00
  -2.4316135e+00  -2.6701119e-01
  -2.9322773e-01   3.9237607e-01
  -1.8671432e+00   2.0353401e-01
  -4.3259224e-02  -1.7362282e+00
  -3.8357751e-01   5.4088500e-01
  -3.0923203e-01  -6.4325410e-01
   1.1420445e+00  -5.6098824e-01
   8.6431220e-01   1.8657339e-01
  -1.1624413e+00   1.2386290e-01
  -2.0868314e-01  -3.6523802e-02
   5.7402514e-01   1.2227165e+00
   1.4336507e-01   3.4828670e-01
  -2.0405432e+00   8.6246947e-01
   3.9691664e-01  -6.8549145e-01
   7.7143061e-01   1.9376634e-01
   1.2222659e+00   7.3937612e-02
   4.6925572e-01  -4.6079228e-01
   1.1107623e+00   5.8541075e-01
   6.1782584e-01   6.0704278e-01
   6.1937818e-01  -1.9939198e-01
   1.5319268e+00  -1.1602722e+00
  -2.0890804e-01  -3.6021796e-01
  -1.4246970e+00   4.1047473e-01
   4.2005434e-01  -3.2871875e-01
  -6.9032936e-01   1.4384045e+00
  -1.8722550e+00   1.2056052e-01
   1.5188489e+00  -1.4511973e+00
  -3.2890353e-02  -3.9935785e-02
  -1.8814012e+00   1.2629189e+00
  -2.6086251e+00   1.3604999e+00
  -7.2754544e-02   3.7867867e-01
   2.1737136e-01  -3.6941950e-01
  -1.4333803e-01   1.2814076e+00
  -1.0696380e+00  -4.2476589e-01
  -3.9199919e-01  -1.3632594e+00
  -2.0550230e+00   7.5109910e-01
   9.4810683e-01  -7.3904760e-01
   2.2999178e-02   4.8026984e-01
   7.8605656e-01  -1.2784473e+00
   8.3853854e-01  -1.6234259e+00
   2.4828456e-01  -2.6885301e+00
  -7.5479114e-01   1.9612802e+00
  -1.5812024e+00   4.8487665e-01
   5.6683004e-01   6.3162307e-01
   4.2208078e-01  -9.9774079e-01
  -7.6132561e-01   1.0051151e+00
  -5.6375986e-01   6.5204885e-01
   9.3676140e-01  -2.8365075e-03
   7.1338075e-01   4.9090874e-01
   1.2494810e+00  -1.3063369e+00
   9.5359419e-01  -5.3355699e-01
   1.1197438e+00  -2.3674718e+00
   1.1336938e+00  -1.5248286e+00
  -1.8736473e+00   1.7417244e+00
   6.6466547e-02   1.7793232e+00
   8.4323207e-01  -1.2680541e+00
  -4.5198178e-01  -2.9647322e-01
  -8.3531586e-02  -1.2200601e+00
   6.4133575e-02   7.9954598e-01
   3.4662963e-01   7.0911921e-01
   3.7986598e-02  -2.0762730e-01
  -1.5583651e+00   1.5390804e-01
   1.2760249e+00  -8.2872934e-01
   1.4834741e+00  -9.5517059e-01
  -7.3533945e-01  -8.0188828e-01
   1.9676472e-01   2.7137568e-01
  -2.6216980e-01   9.2596337e-01
  -1.4844908e+00  -2.9012786e-02
   4.5048854e-01  -2.6293408e-01
   7.7006712e-01  -1.0356329e+00
  -1.5486589e-01   6.9737753e-01
   8.6063860e-01  -2.3364863e-01
   7.5848661e-01   9.2496811e-01
   4.2717546e-01   2.9521603e-01
  -1.5321384e+00   1.6044014e+00
   2.5775263e-01   6.9063829e-01
   2.9684913e-02   5.6440790e-01
   5.6905553e-01   2.8193678e-01
   4.1596565e-01   1.2859345e+00
   1.1628579e+00  -1.0489695e+00
   1.9764761e-01   6.2487008e-01
  -1.8788886e+00  -1.5330160e+00
  -9.6670824e-01   9.2787264e-01
   1.5003272e+00  -1.0371230e+00
  -2.8762185e-01   5.6480520e-01
   9.3329686e-01   1.2513528e-01
   1.2743638e+00  -1.7205285e+00
   4.5922254e-01   9.9042530e-01
  -1.6409151e+00   1.3993164e+00
   2.5575343e-01   1.6101883e+00
   4.4620638e-01   1.2346557e+00
  -2.2562937e+00   1.9739000e+00
   9.0513930e-01   5.8920283e-01
   1.3958808e+00  -1.8134698e+00
  -7.8603880e-01   9.2798892e-01
   4.7213883e-01   2.5724276e-01
  -2.0060891e+00   7.8468660e-01
   2.8537417e-01   1.0913898e+00
   6.6769944e-01  -8.0975382e-01
   6.7380096e-01  -1.2288409e+00
   1.3798583e+00  -2.0710019e+00
   4.8855185e-01  -5.0249665e-01
  -1.4228884e+00   1.3094831e+00
  -7.0508184e-01  -7.6438675e-02
  -1.8582781e+00   1.8157047e+00
   8.2388563e-01  -5.7006072e-01
   8.9380766e-01  -9.5196524e-03
   1.1836597e-01   5.3168372e-02
  -4.4959455e-01  -7.1489209e-01
   1.3336673e+00  -1.7831728e+00
   4.8513042e-01  -6.8241069e-01
  -1.5116312e-01   5.7401778e-01
   1.8755408e+00  -1.7230086e+00
   3.6010572e-01  -2.5899594e-01
   3.0063895e-01  -1.8181685e+00
  -4.7803569e-01  -2.9719647e-01
   8.1313894e-01  -5.9877837e-01
   1.0366137e+00   8.1372215e-01
   9.2876227e-01  -1.4209151e+00
   5.5804796e-01  -1.4917839e+00
  -2.4074844e+00   1.8099521e+00
  -7.4884950e-01  -2.7164259e+00
   1.4602145e+00  -7.7951520e-01
  -1.5465012e-01   1.4730588e-02
   1.8842584e+00  -2.2493969e+00
  -2.3128628e+00   1.2216190e+00
  -1.0663188e-01   1.0862256e+00
  -5.3518456e-01   8.3213993e-02
   9.0851003e-01  -1.9435660e+00
  -3.0809616e+00   1.0799440e+00
   1.4425954e+00   1.2188533e-01
   5.9576306e-02   9.8791608e-01
   1.7419080e-02   5.5008955e-02
   5.4039079e-01  -7.8747859e-01
   2.6527330e-01   4.4114523e-01
  -1.1614424e+00   7.0752672e-01
   5.0318443e-01  -7.1006339e-01
   3.3201919e-01  -3.5074813e-01
   1.0796867e+00  -1.4719397e+00
  -1.6478169e+00   2.1764798e+00
  -5.5582780e-01   3.4573399e-01
   7.6719851e-01   4.0826187e-01
   5.7486387e-01  -9.3621358e-01
   1.0336555e+00  -1.0010147e+00
  -1.9219979e-01  -2.1430095e-01
  -2.1449613e+00   1.2733988e+00
   4.7728534e-01   8.1623271e-01
   3.8081732e-01   4.0384547e-01
  -6.2494351e-01   2.3421627e-01
   1.5082271e+00   5.2705835e-01
   1.6307810e+00   6.8214187e-01
   1.8058431e-01  -1.3291642e+00
  -6.7241771e-01   1.0015789e+00
  -2.0771345e-01  -7.3851600e-01
  -1.4778545e+00  -1.8313265e-01
  -7.9125664e-01   2.2711305e+00
  -2.2946361e-01   8.0838334e-01
   1.0134609e+00  -1.2031020e+00
   5.8612380e-02  -9.3906502e-01
   1.3109387e+00  -7.3352532e-01
   6.7217838e-01  -7.8146978e-02
   1.4714265e+00  -1.2917479e+00
   6.9179782e-01  -8.7033944e-01
   8.5325743e-01  -1.2780761e+00
  -2.5087529e+00   1.5747800e+00
   1.1385966e+00  -3.8133805e-01
   8.6095120e-01   3.1821231e-01
   8.8366062e-01  -3.0873836e-01
  -1.3515224e-01   1.4503147e+00
  -3.1623114e-02   8.8909283e-01
   5.1648218e-01  -2.0797231e-01
   5.6746114e-01   8.6788021e-02
   4.7800057e-01   1.8082962e-01
   1.0003660e+00  -7.8975894e-02
  -2.2537217e-01  -2.0479482e+00
  -8.7042922e-02  -6.7325079e-02
  -2.4976398e-01   3.9516947e-01
   1.9649449e-01   3.8792736e-01
  -1.9476174e-01  -9.1533204e-01
   2.7808958e-01  -2.4186414e-01
   3.1034959e-02   5.9916221e-01
  -9.2741966e-01   2.2221958e-01
  -1.5123495e+00   2.9073769e-01
   5.4611129e-01   2.4636304e-01
   1.2049025e+00   2.2444002e-01
  -6.0744488e-01  -2.1631060e-01
   1.6880656e+00  -1.0866041e+00
   2.0115986e-02  -2.1927495e-01
   8.7402678e-01  -6.7325228e-01
   2.5196710e-01   3.0100725e-02
   3.9531933e-01  -4.4244056e-01
  -1.9915416e+00   1.3955298e+00
   7.5470894e-01   5.1217453e-01
  -7.7900641e-01   8.0923360e-01
   5.7052705e-01   8.9561018e-01
   6.3024529e-02   5.0158958e-01
   6.0264166e-01  -1.2151464e-01
   1.3413361e-05   1.0039211e-01
   7.4353864e-01  -1.9907631e+00
   7.9449189e-01  -9.3672690e-01
   7.4313806e-01  -6.5064442e-01
   1.3514807e+00  -2.6539090e+00
   2.0659398e+00  -1.1359544e+00
   5.1100553e-01   2.7575923e-01
   8.9741335e-01  -5.0072433e-01
   2.9229812e-01  -9.8371644e-01
  -1.5709127e+00   2.1190761e+00
   4.6351028e-01  -7.1769182e-01
  -2.5723810e-01  -1.1897905e+00
  -5.8092028e-01   1.5347979e-01
   2.2057217e-01  -1.3840356e+00
   1.3081242e-01   6.6294028e-01
   5.4573157e-01  -2.3339550e+00
   4.3107599e-01   1.3458444e-02
   1.3521685e+00  -1.4166018e+00
  -1.7865694e-01  -1.5308438e-01
   8.3336243e-01  -1.2352224e+00
   6.0822359e-01  -1.2244476e+00
   5.3018639e-01   4.5236606e-01
  -1.6573100e-01  -2.8134658e-01
   6.1540589e-01  -7.7838287e-01
   1.3294779e+00  -1.6755948e+00
  -8.1857034e-01   5.9775402e-03
   5.8750142e-02   1.6487375e+00
  -6.5477622e-01  -1.7560036e+00
  -4.6207401e-01   1.2892622e+00
   8.7557783e-01  -3.3963603e-01
   1.3369162e+00   1.5879498e+00
   3.4893440e-01   1.2667850e+00
   7.2706209e-01   2.0872238e-01
  -5.6376484e-01  -6.3665049e-01
   1.0785971e+00  -2.3719653e-01
   4.1834319e-01  -4.4061969e-01
   5.4565431e-01  -1.2834963e+00
  -1.0612944e+00   4.9924914e-03
  -2.1497535e+00   1.2079979e+00
  -2.3576316e+00  -7.6400507e-02
  -1.4813846e-01   1.1267343e+00
   9.7132258e-01  -4.2003698e-01
  -3.6495230e+00   4.8641863e-01
  -1.5564600e+00  -1.3490913e-01
   3.9213406e-01   3.6531132e-01
   5.3234504e-01   8.2893938e-01
   1.1716416e+00  -1.5650704e+00
  -9.6873682e-02  -1.2371677e+00
  -2.5510684e+00  -4.0383894e-01
   7.0840498e-01  -2.2602241e+00
  -1.3535708e-01   3.4524026e-01
  -1.3127258e+00   6.7782160e-01
  -1.7816429e-01   1.8803293e+00
   1.0806812e+00  -2.3385224e-01
  -3.0889703e-01   1.5640676e-01
   6.6653478e-01  -3.0799900e-01
   1.1712330e+00   3.2471788e-01
   7.4859070e-01  -1.7759411e+00
   3.5384286e-01   2.0359605e-01
  -3.7429356e-01  -2.8650303e+00
   2.4660700e-01  -1.9891787e-01
  -6.3369060e-01   2.2668158e-01
  -8.6171927e-01   1.5581698e-01
   1.5591946e+00  -6.4581086e-01
  -4.0810669e-01  -7.8884748e-02
   2.7917654e-01   6.5754176e-01
   1.4068721e+00  -1.6436855e+00
  -1.1471170e+00  -1.1974321e+00
   9.8068984e-01  -2.1733038e-01
   4.3631367e-01  -3.9382506e-01
  -5.3075593e-02   2.0968216e+00
  -6.8701349e-01  -5.6232234e-01
   1.1073281e+00  -6.8728143e-01
  -1.8472100e+00  -3.9783271e-02
   2.0724694e+00  -9.4673888e-01
  -1.5683915e+00   1.8485531e+00
  -1.5253614e+00   5.8899648e-01
  -7.8548607e-01   3.1774884e+00
   6.0352221e-02   3.6485785e-01
  -1.0140110e+00  -9.3580897e-01
  -7.5534595e-01   8.1908036e-01
   8.5595846e-01  -2.9075884e+00
  -4.2179575e-02   1.0780302e+00
   5.3229587e-01   4.4252791e-01
  -1.2804678e+00   1.4479362e+00
  -1.3507102e+00   2.1982155e+00
  -3.4205753e-01   1.6653931e+00
   1.9179892e+00  -1.1214538e+00
  -3.7663153e-01   3.5058840e-01
   7.6975334e-02   4.8974267e-01
  -8.0388561e-01   2.1042007e+00
  -2.0500332e+00   4.9592658e-01
   7.6462476e-01   4.3005971e-01
   2.8352765e-01  -8.1822969e-02
  -2.4554629e-01   2.0901872e+00
  -1.7838389e+00   4.0962244e-01
   1.3709880e+00  -1.4432185e+00
   1.3247112e+00  -3.3662229e-01
  -6.8689025e-01   1.3246875e+00
  -1.7014921e+00  -2.5537110e-01
  -8.5709023e-01   4.8022867e-01
  -9.0620109e-01   1.0261442e+00
  -1.8793257e-01   5.9376586e-01
  -4.5987143e-01  -8.0362544e-01
   1.5019421e+00   1.4907922e-01
   9.6446339e-01  -7.0122587e-01
   4.3291588e-01   1.5808539e-01
   1.0102336e+00  -1.8906700e+00
  -2.0988029e+00   1.8485655e+00
   1.8365636e+00   9.0982945e-01
   7.5948239e-01  -5.3368469e-01
  -1.0378626e+00   2.7833939e+00
   5.5958302e-01  -2.4172127e-01
  -7.1249530e-01  -9.2067261e-01
   1.1324603e+00  -3.5578683e-01
   9.5008198e-01  -5.6085273e-01
  -2.2996461e-01   1.1268053e+00
  -1.4276153e-01   1.1463756e+00
   1.1785316e-01  -6.5607330e-01
   1.7566371e+00  -1.8154861e+00
   1.2644826e+00  -9.7120279e-01
  -8.0387889e-02   1.0538110e+00
   5.2253724e-01   5.5200081e-03
  -8.8358572e-01  -6.8178443e-02
   3.7750546e-01   1.1345687e+00
   5.8248116e-01  -5.8577008e-01
  -9.0914914e-01  -7.8636993e-01
   6.6202719e-02  -6.4075612e-01
   1.4560938e-01  -9.4518763e-01
  -2.0671185e+00   1.8226625e+00
  -1.4847726e+00   4.8512301e-01
  -5.8018037e-01   8.7180603e-02
   3.7231213e-01   1.5232803e+00
   1.4346761e+00  -1.5876134e+00
   8.5413782e-01  -2.6514507e-03
  -1.5987721e+00   1.2811832e+00
  -1.0918314e+00  -4.9250507e-01
   1.2032947e+00  -9.0676650e-01
   1.8236395e-01  -1.0007114e+00
   9.6455327e-01  -8.3238183e-01
  -1.1604964e+00   6.0090156e-01
   6.0487366e-01   6.6863636e-01
   1.0117341e+00  -7.7712863e-01
   5.1003494e-02   6.8239021e-01
   1.3661119e+00  -2.5100004e-01
   9.0912684e-01  -5.5281504e-02
   3.8169361e-01  -4.4001395e-01
  -1.8011773e+00   1.0178383e+00
   1.2538604e+00  -1.8357965e+00
  -2.6297204e+00   8.3392403e-01
   7.9965106e-02   1.0686055e+00
   7.3033088e-01   4.1994479e-01
   1.5814663e-01  -3.1300668e-01
   1.1420569e+00  -3.7589628e-01
  -6.8569794e-01   8.5780222e-01
  -1.7731322e+00   1.4824985e+00
   1.1978667e-01   5.8478733e-01
  -2.0650444e+00  -1.3908311e-01
  -2.6614024e-01  -1.6070202e+00
  -1.2895388e+00   1.5476915e+00
  -7.8878660e-01   2.5620211e-01
   1.1253375e+00   1.0817980e-01
  -1.3487948e+00   6.0718587e-01
  -1.7786799e+00   9.6265709e-01
  -1.3802557e-01  -5.8622040e-01
   1.6278934e+00  -2.2712505e+00
   8.9728845e-02  -1.1748554e+00
  -1.3756526e+00  -7.6659407e-01
   4.4628571e-01  -4.2747181e-01
   7.0401543e-02   3.8325273e-01
   7.6297315e-01  -7.2631773e-02
   8.5175458e-01  -1.0562672e+00
   9.4367879e-01  -1.8069990e+00
   9.3037214e-01  -9.2624989e-02
  -1.2187161e+00  -1.2064828e+00
  -5.5782144e-01   6.2497108e-01
   3.8208004e-01   9.1681183e-01
  -3.3588853e-01  -1.2094505e+00
  -2.5412475e-01   9.0504743e-01
   3.8447592e-01   4.1786848e-01
  -1.8394652e-01   2.9305430e-01
   6.1912900e-01   6.9269501e-01
  -1.1300084e+00   7.8856411e-01
   1.2218332e+00  -1.3223762e+00
  -5.2154286e-02   2.3084001e-01
   9.3341447e-01  -1.5801066e+00
  -2.2368399e+00   2.5408641e-01
   1.3961791e+00  -2.5157464e+00
   7.7855011e-01  -1.4917430e+00
  -1.6462968e+00  -5.7468304e-02
   4.4452704e-01   1.3075085e+00
   2.9340603e-01   1.1235477e+00
   2.1231577e-01   1.3728870e+00
  -9.3627866e-01  -1.6531766e+00
  -1.7036543e+00   4.3024079e-01
   2.5557845e-01   1.1015557e+00
   1.2839522e+00  -1.0303475e+00
  -8.2412156e-01  -5.7825797e-01
  -2.9126699e-01   3.5143145e-01
   6.0856576e-01  -6.9380134e-03
  -1.2680014e+00   3.1144131e-01
  -7.5506743e-01  -3.1859509e-01
   2.9951685e-01   1.0324293e+00
   6.0696579e-01  -1.0814261e+00
   1.2223161e+00  -1.0331622e+00
  -8.2829052e-01  -5.3806603e-02
   6.3249097e-01   1.4963346e-01
  -2.8058922e-01   1.7653180e-01
  -3.2564035e-01   8.3521146e-01
   6.1728242e-01  -5.3494905e-01
   6.1641539e-02   5.0368823e-01
  -1.5554245e+00   1.1311509e+00
   1.9455303e+00  -1.2844293e+00
   8.0736011e-01  -1.3558591e+00
   1.1733390e+00   7.2013981e-01
  -7.5210501e-01   2.3718272e+00
   1.0499244e+00  -9.0883488e-01
  -3.8668220e-01  -1.5412861e-01
  -4.1465167e-01  -6.6982238e-01
   7.8184714e-01  -4.6050828e-01
   4.3649648e-01  -7.4263616e-01
   2.8234082e-01   1.0908386e-01
  -2.7122820e+00   1.9922366e-01
  -2.0104063e-01  -2.1060934e+00
   8.2852947e-01   5.1708634e-01
  -9.1753360e-01   1.4438464e+00
  -1.7512268e+00   4.6159935e-02
   7.5369616e-01  -1.2404935e+00
   4.3212231e-01  -7.7611494e-01
  -3.5371775e-01  -1.2515017e+00
  -9.9918918e-01   9.7831801e-01
   9.3660244e-02   3.6193101e-01
  -1.8662389e+00  -6.5445523e-02
  -3.4926018e-01   1.2961332e+00
   2.0827294e+00  -8.6656512e-01
   3.1244168e-01  -8.2987338e-01
   1.0258790e+00  -2.0859952e+00
   4.7497891e-01  -1.9382938e+00
   1.0236878e+00  -1.8012437e+00
  -3.4821141e-01   1.9653032e+00
   7.1191311e-01  -2.4200922e+00
  -2.1199509e+00   1.9383592e+00
  -1.6790333e+00  -7.4842002e-03
   1.0279821e+00  -5.6051795e-01
   8.9910244e-01  -1.2239030e+00
  -1.8718084e-01  -2.1035439e+00
  -1.6984697e+00  -5.5265140e-01
   9.7574138e-01  -1.3182820e-01
   7.3523340e-02   2.2298671e-01
   1.0915574e+00  -9.0196610e-01
   7.2131734e-01  -1.3826392e+00
  -7.1338392e-01   6.5374746e-01
  -1.8672861e-01  -4.7459282e-02
   1.1231569e+00  -4.7918240e-01
  -4.8786278e-01  -9.1019513e-01
   5.9557151e-02   4.9423117e-01
   3.5319959e-01   1.2649925e-01
   7.5933914e-01   2.1639005e-01
  -5.8195955e-01   4.7726079e-01
  -7.6954216e-02  -9.7025569e-02
   7.3490122e-01   2.0948044e-01
   6.6551720e-01   3.0755290e-01
   1.0150904e+00  -5.4420180e-02
   4.7529912e-01   1.5856837e-01
   3.7072388e-01   8.3046146e-02
  -1.1813408e+00  -1.5354492e-01
  -1.9680123e+00   1.8119368e+00
  -1.3056895e+00   3.5616938e-01
   5.9411573e-01   4.8992955e-02
  -1.8304441e+00  -8.1873520e-01
   1.2614373e+00   6.7879835e-01
   6.1115769e-01  -8.3748788e-01
  -6.5927875e-01   1.6825304e+00
   8.9972104e-02   3.7507526e-01
   3.0062205e-01  -1.1894121e+00
   1.1169565e+00   9.1393073e-01
  -1.1603580e+00  -4.9668494e-01
  -1.0843833e+00   9.4418613e-01
   1.0842370e+00  -1.1901141e+00
  -2.9538053e+00   3.8268250e-02
   2.4213066e-01   1.3467507e+00
  -9.1321985e-01  -3.7413797e-01
  -1.6003355e+00   1.6985248e+00
   4.5637837e-01  -4.2830070e-01
   4.7821813e-01   1.4889283e-01
  -3.3988337e-03  -3.6060521e-04
   1.5606304e-01   7.0278264e-01
   4.1668578e-01   7.6972230e-01
  -7.8576741e-01  -3.7724416e-02
   3.7205623e-01   7.2714572e-01
   8.1636876e-01  -7.2041134e-01
  -4.0578302e-01  -3.2240431e-01
   3.7936944e-01   1.6349623e+00
  -9.8637785e-01   5.1978406e-01
  -7.9830916e-01  -6.8973616e-01
   4.1718731e-01  -8.2491602e-01
   5.2445442e-01  -1.5147227e-01
   8.0551855e-01  -2.0341577e+00
  -1.3156051e+00   2.1805269e+00
  -1.2109704e+00   7.9510602e-01
   5.1122430e-01   1.7461966e-01
  -2.2265692e+00   1.8998866e+00
   9.5460281e-01   8.2030986e-02
  -1.8832756e+00   8.6368781e-01
   6.3903431e-01   2.8918576e-01
  -1.2855221e+00   9.6659006e-02
   1.1673351e+00  -1.1817369e+00
  -2.0169719e-01   5.5755344e-01
   5.3667611e-01   1.5452963e+00
  -2.7672531e-01  -2.0945185e-01
   7.9886762e-01   3.4646601e-01
  -4.8767404e-01  -1.9995409e-01
   3.4984066e-01   1.5849734e-01
  -5.4723532e-01   2.2196906e+00
  -6.9619028e-02   1.0178067e-01
   4.4014639e-01  -1.1878641e+00
   2.8681278e-01   1.0078730e+00
   7.5778886e-01  -1.1175100e+00
   8.4574746e-01  -1.2427987e+00
   6.8021329e-01  -5.8254350e-01
   6.8663355e-01  -1.8714484e-01
   1.5306977e+00  -9.3806356e-01
  -4.8547217e-01  -4.2754909e-01
  -1.0822507e-01  -2.5294713e-01
   7.9071680e-01  -5.1911423e-01
  -1.9860907e-01   2.1583183e+00
   2.9088223e-01  -1.2846808e-02
  -1.0816865e+00   7.7441522e-01
   8.0138437e-02   1.9510850e+00
   1.3040684e+00  -9.1963611e-01
   7.3318864e-01  -8.9206148e-02
  -2.0549938e-01  -1.2889559e-01
  -3.5113787e-01   8.1362031e-01
   4.6691922e-01  -3.2976874e-01
  -1.0767501e+00   5.7644560e-01
   7.6299212e-01  -4.1581608e-01
   1.0389693e+00   3.7596029e-01
   3.5408581e-01   1.2524637e+00
  -2.0985106e+00  -4.1164278e-01
   5.8599990e-01   1.3415768e+00
  -7.1480095e-01   2.2832616e+00
   8.8464480e-01  -4.4274598e-01
   8.4206620e-01  -1.6754691e+00
  -3.5805015e-01   6.1557872e-01
  -3.8193656e-01  -1.7498062e-01
  -1.1054198e+00   8.1217389e-01
   1.3715985e-01   5.9030486e-01
  -1.0724467e+00   1.4191999e+00
   9.2488651e-01  -2.2086389e+00
   9.6903962e-02   7.6033417e-01
   6.7026295e-01  -2.9782486e-01
   8.9921095e-01  -9.0465335e-01
   2.1557818e-01   9.9867142e-01
   1.6823355e+00  -3.8858701e-01
   1.2439288e-01  -8.2738916e-01
