   1.3802206e-02   6.6356058e-02
  -4.3777019e-01  -7.4688413e-01
  -5.4301625e-01  -8.4678073e-01
   1.3758732e+00   1.0877174e+00
   2.1584022e-01   3.5154860e-01
   6.6609260e-01   6.4207030e-02
  -6.6665954e-01  -1.0959459e+00
  -8.4691345e-01  -1.1600981e+00
  -4.7823453e-02   5.0727968e-02
   2.9146144e-01   2.7910669e-01
   5.1701900e-01   2.1786265e-01
  -1.8463086e+00  -1.8974558e+00
  -4.2978814e-01  -4.3820190e-01
   3.0303161e-02   3.6998898e-01
   1.9892577e+00   1.8447757e+00
  -5.5050049e-01  -3.8869063e-02
   4.0243801e-01   4.9084412e-01
   1.5841043e+00   1.7624220e+00
   5.9981601e-01   8.9787307e-01
  -7.6530054e-01  -1.1000854e+00
   8.5861317e-02   1.7912896e-01
   1.6837229e+00   1.2882006e+00
  -8.0376368e-01  -2.6872829e-01
   1.0441705e-02  -1.2756441e-01
   9.6260227e-01   8.8328582e-01
  -7.1727694e-01  -4.5665420e-01
  -4.9564702e-01  -9.4320457e-01
   1.3609203e+00   1.6285097e+00
  -1.6813097e-01  -7.6916205e-03
   2.2211247e+00   2.1524247e+00
   1.6935358e-01   3.8559645e-01
  -5.2642931e-01  -6.8999294e-01
   1.5305943e+00   1.4786176e+00
  -6.3356338e-01  -2.9538106e-01
  -4.7819595e-01  -7.4890346e-01
   8.4355550e-01   4.6291305e-01
  -5.4903861e-02   4.2932146e-01
   8.8685892e-01   7.6635920e-01
  -4.5779891e-01  -3.1146324e-01
  -2.0290776e-01   5.7904348e-02
   8.4586227e-01   6.8010333e-01
   3.0247813e-01   8.3299013e-01
  -1.3133842e+00  -1.0680689e+00
  -2.9361007e-01  -3.5560924e-01
   3.0401258e-01   8.8320905e-02
   1.2207880e+00   1.1139138e+00
  -3.0065174e-01   2.4201202e-01
  -3.7613311e-01   4.4068362e-02
  -4.6522198e-01  -1.2726331e+00
  -2.1475499e-01  -2.8092392e-01
   1.4891283e+00   1.1383822e+00
   3.1308009e-01   1.5337761e-01
   5.1302369e-01   4.4366120e-01
   1.1567603e+00   8.2703055e-01
  -1.9726017e-01   4.1432419e-01
  -4.6139578e-01  -2.5622565e-01
   2.2289639e-01   3.1629972e-01
  -2.3453506e-01  -3.0031162e-01
   2.9909969e-01   7.0233816e-01
   5.1670359e-01   9.0518278e-01
  -8.1933248e-01  -8.9107612e-01
   6.9354236e-01   6.0804627e-01
   7.1560739e-01   1.2212214e+00
  -1.1570172e-01   4.3967560e-02
   5.4896102e-01   9.5057586e-01
  -1.5210628e-01  -3.5335226e-01
   2.2463597e+00   2.0437248e+00
   1.5548405e+00   1.2803735e+00
  -7.9047813e-01  -1.9884319e-01
   8.2248786e-01   7.7662698e-01
  -1.8956569e+00  -1.7525263e+00
   1.2728764e+00   9.6923231e-01
  -2.5129184e+00  -2.8564264e+00
  -7.1339437e-01  -2.0438880e-01
   6.6562755e-01   8.1304839e-01
   1.2843200e+00   8.9368957e-01
  -1.0047071e+00  -1.0197552e+00
  -1.0880977e+00  -5.9819307e-01
   7.5875357e-01   8.8118204e-01
  -1.9254408e+00  -8.1199397e-01
   4.5478186e-01   6.2149509e-01
  -5.6074117e-01  -5.5419300e-01
   1.2345271e+00   1.2301041e+00
   1.6428693e-01   3.8023826e-01
  -1.2675399e+00  -1.3353213e+00
   1.4381565e+00   1.7503672e+00
   2.4764246e-02   7.4173796e-01
   4.8908659e-01   7.3544845e-01
  -5.8319340e-01  -1.7074274e-01
   3.7524820e-01   3.8839376e-01
   1.3895789e+00   1.3120260e+00
   4.7568784e-01   1.0058726e+00
   5.4867323e-01   6.8405529e-01
  -6.9811760e-01  -8.1154307e-01
  -1.8258499e+00  -1.9937263e+00
  -1.1140616e+00  -1.5940834e+00
   7.0252156e-01   1.8577889e-01
   8.7167487e-02   9.7561654e-02
  -1.2434553e-01   9.3662335e-02
  -7.0251037e-01  -7.7542084e-01
  -3.0050374e-01  -3.0823040e-01
  -1.4184526e+00  -1.1583808e+00
  -4.5493667e-01  -4.1594900e-01
   2.0838976e+00   1.6130317e+00
   1.4425446e+00   1.3267343e+00
   8.4053476e-01   6.6603048e-01
  -2.7581398e-01  -1.5238186e-01
  -1.2208082e+00  -9.2321327e-01
  -1.2015735e+00  -6.4665827e-01
   7.5867180e-01   6.6732098e-01
   6.7443881e-01   9.9560467e-01
  -9.7216540e-01  -5.0764685e-01
   7.8646981e-01   4.0829316e-01
   2.7126897e+00   2.4825805e+00
   4.9559836e-01   7.3313532e-01
   5.3577061e-01   2.0272332e-01
   1.8417827e+00   1.9951553e+00
  -6.9387782e-01  -1.2133733e+00
  -3.8211919e-01  -7.1638675e-01
  -7.0619235e-01  -4.0533189e-01
  -9.2997404e-02  -2.3485832e-02
  -1.2506860e+00  -7.5179487e-01
  -3.6763407e-02  -2.1075946e-01
  -3.4166825e-01  -3.8246960e-01
  -2.0194625e-01  -5.9399141e-01
  -1.9235650e+00  -2.1553820e+00
  -2.6246541e-01  -9.0424780e-02
   4.6115273e-02   4.0585853e-02
  -2.6737944e-03  -5.1076127e-02
   9.2789393e-02  -7.4104840e-02
  -6.4300009e-01  -7.4536482e-01
  -1.9499625e+00  -1.1281990e+00
   1.8254997e+00   1.6216930e+00
   3.4366581e-01   4.6346574e-01
   1.3650733e+00   1.2966495e+00
  -1.0311191e+00  -6.4167830e-01
  -1.5005403e+00  -2.3163437e+00
  -1.4263513e+00  -1.5997275e+00
   1.5323985e+00   1.5686940e+00
   5.8213700e-01   8.6611744e-01
  -1.2191687e+00  -1.4173050e+00
  -1.9556560e+00  -1.7048449e+00
   1.3007649e-01   5.5491771e-01
  -4.9503756e-01  -2.5142987e-01
   6.0077654e-01   6.8220965e-01
  -6.4958422e-01  -4.3709868e-02
  -1.5654723e+00  -1.5686615e+00
  -9.9028444e-02   1.9161551e-01
  -2.0118958e+00  -1.5960418e+00
   2.1922961e+00   2.3342020e+00
  -1.1059503e-01   4.7897980e-04
  -2.5784636e-01  -4.3904755e-01
   1.1105212e+00   1.0347627e+00
  -1.2204421e-01   2.0392618e-01
  -8.0499533e-01  -1.3411715e-01
  -1.0287456e+00  -6.7444290e-01
   1.4704180e+00   1.7374345e+00
   2.2349154e-01   4.7151758e-01
  -1.0289022e+00  -8.5321041e-01
  -5.9861117e-01  -1.7913118e-01
   8.6533096e-01   8.2227125e-01
   1.9967877e+00   1.9362130e+00
  -9.1593668e-01  -8.4764422e-01
   7.6478550e-02   3.6905161e-01
  -3.5146168e-01  -6.8433907e-01
  -1.0042690e-01  -5.6611312e-01
  -1.3960404e+00  -1.1268063e+00
   1.1198591e+00   1.4208702e+00
   5.5424057e-01   2.3286571e-01
  -1.7165241e+00  -1.4647175e+00
   1.7425040e-01   1.4555363e-01
   5.6070236e-01   1.2470144e+00
   2.8611055e-01   3.8702111e-01
  -1.0699097e+00  -9.2176336e-01
   6.9212354e-01   8.8100172e-01
  -9.4601346e-02  -2.8806086e-01
  -2.0059247e+00  -2.2247758e+00
  -2.1151431e-01   1.0137863e-01
   4.2186302e-01   6.9946709e-01
  -1.0772761e+00  -9.8460607e-01
  -1.0148930e+00  -1.3135269e+00
  -6.2286378e-01  -3.0246427e-01
  -3.4038053e-01  -4.3284040e-01
  -2.3834241e-01  -3.6074825e-01
  -4.3684725e-01  -1.6783501e-01
   3.4617147e-01  -1.6276856e-01
  -3.5529907e-01  -5.2012869e-01
   8.4470821e-01   7.5358953e-01
   1.3607693e+00   1.3601552e+00
   2.8281976e-01   5.9015384e-01
  -2.5256464e-01  -4.1399381e-01
   4.0726739e-01  -2.9709011e-01
   1.4277102e+00   1.1117609e+00
   9.8056888e-01   7.4769990e-01
   1.0948117e+00   1.1768980e+00
  -1.8623732e+00  -1.5017427e+00
   4.1492632e-01   3.2879494e-01
  -6.3457493e-01  -8.9743532e-01
  -5.4037421e-01  -6.6184705e-01
  -1.3669916e-02  -2.6854229e-02
   5.5940164e-01   5.2144013e-01
   6.5083259e-01   3.3745596e-01
   1.7903204e-01   2.2410482e-01
  -2.5387521e-01  -3.4548835e-01
  -8.0049715e-01  -8.4349937e-01
  -1.1098488e+00  -1.0311718e+00
   5.0481456e-03   8.0071892e-02
  -6.8845074e-01  -5.1299859e-01
  -3.2893450e-02   9.4215573e-02
  -6.5565763e-01  -8.6410890e-01
   3.7195870e-01   6.1908052e-01
  -1.0356349e+00  -3.2842603e-01
   1.6326942e+00   1.3495800e+00
   3.8813393e-01   5.3153328e-01
  -9.1130806e-01   9.0210546e-02
  -1.3151576e+00  -1.4622756e+00
   7.8860242e-01   1.0141003e+00
  -6.6777257e-01  -1.1173179e-01
  -9.0813975e-01  -7.1122922e-01
   1.6509707e-01   5.8919916e-01
  -1.6583054e+00  -1.4385288e+00
  -5.2663542e-01  -4.4354302e-01
  -1.0648067e+00  -7.3984261e-01
   1.3559063e+00   1.3888974e+00
  -6.3842734e-01  -5.5913482e-01
   2.6154759e-01   1.1365844e-01
  -5.5897743e-01  -3.3122144e-01
  -1.2139004e+00  -1.0172851e+00
   4.3247533e-01   3.3625269e-01
  -5.1478877e-01  -5.0739778e-01
   6.7899028e-01   4.9337766e-01
   1.0403305e+00   1.2821293e+00
  -4.1543520e-01  -1.6172016e-01
   5.3568497e-01   7.8447572e-01
   4.7133960e-01   6.7630679e-01
   6.4349105e-03   2.2110837e-01
   8.7106458e-01  -3.5566213e-01
  -1.6358482e+00  -1.1329527e+00
   1.4199341e+00   1.2888869e+00
  -2.0831558e-01   1.0022956e-01
  -1.3727646e+00  -8.2766912e-01
   2.1318819e-01   3.7825167e-01
   7.6010881e-01   9.4750990e-01
   8.2299592e-02   2.2981962e-02
  -8.9724581e-03   6.8008345e-02
   4.0243005e-01  -1.2259817e-01
  -7.1985198e-01  -8.0992691e-01
  -1.4003636e+00  -3.5046362e-01
   1.1569430e+00   6.0321771e-01
  -3.0498950e-01   6.3594680e-01
   6.7651696e-01   8.2848463e-01
  -2.8088606e-01  -1.2666753e-01
   1.4190320e+00   1.6111407e+00
   1.0588128e+00   8.9209629e-01
  -7.8514781e-01  -1.6641340e+00
  -1.9863411e-01  -1.7605362e-01
  -4.4707850e-01  -5.5100225e-01
   9.4398000e-01   7.7257137e-01
  -1.5544590e+00  -1.0219877e+00
   4.3840930e-01  -7.9313595e-02
   7.0219183e-01   8.4388422e-01
  -6.8019626e-01  -6.6572962e-01
  -7.2450912e-01  -1.4828514e-01
   2.1388512e+00   1.7425984e+00
  -5.4342889e-01  -5.2254970e-01
  -7.0995536e-01  -1.3111987e+00
  -6.4803196e-01  -6.1116491e-01
  -9.3850844e-01  -1.0021018e+00
  -1.3042887e+00  -1.4011786e+00
  -3.6976882e-01  -4.0055271e-01
   1.0638201e+00   1.1266835e+00
   1.7034219e-01   1.9190957e-01
   9.8104760e-01   9.4019937e-01
   6.1233127e-01   3.1398661e-01
   9.2545816e-01   8.7956835e-01
   9.3199806e-02  -5.8799990e-01
   3.2712377e-01   4.5355919e-01
  -3.2842991e-01  -4.4110320e-01
  -9.2236341e-01  -9.5979500e-01
   2.2169334e-01   1.0622328e+00
  -8.9179318e-01  -8.6338964e-01
   1.6185981e+00   1.3058134e+00
   1.5920305e+00   1.4590663e+00
   1.2759112e+00   1.1998735e+00
   4.3120907e-01   9.4020374e-01
   6.6451193e-01   2.2616807e-01
  -1.5214845e-01  -9.1531125e-01
   1.3406168e+00   1.0359188e+00
  -1.4273720e-01   3.5686792e-01
   1.3030950e+00   1.4209778e+00
   1.1457413e+00   1.5049956e+00
  -1.2477955e-01  -1.2011074e-01
   1.3359798e+00   9.9118284e-01
   1.5963676e+00   1.1557949e+00
   9.7719615e-01   5.4524769e-01
  -2.7502395e-01  -8.8390192e-01
   2.0960399e-01   3.8545605e-01
  -9.3789520e-01  -1.2693154e+00
  -1.2132575e+00  -9.4176308e-01
  -6.3412240e-01  -5.6025451e-01
   2.9068984e-01   6.7410864e-01
  -9.6910261e-01  -9.8578164e-01
  -1.3560996e+00  -1.6778873e+00
  -1.7165885e+00  -1.1946447e+00
  -2.6262176e-01  -2.6560967e-01
   4.4071395e-01   4.5514529e-02
   7.6000817e-02   4.6338129e-01
  -9.2633076e-01  -1.1872048e+00
   4.1097729e-01   4.2384688e-01
  -1.0259018e+00  -1.3135750e+00
  -6.1519074e-01  -5.6040871e-01
   2.5911081e-01  -3.4404767e-01
   2.6923029e-02   9.9753824e-02
   1.5172383e+00   1.7526595e+00
  -7.9017042e-01  -1.2366477e+00
   1.0553700e-01  -7.3430575e-02
   2.1732354e+00   1.8570265e+00
  -6.0221181e-01  -4.0917896e-01
   2.8958360e+00   2.7373772e+00
   3.7663997e-01   2.9756649e-01
  -1.1406645e+00  -5.5249031e-01
  -2.5086296e-01   2.0079885e-01
   1.3241288e-01   5.2482091e-01
  -1.4473781e-01  -4.8417319e-02
  -2.3848277e+00  -2.0840680e+00
   5.5534316e-01   9.6278596e-01
   2.2029599e-02  -3.1562743e-01
   8.0360398e-01   4.8475149e-01
   1.4265711e+00   1.5916120e+00
   2.2614748e+00   1.7582708e+00
  -7.4555775e-01  -2.0782749e-01
  -1.2205439e+00  -4.7204657e-01
  -1.2107410e+00  -8.4472580e-01
  -6.2702632e-01  -4.6415190e-01
   1.1896039e-01  -2.1424734e-01
   5.2607144e-01   1.6561993e-01
  -6.6795723e-01  -9.0283427e-01
  -9.3189614e-01  -1.3010838e+00
   3.5905811e-02   3.5085422e-01
   3.3037127e+00   2.6392352e+00
  -1.8546620e+00  -2.1716236e+00
  -5.4339368e-01  -3.6096184e-01
  -1.8878890e-01  -1.1711924e-02
   6.6953941e-01   9.4662635e-01
   2.0393431e+00   2.0227345e+00
   9.6269282e-02   2.3449708e-01
   7.5196774e-01   5.2735936e-01
  -6.4505292e-01   1.4841943e-02
   1.4064593e+00   1.5225754e+00
  -9.4549397e-01  -9.9674718e-01
  -8.2322426e-01  -4.0707348e-01
  -1.7441778e+00  -1.6001778e+00
  -8.3232982e-01  -8.1959300e-01
   1.3601138e+00   1.4965267e+00
   2.8572871e-01  -2.4103579e-01
   1.4408294e+00   1.3688933e+00
  -6.2269443e-01  -1.1470689e+00
   1.1549546e+00   1.0575006e+00
  -5.9706031e-01  -9.7113349e-01
  -4.1473178e-01  -8.1817462e-01
  -8.7703497e-01  -2.1450185e-01
  -7.6004965e-02  -1.6777705e-01
  -1.0238876e+00  -1.5351595e+00
  -1.9479323e-01  -1.0085744e+00
  -1.6364154e+00  -1.4558402e+00
   1.0216245e+00   4.7249230e-01
   7.5353402e-01   8.7629873e-01
  -8.5851776e-01  -6.6340727e-01
  -3.0341035e-01   4.6419767e-01
  -5.5678733e-01  -1.2396567e+00
  -4.0607261e-01  -9.0397052e-01
   5.2652258e-01   4.1083217e-01
   7.1913379e-01   1.6509354e-01
   2.2017837e+00   2.1740399e+00
   4.4160782e-01   7.1956646e-01
   1.4409861e-01  -1.1485364e-01
  -1.9050539e-01  -1.8030982e-01
   8.5880921e-01   8.0985408e-01
  -1.4010666e+00  -1.4394169e+00
  -1.5205354e+00  -1.2504901e+00
   9.1130906e-01   1.3932181e+00
  -2.5287801e-01  -7.7449116e-01
  -8.5827579e-01  -8.8813883e-01
  -5.3171796e-01  -3.9584075e-01
  -8.6224717e-01  -5.4744264e-01
   1.4235623e+00   7.5239695e-01
  -8.9962874e-01  -1.0173307e+00
  -1.5277865e+00  -1.2741146e+00
   5.5123889e-01   6.5715397e-01
  -1.5745107e+00  -1.1658595e+00
   3.2930127e+00   2.5103410e+00
  -1.8900738e-01  -3.3364581e-02
  -3.7325163e-03  -1.6857220e-01
  -3.7679887e-01  -4.1894425e-01
  -6.0312001e-01  -6.8574389e-01
  -1.0571029e+00  -1.2742315e+00
  -2.3834866e-01  -5.6235694e-01
   9.6375458e-01   3.4445432e-01
  -2.1188194e+00  -2.1334765e+00
  -6.6976184e-02   7.0097738e-02
  -6.4402468e-01  -6.4401811e-01
   8.5677808e-01   9.6420604e-01
  -6.6033498e-02   2.6618165e-01
   8.2373083e-01   8.8004553e-01
  -1.3223268e+00  -1.1577014e+00
  -1.1050631e+00  -1.2759037e+00
   3.5450972e-02  -1.9263562e-01
   2.1564565e+00   2.0260322e+00
   7.5224373e-01   6.9393468e-01
  -8.5599305e-01  -5.2426507e-01
  -1.2597840e-02   5.0462364e-01
   9.6131955e-01   9.8615290e-01
  -1.1061953e+00  -1.4172852e+00
  -1.5216351e-01   2.2115690e-01
  -8.9346065e-01  -8.9616848e-01
   7.8857651e-01   8.9742639e-01
  -6.1466209e-01  -2.0843617e-02
  -1.1722631e+00  -1.7417653e+00
   1.1592536e+00   1.4916049e+00
  -1.6345705e+00  -1.6893934e+00
   1.5238680e+00   1.7545474e+00
  -2.0716890e-01  -2.2283381e-01
  -3.1000819e-01   3.1053447e-02
  -1.4738414e+00  -1.1806351e+00
  -1.2980303e+00  -1.0290462e+00
   5.5423022e-01  -2.0936826e-01
  -3.2462095e-01  -2.3141382e-01
   1.5203720e-01   5.4407764e-01
  -5.8530986e-01  -2.5987475e-01
   1.3404400e+00   1.3693032e+00
   4.5352178e-01   8.2687642e-01
   5.8658840e-01   6.1656296e-01
   3.3148380e-01  -1.6354849e-01
  -2.2180912e-01  -1.3333295e-02
  -9.2942658e-01  -9.6166509e-01
   8.1431331e-02  -4.4255453e-03
  -1.4258585e+00  -7.1681542e-01
  -4.5486655e-01  -6.2807630e-01
  -7.2412325e-01  -5.0172205e-01
   2.3751494e-01   2.9187174e-01
  -1.6467857e+00  -1.3787400e+00
   1.3269801e-02  -9.8144160e-02
   4.0557423e-01   1.5883879e-01
  -1.4575766e+00  -1.7783925e+00
  -4.1634804e-01  -2.4351274e-01
   7.6497576e-01   9.1965187e-01
   1.0610920e-01   4.0618376e-01
  -6.5425910e-01  -6.2073865e-01
   2.4011521e+00   2.1801918e+00
   1.3182629e+00   1.2412091e+00
   2.5476820e+00   1.8025002e+00
  -1.6119775e+00  -1.6890461e+00
   4.4322898e-02   2.9825802e-01
   4.1484357e-01   4.8614084e-01
  -6.9930458e-01   2.7811445e-02
  -1.4603162e+00  -1.2813147e+00
   1.0694953e+00   8.5765873e-01
  -1.7645580e+00  -2.7272768e+00
  -2.7667058e-01  -1.6597485e-01
  -5.0187603e-01   2.4022000e-02
   4.8565221e-01   2.6517024e-01
  -6.5453052e-01  -8.2204794e-01
   3.7881387e-01  -2.9968249e-01
  -1.3729556e+00  -1.8095090e+00
  -3.8314248e-01  -3.0324110e-01
  -3.7863985e-01  -5.1724429e-01
  -1.9723683e+00  -2.0568852e+00
   1.2157470e+00   8.8202624e-01
   7.5905803e-01   7.3251228e-01
   8.5868235e-01   1.0179761e+00
   3.3885699e-01   2.1465812e-01
  -2.9188224e-01  -6.3896674e-01
   6.2597480e-01   9.4500461e-01
   2.6343872e-01   1.9757878e-01
  -9.7199911e-01  -1.0364256e+00
   1.7937964e+00   1.8956282e+00
  -1.1304287e+00  -5.5752871e-01
  -8.1553799e-01  -4.5801998e-01
   2.5482681e-02  -2.0120542e-01
   4.9812983e-01   1.6787992e-01
  -9.7424358e-01  -5.9542903e-01
  -2.3823595e-01  -6.8494242e-02
   8.0344112e-01   9.4819314e-01
   6.2138227e-01   5.8233603e-01
   6.5142309e-01   1.0471976e-01
  -6.3014686e-02   4.4622594e-01
  -7.1475665e-01  -2.9633118e-01
   1.2066764e+00   9.1487218e-01
   6.9105897e-01   3.9746853e-01
   2.4298544e-01   9.3816509e-03
   7.0754328e-01   3.6194463e-01
   1.0163561e+00   7.8968682e-01
   1.9895776e+00   1.3326785e+00
  -1.4819718e+00  -1.3856637e+00
   1.3028443e+00   1.0594855e+00
   6.7785658e-01   1.0089955e+00
   1.4471842e+00   1.3698615e+00
   8.5330247e-02  -3.1401074e-01
   1.0288877e-01   2.1256801e-01
  -1.8493023e+00  -2.1890440e+00
  -2.2015865e+00  -2.4716804e+00
  -9.4058489e-01  -8.2075117e-01
  -4.3144054e-01   7.3727534e-02
  -1.0093213e+00  -1.2028824e+00
   2.6224578e-01   6.7029547e-01
  -2.2685629e+00  -1.2823362e+00
  -1.1207832e+00  -7.1044268e-01
   3.6712499e-02   6.5516070e-02
  -1.5010068e+00  -1.3262427e+00
  -2.1232990e+00  -2.3106019e+00
   1.9458281e+00   1.5910776e+00
  -1.4325428e+00  -2.0996964e+00
  -8.3957875e-01  -9.3179328e-01
   8.2689309e-01   1.1787387e+00
  -7.6766591e-01  -4.8522966e-01
   2.0118141e+00   1.4215836e+00
  -2.4106346e-02  -1.9352210e-01
  -1.5760680e+00  -1.9224471e+00
   1.4938814e+00   1.7909214e+00
  -1.1139487e+00  -1.5480025e+00
  -8.8001647e-01  -7.0487551e-02
   2.2455164e-02   1.6154013e-01
  -2.1791424e-01  -5.5495998e-02
  -3.8551010e-01  -2.3685299e-01
   1.0388449e-01  -5.4584459e-02
  -1.9240157e+00  -1.6675674e+00
  -1.3064673e-01  -9.8681346e-01
   5.9223403e-01   3.9157664e-01
  -2.0098164e-01  -4.5455223e-01
   1.6162610e+00   1.2829173e+00
   1.5103991e+00   8.8224758e-01
  -1.4778323e+00  -9.7652205e-01
  -5.3529308e-01  -6.9433054e-01
  -1.7114320e-01   4.3977144e-01
   2.0204126e+00   1.7273120e+00
   4.2878761e-02   1.2393776e-01
  -1.7668126e-01  -4.6308647e-01
  -1.8267864e+00  -2.4400095e+00
   6.6034215e-01   1.4025671e+00
   8.3057034e-02   1.3084945e-01
  -1.6049673e+00  -1.6562877e+00
   1.1032409e+00   1.0245482e+00
   1.1545524e+00   9.7608593e-01
  -6.4311526e-01  -8.8403796e-01
   4.3653686e-01   3.1502593e-01
   8.8669300e-01   7.5279605e-01
  -5.2871081e-01  -5.4194724e-01
   7.0658886e-02  -3.7621654e-02
  -8.9923066e-01  -8.1801113e-01
  -5.0370124e-01  -5.3280286e-01
  -5.1574789e-01  -7.3439931e-01
  -1.6467071e+00  -1.9864931e+00
  -9.7336419e-02  -1.8601887e-01
   6.7212343e-01   3.6517572e-01
   1.3545968e+00   1.0613182e+00
  -6.3782140e-01  -8.5909402e-01
   9.1240283e-01   1.1666442e+00
  -1.4243025e+00  -2.1608269e+00
  -4.7395555e-01   8.1100031e-02
   7.9101961e-01   3.6489790e-01
   1.1169554e+00   1.1314373e+00
   3.5180941e-01   4.7806743e-01
   8.9021092e-01   8.2658954e-01
   7.1297379e-01   1.3164126e+00
  -2.7844684e-01   1.1609819e-01
   3.3833550e-01   2.8226484e-01
   6.3927240e-01   5.3006560e-01
   1.3012837e-01   3.9055642e-01
   8.1807517e-01   9.9294062e-01
  -7.7637511e-01  -6.4080604e-01
  -5.4962775e-01  -1.5408067e+00
  -9.7405722e-01  -8.1421305e-01
  -4.5954140e-01  -1.8776745e-02
  -1.8550031e-01  -2.1152729e-01
  -8.6068176e-01  -8.7243675e-01
   1.7547377e+00   1.9766901e+00
   2.3885447e+00   2.4893974e+00
   1.1202449e-01   4.6886163e-01
   1.2389698e+00   9.8769653e-01
   7.2609642e-01   2.6351500e-01
   2.3343334e+00   2.2212931e+00
  -3.4741747e-01  -3.0018912e-01
  -1.8827946e+00  -2.0406180e+00
   5.1581222e-01   6.9796680e-01
   5.8318079e-02   1.0088588e-01
  -5.6756433e-01  -1.3320982e+00
   1.2520859e-01  -1.0811323e-01
   7.1522768e-01   1.2953694e-01
  -1.6685195e+00  -1.9050558e+00
   1.6625663e-01  -1.9127646e-01
   5.7418465e-01   2.0553491e-01
  -1.3958413e+00  -1.0657052e+00
   1.3280748e+00   1.3786326e+00
   1.5652690e+00   1.3900979e+00
   7.5775431e-02   2.7639247e-01
   6.4776623e-01   1.3816416e-01
   2.3505536e-01   3.1332605e-01
  -1.1835911e+00  -1.2703456e+00
  -6.3959170e-01  -1.3282037e+00
  -1.5843238e+00  -2.0294728e+00
  -1.8176498e-01   3.9371343e-01
  -7.8145888e-01  -2.8775594e-01
   1.8489523e+00   2.0088841e+00
  -3.7548280e-02   1.3491756e-01
  -3.0863561e-01   2.5781796e-01
  -1.0251285e+00  -1.2955045e+00
  -7.9104156e-01  -7.1355609e-02
   1.6830990e-02  -1.2279468e-01
   2.3581192e-01   3.9841099e-01
  -2.8737867e-01  -1.6600714e-01
  -1.1895704e+00  -1.0794170e+00
  -2.5141348e-01  -2.1368982e-01
   1.1297865e+00   1.3980686e+00
  -9.3693213e-01  -4.5287662e-01
  -6.4369536e-01  -5.1385699e-01
  -1.3422690e+00  -1.4946614e+00
  -8.5469690e-01  -1.1946368e+00
   3.9167924e-01   1.5120233e-01
   2.6314190e-01   1.9787163e-01
  -1.0962498e+00  -6.8227731e-01
   6.1655757e-01   5.3164087e-01
  -5.9596901e-01  -5.4146848e-01
  -6.2536160e-01  -7.6807119e-01
   1.7427874e-02   3.8430766e-02
   1.4923884e+00   1.0347623e+00
   4.1139849e-01   5.2312982e-01
   4.4763600e-01   7.7886828e-01
  -9.0805413e-01  -2.7197280e-01
   1.1586541e+00   8.8819768e-01
  -4.5431325e-01  -5.4467374e-01
  -1.6069124e+00  -1.9948403e+00
  -1.0722601e+00  -1.3152620e+00
   5.4535739e-02   4.3228738e-02
  -1.2985570e+00  -1.4656581e+00
  -3.2932383e-01  -2.3346375e-01
  -6.5796154e-01  -2.6289468e-01
  -1.3080743e+00  -1.3465242e+00
  -5.3201360e-01  -4.2703261e-01
  -1.5542398e+00  -1.1918132e+00
  -1.0100620e-01   2.8867313e-01
  -7.8880986e-01  -5.6527090e-01
  -8.4976870e-01  -1.2524509e+00
  -1.0728582e+00  -7.6533500e-01
   3.0146258e-01  -1.0263193e-01
  -2.2911731e-01   3.3642344e-01
   3.5086899e-01   1.8297754e-01
   6.3256752e-01   9.4954094e-01
  -2.5177648e+00  -2.0601572e+00
   2.6081184e-01   5.2516983e-01
   1.9430356e-01   5.5586774e-01
  -1.6927176e+00  -2.1551135e+00
  -1.9348864e+00  -2.0738497e+00
  -8.5076463e-01  -7.8492508e-01
   5.7384919e-02   4.6478154e-02
  -3.5984957e-01   8.1839649e-02
   6.4959800e-01   2.8571440e-01
   1.0050358e+00   1.1006685e+00
   1.4864082e-01  -1.6387860e-02
  -7.3338590e-01  -9.5801140e-01
   4.7400572e-01   3.6630147e-01
   2.2351384e+00   2.0334696e+00
   9.6053237e-01   1.0264176e+00
   1.7060621e-01  -1.2296196e-01
   8.3849415e-01   6.8519181e-01
   1.4841602e+00   1.1897018e+00
   7.4201483e-01   5.8846725e-01
   2.8890017e-01   1.7277748e-01
  -1.1715400e+00  -1.0209814e+00
   2.0179969e+00   2.1169592e+00
  -1.0711915e+00  -1.3977644e+00
  -1.0216171e+00  -6.8666202e-01
  -1.3690214e+00  -1.2394233e+00
  -2.0828494e-02  -3.6900140e-01
   9.9641007e-01   8.6871526e-01
   1.4611241e+00   1.6349748e+00
  -7.5796008e-01  -6.5508855e-01
   7.6361555e-01   4.6668421e-01
   7.8531044e-01   9.9005765e-01
  -6.8967854e-01  -1.1204248e+00
   1.6359463e+00   1.3792912e+00
  -3.3119232e-03  -2.9190261e-01
  -5.0323093e-01  -5.6517809e-01
  -6.0984276e-02  -1.0410673e-01
   1.4461094e+00   1.1928487e+00
   8.2552461e-02  -3.2252543e-02
   9.4679157e-02  -1.5321948e-01
   1.1646720e+00   1.3393043e+00
  -3.3632439e-01   3.6199116e-03
   1.1440077e+00   1.4073900e+00
  -1.1632189e-01   8.1562754e-02
  -7.0083372e-01  -3.9790001e-01
  -2.0274759e-01   1.5582449e-01
  -6.5798129e-01  -3.8517464e-01
   5.8353425e-01   5.3886204e-01
  -1.2304122e+00  -8.8507757e-01
  -2.7538372e-01  -2.0181863e-01
  -2.7888286e-01  -6.7620769e-01
  -3.8336004e-01  -6.0169070e-01
   8.2676520e-01   1.0690179e+00
   5.6319481e-01   5.1187025e-01
  -1.6337111e-01   5.5675341e-02
  -1.1965517e-01   1.7555044e-01
   1.9776449e+00   1.7435537e+00
  -1.3913063e-02  -6.2934082e-01
  -1.9815833e-01  -1.8982297e-01
  -7.8577594e-01  -7.5032418e-01
   1.3757958e+00   1.7980789e+00
   1.1820982e+00   1.0741801e+00
   9.5245615e-01   9.0132004e-01
   3.7031913e-01   4.9375360e-01
  -8.9139411e-01  -8.3159012e-01
   1.1498814e+00   6.6310421e-01
  -1.0008109e+00  -6.6361397e-01
   1.8478272e+00   1.9960445e+00
  -2.3447383e-01  -1.9719621e-02
  -7.4742370e-01  -6.6017774e-01
  -1.2873974e+00  -1.1691212e+00
  -1.1912334e+00  -8.9424215e-01
   7.5200403e-01   6.4473941e-01
   2.5939145e-01   6.8354690e-01
   1.2933327e+00   1.3529846e+00
  -1.6776698e+00  -1.8653276e+00
   9.9838763e-01   8.7485420e-01
   1.7959105e+00   1.5990064e+00
   5.1295772e-01   3.3646730e-01
   1.4136408e+00   1.6428837e+00
   1.1586371e+00   1.3593702e+00
   6.4711672e-02  -5.2688741e-02
   1.1623063e+00   1.3586508e+00
   2.2138027e+00   1.7163620e+00
   1.6837680e-01   6.2636334e-01
  -6.3305136e-01  -8.9585492e-01
   7.3591443e-01   9.0182315e-01
   1.4943639e-01   2.7330413e-01
  -4.1461275e-01  -6.4765065e-01
  -7.7425124e-01  -5.6715671e-01
   6.5147382e-01   7.0895615e-01
   1.2121256e+00   1.0394282e+00
   1.7490863e+00   1.7865113e+00
  -1.6870177e+00  -1.4318404e+00
   4.9866210e-01   3.3011505e-01
   9.7625125e-01   8.3882334e-01
   1.0636979e+00   7.1174331e-01
  -6.6973907e-01  -3.2575337e-01
   9.3756991e-01   6.0304730e-01
   4.3897726e-01   1.4912894e-01
   2.0971288e+00   2.2122316e+00
  -5.4129730e-01  -8.8815896e-01
   9.4176622e-02  -3.4426980e-01
   2.9003337e+00   2.1532337e+00
  -1.2908992e-01  -7.1968318e-01
   6.1766794e-01   6.1868747e-01
   2.7530069e+00   1.8281039e+00
   1.2927766e+00   6.0814990e-01
  -8.0434183e-01  -5.2597343e-01
   5.0617979e-01   3.9568676e-01
   3.9645570e-01   6.7194345e-01
  -8.3118660e-01  -7.1007039e-01
   2.3408283e+00   2.0794442e+00
  -1.0075833e+00  -8.2780686e-01
   7.9100998e-01   1.4088073e+00
   2.3609267e+00   1.3965057e+00
  -3.0776610e-01  -1.2238685e-01
  -5.9344524e-01  -9.0620730e-01
   3.3484294e-01  -4.8576796e-02
  -1.4447629e-01   5.6139507e-02
  -1.1660297e+00  -1.1394125e+00
  -1.1133962e-02   4.8468079e-01
   2.8554521e-01   2.0278493e-01
   1.8858861e+00   1.6058672e+00
   1.0720968e+00   1.2881580e+00
   2.6950916e-01   3.4223756e-01
  -1.8053703e+00  -1.5010267e+00
  -7.4761108e-01  -4.2318323e-01
  -4.6545100e-01  -4.8744217e-01
  -3.9732199e-01  -2.7346019e-01
  -5.0509979e-01  -4.4955745e-01
   8.1802193e-01   1.0454986e+00
   1.9466837e+00   1.6224297e+00
   3.0939683e-01   3.9365578e-01
   1.7330379e-01   6.7835138e-02
   2.2580222e-01   4.6507854e-01
   1.8720829e+00   1.4106105e+00
  -1.6822616e+00  -1.3598195e+00
   7.7840049e-01   5.9660080e-01
  -1.4145578e+00  -1.1122361e+00
  -1.3143777e+00  -1.1341061e+00
   1.4577156e+00   1.1576500e+00
  -8.8041938e-01  -1.0619483e+00
  -9.7925273e-01  -6.3832702e-01
   6.7025924e-01   5.5756647e-01
   8.1582204e-01   6.3532562e-01
   8.1545188e-01   9.3011828e-01
   2.2634239e-01   3.0863924e-01
   9.2015364e-01   6.3249329e-01
   1.0340511e+00   8.4069089e-01
  -6.0456232e-01  -8.6352735e-02
   8.9418635e-01   8.1995546e-01
   2.4434669e-01   6.1608084e-01
   3.2616918e+00   2.6741262e+00
  -5.7405141e-02   1.5601892e-01
  -1.3395439e+00  -9.7786967e-01
  -6.5552344e-01  -5.0824367e-01
   9.6201884e-01   9.1593598e-01
  -8.6626251e-01  -7.0720293e-01
   4.8929954e-01   6.2199310e-01
   7.2924537e-02   5.7035124e-02
  -6.5473994e-01  -4.4365088e-01
   1.0372295e+00   8.0679417e-01
   1.7094496e+00   7.6298492e-01
  -1.2438279e+00  -1.0635697e+00
   2.1758882e-01   1.7584169e-01
   8.5784571e-01   4.4259883e-01
  -5.1742921e-01  -1.2065114e+00
  -3.4594385e-01   4.9253288e-02
   1.1274937e+00   3.7842902e-01
  -1.7161715e-01  -3.3901444e-01
  -1.3679130e+00  -1.0491915e+00
   9.7943624e-01   1.3497474e+00
  -2.2907430e+00  -2.9196666e+00
   6.1982753e-01   1.0060448e+00
   2.1160670e+00   1.5841779e+00
   1.8203362e+00   1.4010802e+00
  -5.9318850e-02   2.6999482e-01
  -8.2078535e-01  -6.7522384e-01
   1.1985048e-01   4.1743790e-01
   1.2636226e+00   1.0399097e+00
   3.8112190e-01   3.6465655e-02
  -4.2179161e-01  -5.7207523e-01
   4.7356830e-01   3.5193641e-01
   1.7173802e+00   1.6022971e+00
  -6.4828992e-01  -4.5437447e-01
   1.9626289e+00   1.8952392e+00
   1.7668804e+00   1.4829037e+00
   3.2599486e-02   2.3386257e-01
   1.8184267e-01   1.7945231e-01
  -7.3148013e-01  -1.0687160e+00
   2.3311634e-02   2.6678324e-01
  -1.3887702e+00  -1.7405654e+00
  -2.1006874e-01   3.1594237e-01
   8.0931494e-01   5.7530616e-01
  -3.9154909e-01  -3.0851875e-01
  -3.5056764e-01   1.7611612e-01
  -4.8442740e-01  -9.1918217e-01
   1.2403256e+00   1.0734657e+00
  -1.3378638e+00  -1.2048811e+00
  -2.3878460e-01   4.8370089e-03
  -1.5460311e+00  -1.7752308e+00
  -5.5635067e-02   2.7896646e-01
  -8.6245495e-01  -8.8135475e-01
   2.5835218e+00   2.0760830e+00
   1.8667436e+00   1.4495341e+00
  -1.5691611e+00  -8.9127539e-01
   3.9123743e-02   1.1006570e-01
  -2.0570118e+00  -2.5924955e+00
   1.0376294e-01   4.4384474e-01
   2.7101539e-01   8.8424069e-03
   1.2947465e-01   2.6285941e-01
   4.3499462e-01   5.2682040e-01
   5.6531814e-01  -1.2319923e-01
  -8.1275955e-01  -1.0952614e+00
  -9.1064436e-01  -8.0052126e-01
  -1.6845114e+00  -2.1930559e+00
  -7.4615769e-01  -7.1030189e-01
   7.9294366e-01   7.9927288e-01
   6.2872514e-01   3.8816449e-01
   4.7881099e-01   1.6317008e-01
   2.1467464e-01   6.5038624e-01
  -5.2841966e-01  -5.5357069e-01
  -3.6501452e-01  -6.0880937e-01
  -7.7111012e-01  -3.1907587e-01
  -4.0756803e-01  -8.5593343e-01
   1.0112876e+00   6.8388733e-01
   7.7506516e-01   4.5563867e-01
  -2.5899312e+00  -2.7645191e+00
  -1.2477460e+00  -7.8371904e-01
   2.9183888e-01   3.7489244e-01
  -8.3606277e-01  -4.1758852e-01
  -2.5674445e-01  -3.8724389e-01
  -1.3817670e+00  -4.7387225e-01
  -1.0017191e+00  -8.9548786e-01
   7.1280590e-01   8.6002332e-01
   8.0797831e-01   4.6247974e-01
  -1.3738101e+00  -1.7048429e+00
   1.2332561e+00   1.2076783e+00
  -7.6504296e-01  -9.9639104e-01
  -4.5425569e-02  -2.3083945e-01
   2.9079878e-01   4.4718087e-01
   7.9974172e-01   1.0452860e+00
   2.6657234e-01   2.0639306e-01
  -1.2547232e+00  -1.3586209e+00
  -3.5111206e-01   5.1678240e-02
  -5.7394568e-01  -9.6815940e-01
   1.6205918e-01  -2.2757533e-01
   1.1234766e+00   1.4985303e+00
   1.3837405e+00   9.2025930e-01
  -3.9592793e-01  -7.1506286e-01
  -5.9332060e-01  -6.5935503e-02
  -2.3822112e-01   3.8356107e-01
  -9.1550346e-01  -1.6946441e+00
   3.8862271e-01   5.1669793e-01
  -1.1045022e+00  -1.1170348e+00
  -1.2809786e+00  -8.8964258e-01
   1.4839468e+00   1.1979176e+00
   1.6485831e+00   1.5243884e+00
   1.5914134e+00   1.0307271e+00
   7.6916247e-01   1.0891160e+00
   5.9313161e-01   3.1962611e-01
   6.8727422e-01   1.1130516e+00
  -1.7245404e+00  -1.8248432e+00
  -1.4962497e+00  -9.3581940e-01
   1.5774439e-02  -5.8982230e-01
   1.7867146e+00   1.3575744e+00
  -1.1416922e+00  -7.7848568e-01
   2.8959102e-02  -3.4075655e-01
   3.0087114e-01  -1.0145328e-01
  -1.5357342e+00  -1.2658146e+00
  -1.5559822e+00  -2.1372607e+00
  -3.6759465e-01  -7.7223228e-01
   1.7155469e+00   1.2651403e+00
  -5.8226379e-01  -7.5011715e-01
  -1.5691265e-02   3.7718620e-01
   5.5458821e-04  -1.9552096e-02
   1.8671963e-01   1.6480106e-01
  -1.4978157e+00  -2.1843491e+00
  -4.0904457e-01  -5.6937984e-01
  -1.4584900e-01  -3.9645704e-01
  -7.4037799e-01  -5.5855981e-01
  -8.5337359e-01  -6.4849028e-01
   9.3421979e-01   7.7965443e-01
  -8.1268536e-02  -5.4177499e-02
  -8.5336769e-01  -1.1708374e+00
  -1.0977660e+00  -6.6237823e-01
  -8.7622267e-01  -7.8887522e-01
   1.5356074e+00   1.2352225e+00
  -1.7916298e+00  -2.3251746e+00
  -2.4729033e+00  -2.3693919e+00
  -8.4317183e-01  -9.3812108e-01
  -8.8854423e-01  -7.7648074e-01
   6.7532007e-01   7.0899012e-01
   3.6262936e-01  -3.9557399e-01
   6.7392457e-01   5.1752819e-01
  -4.7502674e-01  -3.8195678e-01
   1.3296339e+00   8.3865812e-01
   7.8315684e-01   7.1213805e-01
  -1.0550316e-01   1.5825667e-01
   1.2464750e+00   9.8192086e-01
  -1.4119709e+00  -1.8639167e+00
   9.0547885e-01   9.0823974e-01
  -3.2523553e-02   2.1960483e-01
  -1.2945546e+00  -8.2347187e-01
  -1.6206694e+00  -1.8343611e+00
  -2.1229915e+00  -2.9444588e+00
   9.8172484e-01   1.1723135e+00
   4.8988214e-01   5.6112036e-01
   5.2977714e-01   4.0479636e-01
   5.8457689e-02   3.9236733e-01
   7.9701701e-01   3.9291624e-01
   1.3058451e+00   1.1122940e+00
   1.2734853e+00   1.1223875e+00
  -4.2108710e-01  -8.8931056e-01
   5.0361155e-01   2.5671143e-01
   4.7774582e-01   9.1563712e-01
   1.6917753e+00   1.9924109e+00
  -6.1243465e-01  -4.2595251e-01
   4.7336874e-01   5.6640913e-01
  -1.3616829e+00  -9.9993778e-01
  -1.3626705e+00  -7.6087511e-01
   2.1311875e+00   1.9662648e+00
  -1.7510680e+00  -1.5551194e+00
   5.4023621e-01   7.6824333e-01
  -1.1244571e+00  -1.9561113e-02
  -2.3277018e-01  -1.2815413e-01
   6.6012979e-01   5.9174735e-01
  -2.1432541e-01  -9.7148661e-02
  -1.0361454e+00  -3.4267312e-01
  -1.7379438e+00  -2.3360411e+00
   1.4540750e+00   1.4786944e+00
  -2.1210313e+00  -2.4380695e+00
  -4.7488589e-01  -1.7470659e-01
  -8.7915179e-01  -1.9430407e-01
   9.5575582e-01   4.9336946e-01
   1.8375350e+00   1.3224194e+00
   9.7239151e-01   1.2800365e+00
  -2.9285782e-01  -7.7381179e-01
  -1.3091015e+00  -1.1687441e+00
   2.2042258e-01  -8.7900296e-02
  -5.9502315e-02   6.1856506e-01
   1.2252837e+00   1.0290909e+00
  -1.1903757e+00  -1.2295171e+00
   2.4006086e-01   1.9745573e-01
   1.1061779e-01   2.7289293e-01
  -1.0182503e+00  -8.1487592e-01
   1.0678880e-01  -9.8165871e-02
  -8.4589049e-02  -3.3358646e-01
  -3.1718240e-01  -3.1596877e-01
   4.2244208e-01   5.1497231e-01
  -1.7310937e+00  -1.2270922e+00
   4.2175849e-01   4.1487102e-01
   8.8350212e-01   2.8088717e-01
