   3.1457745e-01  -4.5592075e-01
   8.4458184e-01  -1.0520947e+00
  -4.3011517e-01   1.0670704e-01
  -1.7857620e+00   1.9699000e+00
  -2.9081460e-01   2.1491133e-01
   1.6640682e-01  -5.3842372e-01
   1.6480431e+00  -4.8292646e-01
  -6.3162618e-01   5.7801220e-01
   3.4371031e-01  -5.4518098e-01
   1.2089426e+00  -7.3979121e-01
  -1.6614914e+00   2.4619767e+00
   7.8753229e-01  -1.0378584e+00
   4.9724185e-01  -5.2612874e-01
   7.8754773e-01  -8.5436042e-01
   1.7446568e-01  -7.0682052e-01
  -8.4768330e-01   7.4828844e-01
   2.5716792e-01  -6.5143471e-01
   1.9257326e-01  -1.4100150e-01
   1.7920561e+00  -6.2681225e-01
   1.8678227e-02  -7.1782355e-01
   8.0069549e-01  -1.0321408e+00
   6.3952985e-01  -7.8460564e-01
   9.1158206e-01  -9.3459323e-01
   5.8748320e-01  -7.7773455e-01
   4.7353850e-01  -9.2841614e-01
   9.2407339e-01  -1.1434988e+00
  -6.3199200e-01   7.3218611e-01
   1.0395258e+00  -1.0986492e+00
   1.5148064e+00  -1.1299688e+00
   1.5131960e+00  -6.3998068e-01
   5.8137760e-01  -8.8741871e-01
  -2.2020252e-01  -3.8243437e-01
  -1.0047308e+00   9.9389673e-01
  -3.8864026e-01   2.2595225e-01
   5.5684295e-01  -9.3828924e-01
   2.0786065e-01  -5.0335172e-01
  -8.0062908e-01   6.9616733e-01
  -6.8372069e-01   6.3463512e-01
  -1.9331400e+00   2.1509381e+00
   1.0794157e-01  -2.1214096e-01
  -1.6369857e-01  -3.3352205e-02
   7.8914094e-01  -8.0594902e-01
  -1.4049261e+00   1.4876424e+00
  -3.5472862e-01  -3.9967635e-01
   1.6531436e+00  -9.9152886e-01
   3.0977076e-02  -3.9252549e-01
  -2.3510535e-01  -2.4493938e-01
   1.3662215e+00  -8.5914538e-01
  -1.2837599e+00   1.3869018e+00
   9.5047907e-01  -7.5820987e-01
   3.2122848e-01  -4.1787810e-01
   1.1679714e-02  -5.5556409e-01
  -1.6160420e+00   2.0371085e+00
  -3.6428037e-01  -3.4002691e-02
  -1.7251015e-01  -1.0318935e-01
   1.5128970e+00  -7.7274446e-01
  -3.2049182e-01  -1.6483428e-01
   3.1210105e-01  -6.3814077e-01
   8.6160149e-01  -1.2868301e+00
   6.1014865e-01  -9.7122114e-01
   1.6801863e+00  -7.8937074e-01
  -1.1828779e+00   9.3803262e-01
   1.0125022e+00  -9.1425352e-01
  -1.0934723e+00   1.3127209e+00
  -7.4948874e-01   4.4522654e-01
   1.1211183e-01  -1.9255820e-01
   1.6442655e+00  -7.2938985e-01
  -1.3452799e-01  -9.2671940e-02
  -5.8257756e-01   3.4501996e-01
   2.6609243e-01  -4.9109665e-01
  -1.4610845e+00   1.8283050e+00
  -3.8294468e-01  -8.0927693e-02
  -1.0447318e-01  -5.6797566e-01
   3.3729096e-01  -6.9116352e-01
  -1.1738322e+00   1.2622761e+00
  -2.2287988e-01  -1.4428487e-01
   5.0507990e-01  -7.4564364e-01
   6.9934018e-01  -1.0113965e+00
  -1.1979105e+00   1.8581309e+00
   2.3026887e-01  -5.0156350e-01
   7.4800637e-01  -5.0768685e-01
   8.3693068e-01  -1.0998146e+00
   8.0843746e-01  -6.4906214e-01
  -1.3009406e+00   1.4367940e+00
  -1.6048796e+00   1.9871569e+00
  -1.9320935e+00   2.4929992e+00
   3.8457162e-01  -9.0130161e-01
   1.4187072e+00  -4.1982787e-01
   3.7503510e-01  -5.5880013e-01
  -5.6405881e-01   5.7450359e-01
   1.3855780e+00  -1.0024741e+00
   2.5096613e-01  -4.5364568e-01
   5.3514126e-01  -7.6722809e-01
   1.5245962e-01  -2.4185599e-01
   6.1825346e-01  -8.7542997e-01
   1.0082900e+00  -1.1015672e+00
   1.2799894e+00  -9.9965125e-01
   5.1671127e-02  -3.7882370e-01
  -1.1544590e+00   1.2537950e+00
   1.2640911e+00  -7.9982926e-01
  -2.0448915e-01   3.0008878e-01
   2.4042400e+00   2.8640329e-02
  -8.6498500e-01   6.6801361e-01
  -4.5791702e-01   8.3705466e-02
   5.7653158e-01  -3.8786723e-01
  -6.8712384e-01   7.3057880e-01
  -1.1357366e+00   1.6610117e+00
   2.2523361e-01  -5.7045501e-01
   7.1618105e-02  -5.3871922e-01
   1.4324326e+00  -1.0613701e+00
   1.1996340e+00  -6.4810593e-01
   1.3848885e-01  -3.6497553e-01
   1.8990930e+00  -5.3681471e-01
   3.8961556e-01  -8.3779498e-01
   1.3671696e+00  -1.2276197e+00
  -5.6062795e-01   7.2807245e-01
  -7.3485045e-01   1.0034801e+00
   7.7068482e-01  -1.3036496e+00
  -2.2734826e+00   2.8692076e+00
  -1.4755629e+00   1.4699407e+00
  -9.6939815e-01   1.0409381e+00
  -3.9530753e-02  -9.1605688e-01
  -6.7147958e-01   2.6757956e-01
  -1.2193110e+00   1.0700403e+00
  -1.4049274e+00   1.8957961e+00
  -3.8656027e-02  -2.7305490e-01
  -1.5162945e-01  -6.9027947e-01
   1.4952569e+00  -9.8748686e-01
  -1.7126811e+00   2.2209682e+00
  -6.5543761e-01   2.7091027e-01
   7.0857062e-01  -9.9057980e-01
  -1.7763555e+00   2.7004188e+00
  -3.5829732e-02  -2.4221362e-01
  -1.6924269e+00   1.8531162e+00
  -9.2383305e-01   7.4006069e-01
   3.3641143e+00   5.4316924e-01
  -9.8463407e-01   9.7885938e-01
  -1.2246024e+00   1.4014358e+00
  -8.3830244e-01   7.5735183e-01
   3.5594976e-01  -9.1748459e-01
   4.5980463e-01  -1.0251258e+00
   2.2514793e-01  -6.4654872e-01
   5.1047789e-01  -8.2561122e-01
  -6.9725644e-01   5.1255775e-01
   1.5155932e+00  -1.0229847e+00
   3.7223095e-01  -6.5907976e-01
  -2.3373211e+00   2.8224923e+00
   6.5232785e-01  -1.0521474e+00
  -1.3670375e+00   1.8756787e+00
  -2.3335529e+00   3.2350199e+00
  -1.2591986e+00   1.4971953e+00
   1.9693751e+00  -8.4643542e-01
   7.8460740e-01  -3.6120584e-01
   4.9442233e-01  -1.0011934e+00
   3.6199184e-01  -4.2997335e-01
  -1.2042635e-01  -6.7478092e-01
  -8.1593927e-02  -4.1310825e-01
   8.0971642e-01  -8.3520558e-01
   3.2179017e-02  -4.0282145e-01
   4.5782453e-01  -6.6391837e-01
  -7.8031157e-01   7.6681639e-01
   1.1230818e+00  -4.7776413e-01
   6.9419049e-01  -8.7629845e-01
  -1.4110626e+00   1.8006198e+00
   7.3062957e-01  -1.0129285e+00
   1.8406761e+00  -6.6545592e-01
   5.3894125e-01  -9.0406839e-01
  -4.2517970e-01   4.2862224e-01
   1.4331617e+00  -7.5297968e-01
  -4.1552314e-01   3.9325543e-01
   1.0973173e+00  -1.0884724e+00
   1.1793926e+00  -9.6054476e-01
   5.4033327e-01  -8.8025117e-01
   7.5730271e-01  -1.7233344e+00
   1.0852887e+00  -8.7372860e-01
   7.2325631e-01  -8.6866138e-01
  -6.1117800e-01   1.1890774e-01
   6.7548656e-01  -1.0430173e+00
   9.4711197e-01  -9.6638001e-01
   1.3898767e+00  -7.7832486e-01
   1.3622469e+00  -5.0568815e-01
  -1.1214947e+00   1.2202974e+00
   1.7775944e+00  -7.2839897e-01
   1.0858707e-01  -2.4611724e-01
  -6.6209786e-01   4.6747753e-01
   9.3321402e-01  -5.5888349e-01
  -1.1679674e+00   1.1025879e+00
  -1.5465074e+00   2.2535386e+00
   5.2753434e-01  -9.0425756e-01
   5.6713250e-01  -9.4196090e-01
  -9.6872749e-01   1.1088245e+00
   5.2001629e-01  -1.0978029e+00
  -7.4789623e-01  -9.3450481e-02
   1.6309212e+00  -7.0716898e-01
   8.5809824e-01  -9.6952315e-01
  -1.7565002e+00   2.4156511e+00
   1.3202886e+00  -7.0553278e-01
   3.6720045e-01  -5.8490076e-01
  -1.3586525e-01  -3.1140315e-01
  -7.3410139e-01   3.3285220e-01
   1.6604840e-01  -6.8287467e-01
  -1.4275741e-01  -1.2791446e-02
   5.2669205e-02  -1.0041513e+00
   1.7069651e+00  -9.3896541e-01
   1.2593199e+00  -5.0623331e-01
   3.4948358e-01  -3.0917806e-01
   2.5850911e-02  -4.5696556e-01
   7.7701385e-01  -9.8390080e-01
   4.2451512e-01  -5.6801608e-01
  -6.3480525e-01   3.0751994e-01
   4.5695506e-01  -6.7571255e-01
   5.2005466e-01  -5.0313124e-01
   2.2690567e-01  -5.5918552e-01
  -7.3312329e-01   8.0729037e-01
   9.9212368e-01  -8.5671552e-01
   8.0709797e-01  -1.2268361e+00
   3.3725579e+00   7.6014572e-01
   2.0145655e-01  -6.7767341e-01
  -1.2913188e+00   1.4259567e+00
  -8.6750542e-01   1.0208364e+00
  -1.1412234e+00   1.1692584e+00
   2.4611599e+00  -1.7982081e-01
   6.2496620e-01  -7.7837139e-01
   1.4042223e-01  -4.5558039e-01
   6.9765969e-01  -8.8874515e-01
  -2.0749401e-02  -5.4974885e-01
   2.4557664e-01  -4.3378266e-01
   3.3349984e-01  -5.8954442e-01
  -1.6273059e-01  -5.1377153e-01
   7.1992350e-01  -7.8216826e-01
  -1.4517097e+00   1.7744350e+00
  -1.2473835e+00   1.4769291e+00
  -4.3958913e-01   4.6977612e-01
  -1.1378595e+00   1.3162428e+00
   1.1763871e+00  -9.6265886e-01
   8.0549279e-01  -1.0370490e+00
   1.5493625e-01  -1.0061897e+00
  -1.4549085e-01  -5.9963679e-02
   4.7619950e-01  -5.1915788e-01
  -1.3646952e+00   1.3721181e+00
   7.7578869e-01  -1.2849651e+00
   2.5428885e-01  -4.2945611e-01
   3.8572848e-01  -7.4286287e-01
   1.8279675e-01  -6.4524654e-01
  -5.7349139e-01   7.3190586e-01
   1.4494894e+00  -9.7565201e-01
  -1.6643040e+00   2.0536088e+00
   2.3780041e-01  -6.2994320e-01
   2.3558659e+00  -3.7755869e-01
   5.7709461e-01  -5.4285775e-01
  -8.6869981e-01   6.2522680e-01
   1.6930811e-01  -6.8168617e-01
  -4.0702624e-01   1.0439095e-01
  -7.8065961e-02   1.6922244e-01
  -1.9165044e+00   2.5226716e+00
   1.1886594e+00  -5.7672312e-01
  -2.1807648e-01  -2.8602129e-01
   4.4860624e-02  -3.7930080e-01
  -9.5507975e-01   9.3342366e-01
   1.3760074e+00  -9.3923223e-01
  -1.0277841e+00   9.7764277e-01
  -1.0061477e+00   8.0841011e-01
   5.1405977e-01  -7.9425649e-01
  -1.5817154e-02  -3.9409083e-01
  -6.6735673e-02  -5.7029741e-01
  -1.6972838e-01  -3.8536519e-01
  -1.0511754e-01  -4.1799206e-02
  -2.3863023e-01   3.7126745e-01
  -6.0486266e-01   4.7820982e-01
  -1.5954005e-01  -3.3948326e-01
   7.4471519e-01  -5.2900587e-01
  -1.3290149e-01   1.4090564e-01
  -3.5549140e-02  -6.2847897e-01
   1.5755789e+00  -1.2111586e+00
   1.1308611e-01  -7.5288586e-01
   1.3820351e-01  -3.5179029e-01
   6.3409785e-01  -1.0123998e+00
   6.2170673e-01  -6.0232693e-01
  -8.0595233e-01   4.3521714e-01
  -5.1656382e-01   3.6628929e-01
   2.1726790e+00  -2.3543006e-01
  -6.2182715e-01   2.2206208e-01
   1.6404478e-01  -3.6168556e-01
   9.8865204e-01  -1.0815848e+00
  -1.4210058e+00   2.0476385e+00
  -4.5058084e-01   5.8760020e-02
   8.7348269e-01  -7.3546113e-01
   1.5526198e+00  -1.1314353e+00
   7.1337784e-01  -9.5268804e-01
   1.4228830e+00  -8.9714343e-01
   4.6292108e-01  -7.4459888e-01
   1.0543490e+00  -1.1788678e+00
   1.3930814e-02  -6.4415406e-01
  -2.8349505e-02   8.0500707e-03
   1.0115250e-01  -2.8871326e-01
  -3.5431188e-01  -1.7328087e-01
  -9.0652421e-01   1.0718282e+00
  -5.4992685e-01   4.1112169e-01
   5.1455237e-01  -6.9903211e-01
   8.0293464e-01  -1.0599910e+00
   2.2617940e-01  -6.9695721e-01
   4.4530539e-02  -2.1268041e-01
  -1.2296750e+00   1.3999834e+00
   6.0001814e-02  -3.6113464e-02
   4.9868692e-01  -2.9423631e-01
  -6.1729719e-02  -6.0814989e-01
  -1.0747126e+00   8.2229438e-01
   1.7837191e-01  -5.8324542e-01
  -9.6274239e-01   1.0313785e+00
   1.8208358e+00  -1.0392585e+00
   7.8240341e-01  -1.2258567e+00
  -1.4234447e+00   1.8851125e+00
  -1.7191345e+00   2.1636193e+00
   8.2566689e-01  -6.6469484e-01
  -3.2787491e-02  -2.4154526e-01
  -1.0106602e+00   1.2528848e+00
  -8.4600905e-01   1.0550730e+00
  -1.3678394e+00   1.7605206e+00
   2.6493137e-01  -8.1495932e-01
  -1.1739719e+00   8.6022232e-01
   9.6459847e-01  -8.5536629e-01
   1.0222280e+00  -9.0796653e-01
  -5.0145341e-01   3.8918116e-01
  -4.0251531e-02  -3.4338371e-01
   8.0247025e-01  -7.3441814e-01
   3.7225580e-01  -3.4929526e-01
   3.4405477e-01  -5.5005570e-01
  -1.7055132e+00   2.0592490e+00
   1.5044907e+00  -1.0151986e+00
   6.8935507e-01  -1.0236987e+00
   6.8221643e-02  -1.4874187e-01
  -3.7744244e-01   1.0589407e-01
  -5.0209591e-01  -1.1961654e-01
  -1.1643386e-01  -8.9711003e-02
  -2.0437897e-01  -2.1479695e-01
  -1.4754000e+00   2.2035330e+00
   7.9820541e-01  -1.1317433e+00
   9.3162350e-01  -1.2120566e+00
   5.6064662e-01  -1.0205911e+00
   1.1065653e+00  -1.0916180e+00
  -1.2556263e+00   1.4330347e+00
  -2.8799247e-01   9.8269645e-02
   1.3576913e+00  -6.6744179e-01
  -1.1721005e+00   9.7203098e-01
   4.7607345e-01  -6.8267174e-01
   7.9020855e-01  -7.8209210e-01
  -4.2276220e-01   5.3735534e-03
  -1.2871825e+00   1.5218395e+00
   3.7052007e-01  -8.2240836e-01
  -6.9487333e-01   7.1066331e-01
   2.0302922e+00  -5.9909667e-01
  -7.3399047e-01   7.7247544e-01
  -1.5336550e+00   1.6294221e+00
   7.7018925e-01  -1.0410634e+00
   8.2175547e-01  -9.0339989e-01
  -3.9606852e-01   1.8665677e-01
   2.1204986e+00  -3.1284123e-01
  -5.6485988e-01   3.1077481e-01
  -1.2757135e-01  -3.2417434e-01
  -2.4920978e-01  -2.2670843e-01
   9.7573087e-01  -8.4086136e-01
   8.2417641e-01  -1.0516913e+00
   5.0236968e-01  -4.2534997e-01
  -1.1835218e-01  -2.2776812e-02
   3.7703291e-01  -6.6529943e-01
  -1.1057913e+00   9.9341266e-01
  -5.1153251e-01   5.4877040e-01
  -1.2982881e+00   1.1440160e+00
  -3.0237208e-02  -4.6984250e-01
   4.3694687e-01  -8.0070826e-01
  -4.6889860e-02  -1.2673339e-01
  -3.5635677e-02  -3.8449791e-01
   1.4718333e+00  -7.7148367e-01
   6.3909337e-01  -9.7666229e-01
  -5.8159008e-01   2.9527968e-01
  -1.2597905e+00   1.1284170e+00
   4.0254374e-01  -7.1212544e-01
   1.5993623e+00  -6.0823649e-01
  -1.4168277e-01  -3.7115508e-02
  -1.4634114e-01  -1.2304782e-01
   1.0838323e+00  -5.7813643e-01
  -1.7803400e+00   1.9827587e+00
   1.8976256e-02  -4.8007973e-01
  -9.1802596e-01   7.0239934e-01
   1.0148838e+00  -8.6877987e-01
   1.1298811e+00  -7.4238976e-01
   6.8763460e-02  -9.0512553e-02
  -2.7055949e-01  -3.3257283e-01
   1.2621562e+00  -8.6980668e-01
   5.7107326e-01  -5.5276378e-01
  -1.0390137e+00   6.7139052e-01
  -2.7851113e-01  -3.4567989e-01
  -1.0195104e+00   8.5257825e-01
  -7.4194687e-01   4.3813265e-01
  -1.1660303e+00   1.1036368e+00
   1.3137283e-01  -4.3708190e-01
  -2.1782579e-01   1.4818204e-01
   4.3402351e-01  -9.8889335e-01
   2.1730136e-01  -7.0526399e-01
   1.2612474e+00  -5.6952132e-01
  -1.2616272e-01   1.8057463e-01
  -4.5968965e-01   1.8791758e-01
   1.1029681e+00  -9.1674215e-01
   5.9118482e-01  -8.0052320e-01
  -4.6760253e-02  -2.4254591e-01
   1.6540836e+00  -8.9813106e-01
  -3.2354160e-01   2.2681626e-01
   6.7262040e-02  -2.9740403e-01
   3.4064121e-01  -4.2457103e-01
   8.8905335e-01  -1.0121918e+00
   3.7366700e-02  -6.4236857e-01
   1.0763771e+00  -1.0866448e+00
   9.2085051e-01  -7.4966769e-01
  -1.0775138e+00   7.1769790e-01
  -7.3350728e-02   1.1525471e-01
   8.4364916e-01  -1.1667538e+00
   1.1595288e-01  -3.2113567e-01
  -8.0728907e-01   7.9935750e-01
  -6.7744553e-01   5.8274146e-01
  -5.7421132e-01   4.9809198e-01
  -3.7287036e-01   2.8778798e-01
   2.2164378e+00  -2.2994214e-01
   1.5736694e+00  -8.9898662e-01
   2.3321375e-02  -6.1442952e-01
   4.7146216e-01  -9.2640091e-01
  -7.5506078e-01   8.8078736e-01
   5.4224539e-01  -8.6117836e-01
   3.8597122e-01  -9.7454685e-01
   6.3825409e-01  -8.2543743e-01
  -8.6583719e-01   8.8232785e-01
  -6.6369806e-01   8.2987028e-02
   2.3777557e-02   1.3279909e-01
  -1.9977994e+00   2.6088233e+00
  -4.2099495e-01   3.5823755e-01
   7.6647235e-02  -8.1473373e-01
  -6.1936960e-01   3.5634966e-01
  -9.2934283e-01   9.4779430e-01
  -1.9288667e-01  -4.3654230e-01
  -1.9071941e+00   1.9088400e+00
   1.8551368e-02  -3.0403276e-01
  -7.6898260e-01   5.6299495e-01
   5.9413651e-01  -1.1347817e+00
  -7.1330820e-01   6.0159101e-01
  -6.0332382e-02   1.6706662e-02
  -1.5937575e+00   1.6431836e+00
  -1.3832044e+00   1.2466872e+00
   1.5215207e+00  -9.5092830e-01
  -1.6176118e-01  -4.4328045e-01
  -3.1562937e-01  -3.6861292e-01
   3.9710522e-01  -6.6680884e-01
  -7.4381749e-01   7.7290246e-02
  -2.0503776e+00   2.8437017e+00
   1.1303828e-01  -2.9545023e-01
   2.2309054e+00  -1.5077061e-01
  -9.9803026e-01   7.5678054e-01
  -1.3499223e+00   1.2148435e+00
  -7.0217277e-01   4.7591951e-01
   4.1115109e-01  -6.4320733e-01
  -1.1348302e+00   1.3697013e+00
  -2.4611891e-01  -9.4227495e-02
  -1.2978011e+00   1.2862494e+00
   2.3140307e+00  -3.7627987e-01
  -3.5964577e-01   3.2243021e-01
  -2.1796697e+00   2.9750879e+00
  -1.0924516e+00   1.5953962e+00
  -3.0000412e-01  -3.1744218e-01
   4.0500346e-01  -4.6813604e-01
  -1.5963038e+00   2.0692017e+00
   1.2754967e+00  -1.0495612e+00
   4.4559599e-01  -7.9822665e-01
  -3.5880382e-01   2.4520813e-01
  -1.3302745e+00   1.4360420e+00
   2.6665793e-01  -3.8103435e-01
  -1.1419414e+00   1.1122745e+00
  -8.1796418e-01   1.0655620e+00
  -4.1146335e-01  -3.0178404e-01
   1.1084338e+00  -1.0069049e+00
  -1.0244871e-01  -1.1438848e-01
  -4.8998835e-02  -2.9891733e-01
   2.5657376e+00   6.1903924e-02
   9.9988154e-01  -5.4525453e-01
   2.1246332e+00  -7.5831955e-01
   8.8818288e-01  -1.2068067e+00
  -2.1003880e-01  -1.4957196e-01
  -1.5155109e+00   2.0714351e+00
   1.1567531e+00  -9.4743743e-01
   6.4528419e-01  -9.7694602e-01
   4.3943891e-01  -3.9885847e-01
  -1.1069228e-01  -5.3396356e-02
  -9.0628285e-01   5.4559475e-01
  -1.5043549e+00   1.4328219e+00
   2.2768010e+00  -2.9878318e-01
   1.4617324e+00  -8.4840068e-01
   1.3122837e+00  -9.1311415e-01
  -2.4929644e-01  -2.3165943e-01
   5.3272881e-01  -2.3577825e-01
   5.8362603e-01  -6.5435782e-01
  -1.1935437e+00   1.4358595e+00
   3.5552407e-01  -6.2619774e-01
  -9.1957542e-01   1.1828328e+00
  -1.3280303e+00   1.7550231e+00
   7.3674745e-01  -1.3505247e+00
  -9.8265714e-01   1.4477772e+00
  -1.2843553e+00   1.4550695e+00
  -7.1467311e-01   4.1782725e-01
   1.0544076e+00  -1.4962402e+00
   2.4768829e-01  -4.7301782e-01
   4.7292734e-01  -9.3526520e-01
  -1.4175408e+00   1.9304570e+00
  -3.0891029e-01   5.7665437e-02
  -2.9558986e-01  -1.4926690e-01
   7.0301179e-01  -6.6834337e-01
   4.3846482e-01  -6.6023974e-01
   4.0761473e-01  -6.9902368e-01
   7.5992046e-02  -4.1606420e-01
   1.4586616e+00  -1.2051199e+00
  -3.4038681e+00   4.2603951e+00
  -1.7809995e+00   1.8971457e+00
  -1.1364791e+00   9.9334754e-01
  -8.0241071e-02  -1.1598035e-01
  -2.1438286e+00   2.6041530e+00
  -5.0656892e-01   3.5076158e-01
  -1.8637694e+00   2.5403580e+00
  -1.6037568e+00   2.1958252e+00
  -5.0647834e-01   4.7639455e-01
  -1.0215050e+00   7.2616769e-01
  -2.7870691e-02  -3.1373601e-01
  -1.2114931e+00   1.4126451e+00
  -5.0023381e-01   7.5384737e-01
   1.9389798e-01  -8.3223489e-01
   1.3925057e+00  -1.2898288e+00
   1.2406285e+00  -1.2874578e+00
   7.6059791e-02  -3.6473220e-01
  -1.4327563e+00   2.1912807e+00
  -1.0825445e+00   1.3121125e+00
  -1.7517799e+00   2.0516675e+00
  -8.7949893e-01   7.2637404e-01
   9.8180792e-01  -1.1387478e+00
  -6.6322931e-02  -2.2587243e-01
   1.2565417e+00  -1.0695585e+00
  -5.8262916e-01   5.2989596e-01
   5.3882298e-01  -1.0259716e+00
   1.0888953e+00  -1.0974285e+00
   1.3337182e-03  -4.6450479e-01
  -5.6047069e-01   4.2761087e-01
  -3.7677226e-02  -6.3856606e-01
  -3.7368462e-01  -2.0582881e-02
   3.3248038e-01  -4.1386694e-01
  -1.3735760e+00   1.9298633e+00
   3.9727735e-01  -3.3581044e-01
   1.4009547e+00  -1.0088341e+00
   1.3678348e+00  -1.0316857e+00
  -1.0356001e+00   1.3779468e+00
  -2.5860467e-01  -3.1402618e-01
   4.8223385e-01  -1.1377477e+00
  -4.7553865e-01   5.2053986e-01
   7.3641803e-01  -7.1307491e-01
  -1.8618260e+00   3.0072512e+00
  -1.5994862e+00   2.6435453e+00
  -1.2990120e-01  -2.8375634e-01
  -1.2166833e+00   1.7718864e+00
   1.1542915e+00  -1.0136751e+00
  -4.0313540e-01   3.0174764e-01
   3.0446711e-01  -4.6035347e-01
   1.9567624e-01  -7.5763169e-01
   8.8540732e-02  -2.8447914e-01
   5.5102023e-01  -8.3375910e-01
  -3.4560446e-01  -2.9897583e-01
   3.2255168e-01  -9.8822195e-01
   2.7092672e-01  -6.8602636e-01
  -1.7109852e-01  -1.9272384e-01
  -1.6859603e+00   1.4827432e+00
  -1.4164129e+00   1.6314693e+00
   5.3603987e-01  -9.3027870e-01
   9.4162029e-01  -1.1224504e+00
  -6.3867126e-01   2.8775046e-01
   3.0559198e-01  -9.0129896e-01
  -3.9429792e-01   4.7139415e-03
  -4.1655766e-01   6.9376446e-02
   3.8441529e-01  -5.7328395e-01
   1.5863193e-01  -3.0882269e-01
  -3.2251149e-02  -1.7527132e-01
   3.3640717e-02  -3.8841103e-01
   5.2601069e-01  -7.2369290e-01
   8.3041274e-01  -6.7994935e-01
  -1.0957263e+00   1.3112822e+00
   9.8006311e-01  -1.0300031e+00
  -7.2736342e-02  -6.6712764e-01
   1.0029274e+00  -1.1268196e+00
  -2.9134278e-02  -5.4432768e-01
  -1.2897395e+00   1.3518263e+00
   3.6187019e-01  -1.0902226e+00
  -3.5579790e-01  -1.7219147e-01
  -1.2506486e+00   1.3097202e+00
  -1.1125412e+00   1.2371776e+00
   1.3707686e+00  -1.1960943e+00
   1.0285346e+00  -1.0163620e+00
   7.0982141e-01  -5.0449909e-01
   1.2062632e-01  -7.2985473e-01
  -6.2332573e-01   4.8830583e-01
  -3.2540037e-01   6.2739889e-03
  -2.6826820e+00   3.5117345e+00
  -5.9228260e-01   2.7047621e-01
  -4.6531106e-01   7.1203310e-01
   1.3317862e-01  -2.9226711e-01
  -1.5924231e+00   2.3079423e+00
   1.8727570e-01  -6.9897340e-01
  -1.1576710e+00   9.0060568e-01
  -9.4348981e-01   1.2736103e+00
   5.6913135e-01  -5.7028040e-01
   1.7439501e-01  -3.9661979e-01
   3.4502654e-01  -6.5483965e-01
  -4.9644034e-01   1.9739429e-01
  -2.3038319e-01  -2.4464976e-01
  -2.5613541e+00   3.5052384e+00
  -6.7339026e-02   8.3319858e-02
  -2.5673294e+00   3.6691874e+00
  -1.4192406e+00   1.2234238e+00
  -3.2631632e-01  -5.7176593e-01
   2.3121877e-01  -3.3733170e-01
  -4.3407096e-01   4.1881425e-01
  -6.6821919e-01   4.1404691e-01
  -7.9517549e-02  -7.4962861e-01
   2.0974704e+00  -3.4852634e-01
   6.5143885e-01  -6.7938634e-01
   1.1220413e+00  -1.1411289e+00
  -1.7974674e+00   2.3345979e+00
  -3.6933748e-01  -4.4713981e-02
  -1.0314103e+00   9.4118768e-01
  -8.3435490e-01   4.8414414e-01
  -3.9058228e-01   3.5179216e-02
   1.6041959e+00  -9.0366516e-01
  -1.5370838e-01  -4.0091657e-01
   6.6933418e-01  -7.8155820e-01
  -4.7300266e-01   1.6382405e-01
  -9.2795252e-01   1.2156299e+00
  -5.9667560e-02  -1.7064687e-01
   1.2888556e+00  -1.1671961e+00
   1.4200684e-01  -2.5171241e-01
  -1.2657323e+00   1.5958895e+00
   1.5067901e+00  -7.4013502e-01
  -7.6770789e-01   4.6051082e-01
  -3.3550080e-01   1.4200699e-02
  -5.5828791e-01   1.3888057e-01
  -4.8163073e-01   3.1885624e-01
  -1.0168594e+00   9.8977391e-01
   8.3616178e-01  -7.5919707e-01
  -7.9716169e-01   9.8001633e-01
   8.5498380e-01  -8.2814246e-01
  -5.3810168e-01   7.3156384e-01
  -7.1085093e-01   8.8655229e-01
  -2.7813043e-01   1.7554292e-01
  -1.4824429e+00   1.6640385e+00
  -8.9305786e-01   1.1332756e+00
  -2.9108996e-01  -1.2043794e-01
   7.0327589e-01  -8.0836613e-01
   6.5083150e-01  -1.1961882e+00
   2.6475391e-01  -6.4445935e-01
  -1.4203957e+00   1.7571595e+00
   1.5414215e+00  -5.8645443e-01
  -8.6262559e-01   7.2222891e-01
   3.7619910e-01  -6.1036474e-01
   5.8904833e-01  -1.0233660e+00
  -6.8802486e-01   6.3554317e-01
  -1.7561430e+00   1.8226532e+00
  -3.4275637e-01  -6.9140178e-02
  -4.7320676e-02  -5.7829954e-01
   6.3184368e-01  -7.4561783e-01
   2.0206374e+00  -1.0730857e+00
  -6.7283820e-01   7.4689919e-01
  -1.3544384e+00   1.8402414e+00
   4.9496037e-01  -5.1698044e-01
   1.4874449e+00  -7.7907850e-01
  -3.2281129e-01   9.4543129e-02
  -1.0459798e+00   1.1909070e+00
  -1.5193311e-01  -3.6954593e-01
   1.3358734e+00  -9.1822356e-01
   4.7638936e-01  -7.7218422e-01
  -9.7140210e-01   7.3657060e-01
  -9.7306727e-01   1.2974791e+00
  -7.8887790e-01   7.5477718e-01
  -9.5600705e-01   1.0485910e+00
   4.9614094e-01  -1.4002561e-01
  -1.3208894e+00   1.4234616e+00
   4.7039992e-01  -8.3349796e-01
   1.5557923e+00  -1.1902080e+00
   1.0049631e+00  -1.1069782e+00
  -9.1612154e-01   6.5558666e-01
   5.4582215e-01  -9.4775600e-01
  -8.9563989e-02  -5.7617618e-01
  -6.6475660e-01   7.2920366e-01
   1.1328924e+00  -9.7440510e-01
  -4.9518918e-01   2.5567440e-01
   3.7911278e-01  -9.4704616e-01
   6.5972591e-01  -6.2395339e-01
   4.6227438e-01  -8.5054066e-01
  -1.8647770e+00   2.5436270e+00
  -6.5622775e-01   4.6049430e-01
  -1.0589403e+00   9.3260193e-01
   1.6040226e-01  -3.8215339e-01
   3.5868681e-01  -8.6800628e-01
  -3.6768922e-01   1.8461283e-01
  -2.1442952e-01   1.0891660e-01
  -1.2624332e+00   1.2270149e+00
   2.2551254e+00  -8.1163433e-01
   5.6865149e-02  -5.9340652e-02
   5.6447782e-01  -1.0325835e+00
   4.4571568e-01  -8.5344710e-01
  -2.7214528e-01   1.2083598e-02
  -8.0784856e-02  -2.8426941e-01
  -3.2898419e-01   6.7118947e-02
   9.3416447e-01  -1.2343583e+00
  -7.7004685e-01   8.2347203e-01
   2.1818994e+00  -2.8689632e-01
   3.9165837e-01  -7.1955248e-01
  -1.3548628e+00   1.2869447e+00
  -1.3288490e+00   1.4502856e+00
  -4.1417577e-01   1.8563510e-01
  -1.9088402e+00   2.5657245e+00
   3.9652789e-01  -5.2043997e-01
  -2.4726035e+00   3.2100999e+00
   3.8037412e-01  -5.5956140e-01
   4.7598976e-01  -9.7270590e-01
  -2.0018247e-02  -7.5412677e-01
  -1.4944583e+00   2.2287016e+00
   5.2392122e-01  -8.0903881e-01
   5.8696558e-01  -7.5952714e-01
   1.0156005e-01  -3.5863837e-01
   1.4623013e+00  -8.4200874e-01
   1.9171128e-01  -7.8589101e-01
  -7.6219348e-01   9.1283862e-01
  -1.7391157e+00   1.8324855e+00
   4.9292233e-01  -8.5377194e-01
   1.1287559e+00  -1.1872594e+00
   4.6607174e-01  -7.3805254e-01
   3.9849765e-01  -4.3693650e-01
  -4.0688246e-01  -6.1128969e-02
   2.2089650e-01  -6.7311744e-01
   8.6632614e-01  -8.2003561e-01
   8.5394327e-01  -6.5006064e-01
  -5.5144744e-01   7.0999449e-01
  -2.6911745e-01  -5.9823822e-01
   1.7993903e+00  -9.2978906e-01
   2.5379295e-01  -8.2657941e-01
  -5.4143345e-01   2.5825573e-01
   1.4427111e+00  -1.1424974e+00
  -3.6082691e-01   2.2336516e-01
   1.0924631e+00  -9.6464873e-01
  -3.9496518e-01   5.3643493e-03
   1.3337027e-01  -5.5934617e-01
   2.6863388e-01  -6.1740916e-01
   7.1115032e-01  -9.0307425e-01
  -7.3713473e-01   1.1349646e+00
  -2.9251437e-01  -4.5107718e-01
   2.2157707e-01  -5.4827816e-01
   1.6556627e+00  -5.7905076e-01
  -1.2593331e+00   1.5398242e+00
  -3.0217055e-02  -3.0222503e-01
  -7.9607048e-01   6.2519737e-01
  -1.5944348e+00   1.7953874e+00
   3.9787371e-01  -5.5732555e-01
  -9.7185529e-01   9.6316407e-01
  -9.0975654e-01   6.0847013e-01
  -7.3221533e-01   3.3892901e-01
  -1.0653106e+00   6.2677689e-01
  -5.5485786e-01   6.9716347e-01
   7.7553302e-02  -6.2238845e-01
   1.0550696e+00  -9.2132102e-01
   8.5658592e-01  -1.0708215e+00
  -9.8070172e-01   1.1914701e+00
  -6.7705265e-01   4.5407619e-01
   5.0682097e-03  -3.3308471e-01
   5.8308470e-02  -1.6487862e-01
  -1.7421812e-01  -4.9700395e-01
   6.9492621e-01  -9.3349096e-01
  -1.8841725e-01  -2.1963459e-01
  -6.8964415e-01   7.9505534e-01
  -4.4936697e-01   3.8005660e-01
   7.1203262e-01  -1.1393397e+00
   6.1159089e-02  -7.7455795e-01
   2.0571226e+00  -6.3541292e-01
  -1.1494809e+00   1.3909276e+00
  -1.1365281e+00   9.6520636e-01
  -4.1098698e-01   2.6011657e-01
   7.0381153e-01  -4.3810327e-01
   1.3203675e+00  -8.9798995e-01
   1.3814372e+00  -9.3102150e-01
   1.7339624e+00  -3.6762628e-01
   3.5410673e-01  -8.0770440e-01
   1.2873532e+00  -8.9314621e-01
  -1.8709204e+00   2.5403671e+00
  -9.4949287e-01   1.1185498e+00
   9.7333290e-01  -8.8746214e-01
  -3.6843900e-01   7.5661939e-02
  -7.7570402e-01   4.5726933e-01
   1.2242003e+00  -7.9450466e-01
  -6.6685440e-01   5.7711221e-02
   1.3538594e+00  -9.6426780e-01
   9.2149249e-01  -9.8398364e-01
  -2.9918423e+00   3.9629001e+00
   3.0392421e-01  -6.7671427e-01
  -4.2529410e-01   4.7279735e-01
   4.9742871e-01  -9.9822280e-01
   1.0670094e+00  -4.4796758e-01
   1.8113784e+00  -8.8980546e-01
  -1.0918605e+00   1.0432839e+00
  -2.0048699e+00   3.0755666e+00
   1.9208779e-01  -7.3809292e-01
  -1.4042548e+00   1.9528623e+00
   2.7274894e-01  -6.3004932e-01
   3.6417122e-01  -6.4001582e-01
   4.4993355e-01  -8.4066995e-01
   1.8968072e+00  -4.7700308e-01
   4.6594548e-01  -9.9415911e-01
  -1.2180753e+00   1.5045724e+00
  -7.8240370e-01   9.6873254e-01
   1.1163338e+00  -9.7659632e-01
   8.8318665e-02  -1.7242765e-01
   2.6258445e-01  -4.6226604e-01
  -2.9633123e-01  -1.3284995e-01
   3.5736557e-01  -5.1090987e-01
   1.7837821e-01  -8.6349208e-01
  -9.5025523e-02  -3.2453054e-01
   4.9892904e-02  -3.2472554e-01
   3.3116582e-01  -5.4473066e-01
   1.0520495e+00  -8.9167183e-01
  -1.4310043e+00   1.3573847e+00
  -1.4197292e+00   2.0698797e+00
  -1.3601827e+00   1.8735172e+00
   2.8532177e-01  -3.6294265e-01
  -4.0661706e-02  -6.1563039e-01
   5.2503940e-01  -8.8965672e-01
   7.5113218e-01  -1.0558343e+00
   1.3944821e+00  -8.5954713e-01
  -1.6025962e+00   2.0050972e+00
   1.6357856e+00  -6.9564463e-01
  -8.3566159e-01   6.7419711e-01
   2.6391267e-01  -6.3078275e-01
   1.6990777e+00  -5.4374755e-01
   1.0967794e+00  -9.2584118e-01
  -4.4789896e-01  -3.6489507e-02
   1.9968913e-01  -5.0004404e-01
   5.3128067e-01  -7.8543828e-01
   5.5118854e-01  -6.0355626e-01
  -1.3879117e+00   1.5240191e+00
  -6.3252463e-02  -6.1959181e-03
  -7.1879258e-01   4.7202651e-01
   1.6613985e-01  -4.2905071e-01
   7.6561753e-01  -8.6588375e-01
   1.3610443e+00  -6.6612305e-01
  -1.9767355e+00   2.8640364e+00
  -1.2814406e+00   1.5588881e+00
   7.9006383e-01  -8.2199755e-01
  -1.0873733e+00   1.2379131e+00
  -2.0867045e-01   4.3023834e-02
  -1.3697166e-01  -3.5270533e-01
   1.1341654e+00  -9.5319628e-01
  -1.6300650e+00   1.8948412e+00
   1.8973467e+00  -7.9070759e-01
   2.2940662e+00  -3.1565976e-01
  -2.9625416e-02  -5.9543384e-01
   5.2508905e-01  -1.0791480e+00
  -7.1703784e-01   8.2225184e-01
  -4.9030152e-01   2.7724393e-02
  -8.0679914e-01   6.6252274e-01
   2.2469465e+00  -4.5885595e-01
  -4.1846816e-01   5.5685769e-01
  -1.8887081e+00   2.4408517e+00
   8.5110111e-01  -9.4154685e-01
   2.6772323e-01  -3.8038874e-01
   2.6232195e-01  -5.9960393e-01
   2.3369769e-01  -8.7461643e-01
  -2.5956462e-01  -1.5001845e-02
  -2.9884610e+00   3.9610777e+00
   3.8985856e-01  -3.6305033e-01
   4.9969481e-01  -8.0377442e-01
  -1.0673162e+00   1.0342845e+00
  -3.2942124e-01  -1.8444044e-01
  -6.9297168e-01   7.5203797e-01
   5.0590182e-02  -5.1768040e-01
  -9.5521336e-02  -3.6521163e-01
  -8.2554331e-01   8.3825240e-01
  -1.1622409e+00   1.3812025e+00
  -2.4102315e-01   1.5949137e-01
  -3.3831067e-01   3.3662877e-01
  -7.0761855e-01   3.5003776e-01
   1.0114445e+00  -5.9787211e-01
   2.7045237e-01  -7.3678708e-01
  -2.1916373e-01  -6.6831289e-01
   2.4862848e+00  -3.7128346e-01
  -1.7368191e+00   2.4408789e+00
   3.5515641e+00   1.0442706e+00
  -3.1948762e-01  -1.1449221e-01
   3.5511872e-01  -1.5379451e-01
  -1.3530933e+00   1.5482512e+00
   3.2936887e-01  -1.1331773e+00
   3.8152627e-01  -2.3038907e-01
  -9.8083747e-02  -6.1427524e-01
  -5.8188988e-01   4.8872162e-01
   6.6066974e-01  -8.2602069e-01
  -1.0285815e-01  -1.2555479e-01
   1.4679067e+00  -9.4311339e-01
  -4.7282976e-02  -1.9115617e-01
  -1.2306232e-01  -4.5346781e-01
   4.1578156e-01  -9.5711070e-01
   8.7787973e-01  -9.8064834e-01
  -4.3258214e-01   3.5027790e-01
   4.7634937e-01  -9.8705286e-01
  -1.8580922e-01   1.7891863e-01
  -6.2230888e-01   3.1622765e-01
   1.8913224e+00  -6.5694795e-01
  -3.3017528e-01  -4.4589721e-02
   1.6840221e+00  -1.1340155e+00
  -3.7315675e-01  -2.3121906e-02
   1.0033479e+00  -9.0945399e-01
  -2.8730479e-01  -2.6444578e-01
   1.6007767e+00  -1.3983821e+00
   1.4221331e+00  -7.4244657e-01
   1.0771382e+00  -5.6220363e-01
   6.3157758e-01  -8.8685109e-01
   1.6581408e-01  -5.6491506e-01
  -6.7993692e-01   4.6727463e-01
  -2.1020270e+00   2.5262534e+00
  -1.2611839e+00   1.2382573e+00
  -1.3862605e+00   1.8074754e+00
   1.0302765e+00  -9.8075523e-01
  -4.6027568e-01   2.7628447e-01
  -8.3317860e-01   4.7068147e-01
  -8.7662934e-01   1.0563452e+00
  -1.4512440e+00   1.5894109e+00
  -8.4123829e-01   7.8051681e-01
  -2.2791719e-01  -4.2249814e-01
   1.2016125e+00  -1.1315220e+00
   2.6398847e-01  -6.1204115e-01
  -4.3054396e-02  -2.3968460e-01
  -1.8464189e+00   2.2576088e+00
   1.0837613e+00  -1.0354945e+00
   1.0421754e+00  -1.1818762e+00
  -9.7778275e-01   1.3855690e+00
   8.9824838e-01  -9.2797942e-01
  -4.9222076e-02  -4.1252737e-01
  -4.7657731e-01   5.0604381e-02
   1.7136423e+00  -9.2790692e-01
   7.1255772e-01  -7.1004342e-01
  -1.3919929e-01  -8.1211001e-02
  -9.6103211e-01   5.4104834e-01
   6.5702945e-01  -7.6094584e-01
   2.8937924e-02  -6.2709354e-01
   1.7702363e+00  -1.0318835e+00
   3.9284487e-02  -4.9312605e-02
  -6.6982513e-01   6.6529315e-01
  -1.3001625e+00   1.2932119e+00
  -8.2153936e-01   3.7504321e-01
   5.2142724e-01  -9.7592213e-01
  -7.3976340e-01   3.7793409e-01
  -2.2885271e-01  -3.6040962e-01
   1.6191872e-01  -1.8027297e-01
  -2.0444004e-01   1.9042662e-03
   4.4091484e-01  -4.4441020e-01
  -3.0308951e-01   3.4178736e-02
   1.6770490e+00  -4.6479612e-01
   1.5161669e+00  -8.8097595e-01
  -2.5589103e-01   3.3861374e-01
  -2.1318053e+00   2.9540143e+00
  -1.1485085e-01  -2.5970088e-01
   1.7184680e-01  -4.2553427e-01
  -1.6798033e+00   1.9910806e+00
  -3.0498748e-01   7.5127398e-02
  -1.6642265e+00   2.3230698e+00
  -9.3345493e-01   3.3660795e-01
   9.8694083e-01  -1.1709174e+00
  -8.8923922e-02  -1.8884830e-01
  -9.9214829e-01   1.1673461e+00
   6.5170040e-01  -7.0803904e-01
   1.3882850e+00  -3.4840882e-01
  -6.6517592e-01   1.8747582e-01
  -4.2570916e-01   2.2140753e-01
   2.6030731e+00  -2.4659032e-01
   1.5123208e+00  -8.9775159e-01
   4.8016633e-01  -6.6272961e-01
   6.3275829e-01  -9.5163636e-01
  -5.4681437e-02  -1.6573105e-01
   1.5410838e+00  -5.5786189e-01
   9.6542500e-01  -9.0938190e-01
  -1.4769626e+00   1.9762321e+00
  -4.1534888e-01   2.6744919e-01
  -1.7413558e+00   2.2764245e+00
  -1.7260271e+00   2.0699914e+00
   9.1198069e-01  -6.5996174e-01
  -6.3907526e-01   4.8246684e-01
   4.8265967e-01  -9.8420639e-01
  -5.3930903e-02  -5.1390557e-01
  -1.1061453e-01  -2.7607742e-01
  -5.0860810e-01   5.7157692e-01
   7.7515906e-02  -4.9273283e-01
   6.6418484e-02  -4.4551647e-01
  -4.7954136e-01   8.1123757e-01
  -7.0358818e-01   5.1923921e-01
  -8.1088996e-01   1.0497359e+00
  -3.5615317e-02  -1.6184074e-01
