  -1.8978599e+00   2.8550050e+00
  -4.1190576e-01  -3.7750134e-01
  -1.2722740e+00   2.2178328e+00
  -1.6216109e-01   3.5804276e-01
  -1.6426664e+00   2.1287825e+00
   1.5145355e+00  -1.7584596e+00
  -2.2680661e+00   3.6498828e+00
   4.1813091e-01  -8.5728314e-01
  -5.4731889e-01   9.8811217e-01
  -2.0091559e-01  -3.1867581e-01
  -1.2668259e+00   1.5261324e+00
   7.9970523e-02   2.8048749e-01
   9.1331171e-01  -5.5900569e-01
   2.2596473e-01   8.8414254e-02
  -1.3565477e+00  -1.4939379e-01
   6.0413263e-01  -1.2929527e-01
   1.3743168e+00  -1.3333902e+00
  -6.5031882e-01   4.1049137e-01
  -2.7995308e-01  -8.4359131e-01
  -1.0577768e+00   1.7553433e-01
   1.7428017e+00  -8.6659804e-01
   7.6174118e-01  -3.1820647e-01
  -5.5912090e-02  -6.8642482e-01
  -9.9483587e-01   1.3501074e+00
   2.0962227e+00  -1.4991993e+00
   3.0793755e-01  -9.9254608e-01
   9.1570875e-02  -4.2844165e-01
  -2.7522045e-01  -5.7572966e-01
   4.3751113e-01  -8.1557777e-01
  -1.6144282e+00   9.2283472e-01
  -2.2204801e+00   2.8751575e+00
  -7.5631347e-02   2.6720528e-01
  -3.3102523e-01  -4.5702192e-01
   1.2883127e+00  -1.3838232e+00
  -2.9487345e-01   6.6289107e-01
   1.2732132e+00  -7.5785447e-01
   1.6654600e+00  -1.3226464e+00
  -7.1475828e-01   1.1643774e+00
   9.8314537e-01  -5.8014230e-01
   3.6374054e-02   3.2666471e-01
   1.6497182e-01  -1.2439769e-01
   5.9056873e-01  -7.7784336e-01
   2.9345984e-01   8.8549293e-02
   1.8211653e+00  -8.5122895e-01
  -6.0176476e-01  -7.9339536e-01
   3.5564866e-01   7.0002906e-02
  -1.2134867e+00   1.3538179e+00
   1.8907743e-01   1.4979886e-01
  -3.3337659e-01  -2.4745000e-01
  -1.3908543e+00   1.9117989e+00
  -8.7502078e-01   7.1558706e-01
   1.0862169e+00  -3.4377556e-01
  -3.0018618e-01  -6.2564980e-01
  -3.0423086e-01   8.8367201e-01
  -1.2723145e+00   1.5314689e+00
   1.0853785e+00  -6.8892775e-01
   1.3979923e+00  -6.3651220e-01
  -1.3236564e+00   1.6255496e+00
  -1.1336586e-01  -4.9667109e-01
   9.9609616e-01  -1.9401895e+00
  -1.4001755e+00   1.8298943e+00
   1.6771727e+00  -1.5079942e+00
  -9.5149957e-01   6.1889836e-01
  -8.8890461e-01   1.0403322e+00
  -3.6769808e-01   5.1456155e-01
   8.2358027e-01  -1.3286411e+00
   2.0013874e+00  -1.7162390e+00
   2.3077911e-01   2.0772392e-02
   3.0913331e+00  -9.7595824e-01
   4.8937303e-01  -2.7628341e-01
  -6.7073794e-01   1.0292499e+00
  -9.7115647e-01   3.1404760e-01
  -6.1043589e-01   5.5108361e-03
   2.1128546e+00  -1.1223645e+00
   8.4065322e-01  -2.5615495e-01
   4.9571944e-01  -6.4011314e-02
   2.7925169e-01  -6.0412514e-01
   1.0299356e+00  -8.5802362e-01
   8.5728077e-01  -3.3772633e-01
  -9.2038929e-02   3.9887227e-01
  -3.5689660e-01  -1.6706814e-01
   9.4115871e-01  -1.0883895e+00
  -9.7633014e-01   1.0507708e+00
   3.0450801e+00  -1.5178477e+00
  -1.4416477e+00   1.2570789e+00
   5.6025838e-01  -4.2674423e-01
  -1.3704585e+00   1.6750758e-02
   1.0559164e+00  -2.9515970e-01
   2.0513010e-01  -6.9544522e-01
   6.3636327e-02  -1.2947756e+00
  -1.5579217e+00   6.6242286e-01
  -9.0562015e-01  -9.0482563e-03
  -2.5510412e-02   3.1685940e-01
  -5.7243289e-02  -3.4491337e-01
  -8.6613440e-01   6.6459013e-01
  -3.2887568e+00   2.5272663e+00
  -6.4387495e-01   5.3005620e-01
   1.3485801e+00  -1.1065426e+00
  -1.1519645e+00   1.4260429e+00
   1.0530685e+00  -1.1378524e+00
  -5.6059908e-02  -1.3875612e-01
  -1.2588186e+00   1.9938474e+00
   7.6647659e-01  -1.0813603e+00
   1.0259044e+00  -4.7445226e-01
   6.8964711e-01  -2.2278501e-01
  -3.9796047e-01   6.0758477e-01
   3.6263962e-01  -4.1319844e-02
  -5.4203675e-01   1.1009074e+00
   9.6362946e-01  -1.4448786e+00
   1.3464819e-01  -1.4142254e+00
  -8.6496570e-01   4.8110023e-01
  -1.3105066e+00   1.5194292e-01
  -8.3332576e-01   6.0891364e-01
  -9.2378929e-02   3.2155126e-01
  -1.8759923e-01  -1.9255867e-01
  -6.7085124e-01  -3.7682326e-01
  -1.1468371e+00   1.4495437e+00
   9.7556700e-01  -1.0571814e+00
  -1.2504041e+00   3.1477957e-02
   1.1888018e+00  -1.3409009e+00
   7.1304566e-02  -7.6332048e-01
  -3.1544755e+00   4.7106660e+00
   2.0565822e-01  -7.1562205e-01
  -1.0436114e-01   5.2085861e-01
   2.2770568e+00  -9.4135892e-01
  -8.4842264e-01  -4.5948300e-01
   1.3595457e+00  -1.0112691e+00
   4.4052337e-01  -9.3650559e-01
   4.7175615e-01  -1.1784810e+00
  -5.4209955e-02   2.7473286e-01
  -2.0927194e-01   5.7703278e-01
  -1.2739307e+00   1.1037292e+00
  -1.3301890e+00   1.9623495e+00
  -4.3619287e-01  -8.2800832e-01
  -8.8442526e-01   1.3245811e+00
   1.4679634e+00  -7.0665066e-01
   1.7280672e+00  -6.5635647e-01
   1.3921974e+00  -5.2182862e-01
   4.5348036e-01  -1.9372345e-01
   1.1035385e-01   3.1349692e-02
  -1.2852870e+00   4.7496035e-01
   4.3167423e-01  -3.5399920e-02
   1.2083707e+00  -6.0874291e-01
  -1.2224788e+00   2.7468336e-01
   7.1895887e-01  -2.7563647e-01
   1.2782775e+00  -9.1098450e-01
   1.8922358e+00  -1.1018817e+00
   2.2455390e-01  -4.4105006e-02
   7.1250288e-01  -1.2539306e+00
   9.7847060e-01  -6.7975344e-01
  -1.8308524e-01   7.0444820e-02
   8.8681945e-01  -3.3865007e-01
  -9.5185379e-01   7.5896764e-01
  -1.0408823e+00   1.6373618e+00
   1.4413515e-02   1.7839040e-01
  -2.1632270e+00   3.3805124e+00
   1.0856187e+00  -5.8547594e-01
   4.0598495e-01  -8.0616865e-01
  -9.0268562e-01   1.2760065e+00
   1.8871327e-01  -2.8555282e-02
   2.0344769e+00  -1.3519424e+00
   8.8865157e-01  -7.5864445e-01
   1.4501661e+00  -1.2117577e+00
  -1.3530615e+00   5.0147139e-01
   7.7222945e-01  -2.7176525e-01
   9.3021052e-02   3.0564026e-02
   6.3402504e-01  -7.9141096e-01
  -9.5542172e-01   5.2938075e-01
  -3.7696349e-02   1.3802691e-01
  -1.1060191e+00   4.2650765e-01
  -5.7571889e-01   8.7718311e-01
  -9.7786232e-01  -7.0501930e-01
   1.3889763e-01  -9.5684570e-01
  -5.5044627e-01   9.8649100e-01
   2.3708353e-01  -4.0801979e-01
   1.6667896e+00  -1.2942257e+00
  -9.1651134e-01   1.5217538e+00
   1.5696775e+00  -1.2574369e+00
   3.6730463e-01  -8.0367433e-01
  -1.9169514e-01   2.3611670e-01
   1.5776954e+00  -1.7073712e+00
   3.6434191e-01   1.6730528e-02
   7.9509073e-01  -3.1904573e-01
  -1.0093344e+00   1.8641031e-02
   2.2623007e-01  -8.4868363e-01
  -5.1967017e-01   3.6419726e-02
  -6.1760894e-01  -4.3887029e-01
   2.2623765e+00  -1.8249382e+00
   9.3797689e-01  -1.2186224e+00
   1.5326692e-01   5.3690096e-02
   1.2125676e+00  -9.8049884e-01
  -7.2277978e-01   9.6078029e-01
  -1.1346856e+00   6.2746702e-02
  -1.6436833e+00   1.5663380e+00
   5.6895862e-01  -8.6220393e-01
   7.6125754e-01  -3.5107334e-01
   3.4927370e-01  -2.9995209e-01
  -2.2803207e-01   8.1361795e-01
   1.1459029e+00  -9.0397354e-01
   1.6186330e+00  -1.1603253e+00
  -7.7286852e-01   9.0559965e-01
   2.6971662e-01  -4.6566673e-01
  -1.2237407e+00   9.0727388e-01
  -8.1999571e-01  -3.9099812e-01
  -1.0565718e+00   1.1791485e+00
   1.0593724e-01   1.7771951e-01
   6.4160891e-01  -7.2331743e-01
   1.7410941e-02  -2.2027198e-01
   3.6082868e-01  -9.9353079e-02
   6.8175156e-01  -2.5870549e-01
   3.4192681e-01  -1.1589762e-01
  -1.2935510e+00   1.4488832e+00
  -9.7617387e-01   1.1603545e+00
   8.0776305e-01  -1.0638797e+00
  -7.6546649e-01   1.1759929e+00
   2.4636926e+00  -9.3303947e-01
  -1.5348277e+00   2.1774011e+00
   8.8702641e-01  -3.0636381e-01
  -1.7012291e-01   5.3520646e-01
  -6.9607990e-01   4.4627548e-01
   1.4327468e+00  -6.0500620e-01
   1.0520069e+00  -9.3728098e-01
   4.6627857e-01  -2.0592382e-01
   4.5427125e-01  -7.8500588e-01
  -2.5450135e-01   3.4098931e-01
   3.9278409e-01   6.7151849e-03
   2.2329955e+00  -1.0290587e+00
  -2.8207741e-01  -6.0335542e-01
   8.4586895e-01  -7.1822355e-01
  -8.1866579e-01   1.2098817e+00
   6.4720620e-02  -5.4210936e-01
   2.1197822e+00  -1.3987723e+00
  -2.2195743e-02   7.3082719e-01
   8.8522368e-02  -8.2404276e-01
   1.0717993e+00  -1.1224218e+00
  -8.2575189e-02   5.1037782e-01
  -2.1832944e+00   2.7884755e-01
  -4.0900383e-01   5.7096270e-01
   1.7206696e-01   1.2396174e-01
  -1.8302710e-01   1.6535711e-01
  -5.7891095e-01   1.2674325e+00
  -6.0390935e-01   5.4506876e-01
  -1.2435833e-02   4.1677452e-01
  -8.5590138e-01   3.6885723e-01
   4.7587791e-01  -8.5472086e-01
   1.1099260e+00  -7.5386025e-01
  -8.4114017e-01   8.7092855e-01
  -5.7960391e-01  -6.8508973e-01
   7.3541433e-01  -1.0059518e+00
  -4.9717562e-01   8.0263285e-01
   2.6484059e-01   1.0488466e-01
  -1.1612099e-01  -4.3719996e-01
  -7.2929168e-01   9.1777871e-01
  -4.4239946e-01   8.4082709e-01
  -8.9292079e-01   1.3954988e+00
   8.2523883e-01  -1.0284337e+00
   1.2466485e-01  -8.0463494e-02
  -8.3645786e-01   1.5639975e+00
  -2.1560007e-01   5.9569875e-01
  -7.3145801e-01  -7.5435730e-01
   2.4344826e-01   2.4190551e-01
   6.2946268e-01  -1.3912785e+00
  -2.0691808e-01  -1.4269199e+00
  -5.6678779e-01   6.7483142e-02
   3.0332278e+00  -1.0694138e+00
  -1.0128878e+00   3.5403172e-01
   3.0273219e-01  -1.2588042e+00
  -3.5940411e-01  -3.7994006e-01
   9.6996819e-02  -5.2656262e-02
   1.4716563e+00  -9.3910299e-01
  -2.8781172e-01   1.7866306e-01
  -4.2245597e-01  -7.8055215e-01
   5.8194361e-01  -1.0739383e+00
  -9.4083770e-01   1.5238302e+00
  -2.8031328e-02   3.5539718e-01
  -8.7360207e-01   3.9757083e-01
   6.5583747e-01  -6.1918698e-01
   8.4074429e-01  -1.1517079e+00
   7.7543846e-01  -1.0434769e+00
  -1.5816660e-01   4.4922815e-01
   3.2195692e-01  -7.8752228e-01
  -1.1564566e+00   1.5662702e+00
   2.5340337e+00  -9.7906487e-01
   5.8359567e-01  -9.0666577e-01
   1.0746296e+00  -3.3206640e-01
   1.1430305e+00  -1.1926430e+00
  -2.0257630e-01   6.2701485e-01
  -2.4407288e-01  -3.2519355e-01
  -6.0467531e-01   9.9014185e-01
   6.1839887e-01  -6.3087677e-01
  -5.8385594e-02   5.6188548e-01
   7.1471832e-01  -1.0909606e+00
   1.4730963e+00  -4.5030904e-01
  -1.2074666e-01   4.5709189e-01
  -6.1269909e-01   1.1223519e+00
  -1.7381903e+00   2.3959867e+00
  -4.4199980e-01  -1.5991617e-01
  -7.1642455e-01   1.2010133e+00
  -1.6495834e+00   2.8090093e-01
  -1.7307137e+00   7.1072087e-01
   3.6779264e-01  -2.0705508e-01
   4.3219857e-01  -1.2909926e+00
  -1.1181644e-01  -1.3782249e-01
   1.4898598e+00  -9.8053415e-01
  -1.0763280e+00   8.8967507e-01
  -7.0865579e-01   5.0519721e-01
   5.2719299e-01  -4.3279895e-01
   8.3188340e-01  -1.1987229e+00
  -9.8569679e-01   3.6760925e-01
   3.0961626e-01   1.0512666e-01
  -7.7839756e-01   3.7758392e-01
   2.8764387e-01   1.3528004e-01
  -1.1105814e+00   8.3278237e-01
  -9.1622786e-02   5.1216406e-01
   1.5927937e-01   4.1258042e-01
  -1.5707117e-01  -1.4500914e+00
  -8.8942169e-01   5.9980861e-01
  -1.2327035e+00   1.6274395e+00
  -1.3820231e+00  -4.3855519e-02
  -2.8424687e-01   7.8929132e-01
   9.5896740e-01  -9.4118121e-01
   4.4943901e-03   2.2139636e-01
   6.6575852e-01  -1.5264629e+00
  -1.6599457e+00   2.4941145e+00
  -9.8760129e-01   1.2632046e+00
   6.2450049e-01  -2.6546058e-01
  -9.6474372e-01   3.5427758e-01
   9.7096030e-01  -1.4905313e+00
   9.3497110e-01  -1.1159005e+00
   2.0238492e+00  -8.9914508e-01
   9.7558774e-02  -3.4000414e-01
  -3.0860081e-01   5.9147541e-01
  -2.0978501e+00   9.9284893e-01
  -3.1067772e-01   7.4864107e-01
  -1.3914821e+00   2.4165380e+00
   4.6346407e-02   3.1383051e-01
  -6.1626703e-01  -2.0047804e-01
  -2.6175309e-01   9.2385415e-01
   3.7363452e-01  -5.8286279e-03
  -1.8145426e+00   2.0604049e+00
  -7.7908771e-01   8.0804695e-01
  -1.3466583e+00   9.4215465e-01
   1.5311049e+00  -1.6274592e+00
  -8.0054833e-01   4.8588595e-01
  -3.4767222e-01   2.3683720e-01
   5.0860785e-01  -4.6576831e-01
  -1.1250706e+00   5.6591300e-01
  -8.8645401e-01   1.3889811e+00
  -9.6544904e-02  -4.7269833e-01
   8.4937241e-01  -1.2565294e+00
   2.6284893e-01  -8.6691725e-02
  -1.4510373e+00   1.7873913e+00
   1.5868631e+00  -1.9867871e+00
  -5.3489134e-01  -5.6246185e-01
  -7.0359445e-01  -5.0723203e-03
  -2.9532376e-01  -9.6148823e-01
   1.3630847e+00  -1.3660856e+00
   2.0545018e-01  -3.6207136e-01
  -7.0159992e-01  -1.0300188e+00
   1.2202848e-01   2.4150579e-01
   1.0450136e+00  -1.3177752e+00
  -5.1996042e-02   1.2971814e-01
   2.7933718e-03  -9.6310665e-01
   2.2628933e-01  -4.6561675e-02
   9.0997618e-02   3.4714560e-01
  -6.7063746e-01   1.1843796e+00
  -7.9818442e-02  -9.4329266e-01
  -8.9960828e-01   8.5416486e-01
  -1.4253951e+00   2.3161201e+00
  -1.7498918e+00   1.6743050e+00
  -1.1172210e+00   1.5989533e+00
  -1.6147287e+00   9.4998627e-01
   5.5281734e-01  -5.2678711e-01
   9.7478780e-01  -1.1582104e+00
   1.8773657e+00  -1.5606951e+00
   1.0046732e+00  -4.8883834e-01
  -1.2156262e+00   1.6958318e+00
  -7.3733185e-02   3.6619600e-01
   2.6815544e-01  -2.9302326e-02
   1.0699087e+00  -1.0707762e+00
   2.1536223e+00  -9.2612055e-01
  -5.6921551e-01  -3.3899242e-01
  -5.7476542e-01   7.6880324e-01
   6.5974014e-01  -5.9478768e-01
  -1.4016715e-01  -3.1219461e-01
  -1.2407308e+00   7.3354574e-02
  -1.3922969e+00   8.8533889e-01
  -1.6106894e-01   2.9393901e-01
   1.3768282e-01   2.0735158e-01
  -1.7532429e+00   1.7776640e+00
   8.1452377e-01  -3.9446491e-01
   9.1213756e-02   3.1844892e-01
   1.5738288e-01   5.8283897e-02
   1.0804176e+00  -3.3162576e-01
  -2.7527443e-01  -7.8850768e-01
  -1.2849307e+00   9.2817796e-01
   7.2122778e-01  -2.1481453e-01
  -1.5918941e-01  -4.4786509e-02
   8.9984582e-01  -4.5630196e-01
   6.8433569e-01  -6.1377169e-01
   3.1708623e-01  -2.9583956e-01
   5.0216524e-01  -1.0186833e+00
  -3.4388849e-02  -7.9327893e-01
   1.5965707e+00  -8.0055204e-01
   1.0472240e+00  -8.2576626e-01
  -1.6203190e+00   1.5682045e+00
   9.9973082e-01  -6.3964854e-01
   1.8956300e+00  -1.0810890e+00
   6.2301477e-01  -9.5129483e-02
   1.6801739e+00  -1.0935902e+00
  -6.7972411e-01  -2.2137923e-01
   5.9053360e-01  -4.8298143e-01
  -1.5398294e+00   8.5500770e-01
   1.0451887e+00  -3.5395676e-01
   1.1778241e+00  -7.4324810e-01
  -1.5405833e+00   1.9824153e+00
   7.4593200e-01  -7.4497940e-01
  -6.1728002e-01  -1.0303889e+00
   9.0399852e-01  -1.0020243e+00
  -6.2052210e-01  -4.0547099e-01
   4.8462267e-01  -1.2426441e+00
  -6.8404626e-01   1.2120124e+00
   8.4668088e-01  -2.5994331e-01
  -7.0040607e-01   1.3615143e+00
  -1.0000354e+00   7.8487402e-01
   1.0407435e+00  -9.5841107e-01
  -1.3036932e+00   7.2479898e-01
   1.7003727e+00  -8.0621172e-01
  -6.6183917e-01  -6.5884743e-01
   1.7684250e+00  -8.6703049e-01
   1.2830472e+00  -1.2646052e+00
  -1.7292432e-01   6.0167235e-01
   4.2630002e-03   5.6853534e-01
  -3.1628485e-01  -5.7597156e-01
   8.1419351e-01  -3.3662994e-01
   4.0817818e-01  -8.5029606e-01
  -1.0320116e+00   6.9665485e-01
   6.7002544e-02   2.2719021e-01
  -8.4317665e-01   1.1711201e+00
   2.5026584e+00  -1.0627550e+00
   9.5898863e-01  -5.1426692e-01
   2.1905337e+00  -1.0781415e+00
   1.2902257e-01   2.2195201e-01
   4.6606673e-01   7.1988175e-03
   1.4153235e+00  -6.2890254e-01
  -3.5671288e-01   6.7732656e-01
  -6.8114041e-01   6.1590347e-01
  -1.3523928e+00   8.3154555e-01
  -1.8311639e+00   1.4301884e+00
   2.2642952e+00  -1.4237815e+00
   1.4175106e+00  -6.6123431e-01
   8.6006996e-01  -9.8173343e-01
   7.5767613e-01  -2.4591042e-01
  -7.8510294e-01   2.8514249e-01
   1.5190270e+00  -6.8143012e-01
  -7.0630956e-02   6.4800527e-02
   2.3188133e+00  -1.7223348e+00
   1.3856218e+00  -1.1998077e+00
   1.9532458e+00  -9.2036383e-01
  -1.0240476e+00  -4.3296170e-01
  -1.0709368e+00  -2.0710314e-01
   7.8671605e-01  -2.8920544e-01
  -3.9831681e-01   6.3562659e-01
  -4.2628102e-01   7.1809975e-01
  -7.5813167e-01   8.6203446e-01
   1.3671756e+00  -6.1374241e-01
   1.4630012e+00  -6.6596865e-01
  -5.3482461e-01  -1.1016869e+00
   1.6867408e-01  -2.9509602e-01
  -4.2972077e-01  -2.7957194e-01
  -9.2493221e-01   1.0375883e+00
  -2.6143264e-01  -3.9165684e-01
   4.8528897e-01  -9.3613301e-01
   1.8935330e-01  -4.3905774e-01
   1.7131421e+00  -6.6767339e-01
   6.2520502e-01  -6.0486017e-02
  -1.6766748e+00   2.4338490e+00
   1.6738534e+00  -1.3750500e+00
   3.3146739e+00  -9.8305229e-01
  -1.1497428e-01   4.0664657e-01
  -3.7899920e-01   4.3197183e-01
   4.1253807e-01  -1.3294565e-01
   1.1898554e+00  -1.3125901e+00
   3.6473520e-02  -1.0271334e+00
   2.0530878e+00  -1.1216209e+00
  -1.8020903e+00   2.6929052e+00
  -1.6836218e-02  -4.3303342e-01
  -2.6256760e+00   4.4554455e+00
  -4.4676290e-04   4.2808207e-01
  -5.5822532e-01  -7.6338537e-01
   8.6556535e-01  -3.9841880e-01
  -2.2783468e-01   4.4666186e-01
  -1.0858584e+00   2.1190878e-01
   7.7026912e-01  -5.0404659e-01
   4.5987778e-01  -2.1381260e-03
   2.5576687e-01   5.0460759e-02
  -1.8746320e+00   2.7333580e+00
  -1.7034760e+00   2.5514832e+00
   1.7562266e+00  -1.5273293e+00
   2.0796123e-02  -5.6605316e-01
  -1.6584073e+00   2.6460255e+00
  -1.4592987e+00   1.4917082e+00
   8.0937733e-01  -3.3831037e-01
  -1.9453543e+00   1.8113296e+00
   1.9436646e+00  -1.7701872e+00
  -6.1067434e-01   4.6495239e-01
  -6.8669260e-02  -7.6641929e-01
   9.2101346e-01  -3.3938905e-01
   4.3015026e-01  -1.2732304e-01
   7.4139405e-01  -6.1284828e-01
   3.7243834e-02   1.6690598e-01
  -2.2923957e-01  -4.9085318e-01
   5.3894711e-01  -3.9890403e-01
  -9.1507066e-01   1.0780441e+00
   5.4487495e-01  -2.4994440e-01
  -5.4744099e-02   5.7758406e-01
  -4.7294130e-01   8.5495325e-01
  -1.8452550e+00   2.6764318e+00
  -2.3455461e+00   1.2127971e+00
   2.6722906e-01  -5.6458108e-01
  -7.9444845e-01   2.3622673e-02
   3.9974141e-01  -1.5475225e-01
  -9.9740982e-01   1.2234803e+00
  -1.3874950e+00   2.2590219e+00
   1.4546404e-01   2.5253922e-01
   1.8009947e+00  -1.0338194e+00
   1.1125652e-01  -9.1703552e-01
   5.8548898e-01  -1.1492882e-01
  -6.4342714e-01   9.3221305e-01
  -6.2968203e-01  -7.4650308e-01
   1.3672983e+00  -8.2344325e-01
  -5.2203336e-01   3.7585456e-01
   1.5237447e+00  -1.2519229e+00
   4.0583684e-01  -6.5795842e-01
  -5.2381290e-01   9.7556911e-01
   8.4801005e-02  -1.3295034e-01
  -5.0915003e-01   8.6362977e-01
   8.3630643e-01  -2.9657166e-01
  -2.6854237e+00   2.5725578e+00
  -1.3815876e+00   1.3680554e+00
  -1.9283386e+00   6.4209755e-01
   8.5283843e-01  -9.9027852e-01
  -4.2841343e-01   9.2490759e-01
   6.4884941e-01  -8.1714635e-01
  -8.1741511e-01   1.8045373e-01
  -5.3486802e-02  -8.3089009e-02
   1.4011470e+00  -8.7995253e-01
  -4.7123142e-01  -5.7838353e-02
  -8.2110399e-01   1.1355656e+00
   1.6946330e-02  -6.5132086e-01
  -1.2530471e+00   1.4713306e-01
  -1.7116750e-01  -1.1760678e+00
  -2.4025298e+00   4.2202518e+00
   5.7017259e-01  -1.1822828e-01
  -7.9383736e-02   3.8419533e-01
   2.6275960e-01  -1.0621517e+00
  -8.6566787e-01   1.1473432e+00
  -2.9319604e-01  -6.1598078e-01
   6.0216631e-01  -8.9067128e-01
  -1.5297679e+00   4.9211798e-01
  -3.5853431e-01  -8.3463843e-01
   4.2296340e-01   1.2506172e-02
   1.3399135e+00  -6.5822735e-01
   3.0416774e-01  -2.6627134e-01
   3.2199744e-01   7.0094716e-02
   1.1487242e+00  -4.6076107e-01
   7.8185672e-01  -1.1627541e+00
  -1.0911155e+00   1.6605346e+00
   1.3837121e+00  -8.9372813e-01
  -1.8873081e+00   1.9500517e+00
  -8.1054916e-01  -3.1065427e-01
   1.6832431e-01  -2.4394332e-01
  -1.7602981e+00   2.6768524e+00
  -1.4732612e+00   1.8507968e-03
   1.6917376e+00  -1.6033254e+00
  -5.2334028e-01   8.7866727e-01
  -9.4022046e-01  -2.1073364e-01
  -9.3144252e-01   1.5574458e+00
  -9.8651651e-01  -7.3817716e-01
  -1.0657940e+00   1.3784692e+00
  -2.9619029e-01   5.2680976e-01
   8.3225758e-01  -8.3916527e-01
  -1.5528341e+00   1.6318114e+00
  -2.3509359e-01  -7.4616700e-01
  -2.6853377e-01   1.3322857e-01
  -1.7875595e+00   8.7350847e-01
  -1.8528367e+00  -8.6838251e-01
   3.5167214e-02  -7.3699892e-01
  -2.6293152e-01  -9.7269686e-01
  -7.5559623e-01   1.1256432e+00
   1.0734959e+00  -5.1865745e-01
  -2.8112774e-01  -5.7338554e-01
  -3.3464342e-01  -3.9423619e-01
   4.4316143e-02  -3.6880728e-01
  -5.4261071e-01   7.1986313e-01
   3.6517393e-01  -1.0940901e-01
   1.1601034e+00  -1.0535793e+00
  -2.5861837e-02   5.3732137e-01
  -7.0741763e-01   1.1668579e+00
  -1.7768256e-01   4.7908505e-01
   3.4161584e-01  -5.6772346e-01
   1.9582181e-01  -1.0256035e-02
   6.0178298e-01  -1.8565845e-01
   5.3870800e-01  -8.3375048e-01
  -2.0826539e-02  -9.5732691e-01
   4.5308420e-01  -8.4426494e-01
  -7.9040121e-01   1.1141846e+00
   2.6709941e-01   8.0779416e-02
  -8.4705529e-01  -5.0696476e-01
   1.5935447e+00  -1.6621544e+00
   8.8904788e-01  -1.1775369e+00
  -8.3017436e-01   8.9855797e-01
  -1.6801469e+00   1.3617195e+00
  -1.0683434e+00   1.3897793e+00
  -1.9408256e+00   2.2202779e+00
   1.0354483e+00  -5.5561258e-01
  -8.0359297e-01  -2.1256188e-02
  -7.8313431e-01   5.9638170e-01
  -6.7139145e-02   4.3132703e-01
   6.0823173e-01  -1.1025362e+00
  -2.5414221e-01  -3.5929346e-01
   1.4985894e-01   3.0757147e-01
   8.9866858e-01  -1.0066070e+00
  -6.9955403e-01   8.2635943e-01
  -1.1650302e+00   1.8236416e+00
  -9.7838191e-01   1.2474326e+00
  -1.7529562e+00   2.6928812e+00
   1.2505476e+00  -7.1642885e-01
   1.5214249e-02   9.0053024e-02
   6.3286354e-01  -8.4299709e-01
  -2.7137768e-02   4.1886940e-01
   2.2634174e-01  -4.3586133e-01
  -7.1254683e-01   1.1695118e+00
   1.9235204e-01   8.6748963e-02
   6.3808566e-01  -1.1122242e-01
  -1.2332469e+00   8.7839161e-01
   1.1383759e+00  -4.5668668e-01
  -1.9380268e-02  -4.1410397e-01
   2.0771975e-01   1.3495138e-01
   6.5165107e-01  -9.2164474e-01
  -1.2551044e+00   2.9393634e-01
   3.2671602e-01  -1.0703199e+00
   6.2214964e-01  -5.7484356e-01
   8.0126012e-01  -6.4551637e-01
   1.0303076e-01  -2.1101449e-01
   3.7716666e-01  -1.8904338e-01
  -5.1874627e-01   5.7659032e-01
  -1.0556381e+00   1.6116833e+00
   9.4434301e-01  -1.4676323e+00
   1.2029383e+00  -8.0606679e-01
   6.6872340e-02  -1.2628371e-02
   7.7637587e-01  -4.1044543e-01
   1.8103768e+00  -8.8823120e-01
  -2.0105616e+00   1.1535524e+00
   1.7736716e-01   1.2085487e-02
   1.5123576e-01   1.7539141e-01
   1.3953923e+00  -1.1503925e+00
  -8.5301275e-02   3.9461085e-01
   6.2325186e-01  -1.0379244e+00
  -7.7189071e-01  -7.7309428e-01
  -4.6657302e-01  -4.0032791e-01
   1.0878967e+00  -1.2464655e+00
  -2.9109005e-01   7.0064911e-01
   9.8966281e-01  -6.6400217e-01
  -5.9387373e-02   4.2638023e-01
   3.8269047e-01  -1.2823405e-01
   4.4554028e-01  -1.7206028e-02
  -1.6147305e-01   2.0333176e-02
   6.8182193e-01  -1.2866715e+00
  -5.8959329e-01  -8.5941525e-02
  -5.9023125e-02  -2.3721840e-01
   1.3848565e+00  -1.4633077e+00
  -4.3817704e-01   3.8683873e-01
  -2.9917955e-01   5.3329853e-01
  -3.2997320e-01  -8.4567765e-02
   6.8574878e-01  -2.4883940e-01
   8.2262555e-01  -4.4201013e-01
   4.4695448e-01  -3.0265652e-02
   3.6977230e-01   6.4171337e-02
   2.8946353e-01  -7.6667103e-01
  -2.4101821e-01   6.9973417e-01
   3.3476376e-01   1.3155125e-01
  -6.6949157e-02  -9.5031160e-01
   5.4292627e-01  -1.3794025e-01
   2.0260765e+00  -8.7866922e-01
   9.5730726e-01  -1.1862663e+00
   2.0076451e+00  -9.2819182e-01
   7.6436976e-01  -6.0737662e-01
   3.6299677e-03  -1.0744650e-01
  -1.5903990e+00   2.1602662e+00
  -1.7207099e+00   1.6025277e+00
  -5.7785475e-02  -6.0803501e-01
   5.8290235e-01  -9.5385488e-01
   2.2057964e-02  -5.8372318e-01
   1.0009349e+00  -1.1897210e+00
  -1.8615374e+00   1.8380871e+00
   1.3129051e+00  -5.6127572e-01
  -2.0967350e+00   1.3053808e+00
   5.8461442e-01  -2.5669891e-01
  -1.8727909e-01   5.4478003e-01
   1.1343066e+00  -4.7941743e-01
  -1.6705192e-02   2.1347267e-01
   6.5149737e-01  -5.5785555e-01
  -2.6304410e-01   3.8209166e-01
  -1.4455885e+00  -2.1803191e-01
  -2.7696760e-01   3.9122719e-01
  -1.5883111e+00   1.3800628e+00
   8.1899210e-01  -3.4664753e-01
  -1.4341605e+00   1.2311120e+00
  -1.7480336e+00   2.2536195e+00
  -3.3155283e-03  -4.4826917e-01
   1.0420022e+00  -5.6528553e-01
   9.0155910e-01  -4.0663642e-01
   5.5605450e-01  -7.6635504e-01
   1.3621237e+00  -1.3288790e+00
   4.1738142e-01  -7.6480428e-01
   7.8655437e-01  -3.1145318e-01
   9.3062795e-02   4.3708243e-01
   6.2229153e-01  -2.1770837e-01
   1.0804128e+00  -6.9786848e-01
  -3.1571289e-01  -1.6023991e-02
  -1.9144343e-01   3.8587109e-01
   2.5536371e+00  -1.1592451e+00
  -1.2601578e+00   2.0497305e+00
  -4.3231444e-02  -2.6864646e-01
  -1.5163944e+00   1.7813692e+00
   1.6745230e-01   4.7149646e-02
  -9.5987320e-01  -8.1264803e-02
   1.5132098e+00  -9.7207194e-01
  -1.2321334e+00   1.5782951e+00
   1.0672824e+00  -6.8119771e-01
   5.2459872e-01  -8.8788572e-01
  -1.3618473e-01  -5.2385263e-02
  -6.1298306e-01   1.0361988e+00
  -1.5753831e+00   4.1103295e-01
   1.8378200e+00  -2.1696115e+00
  -7.1122966e-02   5.1022746e-01
  -1.7970938e-01   5.7281893e-01
   2.6140857e-01  -9.5793331e-02
   5.6282086e-01  -8.2712824e-01
   3.0281281e-01  -1.6109778e+00
  -2.0353842e-01  -9.3255663e-01
  -1.8413279e+00   2.2664517e+00
   4.6031217e-01   1.2423572e-01
   1.7544557e-01  -8.7642351e-01
  -4.9697719e-01   8.7351557e-01
  -6.8360333e-01   9.4747761e-01
   1.2677411e+00  -7.2662741e-01
   9.9774375e-01  -1.1010285e+00
  -5.5539618e-01  -6.1108458e-01
   2.2509254e-01   2.6912470e-01
  -6.2178430e-01   9.6627988e-01
  -1.6459626e+00   1.4997634e+00
   2.0473686e+00  -8.1808096e-01
  -6.6809789e-01   8.3797673e-01
  -9.3186119e-01   5.6628820e-01
  -5.5801576e-01   9.1652896e-01
  -5.1720170e-01   1.8015608e-01
  -3.2903508e-01  -6.1028606e-01
   1.3381086e+00  -4.2064746e-01
  -1.0701399e+00   9.6863531e-01
   5.3179199e-03  -5.9760278e-01
  -9.3206644e-01  -1.5521442e-01
  -7.0880208e-01   1.0764973e+00
  -1.8527740e-01   7.7801105e-01
  -9.9403972e-01  -1.6162877e-01
  -1.6024127e+00   2.3008307e+00
   7.5060451e-02  -8.3218311e-01
  -1.5643155e+00   7.7344994e-01
   2.1202652e-01   1.5603082e-01
  -9.4963346e-02   1.1102735e-01
  -2.5494301e-01   4.6003170e-01
  -1.3068708e+00   7.7741392e-01
  -8.5276845e-02   5.3916010e-01
   2.0811826e+00  -1.5185367e+00
  -1.1459107e+00   1.6781592e+00
   5.3898183e-01  -1.1661891e+00
   1.7624207e+00  -9.1328186e-01
  -3.9342277e-01   8.4054788e-01
  -1.2145617e+00   1.5520009e+00
   3.9252357e-01  -8.5136698e-01
   5.3676935e-01  -1.4805195e-01
   3.2842391e-01  -3.2594227e-01
   8.0237720e-01  -1.8011052e+00
  -6.7540461e-01   8.5781345e-01
   5.7837453e-01  -5.9796499e-01
   1.3699307e-01  -1.3035151e-01
  -1.1193087e+00   8.5644948e-01
   7.0346028e-01  -3.7996789e-01
  -7.0573434e-01   6.8842078e-01
  -1.6441063e+00   2.6174202e+00
   2.6613637e-01   1.2032335e-01
   1.5765448e+00  -6.3996720e-01
  -9.8887734e-01   1.0940274e-01
   2.8069838e-02  -1.5834644e-01
  -3.2666091e-01  -1.8247814e-01
   3.1691973e-01  -2.2106171e-01
   1.8217476e+00  -8.8082608e-01
   1.2283106e+00  -2.0204614e+00
   4.1048890e-01  -3.0767153e-01
  -1.2742823e+00   7.6515686e-01
  -1.0936975e+00  -6.2878435e-01
   7.3521421e-02  -7.7199984e-01
  -1.5556719e-01   1.3751573e-01
   1.8549373e-01   3.3081221e-01
   1.1197539e+00  -1.5693735e+00
  -7.8093115e-01  -7.2633642e-02
  -1.2055002e-01   6.3997836e-01
  -5.5207419e-01  -2.7104849e-01
   9.8746130e-01  -6.6579414e-01
   3.6713518e-01  -2.9516322e-02
  -9.4992619e-02   2.8919852e-01
   9.6790510e-01  -8.2689943e-01
  -9.1345237e-02  -6.3520691e-01
  -8.4243531e-02  -2.1227658e-01
   5.5194690e-01  -1.4133906e-01
  -1.4249433e+00   1.6304695e+00
  -5.6894075e-01  -7.9460746e-01
   1.6697373e+00  -7.1622197e-01
  -2.7697795e-01  -6.4786554e-01
   4.1906821e-01  -1.5362378e+00
   6.7202921e-01  -4.0157693e-01
   1.0780633e+00  -1.2771634e+00
  -7.1172044e-01   1.3226609e-01
   9.7389588e-01  -1.0981405e+00
   4.6374626e-01  -3.4467690e-01
   8.5200657e-02   2.1406485e-01
  -1.6302141e+00   7.5940634e-01
  -5.9573439e-01   1.1944418e+00
   2.1513818e-01   1.5889460e-01
  -1.2810587e+00   8.3933279e-01
  -1.7442025e-01  -1.9482001e-01
  -3.9454112e-01  -1.4680700e-01
  -8.1023047e-02  -1.1704318e-01
  -2.0054420e+00   3.0072907e+00
  -3.0732693e-01   6.6708664e-01
   3.9586391e-01  -3.7307104e-01
  -1.0122363e+00  -5.7273700e-02
  -1.4791205e+00   2.3551272e+00
  -1.0295456e+00   1.6812850e+00
  -1.5071191e+00   1.8511127e+00
   4.2683537e-01   7.8900811e-02
  -4.6642714e-01   8.1814699e-01
   1.0709513e+00  -4.6331808e-01
   1.7039587e+00  -9.7996318e-01
   3.1481778e-01  -1.4711655e+00
  -1.6011081e-01   4.9039957e-01
  -5.8100906e-01   3.7024927e-01
   1.4677914e+00  -7.2879691e-01
   8.2819401e-01  -4.6601206e-01
   1.0284739e+00  -6.9695428e-01
  -1.0570288e+00   2.4160277e-01
   3.4382218e-01  -1.0890657e+00
   7.4649690e-02  -4.0484553e-01
   5.7990527e-02  -5.5566892e-01
   2.4631633e-01  -9.2036211e-01
   1.0517956e+00  -9.6778394e-01
   1.2704723e+00  -1.3055035e+00
  -4.6772061e-01   4.9555984e-01
  -6.5789436e-01  -3.1448193e-01
  -1.1912843e+00   8.6408947e-01
   4.9093782e-01  -1.9500134e-01
   8.0419772e-02   2.7887392e-01
   1.0710002e-01  -8.5777241e-01
   1.2172363e+00  -1.2576531e+00
   3.5913365e-01  -1.0825595e+00
   8.9491105e-01  -4.4328726e-01
  -6.7445508e-01   7.9672962e-01
   7.2570244e-01  -2.1982785e-01
   1.0306954e+00  -8.4287220e-01
   7.9445735e-01  -6.3243804e-02
  -3.8905534e-01  -5.0021002e-01
  -1.2396425e+00   7.3520469e-01
  -9.0732110e-01   2.1295450e-01
   5.6214338e-02   3.4816067e-01
  -2.1364242e+00   2.1408508e+00
  -7.6596887e-01   1.2383130e+00
   6.2278204e-01  -7.5347932e-02
  -2.6721857e+00   4.1751295e+00
  -8.0518956e-02  -9.1348438e-01
  -2.0835366e-01  -4.1012090e-01
   6.7336599e-01  -1.4886662e-01
  -3.8063875e-01   2.8153204e-01
   1.4880634e-01  -1.1243855e-01
  -3.6158052e-01   5.0941503e-01
   6.3792301e-01  -6.4847253e-01
   2.7090412e-01  -3.9681400e-01
  -6.5305577e-02  -1.1545180e+00
   4.3391661e-01  -9.5326122e-01
   5.0347968e-01  -7.2744976e-01
   9.1413223e-03   1.3253095e-01
   1.0492662e-01   1.5432385e-01
   2.6992747e-01  -4.0663679e-01
   6.0306411e-01  -1.0526193e+00
   5.4282363e-01  -1.2421256e+00
  -1.1080832e-01   6.3765147e-01
   7.6388249e-01  -2.2889964e-01
   3.2934747e-01  -3.5489950e-02
   1.3714797e-01  -1.1754970e-01
  -4.3146733e-01  -2.2138249e-01
  -1.0392661e+00   3.0402116e-01
   1.2466583e+00  -1.4814426e+00
   1.5621001e+00  -1.4868243e+00
   9.3381308e-01  -4.3615433e-01
  -3.7582480e-02  -4.2499528e-01
   4.7674317e-01  -9.2705454e-01
   1.4554666e-02  -1.9200656e-01
  -2.0313166e-01  -4.7977196e-01
  -1.6706352e+00   2.5180859e+00
  -8.5562202e-01   8.2073184e-01
  -1.1410682e-01   2.8846769e-01
   7.0878804e-01  -1.1154019e+00
   1.4678124e+00  -6.7947531e-01
   1.4102325e+00  -6.6470920e-01
  -2.2829032e+00   3.3042074e+00
  -1.6362151e+00   2.3232787e+00
  -1.2144991e-01  -5.3735855e-01
  -7.8527703e-01   2.0290705e-01
  -4.2573324e-01  -1.3652451e-02
  -9.0902180e-01   1.2264575e+00
   1.9063896e+00  -1.1920411e+00
  -1.0575437e-01  -8.3383352e-01
  -1.8873018e-01   5.1210428e-01
   2.3162036e-01  -8.1186631e-01
  -1.3679173e+00   7.8803742e-01
  -1.5204971e+00   2.2718898e-01
  -4.2025563e-01   5.9525003e-01
  -2.7272237e-01  -1.0616967e-01
   2.2827221e-01  -1.9114929e-01
   1.5595660e-03   2.7704970e-01
  -6.7724498e-01   6.5127990e-01
   1.3312689e+00  -1.0151949e+00
   6.1435391e-01  -6.8911965e-01
   3.9080732e-01  -1.6991748e+00
  -6.1864446e-01   1.0043779e+00
  -4.7526965e-01   8.5208055e-01
   3.7687645e-01  -1.2401768e-01
   6.1744085e-01  -1.0234352e+00
   1.5607937e+00  -4.7206400e-01
   1.6650510e-01   1.9828777e-01
   2.6418281e-01  -2.4138605e-01
  -8.9900163e-01   1.0983999e-01
  -1.4603879e+00   9.2564183e-01
   1.7654416e+00  -1.4636249e+00
  -2.2914133e-01   6.1309172e-01
  -4.0298927e-01   6.7268328e-01
   2.4663070e+00  -9.6033734e-01
   1.0415591e+00  -1.9462762e+00
  -1.3906642e-02  -1.3089537e+00
  -6.2973244e-01   1.1492319e+00
  -1.6894725e+00   1.7291598e+00
  -1.2526354e+00   1.1468423e+00
  -8.7777387e-01  -6.3299687e-01
   1.1145973e+00  -7.2931211e-01
   3.0893193e-01   6.4680537e-02
   3.4270997e-01  -6.5036541e-01
   1.4606115e+00  -7.1482721e-01
  -6.4455336e-02   3.3842740e-01
   8.2283734e-01  -3.0582397e-01
  -5.6370095e-01   5.2007374e-01
  -9.2989185e-03  -5.2573801e-01
  -1.6938742e-01   8.0837270e-02
  -5.3331439e-02   2.7028227e-01
  -8.7175908e-01   5.8388477e-01
   5.9428378e-01  -1.6819512e-01
   1.5910828e-01  -1.4037391e-02
  -2.4253924e-01  -1.1703645e-01
   1.1953827e+00  -1.3269440e+00
   8.9709184e-01  -3.0056513e-01
  -2.0237602e+00   1.7353975e-01
  -1.0679746e-01  -2.6914815e-01
  -1.1062596e+00   1.5790430e-01
   1.6498778e+00  -7.6186709e-01
  -1.5657531e+00   1.1987220e+00
  -1.4593522e+00   2.1932024e+00
   1.0363302e+00  -4.9156168e-01
  -1.1899603e-02   3.0292110e-01
  -6.7457223e-01  -1.3156905e-01
  -1.6183336e+00   2.5495379e+00
   9.5718474e-03  -5.9388716e-01
   6.7945396e-01  -6.6976815e-01
  -6.3681550e-01  -4.4280076e-01
  -1.2596388e+00   1.1188882e+00
   3.8934589e-01  -4.4907071e-02
  -1.9018037e-01   1.9088549e-01
   6.2889050e-01  -8.8616870e-01
  -7.2915671e-01   1.2279211e+00
   9.2796177e-01  -6.4949694e-01
   1.0084500e+00  -1.0659478e+00
  -8.2582613e-01   3.3756838e-01
  -7.4197988e-01  -3.2440899e-02
  -8.2331479e-01   9.9959363e-01
   1.9946935e-01   5.6983967e-03
   8.3639988e-01  -1.5895902e+00
   8.6486243e-01  -8.1571534e-01
   4.9273098e-01  -9.4739861e-01
  -1.1319696e+00   1.8968568e+00
   8.0475407e-01  -2.2558977e-01
  -1.5710087e+00   2.1894497e+00
   1.7500528e+00  -9.5369672e-01
