  -3.4531379e-02  -1.3027676e-01
   2.0774605e+00  -1.8941250e+00
  -1.3647084e+00   1.6026550e+00
   4.3553869e-01  -5.1307996e-01
  -9.1486367e-01   6.5206011e-01
   2.0777318e-02  -1.7922440e-01
  -1.1211697e+00   9.6721164e-01
   1.0822309e+00  -6.7928440e-01
  -9.3313654e-01   1.0191439e+00
  -7.9004765e-01   9.3434760e-01
  -1.8979039e-01   1.7783300e-01
  -1.9124642e-01  -7.9205002e-02
  -5.9300885e-01   6.5824666e-01
   1.7897440e-01  -4.5495880e-01
  -1.4122439e+00   1.1455013e+00
  -1.4819580e+00   1.1176117e+00
  -1.1740222e+00   9.3422269e-01
   4.4989421e-01  -2.3101305e-01
   1.8277678e+00  -1.6324934e+00
  -1.1059404e+00   1.0274645e+00
  -1.7906200e+00   2.3461798e+00
  -5.5537825e-01   4.9467967e-01
   7.3695563e-01  -3.7968945e-01
  -4.8854238e-01   5.5407366e-01
   1.3989841e+00  -9.5346848e-01
  -7.0805702e-02   1.5550546e-01
  -7.7660973e-02   1.2085726e-01
  -1.0006804e+00   9.7114067e-01
  -9.7131788e-03  -8.3979958e-02
   3.6660008e-01  -2.3067478e-02
   1.8801391e+00  -1.3238419e+00
   2.7615045e-01  -2.5204439e-01
  -4.0165552e-01   6.4263820e-02
  -1.2324772e-01   2.2409074e-02
   1.5157863e+00  -1.5456272e+00
  -9.6626171e-01   9.5130920e-01
   7.2890081e-01  -5.4543804e-01
  -1.2684308e+00   1.2589344e+00
   1.1107986e+00  -6.9540797e-01
   1.1129017e+00  -6.9038986e-01
   2.3507935e-01  -2.5665202e-01
   1.0296676e+00  -7.9326343e-01
   5.1062073e-01  -9.5557108e-01
  -2.6764064e-01  -1.5299349e-01
   1.9068271e+00  -2.1051681e+00
   1.3030505e+00  -1.3362556e+00
  -4.1255524e-01   5.3072437e-01
   5.9713342e-01  -7.3669493e-01
   8.7168206e-01  -1.3144450e+00
  -3.1152605e-01  -2.8097570e-01
  -9.4978837e-01   7.5473332e-01
   5.4518644e-01  -4.5638311e-01
   1.7409338e+00  -1.4803293e+00
  -8.3129121e-01   7.4166342e-01
  -3.0160897e-01   3.0213224e-01
  -4.8933214e-01   4.3872169e-01
   9.7560298e-02  -2.9285077e-01
   1.1189929e+00  -8.4751287e-01
  -1.2680720e+00   1.4354242e+00
  -6.8559592e-01   6.1168961e-01
  -1.4527113e+00   1.2652206e+00
   8.3154218e-01  -1.2116703e+00
   8.5159755e-01  -5.1875597e-01
   1.4045185e+00  -1.1496724e+00
  -1.0505585e+00   9.0161577e-01
  -7.9104623e-01   7.9464604e-01
   1.7424418e-01  -1.1408102e-02
   5.5813706e-01  -7.1788087e-01
   8.0533085e-01  -6.1315510e-01
  -1.5785396e+00   1.9167639e+00
   1.8176839e+00  -1.6379422e+00
   7.4694753e-01  -5.9357557e-01
   1.2804770e+00  -9.3580533e-01
   1.5444321e+00  -2.4894248e+00
  -7.2978538e-01   7.5902623e-01
  -1.3824468e+00   1.4103959e+00
   5.0244449e-01  -6.1311231e-01
  -1.8026750e-01   4.3398764e-01
  -1.6185774e+00   1.4256546e+00
   5.7478823e-01  -7.2251783e-01
   1.3779895e-01   3.9325278e-02
   4.9532871e-01  -1.5194160e-01
  -1.8990094e-01  -1.9881785e-01
  -7.7292778e-01   8.2606838e-01
  -2.2739727e-01   6.6782717e-02
   5.2596158e-01  -4.5227584e-01
   1.8204065e+00  -1.3069815e+00
  -7.9555825e-01   6.1346349e-01
  -3.8419627e-01   4.1217025e-01
  -1.1717452e+00   1.1134279e+00
  -1.6452302e+00   2.5245801e+00
  -4.4121005e-01   3.9542125e-01
  -1.4771466e+00   1.4157143e+00
  -4.6737225e-02  -2.1022480e-01
   5.6524689e-01  -3.9696284e-01
   1.0587290e+00  -4.9188808e-01
   1.0267270e+00  -9.9162986e-01
  -8.9890314e-02  -3.1134694e-01
  -3.2519382e-01   5.4498074e-01
  -5.2301379e-01   1.6645643e-01
   5.0042767e-01  -1.4749559e-01
   2.6322415e-01  -3.5687776e-01
  -1.0561200e+00   6.8111891e-01
   7.6201612e-01  -7.2222552e-01
   1.0525831e-01   2.2715379e-01
   6.2628595e-01  -4.8145848e-01
   1.4535257e+00  -1.3918090e+00
  -2.8055298e-01   8.1319468e-02
  -9.0904407e-01   4.4264791e-01
   1.2065723e+00  -9.8791880e-01
  -1.0940568e+00   3.0681243e-01
   8.6239419e-01  -7.2370792e-01
  -6.8902946e-01   6.3721924e-01
  -7.5208047e-01   5.5524747e-01
  -9.8501661e-01   8.2227623e-01
  -2.4209922e-01   4.5268996e-01
   8.8054865e-02  -2.0860102e-01
   2.8023510e-02  -2.5611385e-01
  -6.0043889e-01   5.2361560e-01
  -2.7285337e-01   1.5242134e-01
  -1.6580318e+00   2.3878747e+00
  -3.0845214e-01   2.8112464e-01
   4.0010707e-01  -3.4358600e-01
  -2.1700540e-02   6.5187754e-02
  -1.4184765e+00   1.2405342e+00
  -8.3300132e-01   6.6867376e-01
  -2.2592577e-01  -1.5613348e-01
  -1.8620647e+00   1.7059272e+00
   1.0500335e+00  -1.1550591e+00
  -3.8141729e-01   2.5057163e-01
   8.5523012e-01  -7.9211330e-01
  -1.4085333e+00   2.6191897e+00
  -1.3781962e+00   1.6636301e+00
   1.1661265e+00  -8.6156572e-01
  -1.2785648e+00   1.6558961e+00
  -1.5239554e+00   1.3663219e+00
   1.1007638e+00  -5.9364408e-01
  -1.5370455e-01   6.4346615e-02
   7.2745966e-01  -4.5564507e-01
  -3.0017138e-01   2.2309488e-02
   1.9405042e+00  -1.6289332e+00
  -1.3042037e+00   2.3194164e+00
   1.1240060e+00  -7.7370102e-01
  -3.5093371e-01   2.6848136e-01
  -8.1937106e-01   8.2425019e-01
  -1.0308348e+00   1.1320858e+00
  -1.4249063e+00   1.2935645e+00
   9.3351813e-01  -1.1968798e+00
  -4.0645214e-01   1.6803519e-01
  -7.5720991e-01   3.9009225e-01
  -7.0034451e-02   1.6315137e-01
   1.6363806e-01  -5.6520974e-01
   6.3595699e-01  -5.2757544e-01
   3.4865850e-01  -2.6198985e-01
  -1.4384661e+00   1.3285868e+00
   1.6627466e+00  -1.4439190e+00
  -5.6943978e-01   2.7314226e-01
   2.6026680e-01  -2.3635327e-01
  -1.5956125e+00   1.2438656e+00
  -1.3685392e+00   1.4679800e+00
  -1.4832435e+00   1.0603289e+00
   6.7608274e-01  -8.3511001e-01
   1.5612228e-01   1.3361473e-01
   2.1488266e-01  -2.6964775e-02
  -3.6405926e-01   6.3434638e-01
   5.4224382e-02  -1.7698225e-01
  -4.8482382e-01   2.1427450e-01
   1.6999009e+00  -1.4152189e+00
   2.1717203e+00  -1.8794988e+00
   3.5186096e-01  -3.7446492e-01
  -4.9144467e-01   8.4607656e-02
   1.2444149e+00  -9.5667337e-01
   5.9082740e-01  -5.2340085e-01
   9.6354927e-01  -9.9730481e-01
  -3.7990181e-01   2.3761349e-01
  -5.4988714e-01   5.6732922e-01
   6.9815835e-01  -9.6111428e-01
  -2.2100270e-01   3.6429556e-01
   2.5983117e-01  -2.9738350e-01
  -3.4496003e-01   3.6305011e-01
   9.8216326e-01  -7.6698622e-01
   8.6494612e-02  -8.8073762e-02
  -9.4096544e-01   6.5697123e-01
   1.6294440e-01  -2.8661175e-01
   7.3698449e-01  -6.8458725e-01
  -1.1433868e+00   1.2545405e+00
   8.2111220e-01  -8.8331723e-01
  -1.1914011e+00   1.1393324e+00
  -7.2206876e-01   4.6748841e-01
  -2.6310553e-02   2.0015855e-01
  -4.9224474e-01   3.6749480e-01
  -9.2954649e-01   9.9307909e-01
   4.1135259e-01  -3.9615061e-01
   4.5053657e-01  -2.2701569e-01
  -3.8758948e-01   3.1463337e-01
   7.2261250e-01  -6.7191505e-01
   9.8961273e-01  -8.5342514e-01
  -1.2373046e+00   1.3518771e+00
  -1.6752423e+00   2.1191556e+00
  -3.0825225e-01   3.5193156e-01
  -1.0628306e+00   7.8180522e-01
  -1.6042981e+00   1.7322923e+00
   2.0795144e+00  -2.9806295e+00
  -8.7117987e-01   4.0043869e-01
  -9.6344653e-01   7.7930581e-01
   7.8327708e-01  -5.2653389e-01
  -1.3899135e+00   1.2779059e+00
  -1.3749685e+00   8.6495244e-01
   7.0204115e-01  -5.5531649e-01
  -1.1974945e+00   7.2778386e-01
  -1.5734654e+00   2.1785672e+00
  -4.2142526e-01   1.5675989e-01
   1.1785093e-01  -1.2791253e-01
  -5.5965550e-01   6.1844487e-01
  -1.3355845e+00   1.0535504e+00
   5.9520646e-02  -3.6686029e-01
  -5.0956158e-01   1.5581009e-01
  -3.4980082e-01   1.5134484e-01
  -9.3600318e-01   8.0242616e-01
  -1.3825315e+00   1.4744390e+00
  -1.3135573e+00   1.7233339e+00
   2.3150729e+00  -2.0998009e+00
  -4.7073539e-01   4.3537712e-01
  -6.3637431e-01   6.2470366e-01
  -8.9465473e-01   5.1519472e-01
  -1.7131001e+00   1.7986294e+00
  -1.5066049e+00   1.5020084e+00
   1.1672112e+00  -7.3008033e-01
   5.7263585e-01  -7.8261122e-01
   4.8472106e-01  -6.5270680e-01
   1.4044168e+00  -7.8080306e-01
   1.2934617e+00  -7.8086892e-01
   1.1082446e+00  -8.1456787e-01
   1.2461695e-01  -2.8439443e-01
  -3.7195692e-01   2.1628675e-01
   2.2830099e+00  -2.2437800e+00
  -7.8564011e-01   6.9402826e-01
  -6.9565837e-01   4.7838946e-01
  -1.5984054e+00   1.8469198e+00
   1.0283090e+00  -6.2396633e-01
   5.3347566e-01  -1.2157906e-01
   3.2180155e-01  -3.8931607e-01
  -6.3149687e-01   6.5164676e-01
   6.0770707e-01  -6.0446661e-01
  -1.9557429e-01   1.9670367e-01
  -5.8396063e-02   6.7441763e-02
  -1.3680097e+00   1.4551147e+00
   5.3318083e-01  -6.7001581e-01
  -1.5405275e+00   1.5960342e+00
   7.4766829e-01  -7.5244133e-01
   1.4895883e-01  -2.3798102e-01
  -1.1947742e-01   3.3778130e-01
   2.5020715e-01  -1.8490774e-01
  -5.5495787e-01   4.2926861e-01
   8.3864154e-01  -1.0030286e+00
   9.2852223e-01  -6.6871383e-01
  -1.2384282e+00   1.1618938e+00
  -1.0619401e+00   9.7104649e-01
  -4.7843209e-01   4.0341448e-01
  -7.1007994e-01   2.7904627e-01
   5.1400703e-02  -3.3803237e-01
   2.4391270e+00  -2.6901416e+00
  -1.2071232e+00   9.4413557e-01
  -1.1318982e+00   7.7338908e-01
   6.2268483e-01  -8.9507969e-01
   6.2165682e-01  -4.2411130e-01
  -6.5306594e-01   3.2912521e-01
   2.1425012e-01  -1.6246570e-01
   6.2192593e-01  -9.4184391e-01
   8.7771714e-01  -5.9404603e-01
   2.3785629e-01  -7.0565086e-02
  -4.8274105e-01   3.8047144e-01
  -1.7778049e+00   1.6419836e+00
   3.4320205e-01  -3.1510713e-01
  -9.7154023e-01   3.8500700e-01
  -5.0166771e-01   5.8431344e-01
   4.9179756e-02  -1.8130811e-01
  -3.6745035e-01   4.7962910e-01
  -2.2066539e-01   9.1988742e-02
   9.5695115e-01  -5.6603466e-01
   8.6294623e-01  -1.0201385e+00
  -7.8089510e-01   2.9763224e-01
  -4.3517176e-01   2.1855996e-01
   3.1031192e-01  -2.4570433e-01
   1.1725249e-02   8.0300307e-02
  -1.5219143e-01   1.5154166e-01
   8.0761810e-01  -5.3231598e-01
   1.1897499e+00  -1.1285741e+00
   4.2415946e-01  -3.4790539e-01
   1.8522078e+00  -1.7119736e+00
   1.4280631e+00  -1.2226362e+00
   1.7577581e+00  -1.4666615e+00
   2.4149012e-01  -4.2792583e-01
  -8.8767802e-01   7.3545707e-01
   8.6701584e-01  -5.5434602e-01
  -3.7401154e-01  -1.5149390e-01
   2.1052543e+00  -2.5852588e+00
  -1.4388078e+00   1.3391998e+00
  -3.8746484e-01   4.0893760e-01
  -8.1874384e-02   2.4571046e-01
  -7.4999947e-01   8.4799177e-01
  -3.1969738e-01  -1.4062916e-01
  -1.6162682e+00   1.2143249e+00
  -8.0028114e-01   9.6058115e-01
   4.7947483e-01  -5.7990299e-01
   1.1343666e+00  -6.3487551e-01
   1.0005725e+00  -6.7463120e-01
   9.4251405e-02  -7.0349492e-02
  -1.3103555e+00   9.5550612e-01
  -5.8947541e-01   7.5019498e-01
   1.3254211e+00  -1.2767293e+00
   5.2809597e-01  -4.7572922e-01
  -2.9436199e-01  -3.6134847e-02
  -7.7751116e-01   7.9760392e-01
   8.7917330e-01  -1.1299676e+00
   6.3818116e-01  -7.1623070e-01
  -1.3739631e+00   1.0983528e+00
  -1.3621377e+00   1.2914167e+00
  -1.6045482e-01   5.9336709e-01
  -1.7428847e+00   1.8155907e+00
  -9.4532774e-01   6.7879508e-01
  -4.3556194e-01   5.6059883e-01
  -1.7001753e+00   1.8613352e+00
  -1.0118423e+00   7.7016913e-01
   9.3645680e-03   1.3766426e-01
  -5.3419621e-01   3.2844877e-01
  -1.5051264e+00   1.0489770e+00
   1.7839543e+00  -1.7282447e+00
  -8.2865559e-01   5.4174868e-01
   1.5004157e+00  -1.2352655e+00
   2.6647380e-01  -6.4783106e-02
  -1.5101921e+00   1.8701645e+00
   1.5773700e+00  -1.1512097e+00
  -1.9608969e-01  -2.8300714e-01
   3.1362500e-02   2.2361643e-01
  -1.2710291e+00   1.1153921e+00
  -4.6430198e-01   6.4819557e-01
  -6.5061682e-01   8.6588199e-01
   9.1970326e-01  -1.1134862e+00
   2.1211576e+00  -1.6629390e+00
   4.5849338e-01  -1.5036831e-01
  -8.9202278e-01   6.4325829e-01
   5.0391486e-02  -4.4230392e-01
   3.6859521e-02   1.6920195e-01
  -1.5177437e+00   1.6009082e+00
   1.4934249e+00  -1.1355838e+00
   6.6240429e-02   5.5349540e-03
   6.5484933e-01  -2.9290895e-01
   3.2187699e-01  -8.9176948e-02
  -6.4765798e-02   2.8586559e-01
  -1.5541521e+00   2.3103576e+00
  -7.6131501e-01   5.1779444e-01
   6.4365204e-01  -8.7509524e-01
  -1.1683748e+00   1.0872417e+00
  -1.3732495e+00   1.6177615e+00
  -1.0285977e+00   8.0630152e-01
  -1.4015524e+00   2.6727601e+00
   9.2283093e-01  -5.2461561e-01
  -6.1333092e-01   1.2857305e-01
   6.1203303e-01  -3.1363840e-01
   8.0339522e-01  -4.6252114e-01
   7.3674995e-01  -9.7346487e-01
   1.8931878e+00  -1.9801545e+00
  -9.6962837e-03   1.3290206e-01
   5.8580753e-01  -2.2581028e-01
  -1.1490024e+00   9.3755046e-01
  -1.2947051e+00   1.5659979e+00
  -9.1720871e-01   1.0865010e+00
  -3.7129133e-01   3.0062131e-01
   1.7901009e+00  -1.4629555e+00
   2.4095217e+00  -1.9924278e+00
  -1.2801753e+00   9.6519628e-01
   1.1968777e+00  -1.2343408e+00
  -3.0650416e-01   2.4141086e-01
  -1.0651521e+00   1.1361044e+00
   2.3342361e+00  -2.6853660e+00
  -1.3291821e+00   1.4064034e+00
   1.8622975e-01  -2.4032122e-01
  -3.2349693e-01   1.7639408e-01
  -7.9693881e-01   8.3636236e-01
   3.9470639e-01  -2.8242363e-01
  -1.5187031e+00   1.5977400e+00
  -6.9951145e-01   3.9285645e-01
   6.4137750e-01  -3.2593416e-01
  -1.4279317e+00   1.4683328e+00
   1.1201679e+00  -1.1812856e+00
   3.4442379e-02  -8.7795040e-02
   3.8128115e-02  -6.8166362e-02
  -4.8613515e-01   4.7290629e-01
  -7.6654082e-01   6.2913491e-01
   3.6994749e-01  -2.9954481e-01
   3.6935783e-01  -4.3243857e-01
   4.1153625e-01  -8.1198714e-02
   1.3257998e+00  -1.3508628e+00
  -1.9420589e+00   1.6347064e+00
  -9.2811993e-01   8.3367963e-01
   1.9514728e+00  -1.4166202e+00
   5.6545630e-01  -5.0985513e-01
   1.7705388e-01  -3.0040710e-01
   1.0976049e+00  -1.3823587e+00
  -8.5460956e-01   9.1902228e-01
  -8.8317114e-02   1.6912084e-01
  -4.2577554e-01  -1.4229188e-01
   1.8932037e-01  -2.2341405e-03
  -7.0621409e-01   2.1858184e-01
  -1.2599291e+00   1.2999244e+00
  -1.2333599e-01   1.9122266e-01
   7.3498411e-01  -1.0170739e+00
   1.3706787e-01  -1.1437378e-01
   6.8611278e-02  -1.9383276e-01
   4.9000275e-02   4.7077748e-02
   1.2319560e-01  -1.8407800e-01
  -1.3867167e+00   2.5669377e+00
  -1.3809292e+00   2.1692673e+00
  -1.6890887e+00   1.6985255e+00
   1.9951633e+00  -1.6225438e+00
  -1.1322348e+00   1.1053486e+00
  -5.8991096e-01   6.9808199e-01
  -3.5802194e-01  -2.9268356e-02
   1.1216456e+00  -7.9078332e-01
  -1.3453973e+00   1.4513665e+00
  -3.0240268e-01   1.4324353e-01
   5.5187160e-01  -5.7607947e-02
   2.3874936e+00  -2.0760160e+00
   1.5888997e-01   4.8915545e-02
   4.8824437e-01  -3.0130412e-01
  -1.2759483e+00   1.1234225e+00
  -7.7033676e-01   4.1667467e-01
   4.5440915e-01  -6.9006942e-01
   4.2685026e-01  -5.3899584e-01
  -1.5549882e+00   2.1513649e+00
  -2.9246670e-01   1.8946234e-01
   1.3083529e+00  -1.1155333e+00
  -1.2326034e+00   1.4370547e+00
   5.2452880e-01  -4.8740362e-01
   5.4101328e-01  -6.2803440e-01
   7.5804063e-01  -4.5746718e-01
   2.2394378e+00  -2.1428940e+00
  -8.6398485e-01   7.8766415e-01
  -6.2229680e-01   2.9000484e-01
   8.0829231e-01  -6.6093075e-01
  -1.3509695e+00   1.3870262e+00
   8.6101327e-01  -5.9129702e-01
   1.1661874e+00  -1.1106043e+00
  -9.8450640e-01   4.5648329e-01
  -1.6945219e+00   1.7952136e+00
  -6.8416341e-01   8.0833141e-01
   2.3093972e-01  -1.0331223e-01
  -1.3865436e+00   1.5247452e+00
   2.1404928e+00  -2.6904048e+00
  -1.4331035e-01   2.3834524e-01
   4.1632276e-01  -2.5617543e-01
  -4.2973090e-02   1.7746706e-01
   1.0793863e+00  -6.5784811e-01
   7.4747934e-01  -9.5712543e-01
   1.2093575e-01  -5.4368458e-01
  -1.4222608e+00   1.2542973e+00
  -5.5591148e-01   4.8230051e-01
   1.2449449e+00  -7.6546657e-01
   2.8197186e-01  -4.3985339e-01
  -1.1012870e+00   7.5855527e-01
   2.2182860e+00  -2.1238308e+00
  -2.2418938e-02  -1.4333477e-01
  -1.6548231e+00   1.8544562e+00
   2.3763289e-01  -1.7825426e-01
   1.8632157e+00  -1.7218786e+00
  -2.3252543e-01  -4.3895798e-02
  -1.7179011e+00   1.9746261e+00
   9.1366765e-01  -1.0789081e+00
  -2.5808664e-01   2.2367396e-01
   5.8739189e-01  -3.6966830e-01
  -1.6321463e+00   2.0513907e+00
   9.4505447e-01  -8.4142392e-01
  -7.7810242e-01   4.0040539e-01
   1.2079089e+00  -1.3472183e+00
  -9.8136315e-01   9.7762652e-01
   1.5117172e+00  -1.4563904e+00
   1.4064474e+00  -2.2992156e+00
  -3.8180357e-01   1.0358586e-01
  -1.3220317e+00   1.4522919e+00
  -7.7049576e-01   3.9634808e-01
   4.7359707e-01  -2.6259909e-01
   2.3901396e-02  -4.0935948e-02
   1.6260307e-01  -5.3834803e-01
   1.0324253e+00  -8.6670298e-01
  -9.9088787e-01   8.6406661e-01
   4.6774676e-01  -4.7228668e-01
   5.1702517e-02  -2.0902813e-01
   8.2416445e-01  -5.5527800e-01
  -9.7867333e-01   1.0611260e+00
   2.1696891e-02  -3.5215147e-01
  -4.4927000e-01   2.2644020e-01
  -4.3159382e-01   3.5130060e-01
   1.0214711e+00  -1.1100928e+00
  -1.0538844e+00   1.3844657e+00
   4.5247508e-01  -5.2907241e-01
  -5.2052710e-01   3.8604939e-01
  -1.5574738e+00   1.9419080e+00
   2.0405866e+00  -2.3218430e+00
  -2.1600613e-01   8.8596169e-02
  -4.0705178e-01   6.7016133e-01
  -2.0736808e-01  -1.3865667e-01
   1.5950344e-01  -5.2045446e-01
  -1.4066847e+00   1.2198021e+00
  -1.0114273e+00   6.4568351e-01
  -1.6892087e+00   1.7902267e+00
  -2.7352015e-01   3.0785711e-01
   2.0081469e+00  -1.6691266e+00
  -3.0172362e-01   6.6826669e-01
   5.7950553e-01  -3.0410098e-01
  -8.4833696e-01   7.1192322e-01
  -1.0226217e-01   2.4268066e-01
  -4.1647786e-01   1.8973746e-01
   4.7367833e-01  -4.0681470e-01
  -1.2623891e+00   1.4677676e+00
  -6.8901392e-01   3.5339831e-01
   1.1554197e+00  -1.6364599e+00
   9.4686063e-01  -9.2643168e-01
  -1.5096514e-01   3.4114243e-01
  -2.4266834e-02  -2.8214834e-01
   1.9957224e+00  -1.8412560e+00
   4.9458405e-01  -3.2099637e-01
  -1.3129290e-01   2.2545823e-01
  -7.7217802e-01   6.2178023e-01
  -1.5352098e+00   1.3252009e+00
  -4.1120637e-01   4.6606488e-01
  -9.8910845e-01   8.3757851e-01
  -3.0236444e-01   1.8368042e-01
  -1.0419259e-01   8.3731974e-02
   2.0703224e+00  -2.1189491e+00
   3.6947625e-01  -3.6713101e-01
   8.7355574e-01  -5.2157899e-01
  -1.6208103e+00   1.3755999e+00
  -2.9628467e-01   2.1182432e-01
  -1.0482546e+00   1.0278672e+00
   6.6184790e-01  -3.7873535e-01
  -2.7895262e-01   3.8174185e-03
   1.6708428e+00  -1.4523468e+00
   6.1731646e-01  -2.7400827e-01
   2.0686446e+00  -2.7445270e+00
  -1.3994013e-01   3.0374831e-03
   2.7338039e-01   1.5840280e-02
   3.7782987e-01  -1.7742231e-01
   1.0152708e+00  -1.3341353e+00
  -8.8949404e-02   1.6220392e-01
   2.2897075e+00  -2.1084479e+00
   7.4301618e-01  -6.2626920e-01
   2.4608894e-02  -1.5694089e-01
   5.3421275e-01  -9.0454963e-01
  -1.0593037e+00   6.3412501e-01
   5.5825102e-01  -4.4903962e-01
   6.2776733e-01  -3.5583933e-01
   1.4720039e+00  -1.2595435e+00
   8.9635796e-01  -6.2935923e-01
   1.9990655e+00  -2.2894210e+00
  -4.9756762e-03  -9.5204752e-02
   2.6963874e-01  -1.5087151e-01
   2.0681422e-01  -2.8915019e-01
   1.8565074e+00  -1.8067226e+00
   6.4542893e-01  -9.2275989e-01
  -1.7420403e+00   2.1486456e+00
   1.6350844e-01  -9.9627478e-02
  -7.7439503e-01   5.8925910e-01
  -1.1465451e+00   7.8527129e-01
   1.9515881e+00  -2.1516500e+00
  -1.3214422e+00   1.1148429e+00
   7.5403438e-01  -6.3010119e-01
   5.1592586e-01  -5.9269525e-01
   7.0134526e-01  -8.3506451e-01
   1.4445010e-01   1.3804654e-01
  -1.1033053e+00   9.7553867e-01
  -2.8707140e-01   3.9449890e-01
  -1.3240375e+00   1.5480966e+00
  -7.5663238e-01   7.2338203e-01
  -1.3398319e-01   7.0317208e-02
   4.5480406e-02  -2.8159104e-02
   6.8629048e-01  -6.2748550e-01
  -1.8037696e+00   2.4148620e+00
  -1.1982633e+00   1.1346944e+00
  -2.6332512e-01   4.1317124e-01
  -7.7394521e-01   6.6839698e-01
  -1.3777796e+00   1.6998893e+00
  -1.9614156e-01  -3.7963481e-01
   1.2122974e+00  -1.0867254e+00
   1.3112789e+00  -1.0020432e+00
  -1.0072551e+00   9.9856598e-01
   5.6795837e-01  -6.9167790e-01
   7.9361911e-02  -1.1962225e-01
  -4.5623785e-01   3.7794371e-01
  -1.0831374e+00   1.1604603e+00
   1.7968177e-01  -4.6027182e-01
  -1.0876165e+00   1.0054676e+00
  -4.0791014e-01   4.9781592e-01
   1.7453843e+00  -1.0475481e+00
   7.9966362e-01  -5.4883098e-01
  -2.2984199e-01   1.4104796e-01
   9.0703583e-01  -8.9347890e-01
  -1.4114528e+00   1.3895267e+00
  -9.5961045e-01   5.2305597e-01
  -7.3637947e-02  -1.7320757e-01
   1.0556288e+00  -9.5255828e-01
  -6.9985910e-01   1.5426505e-01
   1.2597846e+00  -1.0812770e+00
  -5.4774192e-02  -2.1828365e-01
   1.5524967e+00  -1.1492460e+00
  -1.2679057e+00   1.5186235e+00
   1.4280691e+00  -1.0026443e+00
   1.8567833e-01  -4.2043187e-02
  -1.0180686e+00   5.3470497e-01
  -1.6536364e+00   1.9905245e+00
   1.1444461e+00  -1.2339333e+00
  -1.5395647e+00   1.6912278e+00
  -1.2447996e+00   1.2794885e+00
   2.8099208e-01  -7.3270525e-01
  -1.4111103e+00   9.9940982e-01
   8.6879598e-01  -9.7461146e-01
   4.7482145e-01  -4.8127620e-01
   4.3264698e-02  -3.8711107e-02
  -9.1297538e-01   8.7354787e-01
   1.0526339e+00  -7.5352544e-01
  -3.3083109e-01   3.2040433e-01
   2.7186154e-02   1.8946993e-02
   2.6011337e-02   2.2280391e-01
  -1.3041275e+00   1.1994709e+00
   6.5591942e-01  -4.5462003e-01
  -9.5878344e-01   8.0965116e-01
   1.1528022e+00  -1.2864524e+00
  -9.1722636e-01   8.9436155e-01
  -6.3371189e-01   6.7569323e-01
  -1.5726941e+00   1.5216329e+00
  -6.3470974e-01   4.6127889e-01
  -8.3803625e-01   8.0925048e-01
   4.3096997e-01  -3.6698357e-01
   9.0176719e-01  -6.4317567e-01
  -1.3660832e+00   1.1797724e+00
   5.5789790e-01  -5.0784756e-01
  -1.5788729e+00   1.5301127e+00
   7.3675613e-02  -1.8586027e-01
   2.1124150e-01  -3.2488502e-01
  -5.2421755e-02  -3.1590694e-01
  -6.4196552e-01   6.5303218e-01
  -2.2842240e-02   8.3083400e-02
  -4.1350420e-01   3.3969521e-01
  -1.0697652e+00   1.1483600e+00
   1.6110609e-01  -1.5451589e-02
  -6.3288248e-01   6.0319042e-01
  -8.0611441e-01   6.2581049e-01
  -6.4941650e-01   5.0040754e-01
   6.6331346e-01  -6.9843346e-01
   1.8155597e+00  -1.8878903e+00
   1.4168138e+00  -1.5521666e+00
   1.5386974e+00  -1.6377274e+00
   2.5572229e-01  -1.1482384e-01
   4.9891783e-01  -3.0332799e-01
  -7.5830651e-01   6.1800317e-01
  -4.6919876e-02   1.1141677e-01
   4.9251315e-01  -5.2785459e-01
   7.4811095e-01  -5.3898414e-01
   6.5634172e-01  -5.7982823e-01
  -1.0641563e+00   7.7623794e-01
  -9.5038349e-01   4.4816714e-01
  -1.5271669e+00   1.1085399e+00
  -8.7582123e-01   6.3042951e-01
   5.4721090e-01  -1.4333893e-01
   9.3251844e-01  -6.9612850e-01
   1.4705329e+00  -1.1257140e+00
  -2.9218755e-01  -2.1831719e-01
  -5.5167991e-01   6.1580458e-01
  -9.6302547e-01   7.5651244e-01
  -9.0065719e-01   7.1061201e-01
   4.0500400e-02  -5.9393118e-02
   1.1490689e+00  -7.9426272e-01
  -5.2027281e-01   1.4457793e-01
  -8.7875044e-01   6.1495903e-01
   1.1477582e+00  -9.0014673e-01
  -3.5772938e-02   3.1466277e-01
  -1.5935198e+00   2.3098494e+00
   4.7509038e-01  -3.8418661e-01
  -1.0696371e+00   9.0945140e-01
  -4.1631274e-01   2.1785870e-01
   1.9427360e+00  -2.5387115e+00
   1.2738536e+00  -1.1786734e+00
   6.1503484e-01  -4.7947574e-01
   5.2507362e-01  -2.4580764e-01
   2.0866711e+00  -2.3454804e+00
   1.7611073e-01  -3.5632975e-01
   4.9929322e-01  -3.7864025e-01
   3.3065443e-01  -1.4298784e-01
  -1.3083251e+00   1.2820315e+00
  -2.7480836e-02  -1.6471471e-01
   5.3291813e-01  -6.7471125e-01
   1.6197993e+00  -1.3677338e+00
   1.3434296e+00  -1.7138081e+00
  -5.0318849e-01   4.8931865e-01
   5.3022401e-01  -4.6781575e-02
  -1.1523874e+00   9.0073979e-01
  -1.1998040e+00   1.1621230e+00
   8.7978979e-01  -7.9795477e-01
   8.5800168e-01  -1.4306456e+00
  -2.8257937e-01   6.3532134e-02
  -7.3445278e-01   3.3164194e-01
   2.1179421e-01  -1.9781569e-01
  -1.4096212e+00   9.2337947e-01
  -1.0887927e+00   2.8515802e+00
  -8.2816896e-01   6.7493112e-01
   1.3603185e+00  -1.4631248e+00
   6.8008715e-01  -6.6785251e-01
   5.9454180e-01  -6.1399334e-01
  -9.0375943e-01   8.9445308e-01
   7.5858949e-01  -5.3762986e-01
  -1.4768645e+00   1.5402217e+00
  -1.3339157e+00   1.7851025e+00
  -1.3806924e+00   1.0692888e+00
  -5.5102968e-01   5.3579653e-01
  -2.8351878e-01  -1.5915103e-01
  -3.6895679e-02   2.8654883e-01
   9.6056850e-01  -6.1963612e-01
   1.9261244e+00  -1.7556256e+00
  -5.8183150e-01   5.4492110e-01
   8.3304050e-01  -6.0217193e-01
  -2.9378128e-01   2.8492789e-01
  -6.4072235e-01   4.1156074e-01
   1.2084579e+00  -8.4677999e-01
  -4.4598429e-01   2.6930805e-01
   4.0123830e-01  -5.4311064e-01
  -9.8217957e-01   8.6296832e-01
  -8.1601956e-01   9.3170315e-01
   1.6563242e+00  -1.3900912e+00
  -4.5412533e-01   5.7936375e-01
  -1.2823363e+00   7.6618009e-01
   1.4436470e+00  -1.0716896e+00
  -1.7322493e+00   2.4137188e+00
   2.5894061e-01  -1.7604577e-01
  -1.4320976e-01   3.5612048e-01
  -1.7358597e+00   1.9387856e+00
   9.4206263e-01  -8.8386084e-01
   1.2913830e+00  -9.9792831e-01
   6.4314179e-03   1.2970071e-01
  -1.2985824e+00   1.4632351e+00
   1.9222406e-01   6.2367283e-02
   1.4125812e+00  -1.0688150e+00
  -4.3909691e-01   6.1395305e-01
   1.7692269e-01   6.3653573e-03
   1.1902007e+00  -7.9713257e-01
   4.3146964e-01  -3.3904203e-01
   1.3832981e+00  -1.2698134e+00
  -1.4696016e+00   1.4353969e+00
   8.4354319e-02  -1.1652089e-01
   1.2642462e-01  -1.1031846e-01
  -1.1266724e+00   8.6308183e-01
  -1.5549049e+00   2.3300839e+00
  -1.7184239e+00   1.6628658e+00
  -1.1900892e-01   4.6949939e-03
  -6.2337576e-01   4.2084481e-01
   1.5711820e+00  -1.1987275e+00
  -8.5124998e-01   7.2163019e-01
  -1.5120220e-01  -2.5595770e-02
   8.6554325e-02  -5.9486656e-02
   2.2122581e+00  -1.9512969e+00
  -1.5345072e+00   1.7866744e+00
   9.3055822e-01  -9.6467625e-01
  -1.1105786e+00   9.8603268e-01
  -6.8650169e-01   6.5058034e-01
   5.0034690e-01  -5.5763130e-01
   7.7614357e-02  -4.0254538e-02
   3.7179654e-01  -2.2139450e-01
   6.3090329e-01  -5.0504532e-01
  -8.3491693e-01   5.0874338e-01
  -1.0540304e+00   1.0214070e+00
   1.4685535e+00  -1.1179575e+00
  -1.0917134e+00   1.2586813e+00
   7.6850535e-02  -2.1432792e-01
   2.1068186e+00  -2.2767088e+00
  -2.3644782e-02  -5.6913357e-02
   3.4857544e-01  -1.4137840e-01
  -1.5985467e+00   1.6492924e+00
   1.5708471e+00  -1.1577593e+00
   7.8201265e-01  -8.2048144e-01
   6.6131066e-01  -5.2485338e-01
   1.1056790e+00  -6.7879843e-01
  -1.1913793e+00   9.7129114e-01
   9.9999228e-01  -6.6325775e-01
   1.7195582e+00  -1.0491856e+00
   8.4160662e-01  -1.0333511e+00
  -1.3510832e+00   1.4757192e+00
   1.1144815e+00  -1.1728821e+00
   1.6707022e+00  -1.2188390e+00
   1.2184785e+00  -9.2501111e-01
   1.7829994e+00  -2.1245279e+00
   8.2291071e-02  -2.7316486e-01
  -1.9129696e-01   4.2785456e-02
   8.8891300e-01  -6.0055642e-01
   1.3799149e-01  -6.6256731e-02
  -1.0976145e+00   9.9532945e-01
   1.7103121e+00  -1.9540004e+00
  -8.8732763e-01   8.6094344e-01
   2.1143006e+00  -1.8026514e+00
   9.3741619e-01  -8.2539545e-01
   4.2149257e-01  -4.4720295e-01
   1.0213586e+00  -9.6397969e-01
  -1.3122067e+00   9.0889070e-01
   5.2430298e-01  -4.1716377e-01
  -4.9138522e-02   5.1697714e-02
  -2.8345278e-01   2.6063760e-01
   2.9392294e-01  -6.6811732e-01
  -4.9762179e-01   5.0613993e-01
   1.5705182e+00  -9.3113507e-01
   2.9926291e-01  -4.3506642e-01
   1.1310007e-01   9.8796018e-03
   2.2154877e+00  -1.7269713e+00
  -5.2683913e-02   1.5797879e-01
   2.2306036e+00  -2.2405004e+00
   2.5861665e-01  -1.1797282e-01
  -6.0161546e-01   5.1468664e-01
  -2.2351576e-01   1.2715600e-01
  -1.5312761e+00   2.5007174e+00
  -5.0859324e-01   3.5448775e-01
  -5.4344267e-02  -4.2443328e-02
  -5.9312926e-01  -5.4028781e-02
   2.2687974e-01  -1.1795502e-01
  -8.8318961e-01   7.5901075e-01
  -1.4029075e+00   1.7260409e+00
   3.9177244e-02  -3.4280427e-01
  -1.5092412e+00   2.8156591e+00
   7.1928524e-01  -6.0852002e-01
   8.0035986e-01  -7.6199711e-01
  -1.3290898e+00   1.2701029e+00
   1.4427075e+00  -1.2155833e+00
  -1.4554167e+00   1.2912118e+00
   1.3991581e+00  -9.9090899e-01
   3.3673656e-01  -2.5175272e-01
  -2.6440953e-01   5.3288828e-01
   9.8234932e-02  -8.6113503e-02
  -1.6964729e+00   1.2602747e+00
   6.3042716e-01  -7.6692933e-01
  -7.0342056e-01   2.5246753e-01
   2.0060320e+00  -2.4848150e+00
  -1.2395234e-01  -1.0619345e-02
  -8.4316067e-02   4.4200496e-02
   9.1675989e-01  -8.5244768e-01
   3.7770512e-01  -5.4638453e-01
   3.5089074e-02  -2.0854218e-01
  -3.5696309e-01   6.2608758e-02
   4.0271581e-01  -4.8818838e-01
  -6.9929124e-01   8.1751993e-01
   1.2619232e+00  -9.3518277e-01
   9.1097546e-01  -7.4045451e-01
  -5.5605050e-01   5.0841285e-01
  -7.1339156e-01   7.4184900e-01
  -2.8124324e-02   1.9765356e-02
  -2.2786118e-01   3.3084798e-01
  -1.2040772e+00   7.2903462e-01
   3.7546567e-01  -7.7586891e-01
   3.4608235e-02  -6.2296541e-02
  -3.9591071e-01   4.1205335e-01
   1.8498607e+00  -2.3387636e+00
   8.4120811e-01  -1.1349803e+00
   1.8186555e+00  -2.2451160e+00
  -8.4970790e-01   7.1308999e-01
  -1.3332384e+00   1.1093785e+00
   1.4824229e+00  -1.2643259e+00
   7.6244604e-01  -5.2617427e-01
  -1.9240101e-01   2.3775918e-01
   1.2828399e+00  -1.4157260e+00
   1.2599332e+00  -1.0832313e+00
   1.4957347e+00  -1.4525506e+00
   1.8449616e+00  -1.7549425e+00
  -1.3521567e+00   1.3181315e+00
   1.3743125e+00  -1.1323454e+00
   9.9476078e-01  -8.9245850e-01
   1.8691815e+00  -1.6908668e+00
   1.0203618e+00  -7.7776212e-01
  -4.4659211e-01  -1.0909991e-01
  -1.3743498e+00   1.2658089e+00
  -1.4071100e-01   9.3918555e-02
  -1.0078837e+00   7.5522217e-01
   1.3949250e+00  -1.2894831e+00
  -2.6762437e-01   1.7775533e-01
  -2.8481169e-02   3.4664784e-01
   1.7101187e+00  -1.2459660e+00
  -1.3977509e-01   2.0429106e-01
  -8.9361388e-01   5.6882067e-01
   1.6620337e+00  -1.4765101e+00
   1.5397993e+00  -1.8540037e+00
   1.0120084e+00  -7.8512367e-01
   1.2389576e+00  -1.0749097e+00
  -1.3458708e+00   1.3631903e+00
  -1.2878643e+00   7.9321890e-01
   1.3894501e+00  -9.9933837e-01
   7.1147157e-01  -7.9511668e-01
  -4.9633976e-01   3.9913296e-01
  -4.6302514e-01   2.4386530e-01
   8.8413135e-01  -7.5603397e-01
  -1.5054935e+00   1.3586179e+00
   1.9380378e+00  -1.6459222e+00
   1.1621525e+00  -1.0364334e+00
   3.9650279e-01  -1.5901557e-01
  -4.8872681e-01   1.6862400e-01
  -5.9410834e-01   1.5122057e-01
   8.0597713e-01  -5.1709501e-01
  -4.0060246e-01   3.8178084e-01
   4.8624427e-01  -4.7169876e-01
   5.9985704e-01  -8.8382866e-01
   3.0285773e-01  -3.6326833e-01
   6.7531728e-01  -6.8681220e-01
  -4.2476692e-02  -1.6095637e-01
  -1.4008731e-02   2.1063861e-01
  -1.6383801e+00   1.3872030e+00
  -8.2489027e-01   6.4196859e-01
   6.0880464e-01  -8.6605466e-01
  -1.5426535e+00   1.7946920e+00
  -1.2476121e+00   2.9853263e+00
  -1.3428051e+00   1.1693387e+00
   2.2642824e-01  -1.5279976e-02
   2.1692188e-01   2.3662619e-04
   4.0029522e-01  -5.1617860e-01
  -5.6684204e-01   1.4287724e-01
  -1.3826442e+00   1.6843712e+00
  -1.6304396e-01   1.0339135e-01
   1.7031044e+00  -1.2546117e+00
   1.0294325e+00  -1.2811525e+00
   7.7853016e-01  -7.4182194e-01
   1.5563408e+00  -1.6735230e+00
  -2.0935884e-01   1.9480272e-01
   1.2524437e+00  -1.0237938e+00
   9.2299321e-01  -5.7958995e-01
  -4.1491192e-01   2.7266652e-01
  -9.4387496e-02  -1.9606100e-01
  -8.0895902e-01   5.5283524e-01
  -8.6992352e-02  -1.4044246e-01
   1.1548990e+00  -1.1608997e+00
   1.2829884e+00  -1.2748425e+00
   1.2439865e+00  -7.7176669e-01
  -1.6957639e-01   1.8302542e-01
   1.2455713e-01   1.1662308e-02
  -7.7127885e-02  -8.6106654e-02
   1.8987746e+00  -1.3164164e+00
   1.1897130e+00  -7.1313174e-01
  -4.1513620e-01   7.5073617e-02
  -1.4295331e-01   3.0745161e-01
  -1.6769073e+00   1.6724198e+00
  -1.3366177e+00   1.2194425e+00
  -1.3934844e+00   1.1716100e+00
   2.8528572e-01  -3.1465222e-01
  -7.6982425e-01   5.1623318e-01
  -3.4525445e-01   2.3215429e-01
  -4.7259248e-01   3.6147078e-01
  -4.1894335e-01   2.4804171e-01
   1.4117081e+00  -9.6661764e-01
  -6.2827583e-01   4.5676628e-01
  -2.2165281e-01   2.0179103e-01
   7.5330560e-01  -7.2538617e-01
   4.7906293e-01  -2.0306955e-01
   3.7042386e-01  -5.5204886e-01
  -3.1898067e-01   2.1773102e-02
   2.0647745e-01   3.4366927e-02
   8.8544590e-01  -4.5210089e-01
  -1.2513709e+00   1.0881389e+00
   1.3359463e+00  -1.2803414e+00
  -5.7525052e-01   5.3228211e-01
  -7.9797247e-01   7.7856202e-01
  -7.9655209e-02   1.2895471e-01
   3.5856706e-01  -2.6300686e-01
   2.1247684e+00  -1.6966634e+00
  -7.6180911e-01   2.8304893e-01
  -3.0416045e-01   3.6996955e-01
   6.0449108e-01  -2.9609321e-01
   8.4230160e-01  -9.0964636e-01
   9.8032186e-01  -9.5598129e-01
   4.4518851e-01  -2.6697762e-01
   1.2358836e+00  -1.0396312e+00
  -1.7758638e+00   1.2508816e+00
   2.1282338e-01   4.8360812e-02
   1.8767508e+00  -1.6801322e+00
   1.6788661e+00  -1.3765862e+00
  -1.2999220e+00   1.5394548e+00
   9.9584633e-01  -6.1896839e-01
   2.1113849e-01  -2.1934768e-01
  -1.2123944e+00   1.4367261e+00
  -2.4023636e-01  -5.4274640e-03
  -1.3381692e+00   1.1170825e+00
  -1.3249223e+00   9.7758067e-01
   1.6484542e+00  -1.5593309e+00
  -7.0013928e-01   7.9339026e-01
  -7.3135963e-01   6.6404537e-01
  -1.6067416e+00   1.3122255e+00
   2.3234153e+00  -2.3467882e+00
   4.6775396e-01  -6.0047734e-01
   6.1193250e-01  -8.3874406e-01
  -6.2016711e-01   7.0905354e-01
  -1.7007492e-01  -3.3978404e-01
  -1.2302787e+00   1.0293071e+00
   2.2509625e+00  -2.1986881e+00
   4.6237619e-01  -2.8732579e-01
  -1.6113606e+00   1.6842150e+00
   1.1073985e+00  -8.3331500e-01
   4.2272491e-01  -5.2947443e-01
  -1.2180057e+00   6.7248584e-01
  -7.7393706e-01   5.7524607e-01
  -1.3447587e+00   1.5243784e+00
