   4.4049952e-01   2.2723896e-01
   1.0794334e-01  -4.0801848e-02
   9.8773880e-01  -2.6704375e-01
  -9.4149503e-02  -4.6599854e-02
   1.1271940e+00   8.0504073e-01
   1.1333641e-01  -5.5360682e-01
   4.2606464e-01   5.1595362e-01
   7.1851650e-01   9.0779920e-01
   5.4185245e-01   9.2381944e-01
  -1.8661195e+00  -3.6485760e-01
  -2.1222571e+00  -1.8359668e+00
  -1.4227262e+00  -1.6213682e+00
  -1.1222206e+00  -7.5651297e-01
  -1.0213541e+00  -2.7121373e-01
   1.2274614e+00   1.1829023e+00
   6.2208972e-01   5.7255636e-01
  -8.6775708e-01   2.1203701e-02
  -5.0701475e-01   3.3077569e-01
   7.9247580e-01   1.2731831e+00
   1.0382119e-01   4.1618819e-01
  -5.8546271e-01  -9.7806850e-01
  -7.5742066e-01  -1.3396670e-02
   5.8303061e-01   6.4200360e-01
  -1.6191068e-03   4.4552769e-01
   1.2091837e+00   2.1884415e-01
  -9.8283330e-01  -2.2929252e-01
   4.2727909e-02  -7.7745063e-02
  -6.0640888e-01  -9.3467217e-01
   3.3289764e+00   1.2432846e+00
   1.6637324e+00   1.6092654e+00
  -2.7528716e+00  -2.4923633e+00
  -7.5872091e-01  -6.1497445e-01
  -6.6517633e-01  -7.5720796e-01
   1.0190672e+00   9.1313085e-01
  -4.8643540e-02   5.9422085e-01
   9.2227815e-01   5.0639206e-01
   2.2302830e+00   1.3334974e+00
   4.3265388e-01   5.8074703e-01
  -2.7398666e+00  -2.7544918e+00
  -9.6203230e-01  -1.9289265e-02
  -1.0105162e-01  -1.5868325e-01
   3.1246995e-01   3.8278071e-01
  -2.4770794e-01   1.2586145e-01
  -1.4090614e-01  -5.0869605e-01
  -4.5817834e-01  -6.2161371e-01
   4.7095072e-01   2.9105645e-01
  -1.7636959e+00  -2.9366348e+00
  -2.4534692e-02  -6.2295669e-02
   1.0270263e+00   6.0002370e-01
  -5.0444397e-01  -3.9983183e-01
   2.6416412e-01   1.3945036e-01
   6.5466480e-01   6.3616544e-01
  -2.6056419e-01  -1.7695267e-01
  -7.3593975e-01  -6.4691356e-01
  -1.7729376e+00  -1.4696034e+00
  -5.5669573e-01  -1.9896281e-01
  -7.8039349e-02  -1.7106623e-01
  -5.3690342e-01  -2.0062417e-01
  -1.2592303e+00  -1.5082339e+00
   2.0090298e+00   2.4228453e+00
   8.1499018e-01   4.8920290e-01
   2.0497433e-01  -1.9047575e-01
  -1.3023046e+00  -1.0434454e+00
  -5.5653740e-01  -7.7757481e-01
   1.1786101e+00   1.1281699e+00
  -7.5680736e-01  -9.0673708e-01
  -7.7937340e-01  -6.0297139e-01
   4.5205822e-01  -2.5291379e-01
  -7.1345273e-01  -5.5252302e-01
   1.8577924e-01   2.9011085e-01
  -1.4206826e+00  -1.6889712e+00
   1.5625941e+00   1.6259016e+00
  -4.8905454e-01  -1.0384815e+00
   4.7368842e-01   2.6648964e-01
  -2.7505895e-01  -1.2553255e-01
  -8.5880877e-01  -7.0764072e-01
  -1.1548677e-01  -1.2884613e+00
   1.7290492e+00   1.9959151e+00
   1.3872975e-01   3.3065712e-01
  -6.0652760e-01  -1.1205432e+00
  -6.8602007e-01   9.9304456e-03
  -5.3696384e-01  -3.2974798e-01
  -1.0990058e+00  -1.0682075e+00
  -1.6491261e+00  -7.9028945e-01
   4.6521351e-01  -6.6225201e-01
   1.4255238e-01   2.4612570e-02
   6.4662354e-01  -9.4236838e-02
  -1.7979706e-01  -3.3684823e-01
  -2.4297365e-01   7.3034564e-01
   5.1031918e-02   2.7615732e-01
  -2.0723509e+00  -2.0559916e+00
  -1.8025170e+00  -1.7634473e+00
  -6.4671071e-01  -1.0352407e+00
  -5.3128642e-01  -4.7789661e-01
  -1.3126393e+00  -7.1730187e-01
  -1.3747674e+00  -1.1809122e+00
   3.1328624e-01   1.4807293e+00
   6.2049537e-01   1.2814292e+00
   8.8484309e-01   1.1024165e+00
  -2.9757500e-01  -5.2989954e-01
  -7.1876107e-02  -1.0249813e+00
  -6.3452604e-01  -1.4006895e+00
  -3.4413181e+00  -2.7127461e+00
  -2.0888047e+00  -1.5795436e+00
   4.0993678e-01  -5.3835944e-01
  -1.9165982e+00  -1.7746723e+00
   1.8081623e+00   2.5454024e+00
   2.9904489e-01   5.0064354e-01
  -9.5953126e-01  -1.0431239e+00
   4.7246090e-01   4.6778234e-01
  -1.6179873e+00  -1.9531219e+00
   5.3119705e-01   5.0160759e-01
   4.4392517e-01   1.2122438e+00
  -1.2063030e+00  -1.1841679e+00
  -4.3711038e-01   1.4946180e-01
  -5.6449502e-01  -1.2363194e+00
   8.9056105e-02  -3.1658104e-01
  -1.0616070e+00  -9.3619180e-01
   3.0825793e-01   4.7613678e-02
  -3.5710283e-01  -1.0953071e-01
  -1.0490356e+00   2.0959390e-01
   9.7447556e-02  -6.5423993e-02
  -4.9050116e-01  -3.8548119e-02
   6.4481381e-01  -4.6371140e-02
   8.7704781e-01   4.4496018e-01
   4.5123006e-01   2.6586086e-01
  -1.0278345e+00  -4.8481463e-01
  -1.2208921e+00  -1.0470951e+00
   1.2806009e-01   1.2396093e+00
   1.1260420e+00   6.3044190e-01
  -1.7005870e-01   5.9339163e-01
   4.2280150e-01   3.0448935e-01
  -1.0889642e+00  -5.2239231e-01
   1.0507742e+00   1.1258433e+00
  -8.2397294e-01  -1.6054290e-01
   7.2313025e-01   1.0752992e+00
   2.8593179e-01   6.4310612e-01
  -1.4060664e-01   5.7038726e-01
   2.0789482e+00   1.7678558e+00
   2.2919129e-01  -2.2858578e-01
   4.7123214e-01   3.6644524e-01
   1.3177408e+00   1.1660466e+00
  -3.3725786e-01  -5.0462442e-01
   1.2941371e+00   1.1202836e+00
  -8.5501970e-01  -1.2566016e+00
  -7.7552221e-01  -3.5471159e-01
   7.9054842e-01   8.6582552e-01
   1.3100240e+00   1.3647979e+00
   7.5469237e-01   6.5869650e-01
   9.9536233e-01   9.8973417e-02
  -8.9742441e-02  -4.8648262e-01
   9.5822231e-01   6.8249758e-01
   1.4227767e+00   1.5175232e+00
  -6.2105581e-03  -3.2303506e-01
  -3.3972123e-01   2.4808817e-02
  -2.0565360e+00  -1.3110592e+00
   5.7691166e-01   8.3506670e-01
   1.3155659e+00   8.9066490e-01
   1.5319144e+00   1.9072686e+00
   4.6520342e-01   4.9394101e-01
   9.5915953e-01   1.7043715e+00
  -4.6711222e-01  -7.9660646e-01
  -3.5673030e-01   2.1034717e-02
   1.0579707e+00   8.7059890e-01
  -4.4028784e-01   8.3184483e-02
   2.0958067e+00   2.3425808e+00
   6.6892592e-02   3.2699045e-01
   5.3008851e-01   1.6604675e+00
  -4.6922927e-02  -5.4133432e-01
   1.7729412e+00   1.3430194e+00
   1.2333999e+00   1.0033558e+00
   1.1093296e+00   8.4274368e-01
  -3.9649403e-01  -6.8339598e-01
   6.0560166e-01   9.6420531e-01
   2.9638967e-01  -4.5146911e-02
   2.6615498e-01   1.2209612e+00
  -1.0262823e+00  -1.5410702e+00
   2.0417768e+00   2.3515322e+00
   6.0393866e-01   1.2106675e+00
   1.0419945e+00   1.3908657e+00
   1.2002030e+00   5.3891098e-01
   6.0264392e-01   5.3905360e-01
  -3.7665179e-01   1.9432222e-01
   2.4546648e+00   2.6433095e+00
  -2.1573810e+00  -1.8749874e+00
   9.6403971e-01   9.0180064e-01
  -8.9254533e-01  -6.2467592e-01
   1.6502486e+00   1.4521541e+00
  -1.1729292e+00  -1.7030807e+00
  -8.9575946e-01  -9.2911004e-01
   5.2078441e-01   1.1417400e+00
   1.5865642e+00   3.5236553e-01
  -2.4283310e-01   1.2624411e-01
   1.4237912e-01   1.0646341e+00
  -1.1283923e+00  -1.4017115e+00
  -1.2037751e-02  -7.4376568e-01
   1.5498019e+00   1.4752026e+00
   5.8258395e-01   1.0087505e+00
   1.1501744e+00   2.5231862e-01
  -5.9044857e-01  -7.0759632e-01
  -1.6116808e+00  -1.2471217e+00
   9.2168011e-01   1.0354824e+00
   2.7752287e-01  -6.4584146e-01
  -1.2469060e-01   7.4796621e-01
  -4.8498452e-01  -1.0656692e+00
  -1.4291979e+00  -2.4483623e+00
   1.2824251e+00   8.0478144e-01
   7.4224714e-01   7.4967750e-02
  -8.5363295e-01  -8.8114864e-01
  -1.4729292e-01  -8.4660849e-03
  -1.1188082e-01   5.4805860e-01
  -6.8574358e-01  -1.1469175e+00
  -1.1388886e-01  -7.9506474e-01
  -1.1127459e+00  -1.3107747e+00
   6.6212594e-01   8.4529533e-01
  -1.7075993e+00  -1.7718528e+00
  -3.3666381e-01  -1.1014119e-01
  -1.5665121e+00  -2.1631043e+00
  -2.0910546e+00  -2.0964186e+00
   4.0126746e-01   2.8459845e-01
   6.2659485e-01   1.4417231e+00
   1.1680216e-01   4.1048088e-01
  -4.8608124e-01  -6.7989614e-01
   3.6699814e-01   1.4150656e-01
  -1.3480452e+00  -1.1154524e+00
  -3.0898973e+00  -3.6003275e+00
  -1.6951215e+00  -2.2674418e+00
  -3.8504901e-01  -1.3580525e-01
   8.8365787e-01   2.2187520e+00
   3.3879795e-02  -3.9938388e-01
   4.0368479e-01   9.3565412e-01
  -1.1716042e+00  -1.6429868e+00
   7.5791012e-01   8.2703138e-01
  -3.5243118e-01  -1.5308257e-01
   5.5074498e-01   6.4835624e-01
   2.9755265e-01   2.9880098e-02
   1.4889746e+00   1.0665999e+00
   1.0622034e+00   1.6008733e+00
   1.5788139e+00   8.5636075e-01
  -1.7850059e-01  -6.2786317e-01
  -1.4375386e+00  -2.0776107e+00
   1.4275004e+00   1.1658960e+00
  -9.1724907e-01   2.6182334e-01
  -1.1704159e+00  -1.4248073e+00
   6.8143505e-01   8.9449615e-01
   1.1168315e+00   9.8988711e-01
  -6.8076147e-01  -5.7784293e-01
   1.7950248e+00   2.8314243e+00
   8.9889926e-01   1.3888023e+00
  -8.6276175e-01  -1.0114510e+00
   2.8762056e-01  -3.3315593e-01
  -1.0307180e+00  -1.6890257e+00
  -9.1488278e-01  -8.6071410e-01
  -1.1887031e+00  -9.4584833e-01
  -7.2467001e-01  -9.6687290e-01
  -1.3003753e-01  -3.8070512e-01
   2.2565063e-01  -7.5867620e-01
  -1.2777873e+00  -1.2567801e+00
  -3.2835680e-01  -7.2897599e-01
   5.8082271e-01   8.3701392e-02
   5.1615928e-01   1.2583169e+00
  -2.1289983e+00  -1.1746345e+00
   1.9949782e-01  -2.5548601e-01
   4.9159170e-01   1.1601947e+00
   8.9481006e-01   8.1302395e-01
  -1.7972043e-01   1.0646148e-01
   6.3710818e-01   8.2497879e-01
   9.7283877e-01   1.2838277e+00
  -1.3991921e-01  -4.6076330e-01
   3.8689903e-01   8.2755646e-02
   4.8507127e-01   9.0494110e-01
  -9.6242783e-01  -1.3061055e+00
   1.3852804e-01  -8.3251681e-03
   4.1039626e-01   5.9927774e-01
  -7.1197096e-01  -4.8242516e-01
  -5.7690591e-01  -1.9423674e+00
  -4.0295535e-01   2.0472156e-03
  -1.8013973e+00  -2.4122232e+00
   1.2341348e+00   1.3577132e+00
   5.7235981e-01   1.1575621e-01
   2.4911291e-01  -1.9156652e-02
   1.4636494e+00   1.6837627e+00
   1.5008467e-01  -1.1347832e+00
  -2.4188119e-01  -4.3418067e-01
   1.9994076e+00   1.5418122e+00
  -7.1417036e-01  -6.6333193e-01
  -1.1880027e+00  -9.5422994e-01
  -2.8479810e-01  -4.1967532e-01
  -3.4587133e+00  -3.3843769e+00
  -1.1206447e-01   3.8936555e-01
  -1.6280037e+00  -2.1009341e+00
  -5.0305017e-01  -7.2914512e-01
  -1.5753864e+00  -1.5810133e+00
  -1.4519752e+00  -7.3845626e-01
   6.8441810e-02   1.4027081e+00
   1.6190767e+00   1.7899823e+00
  -1.5290752e+00  -9.8675398e-01
   4.9734640e-01  -8.0889369e-03
  -1.5303204e+00  -1.4447518e+00
  -3.2791927e-02   9.4302038e-01
   3.9181361e-01  -9.9973529e-02
   4.2891342e-01   5.8055010e-01
  -3.0785665e-01  -7.8546433e-01
  -1.6752904e-01  -1.1382112e-01
   2.0302005e+00   1.7709896e+00
  -5.2764952e-01  -7.9647089e-01
  -7.4277015e-01   2.5836014e-01
   3.9429101e-01   1.0429007e-01
  -1.9524090e+00  -1.6610728e+00
   1.7939047e+00   1.5958853e+00
  -1.4039398e+00  -1.5630305e+00
   5.4670397e-01   5.2660620e-01
  -1.2274846e+00  -1.0224395e+00
  -5.2887555e-01  -1.2926977e-01
   1.3130805e+00   1.2848174e+00
  -3.7966232e-01  -7.9852572e-01
  -9.4743555e-01  -1.5736709e+00
   3.8392400e-01   1.9358883e-01
   7.2264639e-01   1.4616738e+00
  -4.1892991e-01  -7.8855244e-02
  -3.5106132e-01  -1.8516941e-01
  -1.1848255e-01  -4.1778390e-01
   3.4087658e-01  -3.8193631e-01
   3.1963089e-01   2.6564780e-01
   1.4424717e+00   1.0305176e+00
   1.0630512e+00   4.7113211e-03
   3.7451699e-01   1.5830060e-01
   8.9401316e-01   8.5348984e-01
  -1.1944835e+00  -2.4970078e-01
   2.9003031e-01   3.1059660e-01
  -4.1360516e-01   1.1115816e-01
  -1.1530388e+00  -7.5895847e-01
   7.5812680e-01   3.8639836e-01
   1.9902959e-01   4.3505596e-01
  -5.8389583e-01  -3.0950401e-01
   8.3065171e-01   7.2593706e-01
   1.0566261e+00   1.1049778e-01
  -4.6918042e-01  -7.4902901e-01
   6.4390562e-01   1.1451163e+00
   1.1710668e-02   7.6776689e-01
   1.4750002e+00   1.5424679e-01
  -1.0691016e+00  -2.3830604e+00
  -1.0881362e-01   1.5204506e-01
  -1.3442660e+00  -1.2639197e+00
   4.3425819e-01   1.1558131e-01
   7.5280499e-01   5.6514011e-01
   1.2421363e+00   1.1821157e+00
  -1.2744137e+00  -1.9322195e+00
  -1.8838552e+00  -1.1756717e+00
   1.8168119e-01  -2.5271165e-01
   3.8061732e-01   4.8163598e-01
  -5.8352368e-01  -5.0111323e-01
   4.1060102e-01   1.2905492e-01
   6.7745010e-01  -1.2465572e-01
   2.0255350e-02  -7.2920962e-01
   7.1836221e-01  -4.7083137e-01
  -1.8663648e-01  -2.2422117e-02
  -6.7506883e-01  -7.3405206e-01
   3.9662465e-01   3.7467715e-01
  -1.4218773e+00  -1.6225967e+00
  -3.0504730e-01   5.5443431e-01
  -1.1055667e+00  -1.1521756e+00
   1.7043857e+00   1.9222985e+00
  -1.7382554e-01  -2.8980235e-01
  -4.7139940e-01  -4.3549193e-01
   1.3487742e+00   1.4829479e+00
   2.0165190e+00   1.8453460e+00
   1.8527950e+00   2.1888380e+00
  -1.8654030e+00  -1.9509399e+00
  -2.2352226e+00  -2.4694935e+00
  -1.7203550e-01  -9.5149703e-01
  -8.6785363e-01  -1.0091896e+00
  -2.4244188e-01  -1.0681425e+00
  -3.4832603e-01  -9.3560208e-01
   1.3677383e+00   1.1777620e+00
   2.7851449e+00   1.9794643e+00
  -4.3929821e-01  -1.2244595e+00
   5.2710105e-01   4.0478791e-01
  -9.5470140e-01  -1.6012333e+00
  -2.1133658e-01   6.2329241e-02
   1.1816151e-01  -7.7370736e-02
   7.2659680e-01   7.8968598e-01
  -6.5249389e-01  -4.7019402e-01
  -2.4698036e-01  -2.6706911e-01
   1.0778841e+00   1.4948618e+00
   1.8045674e+00   2.6604033e+00
   1.9448909e-01  -4.1009702e-01
   1.5742580e-01  -6.1690338e-02
   7.9041783e-01   1.1547479e+00
   9.8071661e-01   1.7030491e+00
   8.7384285e-01  -7.7589723e-02
   6.5892929e-01   6.5954555e-01
  -9.6318952e-02  -2.2544823e-01
  -5.6092594e-01  -1.0379630e-01
  -9.4175917e-01  -6.2629179e-01
   1.1961592e+00   1.4290438e+00
   1.1343772e+00   4.1606438e-01
  -9.6071965e-02   2.2571188e-01
  -5.1596018e-01  -5.8000464e-01
   5.4004082e-01   2.0195857e-01
  -1.4929396e+00  -1.0297627e+00
  -1.0594026e+00  -1.5376862e+00
  -7.4843693e-01  -1.5346852e+00
  -1.5842653e+00  -8.7652731e-01
  -1.8338271e+00  -1.1949762e+00
   1.0193581e+00   1.4719321e+00
  -1.0746943e+00  -1.0148745e+00
   4.5078902e-01   9.5030692e-01
  -4.4868374e-01   8.5774938e-02
  -1.0899389e+00  -1.0848642e+00
   1.2470897e+00   5.9610621e-01
  -1.4413541e+00  -7.2808765e-01
   4.7852787e-01   6.5204381e-02
   1.9028211e+00   2.3202875e+00
   5.2690721e-02   3.5475097e-01
  -2.7235311e-01   2.4119764e-01
   1.0471915e+00   2.0287218e+00
  -2.6603652e-01   4.0705940e-01
   1.6241944e+00   1.6551400e+00
  -9.9848328e-01  -1.2079947e+00
  -6.6137290e-01  -8.7682210e-02
   8.1190344e-03   2.3748339e-01
  -5.3820673e-01  -1.1002893e-01
   7.4070866e-01   2.0811726e-01
   7.5073752e-01   7.1552210e-01
   8.2078173e-02  -1.7092063e-01
  -1.3347997e+00  -2.5415310e+00
   6.3632558e-01   6.5781294e-01
   4.9774820e-01   1.5430132e-01
  -3.4206634e-01   4.1508645e-01
  -1.2532063e-01  -7.0198529e-01
   3.7115099e-01   4.6121647e-01
   2.7265161e-01   8.1864439e-01
  -4.3833749e-01  -3.5395096e-01
  -1.3892666e+00  -1.3461746e+00
  -1.4724266e+00  -2.1117576e+00
  -3.0814128e-02  -6.3009899e-01
   4.9090595e-01   6.1389051e-01
   1.1160268e+00   9.3543476e-01
   1.7223257e+00   1.4580678e+00
   7.5870032e-01   1.0364994e+00
   2.2447811e-01  -1.3751721e-01
  -1.1155787e-01  -7.2653360e-01
   2.0400241e-01   5.5918317e-01
  -2.7215419e+00  -3.8463176e+00
   1.1802429e+00   1.4670545e+00
   2.3929422e+00   2.0164102e+00
  -9.3621951e-01  -6.3041003e-01
  -1.4461580e+00  -1.9250132e+00
   2.8626967e-01   1.1296716e+00
  -1.2950531e+00  -1.0723514e+00
   1.4967450e+00   1.4000922e+00
  -7.6302053e-02  -3.9373145e-01
   9.4715446e-01   1.0295952e+00
  -5.8297180e-01  -8.0921393e-01
  -1.6210356e+00  -1.9843309e+00
  -3.7856754e-01   1.8888042e-01
  -1.1061814e+00  -1.0174801e+00
   4.7179235e-01   1.0786791e+00
   1.6050992e+00   1.3121926e+00
   3.7260389e-01   7.6688886e-01
  -4.1096513e-01  -1.0555841e+00
   5.7816322e-01   2.8254502e-01
  -1.2623514e+00  -1.2935167e+00
   4.7506263e-01   2.5655467e-01
   1.4488079e+00   3.6978703e-01
   1.1641291e+00   3.1893646e-01
  -2.2809277e+00  -2.6653251e+00
  -1.1864881e-01  -2.5956711e-01
   1.7870049e-01  -5.8133604e-02
   1.8592009e-01   2.7512736e-01
  -6.7817104e-01  -2.6795251e-01
   1.2496716e+00   9.3463756e-01
  -3.6532487e-01  -7.5521468e-01
  -3.4887423e-01  -5.3999880e-01
  -1.5253284e-01   3.3436409e-01
  -7.3672499e-01  -1.0751396e+00
  -3.4601606e-02   4.8061749e-01
  -3.4345431e-01   1.1497384e-02
  -2.0118480e-01   5.6269126e-01
  -2.3517608e-01   7.2873064e-02
   5.6903270e-01  -4.0527522e-01
   2.0437291e-01   1.7854757e-01
   4.7327116e-03  -8.4193945e-02
  -3.9137398e-01  -1.2397989e+00
  -4.7513828e-01  -4.4940861e-01
  -1.2267340e+00  -1.8683240e+00
   6.3032576e-01   7.7720726e-01
   1.6730472e-01  -1.0972321e-01
   3.3715630e-01  -1.4975016e-01
  -6.8054250e-01   3.6283464e-01
  -6.9733995e-02  -1.1542499e-01
   6.5750870e-01   8.0928194e-01
   1.4950786e+00   1.0776816e+00
  -3.0443063e-03  -5.6003671e-01
   1.0962978e+00   1.1643503e+00
  -1.2064829e+00  -1.2075665e+00
  -1.0463780e+00  -1.1061815e+00
  -1.0220896e+00  -1.0659867e+00
  -3.8639999e-01  -4.3666065e-01
  -1.1239076e+00  -1.3797328e+00
   8.4187935e-01   9.6532344e-01
   1.3862401e+00   2.2275042e+00
   5.4646192e-01   1.2304457e+00
   1.6799373e-01  -1.4235829e-01
   9.3386279e-01   5.2247119e-01
   9.4349283e-01   7.5242331e-01
   1.9705458e+00   1.6590343e+00
   8.1093070e-02   4.5127145e-01
   3.7924278e-01   5.5197879e-01
   1.1749151e+00   1.0622811e+00
   1.9011975e+00   1.3121423e+00
   1.1606187e+00   9.6660513e-01
  -9.7936972e-01  -4.9466953e-01
  -5.1432525e-01   3.7237954e-01
  -8.3701220e-01  -8.5619700e-01
  -1.9470905e-01   1.5459236e-01
   1.5254748e+00   2.3684901e+00
  -3.3765792e-02   2.3966194e-01
  -1.0108689e-01  -5.7814215e-02
  -6.4180705e-01  -6.8606095e-01
   1.9541821e+00   3.0847933e+00
   1.6029407e+00   1.9102456e+00
   1.7331142e-01   1.2408398e+00
  -7.3284893e-02   4.8143799e-01
   1.0927917e+00   5.3328025e-02
  -7.6693513e-02  -3.5992273e-01
  -1.5615849e+00  -1.0324567e-01
  -1.3596801e+00  -1.5003116e+00
  -5.7120180e-02  -2.4801226e-01
  -6.5633720e-01  -6.2983105e-01
  -1.2962747e+00  -1.3705039e+00
  -9.0249346e-01  -2.0048824e-01
   7.4574981e-01   2.3516527e+00
   9.1971146e-01   9.1424827e-01
  -2.0573204e-01  -2.4157956e-01
   5.8109593e-01   9.0515099e-01
   4.0278345e-01   1.3813822e-01
  -1.3544244e+00  -1.3531395e+00
   1.3657339e+00   2.1488923e+00
   5.4248031e-02  -3.5947348e-01
  -1.6289599e+00  -1.7589336e+00
  -1.9535190e+00  -1.2726842e+00
   4.0179359e-01   3.0532073e-01
   1.4260067e+00   2.2373952e+00
  -3.6200647e-01  -1.4739769e+00
  -1.1771331e+00  -1.0830880e+00
  -1.0074830e+00  -1.1762526e+00
   8.9245117e-02   3.8517221e-01
  -3.8570368e-01  -1.2300351e+00
  -1.2893788e+00  -5.0581127e-01
  -4.8034220e-01  -1.0141050e+00
  -1.0063438e+00  -7.4059168e-01
   2.9217521e-01   3.0434289e-01
   3.4846850e+00   2.4463815e+00
  -1.1311155e+00  -2.0466894e+00
  -2.2520743e+00  -2.2254001e+00
  -6.5462322e-01  -5.0782925e-01
   6.8409586e-01   3.6687964e-01
   7.1425475e-01   7.5430970e-01
   2.9379543e-01  -3.6336971e-02
   5.9920858e-01   3.6351983e-01
  -5.5303955e-01  -5.5580683e-01
   5.5657913e-01  -4.6218203e-02
   1.4655879e+00   1.8269642e+00
   6.0545964e-01   3.4743989e-01
   8.4738399e-01   8.8386406e-01
   5.4825539e-02  -9.9447214e-02
  -5.2265618e-01  -2.1882796e-01
   3.6112443e-01  -3.6865489e-02
  -2.9991963e-01  -1.3372661e+00
  -9.8625951e-01  -8.4434833e-01
  -1.4198331e-01   1.0560366e+00
   2.9625322e-01   1.4944562e+00
   1.2554770e-01  -5.4397037e-01
  -3.2197670e-01   2.9399269e-01
   1.5649229e+00   2.0005535e+00
   2.1324408e-01   9.6540908e-01
   3.2764019e-01  -5.5756195e-01
   3.6904502e-01   5.3860913e-01
   4.4790027e-01   4.8104083e-02
  -5.4911697e-02   6.6992319e-02
   4.6456696e-01   3.7187026e-01
   1.9189001e-01   1.2732694e+00
   2.6513373e-03   1.7697650e-01
   4.4000712e-01  -5.5242669e-02
  -8.4913138e-01  -1.1786619e+00
   8.0092374e-01   8.8473905e-01
  -5.0397383e-01  -7.9932396e-01
  -1.3772509e+00  -1.8886354e+00
  -2.7918023e-01  -4.8116222e-01
   1.9686338e+00   1.7298030e+00
  -8.3027662e-01  -6.6343839e-01
  -9.9062718e-01  -1.0136852e+00
   1.5202963e+00   1.4875053e+00
  -4.1322410e-02   7.5208286e-01
  -2.2586630e+00  -3.2169922e+00
  -5.7292966e-01  -1.2977981e+00
   4.5857483e-01   6.7858336e-01
   8.1909257e-02   2.7557304e-03
  -1.8775826e+00  -1.8460995e+00
  -8.4520784e-01  -3.1903521e-01
  -4.1041981e-01   5.3095467e-01
  -2.4399796e-01  -1.1272165e+00
   2.2050798e-01   1.4411367e+00
  -3.2312408e-01  -5.8747134e-01
   7.0315836e-01  -4.9886490e-02
  -2.6640623e+00  -3.0468605e+00
   5.5607658e-01   6.9484358e-01
  -3.7794822e-01  -9.5215007e-02
  -3.5783653e-01  -5.7744313e-01
   1.6878711e-01  -7.4362578e-02
   1.3615676e-01  -8.4621664e-01
   2.1700637e+00   3.0946410e+00
   4.3043539e-01   9.5365642e-01
   6.8669599e-02  -4.1812879e-01
  -1.2641706e+00  -4.3464039e-01
  -4.5349281e-01  -1.4366259e-01
   2.5210503e-01  -5.2826711e-01
   3.4429642e-02   2.4934883e-01
  -8.5127666e-01  -5.7007927e-01
  -5.5250983e-01  -1.0185374e+00
  -2.5326585e-01   4.2344195e-01
  -1.1857787e+00  -4.8084061e-01
   7.9024159e-01   2.6793306e-01
  -2.7769177e+00  -2.8414896e+00
   7.9864530e-01   2.6724025e-01
   1.0050965e+00   1.4298532e+00
  -8.2798277e-01  -1.6919385e+00
   7.5639761e-01   2.5805271e-01
  -1.4027388e+00  -1.7530052e+00
   1.3092993e+00   6.7198606e-01
   4.4230918e-01   1.1317677e+00
   2.3977166e+00   2.5895346e+00
   7.1256858e-01   1.1796433e+00
  -1.5378500e+00  -1.4414728e+00
  -1.8297909e+00  -1.2849185e+00
   1.2921898e+00   1.6681440e+00
  -5.6526653e-01  -6.0966106e-01
  -1.0602326e+00  -9.0623639e-01
  -3.5416181e-01  -9.6430348e-01
   2.1220131e-01   4.1344978e-01
   2.7246989e-01   4.8200897e-01
   1.4530069e+00   1.9491793e+00
  -1.2096106e+00  -1.3993168e+00
   2.6450131e-01   4.4125394e-01
   3.6445263e-01   3.7310273e-01
  -8.7065429e-01  -2.0514455e+00
  -2.0874548e+00  -2.1397949e+00
  -1.2799561e+00  -7.1521411e-01
   2.6940478e-01   7.0589641e-02
  -1.3257799e-01  -2.7406006e-01
  -3.6642570e-01  -1.0845277e+00
  -6.4757506e-01  -7.3948226e-01
  -1.4749889e+00  -2.2506765e+00
  -5.9390785e-01  -9.3789193e-02
  -1.1986111e+00  -8.7140745e-01
   6.0706751e-01  -1.4111512e-01
  -2.2652037e-01  -5.0671904e-01
   8.8301200e-02   8.5811630e-02
  -1.0362390e+00  -1.1370103e+00
  -9.0596857e-01  -8.1294746e-01
  -8.4408647e-01  -8.6137758e-01
   1.9619758e+00   2.1560066e+00
   3.9384140e-01   9.0815494e-01
  -1.9918312e-01  -2.4118092e-01
  -2.7068330e-01   3.2157119e-01
   1.4078307e+00   1.5108150e+00
   1.7094694e+00   1.7334261e+00
   9.1722944e-01   1.1210094e+00
   1.0552355e-01   6.9956168e-01
   2.9402148e-01   6.8815630e-02
  -2.2127796e-01  -6.9461123e-01
  -4.7379643e-01  -1.0985645e+00
  -5.1702300e-03   3.0138927e-01
   2.0131762e+00   1.3354927e+00
  -1.3050573e+00  -1.0031574e+00
   1.3092358e+00   8.0869130e-01
   7.9571260e-02   1.4837406e+00
  -1.2141025e+00  -5.5722900e-01
   5.6086025e-01   2.4534883e-01
   1.9161316e+00   2.2138694e+00
   7.6788969e-01   9.7315398e-01
   1.3237350e-01  -3.3918032e-02
  -4.6541874e-01   5.2439593e-01
  -1.0842618e+00  -6.6766891e-01
   1.2342326e+00   1.5683194e+00
   3.6501281e-01   6.9340473e-01
  -2.1799718e+00  -1.5531512e+00
   1.7977041e+00   8.8571146e-01
  -1.3436923e+00  -1.4180417e+00
  -8.2938921e-02  -1.1018968e+00
  -2.7963102e-01   5.5610980e-01
   7.6949826e-01   3.2941054e-01
  -1.0166505e+00  -7.4205677e-01
   2.9309623e-01   1.1607577e+00
  -3.6029637e-01   1.1845018e-01
   4.6215706e-01   3.6595328e-01
   1.2963159e-01   3.7216833e-01
  -4.0741794e-01  -1.7149373e+00
   4.8040098e-01   1.1732700e-01
  -1.3577151e-01   2.5328732e-01
   4.0975143e-01  -3.0555521e-01
   1.2772413e+00   1.0653510e+00
   4.2419247e-01   5.2654935e-01
   1.0210860e+00   1.3689288e+00
   1.7142942e+00   1.3928801e+00
   1.2618547e+00   7.9860320e-01
   3.6377546e-01   2.0220391e-01
  -1.3037629e+00  -3.2811659e-02
  -6.5807617e-01  -1.0871340e+00
   6.1146151e-01   4.4122665e-02
  -4.6781956e-01   2.1941338e-02
   4.6422082e-01   5.1635476e-01
   8.1456507e-02   3.1995399e-01
  -7.3560639e-01  -8.2343533e-01
   1.6529909e+00   1.5910121e+00
  -6.2068962e-01  -1.1738213e+00
  -5.5099293e-01  -9.3659776e-01
  -2.4810963e-01  -3.6112881e-01
  -3.5869238e-01  -9.1436936e-01
   2.1166815e-01   4.3513402e-01
   2.6987363e-01   1.2775867e-01
  -1.9498328e-01   2.0880263e-02
   3.3964571e-01   8.9906854e-01
  -1.7264465e-01  -6.3660141e-01
   5.3656091e-01   5.6163092e-01
   9.0067062e-02  -4.2049297e-01
   4.5933215e-01   1.6006584e+00
  -3.8376787e-01   1.1167950e-01
   1.5308505e+00   1.2316813e+00
  -5.7373278e-01  -7.9015065e-01
   6.1299746e-01   1.1899183e-01
   5.2846792e-01  -9.5800514e-02
  -1.0710388e+00  -6.6338948e-01
  -8.2983610e-01  -1.7070352e+00
   2.0100627e-01   7.2678692e-01
   1.4029471e+00   8.6338419e-01
   4.7855528e-01   3.0604578e-01
  -1.6655563e+00  -2.1738700e+00
  -8.5234109e-01  -8.6648676e-01
   1.3006431e+00   7.4691804e-01
  -1.0283834e+00  -1.2291930e+00
  -1.1907445e+00  -1.4666549e+00
  -8.3231711e-01  -4.3219319e-01
   6.6144891e-01   4.9380007e-01
  -4.4619339e-01   3.1609538e-01
  -1.1914831e+00  -1.4165442e+00
  -2.3820262e+00  -2.4677104e+00
   5.0019350e-01   1.6011675e+00
   2.1017106e-01   1.3801678e+00
   5.7327125e-01   3.3780277e-01
   4.4892131e-01   7.0829507e-01
  -5.9425726e-01  -1.0549392e+00
   6.9240788e-01   1.8449141e-01
  -8.0083616e-01  -1.0784479e+00
  -5.0320797e-01  -8.2692496e-01
  -8.0184814e-01  -7.8884009e-01
   1.9884823e+00   1.8566833e+00
   2.4997852e+00   2.7499962e+00
   1.3031611e+00   1.0479350e+00
  -3.3107999e-01  -5.4847511e-01
   4.1320074e-01   5.2339296e-01
   3.9052896e-01   1.6160531e+00
  -1.3617847e+00  -1.3121482e+00
  -9.9114097e-01  -1.3088090e+00
  -5.8439849e-01  -3.4760141e-01
  -4.4201507e-01  -5.7826900e-01
  -1.4472203e+00  -7.3928180e-01
  -4.2225019e-01   2.8952057e-01
  -1.1440308e+00  -6.8063091e-01
   1.2139551e+00   1.6234485e+00
   1.3913463e+00   1.4227110e+00
   8.3493550e-01  -7.8363959e-02
   1.5940751e-01  -8.7127320e-02
   2.1098931e-01   1.2235497e+00
  -4.5746854e-01  -3.6249788e-01
   2.4635308e-01   7.3598978e-01
   3.8551925e-01   2.1770423e-01
   1.0032461e-01   1.9034121e-01
   1.6773884e+00   1.6435852e+00
   9.8310886e-01   1.1357440e+00
  -1.1455576e+00  -1.0516920e+00
   7.3907900e-01   1.3071176e+00
  -1.0586655e-01   2.0968025e-01
  -1.6707606e+00  -1.7052885e+00
  -6.4055568e-01  -1.8003555e+00
  -1.5600820e+00  -1.9801198e+00
  -5.0068903e-01  -6.8475168e-01
   8.4372505e-01   1.0594385e+00
  -5.2124440e-01  -1.0861979e+00
   8.5857288e-01   1.1764325e+00
  -8.7597338e-02  -4.7989173e-01
   1.2174079e+00  -5.0289218e-01
   6.7025974e-01   3.0764232e-01
   5.3513871e-02   1.7292132e-01
   1.3015223e+00   1.1214183e+00
   3.0904060e-01   8.5877434e-03
  -9.5527712e-01  -2.8835802e-01
   2.2198994e-01  -2.6212161e-01
   1.4684917e-01   5.7757812e-01
   2.1263618e-01  -1.1114529e-01
  -3.3342278e-01  -3.8563844e-01
  -7.7827584e-01  -1.8230096e-01
   5.1316986e-01   1.5348392e-01
   1.1865490e+00   1.6814301e+00
  -1.5909380e+00  -1.7333904e+00
   8.8495908e-01   5.7390450e-01
   1.1959160e+00   1.5582634e+00
  -5.1865608e-01   3.5703999e-03
   1.0062089e+00   1.2929083e+00
   6.5593014e-01   9.6494473e-01
  -7.1963679e-02   1.7266281e-01
   1.4439050e+00   4.9736162e-01
  -1.9061944e-01  -4.5978527e-01
   1.2199492e+00   1.7470289e+00
  -2.9822315e-01   1.0636146e-01
   5.4109028e-01   1.3856159e+00
   2.4527293e-01   7.6068965e-02
   6.9131163e-01   1.1872432e+00
  -1.1507035e+00  -7.3275658e-01
   3.2618217e-01   6.4201769e-01
  -2.7912820e-01  -5.3071103e-02
  -1.1853334e+00  -8.2844954e-01
  -4.8033701e-01  -1.6434607e-01
  -1.7778429e+00  -1.3601861e+00
   3.8050195e-01   9.1061011e-01
  -6.5923201e-01  -4.5494873e-01
  -2.0138672e+00  -2.2045558e+00
   4.2306163e-02  -5.9311057e-01
  -8.8362380e-01  -4.4330875e-01
  -6.5221850e-01  -3.4997017e-01
   7.9293133e-01   1.8444790e+00
   4.9172148e-01   2.3752629e-01
   7.9789536e-01   3.1972970e-01
  -1.5707836e+00  -1.2532545e+00
   1.7981814e+00   1.4560841e+00
   1.2021690e+00   8.0590167e-01
  -4.2421681e-01  -5.2685426e-01
  -2.2019999e-01  -4.7831331e-01
   1.1157255e+00   1.6233729e+00
  -1.6370900e+00  -1.7598903e+00
   2.0725039e+00   2.1181322e+00
  -8.1846568e-01  -1.4212772e-01
   2.3162110e+00   1.9965469e+00
  -1.7937819e+00  -1.6206363e+00
   3.5411744e-01   3.0937907e-01
   6.3835783e-01   7.6449618e-01
  -5.4391698e-01  -7.4065689e-01
  -7.1455312e-01  -1.1736952e+00
   5.5886177e-01  -1.5475049e-01
  -4.8143788e-01   2.3058393e-01
   5.3919823e-01   2.6270122e-01
   1.7273423e+00   1.6792304e+00
  -8.4826948e-01  -1.1988101e+00
  -1.3157424e+00  -1.2360525e+00
  -4.1765165e-01   3.2014839e-01
  -3.9705762e-01  -1.1270557e+00
  -6.4066116e-01  -9.9332038e-01
  -1.5609592e+00  -2.1867101e+00
   8.0084015e-01   4.2389668e-02
   1.1474503e-01  -6.0162778e-01
   1.9261053e+00   2.0369258e+00
  -2.7135198e+00  -2.4454763e+00
  -3.5777706e-01   8.8832710e-01
   3.7046797e-01  -3.5753664e-01
   8.4456623e-01   4.1292905e-01
   5.4890332e-01  -6.3140411e-02
   1.4189340e-01   2.6970808e-01
   4.3226147e-01   4.6669337e-01
   1.3429015e-01   2.1471459e-01
   1.0644960e+00   1.3225202e+00
  -4.0992413e-01  -1.9660396e-01
  -3.2710644e-01   5.0389591e-01
  -1.7910599e+00  -1.5887446e+00
   7.6651104e-01   1.4851794e+00
   1.0669050e+00  -3.8141965e-02
  -1.4558492e+00  -1.3000896e+00
  -3.5173679e-01   3.5437862e-01
   1.8116890e+00   1.9867775e+00
  -1.5045909e-01   4.9942731e-01
   1.1340533e+00   2.1661152e-01
  -7.7087535e-01  -1.1955948e+00
   1.5090833e-01   4.9324953e-01
   2.5234477e-01   7.2432811e-01
   6.0029437e-01   8.4899597e-01
  -1.0797364e+00  -1.3211195e+00
  -1.7112505e-01   3.1253396e-01
  -1.0261753e+00  -8.4351424e-01
  -1.7781674e-01  -4.4288815e-01
   8.8136650e-01   4.5212309e-01
  -2.2212255e-01  -5.8983838e-01
   3.9013107e-01  -1.6821827e-02
  -7.8769843e-01  -1.1649458e+00
   7.1562298e-01   2.6640522e-01
   2.3279433e+00   1.5699410e+00
  -1.0365801e-01   2.9726844e-01
   1.3971971e-01   3.2305777e-01
   1.6090727e+00   1.5723206e+00
  -2.5021268e-01  -6.3853928e-01
   6.9538033e-01   3.1878808e-01
  -5.1124046e-01  -4.4334994e-01
   3.8982985e-01   8.3246973e-01
  -1.6174296e+00  -1.8343046e+00
  -1.4761800e+00  -8.5355809e-01
   5.9626388e-01  -4.2416749e-01
   8.1513994e-01  -1.4090990e-01
  -1.6671804e-02  -3.9836702e-01
   2.1725316e+00   1.3511252e+00
  -2.6703932e-01  -9.6121350e-01
   1.4012039e+00   2.2949156e+00
   5.8134638e-01   1.3127155e+00
  -1.1370925e+00  -1.4022427e+00
   9.8470383e-01   6.9610128e-01
   1.2349399e+00   8.7289936e-01
   6.5170611e-01   1.1181266e+00
  -1.2364026e+00  -3.2085203e-01
  -5.1922734e-01  -8.8924822e-01
   1.4279620e+00   5.1028650e-01
  -6.1552085e-01  -1.0701711e+00
  -1.5465555e+00  -8.0016966e-01
   4.1341279e-01   4.5562520e-01
  -9.1175970e-01  -2.5323513e-01
  -6.8177980e-01  -1.6250538e-01
   8.2351316e-02   4.1271054e-02
  -3.3860759e-01   2.8385961e-01
  -3.5013322e-01  -2.1391633e-01
   1.0914697e+00   1.8822301e+00
   8.2365975e-01   1.1692868e+00
   4.1919866e-01   2.0298924e-01
  -7.3387411e-01  -1.5194539e+00
  -2.3260333e+00  -1.8015208e+00
   1.5741207e+00   2.0117751e+00
  -1.0645400e-01  -4.6616072e-01
  -1.3792215e+00  -1.6541578e+00
  -6.1088908e-01  -4.8149843e-01
  -2.6296345e-01  -2.6515018e-01
   6.9126967e-01   1.7952459e-01
   1.0885190e+00   2.5795280e-01
  -3.9036947e-02  -7.8578847e-02
   7.9648151e-01   1.4497997e+00
  -1.2997603e+00  -1.0632289e+00
   1.1794081e+00   5.7539675e-01
  -5.9673572e-01  -1.1121858e+00
   4.5496481e-01   5.5991583e-01
   1.0065698e+00   1.9603232e+00
   2.1291308e-01   3.9407748e-01
   1.8691532e-01   3.8520113e-01
  -3.6362172e-01   1.0613276e-02
  -2.9094540e-01   1.7765388e-01
  -1.2895262e+00  -1.6755621e+00
  -7.2993499e-01  -4.5884154e-01
  -2.0850659e+00  -2.1447698e+00
   1.0223634e+00   1.7540741e+00
  -2.3087677e+00  -2.8842193e+00
  -8.8569399e-01  -1.3325854e+00
  -1.7321669e+00  -1.4931001e+00
   1.0811762e+00   1.3629501e+00
  -6.7760186e-01   1.0144935e-01
   4.2757575e-03  -1.7655105e-01
  -3.0991330e-01  -1.0110138e+00
  -4.9517021e-01  -1.3974557e-01
   2.4095822e-01   9.7384696e-02
  -5.0636452e-01  -1.1249339e+00
   6.4543691e-01   9.7734700e-01
   5.9922214e-01  -3.1323079e-01
  -6.5878646e-02   1.8574457e-01
  -1.1912700e+00  -8.1434629e-01
  -3.9004058e-01  -5.8485334e-01
   7.0541381e-02  -2.4505742e-01
  -6.6397995e-01  -2.1717519e-01
   4.8712965e-01   1.4156686e+00
   3.0112237e-01   2.3460428e-01
  -5.8239185e-01  -2.5191256e-01
   3.2514848e+00   2.5050226e+00
   8.7821295e-01   1.3644765e+00
   1.2936046e+00   7.5683190e-01
  -8.8845802e-01  -1.2455974e+00
  -2.9626208e-01  -1.5327554e-01
  -1.0843622e+00  -1.9001374e+00
  -5.9182275e-02  -9.8002227e-01
   1.7843852e+00   2.0610571e+00
   2.9661860e-01   6.8709909e-02
  -2.0675019e-01   4.1734555e-01
   1.0421934e+00   8.0620698e-01
   5.4552352e-01  -3.5482657e-01
   5.1819088e-01   1.2152202e+00
   1.9106286e+00   1.6433777e+00
  -1.3694273e+00  -1.3225341e+00
   6.6218437e-01  -1.5653845e-01
  -1.0147745e+00  -2.1653401e+00
   1.7711319e-02   5.0565212e-01
   8.1664689e-02   2.1766287e-01
   1.2426319e+00   1.4396453e+00
   1.0259533e+00   1.0633931e+00
   1.9334624e-01  -7.1658588e-01
  -4.8456007e-01  -1.0762236e+00
  -8.0918702e-01  -9.6511448e-01
  -3.7733301e-01  -5.7067392e-01
   1.0188225e+00   1.5450055e+00
