  -2.5858191e-01  -8.7446680e-01
   3.2960754e-01   5.2905354e-01
  -1.2741017e-02   4.0791990e-01
   7.9498621e-01  -1.1934881e+00
  -1.5235981e+00  -3.0846038e-01
   2.0975937e+00  -1.3514027e+00
   2.3287767e+00  -1.2215928e+00
   4.2739757e-01   1.4804977e+00
   1.0251146e-01   5.8465126e-01
  -8.8379807e-01   1.4210822e-01
   5.1654527e-01   4.4204243e-01
   2.6941188e-01   1.9393008e+00
   3.6256827e-01   1.4384885e+00
  -2.4054022e-01  -6.7339864e-01
   3.6650658e-01   1.3400529e+00
   4.8193943e-01  -9.6171088e-01
  -1.7893689e+00  -4.7357733e-01
   2.3614682e+00  -1.3624312e+00
   2.5805573e-01   1.4517800e+00
  -5.0923889e-01   2.0137230e-01
   3.2499158e-01   1.4947425e+00
  -6.8232901e-01  -7.4459892e-01
   6.0962738e-01   7.0521440e-01
  -5.7160369e-01  -1.6453033e-02
   4.8401100e-01   4.5946031e-01
   1.0909015e-01   3.8746883e-01
   1.3214953e+00  -9.4245370e-01
  -4.7461548e-02   5.6013837e-01
   3.4359384e-01  -1.0937566e+00
   5.9152292e-01   1.3200278e+00
  -3.1416387e-01  -7.7016467e-01
  -1.1287309e+00  -4.9679119e-01
  -5.8677187e-01  -6.9377952e-01
   7.7357275e-01  -2.0523869e+00
   1.7522834e-01   1.6292296e-01
   1.2856166e-02  -6.9985836e-01
  -1.3038980e+00  -6.2049075e-01
   1.2077979e+00   2.1166711e+00
  -2.0736008e+00  -1.0581241e-01
  -1.8914292e+00  -2.7338225e-01
  -2.1023629e-01  -7.7162293e-01
   7.2835658e-01   7.4101298e-01
  -1.1146068e+00  -8.6898843e-01
  -1.0962665e+00   1.1136219e-02
   1.0616243e-01   1.8325035e+00
   6.8059276e-02   1.8843926e-01
   3.4461436e-01   3.1751588e-01
   1.5990662e+00  -1.8804926e+00
   1.4463387e+00  -1.1661429e+00
   4.0623315e-01   1.4212041e+00
   3.7041433e-01   6.2261267e-01
  -9.6273043e-01  -1.4093362e-01
  -1.0136174e+00   2.3965131e-02
  -5.0656285e-03   2.9993668e-01
   5.9931722e-01   1.1682308e+00
  -7.9842973e-01  -5.7777747e-01
   7.0595236e-01  -1.1645343e+00
   1.3501772e+00  -1.0707739e+00
  -5.4919021e-01   2.0865010e-01
  -1.8738961e+00   7.2851696e-02
  -1.1663739e-01  -3.2126065e+00
   6.6944609e-01   8.1550645e-01
   1.7743031e+00  -1.3796778e+00
  -4.0248161e-01  -3.1039819e+00
  -7.6369423e-01  -2.2918962e-01
   5.9753608e-01   1.3252249e+00
  -5.7394792e-01  -1.2730243e-01
  -6.4542842e-02  -2.8462660e+00
   5.5177021e-01   5.4880405e-01
   5.4001286e-01   8.6203446e-01
   4.7766509e-01   5.3144043e-01
  -1.3360910e+00  -6.8179952e-01
  -1.6455425e+00  -5.4749074e-01
   7.8340534e-01   6.4575595e-01
   1.0992499e-01   6.1268835e-01
   3.7127954e-01   1.2688233e+00
  -6.5459700e-01   2.5046591e-01
   1.0537125e+00  -1.2934126e+00
   1.9545283e-01   1.6385598e+00
  -1.4146254e+00  -4.4410861e-01
   1.1640039e+00  -1.3084671e+00
   3.9175524e-01   1.5933113e+00
  -1.7582778e+00  -1.3778778e-01
   9.9474225e-01  -2.2747887e+00
   2.3602779e-01   1.4959445e+00
   1.7090824e+00  -1.4415838e+00
   7.1715742e-01  -1.0853070e+00
  -6.3414695e-02  -4.6760323e-01
   4.3819504e-01   6.7398779e-01
   1.5975309e-01   1.8362758e+00
  -1.1236379e+00  -8.3379264e-01
   4.6951760e-01   1.0963718e+00
  -4.8983926e-02   3.0892415e-01
  -2.0866235e+00  -4.8589000e-01
   1.9439834e+00  -1.7669602e+00
   6.3692778e-01  -1.1338927e+00
  -1.6214257e-01   2.9928180e-01
   1.7289530e+00  -1.4797278e+00
  -1.1644691e+00  -6.1020099e-01
   1.0709477e+00  -9.2220711e-01
  -1.2025224e-01  -6.5654610e-01
  -9.8749889e-01  -1.5824736e-01
   2.9576604e-01   1.8511779e+00
  -1.0492609e+00  -2.5091610e-01
   3.0459328e-01   6.0937257e-01
   4.6969503e-01  -1.0104832e+00
  -1.4073516e+00  -5.0864230e-01
   2.0550429e+00  -1.6225716e+00
   3.2483531e-01   1.1120123e+00
  -7.8714973e-01  -5.0145900e-01
  -1.5982620e+00  -5.7963536e-01
  -1.2530520e+00  -4.6568512e-01
  -1.1162149e+00   1.3532668e-01
  -8.5045417e-01  -8.0575828e-01
  -4.4319045e-01  -7.0313851e-01
  -3.6357423e-01   2.4923805e-01
   3.4007958e-01   8.5272501e-01
  -1.0789580e+00  -9.1370465e-01
   4.7066727e-01  -8.9169798e-01
   1.2225646e-01   1.8793101e+00
   1.3245854e-01   1.7318609e+00
  -1.0778720e-01  -3.0570639e+00
  -4.9193841e-02  -6.3086889e-01
  -1.8922374e+00  -4.6317356e-02
  -1.4738960e+00  -7.8777039e-01
   1.7777383e+00  -1.2457411e+00
  -1.6276834e+00  -6.6047760e-01
   4.6510617e-01   1.3113693e+00
  -5.0949988e-01   1.4968981e-01
   1.8572500e+00  -1.5071835e+00
  -1.3650338e+00  -4.6019834e-01
   2.4712354e-01   4.7149849e-01
   2.1068012e+00  -1.4248616e+00
  -1.3254933e+00  -3.6610744e-01
   3.6809996e-01   1.1257039e+00
   6.6882805e-01  -1.0326089e+00
  -5.4340771e-01   2.8879627e-01
  -7.5696518e-01  -6.5960470e-01
   1.2645364e-01   6.2484895e-01
  -2.0361944e+00  -5.2113627e-01
   6.9172823e-01   1.1953041e+00
   4.5299432e-01   7.6665478e-01
  -6.5399782e-01  -1.6488460e-02
  -9.1353101e-02   4.2843932e-01
   1.1202103e+00  -2.2926955e+00
   6.6798594e-01  -1.0225117e+00
  -1.4226169e+00  -7.4582971e-02
   2.2421860e-01   4.0394022e-01
   2.5014563e-01   1.6247010e+00
   7.5899334e-01  -8.4924358e-01
   1.0782475e-01   1.1008656e+00
   2.1977396e+00  -1.5911806e+00
   1.9508959e-01   1.6671200e+00
  -3.4784943e-02   2.1770063e-01
   2.6312123e-01   2.2054133e+00
   4.1293065e-01   2.1395123e+00
   5.2290458e-01   6.1981262e-01
   1.9161953e+00  -1.9592457e+00
   1.6316837e-01   6.8135268e-01
  -7.6822796e-01   2.1502864e-01
  -1.2764300e+00  -5.5161048e-01
  -1.9214777e+00  -2.1931588e-01
   1.9615625e+00  -1.7333590e+00
   2.0379175e-01   1.8828216e+00
   2.3050945e+00  -1.6033696e+00
   8.3718304e-01   2.0621940e+00
  -2.9964567e-01  -8.8960044e-02
  -8.0711851e-01   2.0426841e-03
   8.6668524e-01  -9.3191372e-01
   5.8133880e-01   1.2145606e+00
   1.7603653e+00  -1.4611808e+00
   1.3848787e+00  -1.9344795e+00
  -1.2896372e+00  -1.8002984e-01
   7.5807425e-01   2.2877407e+00
   1.6033109e+00  -1.0364108e+00
   1.5906585e+00   2.4394006e+00
  -4.2522385e-01   5.0039384e-01
   1.5514517e+00  -1.9924835e+00
   2.2754493e+00  -1.5438009e+00
   5.7786882e-01   2.1086347e+00
   1.6567787e-01   4.5640741e-01
  -6.1312648e-01  -2.8901467e-01
  -1.2698817e+00  -5.0362602e-01
   4.1973011e-01   6.9248957e-01
   1.3017478e-01   4.4736029e-01
   5.6963045e-01   1.1777543e+00
  -7.7463892e-01   9.6984362e-02
  -8.3887984e-04  -5.6095346e-01
   6.5912981e-01  -2.3891993e+00
   2.9228878e-01   4.1956192e-01
  -6.4425143e-01  -4.8159541e-01
  -8.6616480e-02   1.0840814e-01
  -1.3273686e+00  -4.7820826e-01
   1.8567474e-01   1.0356727e+00
   4.8921962e-01   1.3144399e+00
  -1.1217949e+00  -7.7050450e-02
  -1.2160158e+00  -3.4823006e-01
  -1.0579999e+00  -7.8546455e-01
   8.5295420e-01  -1.1903379e+00
   1.4220936e-01   1.7117187e+00
  -1.0207051e+00  -2.6946790e-01
   2.6613628e-01   6.5569464e-01
  -7.8798120e-01  -7.7042735e-01
   2.8790535e-01  -8.4273059e-01
  -1.4184413e-02   3.7574473e-01
  -1.0050291e+00  -1.3609407e-01
  -8.4056650e-01  -2.3201000e-01
  -8.5964255e-01  -4.4106460e-01
  -1.3434104e+00  -4.7325371e-01
   2.4102240e-01   1.2462323e+00
  -8.7345727e-01  -1.5751308e-01
  -5.6379632e-01   2.4335136e-01
   1.2863035e-01  -8.8350277e-01
   7.9650454e-01   1.1658175e+00
   4.9120638e-01   3.4960641e-01
  -1.2857535e-01   2.5312593e-01
  -1.2754903e+00  -2.3228956e-01
   2.0718455e+00  -1.4443747e+00
   3.8580093e-01   1.3551499e+00
  -1.1460894e+00  -4.5013128e-01
   3.7536088e-01   6.9211282e-01
  -1.3724580e-01  -8.8350689e-01
  -2.0211893e+00  -4.5083051e-01
   2.1038708e-01   1.3062946e+00
   3.8966287e-01   1.1418717e+00
  -1.9817809e+00  -1.0095874e-01
   3.9477785e-01   1.3343390e+00
   9.3825044e-01  -1.0528117e+00
  -8.9531300e-01  -2.4592787e-02
   1.1820071e+00  -8.7535644e-01
   1.7950240e+00  -1.3813427e+00
  -4.8123672e-01  -3.2331331e-01
  -1.7009619e+00  -3.4457165e-01
  -9.2507415e-02   1.7156661e-01
   5.3540881e-01   7.3968481e-01
  -1.8471915e+00  -2.4276357e-01
  -4.9856913e-01  -8.9285926e-01
   5.0764008e-01   7.4002431e-01
   9.4605992e-01  -8.9276554e-01
  -1.3018490e+00  -4.5071869e-02
   7.8323083e-01   1.0163734e+00
   1.1842966e-01   3.8458834e-01
   4.6574543e-01   1.1477062e+00
  -1.5041718e+00  -1.3642189e-01
   3.2053740e-01   6.1041494e-01
   9.0018407e-01   1.3613850e+00
   2.3635898e-01   8.3709829e-01
  -3.6571018e-01   3.5099917e-01
   7.0336384e-01   7.0586152e-01
   6.9208661e-01   1.4433890e+00
   3.0017217e-01   3.5692792e-01
  -7.0507635e-01  -6.1621523e-01
   3.0163136e-01  -2.5261365e+00
  -1.0804160e+00  -2.2711406e-01
  -1.0160407e+00  -2.8825557e-01
   3.1002796e-01   1.3403122e+00
  -8.4643532e-01  -3.4313129e-01
   4.7731447e-01   6.5525395e-01
   1.4116171e+00  -1.1033137e+00
  -1.1694432e+00  -1.8498796e-01
   3.5570756e-01   2.1228181e+00
   6.7647963e-01   7.5868063e-01
  -1.8966662e-02   1.9626015e+00
   2.2385201e-01   5.0535529e-01
   1.5585065e+00  -1.2429222e+00
  -1.6122170e+00  -4.2021400e-01
   8.3343776e-02   1.0789767e+00
   5.0284152e-01   1.1402228e+00
  -1.5418866e+00  -2.2060951e-01
   3.2422631e-01   1.2878869e+00
  -1.2205786e-01  -1.0105630e+00
  -1.0252071e+00  -1.1400149e-02
   8.7760106e-01  -1.0328099e+00
  -2.5720467e-01   3.8845187e-01
   6.7350726e-01   5.2350831e-01
   1.2671392e+00  -1.1679013e+00
   1.8744935e+00  -1.2866260e+00
   4.7496770e-01   6.6206750e-01
  -1.0627253e+00  -4.7913826e-01
   1.0232176e+00   2.4540194e+00
  -5.3304888e-01  -7.3925073e-01
   6.3075765e-01   6.9294821e-01
  -9.0345230e-01  -6.2032868e-01
  -9.8797770e-01   2.5294353e-01
   2.8098215e-01   1.3850011e+00
   1.3984480e+00  -1.7722005e+00
   1.3749522e+00  -1.8526792e+00
   2.0936260e-01   1.8566391e+00
  -1.8387144e+00  -4.1651681e-01
   3.9257629e-01   2.5121948e-01
   4.4014995e-01  -7.4435074e-01
  -5.9269547e-01  -2.1523294e-01
  -2.1805726e-01   2.1632365e-01
   1.3741860e+00  -1.1455080e+00
   7.0805681e-01   3.9819914e-01
   2.1346955e+00  -1.2445724e+00
   4.6877520e-01   8.8483318e-01
   1.8444507e+00  -1.1941217e+00
  -1.6933383e-01   3.7501113e-01
  -1.1566626e+00  -3.3872867e-01
   1.9727380e+00  -1.5542397e+00
   2.8800333e-01  -1.0881884e+00
  -1.2336351e+00  -5.8779261e-01
   5.3195265e-01   1.3737746e+00
   9.6361917e-01  -1.1791494e+00
  -1.8459622e+00  -2.5356559e-01
   3.1093566e-01   2.5584701e-01
  -4.1165102e-01   3.7701576e-01
   3.1796575e-01   1.2656745e+00
   1.9910655e+00  -1.4591595e+00
  -6.9582084e-01   2.7136648e-01
   3.4897830e-01   5.8825734e-01
  -3.2455396e-01   3.2186327e-01
  -1.8385458e+00  -3.1582477e-01
  -1.6817926e+00  -1.7052934e-01
   3.7111115e-01   1.1395894e+00
  -6.9560880e-01  -4.2058238e-02
   4.5170010e-01   8.0521528e-01
   6.0151802e-01   1.4195412e+00
   6.9478095e-01   9.7990266e-01
  -2.4940214e-01  -8.1285665e-01
   6.0644344e-01   1.2256186e+00
  -1.4879754e+00  -1.2948967e-01
   5.3109551e-01   1.1872940e+00
  -1.1229489e+00  -9.4484920e-02
  -2.2785282e-01   5.0819169e-01
  -1.4451550e-03  -8.1918957e-01
  -3.8737747e-01  -9.5858079e-01
   5.8537310e-01   1.3889616e+00
  -1.9878091e+00  -2.5886407e-01
   2.6341356e-01   7.4869419e-01
  -1.0795346e+00  -1.7239731e-01
   2.8956848e-01   6.4328674e-01
  -4.7805078e-01   6.8434719e-02
   7.4116038e-02   5.5932580e-01
   4.6795358e-01   1.0606996e+00
   9.7033102e-01  -1.1840263e+00
   1.6009728e+00  -1.1779021e+00
   6.8079131e-01   6.4031077e-01
   1.1739448e-01   1.4478340e+00
   6.8562144e-01  -1.0023214e+00
   7.1284478e-01   1.1578413e+00
   4.5748653e-02   1.6397532e+00
  -7.9144598e-01   3.7979972e-01
  -4.3190750e-01   8.3477231e-02
  -6.3893505e-01   4.0302604e-01
  -1.7032074e+00  -4.7478854e-01
   2.9678802e-01  -9.5932537e-01
  -2.1058590e-01  -5.0772500e-02
   8.6036088e-01  -2.2494854e+00
  -1.2742025e+00  -3.1253017e-01
   5.4270741e-01   8.6135602e-01
   1.8017466e-01   5.1682569e-01
   1.3911308e+00   2.4180512e+00
  -1.4011905e+00   3.3401909e-02
   1.3987043e+00  -1.2893437e+00
  -1.8570244e+00  -6.2721984e-01
   1.4346885e+00  -9.8793999e-01
   3.3221735e-01   1.6143726e+00
  -1.4122159e+00  -1.8669715e-01
   7.5656379e-01   8.9338008e-01
  -1.1628489e+00  -5.3240510e-02
  -7.2905491e-01  -7.7710300e-03
   6.0169321e-01   7.5983300e-01
   2.3408016e-01   1.6002706e+00
   1.8652926e+00  -1.5538534e+00
  -1.6195380e+00  -4.2464865e-01
   1.4616833e+00  -1.2668721e+00
  -6.2496091e-01   1.7084269e-01
   1.4900556e+00  -9.8365414e-01
   4.5583877e-01  -2.4480336e+00
   7.7268585e-01   7.0547923e-01
  -3.7367691e-01   3.7890800e-01
   5.0778971e-01   9.0967219e-01
  -1.1023900e-01   3.2717621e-01
  -4.8107863e-01  -7.4043844e-01
   2.3670498e-01   4.6889465e-01
   9.8587208e-01  -2.2619591e+00
  -8.6613120e-01  -3.2607042e-01
   2.0291635e+00  -1.5683075e+00
   5.3176531e-01   9.4226650e-01
  -7.0599429e-01  -1.3751893e-01
  -2.5615102e-01   2.8860781e-01
  -8.9057007e-02   4.0660643e-01
  -1.0199011e+00   1.7890558e-01
   4.6394443e-02   2.9749031e-02
   5.8357990e-01   6.1498149e-01
   8.9056947e-02   4.6156405e-01
  -8.6673796e-01  -4.0479425e-01
   5.4160662e-01   9.2576421e-01
  -1.5807023e+00  -3.6262817e-01
   1.6318466e+00  -1.1857560e+00
   6.9537257e-01   7.1850548e-01
  -1.8749672e+00  -3.2044027e-01
   7.0209509e-01   8.5706184e-01
  -2.0236415e+00  -2.7990909e-01
  -1.1102629e+00  -6.7403333e-01
  -1.4854777e+00  -2.8254132e-01
   2.0770215e+00  -1.7038285e+00
   2.2869545e-01   1.9688495e+00
   9.4492382e-01  -2.1930688e+00
  -1.4538207e+00  -2.8442790e-01
   3.3130763e-01  -7.9476419e-01
  -3.7363740e-01   3.0230515e-02
  -5.2329317e-02  -9.5683764e-01
   2.0664390e+00  -1.4127691e+00
  -1.0055741e+00  -1.8907813e-01
   4.7507188e-01   6.8055618e-01
   5.3230241e-01  -7.8528054e-01
   6.0737302e-01   6.8342727e-01
   6.3091228e-03  -7.9673357e-01
   9.4365122e-01  -1.0145026e+00
   2.1686427e+00  -1.3957000e+00
   1.0436897e+00   2.3451695e+00
   1.9879475e+00  -1.4884993e+00
  -6.7044744e-01   3.9594857e-02
   2.4931900e-01   4.9250096e-01
   6.1476551e-01   2.3691693e+00
  -1.2562182e+00  -4.6172080e-01
  -1.0270515e+00  -2.3182905e-01
  -1.4518428e+00  -5.1713701e-01
   1.9835687e+00  -1.7758130e+00
   2.5218671e-01   1.0547187e-01
   1.7303018e+00  -1.4987838e+00
   1.0475071e-01   1.7450455e+00
   3.6414394e-01   7.5336384e-01
   3.5005609e-02  -2.9181668e+00
  -6.1985024e-01   2.3845673e-01
   2.2304527e-01   4.6525262e-01
  -2.2432129e-01   3.2571568e-01
  -5.5349394e-01   6.3840081e-02
  -9.8194586e-01  -7.3082657e-01
   2.2011569e-01   4.9407792e-01
  -1.3860975e+00  -2.4905670e-01
   2.3455018e-01   1.0701516e+00
   1.8843514e+00  -1.3330028e+00
   5.4657908e-01   7.3688261e-01
  -1.1259013e+00  -5.2637376e-01
   1.2380479e+00  -2.0740965e+00
   3.9068866e-01   4.2286398e-01
  -1.6800534e+00  -7.5180931e-01
  -1.2101471e+00  -2.3332636e-01
   2.5968683e-01   1.2482810e+00
  -1.9813253e+00  -4.9957616e-01
  -6.1737504e-01  -8.0274061e-01
   7.4827290e-01   5.9752851e-01
  -1.1209441e+00  -7.9198169e-01
   5.6387317e-01   7.2876117e-01
  -1.0734790e+00  -2.9742844e-01
  -4.1200534e-01   2.8154437e-01
   3.7827533e-01   8.0742886e-01
   5.5933501e-01  -1.0988247e+00
  -2.0069950e+00   1.2650658e-02
  -6.1161077e-01   4.3732658e-01
   5.0045556e-01   1.4546981e+00
   5.1089058e-01   8.6580602e-01
   2.4110205e-01   1.1654090e+00
  -1.0516447e+00  -2.6126004e-01
  -9.7879093e-01  -6.4085440e-02
  -1.2757620e-01  -6.9169261e-01
  -1.0107752e-01   5.4241423e-01
   4.1998774e-01   1.1920185e+00
   4.9765619e-01   1.0501055e+00
   9.5076152e-01  -1.4074462e+00
   8.5143287e-02   2.8714128e-01
   4.6268106e-01   7.1345926e-01
  -3.7119552e-01   2.6663880e-01
  -2.0022876e+00  -7.0130617e-01
   1.2242779e+00  -2.2736860e+00
  -7.2797463e-01  -9.5605792e-02
  -7.0632703e-02   7.0094195e-02
   5.0202675e-01  -9.5321111e-01
   8.1440711e-01   1.1506492e+00
  -4.3893819e-01   2.1170686e-02
   1.7730204e-01  -1.0763103e+00
   3.5002283e-01   1.1215959e+00
  -1.0196966e+00  -3.6537025e-01
   7.1636702e-01  -7.0517254e-01
  -4.0464886e-01  -9.6535553e-01
  -1.6017907e+00  -5.2482839e-01
  -1.0441794e-01   5.3348143e-01
  -2.1771622e-01  -7.1992452e-01
  -9.3494335e-01  -2.9638109e-01
   1.9920529e+00  -1.4742935e+00
  -2.8683098e-01   9.2412488e-02
   4.1511391e-01   3.8992078e-01
   6.5664315e-02  -8.9594307e-01
  -1.8032830e+00  -3.6546411e-01
   5.0103653e-01  -1.1013712e+00
   8.4447756e-02   2.4864980e-01
   6.3644469e-02   2.2716860e-01
   9.1595573e-01   2.3172092e+00
   3.7616212e-02   1.9015841e-01
  -9.1566448e-01  -3.0169137e-01
  -1.7612277e+00  -7.6453610e-02
   2.1670936e+00  -1.7367928e+00
   1.8737171e-01   1.8490154e+00
   3.3476663e-01   1.4841674e+00
   1.3294736e+00  -1.1051991e+00
  -6.3121449e-01  -2.2989209e-01
  -1.8888150e+00  -5.1093120e-01
   1.9182704e-01   1.8667153e+00
  -4.1683473e-01  -5.6742947e-01
   2.2877998e-01  -2.4768918e+00
  -3.2159458e-01   2.4969332e-01
   6.4675673e-01   8.3227210e-01
   5.0556897e-01   1.0974488e+00
   2.1121183e+00  -1.2711989e+00
  -1.7357027e+00  -4.9453285e-01
  -3.5349884e-02   3.1145520e-01
  -1.6309776e+00  -3.6653358e-01
  -1.6096323e+00  -4.5654547e-01
  -9.5301353e-01  -4.7472598e-01
   2.1342431e+00  -1.7898103e+00
  -3.6619931e-01  -4.6042310e-02
   6.4360607e-01   7.8288211e-01
  -1.8329408e-01   2.1766379e-01
   6.5410570e-01   9.1061266e-01
  -1.1339376e+00  -3.7094204e-01
  -1.7580472e+00  -2.3073460e-01
   3.1279817e-02   2.9387234e-01
  -7.7171508e-03   3.3954685e-01
   3.0652144e-01   6.9476649e-01
   2.0687044e+00  -1.4693107e+00
   1.5920034e+00  -1.1932030e+00
  -9.1743283e-01  -5.0584303e-01
  -8.4263830e-01  -2.7739527e-01
   3.7025422e-01   1.2528318e+00
  -1.1923745e+00  -2.4389996e-01
  -8.6563753e-01   1.1738543e-01
   3.4789956e-01   7.4620108e-01
  -1.5928893e+00  -5.1991265e-01
   4.0214163e-01  -7.2642504e-01
   2.8497420e-01   1.6811666e+00
  -8.2491798e-01   1.5701911e-01
  -8.2032686e-01   2.7079192e-01
  -2.1129270e-01   2.2877921e-01
  -5.3100981e-01  -7.9407839e-01
   1.6003585e-01   1.5329359e+00
  -1.0502359e+00   8.5788552e-02
   6.2942839e-01  -9.1871851e-01
  -9.0143964e-01  -6.9750606e-02
   2.6644835e-01   5.1843033e-01
  -1.0014639e+00  -2.3601398e-01
   1.9405377e+00  -1.3362957e+00
  -1.7000859e+00  -6.1989727e-02
  -7.4597452e-01  -4.6914208e-01
  -7.3006090e-01   1.2329672e-01
   8.1349853e-01  -9.5715239e-01
  -5.4645294e-01  -6.3784877e-01
   7.2721521e-01   8.5809681e-01
   1.6954074e-01  -8.3963846e-01
   3.7548386e-01  -8.6891460e-01
   6.8813708e-01   7.2954335e-01
   5.7128686e-01   1.2305295e+00
   6.4024507e-01   6.5695716e-01
  -4.2972073e-01  -6.4745112e-01
  -2.4750548e-01  -7.0265681e-01
   5.4383945e-01   1.2611730e+00
   4.9543165e-01   5.1301440e-01
   2.9871133e-01   1.6515465e+00
   1.8307123e+00  -1.3892634e+00
  -1.0137709e-01   2.4472693e-01
   7.3717157e-01   1.2562926e+00
  -5.0604311e-01   3.1275478e-01
  -5.5486048e-01   4.8606789e-02
  -4.6717756e-01   4.9410681e-01
   1.2629617e+00  -1.1604863e+00
  -1.0485753e+00   8.9884224e-02
  -1.7991499e+00  -2.7338700e-01
   1.1440248e-01   2.0021380e+00
   1.0111443e-01   2.0190278e+00
   4.7420335e-02  -8.2410979e-01
  -5.8709063e-01  -5.7584309e-01
   2.1381484e+00  -1.3491238e+00
   3.4453321e-01   5.2303356e-01
  -1.4909686e+00  -4.1320797e-01
   2.1121498e+00  -1.4138826e+00
  -1.0481013e+00  -7.7424633e-01
  -1.8695302e+00  -4.3153340e-01
  -9.1158927e-01  -7.3893355e-01
   4.8237464e-01  -2.3381559e+00
   1.8099674e+00  -1.1944887e+00
  -5.4922967e-01  -6.5994175e-01
   4.0690115e-01   8.2396688e-01
   7.3637035e-01   8.0413549e-01
   1.4561738e+00  -1.9787321e+00
   5.8004989e-01   1.3784729e+00
   4.5845701e-01   1.5778645e+00
   6.5193247e-01   7.4571192e-01
  -1.7309544e+00  -3.8501661e-01
   4.4843534e-01   1.3725436e+00
   6.4093141e-01   1.2653106e+00
  -6.0682216e-01  -7.1902698e-01
   2.1048995e+00  -1.3630585e+00
  -1.1349326e+00  -3.9745103e-01
  -9.9428688e-01  -8.8823959e-01
  -1.4771543e+00  -2.5770061e-01
  -7.7507064e-01  -8.8812178e-01
  -1.9025716e+00  -3.7048833e-01
   2.0488519e-01   6.0113949e-01
  -2.4230719e-01   2.4857898e-01
  -1.4272097e+00  -5.3647906e-01
  -1.2494029e+00  -2.3597900e-01
   7.6451530e-01   2.3869089e+00
   3.5725881e-01   1.0791378e+00
  -5.5348963e-01   9.9165513e-02
   6.7779700e-02   4.6252207e-01
   6.1889775e-01  -1.1569726e+00
   7.3106210e-02  -9.6980067e-01
   3.2335979e-01   6.0621376e-01
   2.0631949e+00  -1.6344488e+00
  -1.1805217e+00  -5.1120508e-01
  -1.9689645e+00  -4.7057505e-01
   2.0322197e+00  -1.7702530e+00
  -6.1931981e-01  -6.8817527e-02
   1.8434512e+00  -1.3671100e+00
  -8.4042119e-01   4.0205400e-02
   6.4736960e-01   1.0710259e+00
  -5.1769041e-01   1.6838393e-01
   7.8341345e-01   9.0371029e-01
   2.0955322e-01   1.2170212e+00
  -6.7850718e-02   2.9370785e-01
   2.2686784e-01   1.1134052e+00
  -1.1762907e+00  -4.5733883e-02
   8.5652545e-01   8.3538689e-01
   8.4664285e-01  -1.0728319e+00
  -1.3278666e+00  -3.0828105e-01
   4.4235090e-01   7.1933284e-01
   7.2445478e-01  -1.1949549e+00
  -5.8172555e-01  -7.1471874e-01
  -7.5392818e-01  -5.5944732e-01
   1.6085062e+00  -2.0120603e+00
  -1.2534924e+00  -6.3880117e-01
  -7.3094492e-01  -1.3503881e-02
   6.1538499e-01  -1.0781918e+00
  -9.8176074e-01  -1.6323538e-01
   5.0732485e-01   6.8400096e-01
  -6.9293685e-03   3.7055403e-01
  -3.4420111e-01  -4.7168452e-01
   5.6974752e-01   6.7237098e-01
   6.3410490e-01   6.4213346e-01
  -7.4907189e-01   1.9148937e-01
   4.4190399e-01   6.6777041e-01
  -1.6137442e+00  -1.2855139e-01
   5.1485442e-01   4.5890294e-01
   1.2393795e-01  -1.1645353e+00
   2.4645935e-01   3.5982728e-01
   9.8187829e-02   3.8744446e-01
   1.4793628e-01   3.2337078e-01
   3.4439794e-01   1.0858503e+00
  -7.5269701e-01  -1.3346414e-01
  -1.3309628e+00   7.3811184e-02
  -1.7840695e+00  -4.6413080e-01
   4.6431788e-01   1.8569054e+00
  -1.4202597e+00   9.4141294e-02
   2.7213012e-01   1.7196668e+00
  -1.8136178e+00  -1.2570541e-01
  -5.4578258e-01  -6.4662785e-01
  -1.2385909e+00  -7.2114910e-02
  -1.8975988e+00  -2.2921012e-01
  -1.8185605e+00  -6.0407649e-01
  -1.8847812e+00  -8.0098338e-01
  -9.3477719e-01  -2.4088560e-01
  -5.7216419e-01   2.9472834e-02
  -1.0150438e+00   1.7579840e-01
  -9.6750703e-01  -5.4097394e-01
   4.0751218e-01   7.0312885e-01
   4.5382882e-01   7.1920939e-01
   1.8773639e+00  -1.1640573e+00
  -1.2208405e+00   1.7252303e-01
  -1.9991810e+00  -2.7754865e-01
   1.9503366e+00  -1.6784354e+00
  -6.6986616e-01   7.3807841e-02
   4.5163736e-02   2.7388799e-01
  -6.1295401e-01  -1.2526799e-01
   3.0462911e-01  -8.6351874e-01
  -8.2768612e-01  -3.1392315e-02
  -1.7860136e-01   3.2275507e-01
  -2.8634233e-01   2.3051076e-01
  -9.5590210e-01  -2.9016051e-01
  -1.6072464e+00  -1.2097126e-01
   1.7223726e+00  -1.2932121e+00
   1.0200569e+00  -1.0731696e+00
  -1.1415193e-01  -2.5211388e+00
   3.6435983e-01   1.4283533e+00
  -1.1435508e+00  -2.9485151e-01
   6.8733167e-01   9.6939794e-01
   6.9915812e-01  -1.1627388e+00
  -7.0815438e-01  -2.3383779e-01
  -1.1260544e-01  -6.0211066e-01
   2.4200762e-01   1.4549816e+00
  -3.6349955e-01  -3.9000234e-01
  -1.1350815e+00  -3.6444396e-01
  -1.5998299e+00  -4.0737860e-01
  -7.9565726e-01  -5.5592313e-01
  -2.1599709e-03  -7.7242611e-01
   2.2738749e+00  -1.6548993e+00
   4.3711790e-01   1.6289656e+00
  -1.4508059e-01   1.6680404e+00
  -1.8718338e+00   6.0985284e-02
   1.3634880e-01   1.7567105e+00
   1.8873393e-01   4.0878686e-01
   6.0633906e-01   1.2982310e+00
  -8.1343500e-01  -1.2112439e-01
   4.1822962e-01   1.2151227e+00
   5.8443668e-01  -2.1878415e+00
   8.5763384e-02   3.4137743e-01
  -8.2639378e-01  -6.7464475e-01
  -1.7071612e+00  -6.5487119e-02
   7.9958369e-01  -9.7822975e-01
   1.4930746e+00  -1.0592777e+00
   3.9447563e-01   5.8846888e-01
  -2.0292584e+00  -2.5522429e-01
   9.6735011e-01   1.0613956e+00
   5.8778970e-01   1.2052503e+00
  -3.5294501e-01  -7.9438607e-01
  -2.1630236e+00  -2.0119908e-01
   4.0054655e-02  -7.8167067e-01
   5.8831028e-01   9.0432638e-01
  -1.6373134e-01  -7.7842007e-01
   3.0912901e-02  -8.6479861e-01
   3.1324142e-01   3.5290701e-01
   2.2589897e+00  -1.6256441e+00
   6.2075897e-01   1.0161131e+00
   4.0237732e-01   1.1507574e+00
  -1.6661382e+00  -2.1790325e-01
   1.3683523e+00  -1.9315166e+00
   1.2806273e+00  -1.0944014e+00
   1.4118373e+00  -9.9155177e-01
  -7.2407502e-01  -5.5248823e-01
   1.9233093e+00  -1.4074816e+00
   2.4497088e-01   1.5543052e+00
   3.3710873e-01   3.6801510e-01
  -2.1586259e+00  -3.5331473e-01
   1.6756051e+00  -1.2058681e+00
   3.6912489e-01   1.5292937e+00
   4.9185804e-01   6.4489531e-01
  -7.3488148e-01  -5.5944794e-01
   7.9181446e-01   9.0416021e-01
   2.3312833e-01   5.1315737e-01
   2.7571784e-01   1.5038475e+00
   3.1815474e-01   6.8882041e-01
  -2.2357700e+00  -1.4561524e-01
  -1.7639191e+00  -5.1809084e-01
   5.3099711e-01   9.6543758e-01
   2.1516529e-01   1.8456650e+00
   2.3729719e-01   1.5484379e+00
  -4.6632898e-01   1.1695367e-01
  -7.5800410e-01  -4.4808134e-01
  -1.3658077e+00  -1.3799212e-01
   3.8925779e-01   9.6389535e-01
  -1.7503491e+00  -1.0151366e-01
  -1.0188435e+00  -2.3854105e-01
  -4.7991007e-02   5.3534296e-01
   8.4790576e-01  -1.0512619e+00
   7.1231033e-01   9.3785220e-01
   2.9789005e-01   7.1269746e-01
   4.9681092e-01  -9.8747429e-01
  -9.9345107e-01  -4.1000856e-01
  -6.9153506e-01  -6.0332487e-01
  -1.4783405e+00  -3.8868931e-01
  -3.1177901e-01   2.9955762e-01
   6.4546044e-01   3.5755587e-01
  -2.2022662e-01   1.5894350e-01
   7.5762756e-01   7.6851820e-01
  -2.3167372e-01   1.9786378e-01
   6.4571774e-01   1.1532838e+00
  -2.0345693e-01  -4.9264005e-01
  -1.4439739e+00  -3.3473346e-01
   8.3820749e-01   6.7150425e-01
  -1.2052298e-01  -7.7972182e-01
   3.7985691e-01   1.2370579e+00
  -4.3995422e-01   3.2806858e-01
  -6.7419426e-01   1.4697443e-01
   4.4762959e-01   8.9517771e-01
   6.5438275e-01   1.1250392e+00
   4.2770038e-01   9.2701372e-01
  -1.0183051e+00  -2.1356604e-01
   1.1243262e+00  -1.3438184e+00
  -1.1656323e+00  -3.0234470e-01
   2.2098667e-01   1.8354623e+00
  -2.0462713e-01  -6.0188029e-01
  -1.1424673e+00  -2.2291328e-01
   1.0693933e+00  -9.2387057e-01
   2.1964831e-01   1.4685065e+00
  -4.3508972e-01   6.0676156e-02
  -2.9517031e-01  -7.1823613e-01
   4.4196127e-01   1.2884572e+00
   4.1211133e-01   9.4965671e-01
   5.8585444e-01   7.9882388e-01
  -1.2337438e+00  -3.3006297e-01
  -1.8426933e+00  -5.7417502e-01
   2.1286192e+00  -1.7717361e+00
   1.1585159e+00  -1.0984117e+00
   1.8309978e-01   1.1329685e+00
  -1.0542711e+00  -5.7686033e-01
  -8.7213252e-01  -5.5705837e-01
   5.6299371e-01   6.0941627e-01
  -1.5708605e+00  -7.7182298e-02
   4.7873360e-01   8.2567284e-01
  -1.2256407e+00  -7.8001442e-02
  -1.7476657e+00  -3.8473417e-01
  -1.1445351e+00  -2.1119161e-01
  -1.1639190e+00  -1.4449140e-02
   4.6692549e-01   1.3412858e+00
   2.8755530e-01   4.7504549e-01
   7.0367913e-01   7.8739741e-01
   4.1602444e-01   4.4582206e-01
   1.9729018e+00   2.6052743e+00
   1.1824581e-01   1.8154566e+00
   6.9749459e-01   8.0704150e-01
  -5.3729134e-02  -5.8342858e-01
   2.1858581e+00  -1.5163624e+00
  -1.8116027e+00  -4.8240368e-01
  -1.1825867e+00  -5.8173676e-01
  -1.0955627e+00  -3.0672567e-01
  -7.3418450e-01   1.2783545e-02
  -3.9093485e-01   9.3772565e-02
  -5.2430880e-01   1.3130578e-01
   4.8387836e-01   1.9884156e+00
   2.7177344e-01  -7.6800412e-01
  -5.4696858e-01  -1.0053825e+00
   4.8865852e-01   1.1008440e+00
   2.1784694e+00  -1.4934439e+00
   1.0293559e+00  -8.4414763e-01
   1.5229793e+00  -1.0649589e+00
   6.4803414e-01   1.0339026e+00
  -1.9878728e-01  -1.0058543e+00
   1.6448975e-01   1.7274875e+00
   5.3944810e-01   5.1328609e-01
   1.1972395e+00  -1.0276067e+00
  -8.8773979e-01  -1.5841910e-02
   4.2407199e-01   1.3384829e+00
  -1.3682491e+00  -2.2049899e-01
  -8.0301514e-01  -5.9580743e-01
   7.3964634e-01   1.3556529e+00
   6.2145081e-01   1.0941786e+00
   7.4266280e-01   9.7814979e-01
   2.1541027e+00  -1.5894686e+00
   9.1193627e-01   7.9194634e-01
   5.1085355e-01   1.5227991e+00
  -1.0838418e+00  -1.5949607e-01
   2.2163100e-01   7.4224487e-01
  -1.2482791e+00   3.3075456e-01
   7.0262892e-01  -9.2204307e-01
  -1.3494035e+00  -2.3416381e-01
  -5.9290085e-01   5.0957226e-02
  -5.0081275e-01   1.1218600e-01
   9.7711333e-01  -1.1248282e+00
   6.3013985e-01   5.9635572e-01
   2.6863954e-01   1.2856963e+00
   1.9986705e+00  -1.8986498e+00
  -1.7771373e-01   2.4199457e-01
  -1.3519564e-01   2.4326263e-01
   1.5886191e-01   3.2141921e-01
   7.9906071e-01   9.5131550e-01
  -9.8696505e-01  -7.1122137e-01
   5.8745816e-01   4.6268302e-01
   1.9582893e+00  -1.1593390e+00
   1.8410672e+00  -1.1723463e+00
  -5.2482088e-01  -1.0210904e+00
   1.8433637e-01   1.0153635e+00
  -4.7914404e-01   4.7389546e-01
   3.4798349e-01   7.7358840e-01
   6.9796383e-01   1.1181788e+00
   6.1445254e-01   9.7121843e-01
   2.0662484e+00  -1.5285480e+00
   1.9144673e+00  -1.5781105e+00
   1.6409252e-01   4.5119785e-01
  -1.0242257e-01   5.4776321e-01
   1.3534596e+00  -1.2269841e+00
   5.5850661e-01   6.4872469e-01
   7.6566354e-01   1.1055145e+00
   1.5809663e-01   1.7746007e+00
   3.0932677e-01  -6.7651455e-01
  -9.7003909e-01   1.0514446e-01
   2.6543546e-01   5.6406348e-01
   4.2859158e-01   1.2920869e+00
  -2.9730374e-01   3.1030509e-01
   1.4187640e-01   4.9697252e-01
   6.5911214e-01  -9.2988106e-01
   5.2525750e-01   2.9367399e-01
  -7.2191637e-01   2.8292633e-01
  -6.3853968e-01  -3.4726878e-02
   1.1770038e-02   4.4865816e-01
  -1.0300967e+00  -1.7847106e-01
  -1.3452822e+00  -4.9928293e-01
  -1.2619212e+00  -4.4334920e-01
  -1.0487679e+00  -9.5879653e-02
  -8.3341159e-01  -1.5434582e-02
  -1.3726176e+00  -4.9141848e-01
   1.3947747e+00  -1.2545972e+00
   2.7371103e-01   2.1230809e+00
   6.0068903e-01   7.4513128e-01
  -1.4126896e+00  -5.5294129e-04
   2.4373020e+00  -1.7013553e+00
  -6.5529213e-01   4.6949168e-02
   4.0593493e-01   1.6332637e+00
  -7.6161841e-01  -1.3702823e-01
  -2.6049451e-01   2.9378008e-01
   4.4767250e-01   1.3835257e+00
   2.1825073e+00  -1.4762424e+00
   4.7910533e-01   4.5119561e-01
  -1.5319699e+00  -3.7345686e-01
  -6.9167008e-01  -7.8769267e-01
  -7.7718067e-01  -8.8287333e-01
   4.2531051e-01   4.6881575e-01
   2.2394183e+00   2.6595182e+00
   4.8897800e-01  -9.3138371e-01
   3.3406210e-01   7.4607137e-01
   3.2295835e-01   1.0041726e+00
   1.3598949e+00  -1.8426041e+00
  -1.7974591e-01  -6.0558381e-01
  -4.5053001e-01  -4.6708089e-01
   8.4533285e-01   5.0646643e-01
  -1.6545167e+00  -6.3991314e-01
  -1.4790227e+00  -5.0746376e-01
   5.2226232e-01   5.3330769e-01
  -1.2049438e+00  -5.1693306e-01
   1.4711206e-01   6.2757854e-01
   6.1414873e-01   1.2684157e+00
   3.6958302e-01   1.4659131e+00
  -5.7505169e-01  -7.2976781e-03
   8.7086301e-01   1.0495982e+00
   1.2173006e-01   1.7597088e+00
   7.3122597e-01  -1.0717170e+00
   1.9254820e-01   4.7428811e-01
  -1.5844035e+00  -6.4793166e-01
   6.0436747e-01   9.3887277e-01
   5.2240666e-01   2.0162775e+00
   4.3303115e-01  -8.4114014e-01
  -5.9021209e-01  -2.1254555e-01
   2.9458268e-01   1.7230989e+00
  -8.1049817e-01  -3.4407659e-01
  -1.4879143e+00  -4.3293832e-01
   2.2946286e-01   1.7677301e+00
  -2.1077896e+00  -3.0871690e-01
  -7.4127364e-01   1.3973247e-01
   6.5204118e-01  -7.4828715e-01
   7.3525014e-01   2.1101424e+00
   4.2110651e-01   1.3078260e+00
  -5.4543900e-02   3.6847254e-01
   1.9693902e+00  -1.3465631e+00
  -1.7401281e-01   6.0874163e-01
   6.4439720e-01  -8.3799461e-01
  -3.4100192e-01  -6.7690975e-01
   3.1495330e-01   1.1100969e+00
   2.6862200e-02   2.5226717e-01
  -4.0001201e-01   2.2795767e-01
   3.9724745e-02   3.9619917e-01
   5.1229947e-01   1.3711668e+00
  -2.1821188e-01  -9.6032491e-01
   2.9310394e-01   4.5662413e-01
  -7.1317078e-01  -4.5351023e-01
  -9.3824666e-01   1.5634399e-01
  -6.7851662e-01  -4.9791185e-01
  -1.4059064e+00  -4.9733906e-01
  -5.3710730e-01   5.3210863e-02
  -7.4397564e-01  -7.0435643e-01
   1.6298661e-01   1.7559573e+00
   6.1344865e-01   4.8403715e-01
  -4.7617290e-01  -7.9225261e-01
   4.3919136e-01   1.2699657e+00
   6.5129434e-01   8.9675587e-01
  -1.3480060e+00  -2.0105085e-01
   5.5585209e-01   5.8047411e-01
  -1.2164803e+00  -6.1168095e-01
   1.0712206e-01   3.6968538e-01
   4.3494608e-01   1.1231223e+00
  -6.3072576e-01   3.5091099e-01
  -1.6548358e+00  -5.2058539e-01
  -1.3465897e+00  -1.5918034e-01
   1.5286849e+00  -1.9297188e+00
  -4.4691702e-01   2.3404497e-01
  -1.1876064e+00  -2.4708567e-01
   4.4622685e-01   2.2146865e-01
  -8.3231185e-01  -6.5173721e-01
   1.8430402e+00  -1.2259327e+00
   1.4939429e-01   2.0569182e+00
   1.7420246e+00  -1.1562630e+00
  -2.6748370e-01   2.0539706e-01
   3.2803231e-01   1.6882865e+00
   1.1295929e+00  -1.1704497e+00
   4.8968541e-01   8.5023004e-01
   3.5712112e-02   3.2442320e-01
  -7.3784921e-01  -6.1430199e-01
   4.6828639e-01   1.0130996e+00
   1.7383909e+00  -1.2315459e+00
  -1.9271283e+00  -5.2768747e-01
  -8.8825529e-01  -1.1442478e-01
  -3.2639897e-01  -6.0407982e-01
   5.9430434e-01   1.1163563e+00
   1.9053179e+00  -1.7381954e+00
  -1.6274163e-01   2.6358932e-01
   1.8023105e+00  -1.8505845e+00
   2.2715117e-01   4.4781519e-01
   2.7750564e-01   1.0461288e+00
   5.7858877e-01   1.2108452e+00
   3.0622971e-01   7.0007395e-01
