   8.7024991e-01   7.1815174e-01
   6.5203502e-01   7.4782585e-01
   1.5389274e-01   6.4658429e-01
   1.1453128e-01   1.3935661e+00
  -2.4882677e-01   9.6255564e-01
  -4.9985469e-01  -5.2888599e-01
  -3.2057581e-01   3.1151451e-01
  -4.6720642e-01  -2.7578644e-01
  -3.2084811e-01  -2.1503101e-02
   5.0798472e-01   9.3261384e-01
   2.2455247e+00  -1.8169182e+00
   2.9512876e-02   6.0978746e-01
  -1.5754816e+00  -1.3943871e+00
  -1.4901540e+00  -7.5986596e-01
  -1.3199876e+00  -1.2117339e+00
  -1.0802484e+00  -1.6565520e+00
   5.8464305e-01   1.1246728e+00
  -2.0657632e+00  -1.0101445e+00
  -1.0747541e+00  -1.2657842e+00
  -1.5869933e+00  -8.7701796e-01
  -2.8612112e+00  -1.5514232e+00
   2.8628230e+00  -2.4376786e+00
   1.9269148e-01   1.1155273e+00
  -1.5164616e+00  -1.2704762e+00
  -1.6768776e-01   3.8294790e-01
   4.4221507e-01   9.9492166e-01
  -5.7397802e-01  -7.4945608e-02
   1.0906660e+00   6.5204921e-01
   8.2269750e-02   8.8443648e-01
  -9.7753407e-01  -9.7996489e-01
   1.4160989e+00   4.3076114e-02
   1.3645508e-01   8.5335711e-01
   1.2391377e-01   8.4919810e-01
  -1.0618334e+00   2.3565317e-01
   5.4359462e-01   6.3637290e-02
   1.2382655e+00   9.8330412e-01
  -4.7120548e-01   1.6212681e-01
   8.5430489e-02   7.7410848e-01
  -2.7799483e-01  -3.9354819e-01
  -3.5129942e-01   2.3442595e-01
   3.5863657e-01   8.2613102e-01
   8.8824906e-01   1.0488541e+00
  -9.8855167e-01  -5.6580397e-01
   8.3533019e-02   8.3319662e-01
  -1.4244827e+00  -1.0358878e+00
  -9.7541021e-01  -1.9069233e-01
  -1.3645665e+00  -1.2714617e+00
   7.5926996e-02   1.0604908e+00
   2.4463355e-01   1.6260914e+00
  -2.3608388e-01   6.6930769e-01
   1.0997565e+00   8.0114929e-01
   1.6831916e+00  -1.7651979e+00
  -1.6998788e-01   1.0479227e+00
   4.1307847e-01  -2.2252226e-01
   1.0597647e-02   1.2780666e+00
   1.5836891e+00  -4.3345393e-01
  -9.8899010e-01  -3.2463045e-01
   4.3846823e-01   1.1255972e+00
   1.0343863e+00   6.3360917e-01
  -2.1571961e-01   7.2742277e-01
   1.5021930e+00  -4.0399261e-02
  -4.5025218e-01  -5.7025232e-01
   6.8285385e-03   9.9249415e-01
   8.5631219e-01  -1.2450873e-01
   1.1522418e+00   7.5278742e-01
   1.8466398e-02   9.1717033e-02
   7.7958847e-01   8.0947509e-01
  -1.9108803e+00  -1.5345886e+00
  -1.5706623e+00  -6.7887978e-01
   3.2709032e+00  -2.7161739e+00
  -1.9477543e+00  -1.0524522e+00
  -5.2635887e-01   7.9383431e-02
  -8.4240199e-01  -8.2319235e-01
   4.0644624e-01   8.3314023e-01
  -3.2648233e-01   9.1665056e-01
   8.6555924e-01   7.5853404e-01
  -1.3458173e-01   5.9563237e-01
  -4.5292346e-01  -5.6810876e-01
   1.6397654e+00  -6.6068871e-01
  -7.1457246e-01  -8.5840610e-01
  -1.3557079e+00  -1.3330193e+00
   1.7918381e+00  -2.1442075e-01
  -2.3022757e-01   3.6712146e-01
   1.8215048e-01   7.7817918e-01
  -1.0302227e-01   7.8427367e-01
   1.6106908e+00  -2.1871347e+00
  -1.7680481e-01  -2.3277567e-01
  -1.5686364e-01   5.9473882e-01
  -1.1440631e+00  -1.0578399e+00
   1.2286877e+00  -1.3677619e+00
  -1.4837583e-01   6.4902246e-02
  -1.4400839e+00  -1.2244527e+00
  -8.7561873e-01  -8.0557630e-01
  -1.4532591e+00  -1.0625055e+00
  -1.9775704e+00  -1.2031517e+00
  -1.4088119e+00  -1.1262666e+00
   9.4875864e-01  -1.3335472e+00
  -1.3276486e+00  -7.4843088e-01
  -4.9979596e-01   8.1221161e-01
   1.3058686e-01   7.7707891e-01
  -7.2693295e-01   6.6665441e-02
   9.6286361e-01   1.2309383e+00
  -1.3417962e+00  -9.6851729e-01
  -2.1055486e-01  -8.6157026e-02
  -1.9592322e-01   2.8943840e-01
  -2.0802728e+00  -1.0234943e+00
  -6.2678375e-01   3.7922392e-01
  -1.8961128e+00  -1.6606368e+00
  -6.0095608e-01   6.0499561e-01
  -5.7283261e-01   8.2445537e-01
  -1.3020661e+00  -1.4014044e+00
   1.2763365e+00  -1.2422929e+00
   2.0944770e-01  -5.8998322e-01
   8.2117926e-01   2.9806052e-01
   6.3514833e-01   9.9640315e-01
   2.3311740e-01   1.5186115e-01
  -2.6991217e-01  -7.4900322e-01
  -1.5393130e+00  -1.3018984e+00
  -1.6041779e+00  -1.1599327e+00
   1.6520243e+00  -1.2126092e+00
   3.3124828e+00  -3.1193562e+00
   1.2979962e+00   1.0469281e+00
  -1.4130523e-01  -7.8258516e-02
  -1.5048372e+00  -8.6714503e-01
  -1.5456905e-01   4.4987516e-01
  -4.1762510e-01  -7.2614441e-01
   5.8293106e-01   1.3929193e+00
   1.3010289e-01   1.2235788e+00
   2.4298425e-01   9.7597946e-01
   2.0625286e+00  -2.7649098e+00
  -7.3987999e-01   1.2893289e-01
   1.2076535e+00   7.6863167e-01
  -5.2574868e-02  -4.2947912e-01
   4.7229906e-01   1.7383944e-02
   1.5099939e+00   2.7582240e-01
  -2.3894888e-01   9.4737189e-01
  -2.4241473e-01   5.4937710e-01
   3.9622296e-01   1.6582179e+00
   1.3054424e+00   8.3861802e-01
   1.4660127e+00   9.3484585e-01
  -2.1717852e-01  -1.3409616e-01
  -1.7918650e-02   1.6144314e+00
   4.7395306e-01   1.4265279e+00
  -1.3921981e+00  -2.2751188e-01
   1.2148464e+00   8.6053535e-01
   4.3163026e-02   3.2459517e-01
   3.6256962e-01   1.0054303e+00
   4.2208478e-03   6.4753755e-01
  -6.9307727e-01   3.6875905e-02
   2.0891722e+00  -2.7157218e+00
   3.2915692e-02   4.4399643e-01
  -2.3545979e-02   1.2125949e+00
  -2.8373010e+00  -1.0852029e+00
  -1.7188637e+00  -9.5806053e-01
   1.5451562e+00  -9.8940768e-01
   2.3233981e+00  -1.9087879e+00
   1.1963311e+00  -2.8564507e-01
   3.9380894e-01   1.0995378e+00
   3.3462757e-01   7.3689814e-01
  -1.4196793e-01   1.5555258e-01
  -1.5033295e+00  -1.1526442e+00
   1.5724792e+00  -2.2461195e-01
  -8.7556683e-01  -7.1794632e-01
  -3.0468852e-01   6.4108236e-01
  -5.4882648e-01  -2.4660403e-01
  -2.8415530e-01   9.6298283e-01
   2.5621475e-01   1.3941179e+00
   4.0321168e-01   9.4367920e-01
   1.8079525e-01   1.1949575e+00
  -1.1359072e+00  -8.1991724e-01
   5.7634933e-01   9.7177192e-01
  -9.1162810e-01  -8.6276124e-01
   2.5118945e+00  -2.9641728e+00
   9.3145244e-01  -1.5884269e-01
   1.3929029e+00   7.3555012e-01
  -3.3311086e-01   2.2292496e-01
   1.6258389e-01   1.2368686e+00
   6.8830639e-01   8.3162718e-01
   1.1299412e+00   1.4111078e+00
   1.5907249e+00   5.6142078e-02
   1.7058120e+00   8.7684623e-01
   3.1486845e-01   8.8817577e-01
  -5.6138579e-01  -8.9151639e-01
   2.4911521e-01   1.0257948e+00
   1.6791274e-01   8.0126475e-01
   8.5782705e-04  -5.0994188e-02
  -6.0655798e-01   2.1767706e-01
  -2.5413113e-01   1.2974177e+00
  -1.3361370e+00  -9.8996353e-01
   4.2663834e-01   1.3619682e+00
  -5.1027952e-01  -8.3295130e-01
  -3.8566038e-01   1.2237494e+00
   1.0084004e+00   1.0812568e+00
  -2.2500826e-03   1.0844817e-01
   8.1086454e-02   5.4040874e-01
   1.4547182e+00  -1.7037640e+00
   5.6347048e-01   7.6918202e-01
  -2.1720767e-01  -5.2468194e-01
   6.4046383e-01   1.7477855e+00
  -1.3833016e+00  -1.8697998e+00
  -5.9477939e-01  -4.0774576e-01
  -2.8642793e-01  -4.2826311e-01
  -2.3247387e-02   1.1560640e+00
   1.1968731e+00  -1.4911294e+00
  -3.3260971e-01  -8.6672012e-01
  -6.6531333e-03   3.6806892e-01
  -1.9315306e-01   1.0454238e+00
  -3.9631545e-01  -8.2997644e-01
  -1.0676089e+00  -1.4666734e+00
  -2.9095763e-01  -1.8634307e-01
  -1.3374822e+00  -8.4092237e-01
   1.2420324e-01   9.7570444e-01
  -1.5634385e+00  -1.8534561e+00
  -3.3906979e-01   3.4996566e-01
   2.0910123e-01   1.3017553e+00
  -2.3242630e+00  -1.3577717e+00
   2.5882868e+00  -2.5773870e+00
   3.2355987e-01   1.1481019e+00
   1.5133904e-01   1.0514761e+00
  -9.3609198e-01  -5.7847349e-01
  -1.9716343e+00  -1.3658285e+00
   9.8728377e-01   9.4424473e-01
   6.0124272e-01   4.9087251e-01
  -2.4983643e-05   1.1671015e+00
   6.0980776e-01   3.1154038e-01
  -1.5496549e+00  -1.4270089e+00
  -3.0499509e-01   5.7664469e-01
   6.9641830e-02   1.2168390e+00
   5.8715521e-01   8.1577483e-01
  -1.0769358e-01   1.3498976e+00
  -9.8763405e-01  -9.0782683e-01
  -8.1293058e-01  -6.6347504e-03
   7.0492854e-01   1.5328856e+00
   1.1445536e-01   1.5528603e+00
  -1.0351793e+00  -2.2766031e-01
  -4.9731186e-01  -4.3087500e-01
   3.5529570e-01  -4.4329750e-01
   1.9526584e+00  -2.0955032e+00
   5.1971511e-01   9.1952314e-01
  -9.0905420e-01  -1.4703793e-01
   1.2520580e+00  -4.4274897e-01
   4.4805297e-01   1.6297926e+00
   5.7869610e-01   8.0450212e-01
  -8.1964890e-01   2.8215880e-01
   6.1940015e-01   1.2730898e+00
   7.9748660e-01   1.3811169e+00
  -1.0963698e+00  -1.3775775e-01
   1.0192693e+00   1.2048347e+00
  -3.1559446e-01  -6.7696529e-02
   8.3178856e-01   1.5798649e+00
  -1.3722746e-01   8.7596532e-01
  -9.4889921e-01  -1.9652497e+00
   2.3217154e-01  -7.5195277e-01
   5.8400736e-01   1.3604572e+00
  -1.2892018e+00  -1.3076808e+00
   1.2281008e+00  -5.1718223e-01
   4.3319778e-01   8.7486020e-01
   3.6171190e-01   9.5937869e-01
  -6.1856039e-01   2.4560393e-01
   2.5236737e+00  -2.8093106e+00
  -7.9873789e-01  -5.1508677e-01
  -6.7800669e-01   7.0488554e-01
  -1.0262659e+00  -5.4816998e-01
  -1.3988343e+00  -1.3603153e+00
   8.2220491e-01   1.3766655e+00
   7.8160561e-01   1.1926162e+00
  -2.2196431e+00  -9.7456914e-01
   2.1928056e-01   7.7962544e-01
   4.3493529e-01   6.9968043e-01
  -7.5878392e-01  -3.8809002e-01
  -9.7105670e-01  -9.3101140e-01
   2.2758309e-01   7.7498675e-01
   6.3416991e-01  -1.6327715e+00
   2.8421958e+00  -2.8159121e+00
  -6.6893028e-01   3.3874132e-01
   1.6355139e+00   5.4370740e-01
  -1.4229836e-01   1.5442998e+00
   2.0565441e+00  -3.6428463e-01
  -1.5648380e+00  -1.6188847e+00
  -2.0060025e+00  -1.3830985e+00
   1.4006664e+00  -2.0117114e+00
  -2.8073844e-01   1.4513843e-01
  -2.2350437e-01   9.7550339e-01
   3.7814532e-01  -1.5535333e-01
   3.8462914e-01   1.5497683e+00
  -2.5665011e+00  -1.0062011e+00
  -7.2925411e-01  -6.7151141e-01
  -1.5162397e+00  -1.3689983e+00
  -1.7840140e-01  -3.8451107e-02
  -1.1702520e+00  -8.3120950e-01
  -6.5288128e-01  -1.3453301e+00
  -1.7574630e+00  -1.1669897e+00
   3.5372161e-01   9.0047039e-02
  -2.2194392e+00  -1.3270422e+00
   9.1413502e-02   8.7314014e-01
   1.3890701e+00  -9.8585004e-01
   7.0903816e-02   1.2004628e+00
   6.2780061e-01   1.4008836e+00
   1.5625106e+00  -1.6539826e+00
   4.3710325e-01   1.2444988e+00
   5.2437481e-01   1.2906310e+00
  -9.9058604e-01  -6.2671533e-01
   1.7162038e+00   3.1862578e-01
   1.2398424e+00   4.3523743e-01
  -1.2470460e+00  -9.5136885e-01
   2.4920448e-01   8.2618239e-01
   1.9897200e-01   1.0441792e+00
  -1.6592374e-01   4.8138155e-02
  -1.5677920e+00  -8.4438589e-01
  -6.3730455e-01  -9.8266807e-01
  -9.8790427e-01  -3.4896191e-01
   9.9228091e-01   1.4769882e+00
   7.8561337e-01   8.1508304e-01
  -7.7861327e-01  -6.3735220e-01
   9.7209785e-01   5.5083969e-01
   6.8335357e-01   1.1752842e+00
  -1.5566209e-01  -1.4561063e-01
  -2.1036871e-01   7.5941880e-01
  -6.2700712e-01   5.8946606e-01
   3.7217920e-01   6.8720571e-01
   5.2919921e-01   1.1924980e+00
   1.1700990e+00   1.1437378e+00
  -2.0901591e+00  -1.5387417e+00
  -6.1830919e-01  -1.9588199e-01
  -1.9668364e-01   8.9382221e-01
   1.0456002e+00   1.5281663e+00
   8.0704656e-01   1.4756971e+00
  -1.5096571e+00  -1.0155430e+00
  -2.8092534e+00  -9.2136943e-01
  -8.3982872e-01  -5.1583463e-01
  -1.4526247e+00  -1.6721181e+00
   1.9092163e+00  -1.2463676e+00
  -3.5166402e-02   1.7087652e-01
  -5.2110918e-01  -2.1951513e-01
  -6.8868834e-01  -1.7574548e-01
  -6.9364373e-01  -9.6917015e-01
   1.7663665e-01   6.5720545e-01
   5.5791614e-02   2.4594568e-01
  -2.1820023e+00  -1.1628325e+00
   6.0207845e-01   1.2213371e-02
   4.9530463e-01   1.3991953e+00
   2.2567448e+00  -2.3478979e+00
   1.4633263e+00   1.3710519e+00
  -2.2991449e+00  -1.1922494e+00
   1.5337876e+00   5.4915774e-01
  -6.5707830e-01  -8.0207313e-01
   5.9853213e-01   1.6985866e+00
   2.3467302e-01   3.4300580e-01
   1.1326458e+00   1.6589388e-01
   1.1265912e+00   9.5472391e-01
  -1.4821420e-01   4.3197698e-01
  -9.1450868e-02   1.0376603e+00
  -2.3069023e+00  -6.6327298e-01
   4.1995121e-01   4.4495244e-01
  -8.2807173e-01  -9.6062225e-01
   6.7883723e-01   9.6570793e-01
  -5.1917230e-01  -3.6756818e-01
  -8.4003307e-02   2.0386971e-01
   2.0626478e+00  -3.0131698e+00
  -1.1518162e-01  -5.0828929e-01
   1.7829874e+00  -2.0172411e+00
   7.2515024e-01   1.2941468e+00
  -2.4158820e-01   9.1551006e-01
  -3.3749517e-01  -2.1051479e-01
  -8.7155770e-01  -1.4195858e+00
  -8.6641186e-02   7.2484253e-01
  -1.8794934e+00  -1.4302470e+00
   4.2235847e-01   9.1516805e-01
   5.6173748e-01   1.0209825e+00
  -1.2994996e-01   1.1869882e+00
   6.9585135e-01   9.9002574e-01
   8.3619185e-01   8.2930351e-01
   1.4943114e+00  -1.1042193e+00
  -1.5608796e+00  -1.3413418e+00
   2.3168038e+00  -3.1640635e+00
   6.0910811e-01   1.0219022e+00
  -1.3160032e-01   5.3186255e-01
   1.0763000e+00   8.1760364e-01
  -9.6760504e-01  -4.6456816e-01
  -9.3212429e-01  -6.7418200e-01
  -9.9919385e-01  -4.5248655e-01
  -1.1700669e+00  -9.4407297e-01
  -6.9521410e-01  -6.5165678e-01
   1.9243014e-01   3.6006341e-01
  -5.9138907e-01  -5.2581656e-01
   6.2418985e-01   1.1820919e+00
  -6.7016378e-01  -4.7664896e-01
   1.1551591e+00  -1.4698125e-01
   3.1063616e-01   1.5392255e+00
   9.2026644e-01   1.4478319e-01
  -2.9817410e+00  -9.8906110e-01
  -4.6213269e-02   4.6203397e-01
   2.3308896e-01   6.3568382e-01
   8.7803923e-01  -3.2637288e-01
   1.2599780e+00   8.3935779e-01
   5.1794684e-01   9.7750120e-01
   3.2760034e-01   8.4071479e-01
  -1.1521656e+00  -1.6305641e+00
   8.4560284e-01   1.4364714e+00
  -6.3820574e-01  -5.1151971e-01
  -8.1664481e-01  -3.1923233e-01
  -8.0691562e-01  -1.3041846e+00
   1.1052600e+00   9.3477312e-01
   1.1051260e+00   8.6192994e-01
   1.0957327e-01   1.1870678e+00
  -2.4353777e-01   2.8803195e-01
   7.1868154e-01   1.1997459e+00
   1.4244813e-01   9.2899851e-01
  -1.9848931e+00  -1.2048647e+00
  -4.9308112e-02   4.7547081e-01
  -7.1375407e-01  -7.0141645e-02
  -3.3506772e-01   1.3551746e+00
   3.1666303e-01   9.5690439e-01
   1.3152264e-01   8.3798163e-02
  -2.0224235e+00  -1.1022583e+00
  -7.1741243e-01  -1.3934413e+00
   7.1240230e-01   1.1955795e+00
  -6.4482527e-01  -9.9126515e-01
  -5.6411550e-01  -8.4486911e-01
  -4.0339022e-01   4.2319011e-01
  -6.9120958e-01  -6.1856487e-01
   1.1835807e+00   1.4277677e-01
   2.8021013e-01   8.9561681e-01
   9.5432532e-02   8.2690931e-01
  -1.1230888e-01   3.1916217e-01
  -9.9581275e-01  -7.0286273e-01
   5.3842235e-01   6.1748247e-01
   9.2831266e-01   6.5017398e-01
   8.2576001e-01   9.6229542e-01
   6.0595420e-01   1.0825511e+00
  -2.0296887e+00  -1.0418127e+00
   2.9362197e-01   1.3002694e+00
  -1.1809776e+00  -1.2803248e+00
   1.6661966e-01   1.0847546e+00
  -2.7185743e-01  -8.4717341e-02
   6.8002866e-01   8.2023341e-01
  -6.8561461e-01  -1.0676150e+00
  -3.1952556e-01  -3.2055686e-01
  -2.2041576e+00  -1.0652632e+00
  -4.5287189e-01   8.4706939e-02
   6.0572304e-02   1.2480654e+00
  -1.1846674e-01   6.5737623e-01
   8.1749833e-01   1.4173850e+00
   1.2023113e+00  -4.7132229e-01
  -5.1824341e-01  -4.1321502e-01
  -1.8824753e+00  -1.9097195e+00
  -1.1415622e+00  -9.1355694e-01
   3.3330091e-01   9.7864340e-01
  -1.9596680e+00  -1.3989914e+00
  -1.3936284e+00  -1.5512832e+00
  -9.8396930e-01  -8.7054656e-01
  -1.7848158e+00  -1.4741645e+00
   6.3621758e-01   1.4529707e+00
   1.2039571e+00   6.9545925e-01
   7.2858700e-01   1.2953813e+00
   1.3315091e+00  -9.5682963e-01
  -2.3706936e+00  -6.7534429e-01
   5.2897268e-01   1.4737998e+00
  -6.2132384e-01  -8.4071108e-01
  -3.3881022e-01   7.6406053e-02
  -6.2911223e-01  -8.5958585e-01
   2.5538339e-01   1.0109880e+00
   2.5066207e+00  -1.9458172e+00
   8.2840164e-01   1.3600634e+00
  -1.3510008e+00  -6.2637083e-01
   3.0612505e-01   1.3651574e+00
  -4.1845928e-01  -7.4010623e-01
   1.6356113e-01   1.1632208e+00
   1.5572864e+00  -6.9182636e-01
  -1.1875357e+00  -7.9423071e-01
   8.6218316e-01   1.8705645e+00
   3.8394936e-01   1.9970017e-01
  -1.4473023e-01   1.0488184e+00
  -1.4786461e-01   8.1946061e-01
  -1.4030409e+00  -1.1840745e+00
  -4.4496278e-01   3.3392313e-01
  -2.5942627e-01  -9.8242519e-02
   1.1612598e+00   3.9647755e-01
   4.1068593e-01   1.5414066e-01
  -3.8501150e-02  -6.8776216e-01
   2.7103086e-01   7.3407550e-01
   1.2430320e-02   1.0405684e+00
  -3.4883850e-01  -9.6041119e-01
  -1.3675193e+00  -4.8039422e-01
   7.1656029e-01   5.4043842e-01
   1.3679758e+00  -2.0086813e-01
  -1.5300239e+00  -1.2278153e+00
  -6.6826035e-01  -6.1753642e-01
   2.0665101e-01   8.7511296e-01
  -8.6107191e-01  -1.8021780e+00
   7.7345141e-01   8.1746702e-01
   7.4499709e-01   3.1743128e-01
  -1.3536064e+00  -1.0271566e+00
   8.9875784e-01   1.2082327e+00
  -1.7511466e+00  -9.3421208e-01
   2.1684252e+00  -2.7016796e+00
   5.8408723e-02   4.5765809e-01
  -5.5476726e-01   2.6351519e-02
  -2.5125873e-01   1.2760502e-01
  -2.0940538e-01   8.9053853e-01
   2.0593754e-01   7.2400417e-01
   9.1324837e-01   1.0054069e+00
  -1.0828957e+00  -8.0188222e-01
  -7.5509137e-01  -9.3613694e-02
  -1.1007686e+00  -1.2079313e+00
  -1.7537354e+00  -1.3753928e+00
   4.1365520e-01  -6.7956463e-01
  -2.0387217e+00  -1.3690270e+00
  -9.4100920e-01  -1.0158180e+00
  -8.6820420e-01  -6.7456473e-01
   1.1809937e+00  -2.6032837e-01
   9.4034362e-01   9.0129468e-01
  -6.0190002e-02   3.5107908e-01
   9.8786886e-01   1.2080311e+00
  -5.3104012e-01  -1.0550103e+00
  -4.9497559e-02   4.7539247e-01
   6.2653163e-01   1.4214626e+00
   1.7562656e+00  -1.8876755e+00
   3.6544767e-01   7.0130911e-01
  -1.4295210e+00  -1.4529830e+00
   1.5414546e+00  -2.2632442e+00
   2.4102513e+00  -1.2059355e+00
   5.5211884e-01   5.0726522e-01
  -1.5779365e+00  -1.7708077e+00
  -2.5861845e+00  -6.0547051e-01
   1.0470108e+00   1.3552505e+00
   1.8114512e-01  -4.9059932e-02
   8.9226593e-01   1.1138151e+00
   1.0165207e+00   1.4846850e+00
   6.4735880e-01   7.7927561e-01
   6.4417030e-01   1.1221410e+00
   5.2648092e-01   1.6443778e+00
  -4.3200544e-01  -1.2034900e+00
   7.0997463e-01   8.2378390e-01
   6.0392772e-02   8.5241432e-01
  -1.8001803e-01   1.1931579e+00
   7.6750807e-01   5.9970010e-02
  -2.4606969e-01   1.4382286e-02
   2.7987711e-01   1.5426842e+00
   1.9371859e+00  -2.1570413e+00
  -7.0596771e-01  -3.3943236e-01
  -1.9084129e+00  -1.7257733e+00
  -1.2403847e+00  -1.2027155e+00
  -3.5162493e-01   4.7361112e-02
   2.1756180e-01   1.1264601e+00
   2.9369710e-01   6.3360934e-01
  -8.4991604e-01  -1.1843660e+00
   2.8947012e-01   1.6737486e+00
   1.2364756e-01   1.2259232e+00
   4.8682794e-01   9.0371215e-01
   1.3448825e-01   1.2622114e+00
  -3.4540393e-01  -4.9367178e-01
   1.3015671e+00  -1.4830269e+00
   1.1114469e+00   6.8788149e-01
  -1.4134146e+00  -7.5745801e-01
  -8.3049958e-01  -3.6904209e-01
  -1.0568593e+00   2.0357115e-01
  -1.2965692e+00  -1.2543751e+00
   2.7991390e+00  -2.4428988e+00
   8.8009064e-01   6.2025541e-01
   3.2687007e-01   4.1212351e-01
   5.9053658e-01   1.2562822e+00
   8.8782058e-01   3.8956351e-01
  -2.2332886e-02   1.0529382e+00
   2.1402869e+00  -1.3655326e+00
  -2.4311750e+00  -1.0332196e+00
   8.7484455e-01   6.6550796e-02
   8.7990366e-01   1.0038290e+00
   1.9607322e+00  -8.0360512e-01
  -2.1615958e+00  -1.2739021e+00
   1.9877832e+00  -2.1549318e+00
  -5.9989160e-01   3.1374727e-01
  -7.2748838e-01  -7.3135311e-01
   6.4180351e-01   1.2105765e+00
  -2.8754045e+00  -6.6688426e-01
   1.2223789e+00  -6.2120841e-01
   9.6068477e-01   4.5011757e-01
  -3.1361225e-01   7.1305633e-01
  -8.1702935e-01  -3.0298107e-01
  -7.2348890e-01  -2.8601179e-01
   4.0226701e-01   1.5370351e+00
  -3.9077872e-01  -3.4000355e-01
   8.6269327e-03   1.2377210e+00
   1.1386285e+00   6.7514364e-01
   7.8221780e-01   3.9624820e-01
  -1.9574449e+00  -9.0630252e-01
  -1.4825416e-01   8.4519499e-01
  -1.3418079e+00  -3.2452929e-01
   1.6775244e+00  -1.6632762e+00
  -3.8026914e-01   2.0824947e-01
  -2.8449263e-01   1.6402096e+00
   7.7332777e-01   1.4669180e+00
   7.8842173e-01   9.6879486e-01
   1.0110250e+00  -7.1699038e-02
  -7.5626602e-01  -5.5552699e-01
  -2.5573332e-01   2.7483303e-01
  -1.5007759e+00  -1.4855659e+00
   9.6451154e-01   1.2089114e+00
  -7.3123829e-02   4.6183844e-01
   1.3298551e+00   3.8263377e-01
  -4.1041367e-01   9.8350323e-01
   4.9879175e-01   1.5310334e+00
  -1.5446898e-01   7.4692133e-01
  -1.4974294e+00  -9.0255327e-01
   1.2450814e-01   1.8774812e-01
  -6.6979550e-01   2.8034413e-01
  -6.5068540e-01   3.7836102e-02
   5.7790664e-01   6.0315805e-01
   3.7557258e-01   1.4164104e+00
   1.1038942e-01  -6.8222252e-02
   4.6771296e-01   1.4708156e+00
   7.1142764e-01   1.1374030e+00
   9.7171775e-01   6.7746618e-01
   6.2605621e-01   1.0889041e+00
   1.0318733e-01   1.0593291e+00
  -4.8517167e-01   6.6021416e-01
  -2.3743012e+00  -1.1715849e+00
  -1.4762213e-02   2.8453054e-02
   1.2501172e+00   1.4421668e+00
  -1.1256862e+00  -1.1006751e+00
   8.7587461e-01   1.4244929e+00
   1.0135990e+00   6.0020212e-01
   1.1674233e+00   1.2942663e+00
   3.6892267e-01   1.6135288e+00
   1.7123347e+00  -1.8965763e+00
   1.2461580e+00   6.0556489e-01
   8.1535165e-03   9.7385439e-01
  -3.3168863e-01  -3.3957305e-01
   7.0843915e-01   3.7607261e-01
  -4.2465429e-01   1.3026217e-01
   4.5839618e-01   7.2943101e-01
  -2.7381676e-02   5.1330530e-01
   1.8831864e-01   9.7612251e-01
   8.0776442e-04   9.7946441e-01
   2.1888835e-01   8.0709502e-01
  -4.6252997e-01  -8.4767181e-01
   1.5594644e+00  -1.3505440e+00
  -9.4590770e-01  -1.3397057e+00
   3.7458329e-01   1.1640707e+00
  -2.1485546e-01   2.6434986e-01
   6.1400762e-01   8.8740809e-01
   1.2340016e+00   3.8722200e-01
   6.8297382e-01   7.6692630e-01
  -3.5334266e-01   2.4502365e-01
   1.6546752e+00  -9.2653915e-01
  -7.2049610e-01  -1.5755346e-01
   1.0302971e+00   1.0856521e+00
   1.1810944e+00   1.0576948e+00
  -9.5480898e-01  -8.2752997e-01
  -1.1985527e+00  -2.1597334e-01
  -4.7198156e-01   1.8476049e-01
  -3.1048649e-01  -2.8381265e-01
  -1.5176061e+00  -1.8175351e+00
   1.0522230e+00   4.3472856e-01
  -1.0029759e-01  -7.3332512e-01
   1.5987002e+00  -2.0432070e+00
   4.1146323e-03   1.8342104e-01
   6.9704012e-02   8.6318203e-01
   4.0421276e-01   5.5103182e-01
   2.3185823e-01   8.2676250e-01
  -1.4074648e+00  -1.1090852e+00
  -3.7435888e-01   9.9533255e-01
   6.6923398e-01   8.7997235e-01
   7.2356692e-02   7.1663994e-01
   3.2737852e-01   1.2395252e+00
  -1.0670225e+00  -7.6674612e-01
   5.4338269e-01   7.4423738e-01
   6.4388470e-01   1.2440118e+00
   7.6454447e-01   7.9255632e-01
   1.3552004e+00  -1.7141040e-01
   1.4564353e+00   1.1618408e-01
   9.8848845e-01   2.1162416e-01
  -1.8395412e-01  -4.3497655e-01
  -3.5817939e-01  -6.7827859e-01
  -6.3294017e-01   9.7281208e-01
  -1.7113340e+00  -1.4533488e+00
  -1.2852436e+00  -1.1610618e+00
   3.3713278e-01   7.1102621e-01
  -3.2167558e-01  -7.1885339e-01
  -8.3414457e-01  -1.0082098e+00
   1.5002910e+00   3.0975221e-01
   5.0920254e-01   1.3455986e+00
  -1.3854390e+00  -1.6028238e+00
  -2.4700156e+00  -1.0941373e+00
  -5.8147107e-01  -1.1390728e-01
   4.4825012e-02   6.7379010e-01
   4.4945308e-01   6.6008923e-01
  -1.3327235e+00  -1.0664004e+00
  -1.7235841e+00  -1.4152953e+00
   1.5477200e+00  -3.2057898e-01
  -5.7279222e-01  -5.5380188e-01
   2.9212718e-01  -5.7979559e-01
   3.2835303e-01   1.2511188e+00
  -4.9637272e-01  -8.4396898e-01
  -3.4349146e-01   4.5012836e-01
  -4.7593477e-01   3.3529429e-01
   1.0510049e+00  -4.9520794e-01
   3.2280679e-01   1.4280593e+00
   1.5008043e+00   7.1096824e-01
   6.2956935e-01   5.4208759e-01
   5.6219807e-01   9.1037908e-01
  -6.3325939e-02   6.0663339e-01
  -1.4636906e+00  -1.6280635e+00
   7.2386257e-01   1.3941290e+00
  -2.4067511e+00  -1.1460585e+00
  -5.2174088e-02   4.0898682e-01
  -3.0064942e+00  -1.5217168e+00
  -9.9726042e-02   7.5743974e-01
  -5.9730832e-01   3.9915147e-01
  -1.3654403e+00  -1.0960818e+00
   3.4180196e-01   8.7668603e-01
   2.3482700e-01   7.0228324e-01
   1.1128976e+00   9.0491923e-01
   2.7535472e-01   7.8420784e-01
   1.5957834e+00  -1.5574577e+00
  -7.9221351e-03  -3.7092090e-01
  -1.4864653e+00  -1.1256104e+00
   9.5459840e-01   1.1529334e+00
   1.7290289e+00  -7.7609710e-01
   3.8274240e-01   9.6268958e-01
  -2.0006601e-01  -1.7233287e-01
  -2.5344017e+00  -1.1948464e+00
  -2.1500839e-03   1.4261863e+00
   1.8492085e-01   1.1225601e+00
  -5.4008417e-01  -4.4139965e-01
   2.4854470e-01   1.1364162e+00
   2.2527621e-01   2.5892914e-01
  -4.7673854e-01  -9.0620913e-02
   2.4259289e+00  -2.3748407e+00
   1.9687935e+00  -2.1124390e+00
   2.6464547e-01   1.3331312e+00
   2.0531459e+00  -2.2284499e+00
  -1.1118693e+00  -5.6016661e-01
  -1.0188094e+00  -1.1165201e+00
  -9.9311552e-01  -4.4644029e-01
   1.6774945e+00  -1.0594963e+00
   1.4649069e-01   6.0648394e-01
   1.6869471e+00  -3.3121590e+00
  -2.3191022e+00  -8.7348834e-01
   9.4671862e-01   1.1380199e+00
   1.0813568e+00   1.2035240e-03
  -6.6411397e-02   2.3460274e-01
   9.7513309e-01   1.0942384e+00
  -1.4635232e-02   1.3406943e+00
   1.4454543e+00   1.5805511e-01
   8.1644319e-01   1.8894125e-01
  -4.1835185e-01  -7.5137939e-02
  -5.5301260e-01  -5.9075830e-01
   4.8419850e-01   9.3438397e-01
  -4.5162204e-01  -7.7814619e-01
   6.8559975e-01   1.2360144e+00
  -2.7009905e+00  -9.4170388e-01
  -1.6038000e-01  -1.4018406e-03
  -1.0254036e+00  -6.6637363e-01
   2.9677552e-01   1.2582796e+00
  -1.0256190e+00  -1.2370003e+00
   8.6383124e-01  -5.6469556e-01
  -8.4955286e-01  -3.0061808e-01
   5.3109935e-01   1.2987309e+00
   6.0142380e-02   1.8681041e+00
   2.7950344e+00  -2.5925020e+00
  -6.1785402e-01  -2.6712741e-01
  -5.5534659e-01   5.5575973e-01
   1.6872297e+00   1.8843937e-01
  -1.7429155e+00  -1.6787389e+00
  -1.8482219e+00  -8.3984432e-01
  -1.5307427e-01  -7.0040960e-01
   1.3629245e-01   1.0924172e+00
  -1.2837100e+00  -9.4201733e-01
   4.6496961e-01   1.4712879e+00
   7.8627481e-01   5.5159342e-01
  -1.5153369e+00  -1.4019480e+00
  -1.9367661e+00  -9.4350499e-01
  -1.4568893e+00  -7.0432010e-01
   1.2439830e-01  -7.8614164e-01
   2.2208134e-01   8.4244811e-01
   5.9959430e-01   4.7172373e-01
  -1.2325560e+00  -5.9970125e-01
   1.4327800e+00  -1.6848016e+00
   4.9489480e-01   1.0425033e+00
  -1.2990844e+00  -1.3105887e+00
  -9.3170085e-01   3.6792795e-02
  -2.0817126e-01   7.6957413e-01
   4.3445818e-01   1.8399455e-01
  -2.5698955e+00  -7.8785230e-01
  -4.8943726e-01   8.6702614e-01
   9.9406886e-01   8.2784217e-01
   1.2581158e+00   2.0926458e-02
   5.4333091e-01   1.5024771e+00
  -8.8364154e-01  -1.1097047e+00
   1.3113675e+00  -1.0031266e-01
  -2.6454748e-01   1.9055459e-01
   2.4333157e-01   4.5908111e-01
  -1.3736022e-02  -7.3624528e-01
  -3.4802729e-01   1.0345618e+00
  -1.2752900e+00  -1.5651800e+00
  -1.2864278e+00  -1.0105436e+00
  -2.2189330e-01   4.7718739e-02
  -1.9468682e-01   6.9338680e-01
  -1.3128529e+00  -1.3689605e+00
  -5.1367057e-02  -2.8950762e-01
   2.5650285e+00  -2.5166678e+00
   3.6860844e-02   8.6581914e-01
   7.5002181e-02  -2.0648473e-02
   7.6041849e-02   9.9842047e-01
   1.2228368e+00  -1.1137364e+00
  -1.2074247e+00  -1.0979097e+00
   1.5013576e+00   5.1845072e-01
  -8.7885412e-01   1.3929310e-01
   1.1766796e+00  -5.2844449e-02
  -2.5053736e+00  -1.5756616e+00
   1.8225755e+00  -2.2079993e+00
   1.2839542e+00   1.0177321e+00
  -1.0417873e+00  -1.0773915e+00
  -1.1861812e+00  -1.1954498e+00
  -1.1647587e+00  -1.1647204e+00
  -7.5636294e-01  -1.1291672e+00
  -4.2512109e-01   3.5677062e-01
   4.9313392e-01   7.2347091e-01
   5.1049049e-01   1.4775866e+00
   8.8402910e-01   1.3600142e+00
  -5.8901404e-01  -5.7685750e-01
   2.6369142e-01   5.4101239e-01
  -2.8197996e-01   1.6095035e-01
  -7.3042863e-01  -6.2626078e-01
   7.9901638e-01   3.6220040e-01
   1.8953894e+00  -1.3474522e+00
  -3.3516829e-03  -7.1127289e-01
   7.7362571e-01   1.1817768e+00
  -4.1143333e-01  -1.0440210e-01
   1.9050277e+00   2.3370838e-01
  -5.1497517e-01  -1.0168393e+00
   1.1122707e-01   6.0648805e-01
  -4.5184701e-01   1.1894411e-02
  -6.8510637e-01  -4.0127553e-01
   8.2709553e-02   7.7547010e-01
  -1.7290697e+00  -1.1105896e+00
  -2.4745597e-01   7.8002223e-01
  -5.6294698e-02   6.5701019e-02
  -2.2922578e+00  -1.1828222e+00
  -5.9299536e-01  -2.9023242e-01
  -1.0758104e-01   5.6854014e-02
   1.4856050e+00  -9.8924832e-01
   1.2436213e+00   7.3674080e-01
   1.1849115e+00   1.2222179e+00
   8.8882176e-01   9.7742064e-01
  -5.3410825e-01   8.7504087e-01
   2.7482391e-01   2.6762772e-01
   5.4253809e-01   1.3358201e+00
  -1.8529998e+00  -1.4888079e+00
  -1.2079482e+00  -3.4934137e-01
  -1.9770584e-01   1.5612081e+00
  -8.3070525e-01   1.7106764e-01
  -7.4092369e-01  -1.8683614e-01
  -2.4041446e+00  -9.7264333e-01
   5.2757203e-01   1.5841122e+00
  -2.3158087e+00  -8.3648731e-01
   3.7575676e-01   1.2280906e+00
   8.3999612e-01   1.0313065e+00
   1.6488982e+00  -2.0381824e+00
  -2.3011579e+00  -5.9354133e-01
  -6.1615007e-01   8.6576109e-01
  -1.2270668e+00  -5.8559697e-01
  -6.7652027e-01  -4.4658943e-01
  -5.7168679e-01   1.0958917e-01
  -8.6770413e-01  -4.6109037e-01
  -4.1157031e-01   5.1662155e-01
   9.3911602e-01   1.0063808e+00
   3.4044204e-01   1.3391342e-01
   3.2070912e+00  -2.6244601e+00
  -1.3650849e+00  -1.4064686e+00
  -1.3431844e-01   4.4067535e-01
  -8.4341553e-01  -7.3179411e-01
  -1.7200547e+00  -1.3433068e+00
  -1.5937175e-01  -5.4330085e-01
  -4.2812063e-01  -6.8588283e-01
  -3.1501425e-01   2.6513220e-02
   1.2424380e-01   7.0149409e-01
  -1.1231951e+00  -4.9115892e-01
  -8.9640859e-01   5.9817906e-01
   5.1980682e-01   9.5891174e-01
  -1.1197061e+00  -1.2714838e+00
   1.0481152e+00   1.4374956e-01
  -4.3517046e-03   6.8412013e-01
   6.5403827e-01   6.8828639e-01
   7.7693557e-01   8.4404983e-01
   2.6201398e-01   1.2268611e+00
  -4.9239292e-02  -1.0575497e-01
   1.1938999e+00   8.4098559e-01
   3.1793847e-01   1.3116533e-02
  -2.5972309e+00  -9.2015456e-01
   3.5244420e-01   1.0790058e+00
   1.5781313e-01   7.2723938e-01
  -1.4235239e-01   1.1803806e+00
   1.0498455e+00  -1.0253012e+00
  -4.5330683e-01   4.1253537e-01
   3.7515061e-01   1.6582594e+00
   4.0205070e-01   2.4453630e-01
  -2.7051359e-01   7.9646009e-02
   1.7477751e-01   6.5038609e-01
   5.6867778e-01   1.2419656e+00
   1.1824542e+00  -5.6390389e-02
   2.4518125e+00  -2.8165110e+00
  -6.8103536e-01  -8.5260280e-01
   3.2437760e-01   3.1576966e-01
  -1.4182830e+00  -7.7106991e-01
   1.3351867e+00   5.3907961e-01
   6.9009394e-01   5.0660215e-01
  -7.0458860e-01  -5.8406905e-01
   4.6296608e-01   9.5553479e-01
   1.2644851e-01   1.2089672e+00
   1.0320404e+00   6.2610765e-01
   6.0875781e-01   9.9446340e-01
  -1.4128275e+00  -1.1639943e+00
   1.8011559e+00  -2.7811834e+00
  -6.1072584e-01  -3.1168894e-01
  -1.5375938e-01  -3.7907768e-01
   3.1959694e-01   1.2651527e+00
  -4.8433791e-01   8.4545320e-01
  -1.1027646e+00  -1.5582195e-01
   1.1844439e-01   4.7628604e-01
  -7.2258178e-01  -2.4106961e-01
   1.1513659e+00   7.8346265e-01
   1.0552037e+00   5.0702600e-01
   4.1809127e-01   6.3261526e-01
   7.7633123e-01   1.7207242e+00
   5.4115552e-02   7.0529521e-01
   6.9301437e-01   2.8490494e-01
   1.1404247e+00   6.7735423e-02
  -6.4394121e-01  -6.4681768e-01
   6.5615906e-02   1.4340360e+00
   9.7524992e-01  -8.7159542e-01
   3.1470101e-01   1.0618205e+00
   1.1916344e+00   6.0319940e-01
   1.0612366e+00   2.3456269e-01
  -4.9134235e-01  -9.6479292e-01
   7.5691302e-01   1.1464646e+00
   2.1754694e+00  -1.4087341e+00
  -2.8611210e-01  -3.5303465e-01
  -4.7052386e-01   7.3800502e-01
   7.3173857e-01   5.1922375e-02
  -1.3363530e+00  -1.3498142e+00
  -1.4245830e+00  -6.8837158e-01
   2.4214599e+00  -1.6648635e+00
  -2.5134959e-01   4.5730769e-02
   1.5143533e+00  -1.1853228e+00
  -2.5165663e-01   6.8015550e-01
  -2.0765246e-01   7.2424728e-01
   1.2998480e+00   8.0631793e-02
  -3.6433962e-02   6.9837162e-01
  -4.4242470e-01  -4.8238581e-01
   3.3331970e-01   1.1849070e+00
  -2.4234528e-01  -3.3621951e-01
  -2.5286853e-01  -8.4564583e-02
  -3.2784988e-02   5.5284064e-01
  -1.0584653e+00  -1.3242347e+00
   2.5194911e-02   1.0824209e+00
  -3.1446479e-01  -2.6451908e-02
  -1.5060730e+00  -5.1153121e-01
  -7.2856413e-01  -7.3168562e-01
  -3.2344715e-01   1.2860689e-01
   3.4976692e-01   1.2131616e+00
   4.6670812e-01   1.2868134e+00
   1.7448455e+00  -8.5229686e-01
  -1.7359745e+00  -1.2817582e+00
  -6.0550207e-01  -9.3784869e-01
  -1.4890343e+00  -1.3769255e+00
   1.0049702e+00   9.2228687e-01
  -8.6389941e-01  -9.2552597e-01
  -3.0760042e-01   9.1162742e-01
   1.9359884e+00  -2.8407117e+00
   2.7789524e-01   8.1421541e-01
   7.1523184e-01   1.4159439e+00
   9.1936012e-01   1.1199270e+00
   9.5842682e-02   1.3686699e+00
   1.4085835e+00  -8.2940432e-01
  -1.5420485e+00  -9.0253861e-01
   4.1196765e-01   7.3436817e-01
   3.6869206e-01   9.3492961e-01
   2.9064748e-01   9.0626688e-01
  -2.6565321e-01   1.3430663e+00
   5.4740301e-02   1.1324591e+00
  -1.0620059e-01   6.0193201e-01
  -7.3101079e-01  -9.0126663e-01
  -4.3798255e-01  -2.9571362e-01
  -1.0534094e+00  -9.1018930e-01
  -6.2914670e-01  -1.4005162e+00
   1.3407907e+00   4.2789592e-01
   9.2569253e-02   1.0440855e+00
   1.0295974e-01   1.0159711e+00
   3.7921593e-01   7.3038279e-01
   1.1707669e+00   1.4467389e-02
   6.1851741e-01   8.5074657e-01
  -5.1259548e-01   7.7288274e-01
  -1.0030703e-01   1.2496651e+00
  -3.6623762e-01  -4.9906471e-01
  -3.8047447e-01  -5.6341175e-01
   6.4322835e-01   7.3027160e-01
  -2.5296034e-01   2.7865786e-01
  -4.6381089e-01  -1.0339165e+00
