  -3.9107245e-01   3.0574038e-01
   5.8175646e-01  -6.6152556e-01
   3.7188507e-01   1.3534061e+00
   6.0097722e-01   1.1657216e-01
   3.8361493e-01  -1.0601410e+00
  -1.2961324e-01  -5.7404059e-01
   1.6976649e+00   8.8055385e-01
   1.1962699e+00  -8.0089673e-02
   2.3159928e+00   2.3492162e+00
  -1.2782707e-01  -4.3146544e-01
  -2.7583111e-01  -3.9393039e-01
  -6.9705341e-01   4.2272860e-01
  -5.9971982e-01  -1.1264009e+00
  -1.9795552e-01  -9.7349536e-01
  -1.8909785e-01  -7.9021635e-01
   5.0524948e-02  -5.5500374e-01
  -7.1542629e-02   4.6969251e-01
   3.8451500e-01   1.6672085e+00
   1.8837934e+00   1.4150876e+00
  -2.4453212e-01  -1.1077899e+00
   5.0427001e-02  -1.1652174e-01
   2.8539092e+00   2.4118676e+00
   4.1831665e-01   1.2187185e+00
  -5.6060804e-01   3.7847473e-01
  -1.6777560e+00   1.4495628e-01
  -1.4570437e-01  -1.3540776e+00
  -2.1541635e-01  -5.1527619e-01
  -7.9157229e-01  -2.1979566e-01
  -1.5229923e+00  -6.0446626e-01
  -7.9714152e-01  -1.5095791e+00
   2.9485310e+00   2.2556143e+00
  -1.5651943e-01  -1.7569363e-01
   2.5310133e-01  -6.5313866e-02
  -1.6205779e-01  -2.1813313e-01
   8.7903164e-02   2.7457777e-01
  -2.4454486e+00  -1.2051749e-02
  -3.3578638e+00  -2.9066852e+00
  -5.2746061e-02   6.3959341e-01
   4.5026448e-01   4.3996345e-01
  -7.3130941e-02  -2.5624582e-02
   1.5352858e+00   1.2266522e+00
  -1.5434094e+00  -1.7909762e+00
   6.6316211e-01   5.9800013e-01
  -6.5190772e-01  -9.8101811e-01
   1.5298154e+00  -2.1641513e-01
  -7.2655800e-01  -5.9589546e-03
   2.5892089e+00   1.5920452e+00
  -1.6088959e+00  -6.6426096e-01
  -7.1782456e-01  -2.1430000e+00
  -6.5412231e-01  -3.4878879e-01
  -1.7909677e+00  -2.3131516e+00
   2.6069294e-01  -7.7344496e-01
  -9.5633913e-02   2.9455207e-01
  -5.4843149e-02   6.6677080e-01
  -1.1751637e-01  -6.3738029e-01
  -1.2061513e-01  -3.3834404e-01
   1.2939854e-01   6.3137710e-01
  -3.1932348e-01  -8.8946845e-01
   9.0408749e-01   1.9514318e+00
  -1.9344870e-02   4.7853525e-01
  -2.1189439e-01  -8.8778113e-01
  -3.1787294e-02   1.3701533e+00
   7.2480648e-02  -2.5027703e-01
  -1.4328594e-01  -1.1778428e+00
   7.2777621e-02  -2.7077695e-01
   6.1221111e-01  -6.3273599e-01
  -1.2296648e-01  -8.8425075e-01
  -2.4267813e+00  -2.2397438e+00
   6.1641344e-01   8.9336877e-01
  -1.0044439e+00  -1.0382047e+00
  -6.3297089e-01  -1.6137664e+00
   7.6422471e-02  -3.6011256e-01
  -3.1486892e-01  -2.1945277e-01
  -4.8998249e-01  -5.6810687e-01
   2.9286835e-01  -4.2076725e-01
   1.2556763e+00   1.7086556e-01
   5.9259654e-01   1.3432103e+00
  -3.6330085e-01   1.4710218e+00
   3.5067066e-01   4.9732739e-02
  -9.6280802e-01   2.4156473e+00
  -2.3239191e-01   5.9578799e-01
  -1.3555775e+00  -1.8682531e+00
  -1.8738494e-01  -5.7211851e-01
  -3.2534371e-01  -3.7729708e-01
  -5.9830945e-02   1.8525055e-01
   1.8601208e-01  -1.4172992e+00
   9.7270546e-01   4.7342955e-01
   1.2412134e+00   5.8259358e-01
  -1.1804981e-01   2.4213269e-01
   1.4997813e+00   1.5809427e+00
   4.4775860e-01   1.2791850e+00
  -3.1889743e-02  -7.8105609e-01
  -9.1822030e-03  -8.6643372e-01
   7.0573766e-02   9.9917510e-01
  -5.0354808e-01  -7.7489508e-01
  -1.2942289e+00   2.0932557e-01
   1.8731728e+00   2.9674023e-01
   3.4860069e-01   2.2800196e-01
   1.1500231e+00  -4.9556139e-01
  -9.6897178e-02  -3.8481777e-04
   6.9077010e-02   2.9253733e-01
  -1.2149661e+00  -1.1731883e+00
   2.9450655e-01   1.0118312e+00
   1.0883384e+00   6.3774869e-01
   2.0390545e+00   6.4253780e-01
  -2.3480544e-01  -2.1525928e-01
  -3.4912878e-01  -6.9299444e-01
  -5.8280872e-02   9.0570140e-01
  -4.5941815e-02  -8.3717096e-01
   1.6905268e+00   2.0849047e+00
   1.9445572e-01   1.2724666e+00
  -5.7783149e-01   4.8778882e-01
  -2.3956215e-01  -5.5784719e-01
  -1.5947753e-01   1.0310671e-01
   8.7518000e-01   1.3302284e+00
  -2.8024830e-01  -1.3557167e+00
  -6.1480577e-01   4.8038121e-01
  -1.6036193e-01   7.3117840e-01
   9.4163695e-01   2.3089892e-01
   1.3173454e-01   1.4937489e+00
   3.9742062e-02   7.1589889e-01
   4.2016284e-01  -9.4439093e-01
  -2.1516038e-01  -1.4114603e+00
   8.3637274e-01   1.4015630e+00
   1.0057116e+00  -6.5614599e-02
  -9.3674778e-01  -4.9948868e-02
   3.3513455e-01   7.3680699e-01
  -6.6501733e-01  -1.8154348e+00
   1.8196713e+00   4.0085297e-01
   3.6367716e-01   1.1056821e+00
   2.1236196e-01   1.4031902e+00
   5.4871125e-02   1.7740835e-01
   1.6790062e+00   4.3883213e-01
  -1.6063645e-01  -5.2536779e-01
  -6.2398512e-01  -3.2424999e-01
  -7.4145011e-01  -1.7657818e+00
  -1.8970724e+00  -2.2492787e+00
   1.3831374e-01   1.6650151e+00
   4.6280054e+00   2.2233512e+00
  -2.0470505e-01   4.3804882e-01
  -9.1381306e-02   4.7674793e-01
   5.3787523e-01   3.4323800e-01
  -6.7328808e-01  -1.6764286e+00
   1.3021884e+00  -7.1894298e-01
   1.0841147e+00   2.3945661e-01
  -4.6769106e-01  -1.2860702e-01
   2.7325950e-01   5.2763085e-01
  -1.1811619e+00  -7.4804518e-01
  -1.1777601e-01   2.1149720e-01
  -2.0115010e-01  -1.6647196e+00
   2.4819839e-01   1.3145768e+00
  -1.9861285e-01   7.5691759e-01
   2.3790985e+00   9.9551180e-01
   5.3791956e-01   6.7046487e-01
  -1.3185631e+00   1.4035852e+00
  -3.9471095e-01  -1.1685865e+00
   2.0437914e-02  -3.3688760e-01
  -3.8897296e-01   1.7166953e-01
  -9.0986964e-01   1.1752975e+00
  -5.9053779e-01  -9.9652378e-01
  -1.5079686e+00  -2.3661644e+00
   6.0071940e-01   1.4465230e-01
   6.5654021e-01  -2.5514385e-02
   7.0746849e-01   1.0973852e+00
  -1.8256088e-01  -3.0396120e-01
   3.3347349e-01   9.7865583e-01
   1.4455539e+00   9.9077268e-01
   1.5791242e+00  -4.3598235e-02
  -9.2347025e-02   5.2274603e-01
   7.3171296e-01   7.9586933e-01
   4.1879917e-01  -4.1940940e-01
  -1.0212528e-01  -1.2781224e+00
  -1.9240596e+00   8.2625053e-01
  -5.7892733e-01  -1.2142792e+00
   2.2430339e+00   7.3816071e-01
   1.4687662e-01   6.8272599e-01
   5.0455900e-01   1.0941148e+00
  -1.1268555e-01   1.5017593e-01
   1.3701537e+00   1.4155864e+00
  -4.3563581e-01   2.6153964e-01
  -9.2787032e-02   2.3631848e-01
  -1.6231933e+00  -6.3645194e-02
   3.6795862e-01  -1.0365092e+00
  -4.4438511e-01  -1.5694840e+00
  -4.1675450e-02   2.5903765e-01
   1.7415644e+00   9.4825288e-01
  -1.9239116e+00   4.8367199e-01
   4.2929407e-01   1.4241837e+00
   2.7319963e-01   8.7654280e-01
   1.3432789e+00   1.1533426e+00
  -4.1092752e-01   1.6026538e-01
  -5.7737866e-01  -8.3265346e-02
   7.3754138e-01   1.6034199e+00
   2.4212165e-01  -1.3833252e-01
   2.2628901e-01  -2.2502352e-01
  -1.1784437e+00   1.1463625e+00
   6.7117056e-01   1.6839408e+00
   7.4438592e-02  -7.3034132e-02
   5.1129726e-01   5.3916774e-01
   6.4736242e-01   8.7266055e-01
  -7.6213231e-01  -1.6046354e+00
   5.5726822e-01   3.9963698e-01
  -9.4079712e-01  -2.1074993e-01
   1.1145977e+00   1.5269481e+00
  -1.6644098e-02  -1.0843675e+00
  -1.8535149e-01   5.1820739e-01
   2.0168128e-01   1.1499176e+00
  -1.5719509e-01   6.6181806e-01
   1.8929173e+00   1.6674526e+00
   9.1772100e-02  -1.1324264e+00
  -4.6818031e-01  -1.5944894e+00
  -7.3646220e-01  -3.1183128e-01
  -2.2981269e+00  -1.6260552e+00
   6.4937061e-01   1.3800982e+00
  -1.2809179e+00  -2.0190700e+00
  -3.1150542e-01  -2.3468332e-01
  -2.1309700e+00   2.9518251e-01
   6.3811457e-01  -9.9666093e-01
  -1.2224702e-01  -9.7543778e-01
  -4.8205062e-01  -1.1011203e+00
  -1.2975823e+00  -2.2719085e+00
   1.4774740e+00   8.5590897e-01
   4.2289472e-01   8.4303822e-01
   2.8047543e-01  -1.6529178e+00
  -1.2868538e+00   1.2960061e+00
  -2.9166422e-01  -4.1090157e-02
  -3.5735088e-01  -5.3015793e-01
  -3.6097932e-01  -6.2699391e-01
  -2.3798552e-01  -1.4971023e+00
   1.7382288e-02   8.0803640e-01
   6.1712467e-02  -4.8183282e-01
   4.0446965e-01  -7.1458379e-02
  -5.6115470e-01  -1.3100453e+00
   2.2703679e+00   1.1080709e+00
  -1.2898774e+00  -4.1493951e-01
   4.1277611e-01  -5.6542484e-01
   1.4658288e-01   2.7247833e-01
   1.9822476e-01   1.3951308e+00
   8.9629186e-01   3.1068400e-01
   2.7795645e+00   2.2097843e+00
  -5.3192248e-01   2.3597578e-01
   1.1125106e+00  -3.4102411e-01
  -2.2207985e+00  -3.8272479e-01
  -6.1077006e-01  -4.8583672e-01
   8.7107846e-01  -5.6271923e-01
  -2.3400750e-01  -5.8507127e-01
  -2.0128798e-01   9.1701393e-01
   1.7383119e+00   4.2786132e-01
   5.4999225e-01  -1.6581128e-01
  -5.8079293e-01   1.3693284e-01
   1.0122903e+00   1.1611587e+00
  -1.2768102e+00  -1.6142498e+00
  -1.3526847e-02  -1.4603804e+00
   9.4949112e-01   2.8721496e-01
   2.8913315e+00   1.6267571e+00
   3.7178587e-01   1.1454497e+00
  -2.0787504e-01  -1.2685575e+00
   1.7180597e-01   9.6220396e-02
  -4.0610031e-02  -9.3186325e-01
  -9.8288962e-01  -6.1034151e-01
  -6.4379744e-01   4.6229954e-01
  -3.2338852e-01  -6.2397009e-01
  -1.7444130e+00  -2.1868386e+00
   7.9652578e-01   1.4722771e+00
   1.3565991e+00   1.1027995e+00
   2.9113123e-01   1.0035124e+00
  -3.0415426e+00   2.5655885e-01
  -2.8829412e-01  -5.0139934e-01
  -2.0156289e-01  -6.1525007e-01
   1.6398122e+00   1.9102999e+00
   5.3960329e-02   1.7449429e+00
  -1.3510906e-02  -5.7708004e-01
   5.4727498e-01   1.3039372e+00
  -5.7580683e-01  -3.3193784e-01
   4.0964660e-01   4.9804377e-01
  -2.6532550e-01  -7.7025663e-02
   9.4650494e-01   1.5961238e+00
  -1.2680134e+00  -1.6980018e+00
  -2.4493327e-01  -6.9206595e-01
   3.2719892e+00   3.2132284e+00
  -2.5949377e-02  -6.8685119e-01
  -7.4939933e-01   2.6419592e-01
   1.3126937e+00   7.1774088e-01
  -2.0998871e+00  -2.5171184e+00
   9.2273955e-02   1.8488078e-01
   5.3587034e-01   1.7697869e+00
   6.7750468e-01   1.6025216e+00
   7.2713102e-01   1.4276357e+00
  -9.6915746e-01  -2.2773035e-01
  -7.6968430e-01  -7.7738083e-01
   1.0469885e+00  -8.0990121e-01
  -5.1200541e-01  -2.9222909e-01
   2.8262170e+00   2.6956949e+00
  -2.7030036e-01  -7.5464285e-01
  -6.9596893e-01  -7.8403812e-01
   6.9971061e-01   1.1408741e+00
  -1.7450317e-01   9.7257225e-01
  -5.3622932e-01  -1.6598845e+00
  -4.5532479e-01  -1.2117290e+00
   2.3044188e-01   2.4523601e-01
  -8.1973583e-02   2.5311057e-01
   3.8536299e-01   1.4691261e+00
   5.0146951e-02   2.5121251e-01
  -6.2790832e-01  -2.5544048e-01
  -5.2263015e-01  -1.3578697e+00
  -7.8177389e-01  -1.6412038e+00
  -4.4679658e-01  -1.3838849e+00
   7.4001787e-01   6.7388076e-01
  -6.2087132e-02  -5.9528776e-01
  -6.3816527e-01  -1.9456163e+00
   2.8627488e-01   1.0111080e+00
   6.1286228e-01   1.3822409e+00
  -8.2956404e-01  -1.6950741e+00
   4.7082312e-01  -4.8662713e-01
  -1.5127966e-02   3.7327051e-02
  -1.9744665e+00   7.0212872e-02
  -7.3380995e-01  -1.0215837e+00
  -4.1435394e-01  -9.5238220e-01
   8.4391289e-01   1.4083232e+00
   6.8046445e-01   7.8759052e-01
  -2.7616025e-01  -1.3342570e+00
  -1.1972016e+00   3.4674044e-02
  -6.4758223e-01   1.0743698e-01
   4.7251251e-01  -2.4291753e-01
   3.4573898e-01  -8.2915177e-01
  -1.6501268e+00  -5.7755116e-01
   9.2558894e-01   5.4445626e-01
  -1.2962218e+00  -8.3512317e-01
  -3.5688976e-01  -2.2119779e-01
  -7.1722542e-01   1.2350712e+00
   2.6300444e+00   2.7430955e+00
   1.0980703e-01  -5.0209604e-01
   1.6065546e-01   1.4755403e+00
  -9.4817930e-01  -1.3118694e+00
  -1.0035213e+00  -2.2930380e-01
   6.2399960e-02  -8.9889756e-01
   5.7401330e-01  -2.2691836e-01
  -3.9987969e-02  -2.0083190e-01
  -3.0452820e-03   2.5015015e-01
  -7.8857999e-02  -7.1481653e-01
   1.6875372e+00   1.5086254e+00
   2.5399041e-01   2.4125569e-01
   1.5182400e+00   1.5197513e+00
  -8.7526448e-02   7.3603640e-01
  -6.5474647e-01  -1.4253195e+00
  -1.3914708e+00   1.2679261e-01
  -1.4644210e-01  -1.2891694e+00
  -4.6088496e-01  -1.4037779e-01
   2.5096635e-01  -6.7429719e-01
  -2.6499847e-01   4.8084474e-02
   1.1192372e-01   4.7045326e-01
   1.1923345e+00   1.0880109e-01
  -1.5689585e-01   6.4414212e-01
   7.8349813e-01   3.7836716e-02
   1.6817824e-01  -1.8944390e-01
   6.1092479e-02   7.1900068e-01
   5.4990309e-01   8.1533445e-02
   6.9818397e-01   7.0721405e-01
  -1.3348792e+00   2.2194051e-01
  -3.8915610e-01  -5.6060750e-01
  -1.4658930e+00  -1.3581510e+00
  -6.6342366e-01  -8.9908849e-01
  -5.5010623e-01  -1.2548283e+00
   8.5896673e-01   1.4756579e+00
   3.8399876e-01   4.1390068e-01
  -8.6225723e-01  -1.0346229e+00
  -1.8424080e+00  -2.7179364e+00
   2.8351733e-01   1.5581170e+00
  -6.9522155e-01  -3.1274509e-01
   7.9631432e-01  -1.1374252e+00
  -3.9806841e-01  -9.1711196e-01
   4.7206603e-01  -9.8919726e-01
  -1.7712902e-01  -3.8347416e-01
  -9.1216045e-01  -2.0791992e+00
  -1.4951153e-01   1.1440000e+00
   1.4447261e+00   2.0311637e+00
  -9.6480286e-01  -1.2334432e+00
   3.2121196e-01   5.3754821e-01
  -1.6491668e-01  -3.7233642e-01
  -1.7921007e-01   3.3160480e-01
  -7.1526494e-01  -1.5457534e+00
   5.9755861e-01  -6.0021920e-01
  -5.2347801e-02   1.5135255e+00
  -2.1970909e-01   2.0953433e-01
  -4.4611992e-01  -7.1082802e-01
   1.3633700e+00  -1.6306506e-01
   4.3662058e-01   5.8724478e-01
  -3.6714112e-01  -5.1772619e-02
   1.2184411e-01   5.6757575e-01
  -1.2286926e-01  -4.7578395e-01
  -1.3985037e+00  -1.4025051e+00
  -1.5836901e+00   6.6896886e-01
   8.9678454e-01   1.4556439e+00
  -1.5998851e-01   6.6378250e-01
   9.0630550e-01   1.3268250e+00
   4.2098743e-01   1.3490789e+00
   1.4661322e-01  -8.8657478e-01
  -8.2814178e-01  -7.7420211e-01
  -3.2143256e-01  -1.2201071e+00
  -3.9724821e-02  -1.2138573e+00
   2.1302982e+00   1.5246640e+00
  -4.8573977e-02   6.8397639e-01
   1.0191651e+00   7.7644612e-01
   4.0909022e+00   2.7024312e+00
  -2.4469417e-01  -1.8183840e-01
   1.9555929e+00   6.9134393e-01
  -2.6896355e+00  -1.9973533e+00
   2.3395264e+00   2.5489823e+00
  -1.2929597e+00  -1.5745873e+00
   1.4743846e+00   9.5771088e-01
  -1.0407208e+00  -2.0894360e+00
  -4.4284182e-01  -2.6229698e-02
   2.5388220e+00   6.7301895e-01
  -7.4488347e-04  -2.1839057e-01
   1.4394647e+00   9.7134164e-01
  -5.4914546e-03   2.5696922e-02
  -6.9546054e-01  -1.7568697e-01
  -1.0140768e+00  -1.7737536e+00
   1.0858228e+00  -7.7071378e-02
  -1.5694093e-01  -8.9614361e-01
   1.9681708e-01   3.2457323e-01
   1.4220552e+00   1.3292300e-01
  -2.5381238e-01  -5.3480198e-01
   1.9980702e-02   9.0405295e-01
  -1.4242013e+00  -2.5496267e+00
   2.5733114e-01  -2.9130065e-01
  -1.3328361e+00   1.4153501e+00
   6.7536470e-01   1.4341929e-01
   4.1743905e-01   3.3442483e-01
   5.6582934e-01   7.3411761e-01
   1.4376337e-01  -1.3941201e-01
  -8.0781737e-01  -4.5958171e-01
  -7.9807477e-01   1.5881240e-01
   1.0695179e+00   4.7606977e-01
  -1.4423911e-01   3.1679581e-01
   7.6135557e-01   6.6784723e-02
   9.5583025e-01  -6.0065730e-01
   2.7085257e-01  -3.3870943e-02
   1.8228263e+00   8.0248659e-02
   3.3316391e-01   8.3337637e-01
   8.4003367e-01   1.0409157e+00
  -1.4111795e+00   2.0305678e-01
  -6.6934559e-01   5.5144674e-03
   2.2110402e-01   1.2814253e+00
  -5.7864626e-01  -1.2844477e+00
  -2.6044331e-01  -1.2762747e+00
   1.1538838e-02  -6.4143435e-01
   4.0524371e+00   2.2978045e+00
   3.7936021e-01  -3.8797719e-01
   1.6794522e+00   2.2352974e+00
   1.6661055e+00   1.0008466e+00
   1.2037795e+00  -1.2914521e-01
  -5.8412645e-04  -7.5982242e-01
   8.2093186e-01   9.1068533e-01
  -5.4967473e-02  -1.0304673e+00
   5.9902930e-01  -6.0944252e-01
   2.9624180e-01   7.0117186e-01
  -2.0840327e+00  -2.6162495e+00
  -1.4254401e+00  -4.3905929e-01
  -2.0946361e+00   1.8148730e-01
   3.8019743e-01   1.0987808e+00
  -6.8753872e-01  -1.3135247e+00
   3.1071673e-01  -1.3405448e+00
  -6.9885801e-01  -1.8358423e+00
   2.3442570e-01  -3.1557093e-01
  -4.3172624e-01   1.4614355e+00
  -4.9819298e-01  -6.4388259e-01
  -3.3435608e-02   6.6965835e-02
  -7.3508811e-01  -1.7549423e+00
  -4.0637746e-01  -1.3734813e+00
  -1.9455368e-01   3.5565667e-01
  -1.7966409e-02  -1.1799780e+00
  -1.9449657e+00  -8.4648820e-01
   2.1381271e-01  -1.0562991e+00
   5.5203295e-02   7.0327722e-02
   1.0017659e+00   1.4706415e+00
   1.0598529e-01  -6.5273238e-01
  -3.8371230e-01  -4.6679005e-01
   1.5550813e+00   1.4137702e+00
  -3.7227308e-01   1.0572125e-02
  -5.3536478e-01   3.4672659e-01
  -4.7089983e-01   5.3382237e-01
   1.7032920e-01   3.6424751e-01
   7.8886767e-01  -2.6598227e-01
   8.3780586e-02   7.2638369e-01
   1.0558758e+00   8.0036641e-01
   6.5482051e-01   7.4064354e-01
  -3.5016282e-01   6.0113823e-01
  -3.0723785e-01  -6.6491468e-01
  -6.0390986e-01  -1.3497868e+00
   5.9592631e-01   1.8151680e+00
  -1.6842083e-01  -1.0644013e+00
   1.1333833e-01   6.6633299e-01
  -3.6643569e-01  -7.5509034e-01
  -1.1368708e-01  -4.9522318e-01
  -1.1477202e+00  -2.0527365e+00
  -3.0895326e-01  -1.2257186e+00
  -5.1262536e-01  -7.0548962e-01
  -1.0447993e-02  -5.5348869e-01
   1.0297114e+00   8.7014168e-01
   4.7739433e-01  -2.0819834e-02
  -1.0023196e+00  -1.8964531e+00
  -1.4020887e-01  -1.0491397e+00
   1.5739998e+00   1.1986111e+00
   1.3877034e+00   1.6594931e+00
  -1.9598943e-01  -1.4482064e-01
   1.7154650e-01   4.8964664e-01
   1.4630012e-03  -1.0040932e+00
   5.9278109e-01   8.0715685e-01
  -2.4534710e-01   2.7273019e-01
   1.8806384e+00   7.8172046e-02
   3.4188982e-01  -4.9489192e-01
   3.3974217e-01  -5.8009137e-01
  -2.0101622e+00  -2.3915433e+00
   4.7605554e+00   3.5369394e+00
   1.8081386e-02  -1.1077619e+00
  -6.9399972e-01  -1.7262863e-01
  -4.9213297e-01   7.4163519e-02
   2.7317215e-01  -4.2888340e-01
   5.9864703e-01   4.7980545e-01
  -5.5051475e-01  -5.7138218e-01
  -3.0419559e-01  -1.4068253e-01
  -7.1453750e-02  -1.8651562e-01
  -5.6705132e-01   8.1441249e-01
   1.0455023e+00   2.1606439e+00
  -5.1806614e-01   8.8883697e-01
   7.7111803e-01   6.6994574e-01
   5.7236546e-01  -9.0772004e-01
  -1.5991729e+00  -2.4814067e+00
   7.0777164e-01   1.0495743e+00
  -1.0264975e+00  -1.2422584e+00
   3.6583561e-01   7.3866324e-02
  -4.7093398e-01  -7.3948863e-01
   7.1855628e-02   4.1079955e-01
  -1.2129298e+00  -5.9466334e-01
  -3.5139865e-01  -1.5604704e-01
   8.8252721e-01   1.1967287e+00
  -1.5540350e+00  -3.5106176e-01
  -1.0150329e-01  -3.0247035e-01
  -5.1545774e-01  -3.1799113e-01
  -8.4281056e-01  -8.1468632e-01
  -2.2166761e+00  -9.3229908e-01
  -3.7742751e-01  -1.5548882e-02
   1.2091905e+00   7.0362081e-01
   6.1248157e-01   2.9403853e-01
  -1.1923350e+00  -9.3381486e-01
   1.9111487e+00   1.6918314e+00
  -5.6541015e-01  -3.4414058e-01
  -6.7342077e-01  -1.5551110e+00
  -7.6189399e-02  -1.3811851e+00
  -9.9904425e-03  -5.7792257e-01
  -9.5695140e-01  -1.5846865e+00
   2.9787291e-01   2.0117763e+00
  -2.1100545e-01   1.2570789e+00
  -1.9307137e-01  -6.4248630e-01
  -1.1315726e+00  -1.1990291e+00
   3.6449216e-01   8.2781155e-01
  -6.2689740e-01  -7.1734651e-01
  -2.0386383e-01   3.1903135e-01
  -9.3672026e-01  -1.2956498e+00
   1.4290640e-01  -1.0146910e+00
  -4.0901056e-01  -6.9610496e-01
  -8.7346256e-01   1.4530972e-01
  -4.8656275e-02   4.3386030e-01
   4.7589251e-01  -7.8344086e-01
   1.1379514e+00   1.6876242e+00
  -1.4354295e+00  -9.1224313e-01
   8.7338201e+00   3.8094295e+00
   7.7543441e-02  -1.0376673e+00
  -9.2158783e-01  -1.5709187e+00
   1.8639456e+00   2.5006368e+00
  -6.8836113e-01   5.7403082e-01
  -2.9497562e-01   5.5777329e-01
   1.3331226e+00   1.0822855e-01
   5.5867445e-01   1.3184288e+00
  -2.0254787e+00  -2.6083484e-01
  -8.3813556e-01   1.9153524e+00
  -3.6444260e-01  -2.4907338e-01
   4.4920512e-01   3.2795108e-02
  -2.1859133e-01  -1.0983502e+00
  -1.9602961e-02   2.8385615e-01
   5.9034836e-01  -2.3139516e-01
  -3.5764008e-01  -4.6430296e-01
  -4.9076810e-01   2.0753669e-01
  -5.7656278e-01  -1.1943777e+00
  -2.6374471e-01   1.0125715e-01
  -2.1329703e-01  -3.3149414e-01
   1.0550370e-01   1.0853118e+00
  -4.0543912e-02  -1.3890724e+00
  -2.8064002e-01   1.0956040e-01
   1.3325282e+00   1.3597140e+00
  -1.2181705e+00   4.6845866e-01
  -1.3838654e-01  -3.7939632e-01
  -1.0888084e+00  -3.1873114e-01
  -1.4092572e+00   4.3295725e-01
  -4.0437365e-01  -1.3659885e+00
   1.0808313e-01  -1.0183697e+00
   1.3035155e+00   1.1771177e+00
  -2.5022186e+00   1.4611302e-01
  -2.1070149e-01   2.9936381e-01
   2.3484273e-01  -3.5565736e-01
  -2.8075706e-01  -4.9932698e-01
  -1.5221160e+00  -7.7753397e-01
  -5.4058188e-01   2.3055770e-01
  -7.5898827e-02   2.9903008e-02
  -7.3895423e-01  -9.9212053e-01
   3.4338222e-01  -5.2834070e-01
   1.5109957e+00   4.2204790e-01
  -1.8354813e-01   7.6782453e-01
  -1.8189738e+00  -2.2001741e-01
  -1.6568313e+00  -1.0725077e+00
   3.3023623e-01  -2.9654460e-01
  -1.1052021e+00  -5.5742345e-01
   1.2220323e-02   1.1978243e+00
   4.2483931e-01  -3.3573637e-01
  -7.7605011e-01  -1.6218328e-01
  -2.0705553e-02  -3.4206579e-01
  -7.7215930e-01  -1.2817744e+00
  -2.5679734e+00   7.2107298e-01
  -1.6138520e+00   7.1416757e-01
  -7.3604528e-01  -1.7038581e+00
  -6.7288859e-02  -1.2567247e+00
  -6.4835911e-01   1.5670599e-01
  -4.8776847e-01  -5.6182834e-01
  -2.8788127e-01  -2.9305576e-01
   7.7764029e-01  -5.7357021e-01
  -4.8404249e-01  -1.1601960e+00
   1.0270056e+00  -1.1918275e-02
   1.1058294e+00  -2.0457542e-01
   9.2298597e-01   1.1963499e+00
   5.4645077e-01   1.6960328e+00
  -7.0737847e-01  -7.8860899e-01
   3.8795489e-02  -2.3483152e-01
  -1.3970835e-01   1.0127679e-01
  -1.1084032e+00  -5.2984999e-01
   2.6028967e+00   1.4383838e+00
  -1.2708323e-01   4.3417109e-02
  -6.1487094e-01  -1.4883274e+00
   3.3020371e-01   4.6820782e-01
   2.9446402e+00   1.7835732e+00
   1.1149476e+00   1.2204042e+00
  -4.2740948e-01   6.0704266e-01
   2.3318971e-01  -2.2173206e-01
  -1.5936162e+00   1.9140948e+00
   1.0338372e+00   1.0175673e+00
   7.7254693e-01   6.0166894e-02
  -3.7055138e-01   2.3250272e+00
  -7.6170956e-01   5.7763185e-01
  -1.5616365e+00  -2.5069138e+00
  -1.6692377e-01   1.6146068e-01
   2.5164370e-01  -1.3722599e+00
   1.9249318e-01  -4.7576238e-01
   4.1359167e-01   2.1085859e-01
   7.8170851e-02  -1.2558484e+00
  -4.5741815e-01   4.2849769e-01
  -9.2186051e-01  -5.8221828e-01
   1.6551644e+00   1.3978525e+00
  -1.0595888e+00  -6.2442520e-01
   1.6384161e-01   5.7853876e-02
   7.7951014e-02   4.8111406e-01
   4.8285468e-01  -7.4026100e-01
   3.8230831e-01   1.6948000e+00
  -4.6983916e-01   2.9529544e-01
   1.1525908e+00  -4.7578614e-01
  -8.7764856e-01  -2.9138257e-01
   1.3655776e+00  -1.2193798e-01
  -6.2322192e-01  -4.0735388e-01
   2.4525886e+00   1.7068885e+00
  -1.5901896e+00  -1.6825207e+00
   9.1796395e-02   2.7893834e-02
  -1.1916250e+00  -1.1313214e+00
  -1.4674970e-01  -1.3894744e+00
  -5.7378650e-01  -1.4128521e+00
  -2.7272038e-01   3.7958053e-01
   5.4968061e-01   2.9680525e-01
   6.5295354e-01   8.2947986e-01
  -2.2579618e+00   1.2624270e+00
   1.5275922e+00  -2.0301862e-01
   6.3788246e-01  -1.0227422e+00
  -1.4838790e+00   3.5902376e-01
   1.5047404e-01  -4.5559826e-01
   8.8986683e-01   9.1749168e-01
  -5.0081545e-01  -1.2157116e+00
  -6.2339336e-01  -8.7035895e-01
  -4.1961166e-01  -5.3002455e-01
  -2.0120570e-01   5.4471941e-01
   2.9966928e-01  -8.0952337e-01
   9.8360540e-01   1.3482615e+00
   1.0402135e+00   1.4088104e+00
   1.5729510e+00   9.1534062e-02
  -2.0215866e-01   5.9692474e-01
  -4.7478864e-01  -1.0703530e+00
   2.0951156e-01  -4.0752029e-01
   6.1730994e-01   1.2445489e+00
   8.1689200e-02   9.4131426e-01
   5.6503949e-01   3.2998213e-01
   1.9523327e-01   1.5703825e+00
  -2.7880104e-01  -1.2901246e+00
  -3.0161635e-01  -9.6650135e-01
   7.2378025e-01   6.5174236e-02
  -7.2554294e-02  -7.4032819e-01
  -3.3997597e-01   1.4115480e+00
  -3.3415632e-01   3.0677462e-01
   6.8900468e-01   1.1400799e+00
  -1.3459133e-01   1.1491264e+00
   1.1353476e+00   1.6905462e+00
  -1.0763933e+00  -1.4775935e+00
  -2.1615094e-01  -2.2528381e-01
  -1.1095531e+00  -5.2394133e-03
  -7.0401787e-01  -1.1575583e+00
   5.3517889e-01  -9.2319525e-01
   5.9060774e-01   2.5141047e+00
  -2.9354697e-02  -2.1795870e-01
   1.9489737e-01  -8.1101505e-02
  -4.1845800e-01   9.0143484e-01
   7.4312504e-01   1.2123149e+00
   3.7425712e-02  -7.4989549e-01
  -2.7424273e-01  -1.2734537e+00
   3.8647693e+00   1.7311498e+00
  -1.5575389e+00   9.6188245e-02
   3.5198965e+00   1.6111065e+00
  -1.0649075e-01  -1.9093753e+00
  -1.1045090e-01  -5.8571940e-02
   8.9858674e-01  -1.2114491e-01
   7.8991893e-02   5.2866853e-01
  -1.4150438e+00   7.2866402e-01
  -5.1494539e-01  -1.0234909e+00
   7.7787240e-01   8.1984012e-01
   1.9594371e-02   1.5583611e-01
  -7.7775292e-01  -1.6191887e+00
   5.6229396e-01   3.6700758e-01
  -3.0741709e-01   5.4589107e-01
  -2.0726539e-01  -5.3206428e-01
   3.8655957e-01   4.2286477e-01
   9.2950265e-03   1.0949885e+00
   9.0250781e-01   7.7447666e-01
  -6.6877298e-01  -9.8046291e-01
  -3.3893782e-01  -4.5268603e-01
   2.1340895e-01   3.4948176e-01
   4.2252812e-01  -1.3222816e+00
  -5.9115839e-01   1.0938772e+00
   1.8815338e+00   3.5780418e-01
   9.7426523e-01   1.1164562e+00
  -8.1816861e-02  -9.4560254e-02
  -8.7080304e-03  -3.3454572e-01
  -4.7174500e-01  -1.2535716e+00
  -1.4514895e+00   1.3842912e+00
  -1.8515172e+00  -2.2591298e+00
  -4.8414837e-01  -5.7892154e-01
  -1.4006839e+00  -1.5521944e+00
   7.3252855e-01   8.4619723e-01
   2.4531084e-01  -5.2139046e-01
  -2.4780724e-01   3.5646736e-01
  -1.8002062e+00   1.7605217e+00
  -1.9059437e-01  -1.0246613e+00
   1.3026832e+00   2.0112466e-01
  -1.7092955e-01   8.8588537e-01
   7.4702820e-03   7.7779545e-01
  -8.2674066e-02   8.3386642e-01
  -5.0137756e-01  -1.3323225e+00
  -5.6596458e-01  -8.0512525e-01
  -1.0791066e+00  -2.3193407e+00
  -2.7721227e-01   5.6897549e-01
  -2.4446444e-01  -4.8206768e-01
  -2.8562418e-01  -5.9250692e-01
   3.7282587e-01  -4.8808494e-01
  -3.1426372e-01  -5.2149607e-01
  -3.1127548e-01  -5.9063113e-02
  -1.0375314e+00  -7.2625617e-01
   1.5975577e-01   8.1948187e-01
  -3.7607348e-01  -3.9917280e-01
  -8.4300692e-01  -2.2715190e-01
   1.0645314e-01   3.8302684e-01
  -9.3740616e-02   1.0551067e+00
  -6.8610263e-01  -2.6056622e-01
  -8.3997063e-01  -1.5807881e+00
  -9.2489987e-01   3.1180757e-01
   6.4233529e-02   1.3147000e+00
   3.4899193e-02  -1.1044773e+00
  -4.4001654e-01  -1.0423839e-01
   1.9144190e-01   7.7417839e-01
  -6.1123373e-01   4.2075386e-01
  -4.2340172e-01   8.3341821e-01
  -7.8668676e-02   4.0934500e-01
  -8.7228471e-01   3.3137512e-01
   3.1982729e-01   1.7116977e+00
  -1.9215886e+00   1.1195546e+00
  -1.7333882e-01  -3.6384297e-01
  -3.0869760e-01  -1.0144538e+00
   1.3738286e+00   1.7479878e+00
  -1.0790918e+00  -1.6584230e+00
  -3.6100602e-02  -6.3659266e-01
   1.4411474e+00   9.3724481e-01
   7.7234435e-01   1.2475562e+00
  -7.7031115e-01   4.0021649e-01
  -3.3500658e-01  -4.3587162e-01
  -9.8149738e-01  -1.0382269e+00
   3.7401661e-01   1.1831374e+00
  -1.9693082e-01  -2.6465275e-01
  -1.8091765e-01  -4.5982760e-01
   3.6242877e-02  -8.7881536e-01
   2.0470121e+00   1.9969040e+00
   7.6584037e-01   6.8719077e-01
   1.6279442e-01  -5.8820193e-01
  -5.1926916e-01   1.5886642e-01
   3.4092320e-01   1.3009057e+00
  -6.2691254e-01   1.6601888e-01
  -2.3468655e-01   1.8231598e-01
   1.7838362e-01  -9.4395589e-01
   2.5349339e+00   1.5744499e+00
   9.9095674e-01   5.7387890e-01
   6.1169500e-02  -3.1225483e-01
   1.1016194e-01   1.1723927e+00
  -3.1610733e-01  -9.3270490e-01
  -7.6875957e-01   1.2833787e+00
   4.4357507e-01  -3.7195094e-01
  -2.4139057e-01  -1.2404188e-02
   1.9530928e+00   5.9797439e-01
  -1.6959057e+00  -3.4968784e-01
  -3.3659643e-01   6.6991119e-01
   1.8598251e+00   1.1046266e-01
  -1.1972464e-01   1.1381209e+00
  -1.5330751e-01  -1.1881457e+00
   5.2413719e-01   4.6700069e-01
  -2.1132071e+00  -2.4751242e+00
   3.0203706e-01  -9.5456767e-01
   1.7367004e+00  -4.4602027e-02
  -5.6460306e-01   5.5985768e-01
  -2.2834739e-02   1.5396793e-01
  -1.5643815e+00  -1.7192466e+00
  -7.3869156e-01  -3.6153253e-01
   1.3703051e-01  -1.5175402e-01
  -2.1868797e-02   2.9460594e-01
  -2.9556275e+00   1.4559026e+00
  -8.0502696e-01  -1.4616002e+00
  -4.4157010e-03  -1.1017498e+00
   1.5174474e-01   6.9036936e-01
  -1.4593597e+00  -6.7376850e-01
  -1.4983847e+00  -2.8029147e+00
  -4.0664914e-01  -4.8850076e-01
   6.9188891e-02  -1.0074067e-03
   2.2760484e-01  -1.3450809e+00
   1.4057866e-01  -1.5784928e+00
   1.6153777e+00   1.1255106e+00
  -8.4225706e-01  -1.3418979e+00
   8.4894661e-02  -1.2173638e-01
   1.3048910e+00   1.1624048e+00
   1.0489503e-01  -6.9838402e-01
   1.7523550e-01  -2.6250721e-01
  -5.6139661e-01  -9.9740437e-01
   1.0332449e-01  -9.9216126e-02
   2.5017885e-01  -3.7735049e-02
   3.0426714e-02   9.6149267e-01
  -2.1159487e+00  -9.1254825e-01
  -8.6159445e-02  -6.9225771e-01
   6.8964126e-01  -2.9181141e-01
   2.0389152e-01   3.7569278e-01
   1.4341835e-01  -4.1651662e-01
  -6.5672597e-01  -3.2911245e-01
  -6.3607138e-01   1.1337956e-01
   8.7011949e-01   1.4840501e+00
  -5.4869267e-01   1.9028049e-01
  -8.9433674e-01  -1.0921396e+00
  -6.3927768e-01  -7.3973048e-02
   2.2222634e+00   9.5572252e-01
  -9.7894492e-01  -1.8955420e+00
  -5.1583671e-01   9.5925307e-01
  -2.5106486e-01   2.6587069e-02
  -1.4007191e+00  -1.2256658e+00
  -3.1846908e-01   4.9710019e-02
   1.5500947e-01  -4.7020144e-01
  -2.7137311e-02   2.2385181e-01
  -2.3367090e+00   1.1626783e+00
  -3.1391777e-01   7.6866988e-02
   1.3802013e+00   1.3787933e+00
   2.2500586e+00   6.8729886e-01
  -2.6059416e+00   9.0573245e-01
   1.3562922e+00   4.9870015e-01
   3.4933812e-01  -1.4610730e-01
   1.1554498e+00   1.8510469e+00
  -4.3178018e-01   1.0929307e+00
  -4.8111951e-01  -2.5934729e-01
   7.0984665e-01  -5.0902610e-01
   1.0296420e+00  -4.3328842e-01
  -1.4921802e-01   1.0475085e+00
   1.8879718e-01   1.2611288e-01
   5.0082362e-01  -5.0645809e-01
   9.5224317e-02   9.9280608e-01
  -2.9980504e-01  -1.2113150e+00
  -6.5151354e-01  -8.2407077e-01
  -3.1968084e-01  -1.5305871e+00
  -6.7229175e-01  -7.4225776e-01
   3.8960209e-01   8.7390236e-01
   1.7660208e+00   1.0587380e+00
   1.8909626e-01  -3.4279003e-02
   1.7359879e+00   3.2373093e-01
  -8.9139063e-01  -1.4504786e+00
   1.4719820e-01   1.0673791e+00
   2.0445919e+00   1.0119314e+00
  -1.6715351e+00   5.5131424e-01
   4.7200758e-01   4.6684509e-01
  -3.1067868e-01   1.2598217e-01
  -1.3663658e+00  -2.3009139e-01
  -3.5194793e-01  -7.8379056e-01
   4.5414348e-01  -5.4932501e-01
  -1.8867010e-01   2.8418314e-01
   1.4836537e+00   4.1940581e-01
  -3.3070812e+00  -2.3543042e+00
  -6.2731467e-01  -9.0417284e-01
  -4.2143780e-01   2.2060175e-01
  -6.4213788e-01   7.6449536e-01
  -6.2121547e-01  -1.5711231e+00
   3.7043315e-01   1.2947864e-01
   1.9096173e-01  -2.6086395e-01
  -3.2424972e-01  -1.0008486e+00
  -1.1296408e+00   2.6837118e-01
  -6.1137481e-01  -1.0361184e+00
   4.8038359e-01   5.4376232e-01
  -1.5476496e-01  -6.4241697e-01
   3.1835365e-01   1.5133712e+00
  -8.6307211e-01  -1.0646506e-01
   2.3516130e-01  -2.6085131e-02
   2.1993408e+00   2.5644929e+00
  -5.3405713e-01  -9.4400114e-01
   4.6569424e-02   9.1329163e-02
  -7.7866882e-01   7.3688001e-01
  -9.7798464e-01   9.6752047e-01
  -5.8514504e-01  -3.1978826e-04
  -7.6550503e-01  -9.2478100e-01
   5.7078360e-03   8.6658026e-01
   1.8935080e+00   1.1414615e+00
   2.6543403e-01   5.6453638e-01
  -6.1172802e-01  -1.9931366e+00
  -1.1746426e+00  -1.7025794e+00
   8.8999268e-01   2.0726092e-01
   1.2940299e+00   5.4715374e-01
  -2.8970743e-01   2.0414196e-03
   1.7528861e-01   1.2138977e-01
  -1.3690976e-01   2.3205701e-01
   4.5204529e-01   4.3487735e-01
   1.2816071e-01  -2.0339106e-01
  -1.8497324e-01  -3.4753493e-02
  -2.3946958e-01   8.9129136e-01
   7.2436623e-03  -1.0778823e+00
   4.1055038e-01   8.4619705e-02
   8.2495771e-01   3.3569511e-01
   3.2440703e-01   6.5970483e-01
  -1.2050001e-01   4.2948794e-01
   2.0116865e+00   1.7173997e+00
   2.3646148e+00   5.8871409e-01
  -1.3466577e+00  -1.2995516e+00
   5.3479633e-01   6.8372258e-01
  -1.7412292e-01   1.1827895e-01
  -7.2346055e-01   1.1626451e-02
   7.2484751e-01   2.0231580e+00
   4.3203729e-01  -2.1888112e-01
   1.6483615e-01  -6.5682898e-01
  -1.4312097e+00  -1.9286996e+00
   9.3119729e-01   1.2730269e+00
  -9.3503167e-02   5.1831469e-01
   1.3304060e+00  -6.2662422e-01
   4.8220486e-01   3.7156318e-01
  -2.6098500e+00  -2.6200221e+00
   3.3056491e-01  -1.0344760e-01
   1.0564836e-01  -3.2954099e-01
  -1.6243860e+00   1.3893751e+00
  -3.3291727e-01   2.5945017e-01
   3.5280187e-01  -5.8158384e-01
   1.8908768e-02   5.7604779e-01
   5.2372790e-02   6.5019622e-01
   2.1139964e+00   1.1351677e+00
   1.5903745e-01  -2.0152464e-03
   1.0074764e+00   1.1553580e+00
   2.8369094e-01   1.1079394e+00
  -1.5756798e-01  -7.2789579e-01
   1.9646854e-02  -9.1860707e-01
  -2.3779388e-01  -6.7582947e-01
  -3.2832134e-02   5.1322839e-01
   2.4890694e-01  -2.4722987e-01
  -1.2424369e+00  -2.6712019e-01
   1.1432294e+00   3.8985986e-01
  -4.2446406e-01  -4.9245351e-01
  -4.7136907e-02  -3.7832366e-01
  -4.5902755e-01   6.1130185e-01
  -8.4741616e-01   1.2936294e+00
  -7.4916499e-01  -1.7572477e+00
  -4.4247932e-01  -1.2573207e+00
   1.9509824e-01   1.3167691e+00
  -6.9541171e-03   5.6181496e-01
  -2.6651931e-01   4.7312550e-01
   1.1111446e-02   2.9163264e-01
  -5.1380860e-01  -1.9622201e-01
  -2.6477672e-01  -3.3575744e-01
  -1.7796424e+00   2.4678641e-01
   2.0758849e+00   5.5477088e-01
   5.3277532e-01  -7.0218534e-02
   6.4134163e-02  -2.6895163e-01
  -1.8185308e-01  -2.9291714e-01
  -1.9149192e+00   6.2437984e-01
  -1.5533944e+00   1.1927863e+00
