  -7.1882131e-01  -3.4347282e-01
  -5.1760001e-01  -4.4594375e-01
   1.4867453e+00   1.5274257e+00
   1.2121488e+00   9.2096041e-01
   1.1148325e+00   9.3009134e-01
   1.3497751e+00   1.2368408e+00
   3.6745784e-01   6.4659733e-01
  -1.2129208e+00  -1.1391674e+00
  -7.8452348e-01  -1.5864081e+00
  -6.6616283e-01  -9.3427660e-01
  -7.0937087e-01  -1.0605226e-01
  -4.6004015e-01   6.6620557e-02
  -3.3749673e-01  -1.5447901e+00
   3.1329333e+00   2.0998053e+00
  -4.1452126e-01  -1.4299828e+00
  -8.6448091e-02  -2.1428671e+00
  -1.0422148e-01   5.8372898e-02
  -4.5724538e-01  -1.3076575e+00
  -2.8911224e-01  -2.2325067e-01
  -1.2515128e+00  -1.1851700e-01
  -1.4334244e-01   5.3605577e-01
   3.1203010e+00   2.1036736e+00
  -9.7534600e-01  -1.3311087e+00
  -2.5825311e-01  -1.5983391e+00
  -1.3576075e-02   7.5349095e-01
  -1.8606370e-01  -1.3060099e-01
  -4.5737813e-01   7.8389412e-02
  -8.9483098e-01  -3.7048131e-01
  -1.0177872e+00  -8.0257132e-01
  -2.3157271e-01  -1.2562062e+00
  -4.1556348e-01  -6.9191689e-02
   1.3936234e+00   1.4129119e+00
   1.5928301e-01   3.4860843e-01
  -5.5513371e-01  -1.3257114e+00
   1.1464358e-01  -2.0726003e+00
  -7.9632382e-01  -1.0112920e+00
  -6.5696188e-01  -1.1640306e+00
  -5.6727477e-01  -9.9649619e-01
  -3.4562244e-01   3.6610101e-01
  -5.3096776e-01  -1.2229955e+00
   1.7298251e+00   1.3796178e+00
  -1.2757758e+00  -7.3293511e-01
  -6.3848474e-01  -3.8968241e-01
   1.2725633e+00   1.1048194e+00
   2.6167191e-01   6.8297720e-01
  -3.5338753e-01  -4.7600076e-02
  -4.9723568e-01   2.4536474e-02
   8.1903832e-01   8.9043852e-01
  -5.3464967e-01  -3.0673669e-01
  -9.6738710e-01  -3.2909557e-01
  -1.0616357e+00  -4.3235148e-01
   2.2327829e+00   1.5093716e+00
  -8.7570014e-01  -1.4186431e+00
  -5.3147393e-01  -1.6428987e+00
  -1.3967825e-01  -1.4077475e+00
  -2.8366657e-02   5.5989330e-01
  -8.3699608e-01  -6.2565096e-01
  -2.7464809e-01  -1.3957624e+00
  -6.4588485e-01  -1.2346724e+00
   1.3553015e-01   4.5641830e-01
  -1.3430984e+00  -1.2404876e+00
  -6.7326975e-01  -8.8715204e-01
  -8.1848046e-01  -1.5626426e-02
  -5.9701101e-01  -6.7885851e-01
   6.4837845e-01   8.9889564e-01
   1.4623880e-01   4.4790064e-01
  -8.4381623e-01  -1.0261253e+00
  -4.5562478e-01  -8.3026559e-01
  -4.3789189e-01   2.5944012e-01
  -2.0890269e-01  -2.8677686e-02
  -3.6566048e-01  -1.2066756e-01
  -1.1955506e-01  -5.2634618e-01
  -1.5156900e-01  -1.2820862e+00
  -9.5094175e-01  -5.0224837e-01
  -7.4201860e-01  -5.3644040e-01
  -7.5704765e-01  -1.3584664e+00
   1.6544171e+00   1.1248833e+00
  -7.3685846e-01  -4.2387405e-01
  -3.7858381e-02   3.9146537e-01
  -1.7103090e-01  -7.3663615e-02
  -8.9786203e-01  -3.6375432e-01
   7.4674251e-01   6.7775600e-01
   4.1565424e+00   2.7398341e+00
   3.8263380e-01   7.6595239e-01
  -1.4529357e-01  -2.5141168e+00
   1.3442453e+00   1.2286277e+00
  -7.8944356e-01  -1.4337319e+00
   2.0035019e+00   1.5308591e+00
  -6.3721984e-01   9.3568824e-02
  -9.1411420e-01  -7.6305633e-01
  -5.6021962e-01  -1.1499696e+00
  -3.1234879e-01   1.7577143e-01
   2.7162285e+00   1.8058890e+00
  -3.5317632e-01   2.5154069e-01
  -3.7442701e-01   2.4763953e-01
  -6.6568415e-02   2.5844380e-01
  -1.1434697e-02   6.6285201e-01
  -7.5770050e-01  -3.8058461e-01
  -5.8165004e-01  -2.8676750e-01
  -7.2390722e-01  -1.1468550e+00
   4.8414386e-01   5.6866567e-01
  -7.6603599e-01   1.1720993e-01
  -6.2647217e-01  -4.9487200e-01
   4.0369728e+00   2.5663774e+00
   4.2237624e-01   8.1728340e-01
   8.7652539e-01   1.0627616e+00
   2.9230948e+00   1.7558350e+00
   1.8955571e+00   1.7147531e+00
   2.8842424e-01   8.7331370e-01
  -5.6511958e-02   3.3432649e-01
  -7.5755401e-01  -7.1226137e-01
   3.0032807e-01   1.0833353e+00
  -5.9065543e-01   5.5550728e-02
   1.4554107e+00   1.1249915e+00
  -2.7130439e-01  -7.4472342e-01
  -4.9435781e-01   2.1107387e-01
   3.4901627e+00   2.3421360e+00
  -5.8216627e-01  -7.3585877e-01
  -6.9078305e-01  -2.6645162e-01
  -7.0002156e-01  -3.1779270e-01
  -8.5740471e-01  -4.7041612e-01
  -6.5966010e-01  -1.7289104e-01
  -8.6905778e-01  -7.3372857e-01
  -5.8912479e-01  -1.8991056e-01
  -8.3084522e-01  -3.5590697e-01
   8.6555650e-01   1.0375867e+00
   8.1571459e-01   9.5521384e-01
  -2.6726781e-01   3.0616110e-01
   2.3650924e+00   1.8653163e+00
  -1.5933852e-01   3.3243007e-01
  -6.7107748e-01  -3.2833226e-01
   2.8359923e-02   2.1983412e-01
   2.0456727e+00   1.7009947e+00
  -4.8636125e-01   2.2904438e-01
  -3.4828500e-01  -2.7166653e-01
  -4.3615441e-01   3.2663547e-01
  -6.4105683e-01  -1.5270404e+00
   1.0295596e+00   9.8115429e-01
  -8.0854313e-01  -8.9508143e-01
  -4.9099537e-01  -5.8911715e-01
  -3.8972890e-01   2.0713873e-01
  -2.8461397e-01   4.8704036e-01
   1.0580795e-01   5.2699099e-01
  -1.7988655e-01   5.8877010e-01
  -6.7167753e-01  -1.5049748e+00
  -6.9750363e-01   8.5816753e-03
  -1.0281593e+00  -3.6498218e-01
  -8.2473336e-01  -8.1037158e-01
  -1.1932307e+00  -1.2980264e-01
  -8.9477978e-01  -5.4973466e-01
  -6.8221745e-01  -1.9633418e-01
  -5.8595803e-01  -1.9084553e+00
  -8.6418582e-02   6.5838978e-01
   2.5335728e-01   8.1123318e-01
  -4.1271901e-01  -1.1858406e+00
  -5.7883257e-02  -1.5546702e+00
   4.4887966e-01   7.1202216e-01
  -4.3767439e-01  -7.9416003e-01
  -1.0887647e+00  -7.4711559e-01
  -3.9334435e-01  -1.5437624e+00
   1.7299587e+00   1.1883019e+00
  -1.0353970e+00  -7.3894437e-01
  -6.8202197e-01  -3.7709731e-01
  -7.7597771e-01  -3.3592201e-01
  -2.7181770e-01  -1.4869013e-03
  -3.0815383e-01  -2.5813421e-03
   1.1735976e-01   6.2977265e-01
  -3.8629360e-01   9.2162951e-02
  -5.2732145e-01  -1.5552013e-01
  -6.0510613e-01  -5.0155958e-01
  -6.5837059e-01  -1.0236663e+00
  -9.2226181e-01  -1.1640684e+00
   2.2935440e-01   3.9547690e-01
   1.4721009e+00   1.3051451e+00
   9.6572027e-01   8.0530364e-01
   3.8941848e-01   8.0309790e-01
  -6.8256350e-01  -5.7869134e-01
  -3.4292193e-01   2.0955461e-01
  -1.6303833e-01   1.4679412e-01
  -7.6775056e-01   1.9017903e-02
  -3.2606879e-01   8.6953093e-02
  -6.3871311e-01  -1.4473826e+00
  -4.7625028e-01   3.1885442e-01
   2.9305247e+00   2.0304361e+00
  -2.0159742e-01  -1.8379899e+00
   2.0446403e+00   1.5608338e+00
  -6.5620027e-01  -1.9232100e-01
   6.5387268e-01   7.1037574e-01
  -6.0369430e-01   2.2556286e-01
  -4.1271069e-01  -1.8347481e-01
  -1.0491781e+00  -9.0951492e-01
  -2.5931864e-01  -2.3318518e-03
  -6.1066980e-01  -1.2370057e+00
   4.8920377e-01   9.4126496e-01
  -7.9455546e-01  -6.6708818e-01
   2.4988620e-01  -2.1203896e+00
  -1.9125101e-02   1.6154412e-01
  -6.5259522e-01  -3.0056249e-02
   4.1659228e-01   6.4597202e-01
  -3.8847932e-01   6.0769775e-02
   3.5929452e+00   2.2522161e+00
  -1.4849433e-01   3.5341904e-01
  -4.2180709e-01  -3.9254811e-01
   4.0998144e-01   6.7850511e-01
   3.5206058e+00   2.2207351e+00
  -9.3683808e-01  -3.6015655e-01
  -8.8470667e-01  -9.0879856e-01
  -5.1574761e-01  -1.5005674e-01
  -7.0574671e-01  -9.3135149e-01
  -1.7049286e-01   1.5200890e-01
  -9.1226669e-01  -2.9428840e-01
   1.3416831e+00   1.1574710e+00
  -6.2374998e-01   3.7608003e-02
  -1.1428255e+00  -6.9044756e-01
  -1.1542917e-03   5.2826875e-01
   6.7759719e-01   1.1185360e+00
  -1.5004113e-01   5.1724263e-01
  -5.0117482e-01   4.8684915e-01
  -4.2523475e-01   2.9467811e-03
   1.4282645e+00   1.3180181e+00
   4.5184478e-01   8.5776984e-01
   2.0931945e+00   1.5901214e+00
   1.8331893e+00   1.3912397e+00
   2.7539433e-01   3.4816405e-01
  -8.1288855e-01  -7.8759803e-01
  -1.5658375e-01   4.2379124e-01
  -5.3405983e-01  -2.9913254e-01
  -5.7377021e-01  -3.6694296e-01
  -3.4333583e-01  -1.4376308e+00
  -1.1160837e-01  -2.0117357e+00
   8.2861725e-01   6.5036400e-01
   9.5193493e-01   1.2037731e+00
  -5.7199490e-01  -9.0085964e-01
   1.2346803e+00   1.3825425e+00
  -1.1058296e+00  -7.5430873e-01
  -9.7824372e-01  -8.9949873e-01
   8.2227206e-02   1.5341855e-01
  -8.9609553e-01  -8.8196696e-01
   1.6160529e+00   1.4294104e+00
  -8.2051794e-01  -2.6620287e-01
   1.0252342e+00   1.3525974e+00
  -8.6585214e-01  -8.8980004e-01
   3.6027731e-01   9.1115050e-01
  -1.0038044e+00  -3.0389102e-01
   1.0077256e+00   1.0122133e+00
  -6.6966572e-01  -1.7274573e+00
  -9.5376641e-01  -7.8568424e-01
  -5.5578548e-01  -1.0312027e+00
  -5.8059510e-01  -1.1218395e+00
   8.9242130e-01   8.4159662e-01
  -4.3352834e-01   2.3445968e-01
  -7.4090311e-01  -1.2320102e-01
   7.3972463e-01   1.0259926e+00
  -7.7072120e-01  -1.7854185e+00
  -3.7427678e-01  -1.6517972e+00
  -1.2359605e+00  -1.3847843e+00
  -4.2948959e-01   3.0633200e-01
  -5.7930206e-03   8.1936827e-01
   2.5779347e-03  -1.6302868e+00
  -6.0664132e-01  -8.1017433e-01
  -9.7707230e-01  -9.0922363e-01
   2.2490270e+00   1.7487427e+00
  -5.4677525e-01  -4.6266079e-01
   2.3686450e-01   6.2762397e-01
   1.3074181e-01   4.2492655e-01
   1.5844194e+00   1.4557894e+00
  -2.3998292e-01   2.0736493e-01
   2.8843028e+00   2.1090188e+00
   2.5912974e-02   2.6080586e-01
  -7.9067231e-01  -7.7264678e-02
   7.4634631e-02   2.5488320e-01
   1.3354323e+00   1.1565249e+00
  -5.2752376e-01  -7.3285033e-01
   2.1751377e+00   1.6375012e+00
   5.9480435e-01   5.5233905e-01
  -9.6714255e-01  -7.1435297e-01
  -4.2790380e-01  -6.2372230e-02
   1.7059689e+00   1.3608118e+00
  -6.8830649e-01  -1.1074826e+00
  -8.8441275e-03   2.2894809e-01
   5.2972470e-02  -1.9739684e+00
  -9.2372239e-01  -9.4065243e-01
  -7.1551299e-01  -1.3131756e+00
  -4.8825961e-01  -8.7857176e-01
  -9.3173285e-01  -1.2143741e-01
  -9.4813471e-01  -3.4445313e-01
  -7.8473338e-01  -6.9410237e-01
  -4.3781028e-01  -2.7275933e-01
  -1.0400674e+00  -3.1904460e-01
  -8.4705939e-01  -5.4633697e-01
  -8.9134580e-01  -5.3826555e-01
  -1.0376503e+00  -6.2421691e-01
   1.9594157e+00   1.3719143e+00
   3.6219538e-01   7.5559895e-01
   1.6973759e-01   6.1698516e-01
  -5.0941989e-01  -6.0878381e-01
  -7.0842637e-01  -6.4317602e-01
  -6.5754272e-01  -3.4642854e-01
   1.0753850e+00   9.7721152e-01
  -1.5627930e-01   4.4090876e-01
  -5.0138339e-01  -9.1997156e-01
  -5.2115964e-01  -1.3783972e+00
  -1.0258820e-01  -4.6656065e-02
   5.6220333e-01   7.0657847e-01
  -3.4957525e-01  -7.0616768e-01
  -8.1292721e-01  -4.2197379e-01
   3.2176270e+00   1.9605410e+00
  -9.5065633e-01   1.6638732e-01
   2.1324621e+00   1.6141829e+00
   2.6594553e+00   2.1055898e+00
  -1.4294598e-01   2.7634335e-01
  -7.3656789e-01  -1.1356743e+00
  -3.0303184e-01  -5.3122863e-01
  -2.6354026e-01  -7.7055762e-01
  -8.5281768e-01  -1.7196009e-01
  -6.9642843e-01  -2.7866058e-01
  -8.7924189e-01  -1.3774073e+00
  -3.1801353e-01  -1.1567684e+00
   1.4817508e+00   1.4326092e+00
  -2.4982845e-01  -2.4883549e-01
   4.1912577e-01   8.9547158e-01
   9.5614706e-01   1.0713085e+00
   9.0175202e-01   1.0569751e+00
  -4.3457962e-01   4.9758878e-02
   2.0796257e-01  -2.6917342e+00
  -3.1092396e-01   3.5071852e-01
  -3.2836510e-01  -1.4732320e+00
  -7.1976826e-01  -6.4153286e-01
  -4.5570086e-01  -3.1973004e-01
  -7.7473643e-01  -1.0330012e+00
   1.8725459e+00   1.5214396e+00
   3.1977338e+00   2.1143353e+00
  -5.2113923e-01  -1.3633642e+00
  -3.4183519e-01  -1.7807137e+00
  -7.1530227e-01  -3.1579014e-01
   3.1774031e-01   8.1200187e-01
  -6.8803141e-01  -5.6979534e-01
  -2.3167873e-01  -1.3512486e+00
  -8.3908204e-01  -9.5973077e-01
  -6.9288209e-01  -1.9768612e-01
  -8.9023024e-01  -3.3318121e-01
  -3.2783379e-01  -1.4472998e-01
  -4.2086760e-01   4.6242976e-02
  -9.4477721e-01  -5.4163641e-01
   1.1284132e+00   9.7838872e-01
   5.2726690e-01   7.8666775e-01
  -1.8337845e-01  -1.5732310e+00
  -3.0762850e-01  -3.2639715e-01
  -3.9120612e-01  -1.4527020e+00
   1.2076190e+00   1.2359365e+00
   5.1703057e-01   1.0210234e+00
  -7.9988247e-01  -1.4989840e+00
   1.2802578e+00   1.3691778e+00
  -1.5474650e+00  -4.7057073e-02
   1.6482121e+00   1.3232972e+00
  -3.2793671e-01  -2.1526970e-01
  -6.6590356e-01  -1.3552637e+00
  -3.0796720e-01  -3.3199896e-01
   1.3937736e+00   1.3762196e+00
  -2.6985399e-01   2.4196107e-01
   3.3857574e-01   7.7753326e-01
   4.7798557e-01   6.8510492e-01
   1.3035011e+00   9.4833730e-01
  -1.5746694e-01   1.9160839e-01
  -4.5938105e-01  -1.3225149e+00
  -1.3808989e-01  -3.3296707e-02
  -4.4029754e-01   2.8631331e-01
   3.3531491e-01   5.5791769e-01
   8.9026129e-01   1.2156860e+00
  -2.4470179e-02   6.1014952e-01
  -2.2897334e-01   5.5605871e-01
  -9.5170499e-01  -1.1059730e+00
  -7.9260572e-01  -2.6141989e-01
   1.1511519e+00   1.2946586e+00
  -9.3667201e-01  -4.9328212e-01
   5.8897137e-02   7.9306939e-01
   2.7980290e-02   3.3123485e-01
   2.9834580e-01   5.9375924e-01
  -4.6357310e-01   6.7459143e-02
  -6.1356584e-01  -4.7703718e-01
  -3.1245206e-01   4.8579571e-01
   4.0309229e+00   2.5043815e+00
  -1.0352036e+00   1.1653385e-01
   2.9033853e+00   2.1199472e+00
  -8.5503735e-01  -5.3876270e-02
   1.6487817e+00   1.5915662e+00
   5.4669102e-01   9.5444776e-01
  -4.9664242e-01   1.5439000e-01
  -3.0353157e-01  -2.0366996e-02
  -2.7706449e-01  -1.4093613e+00
  -1.8605176e-01   3.3943922e-01
  -5.3185311e-01  -1.1394093e+00
  -8.5862032e-01  -3.1321869e-01
  -7.3443859e-01   5.0324998e-02
  -8.8922425e-01  -1.2029309e+00
  -5.6242734e-01  -6.2346000e-01
  -7.4911660e-01  -3.4261911e-01
  -9.2747100e-01  -7.1937200e-01
   1.8387181e+00   1.3987108e+00
  -4.0950416e-01  -1.5497637e+00
  -6.2573591e-01  -1.8975324e-01
   1.6958126e+00   1.1305463e+00
   1.5189619e+00   1.1796483e+00
  -6.5552286e-01  -6.5443714e-01
  -7.2727721e-01  -3.6065999e-01
  -5.4413557e-01  -3.3139486e-01
  -6.7287358e-01  -3.9875567e-01
   6.1617422e-01   1.0743393e+00
  -8.5842358e-01  -4.0651453e-01
   1.2737634e+00   1.1403307e+00
  -9.7028597e-01  -2.9751919e-01
  -3.9907598e-02   2.3469301e-01
  -8.5713644e-01  -7.6168980e-01
  -7.6343502e-01  -7.1611075e-01
  -7.2226652e-01  -5.5673818e-01
  -5.4529442e-01  -2.5983719e-01
  -4.3246339e-01   5.4969712e-01
  -6.9377300e-01  -3.7532978e-01
  -6.9954420e-01  -4.8925328e-01
   1.5288918e+00   1.1975529e+00
   1.1052402e+00   7.3791597e-01
  -6.3113629e-01  -9.9994866e-02
  -9.9612915e-02  -1.8606379e+00
  -1.1722067e-01   5.7050879e-01
  -5.1392195e-01   6.1050886e-03
   1.0961197e+00   1.1756132e+00
  -2.7747237e-01  -2.1442925e+00
   1.8136395e+00   1.3952616e+00
  -1.9658602e-01   2.9577579e-01
   3.0692891e+00   2.2726787e+00
  -1.8930293e-01   1.7392794e-01
  -1.0745280e+00  -5.7382190e-01
   3.4105323e-02  -4.4722920e-02
  -5.1498819e-01   1.7390317e-01
   9.3228156e-02   3.9708847e-01
  -4.5910040e-01  -3.6144757e-01
  -1.0215092e+00  -8.4357767e-01
  -8.2077256e-01   5.4067020e-02
   4.3030206e-01   9.5298814e-01
  -5.2343991e-01  -1.0302143e+00
   3.9986375e-01   9.9878708e-01
  -2.7942905e-01  -1.6075480e+00
  -3.7918742e-01  -1.1761714e+00
  -8.9701563e-01  -7.0897422e-01
  -1.0401722e+00  -9.3206610e-01
   5.1638681e-02   4.3135656e-01
  -8.8348684e-02  -1.1490978e+00
  -6.9061064e-01  -4.3062082e-01
  -6.8727132e-01  -9.5526984e-01
  -6.4350817e-01  -1.1492369e+00
   2.2244941e+00   1.5093711e+00
   1.8999402e+00   1.7283116e+00
  -4.4810877e-01   1.5017719e-01
  -1.2086212e-01   3.1104198e-01
   2.9431808e-01   7.2236883e-01
  -4.6107250e-01  -1.2697202e+00
  -1.0019394e-01   1.5014092e-01
   4.4652562e-01   8.6160756e-01
   3.1166918e+00   2.1205352e+00
  -6.6588002e-01  -8.4663122e-02
  -1.2129919e-01   7.7730522e-01
  -1.0885515e+00  -3.7358371e-01
  -7.2162661e-01  -4.9437734e-01
  -3.8819144e-01   2.1860143e-01
   1.1931261e+00   1.3258450e+00
  -9.8675268e-01  -1.0981666e+00
  -4.4965772e-01  -1.8409553e+00
  -5.2711987e-01  -8.4226924e-01
  -1.3931677e-01   3.6521662e-01
  -1.0809192e+00  -7.7904182e-01
   3.6250139e-01   5.9862206e-01
   8.6938644e-01   1.1532597e+00
  -3.4117838e-01  -1.8244322e-01
  -6.4698909e-02   7.0856498e-01
  -3.9289734e-03   6.3719716e-01
  -5.0976611e-01  -1.7687332e+00
  -6.5096967e-01  -1.1761290e+00
  -5.5886372e-01  -4.3187361e-01
  -4.9699064e-01  -1.1734390e+00
   4.3632416e-03  -1.9147966e+00
   2.9807023e-01   3.2975999e-01
  -1.1626242e+00  -7.1306529e-01
  -9.5627323e-01  -9.5053593e-01
  -1.8343052e-01   3.8136376e-01
  -2.5755613e-01  -2.4849995e-01
   1.2386753e+00   1.1228558e+00
   2.2193371e+00   1.6252978e+00
  -6.9053785e-01  -1.1978386e+00
  -8.6833575e-01  -7.2679775e-01
   1.9140352e-01   4.0482151e-01
  -4.4855495e-01  -2.7930422e-01
   2.5615446e+00   1.8018244e+00
   1.4676030e+00   1.1596284e+00
  -4.5964840e-01  -2.3297806e-02
  -6.3889920e-01   4.9835876e-01
  -4.0340402e-01   1.3208802e-01
   6.1509949e-01   7.9760592e-01
  -4.4644024e-01  -1.5664672e+00
   2.1580920e+00   1.5965472e+00
  -9.9304975e-02   2.2961060e-01
  -2.8114331e-01   3.0183382e-01
  -6.9492789e-01   9.7326622e-02
  -6.1481566e-02   1.0572933e-01
   1.0875150e+00   9.9911340e-01
  -8.7910304e-01  -1.5096150e+00
  -3.3222351e-01   3.6077736e-01
  -6.5104448e-01  -3.9087232e-01
  -4.1240600e-01  -2.7208411e-01
  -1.6405023e-01   2.8314496e-02
  -2.5450268e-02   6.5215641e-01
   9.1196059e-01   1.0143492e+00
  -3.4079224e-01  -1.3316766e+00
  -8.9037786e-01  -6.8997583e-01
   4.0899317e+00   2.5890894e+00
   7.4961996e-01   7.9825864e-01
   2.2947112e-01   5.0379943e-01
   1.4631786e+00   1.2772900e+00
   6.0914501e-01   7.0635590e-01
   5.0638458e-01   8.4074019e-01
  -7.2248310e-01  -3.0602189e-01
  -2.1622618e-01   1.7486228e-01
  -7.1740103e-01  -3.7613519e-01
   4.3962427e-01   6.9048032e-01
   1.1114719e+00   7.8391988e-01
  -4.0397631e-01  -6.4407163e-02
  -3.1518839e-02   3.6047156e-01
   3.8437265e-01   8.7002488e-01
   6.5319556e-03   4.3176245e-01
  -2.3136359e-01   2.3847794e-01
  -3.0218066e-01  -1.2809702e+00
  -7.4830923e-01  -1.5660452e+00
   2.0782983e+00   1.6054888e+00
  -8.0756028e-01  -5.7313510e-01
   2.3190077e-01  -2.6619221e+00
  -4.3767125e-01  -6.3452913e-01
   8.6345064e-01   7.7455094e-01
   2.9548135e+00   2.1134847e+00
   2.5575847e+00   1.8785168e+00
  -3.8356786e-01  -3.7484412e-01
  -9.5618115e-02   3.3402970e-01
  -1.1409241e+00  -3.3455325e-01
  -2.8151701e-01  -1.6571610e+00
  -6.4368731e-01  -6.9173858e-01
  -1.0294937e+00  -4.0592841e-01
  -6.3724606e-01  -2.7743066e-01
  -2.2851574e-01  -2.4296300e-01
  -7.6012059e-01  -1.2653710e+00
  -4.5023007e-01  -1.4339149e+00
  -5.9538720e-02  -1.3587116e+00
   3.1600743e+00   1.7382257e+00
  -7.0205194e-01  -1.3749632e+00
   6.5154531e-01   8.5273805e-01
  -2.1607693e-01   4.3359620e-01
  -7.9315381e-01  -1.0071338e+00
   9.1728344e-04   3.3630886e-01
   1.6665296e-01   6.5936130e-01
  -7.6977051e-01  -1.0449489e+00
   3.1656107e+00   1.9950386e+00
   1.5483800e+00   1.3877383e+00
   5.3491733e-01  -2.8284278e+00
  -3.6197170e-01   2.1408535e-01
  -7.1358542e-01  -1.0797646e+00
  -9.6939825e-01   2.1746794e-02
  -9.3553959e-01  -6.1204938e-01
  -2.9103726e-01   9.5511619e-02
   4.7014953e-01   4.9845019e-01
   1.1399135e+00   1.0107578e+00
   1.0465326e+00   1.2083953e+00
   9.6554711e-01   7.5370598e-01
  -6.7977462e-01  -8.5027232e-01
  -3.8200774e-01   3.9457221e-01
  -6.7857578e-01  -1.7602944e-01
  -5.5329506e-01  -2.0117416e-01
  -3.1516860e-01  -8.6701043e-01
   3.8798917e+00   2.4920395e+00
  -1.1715096e+00  -1.0325696e+00
  -6.3141426e-01   2.7050649e-01
   7.5679582e-01   1.1143159e+00
  -3.3477759e-01   1.9028930e-01
   2.5852468e-01   6.1869477e-01
   1.4466951e+00   1.1912897e+00
  -7.9958051e-01  -8.1325382e-02
   1.7974834e-01   1.7882826e-01
  -6.3616592e-01  -1.6424279e+00
  -6.4562985e-01  -1.0844960e+00
  -8.1612470e-01  -4.7827436e-01
  -1.1623481e-01   1.7641420e-01
  -3.5192508e-01  -1.0048357e+00
  -4.1037140e-02   3.2474445e-01
   4.8741446e-01   7.5846697e-01
  -1.0133661e+00  -7.5221407e-01
   4.7913551e-01   8.7315993e-01
  -4.5949141e-01  -1.4603110e+00
  -5.5434491e-01  -8.3738624e-01
  -4.9645203e-01  -4.5432707e-01
  -8.5315114e-01  -1.0310633e+00
  -5.3565363e-01   4.9246381e-01
  -9.3459591e-01  -3.6428334e-01
  -5.3174028e-01   4.5732599e-01
  -6.8894011e-01   1.0984955e-02
  -5.7682060e-01  -5.4223164e-01
  -7.7900952e-01  -1.6125886e+00
  -1.1835254e+00  -1.2361227e+00
   1.5771715e-01   6.6010569e-01
  -7.5761527e-01  -3.7588347e-01
   1.3503546e+00   1.3622239e+00
  -6.5965047e-01  -1.2409013e+00
  -9.5665876e-02   2.5069735e-01
  -5.2198521e-01  -4.7636331e-01
  -3.3651781e-01   3.2626876e-01
   6.4950712e-01   1.0154340e+00
  -2.7966083e-01   2.1262063e-02
  -4.1516036e-01   1.3418551e-01
  -5.3223536e-01  -1.3712328e+00
  -8.7145112e-01  -1.0394139e+00
   3.1750548e-01   7.8460993e-01
   2.1266920e+00   1.4476279e+00
  -6.4736210e-01   1.4605432e-01
  -9.1134083e-01  -8.2904663e-01
   9.7405232e-01   1.0223906e+00
  -6.7623008e-01  -1.0896019e+00
  -9.4105786e-01  -1.0880735e-01
  -7.3109358e-01  -1.3623239e+00
  -8.5428515e-01  -1.9457745e-02
  -6.6206529e-01  -4.8252384e-01
   7.4306213e-01   8.9982311e-01
   5.3339089e-01   8.8856512e-01
  -5.0223440e-01  -7.7516308e-01
   2.9427909e+00   1.8967039e+00
   1.0647986e+00   1.1770561e+00
   1.3039887e-01   5.7310740e-01
  -1.1083083e+00  -8.5372956e-01
  -2.7287045e-01  -1.1338542e+00
   1.7172115e-01  -2.0988872e+00
   4.1000667e-01   8.0501583e-01
   2.8335069e-02   2.9681663e-01
  -5.2291163e-01  -1.6135649e+00
  -5.4807953e-01  -1.0061265e-01
  -1.0628074e-01   5.2555357e-01
   1.2150512e-01  -2.2726235e+00
   6.3399297e-01   8.3915728e-01
  -5.6227914e-01  -1.1523651e+00
  -4.5774953e-01   9.7717277e-02
  -8.3861407e-01  -2.8896901e-01
   3.0309975e-01   6.7964681e-01
   1.6995340e+00   1.4084718e+00
   3.8351384e+00   2.8022229e+00
   1.1835768e+00   1.1140889e+00
   4.1845748e+00   2.7272350e+00
   4.3599295e-01   4.8463765e-01
  -2.9534097e-01  -1.4736812e+00
   1.6229770e+00   1.1289558e+00
  -7.0437000e-01  -6.6102449e-01
  -5.3099500e-01  -4.6433073e-01
  -6.3166799e-01  -5.9130104e-01
  -8.5475325e-01  -8.1888774e-01
  -9.0429552e-01  -6.2486541e-01
  -1.6437947e-01   4.6192949e-01
   2.7627072e+00   1.8992703e+00
  -1.5688205e-01  -1.8223693e+00
   7.3944934e-01   8.4787227e-01
  -5.2950315e-01  -6.2788718e-01
  -1.9598967e-01   3.7327117e-01
  -6.3261131e-01  -1.8311542e-02
  -6.8544582e-01  -7.6456873e-01
  -5.9529509e-01  -1.8620298e-01
   2.4965188e+00   1.8449975e+00
  -4.5079076e-01   4.4712053e-01
   1.0800091e-01   3.4917706e-01
  -7.7396413e-01  -3.1396105e-01
  -1.8169459e-01   1.8829233e-01
   2.9569179e-01   3.9388400e-01
  -1.5903143e-02  -1.0887110e-03
   1.1791973e+00   1.2274566e+00
  -1.1225616e+00  -4.1167147e-01
   7.3477173e-01   9.6709588e-01
  -5.7766021e-01  -1.3382811e+00
   3.9835589e-02   7.3389740e-01
  -1.3163518e-01  -1.2739506e+00
  -7.5639331e-01  -1.5294873e+00
  -6.0509622e-01  -3.3318810e-01
   2.7674815e+00   1.9515306e+00
   4.5652214e+00   2.5434431e+00
  -6.1290710e-01  -8.4498818e-01
   1.9058566e+00   1.4333650e+00
  -5.7720886e-01  -7.2669031e-01
  -4.6260478e-01   4.3377010e-02
  -8.2621401e-01   8.5819537e-02
  -2.9652872e-01   3.3911160e-02
  -4.2750959e-01  -1.3729297e+00
  -1.1796042e+00  -9.3350637e-01
   1.1579127e+00   1.0831047e+00
  -1.6767817e-01   4.4201675e-01
  -5.5687100e-01  -3.8380993e-01
  -3.7787276e-01  -1.6609107e+00
  -1.9283345e-01  -1.7016636e-01
  -4.9806269e-01  -1.0877410e+00
  -4.4332266e-01  -5.7021209e-01
  -3.4803258e-01  -3.5866491e-01
  -5.8989523e-01  -3.6988166e-01
   2.3154082e+00   1.5880095e+00
  -5.8402196e-01  -1.1083560e+00
  -3.6303419e-01  -1.7971171e+00
  -3.5117667e-01  -3.2893601e-01
  -2.4610940e-01   2.1566344e-01
   2.2392364e+00   1.7665408e+00
   8.0941077e-01   1.0265890e+00
  -9.6684967e-01  -3.4766769e-01
   7.0938151e-02   5.7251955e-01
  -9.8753211e-01  -3.5614216e-01
  -7.3616667e-01  -1.6685719e+00
  -7.1880048e-01  -1.9320312e-02
  -9.0801135e-02   4.9905470e-01
  -6.2579905e-01  -3.9266333e-02
  -4.8410329e-01  -1.0479671e+00
   2.0200827e+00   1.5523752e+00
   4.7713035e-01   6.1813152e-01
   1.6233096e+00   1.2436104e+00
  -8.3731004e-01  -2.1298972e-01
  -3.2005090e-01  -9.0732907e-03
  -1.9022981e-01  -1.3405544e-01
   1.4444186e+00   1.3602181e+00
  -3.8739228e-01   1.6302007e-01
  -6.1138951e-01  -6.8523863e-01
  -8.7113774e-01  -7.7966789e-01
   1.8315787e+00   1.3666478e+00
   2.0453307e-01   5.5507657e-01
  -1.0542358e+00  -8.1737074e-01
   1.2753445e+00   8.5967435e-01
  -4.3603591e-01  -1.5834808e-01
  -5.5911473e-01  -4.3744587e-01
  -8.4499869e-01  -3.7826987e-01
  -3.0924635e-01   3.8581119e-01
   1.3882675e+00   8.9628733e-01
   9.0847250e-01   9.2180209e-01
   7.7058296e-01   1.0643234e+00
  -8.0031878e-01  -5.4570967e-01
   2.5137105e+00   1.4434533e+00
  -4.5200603e-01  -1.0282925e+00
   9.2385191e-02   1.6584565e-01
   1.1837693e+00   8.5832613e-01
   8.3705378e-01   8.9807915e-01
   9.9905029e-01   8.7550592e-01
  -2.6357356e-01  -2.1302085e-01
  -7.2678010e-01  -1.9177618e+00
  -7.7356503e-01  -1.1411189e+00
   3.1479174e-01   3.0806884e-01
   8.1669861e-01   9.9962483e-01
   9.8833469e-01   1.4199676e+00
  -1.2002767e+00  -3.7978676e-01
  -5.2345856e-01  -1.8592831e-01
   2.0012595e+00   1.7171011e+00
   4.6887596e-01   6.4298939e-01
  -1.0282725e+00  -6.0972203e-01
  -6.8535470e-01  -9.1262990e-03
  -7.9221980e-01  -2.4319457e-01
  -8.3984981e-01  -5.7979099e-01
   1.9488256e+00   1.4560055e+00
  -5.6890190e-01  -3.4790598e-01
  -5.5989974e-01  -1.1541906e+00
  -6.4038975e-01  -8.8943404e-01
   1.6394934e+00   1.1169832e+00
  -4.7620704e-01  -2.7043138e-01
  -9.1397069e-01  -4.2661309e-01
   7.2632774e-01   1.0608426e+00
   6.1677928e-01   7.0293695e-01
  -8.1518281e-01  -6.2617269e-01
  -6.7365238e-01  -3.1802714e-01
  -5.9265943e-01  -9.3603477e-01
  -2.7879167e-01   1.7934822e-01
  -3.2327051e-01   8.9333045e-02
  -6.2072910e-01  -2.2966883e-01
  -8.6834949e-02   7.1058836e-01
   3.4278464e-01   8.2657686e-01
   1.1700663e+00   8.3453195e-01
  -4.2960893e-01   8.5567502e-02
  -3.8240270e-01   9.1550509e-02
  -3.7153060e-01  -1.1381096e+00
  -8.3590021e-01  -5.2491280e-01
  -4.8292735e-01  -2.2405929e-01
   5.0156050e-01   7.7230300e-01
  -2.8154208e-01   1.9880393e-01
   9.0941839e-02   5.3752898e-01
  -7.8183027e-01  -1.3747585e+00
   9.4687147e-03   4.8204933e-01
   1.5714180e+00   1.1894993e+00
  -3.5836879e-01  -1.2438820e+00
  -4.9044852e-01  -1.7158109e+00
  -8.1772719e-01  -6.1323681e-01
  -7.3164675e-01  -6.8611773e-01
  -5.2175152e-01   1.9572327e-01
   2.9201465e-01   2.7668447e-01
  -8.5741797e-01  -2.8583183e-01
   8.6445432e-01   1.2574987e+00
  -4.9420770e-01  -2.6809926e-01
  -4.9689762e-01   2.0549911e-01
  -2.0663245e-01   4.5791716e-01
  -6.3561802e-01  -1.4961438e+00
  -7.3594408e-01  -6.1763358e-01
   1.2194095e+00   1.1350937e+00
   2.6482222e+00   1.9347251e+00
  -1.0308487e+00  -6.1850924e-01
  -1.3340069e-01   1.7741687e-01
  -5.0225321e-01  -1.3857695e+00
   4.4498919e-01   1.0077156e+00
  -2.1841780e-01   3.5861856e-01
   4.1860220e-01   7.0338133e-01
  -8.9639950e-01  -5.7921678e-02
  -3.8251545e-01   3.1830111e-01
  -6.5858380e-01  -8.1779675e-01
  -6.8802339e-01  -5.4473619e-01
  -1.5113020e-01   4.5152456e-01
   2.2821386e-01   6.8898048e-01
  -9.0771916e-01  -6.1997874e-01
  -6.1895756e-01  -1.9327991e-02
   4.1953359e-02   4.8617142e-01
  -5.1462481e-04   3.3302687e-01
  -1.6483276e-01  -1.7178571e+00
  -2.1085472e-02   3.3913817e-01
   1.0214970e+00   1.0338508e+00
   3.8196497e-01   6.2380411e-01
  -7.1990335e-01  -2.0316598e-01
  -5.0957158e-01  -1.6666771e+00
  -8.2068739e-01  -5.5046061e-01
  -1.2706360e+00  -6.6784250e-01
  -7.3924224e-01  -5.2040646e-01
   8.4122194e-01   1.1410257e+00
   1.0534039e+00   1.1067214e+00
  -8.7460644e-01  -1.2339635e+00
   1.3364168e+00   1.0929152e+00
   9.1222263e-01   1.1548462e+00
  -5.6987189e-01   2.2517679e-01
   9.8739085e-01   9.8613344e-01
   3.7773754e-01   7.0400324e-01
  -1.6515519e-01   7.7538616e-01
  -8.0448758e-01  -7.2758230e-01
  -6.6904426e-01  -2.7118462e-01
  -5.8340791e-01  -1.5095453e-01
   1.8789213e-01   4.8224973e-01
  -7.9405882e-01  -7.4216393e-01
   2.3008462e-01  -2.4974605e+00
  -9.1734353e-01  -5.7011321e-01
  -5.5636369e-01  -2.8658386e-01
  -9.6354308e-01  -2.7535490e-01
  -9.6569983e-01  -5.3747760e-01
   1.9261600e+00   1.2919893e+00
  -5.0259312e-01  -1.3275532e-01
  -4.3790692e-01  -1.3999016e+00
  -3.7433562e-01  -5.6313134e-01
  -6.9864319e-01  -1.1445727e+00
   6.8497212e-01   7.8171423e-01
  -2.3132767e-01  -4.8855032e-01
  -8.8997557e-01  -7.0388118e-01
   1.5739139e+00   1.3222660e+00
  -7.0998760e-01  -9.6635896e-01
  -4.8099473e-01  -3.9029556e-01
  -3.4155249e-01  -8.2334088e-01
  -1.4723902e-01   5.2280067e-01
   3.7729646e+00   2.1559163e+00
  -4.8690214e-01   5.1113807e-02
  -7.6646700e-01  -1.0875337e-01
  -6.0481587e-01  -3.4089828e-03
  -6.9802466e-01  -9.6207100e-01
  -6.0508930e-02   2.4399160e-01
  -4.6541320e-01   3.9180286e-01
  -5.8687232e-01  -9.3844311e-01
  -4.6175935e-01  -3.9631260e-02
  -7.6976047e-01  -2.4478669e-01
   4.4471245e-01  -2.1073598e+00
  -4.7311833e-01   2.4752244e-01
  -2.4846606e-01  -7.4015711e-01
  -8.2271593e-01  -1.1367012e-01
  -9.9418216e-02   1.9041798e-01
  -5.6678456e-01   2.1782469e-03
   1.0435533e+00   1.1184747e+00
   1.0373680e+00   7.4853900e-01
  -1.6734381e-01   4.1899383e-01
   1.8034659e+00   1.4003514e+00
   3.5180971e-01   7.8358973e-01
  -1.4704931e-01   8.1700116e-01
   2.1559140e-01   3.3500862e-01
  -1.1639407e+00  -1.1453724e+00
   1.8517911e-01   8.1751698e-01
   3.9323563e-01   5.7386989e-01
   3.8456700e-01   5.6413795e-01
  -8.6600140e-01  -9.5914963e-01
  -4.1770918e-01  -1.2229744e+00
  -3.9741263e-01   4.5004418e-01
  -2.6958443e-01  -1.3879225e-01
  -4.3491511e-01  -1.4912331e+00
  -6.4676750e-02   4.1036097e-01
  -7.6293350e-01  -1.9197261e-01
   4.0535707e-02   6.5338431e-01
   2.5285928e+00   2.0298494e+00
   2.3422974e-01   8.8189644e-01
   1.3619985e+00   1.2271096e+00
  -4.7867238e-01  -1.2089453e+00
  -1.1429060e-01   6.0012762e-01
  -8.8649365e-01  -6.6081264e-01
  -1.1794959e-01   3.2536885e-01
   3.2828063e-01   9.9529842e-01
   3.7332919e-01   5.0927158e-01
  -7.0992991e-02  -1.2585290e+00
  -3.0404406e-01   9.7303701e-02
   1.8460966e+00   1.4306925e+00
  -4.4782622e-01  -3.4036855e-01
  -1.5047409e-01  -1.0229333e-01
  -9.3332184e-01  -1.0168821e+00
  -2.9497505e-01   3.6481269e-01
  -7.0238767e-01  -2.5969304e-01
   5.3548779e-01   7.5936476e-01
   4.6598970e-01   8.6063478e-01
  -6.9341858e-01  -9.7841814e-01
   3.3904529e-01  -1.9974913e+00
   1.5986961e+00   1.5770340e+00
  -6.7816801e-01  -1.2318134e+00
   1.3277519e+00   1.2052291e+00
   1.4773561e-02   5.5007088e-01
  -5.7033972e-02   3.9787980e-01
   8.9980167e-02   4.8693021e-01
   2.5553483e-01   8.7875398e-01
  -9.0001805e-01  -2.4197406e-01
  -3.5960699e-01   5.1582243e-01
  -1.0633233e+00  -6.0946713e-01
  -8.6076812e-01  -1.1509579e+00
  -3.1905261e-01   3.1814647e-01
  -1.9036513e-01   4.5475736e-01
   5.0299692e-01   4.9446613e-01
  -5.4128175e-01  -2.3297240e-01
  -6.7054597e-01  -1.8782976e-01
   4.3889026e-01   8.9487967e-01
  -8.6336932e-01  -4.2457612e-01
  -3.8086541e-01  -1.7893677e+00
   3.4851887e+00   2.1626637e+00
  -5.7918867e-01   1.3808146e-01
  -5.3669873e-01  -2.2195810e-03
   1.1213264e-01   4.3474384e-01
   1.1569495e+00   1.1321624e+00
  -7.4107160e-01  -1.3998040e+00
   2.4079941e+00   1.8448246e+00
  -6.3349805e-01  -1.3686756e+00
  -2.7909123e-01  -3.8788928e-02
  -4.6377316e-02   5.4543179e-01
  -4.2612284e-01  -6.8552063e-01
   1.2869728e+00   1.0707645e+00
  -3.9392337e-01  -1.1828353e+00
   1.7119522e+00   1.3292205e+00
   4.1957526e-01   6.1993248e-01
   8.7028944e-01  -2.6989755e+00
  -8.1868164e-01  -6.9920773e-01
  -5.5450980e-01  -3.5669386e-01
  -7.9417426e-01  -1.0293932e+00
   3.6961136e+00   2.3923079e+00
   9.4255490e-02   4.2829816e-01
   8.6926692e-02   9.4737928e-02
  -6.2467124e-01  -3.2855071e-01
   5.9567736e-01  -2.8533960e+00
  -5.1513780e-01  -2.3370409e-01
  -1.0108218e+00   2.6340500e-03
  -6.0484409e-01  -1.5677584e+00
  -8.3117122e-01  -8.1459886e-01
  -5.4718279e-01  -3.3601979e-01
   9.5376766e-02   6.2261999e-01
  -4.4431321e-01  -7.3592758e-01
   3.3288147e-01   5.4842090e-01
  -6.4247858e-01  -1.8726650e-01
   2.0513375e-01  -2.2945848e+00
  -1.0648324e+00  -9.3945056e-01
  -2.3519468e-01  -3.8673623e-01
  -3.6228013e-01  -1.0379853e+00
   3.7810073e+00   2.5566432e+00
  -1.0030747e+00  -6.1283681e-01
   1.7581996e+00   1.3298293e+00
  -7.9188992e-01  -6.5476551e-01
   1.6599762e+00   1.4069163e+00
   4.8498676e+00   3.7176463e+00
  -4.3030766e-01  -1.0105018e+00
   8.1498198e-01   8.8163457e-01
  -4.7935663e-01   1.3658622e-01
  -7.5546116e-01  -3.5718078e-01
  -6.9439546e-01  -1.1571014e-01
  -2.3601222e-01  -2.0001677e+00
   4.8173813e-01   7.6866566e-01
  -8.5772560e-01  -3.3530002e-01
   4.1537714e-01   8.8447843e-01
   9.2197164e-02  -1.8597844e+00
  -5.3261377e-01  -1.7978193e-01
  -1.7761363e-01   1.8125398e-01
  -4.3753259e-01  -9.2879777e-01
  -1.0731809e+00  -3.4396448e-01
   2.0801214e+00   1.6396409e+00
  -4.5078565e-01  -8.1193098e-01
  -5.4820620e-01  -1.5090893e+00
  -5.8210316e-01  -8.2959698e-01
   1.9030789e+00   1.5042060e+00
   1.6738837e+00   1.6081236e+00
  -1.5960325e-01   3.6888858e-01
  -3.4794186e-01   5.0908798e-02
  -8.9309392e-02   4.3679751e-01
  -9.2083989e-01  -1.8296068e-01
