   8.3391185e-01   7.6367463e-01
  -1.3666962e+00  -1.3069153e+00
  -9.1489870e-02  -5.6016732e-02
  -7.0902860e-01  -1.7424054e-01
  -7.0922114e-03   6.0493554e-02
   3.4306984e-01  -3.1976651e-02
  -1.4500520e+00  -2.1835395e+00
   1.2769830e+00   1.6905780e+00
   1.7041161e-01   3.6602070e-01
  -1.2827429e+00  -1.3873207e+00
  -1.6708430e+00  -8.1128627e-01
  -4.6088401e-02  -1.1551928e-01
   1.1972743e+00   8.5510020e-01
  -7.3612362e-02   1.4301866e-02
   4.1227352e-01   4.1241753e-01
   7.4898645e-01   8.0390827e-01
   7.8330766e-01   2.6529456e-01
  -1.3636110e+00  -7.8620249e-01
  -1.6770516e-01   7.5999349e-02
  -1.6452784e+00  -2.0883025e+00
   6.1258164e-01   6.7666335e-01
   3.2401329e-01   6.4303523e-01
   1.1595195e-01   1.0259302e-01
  -3.2454865e-01  -3.9431956e-01
  -9.5217121e-01  -1.7635433e+00
   2.4621586e-02   1.8826643e-01
   7.0541249e-01   3.7405383e-01
  -2.0122727e-01  -1.0332673e-01
  -1.8708954e-01   1.3965398e-01
  -1.1241082e+00  -9.7707682e-01
  -1.6873891e+00  -1.4678597e+00
   7.0152270e-01   4.7104232e-01
   9.4187529e-03   3.4912742e-01
  -3.2475632e-02  -3.7443568e-01
   6.6976086e-01   4.0586699e-01
   7.3333497e-01   1.6202482e-01
  -4.6183927e-03  -7.1266068e-02
  -2.3763315e-01  -1.6312520e-01
  -9.0612889e-01  -3.0346940e-01
   5.8741975e-01   3.7807217e-01
  -1.6518489e+00  -1.2767592e+00
  -5.3886769e-01  -3.4142530e-01
   4.8589514e-01   3.8983275e-01
  -6.1569196e-01  -8.4857439e-02
  -1.0833309e+00  -2.2443034e+00
  -1.8281907e+00  -1.2689783e+00
   4.3846160e-01   7.7958624e-01
  -9.9485946e-01  -7.3832842e-01
  -5.2837915e-01  -1.3564850e-01
   4.0085936e-01   5.9593942e-01
   2.4863739e-01   3.9667989e-01
  -1.1933057e+00  -6.2046768e-01
   5.4961638e-01   4.6439356e-01
   1.4702967e+00   1.3314224e+00
  -1.1145356e+00  -8.7927163e-01
  -9.0928206e-01  -2.1727862e+00
   3.5519700e-01   6.1503231e-01
  -7.4455474e-01  -5.4756894e-01
  -2.9890378e-01   8.0274919e-03
   1.3618651e+00   7.6681819e-01
   1.7461537e+00   1.6495782e+00
  -1.6344339e-01  -6.2485266e-02
  -9.4615057e-02  -5.9611761e-02
  -1.5163015e+00  -2.0906982e+00
   1.3639178e+00   1.9140371e+00
  -7.5450217e-01  -2.1163682e-01
  -1.2287457e+00  -6.1546089e-01
  -7.7079841e-01  -7.1691326e-01
  -1.7919668e+00  -1.5740873e+00
  -1.1862111e+00  -7.5781724e-01
  -3.8154609e-01  -4.6947579e-01
   7.2056888e-01   3.0739852e-01
   2.3718235e+00   1.5919330e+00
   8.0130736e-01   5.8111014e-01
   1.8092165e+00   1.4258908e+00
  -1.0115586e+00  -1.6026320e+00
  -8.1734075e-01  -7.5638063e-01
  -1.1104568e+00  -6.2263610e-01
  -5.0604559e-01  -3.0662803e-02
  -7.9652800e-01  -7.6258535e-01
   1.1212343e-01   3.1737284e-01
   5.5581787e-01   6.7772353e-01
   1.1730086e+00   9.4625793e-01
   1.1532103e+00   5.4517996e-01
  -8.8678155e-01  -1.2647101e+00
  -1.2054078e+00  -8.5734397e-01
   4.0732668e-01   2.7556605e-01
   1.0619990e+00   9.5824776e-01
  -6.5526733e-01  -5.5942281e-01
   7.7243787e-01   5.1467018e-01
   6.4599896e-01   1.4037992e-01
  -1.2108398e+00  -1.8635689e+00
  -1.3986481e+00  -1.2380483e+00
  -7.6792306e-01  -4.0131652e-01
   5.2861611e-02   3.0777187e-01
  -2.5399579e-01  -4.3589359e-01
   7.6609808e-01   6.3121152e-01
  -2.3754770e-01   1.0814666e-01
  -1.1170656e+00  -9.7779435e-01
   2.4984140e+00   2.1252696e+00
  -1.4743348e+00  -9.0311737e-01
   2.8308609e-01   2.8484752e-01
  -1.1462110e+00  -1.1154594e+00
   2.3510482e-01   3.6887150e-02
   1.8647578e+00   1.6492752e+00
   1.4444824e+00   1.0345910e+00
  -6.3382845e-01  -1.1515041e+00
  -4.5164017e-01  -5.4526018e-02
  -9.3309880e-01  -1.2412320e+00
  -1.1588984e+00  -9.2058365e-01
  -9.8992980e-01  -5.0385717e-01
  -1.6960640e+00  -1.7665738e+00
  -4.4022596e-01  -2.2872398e+00
  -1.3073248e+00  -4.4353728e-01
   1.7590589e+00   1.2275784e+00
   7.7679649e-01   4.6298722e-01
  -4.6517215e-01  -5.5658127e-01
   1.0376775e+00   1.2972583e+00
  -1.3074653e+00  -8.8268255e-01
   1.1035850e+00   1.1350269e+00
  -1.0795016e+00  -9.5258222e-01
  -1.1998465e+00  -1.0482434e+00
  -1.3007133e+00  -1.5210536e+00
   7.7325428e-01   1.0731515e+00
  -2.0814714e-01  -3.5950203e-02
   1.5607859e-01   2.2770100e-01
   2.5516561e-01   2.4348531e-01
  -1.8569329e+00  -8.9813888e-01
  -6.1030281e-01  -7.5349091e-01
  -2.1430122e-01   1.5672594e-02
   4.1631530e-01   4.8068515e-01
   1.0133830e+00   6.7604334e-01
  -7.3788735e-01  -3.9977165e-01
  -1.9350244e-02  -1.2707239e-01
   1.4411841e+00   1.0161657e+00
   1.6848557e+00   1.7763770e+00
  -7.7765843e-01  -5.5309455e-01
  -1.9711881e-02   1.8570302e-01
  -2.5855077e-02  -9.0611508e-02
   6.0252400e-01   1.4472316e-01
   8.1117929e-01   5.8229080e-01
   6.1262202e-01   5.0032805e-01
   7.5468746e-02   3.8947732e-01
  -1.3505434e+00  -8.7596223e-01
   8.1640231e-01   5.9600871e-01
   2.1700482e+00   2.1183707e+00
   2.3565944e+00   2.2355771e+00
   1.6242976e+00   2.4744413e+00
  -1.7001524e+00  -6.0476105e-01
  -1.5002080e+00  -7.9566895e-01
   8.8066011e-02  -1.2549412e-01
  -1.5045881e+00  -7.1074079e-01
  -9.2097047e-01  -3.0217982e+00
   2.1101055e+00   2.2536833e+00
  -6.4021115e-01  -2.7897884e-01
  -1.1262494e+00  -1.7084908e+00
  -6.5700022e-01  -2.1507415e-01
   1.0252041e+00   1.2130300e+00
  -1.1758402e+00  -1.4770495e+00
   8.4726367e-01   5.5676609e-01
  -1.0544018e+00  -1.4215377e+00
   7.7238411e-01   7.3260610e-01
   4.7987223e-01   7.2944432e-01
  -1.2251770e+00  -8.2079852e-01
  -1.2779399e-01  -1.2988121e-01
  -1.3047760e+00  -1.2609883e+00
   4.4613900e-02   1.7741135e-01
  -5.2766932e-01  -1.2644396e+00
  -1.2612604e+00  -9.6117304e-01
   1.1614552e+00   1.4236855e+00
   7.7638372e-01   5.7947936e-01
  -5.0922934e-01   6.4961326e-02
  -1.1031024e+00  -2.6980864e+00
  -8.9047728e-01  -1.8186388e+00
   6.0089711e-01   4.4755823e-01
   1.1955367e+00   7.3392019e-01
  -1.0479237e+00  -8.6869691e-01
   4.9052388e-02   8.4223201e-03
  -9.1177482e-01  -2.3333179e+00
  -5.9360965e-01  -7.0931523e-01
  -1.1444538e+00  -7.9609008e-01
   5.8851625e-01   3.5331173e-01
   5.8633983e-01   3.8255480e-01
   1.2410683e+00   1.1554081e+00
  -9.6053476e-01  -1.4798350e+00
   1.2618124e+00   1.1419653e+00
  -6.7424149e-01  -6.6834513e-01
   8.4724746e-01   6.0483194e-01
   1.3858071e+00   1.0209668e+00
  -8.9391519e-01  -1.3655746e+00
  -1.2144148e+00  -1.4598358e+00
  -5.6609202e-01  -4.1285947e-01
   1.0585956e+00   1.2504855e+00
   2.1575969e-01   3.0489010e-01
   1.1286152e+00   9.4081534e-01
  -3.7012347e-01   2.5469758e-02
  -1.1735895e+00  -1.8276547e+00
   8.4791084e-01   6.6238636e-01
   1.4565138e+00   1.0214135e+00
   4.1291916e-01   3.8034613e-01
  -8.3823886e-01  -8.2476780e-01
  -7.6414692e-01  -1.0152115e+00
  -5.1475774e-01   2.8937012e-02
   1.7345516e+00   1.2462502e+00
  -3.8365446e-01  -8.3366759e-01
  -2.1616330e-01  -2.0553356e-02
   8.6749037e-01   3.7223857e-02
   9.1776676e-01   6.0399086e-01
   2.1300822e+00   1.9902234e+00
  -8.7594830e-01  -1.8084613e+00
  -4.3619250e-01  -1.5308243e-01
   9.1914088e-01   6.5952310e-01
   2.8443338e-01   3.5267742e-02
  -4.2509013e-01  -3.1697046e-01
   4.1494665e-03   1.9619065e-01
  -9.8788366e-01  -7.2488549e-01
   1.9122029e+00   1.7727255e+00
   2.3259486e+00   2.1316335e+00
  -7.6245397e-01  -6.8906929e-01
   2.5174417e-01   1.9985890e-01
   9.5808225e-01   1.0223482e+00
  -3.1494417e-01  -5.8470393e-01
  -1.2817455e+00  -1.3142285e+00
   3.2682890e-01   3.5512706e-01
  -7.7273107e-01  -2.2838788e-01
   6.4159092e-01   7.4315487e-01
  -1.1554923e+00  -9.1356817e-01
  -7.4777258e-01  -1.0054637e+00
  -6.8747974e-01  -6.2992082e-01
  -2.7231637e-01  -9.3443642e-02
   1.2940597e+00   1.1128203e+00
  -4.0581835e-01  -6.0114468e-02
   2.6434974e+00   2.3022422e+00
  -5.6373972e-01  -4.8906694e-01
   1.2152943e+00   8.1444906e-01
   1.4705664e-01   3.7555205e-01
   4.1399007e-01   5.1872132e-01
  -5.3375516e-01  -2.5215378e+00
  -2.3011895e+00  -1.3152881e+00
   4.1226339e-01   4.2329995e-01
   9.3151012e-02   3.2141616e-01
  -2.9158118e-01  -3.0628291e-01
   1.5449732e-01   2.6576655e-01
   4.6654132e-01  -1.2052854e-01
  -1.8795584e-01  -1.0001375e-01
  -1.5529870e+00  -1.0329778e+00
  -1.6704971e+00  -1.0041478e+00
  -5.1820892e-01  -1.7641127e-01
  -4.1059872e-01  -1.5851620e-01
  -1.5486604e-01   2.4271669e-02
  -4.0302775e-01   2.7378094e-01
   2.0409826e+00   1.1785689e+00
  -4.7594033e-01  -6.3684535e-01
  -1.9513799e+00  -1.3405788e+00
  -4.5906642e-01  -1.0316012e+00
  -3.1303840e-01  -1.8147918e-01
   2.0955165e+00   2.3512487e+00
  -1.4246635e-01   1.6814144e-01
  -7.6447296e-01  -1.0589741e+00
  -1.1287919e+00  -1.0735303e+00
  -1.4937688e+00  -1.7571257e+00
   1.0830102e+00   9.7719519e-01
   1.7360910e+00   1.4741770e+00
  -5.1688293e-01  -5.1055759e-01
   6.1235964e-01   7.7414896e-01
  -4.5769114e-01  -1.5762065e+00
   7.9393527e-01   4.1067285e-01
   2.2710793e+00   2.1050323e+00
   1.2953918e+00   8.0393627e-01
   1.0902345e+00   7.1641049e-01
  -5.9853305e-01  -1.1258537e-01
   9.5527860e-01   3.9718543e-01
   1.0375459e+00   8.0830855e-01
   3.5955691e-01   4.3917676e-01
  -1.0427793e+00  -9.8152646e-01
  -8.0739945e-01  -7.2766382e-01
  -5.3406604e-01  -5.6227906e-01
   1.6639616e+00   1.6138391e+00
   1.8285308e+00   1.7176911e+00
  -1.3392599e+00  -1.1341801e+00
  -1.9995264e-01   1.6520365e-01
  -6.0045521e-02   9.2979526e-02
  -1.5094320e+00  -8.5441238e-01
   7.7539281e-01   6.0733091e-01
   2.5244801e-01   2.8276797e-01
  -9.1438067e-01  -4.8452171e-01
  -2.2790242e-01   2.2439247e-01
  -1.3420420e+00  -1.0813048e+00
  -1.2572181e+00  -9.1875164e-01
  -1.1797613e+00  -4.4905131e-01
   7.2389812e-01   6.4439582e-01
   1.6150900e+00   1.5428517e+00
  -1.2979305e-01   4.4759224e-02
  -8.0766526e-02  -8.4064433e-02
   5.8675731e-01   4.9966231e-01
   4.7047712e-02  -1.4676125e-01
   1.6932111e+00   1.8265918e+00
  -4.9695426e-01  -7.2520618e-02
   3.1437693e-01   1.3934994e-01
   8.8247288e-01   6.4529981e-01
   8.7974925e-01   8.9661054e-01
   9.8452604e-01   1.0420510e+00
   1.3249468e+00   9.2932467e-01
   9.3503151e-01   8.9639825e-01
   1.4714108e+00   9.1303499e-01
  -7.2637029e-01  -4.6658388e-01
  -7.4215719e-01  -3.9655883e-01
   9.3850603e-01   1.0631484e+00
   6.5980718e-01   8.9808214e-01
  -1.2209131e+00  -1.3242367e+00
   6.3945575e-01   6.0755789e-01
  -1.6086679e-01   1.3606655e-01
  -1.0756505e+00  -2.5441435e-01
  -9.6916512e-01  -5.5759877e-01
   2.0660372e+00   2.5808158e+00
   1.9417740e-01   2.6539604e-01
  -1.7671763e-01  -1.2772186e+00
   1.2990316e+00   1.2110649e+00
   8.6164262e-01   5.5449773e-01
  -7.8692365e-01  -1.0864055e+00
  -1.4809457e+00  -9.5156653e-01
   3.1834939e-01   5.1325741e-01
  -3.2778337e-03   2.7856263e-01
  -7.3839869e-01  -8.1864031e-01
   1.6254959e-01  -1.0377661e-01
   5.4107991e-01   5.8937210e-01
  -1.1072213e+00  -6.0055742e-01
   2.3287151e-01   5.0311901e-01
  -1.4767261e+00  -2.0394268e+00
  -1.2003625e+00  -1.2061407e+00
  -8.7982645e-03   2.2368960e-01
   1.4284246e-01   5.1563878e-02
  -3.8597970e-01   1.8154930e-01
  -1.5472633e+00  -2.2067263e+00
   3.5330226e-02   2.0944067e-02
  -6.2972211e-01  -5.0382629e-01
   1.0086017e+00   1.2556142e+00
  -1.1427112e+00  -4.3550532e-01
  -1.5563468e+00  -1.5782259e+00
   9.6486614e-01   8.2259858e-01
   2.2632818e+00   1.7757041e+00
   1.9206495e+00   1.8090361e+00
  -5.2016703e-01  -4.3637890e-01
  -1.8078046e-01  -2.4654027e-01
  -9.6461354e-01  -9.3275374e-01
   1.2634764e-01   1.0840946e-01
  -8.4074787e-01  -6.6370087e-01
   1.2246140e-01   1.8108407e-01
   2.0179794e+00   1.3463590e+00
  -1.1248427e+00  -7.0843121e-01
  -7.2777156e-01  -9.7504328e-01
   7.7521421e-01   8.1996301e-01
   5.7958076e-01   3.4065763e-01
   1.5337797e+00   1.0734313e+00
   1.2188251e+00   9.1730190e-01
  -6.3309236e-01  -1.3939885e-01
  -1.3506266e-01  -2.7861307e-01
   1.0035271e+00   7.3430664e-01
  -2.4725319e-01  -2.5919510e-01
   1.2468867e+00   1.2711690e+00
  -5.6847913e-01  -9.9595283e-01
   9.7606869e-01   8.9468988e-01
   6.7576121e-01   4.9297498e-01
   8.3656012e-02   5.3412017e-01
  -9.6542817e-01  -1.5977479e+00
   8.9261984e-01   3.7933132e-01
   1.0111878e+00   6.8504214e-01
   2.7363084e-01   1.0869523e-01
   1.1360558e+00   9.7723883e-01
   1.6886135e+00   1.3054118e+00
  -9.8235977e-01  -9.0643878e-01
   4.2989880e-02  -3.9081648e-01
  -1.1397407e+00  -8.0181509e-01
  -9.5733284e-01  -3.7777477e-01
   1.3458658e+00   1.1630902e+00
  -9.4356520e-01  -4.3364940e-01
   1.1349365e+00   1.1614787e+00
  -7.6319600e-01  -6.9387166e-01
   1.4554024e+00   1.0231753e+00
   2.0865776e-01   5.7501140e-01
  -1.0399856e+00  -7.0220442e-01
   7.4879811e-01   4.3853885e-01
   1.1993558e+00   1.0163779e+00
  -6.5186693e-01  -8.0953925e-01
  -1.8878140e+00  -1.3125127e+00
  -2.8389233e-01  -1.0735695e-01
  -1.6318143e+00  -9.6804332e-01
  -1.7524594e+00  -7.4399190e-01
  -1.1122225e+00  -1.2546785e+00
   1.6717898e+00   1.1577189e+00
   3.0866178e-01   3.6337938e-01
  -2.3770270e-01   1.6646728e-01
  -1.7949361e-01   1.6658942e-01
  -4.6088802e-01  -3.1981301e-01
   6.7366987e-01   3.3706006e-01
   1.1896883e+00   8.5024577e-01
  -6.9377082e-01  -1.0497109e+00
  -1.0974680e+00  -6.3625463e-01
   3.6809123e-01   2.4317697e-01
   6.0097139e-01   1.0921821e-01
  -8.5138881e-01  -4.8948037e-01
   1.6283895e+00   1.8554568e+00
   2.5413390e-01   3.1875688e-01
  -6.1029808e-01  -2.0594561e-01
  -6.5266897e-01  -3.3421185e-01
   6.4032227e-01   5.2535614e-01
   1.8977900e-02  -4.5290060e-01
  -8.3252972e-01  -8.1119291e-01
  -1.6870974e-01  -2.6297167e-01
  -4.0575998e-01  -8.8029556e-01
  -2.2852691e+00  -1.9156370e+00
   2.5644641e-01   2.3883426e-01
   1.7829470e+00   2.4047270e+00
  -1.2658058e-01  -6.3647660e-01
  -1.0300348e+00  -1.0596140e+00
  -1.0711184e+00  -5.5915919e-01
   1.0369163e+00   1.0689571e+00
   1.5392204e-01   1.1064466e-01
  -7.7190469e-01  -7.4126259e-01
  -1.7642265e+00  -1.7307687e+00
  -1.5802867e+00  -1.2381436e+00
   1.4853670e+00   1.9360050e+00
  -9.8463836e-01  -8.5268045e-01
   3.3770296e-01   4.3251887e-01
   1.3939135e-01   4.4713520e-01
   1.4640775e+00   1.4155340e+00
  -1.5563158e+00  -1.5669138e+00
   1.0041471e+00   7.6944345e-01
  -5.0612195e-01  -1.4571758e+00
  -1.4911709e+00  -6.0268725e-01
  -1.0216000e+00  -1.3940592e+00
  -7.1136956e-01  -2.9682338e-01
  -1.8540346e+00  -1.4076437e+00
  -6.6999549e-01  -2.7599851e-01
  -1.5354554e+00  -1.0507218e+00
   1.3298154e+00   1.3088977e+00
   1.2265195e+00   9.8691062e-01
   1.0369406e-01   3.5842816e-01
   8.5431382e-01   7.0592071e-01
   5.8394953e-01   4.1163828e-01
  -1.0052937e-01  -2.7563305e+00
  -1.1474048e+00  -1.2596643e+00
   1.1970902e+00   1.0906653e+00
  -8.1190701e-01  -1.4988750e+00
  -7.3328000e-01  -7.5946431e-01
   2.2956702e+00   2.5641471e+00
   6.4117270e-01   7.7376155e-01
  -9.2723146e-01  -1.3756428e+00
   6.6988739e-01   5.3972848e-01
  -1.3732928e+00  -1.4766856e+00
  -8.5563950e-01  -1.0816443e+00
   1.4427994e+00   1.1364987e+00
  -1.3298116e+00  -9.9795203e-01
   5.4336515e-02   4.0173575e-01
   9.3107655e-01   7.6537107e-01
   2.0692122e-01  -3.7611900e-02
  -7.7128029e-01  -4.9883730e-01
  -8.2883136e-01  -8.4736968e-01
   1.9559787e+00   1.6592435e+00
   1.3265251e+00   1.1051253e+00
  -1.7152912e+00  -1.1500763e+00
  -1.2383144e+00  -1.0722838e+00
  -2.9822484e-01  -1.5506950e-01
   1.7537614e+00   1.8540858e+00
  -5.8977683e-01  -9.5088498e-01
   1.3928054e+00   6.7287527e-01
   1.8822325e+00   1.0282513e+00
  -7.8848738e-01  -1.0366177e+00
   2.3018224e-02  -9.0635923e-03
   1.4027689e+00   1.5458383e+00
   1.0988694e+00   1.0028038e+00
   5.0099182e-01   8.4584370e-01
  -7.2755654e-01  -2.1184163e+00
   1.3716470e+00   3.5224838e+00
  -6.8928604e-01  -1.9828357e+00
   1.3530374e+00   2.5935513e+00
  -1.1513229e+00  -6.7734967e-01
  -1.8178627e+00  -1.2327677e+00
   8.0734932e-01   5.2454459e-01
  -7.8087553e-01  -1.7507736e+00
   8.8139715e-01   6.0694919e-01
  -9.4044269e-01  -4.6247185e-01
   9.1176698e-01   7.0503396e-01
   4.8963859e-01   4.0214774e-01
   2.0403472e+00   1.6144943e+00
   7.9541709e-01   4.7112367e-01
   8.8436967e-01   7.1424772e-01
   1.7295092e+00   1.0876556e+00
  -4.8149841e-01  -1.8875055e-01
  -1.0383710e+00  -5.7346570e-01
   8.5356693e-01   1.6267120e-01
  -1.2049462e-01   1.1989116e-01
   8.6496166e-01   7.5217500e-01
  -1.5652108e+00  -1.8947902e+00
   1.1919689e+00   9.6476032e-01
  -3.2127239e-01  -1.4971299e-01
   1.3060931e+00   9.6518058e-01
   8.3092395e-01   7.3734427e-01
  -2.6277699e-01  -7.3322867e-02
  -1.3365204e+00  -1.0384047e+00
  -1.1946267e+00  -1.5878324e+00
  -1.0071399e+00  -9.8192187e-01
  -1.7868774e+00  -1.2892372e+00
  -4.5565940e-02  -1.6301546e-01
   5.0980670e-01   3.3441517e-01
  -1.2602705e+00  -8.8289061e-01
   1.0099197e+00   7.2535338e-01
  -2.4335991e-01  -1.3909604e-01
   1.6352557e+00   1.7654349e+00
  -8.9589841e-01  -3.4260969e-01
   6.3642974e-01   6.4195358e-01
  -1.6652859e+00  -1.3201537e+00
  -7.2003875e-01  -3.8128161e-01
  -1.1375907e+00  -1.3079959e+00
  -3.5011875e-01  -4.6100845e-01
   1.0971043e+00   7.8005018e-01
   7.8164094e-01   7.9079516e-01
  -4.2933350e-01  -5.1989240e-02
   3.3399204e-01   9.1702085e-02
   4.8845903e-01   6.5686267e-01
   9.7349618e-01   1.3846247e+00
  -6.6707006e-01  -8.9721695e-01
   8.8732645e-01   5.5658022e-01
  -8.9992886e-01  -1.7953370e+00
  -1.5886043e+00  -1.6099322e+00
   5.8646216e-01   8.9469365e-01
   1.4692186e+00   1.7068792e+00
  -7.3124645e-01  -3.3960850e-01
   2.5963211e-01   2.0306930e-01
  -1.4083554e+00  -7.7929301e-01
   1.5707407e+00   1.3624939e+00
  -1.9221232e-01  -5.1638833e-02
   1.3025309e+00   1.3937242e+00
   1.1071165e+00   1.1664235e+00
  -1.1298007e+00  -3.8023971e-01
  -1.3746361e+00  -9.3247949e-01
  -7.2103322e-01  -4.4824346e-01
   7.1151003e-01   5.4253593e-01
  -9.7075825e-02   3.0588871e-02
  -1.3157633e-01  -5.7218480e-01
   3.5377137e-01   3.9291879e-01
   2.3312720e+00   2.2605966e+00
   1.2134347e-01   1.3435357e-01
  -1.6445073e+00  -9.5924827e-01
  -8.5720762e-02  -4.0594954e-01
  -3.3716348e-01  -2.0608366e-01
   1.2375796e+00   1.2828694e+00
  -4.4549207e-02   5.0488224e-01
   7.3548084e-01   5.5721357e-01
  -5.8194209e-01  -2.8475437e-01
   2.8949042e-01   4.7272345e-01
  -1.5521204e+00  -9.5182306e-01
  -2.9417268e-01   3.2466197e-02
  -9.1220021e-02  -1.3107743e-01
  -6.1323244e-01  -1.4188993e-01
   8.6704329e-01   5.2726407e-01
   1.2855943e+00   1.5355257e+00
   9.8824988e-01   6.2268342e-01
  -5.2844142e-01  -6.0736729e-01
  -6.6372913e-01  -2.4187625e+00
  -5.3747614e-01  -2.7537635e-01
  -9.3788371e-01  -3.4569379e-01
  -8.4982462e-01  -4.8080817e-01
  -5.3003900e-01  -1.6805626e+00
  -1.3258423e-01   2.9879233e-01
  -2.8653958e-01  -1.6027513e-01
  -3.5850413e-01  -5.0783554e-01
  -1.1542853e+00  -5.5822286e-01
   5.2750322e-02  -6.7491338e-02
   6.2123404e-01   5.0187123e-01
  -9.0752000e-01  -2.4907917e+00
   2.1665484e+00   2.5036543e+00
   2.1222002e+00   2.1631101e+00
   6.2613836e-01   5.5281144e-01
   2.0498488e-01   2.2052190e-01
  -5.8326808e-01  -7.9308491e-01
   1.6928559e+00   1.5281108e+00
   6.5892337e-02   2.7137921e-02
  -8.4000614e-01  -8.6751479e-01
   4.5700143e-01   7.1492939e-01
  -3.8200265e-01  -7.3573347e-02
  -4.2722985e-01  -1.1361270e-01
  -3.5056846e-01  -3.7925070e-01
   3.8171851e-01   3.6141189e-01
  -5.0423950e-01  -3.7182567e-01
  -6.7796230e-01  -1.1238404e-01
  -1.0970250e+00  -9.8478454e-01
  -1.0516940e+00  -7.8905241e-01
  -4.6148855e-01  -8.1444865e-01
  -1.3180606e+00  -1.3034628e+00
   6.6734289e-01   6.3760376e-01
  -1.6128405e+00  -1.3251674e+00
  -9.5940590e-02  -1.5277970e-01
   1.4590424e-02  -2.8309641e-01
  -1.2411533e+00  -1.9328735e+00
  -4.5495773e-01  -2.1289857e-02
   6.3512073e-01   7.2434574e-01
  -6.7703099e-01  -5.9468556e-01
   1.8209610e+00   1.4258118e+00
  -1.0954937e+00  -1.6883139e+00
  -9.0924299e-01  -1.0508345e+00
  -5.6435895e-01  -6.0603936e-01
  -1.0768781e+00  -4.9593783e-01
  -4.4621058e-01  -3.6439652e-02
  -1.3651235e+00  -1.2069826e+00
   1.8290846e+00   1.6051697e+00
   8.6473164e-01   5.9900760e-01
  -1.0011118e+00  -4.5027144e-01
   6.6871637e-01   4.3811501e-01
   2.4733199e-01   2.8636946e-01
  -5.0216207e-03   5.3903924e-02
  -1.4550056e+00  -6.4466376e-01
   1.5515601e+00   1.1382555e+00
   6.7786288e-02   2.7868263e-01
   2.0699422e+00   2.5451807e+00
  -2.4820275e-01   2.7770693e-01
   9.1669015e-01   9.1352107e-01
  -6.2710253e-01  -4.9022052e-01
  -4.5357603e-01  -5.2861436e-01
  -7.3668125e-01  -4.9943136e-01
  -1.4463334e-01   3.5673118e-02
   2.0194152e-01   1.6837309e-01
  -1.2430982e-01   2.8725782e-01
   7.0888301e-02   1.2412398e-01
   7.7021445e-01   8.4335092e-01
   2.0266641e+00   1.5933561e+00
  -1.3956559e-01   8.1621872e-02
   1.3824804e+00   1.1561219e+00
   1.3419636e+00   1.0185741e+00
  -7.4116130e-01  -2.0560317e-01
  -1.1635824e+00  -1.2865834e+00
   1.9368512e-01   1.5237101e-02
  -4.4022160e-01  -4.3528809e-01
   3.4920426e-01   3.4962405e-01
  -1.3949550e+00  -1.5867004e+00
  -8.9517866e-01  -8.4737301e-01
   7.1619046e-01   5.0615736e-01
  -1.1810389e+00  -6.0385304e-01
  -2.8863307e-01  -2.6580682e-01
   2.1884144e+00   1.4295756e+00
   1.1135366e+00   9.7935392e-01
  -1.6198407e+00  -1.1288147e+00
  -2.8279438e-01  -1.1044611e-01
   1.3200908e+00   9.7482886e-01
   2.4146424e+00   2.0468398e+00
  -7.2119491e-01  -4.0183030e-01
  -3.4165803e-01  -2.4225062e-01
   1.1075585e+00   8.6153053e-01
  -1.2295995e+00  -1.7496644e+00
   1.4606356e+00   1.0984906e+00
  -1.6803492e+00  -1.4114773e+00
   1.4561960e+00   9.8658184e-01
  -2.3435284e-01  -1.0389313e+00
   1.5643455e+00   1.0226491e+00
   4.6400445e-01   2.0336951e-01
  -1.2310825e+00  -3.2963814e-01
   6.3401678e-02   1.3510076e-01
  -9.5356713e-01  -7.8426595e-01
   1.7721371e+00   1.6126932e+00
   1.2232823e-01   1.2239075e-01
   8.4879013e-02   2.8577121e-01
   1.6533536e+00   1.2140735e+00
   1.2002526e+00   1.3059076e+00
  -7.3252618e-01  -5.1628079e-01
  -1.8341954e-01   3.5911878e-02
   4.2892296e-02   4.4006128e-01
  -1.5191838e+00  -1.9936980e+00
   1.3769209e+00   1.2008495e+00
   1.4294926e+00   9.8406431e-01
  -3.1741928e-01   1.2630134e-02
  -1.2844263e+00  -1.1475863e+00
  -1.1475388e+00  -9.0410204e-01
  -8.4839909e-01  -4.6401716e-01
   1.6840758e+00   1.4665571e+00
  -7.9334570e-01  -2.4602296e-01
   1.8934364e+00   1.9506140e+00
   2.1188392e+00   1.5604885e+00
   1.5912525e+00   1.5382544e+00
  -8.7268452e-01  -8.2574584e-01
  -5.8361811e-01  -1.3449487e-01
   1.0939742e+00   8.4596469e-01
  -2.9680480e-01  -1.5403879e-02
  -7.5418535e-01  -1.5159676e-01
   1.6378880e+00   2.1568664e+00
   7.0758169e-01   3.9901761e-01
   1.4292658e+00   1.6280371e+00
   6.6575331e-01   4.1002666e-01
   2.0802773e+00   1.9032616e+00
  -2.5669653e-01  -6.7940684e-01
  -1.2927545e+00  -1.2306464e+00
  -7.5313357e-01  -9.9060748e-01
   1.4797091e+00   1.2192740e+00
   1.7984174e-01  -1.0807064e-01
  -1.5205977e-01  -8.1013245e-02
  -6.5723926e-01  -2.7654703e-01
  -1.0466105e+00  -7.5400868e-01
  -6.6976958e-01  -3.1123481e-01
   1.4079980e+00   7.8672211e-01
  -1.9103316e+00  -1.5777510e+00
  -1.7495910e+00  -9.8631005e-01
  -8.3676765e-01  -1.7472042e-01
  -1.0240325e+00  -2.4463902e-01
  -1.0625343e+00  -1.3025210e+00
  -1.0535750e+00  -1.0036057e+00
   1.8838943e+00   2.4370125e+00
   2.0439387e+00   1.6544500e+00
   5.7268551e-01   5.8669400e-01
  -3.2833900e-01  -2.2211995e-01
  -7.8555991e-01  -1.3130979e+00
  -1.5466783e+00  -1.2635857e+00
   7.6779047e-01   7.3733925e-01
  -8.7063841e-01  -4.7092377e-01
  -7.3705066e-01  -5.0539731e-01
  -1.2694497e+00  -4.8821660e-01
  -1.0577182e+00  -6.5307108e-01
  -9.8475268e-01  -1.5376050e+00
  -5.2133647e-01  -4.0035847e-01
  -6.7365099e-01  -6.3233578e-01
   1.5540040e+00   1.3697905e+00
  -7.0554791e-01  -7.1458330e-01
  -1.5881946e+00  -9.4455492e-01
  -1.2498265e+00  -1.0944456e+00
   6.9437669e-01   2.6852132e-01
   1.1705980e+00   1.0123625e+00
  -2.2411564e-01  -8.5907276e-02
   4.1060603e-01   3.8662189e-01
   1.1218859e+00   6.0372281e-01
   1.2704910e-01   1.7901541e-01
   2.5891157e-01   1.0721864e-02
  -1.0898971e+00  -7.4131505e-01
   3.1313394e-01   2.3522712e-01
   1.7761015e+00   1.4155966e+00
   1.3219641e+00   9.1124998e-01
   1.6537556e+00   1.3639438e+00
  -1.0393328e+00  -2.7039574e-01
  -3.0306672e-01  -3.2873723e-01
   8.2250949e-01   7.6783093e-01
  -6.9814334e-01  -2.1032766e-01
   6.7147634e-01   2.8584015e-01
  -9.9837443e-01  -1.1728301e+00
   6.7371442e-01   4.2973223e-01
   2.3489663e-02   5.4780940e-01
  -3.7793504e-01  -3.6662597e-01
   8.0555592e-01   9.3125481e-01
  -1.4978441e-01  -4.0484339e-01
   3.6422147e-01   5.4447356e-01
   1.4864838e+00   1.2447294e+00
   3.8490607e-01   3.6749962e-01
   8.5170686e-01   1.2536562e+00
  -1.2806462e+00  -1.0137581e+00
  -1.6445683e+00  -1.0136243e+00
   8.0882397e-01   8.1938214e-01
  -1.1822666e-01  -4.5202626e-03
   8.2095143e-01   6.2306431e-01
  -7.2385847e-01  -1.2100828e-01
  -7.1851551e-01  -3.1305148e-01
  -2.4527411e-01  -3.1300161e-01
   2.6521027e-01   5.7042402e-02
  -1.4103152e+00  -1.0884064e+00
  -3.8751636e-01  -2.1194550e-01
   8.5482210e-01   1.0274687e+00
  -2.8823442e-01  -2.4689927e-01
  -1.2314726e+00  -3.0143718e-01
  -5.6978964e-01  -2.0188666e-01
  -6.6858054e-01  -3.8804155e-01
   5.3617455e-01   4.6185274e-01
   7.3240537e-01   7.1297799e-01
   1.4763936e+00   1.5013812e+00
   1.1045206e+00   7.7781037e-01
  -1.6617444e+00  -1.0976548e+00
   1.4514757e+00   1.3629928e+00
   1.2076575e+00   1.1091056e+00
  -2.9517254e-01  -4.2443908e-01
   1.0339458e+00   8.0174916e-01
  -1.6657700e+00  -9.5238517e-01
  -1.6213058e+00  -1.5799793e+00
   1.2252959e+00   7.6703018e-01
  -1.2024944e+00  -8.6399621e-01
  -3.1373054e-01   2.4319051e-01
  -4.7755486e-01  -2.0283899e-01
  -3.7503504e-01  -4.7327439e-01
  -8.4079479e-01  -3.1099841e-01
  -7.2722842e-01  -3.2537551e-01
  -5.2672961e-01  -3.6996262e-01
   2.8014468e-01   4.1290355e-01
  -1.5125071e-01  -2.1648984e-01
  -1.1848213e+00  -5.2189481e-01
  -1.5462675e+00  -1.2311126e+00
  -1.7279082e+00  -1.5395203e+00
   5.9144761e-01   5.9959580e-01
  -6.9693278e-01  -1.0330352e+00
  -1.0415682e+00  -9.3477002e-01
   5.2777292e-02   4.2093384e-01
   1.5082968e+00   1.0367499e+00
   6.1757360e-01   5.5657221e-01
   3.0768667e-01   4.5923529e-01
   6.2110296e-01  -2.9140650e-02
   1.5352842e+00   1.1477835e+00
   1.7998794e+00   1.4711745e+00
  -1.7536370e+00  -1.8402910e+00
   6.0335377e-02  -1.0107340e-01
  -1.1857707e+00  -5.6874044e-01
   9.8490449e-01   6.1217338e-01
  -3.2738492e-01   1.0813929e-01
  -7.5592119e-01  -1.0002179e+00
   6.3680956e-01   3.2415890e-01
  -1.3386726e+00  -5.5816995e-01
   2.1301066e+00   2.0414491e+00
   1.0170281e-01   2.0704822e-02
  -6.2467152e-01  -7.2116859e-02
  -1.0675502e+00  -5.5725603e-01
  -1.0711104e+00  -6.9274514e-01
  -7.6649877e-01  -6.9411565e-01
   8.8517449e-02  -8.2474949e-02
  -8.8518055e-01  -2.5694351e-01
   1.7948570e+00   1.3730609e+00
  -2.7761164e-01  -2.4297006e-01
   1.5933038e+00   2.5153423e+00
   1.4444257e+00   9.1404728e-01
   2.5894686e-01   6.6429840e-02
   9.9143290e-01   6.6850636e-01
  -1.1853309e-01   2.4994474e-01
   3.2684673e-02   2.3321537e-01
  -6.2710257e-01  -3.5285588e-01
   7.7425356e-02   4.5330207e-01
  -4.5599518e-01  -2.1336011e+00
   1.6230884e+00   1.3925436e+00
   2.2916972e-01   3.5290825e-01
   4.4699443e-01   7.0521436e-01
  -5.0537475e-01  -2.2521725e-01
  -7.1649456e-01  -5.9948918e-01
   7.3133543e-01   5.4963024e-01
  -1.4623748e+00  -1.3850282e+00
  -9.8447178e-01  -7.0868655e-01
  -1.5164847e+00  -1.3193551e+00
  -5.0503845e-01  -2.8270590e-01
  -8.0463534e-01  -1.3763793e+00
  -1.2871439e+00  -1.6258800e+00
  -1.7464748e+00  -1.9611236e+00
  -8.2287261e-01  -4.2122433e-01
   2.0209776e+00   2.1134916e+00
   4.8636027e-01   3.8951020e-01
  -9.4277189e-01  -7.9821573e-01
  -4.8828237e-02   3.2053258e-01
   7.7214085e-01   7.6850638e-01
  -8.7014916e-01  -1.1939399e+00
   9.8479863e-01   1.1581016e+00
  -1.0435591e+00  -6.5096985e-01
  -5.2414831e-01  -1.1342566e-01
   1.7350294e+00   1.3141643e+00
   1.6619435e+00   1.5645269e+00
  -1.0261083e+00  -1.3817455e+00
   9.2853677e-01   7.3751359e-01
  -1.3079922e+00  -8.8975463e-01
  -2.3830192e-01  -3.8264558e-01
   7.1883753e-01   1.3928683e-01
  -1.4522841e+00  -1.4239885e+00
   2.2176680e-01   3.3365904e-01
   1.0167270e+00   6.7689003e-01
   2.2751341e-01  -1.0273762e-02
  -2.6454678e-01  -1.2939635e+00
  -1.5458590e+00  -1.3974525e+00
   1.5264273e+00   1.1773205e+00
  -8.8843018e-01  -2.1118045e-01
  -7.2754581e-01   7.0076744e-02
  -9.6524879e-02   1.4405061e-01
  -1.1814823e+00  -7.2584088e-01
   3.7429199e-01   5.6514362e-01
  -6.1217711e-01  -9.2225529e-02
   4.4519473e-01   5.8654328e-01
  -4.8319524e-01  -5.3778005e-01
  -2.0606491e+00  -1.6830809e+00
   1.8877085e+00   1.2497433e+00
  -6.0025850e-02  -1.0076794e-01
  -5.5054760e-01  -2.7644058e-01
  -1.3678246e-02   6.6234696e-02
  -3.2453734e-01   4.4821196e-01
  -3.6101481e-01   1.8874431e-01
   7.4141622e-01   5.1740612e-01
   2.5809479e+00   1.9213084e+00
   2.6897125e-01   3.0173941e-01
   2.0657718e+00   1.6693293e+00
  -9.7842576e-01  -1.5019048e+00
  -2.5083173e-01   1.3919809e-01
   7.1537811e-01   4.1495878e-01
   1.5239395e-01  -9.5647045e-02
   1.8979774e-01   5.0791870e-01
  -1.2525939e+00  -8.9624507e-01
   6.9633962e-02  -2.7493394e-02
   3.6875203e-01   6.0407347e-01
   1.8033439e+00   2.2479589e+00
  -3.4355242e-01  -6.7603787e-01
  -3.7710522e-01   6.8157055e-02
  -4.7328028e-01  -1.9465815e+00
   6.5686241e-01   1.9646020e-01
  -1.0735209e+00  -1.0814225e+00
  -1.2933647e+00  -8.5523014e-01
   1.3400412e+00   1.0473246e+00
   2.2255095e-01   1.8183884e-01
  -9.4695593e-01  -2.2748495e+00
   5.0251596e-01   5.7328445e-01
  -5.6861447e-02   2.7124261e-01
   2.0668739e+00   1.6984633e+00
   5.6622216e-01   6.7446893e-01
   6.1412529e-01   3.2731110e-01
   1.4244617e+00   1.3056249e+00
  -1.1873389e+00  -1.3515275e+00
  -2.7170035e-01  -8.2505775e-03
   1.0291545e+00   7.7075388e-01
  -9.7832949e-01  -5.3354886e-01
  -2.3366606e-01   7.0793635e-03
  -5.2720911e-01  -1.4691851e-01
  -9.6773845e-01  -6.8632366e-01
   1.6016350e-01   1.2437462e-01
  -3.5448181e-01  -4.0964916e-01
   4.1667127e-01   2.1605125e-01
   5.7589004e-01   7.1286073e-01
   2.7040562e-01   2.9428865e-01
  -9.1566164e-01  -8.7724293e-01
   1.7606912e+00   1.0609861e+00
  -3.0750408e-01  -3.0095995e-01
  -1.5738836e+00  -1.3473918e+00
  -7.2396444e-01  -6.5835168e-01
  -1.7917138e-01  -2.6377716e+00
  -1.1904111e-01   3.1681436e-01
   1.3223291e-01   4.6455072e-01
   1.9170954e+00   2.3349588e+00
   7.1766008e-01   9.0975194e-01
   1.9072887e+00   3.3061120e+00
  -8.6410952e-01  -5.0879690e-01
  -1.5033238e+00  -1.1463088e+00
   1.6710136e+00   1.5737671e+00
   1.0213749e+00   5.7442905e-01
  -1.5072439e+00  -9.3678600e-01
  -6.2988263e-01  -1.2432863e+00
  -1.1582297e+00  -6.8355283e-01
   4.3620477e-01   7.1192796e-01
   2.3385079e+00   1.9687675e+00
   5.3267446e-01   3.6394888e-01
  -1.9651335e-01   3.1363822e-01
   5.8334544e-01   8.4700288e-01
  -7.7821290e-01  -6.2787030e-02
  -7.4671120e-01  -5.9956246e-01
  -1.6123464e+00  -1.2839963e+00
  -1.2759996e+00  -1.5420849e+00
  -5.1595040e-01  -5.2234061e-01
   1.3101334e+00   8.2060503e-01
   3.5719665e-01   8.3949458e-01
   1.3623972e+00   9.0121682e-01
  -1.1496665e-01   8.6289907e-02
  -5.8627863e-01  -7.8844738e-01
   4.9671355e-01   2.9088099e-01
   2.6342977e-01   4.8779848e-02
   3.4987628e-01   6.7321967e-01
   2.4767987e+00   1.5927785e+00
  -7.5281913e-01  -1.3711557e+00
  -6.7012362e-01  -6.1023386e-01
  -1.4873426e+00  -2.6236763e+00
   1.5927901e+00   1.4657981e+00
   1.7082535e+00   1.3860274e+00
   1.0443755e+00   9.0008570e-01
  -1.0859250e+00  -6.2259931e-01
   2.4171425e+00   1.2078969e+00
   1.3622900e+00   1.4806528e+00
   1.1013378e+00   1.0028725e+00
   1.2050353e-01   2.5551677e-01
  -3.4204458e-01  -1.2156576e-01
  -1.5741418e+00  -1.7930600e+00
  -7.6959712e-01  -8.9307842e-01
   4.2560004e-01   3.2246330e-01
   1.0283252e-01   2.2137882e-01
  -1.0510281e+00  -1.1047408e+00
  -1.2796102e+00  -1.5787503e+00
   9.8220852e-01   9.2245862e-01
  -1.7704847e-01   1.9439851e-01
  -5.9807852e-01  -6.4097951e-01
   1.1548070e+00   7.9066326e-01
  -1.1504714e+00  -9.1091086e-01
  -8.0478527e-02   4.1397905e-01
  -6.6444703e-01  -4.7381213e-01
  -8.6421430e-02  -5.3715768e-02
  -2.0876223e-01   3.7004348e-02
  -3.8854536e-01   1.8984849e-02
   2.5331747e-01   5.3876948e-01
   1.8069242e+00   1.6552937e+00
   7.6670562e-01   4.0332236e-01
  -1.8596911e-01  -5.4682020e-01
  -4.4739838e-01  -7.7758099e-01
  -6.2211392e-01  -2.2964968e-01
  -1.1073864e-01  -1.4892147e-01
  -3.0706760e-01  -1.0178550e-01
   4.9945163e-01   8.2999462e-01
  -3.2488464e-01  -1.0691006e-01
   1.3035819e+00   9.6462363e-01
  -6.8897051e-01  -3.3194670e-01
   1.8039247e+00   1.6575089e+00
   5.6338306e-01   7.3230403e-01
  -5.4287227e-01  -5.8897666e-01
   1.4354633e+00   7.5766498e-01
  -1.3196852e+00  -2.6016033e+00
