   5.9628867e-01   1.2260594e-01
   9.1771124e-01   6.7376182e-01
   8.7369963e-01  -2.6911427e-01
  -1.1263713e+00  -9.0506502e-01
  -7.0605564e-01   7.2631760e-02
   3.1190684e-01  -2.8035334e-01
  -1.0071109e+00  -2.9592042e+00
   8.7711617e-01  -3.7742812e-01
   3.8282629e-01  -1.5151313e+00
  -4.4273034e-02  -1.7062862e+00
  -1.0832972e+00   4.4535228e-03
  -5.1875885e-01  -1.8320201e-01
  -2.2076987e-01  -7.0432066e-02
   1.9193981e-01  -7.5843296e-01
  -1.0859253e+00  -3.9920081e-01
  -1.9784791e+00   6.4993832e-01
   5.5720609e-01  -4.8116556e-01
  -5.2715762e-01  -9.8526327e-01
   1.9293982e+00   1.8494164e+00
   4.1260819e-01  -2.4416357e-01
  -2.8618684e-01  -5.3753967e-02
   3.2695630e-01  -1.9582625e+00
   4.8883947e-01  -6.2083054e-01
   3.1263763e-01  -2.1090730e+00
  -1.2132828e+00  -1.2027430e+00
   1.5956206e+00   2.3632312e-01
   2.3028860e-01  -2.2980357e+00
  -1.3112740e+00   1.4854720e-01
  -9.7433650e-01  -4.2434945e-01
   1.1945417e+00   8.9609709e-01
   4.6501592e-01   2.3400940e-01
   7.6344378e-01  -4.5792700e-01
   1.2974178e+00  -1.9216967e-01
  -1.8037084e+00   6.9896145e-02
   2.6277785e+00   2.7416598e+00
  -1.1118059e+00  -2.4024183e-01
  -1.7573939e+00   1.1260866e+00
   6.5709728e-01  -4.8228280e-01
   1.5250864e+00   1.4160694e+00
   4.2389142e-01   2.0886995e-01
  -9.5787793e-02   3.5252699e-01
  -1.8281115e+00   1.1492761e+00
   7.9519491e-02  -7.1414475e-01
  -9.0444203e-01  -1.0160092e+00
  -1.8571083e-01   5.5735768e-01
  -1.3721635e+00   5.6956711e-01
   5.4836791e-01   1.6654586e-01
   2.1647392e-01   2.1172825e-02
  -2.1254329e-01   1.0077893e+00
  -6.0127336e-01  -8.9926352e-01
   9.4654003e-01   1.5267260e-01
   1.5420577e+00   1.8273738e+00
  -5.7086896e-01  -8.6633401e-02
  -1.7767674e+00  -4.1674858e-01
   8.9739133e-02  -4.5003264e-01
  -1.1892785e+00   2.1312387e-02
   2.0349449e+00   2.3023483e+00
  -5.3311175e-01   1.7858716e-01
   9.3220773e-01  -1.7282574e+00
   1.8888663e-01   5.2419684e-01
   6.6112034e-01  -2.0059105e+00
   1.2771000e+00   8.8761767e-01
   1.3804574e+00   4.2986125e-01
  -6.1926373e-01   1.8110442e+00
   2.2348070e-02  -1.2918457e+00
   3.6281825e-01  -8.8815066e-01
   6.2296447e-04  -3.3540029e-01
   1.4992604e+00   2.1606509e+00
  -1.3942010e+00   1.5484567e-02
   5.7135852e-01   2.3978120e-02
   1.0940843e+00  -1.8597310e-01
  -7.1523203e-01  -3.5945420e-01
  -6.6977837e-01   2.8664709e-02
   1.4251162e+00   9.0690806e-01
  -2.0156315e+00   3.3146380e+00
  -1.6648541e-01  -1.3832449e-01
  -7.5950100e-01  -3.0138943e+00
  -4.5557097e-01  -2.5300670e+00
  -1.7750623e-01   1.4759250e+00
   8.6253259e-01  -3.4457486e-01
  -5.8287981e-02   2.5147478e-01
   6.7313189e-01  -2.1980643e-01
  -6.2723771e-01   1.8835284e+00
  -1.1598394e+00   3.4433963e-01
   1.2599620e+00  -1.1017883e+00
  -1.7178893e+00   3.9024572e-01
   1.5163446e+00   1.0223878e+00
  -1.2844189e+00  -2.4957357e-01
   4.8557647e-01  -3.8332706e-01
   1.3279199e+00  -2.2473545e-01
  -4.0880718e-01  -2.0427577e-01
   1.9507537e+00   1.6550412e+00
   4.3940794e-01  -2.1289434e+00
  -1.5553679e+00   4.8829481e-03
  -1.3082280e+00   9.4617752e-02
   1.8343302e+00   3.0417899e-01
  -4.7298734e-01  -2.2948792e+00
   1.2990338e+00   1.0478277e-01
  -1.7259297e+00   5.0976369e-01
   2.5170788e-01  -3.5376643e-01
  -1.3197268e-01   1.6139977e-01
   5.3777576e-01  -2.1690574e-01
  -6.6094593e-01   1.8746783e+00
  -4.8454659e-01   4.3647631e-01
   1.2818696e+00  -1.4021147e+00
   1.0293461e+00   6.5205996e-01
  -2.1252387e+00   1.2711785e+00
  -7.4455896e-01  -1.9470454e-01
  -1.3680877e-01  -1.0717940e+00
   5.6861519e-02  -1.7986647e-01
  -9.7673609e-01   4.7169195e-01
  -8.3633310e-01   8.5102185e-01
   1.1868468e+00  -9.3436530e-02
   7.7115223e-02   1.8482060e+00
   1.4653056e+00   6.1999496e-01
   1.5551673e+00   3.9462031e-01
   2.4367870e+00   3.9424324e+00
  -3.9785487e-03  -4.1635488e-01
  -5.8714960e-01   1.1566427e+00
   1.0175242e+00  -3.3257716e-01
   1.5418440e-01   3.2663129e-01
   5.9237530e-01  -8.1583506e-01
   2.6839445e-01  -3.4798632e-01
   4.8853377e-01   1.0403628e+00
  -6.4486548e-01  -1.6541685e-01
   1.4502866e+00   4.5345770e-01
   1.9790735e-01  -2.5069350e-01
  -8.5828181e-01  -4.6819455e-02
   3.6549964e-01  -3.4706518e-01
  -5.5606315e-01   9.7542157e-01
  -3.1133041e-01  -3.6003532e-01
   3.6316049e-01   3.8627858e-01
  -4.5718727e-03   7.9888382e-01
  -6.3414453e-01   2.4033197e-01
  -1.6531326e+00   8.2900252e-01
  -1.1815849e+00  -1.1445570e-01
  -7.5096505e-01   3.2577171e-01
  -1.2329267e+00  -9.7875585e-01
   1.3009096e+00   1.3473706e-01
   1.3403321e+00   7.2883919e-01
   1.0666192e+00  -2.0777952e-01
   1.0891183e+00   3.7869356e-02
   8.0117104e-01  -5.5599051e-01
  -7.7063597e-01   5.9702707e-01
  -9.5415273e-01  -2.0842115e+00
  -8.4606046e-01  -3.5737521e-01
   2.8848928e-01  -4.8531405e-01
   5.9987817e-01   8.3554146e-01
  -6.7356443e-01   8.9771593e-01
  -5.6878597e-01   2.6338209e-01
  -3.9609535e-01   4.2694213e-02
  -1.2451896e-01   4.2393332e-02
   1.9737700e-01  -2.8641203e-01
  -1.4728863e+00   8.3816876e-01
   3.1967879e-01  -2.0996479e-01
  -3.6733969e-01   7.9710127e-02
   7.1746882e-01  -1.6744745e-01
  -1.6204047e-01   1.1069870e+00
   9.2352700e-01   3.0141062e-01
  -4.5436388e-01  -3.8620678e-01
   1.0091133e+00   1.5731293e-01
  -1.5455980e-01  -5.0837671e-01
   9.9056297e-01   8.8506904e-02
  -1.4669688e-01   3.8662803e-01
  -2.4988903e-01  -7.6982378e-01
  -1.2497306e+00  -8.6241615e-01
   2.9156212e-01  -5.9520243e-01
   2.1738475e+00   1.5402831e-01
   1.1428342e+00  -1.4354985e-02
   8.2230898e-01  -2.4266471e+00
  -1.2529069e+00   4.0541384e-02
   4.3013220e-01  -1.5148453e+00
  -3.5832734e-01  -8.2524689e-01
  -9.2490041e-01  -2.9446138e-01
  -1.3177940e-01   6.0205202e-01
  -5.6585946e-01   1.9904455e-01
   6.8890467e-01   4.1380083e-01
   1.4126813e+00   8.2661477e-01
   2.1550241e+00   9.7280997e-01
   3.6326772e-01  -2.5744469e-01
  -2.4230744e+00   1.1483994e+00
  -7.2234069e-01   8.2004063e-02
   1.2200291e+00   4.6644541e-02
  -1.4621356e+00   3.3788509e-02
   2.1253576e+00   2.2447007e+00
   1.3461795e+00   8.2452929e-01
  -5.1694707e-01  -3.2815383e-01
  -2.8049861e+00   2.6330272e+00
   1.8264927e-01  -1.4128686e-01
  -8.8898385e-02  -2.2340998e-01
   8.5410318e-01   4.0017802e-01
  -2.0665022e+00   1.0874387e-01
   1.4349652e+00   3.0918040e-01
   1.1127212e+00  -1.1174032e+00
  -1.2118389e+00  -1.6884533e+00
   1.8783578e-01   1.9421465e+00
  -1.5779693e+00   1.2454283e+00
   1.4963479e+00   1.4490916e+00
   8.2555701e-01  -3.1212572e-01
  -1.1207827e+00  -3.3793052e-01
   1.2678336e+00  -1.7861918e-01
   1.0856777e+00  -5.9360679e-01
   1.2086645e+00   1.2895474e+00
  -6.6111060e-02  -3.1160336e-01
   1.0972918e+00   1.2318102e+00
   2.7415838e-01   6.2340073e-04
   7.7662698e-01  -7.0135548e-01
  -5.4526202e-01   2.4450265e-02
   2.7942380e-01  -6.2035033e-01
   3.9142928e-01  -1.9820709e-02
  -2.4982056e+00   3.3143816e+00
   2.4761306e+00   3.7993827e+00
   7.6761380e-01  -9.4613165e-02
   2.7352635e-01   4.6353501e-01
  -1.5162394e-01  -7.7940012e-02
  -1.3295959e+00   2.7564724e-01
  -1.2746034e+00  -2.7226107e-01
  -6.6137256e-01  -1.0163864e+00
   1.1625478e-01  -2.4820723e-01
   1.4888290e+00   4.7000300e-01
   2.4105319e-01  -5.9687294e-01
  -3.1505689e-01   4.4865247e-01
   1.5077234e+00   1.6488096e-01
   6.2800283e-01  -1.1910607e+00
   2.2656937e-01  -3.3678522e-01
   1.3765525e-01   3.3688066e-01
   1.8195457e+00   9.9273109e-01
   1.1853576e+00  -2.1658987e-01
   3.5684997e-01  -2.2373753e-01
  -1.1530983e-01  -1.3511041e-01
   1.1633129e+00  -8.1538833e-02
  -2.3252265e-01   8.0084573e-02
   9.3680044e-01   8.8949054e-02
  -6.2770817e-01  -2.7553959e-01
  -1.2773580e-02  -8.3296155e-01
   6.4275735e-01   6.9320401e-01
  -2.4223457e-01   1.1871064e+00
  -1.4255232e+00   4.8152462e-01
  -9.4808348e-01  -6.2255084e-01
  -1.4383351e+00   1.5358746e-02
  -2.0939953e-01   7.0893372e-01
  -5.5665530e-01  -2.1549710e+00
   8.2186246e-01   6.9755122e-01
  -1.5846203e+00   2.3767458e-01
   1.2825530e+00   5.0172605e-01
  -8.1527003e-01  -1.6238137e+00
   3.3465083e-01   1.5306617e-01
  -1.9932524e+00   2.4626244e+00
   6.6158221e-01   5.9352724e-01
  -1.5727396e+00   1.6600123e+00
   1.0683110e+00   1.8841571e-01
   1.0516700e+00  -1.5160598e+00
   1.9113718e-01  -2.3760911e-01
   1.4558175e+00   1.1557981e+00
  -2.7037522e-02   2.6773801e-01
  -9.2197374e-02  -1.4102037e+00
   6.2422361e-01   2.2105094e-02
   8.7950247e-01  -2.0845841e-01
   1.1689966e-01   1.9895621e-01
  -8.0842308e-01  -2.1132645e+00
  -9.4043019e-02   1.6114429e-01
  -1.8113300e+00   1.1928168e+00
   2.4779511e+00   2.8902808e+00
  -1.0522539e+00  -1.8615111e-01
   3.2126278e-01  -4.7028167e-01
  -1.5988180e+00   1.2341873e+00
  -7.9700099e-01   3.0239823e-01
  -1.1210460e+00  -2.8318216e-01
  -1.2352132e+00  -1.6360081e+00
   2.8128531e-01   4.2446199e-01
  -2.0501078e-01  -1.3556446e+00
  -2.3004869e+00   3.3091357e+00
  -1.6531865e+00  -2.0541471e-01
  -1.1178090e+00  -9.5492071e-01
  -6.6303845e-01   1.1242210e+00
   7.1471094e-02  -3.4101836e-01
   4.2429678e-01  -1.3688606e-02
  -1.4228977e+00   1.4384450e+00
  -8.3706550e-01  -1.1167662e-01
   7.9241504e-01   1.9704719e-01
   1.0208112e+00  -9.5909678e-02
   7.0046406e-01  -2.3893191e-01
   1.5041255e+00   2.1609024e+00
   1.4532660e+00   1.1597377e+00
  -1.0586452e+00  -4.4363484e-01
   4.3374835e-01  -6.0745587e-02
  -3.7398502e-01  -5.4638311e-01
   5.2388156e-01  -5.2785479e-01
   1.7751017e-01   3.5787150e-01
  -1.1642314e-01  -1.2606748e+00
  -4.9269140e-01  -4.4657671e-01
  -3.1717112e-01   2.9904089e-01
  -1.2799255e-01  -1.2714783e+00
  -7.2001603e-01   8.7644431e-01
   1.2742313e-01  -2.0979309e+00
   1.7904645e+00  -3.7842100e-01
  -1.7899195e+00   3.2838301e-01
  -1.5942713e+00  -2.5094294e-01
   2.2307054e-01  -1.8051801e-02
   1.2505866e+00   2.0979048e-01
  -2.0780754e-01   2.7528700e-01
   1.0241086e+00   5.5281094e-01
  -1.5425031e+00   1.9516358e-01
  -2.2909860e+00   1.3728357e+00
   3.9638013e-01  -1.6019500e+00
   1.1842225e+00  -1.7727626e+00
  -1.4882934e+00  -1.1216750e+00
  -7.3132423e-02  -7.8720689e-02
   1.0357267e+00   1.2006242e-01
  -9.5097776e-01  -1.2662888e+00
  -1.2886477e+00   1.3451265e-01
  -1.1454297e-01  -1.6959866e-01
   4.0198763e-02  -1.1686376e+00
  -8.4744043e-01   1.2686382e+00
  -4.7847294e-04  -4.0909306e-01
  -1.2104175e-01  -2.2388460e+00
  -7.1110801e-02   8.3318847e-02
  -1.0371967e+00  -2.1682442e+00
  -5.6835786e-01  -2.0187036e+00
   4.3769324e-01   1.0954643e+00
   2.6326835e-01   4.2340678e-01
  -6.1317025e-01  -1.0735981e+00
  -9.8610132e-01   4.0740991e-01
  -2.1505720e+00   2.1678567e+00
   1.3712742e+00  -2.6007314e-01
   1.3417760e+00   8.6841844e-03
   1.2927107e+00   3.7526427e-01
   1.9551554e-01   2.8917054e-01
   7.5685471e-02   6.2292180e-02
  -3.8754572e-01   1.3472541e+00
   1.4384950e-01  -4.3518141e-01
  -3.7152074e-01  -8.2934232e-01
  -9.2169768e-01   4.2399075e-03
  -3.5504225e-01  -5.3597173e-02
   3.3109229e-01   2.5556317e-01
  -3.3788921e-01  -1.0875529e+00
   1.3583977e+00  -1.5850636e+00
  -9.6165831e-01   1.4828979e-02
   8.7139983e-01   3.7641228e-01
   8.9962164e-01   1.5336241e+00
  -1.2558667e+00   1.1838438e-01
   1.1653180e+00  -1.9556736e-01
   1.2222275e+00   3.3043573e-01
   1.0332207e+00  -4.3343013e-01
   1.5213488e+00   1.7619820e-01
   7.8513925e-01  -9.9770687e-01
   1.3853232e+00  -5.9876282e-01
   1.6536224e+00   1.4678819e+00
  -1.2394224e+00  -3.4578162e-01
  -7.6579288e-01   2.0800748e-01
   4.9690238e-01   4.3582536e-01
   1.1602538e+00   1.3040994e+00
  -8.0260130e-01  -1.7028413e-01
   4.4425164e-01  -3.3835817e-01
   6.9131982e-02  -1.0914229e+00
   1.2058809e+00   5.1567310e-01
   5.2848222e-01  -1.1057746e+00
   1.6759628e-01  -5.1477068e-01
  -4.2648198e-01   3.1769476e-01
   1.4688719e+00   1.4756032e-01
   1.4607516e+00   4.2854357e-01
   2.2631320e-01  -1.5674656e-01
  -2.4253348e-01  -2.0240313e+00
  -1.4551517e-01  -7.8609390e-01
   1.0127150e+00   6.1545945e-01
   6.3443841e-02   9.3962123e-02
  -7.5337509e-01  -4.2173302e-01
   2.5561029e-01  -4.5999685e-02
  -9.3801458e-01   8.2011821e-01
   2.9148209e-01  -2.4038395e-01
   1.0241517e+00  -1.2871828e-01
   4.5116976e-01  -5.0349788e-01
   4.9884474e-01  -1.0997382e-01
   1.3436088e+00   9.8512259e-01
   1.7626044e+00   2.4851517e+00
  -3.6740103e-01   5.2471990e-01
   1.5175440e+00  -1.7300439e+00
  -1.2434669e+00   1.7144298e-01
  -1.1832237e+00   4.1285369e-01
  -1.0350273e+00  -3.8410356e-01
   6.4352871e-01  -1.0764572e+00
   2.4829660e-01  -6.3807667e-01
   3.3938704e-01   3.5669170e-01
  -5.3274515e-01  -2.6040034e+00
  -1.1176753e+00   6.6653977e-01
  -1.8946003e+00  -8.0236053e-01
   1.2895260e-01   7.4438279e-02
   2.3746634e-01  -1.0682953e+00
  -3.1784182e-01   1.6142104e-01
  -8.9974072e-01   2.4174977e+00
  -3.5640978e-01  -3.8218386e-01
  -8.7543740e-01  -1.4409517e-01
   3.8701071e-02  -2.0324451e-02
  -2.8623271e-01  -1.2471006e+00
  -5.4581828e-01  -6.8680450e-02
  -1.4148982e+00   3.3068216e-01
  -1.4588093e+00  -6.7515482e-01
   9.5232981e-02   3.1250054e-01
  -9.9860332e-01  -2.5823787e-01
   1.7321124e+00   6.9171327e-01
   1.2281204e-01  -5.8312723e-01
   2.0529984e-02   1.7166523e+00
   1.2234792e+00  -2.6727379e-01
  -6.9044325e-02  -9.0463605e-01
   1.0171981e+00   5.9005793e-01
  -8.5467747e-01  -2.6344529e-02
   3.2923248e-01  -5.1265520e-01
  -2.3035852e-01   6.2131431e-01
  -1.0227159e+00   1.3209599e-01
   5.9612013e-01   2.7413031e-02
  -1.4592439e-01   2.8345120e-01
   1.2828798e+00   1.2534572e-01
  -4.2454139e-01  -1.2470103e+00
   2.7004480e-03  -1.2261248e-01
  -9.8808390e-01  -7.6810743e-02
   1.4237618e+00  -4.1746911e-01
   5.4771680e-01   6.4933273e-01
   1.2830288e+00  -7.1428265e-01
   1.3797907e+00  -1.4590671e-01
  -9.0392146e-01  -5.3696784e-01
  -1.3316442e-01  -1.1765609e-01
  -7.4095747e-01  -3.8313495e-01
   2.9397231e-01   1.0073636e-02
  -4.9982341e-01   2.5400874e-01
   2.5008936e-01  -6.7682537e-01
   8.1987139e-01  -2.0531871e-02
   2.4565542e-01   1.2811636e-01
  -2.1874410e-01   4.1809838e-01
   9.0569751e-01  -2.3775281e-01
  -1.0904766e-01   4.7235848e-01
  -4.5786034e-01   6.3984192e-01
  -7.3799287e-01   7.7922665e-01
  -8.4280926e-01  -6.3592609e-01
   9.4891420e-02  -9.8241546e-01
  -1.2096409e+00   2.6134171e-01
  -8.8539735e-01   2.6608635e-01
   2.5548119e+00   1.4200176e+00
  -7.6097510e-01   5.9905277e-01
  -1.3171169e+00   1.3979613e+00
  -8.5247799e-02   2.2466910e-02
  -5.4598092e-02   1.2927138e-01
   1.4784493e-01   2.1311604e-01
   4.3172224e-01   1.6282873e+00
   1.2857718e+00  -5.9423407e-01
  -1.1998994e+00   1.0156744e+00
   1.2920114e+00   8.8143909e-02
   6.9283968e-02   7.1524380e-01
  -1.4627696e-01  -1.1210693e+00
   9.9343518e-01   9.3851787e-02
   5.4318899e-01  -1.2273980e+00
  -1.0389440e-01  -9.9121655e-02
   1.5089311e+00   3.6037607e-01
  -9.7681575e-01   2.6282990e-02
   8.3901231e-01  -1.8630221e-02
   4.9760786e-02  -2.8302033e-01
   8.7082313e-01   4.6615488e-02
  -1.4929635e-01   7.8740061e-02
   5.2866778e-01   4.4941593e-01
   7.8352151e-01  -2.1572948e-01
   2.9837474e-01  -5.2887614e-01
   7.2811625e-01   1.4320141e-01
  -4.5562547e-01  -1.0305346e+00
  -6.4581163e-01  -1.1440871e+00
  -8.7439657e-01  -1.9338473e+00
  -8.5479805e-01  -2.4896786e+00
  -1.4175259e-01  -2.0173523e+00
   7.7597312e-01  -3.9316043e-02
  -2.7593862e+00   4.1218802e+00
  -3.0022128e-01  -1.8854442e-03
   3.7894677e-01   4.6304935e-01
   1.3319079e+00   6.0784398e-01
   4.2606328e-01  -1.3508193e+00
   1.0021547e+00  -1.1352837e+00
  -6.4086243e-01  -6.6611208e-01
  -8.8991449e-01   7.5507495e-01
   7.1698328e-01  -1.0444054e+00
   1.5725755e+00  -3.5017490e-01
  -1.9978025e-01  -1.6124411e+00
   2.8364156e-01  -4.6308244e-01
   5.6336546e-01  -1.0966350e-01
   2.7855486e+00   4.9875241e+00
   1.9283053e+00   8.7985793e-01
  -3.3255959e-01  -1.0395335e-01
   6.7011332e-01  -6.2365152e-01
  -4.5702885e-01  -2.6288077e-01
  -5.5241388e-01  -1.2961181e-01
  -5.1765532e-01  -2.5678104e-01
  -1.3093859e+00   1.3502637e-01
  -1.1598749e+00  -2.9874380e+00
   1.0438968e+00  -7.3101498e-01
  -2.4829191e+00   3.0329083e+00
   4.4499373e-01  -1.8878610e+00
  -1.0798500e+00  -1.7263282e-01
   1.4676525e+00   4.9312795e-01
   8.4129978e-01  -1.5816537e+00
  -9.5586865e-01   4.5130589e-01
   9.8139419e-02  -1.2790266e+00
  -3.0833249e-01   1.7520959e-01
   1.7706407e-02  -8.8188490e-01
  -8.9176390e-01   4.6982810e-01
  -9.9199103e-02  -2.4962742e-01
   1.5411880e+00  -1.7054552e+00
   3.2269016e-01   3.0100569e-01
  -9.4603923e-01   9.4559758e-01
  -3.7078735e-01   2.0382189e-01
  -1.0033989e+00   8.3463361e-02
  -2.6145902e+00   2.7017446e+00
  -4.4513615e-01   2.0269971e-01
  -1.9720891e+00   4.4823887e-01
   1.3412282e+00  -6.2443616e-01
   2.4307167e-01  -4.2890316e-01
  -5.0340630e-01   1.2928190e+00
   3.6956788e-01  -9.3323310e-01
  -6.2011061e-02  -4.6394794e-01
  -2.1653879e+00   1.4820507e+00
   5.6335676e-01  -1.2812503e-01
   7.3370464e-01  -7.0080173e-01
  -1.4456984e-01   4.8577732e-01
  -1.3458637e+00   3.6071180e-01
   9.2874539e-01  -1.7102852e+00
   2.0745213e+00   2.7619923e+00
  -2.9029379e-01  -1.4274635e-01
   1.2485189e+00  -9.1544213e-01
  -1.5534336e-01   1.4964828e+00
   1.8972800e+00  -1.7809768e-01
   2.5934280e-01  -8.1958423e-01
  -2.3561248e-02   6.0323341e-01
   1.1113317e+00  -1.1404025e-01
  -1.8352700e-01  -2.3752581e-01
   5.2772871e-02   2.7398550e-02
   1.4927331e+00   8.1524521e-01
  -5.7580115e-01  -6.3526012e-01
  -5.9311153e-01  -1.5434506e+00
  -9.5664757e-01  -1.3918279e-02
  -8.9470903e-01  -1.9440056e+00
   2.2005327e-01  -1.0718718e+00
   2.5839405e-01   2.5086931e-01
  -5.8427604e-01   4.4949342e-02
   5.3920512e-01  -5.0549441e-01
   5.4451693e-01   6.5898744e-01
   1.7427613e+00   5.8364427e-01
   3.8526299e-02  -4.8953598e-01
   5.4391030e-01  -6.9796872e-01
  -7.6372041e-01   3.1837483e-01
  -7.3883988e-01  -1.1860359e-01
   2.0982928e+00   2.8224688e+00
   1.3751704e+00   3.1514549e-01
  -1.1881617e-01   3.2266400e-01
  -4.1074203e-01  -6.6342148e-01
   7.5052278e-01   3.6723828e-01
  -8.6941188e-01  -1.1977168e+00
   3.0247662e-01  -7.4832469e-01
  -1.1080786e+00  -4.0175388e-01
  -9.0489521e-01  -3.7912325e-01
   6.8910360e-01   4.2115749e-01
  -1.2509613e+00   7.6867138e-01
  -9.6749333e-01   3.8936151e-02
  -1.6108685e+00   1.0773034e+00
   1.7165333e-01  -1.3940140e+00
   5.0799774e-01  -1.9651389e+00
   1.3231416e-01  -5.1522830e-02
  -1.0996076e+00   5.1759308e-01
  -1.0630882e-01   3.6563332e-01
  -1.3472351e+00   7.2746888e-01
  -1.5794395e+00   4.6295758e-01
   3.9075872e-01   9.4904926e-01
  -5.8571152e-01  -2.0541674e-02
  -8.3027888e-01   2.5012876e-01
   3.5151847e-01  -1.2029702e+00
   5.6740336e-01   5.3158532e-01
   2.7109685e+00   3.0331165e+00
   1.7269059e+00   1.0028613e+00
  -1.5876662e-01  -2.1679101e+00
   9.0439104e-01  -2.3072665e-01
   1.3736433e+00   1.5170710e-01
   2.8186967e+00   2.4364759e+00
  -9.6770032e-01  -7.9923872e-01
   2.7767065e-01  -6.6172083e-01
   1.4652812e+00  -8.2064052e-01
  -1.1583191e+00  -1.1865881e+00
   2.3930074e-01  -1.8525760e+00
   3.4154846e-02   2.0183127e-01
  -1.0378989e+00   1.8879373e-02
   1.6086005e+00   6.7227574e-01
   5.8212961e-01  -2.0105771e-01
  -1.7086329e-01  -7.8973532e-01
   7.4363283e-01  -3.6339208e-01
   2.4176889e-01  -9.5803611e-03
   3.8286855e-01  -8.7507884e-02
  -3.0973718e-01   1.2107710e-02
  -3.6270544e-01  -4.0208947e-02
  -7.3568889e-01  -4.4016832e-01
   1.4517091e-01   2.3284517e-02
   2.4910096e-01   9.5834412e-01
  -1.6448166e+00   4.6581673e-01
   1.5909240e+00   1.0146812e+00
  -3.7200232e-01  -7.2893657e-01
   2.1134669e-03   1.7216043e-01
  -1.1621836e-01  -5.7169558e-01
  -1.0952198e-01   3.8241200e-01
  -4.1565389e-01   5.9765021e-02
  -1.9785467e+00   2.2843595e+00
  -2.1437751e+00   1.6366665e+00
  -1.1827655e+00  -2.0614690e-01
   3.6451607e-01  -1.4318643e-01
   5.6357761e-01   4.2979165e-01
   1.0426227e+00   1.6579738e-02
  -5.6907569e-01  -6.0803700e-01
  -1.5107433e+00   1.1776597e+00
   5.0916285e-01   5.8659738e-02
   2.1246772e-01  -2.8282262e-01
   2.5561703e+00   3.0932992e+00
  -1.1842714e+00  -1.8843800e+00
  -1.3186030e-01   1.4204054e+00
  -3.1968312e-01  -2.8989419e-01
  -1.4492058e+00   3.3086207e-01
  -5.7295193e-01   1.1128923e+00
  -1.0313873e+00   6.7016091e-01
  -2.0816972e+00   1.7441845e-01
  -6.7043853e-01  -6.0491036e-01
   1.8017703e+00   1.1813860e+00
   2.7315819e-01  -5.6926809e-01
   7.6251371e-01  -3.4893020e-02
   9.1980318e-02  -6.2693053e-01
  -2.9179611e+00   4.0375732e+00
  -2.1572104e+00   1.3469884e+00
   1.6684809e+00   1.0418671e+00
   2.8375253e-01  -1.2862602e+00
  -8.3204785e-01   2.2964740e-01
  -3.9050491e-01  -5.5882904e-01
  -1.7286534e-01  -2.5679038e-01
   4.6977559e-01   1.0574418e-01
  -6.5330008e-01   4.2645294e-01
  -1.9167578e+00   3.4391597e-01
   9.9356062e-01   7.5984684e-01
   1.0679043e-01  -7.3521947e-01
   1.5992449e+00  -3.2372705e-01
  -4.6187573e-01  -1.5138622e+00
  -1.2854956e-01  -4.5761554e-01
   1.1667034e+00   2.7695158e-01
   1.4051934e+00   8.6863775e-01
   1.2309079e+00  -1.6497247e+00
   5.8124798e-01   7.0616331e-01
   3.2632715e-01  -3.7473722e-01
  -1.1163658e+00   4.4252359e-01
  -1.8958798e+00   1.8696409e+00
   6.8821548e-01   4.4511586e-02
  -4.7997751e-01  -2.5368704e-01
  -6.9174943e-02  -1.0065659e-01
   7.7400868e-01  -5.5275021e-01
   5.7508971e-01   3.3408316e-01
   2.4162386e+00   3.1477922e+00
  -8.1876810e-01  -1.9984667e+00
  -7.8598300e-01   1.1138905e-01
   1.1892247e+00   1.1820848e+00
  -7.1776516e-02  -5.5126309e-03
   1.5800014e-01   1.1761298e+00
   1.0980604e+00  -1.1552466e-01
   4.7307479e-01   3.2564606e-01
  -3.3687602e-01  -1.2887465e-01
  -9.9476995e-01  -3.5314347e-01
  -9.5733236e-02  -8.0424177e-01
  -6.5638788e-01  -7.6066683e-01
  -1.7209313e-02  -2.2687978e+00
   2.9010404e-01  -7.7706839e-01
  -8.4460561e-01  -1.9131010e+00
   9.3259010e-01  -1.7170727e+00
  -2.5205949e-01   2.0564847e-01
  -8.1160321e-01  -3.2476781e-01
   1.1846909e-01   5.3224570e-01
  -1.1070449e+00   5.4166836e-01
  -7.4768060e-01   7.1362979e-01
  -1.2488258e+00   1.2068446e-01
  -7.0436094e-01   1.0682531e+00
  -1.1063735e+00  -2.9930622e+00
  -1.1793738e+00   4.6142062e-02
  -2.3255648e+00   1.4146227e+00
   4.1594225e-01  -1.0541104e+00
   3.2429929e-01  -3.1711155e-01
   4.0955201e-01  -1.9957981e-01
   5.2820436e-01  -1.2559636e+00
  -6.8984327e-03  -3.4159801e-01
  -1.2405002e+00  -1.4353493e-01
  -4.5625740e-01   2.8547537e-01
   6.9024285e-01   2.2938557e-02
  -1.5732862e+00   2.3794224e+00
   9.3372061e-01   4.7457775e-01
  -8.0816168e-01   8.0889411e-01
  -1.0364443e+00   2.1193314e-01
  -8.3806928e-01  -8.6134114e-01
   1.2600547e+00  -9.6799743e-01
  -1.4770069e+00   1.4405158e-01
   7.1560684e-01   1.4776126e+00
   3.6509811e-01   2.3049359e-01
  -6.4270058e-01  -6.5587638e-01
  -2.2322113e-02   4.3781086e-01
   1.9585058e-01   2.6743638e-01
  -2.4749406e-01   4.3520244e-02
   1.2722270e+00  -8.4790623e-02
   6.7551263e-02  -1.6572626e-02
  -1.8547981e+00  -2.2760708e-01
  -9.9867996e-01   1.0490644e-01
   4.4395814e-01  -3.1931007e-01
  -1.2725634e+00   7.1852828e-01
  -1.0270614e+00   7.3401277e-02
   3.9129651e-01  -1.2588837e-01
   1.2629608e+00   6.0002498e-01
   6.8779700e-01   1.2434609e-01
   1.1640173e+00   7.4092353e-02
   2.4459960e-01  -1.1329038e-01
  -1.0706814e+00   4.4015648e-01
  -1.2115632e+00  -2.5816560e-01
  -8.0191410e-01  -3.7265912e-02
  -2.0051219e+00   1.2708261e-01
  -5.0699354e-01  -1.3234770e+00
  -1.0800172e+00   2.3954705e-01
  -7.0329739e-01  -3.5547919e-02
  -9.4069432e-01   3.1801997e-02
  -1.6791747e+00   1.0323539e+00
  -1.3493587e+00   5.1645108e-01
   3.2771536e-01  -3.2261625e-01
  -6.2274613e-02   8.4729614e-01
   9.5333796e-01   7.6116641e-01
  -1.0288347e+00   3.4506124e-01
  -6.0344428e-01   5.4752356e-01
   2.7740446e+00   2.6143832e+00
   5.8273766e-01  -1.0455467e+00
  -8.2587213e-01  -2.7696449e+00
  -3.6906904e-01   3.3363660e-02
   4.3286857e-01  -1.6161958e-01
  -2.5919587e-01   5.3422501e-01
  -8.1626994e-01  -9.3898684e-04
   1.4137589e+00  -7.4994645e-01
   1.8563328e+00   3.4692540e-01
   4.3080736e-01   6.1499024e-02
  -4.6160741e-01  -2.3520825e-01
   1.2229979e+00   3.6958015e-02
   3.3565519e-01   5.2288983e-01
   1.1529429e+00  -1.1871406e+00
  -4.8129584e-01  -7.1972113e-01
   7.1418959e-01  -4.5018724e-01
   5.2005864e-01  -1.2885604e+00
   1.1728860e+00   3.7695207e-01
   5.9451998e-01  -3.5496913e-01
  -6.2009177e-01  -2.3780624e+00
  -7.4797941e-01   1.0669314e+00
  -9.5085603e-01  -9.2997255e-01
   3.4883399e-01   2.2986474e-01
   3.7788691e-01  -5.8334117e-01
   1.2478607e-01  -1.8345701e+00
   2.3450557e-01  -6.2703611e-01
   1.1516482e+00  -6.2855927e-01
   5.6500585e-01   4.8293338e-01
  -8.0117005e-01  -9.9084832e-02
   1.5614695e+00   3.4171949e-01
   5.0503151e-01   1.6444472e+00
  -1.1407830e+00   4.2555558e-01
   6.7698440e-01  -1.1087373e-01
   1.2161035e+00  -2.0160404e+00
  -1.0652159e+00  -9.3656691e-01
  -1.9992507e-01  -6.1848317e-01
   1.6986607e-01   1.1072670e+00
  -1.4197180e+00   3.1158701e-01
  -1.9045785e+00   5.9429084e-02
   3.1139242e+00   8.6068976e+00
   9.8239620e-01   1.4254147e-01
   8.8031076e-01   9.0791138e-01
  -5.9194168e-01  -1.5115141e+00
  -1.2690375e+00  -1.0151562e+00
   2.3891632e-01   1.1469886e+00
  -4.8453692e-01   2.0964526e-01
   5.3927236e-01  -3.9742386e-01
  -1.3928700e-01   8.0559701e-01
   7.6040129e-02  -1.0558666e+00
   9.2135884e-01  -2.5547300e-01
   2.8564399e-01  -1.0602368e-01
  -1.1767019e+00  -1.4291083e+00
   4.7468070e-01  -1.0210740e-01
  -1.1884014e+00   1.0362974e-02
   9.3602138e-02  -2.1385632e-01
   1.2189811e+00  -7.3473446e-02
   7.4782295e-01  -2.6398749e-01
   1.7347685e-01  -1.7916104e+00
  -8.5173429e-01  -3.4755248e-01
  -8.5187666e-01   7.4324267e-01
   1.1805748e+00  -9.6823023e-01
   2.9474183e-01  -1.2216332e+00
   3.2585943e-02   2.4435153e-01
   7.6961101e-01  -5.4041362e-01
  -1.0436534e+00  -5.4843182e-02
  -2.2786229e+00   7.8489948e-01
  -2.3648267e-01  -8.1403293e-01
  -2.6855048e-01  -2.0475676e+00
   5.8360363e-01  -1.6578428e+00
   7.2722336e-01   1.0598822e+00
  -3.3736619e-01   4.6830605e-01
  -5.5653490e-01   4.9352320e-01
   4.8006677e-01  -4.8351621e-01
   1.8730694e+00  -1.5060405e+00
  -1.0644144e+00  -1.6768820e-01
  -6.7892677e-01   1.1112962e-01
   9.0116296e-02  -8.5040644e-01
  -1.0697204e+00  -2.7938798e-01
  -1.2955505e-01   9.7996829e-01
   6.5550777e-01  -1.4407528e+00
   7.6441001e-01  -7.9948770e-01
   1.0063672e-02  -3.2830716e-01
   2.0538795e+00  -1.5156918e+00
   1.1816019e+00  -2.3149441e-01
  -6.4445447e-01   3.2259983e-01
   9.0851347e-01   8.0254021e-01
   1.6537434e-01   1.0572849e-01
   8.6213900e-01   7.2709872e-01
   1.9511960e+00   8.9225860e-01
  -6.7494396e-02   9.5306217e-02
  -1.3796024e+00  -8.9804760e-01
   1.0287794e+00   1.1942851e+00
   2.4030159e-01   3.3361450e-01
   5.2377964e-02  -8.9874506e-01
   6.1307909e-01   3.3146467e-01
   4.5532575e-01   4.6616871e-02
   2.0856156e+00   3.0029775e+00
  -6.4611147e-01   1.3136996e+00
   1.2406695e+00   2.1056315e+00
  -1.0737776e+00   5.5522930e-01
   1.2507556e+00  -1.6892069e-01
   2.2070227e-02  -1.8070351e+00
  -2.3841986e-01   4.6955583e-01
  -8.1031554e-02  -2.4496871e+00
   1.1997076e+00  -2.6893724e-01
  -3.0065249e-01   6.0200813e-01
  -3.4040388e-01  -1.5868459e-01
  -8.5452114e-01   1.7975963e+00
   3.8524849e-01  -1.5685483e+00
   9.4060804e-01  -6.4207909e-01
   2.1406061e+00   1.5203365e+00
   1.8130454e+00   4.2094850e-01
  -1.5159064e+00   6.4361999e-01
   7.4996453e-01   1.3874485e+00
   4.8442056e-01  -2.8906587e-01
   3.2076265e-01  -6.1078277e-01
  -3.9809680e-01   4.0527013e-02
  -1.9133142e+00  -5.4322155e-01
   3.2913101e-01  -7.0005471e-01
   4.8312711e-02   1.3746960e+00
  -7.8162805e-01   9.9877630e-01
   7.2410337e-01  -2.7834080e-01
   3.5812362e-01  -1.0590336e-01
  -9.9986199e-01  -1.4588381e+00
   7.8854653e-01   2.6986698e-02
   6.4529402e-02  -1.4115286e+00
  -3.8172975e-01   8.5799074e-01
  -6.4286854e-01   3.3603729e-01
  -2.2390835e+00   1.5500769e+00
  -1.9594902e-01  -2.3654742e-01
   4.4691194e-01   2.0681844e-01
   6.2890273e-02  -8.1492593e-01
   1.4263936e+00  -9.8275778e-01
  -1.9233983e+00   2.4163509e+00
   8.3525148e-01  -3.9444262e-02
  -9.6544662e-01  -2.3373918e+00
   1.7469210e+00   1.9432203e+00
  -7.2108083e-01   1.1048556e+00
   2.2667943e-01  -1.8611587e+00
  -8.9636633e-01   8.7033059e-03
   7.6757565e-01  -2.4379768e-01
   1.4858084e+00   4.3525143e-01
   1.2115176e+00  -3.1207393e-03
   8.2843933e-01   1.0098667e-01
  -8.5376330e-01  -4.8311778e-01
  -9.2219941e-01   1.1603457e+00
  -1.1844349e+00  -3.7599548e-01
   1.0033300e+00  -1.5671062e+00
   6.8120416e-01  -1.8025526e+00
  -1.5394169e+00   8.0672889e-01
  -6.3374825e-01   2.9671339e-01
  -5.8701470e-01  -3.8241567e-01
   2.6470156e-01  -8.7033329e-02
   1.2583647e+00  -2.3778880e+00
  -2.1317464e+00   1.8090696e+00
  -2.7536664e-01   7.6176116e-01
  -5.4178364e-01  -4.0082279e-01
   9.6728587e-01  -2.7048051e-01
  -5.2120091e-01  -7.4173158e-02
   6.1929799e-01   7.0028084e-01
  -1.5845922e-01  -6.5513555e-01
  -5.1675556e-01  -1.4532378e-01
   1.2831017e+00   1.0390858e+00
   2.8717550e-01  -1.9551802e-02
   5.7971756e-01   1.0883355e-01
  -4.4352129e-01  -1.4566498e-01
   1.1310059e-01   1.7214613e-01
  -7.7305016e-02  -5.4191453e-02
  -8.3665141e-02   3.6319717e-01
  -1.9394566e-01   4.2770079e-01
   1.1036148e-01  -6.8649931e-01
  -4.3706469e-01  -8.5044728e-01
   2.8988708e-01   1.7735655e+00
   8.6767137e-01  -1.5519888e+00
  -1.9566025e+00   2.1839688e+00
  -9.4419139e-01   6.5510771e-01
  -2.6494495e+00   2.8643648e+00
  -1.5494852e+00  -5.6955650e-01
   7.8418811e-01  -1.1405584e+00
   1.6983776e+00  -6.0282124e-01
  -1.6432473e-01  -6.5154895e-01
  -5.6490358e-01  -8.1283264e-01
  -4.7213789e-01   7.6386870e-01
   5.1499676e-01  -8.4017853e-01
   9.0220488e-02   4.2490554e-01
  -3.5424408e-01   5.1605748e-01
  -1.0157024e+00  -4.2979290e-01
  -7.4369903e-01  -2.5581106e-02
  -1.1205459e+00   6.8303594e-01
  -3.1850621e-01  -3.4700723e-01
  -8.8656576e-01   5.9647357e-01
   7.7078200e-01  -1.3335275e-01
  -5.0385598e-01  -1.8823710e-01
  -1.0339437e+00  -1.0884132e+00
  -2.7424225e-01  -1.2537215e+00
   6.3587135e-01  -1.4315611e-01
   4.9074031e-01   3.8274597e-01
  -5.7229874e-01  -1.5918831e+00
   1.3532430e+00  -1.2258999e-01
   1.1989954e+00  -3.3349671e-01
   6.6406556e-01  -4.4458715e-01
  -1.1202961e+00   6.6587731e-01
  -3.5702078e-01  -1.8441639e-01
  -3.3356915e-01  -9.2497930e-02
  -3.5154657e-01   3.4929269e-02
  -2.3910243e+00   1.8544313e+00
   1.1803596e+00  -3.4998521e-01
  -1.3311833e+00   3.1200070e-01
  -1.4534317e+00  -2.2693091e+00
  -1.0271384e+00  -1.0199282e+00
   6.6576272e-01  -8.1759662e-01
  -5.3380565e-01  -5.5575691e-01
   4.9711833e-01  -9.0403475e-02
  -4.7540974e-01   1.3361484e+00
   1.2640816e-01  -4.5150571e-01
   1.1167867e+00   1.6263610e-02
   1.0289744e-01  -6.7417899e-02
  -1.1003052e+00  -2.0681382e+00
  -1.0363979e+00   1.2949838e-02
  -1.2430082e+00   2.0076291e-01
  -7.0111890e-01  -1.1846656e+00
   8.0866986e-01  -2.8260691e-01
   8.2839548e-01  -3.2669710e-01
  -1.9810471e-01   4.6866716e-01
  -2.5713540e-01  -2.1575538e+00
  -3.7210552e-01   6.0393437e-01
   6.6664422e-01  -4.3015070e-02
   5.6724714e-01  -3.1505357e-01
  -4.6690120e-01   1.6480294e-01
  -7.5580632e-01   1.0686229e-01
   7.8011886e-01  -1.1591374e+00
  -1.8210979e+00   2.2723596e+00
  -7.3120549e-01   1.8227454e-01
   1.5768562e-01  -1.5994923e-01
   3.3727102e-01   1.8718951e-01
   9.4095967e-02  -9.0754754e-01
   8.5813226e-01  -2.5765194e+00
  -3.4475330e-01  -1.3930644e+00
   7.0950784e-01  -2.4678147e-02
  -1.1593227e+00   3.9869942e-01
  -1.2264338e+00  -2.4279332e-01
   9.2094508e-01   8.0996901e-01
   7.0544872e-01  -5.5574188e-01
   1.0538253e+00   1.5250809e-01
   7.7796893e-01  -7.3091341e-01
  -8.8430546e-01  -1.5655987e+00
   1.5246896e+00   7.5386438e-01
  -1.1511809e+00   4.2310766e-01
   2.7480987e+00   3.0479846e+00
   3.7897940e-01  -4.6567136e-01
  -1.3953860e+00  -2.6581235e-01
   3.4059119e-01   5.9688258e-02
   1.3965321e-01   4.1426132e-01
   1.0506859e+00  -6.6039732e-01
   2.8223501e-01  -1.2437020e-01
  -9.2729864e-01   2.1322031e-01
  -1.8904088e+00   2.7217469e-01
  -4.1527755e-02  -3.9232005e-01
  -8.5685709e-01  -1.1882013e+00
  -8.8462444e-01   4.7876966e-01
  -6.2264740e-01  -6.0947604e-02
   6.2446009e-01  -1.1786510e-01
  -1.8715360e-01  -3.3767276e-01
  -1.2889197e+00   7.3324652e-01
   1.0842901e+00  -6.3673677e-01
  -5.1923938e-01  -2.0800389e-01
   1.5541753e+00   6.5594324e-01
  -4.5978263e-01  -6.0063479e-01
  -1.2764073e+00   3.7592385e-01
   8.7578684e-01  -1.0807677e-02
   2.2056942e+00   2.6478475e+00
   6.2038142e-01   8.4585503e-01
   5.8630885e-02  -4.7663940e-01
   1.8894587e+00   1.3220819e+00
  -6.9630604e-01  -1.9890270e-01
