   1.5430674e+00  -4.9149350e-01
   1.0036625e-01   5.4591734e-01
  -3.2631303e-01  -2.8649790e-01
  -7.4517426e-01  -1.1982745e+00
  -1.1838353e+00  -1.5510080e+00
   1.4191697e+00   4.8189357e-01
  -5.1069270e-01   1.5329146e-01
   8.6116395e-01   3.3874662e-01
   1.2169290e+00   5.4429837e-01
  -1.0753174e+00   4.6632182e-01
   1.2261183e-01  -4.4370267e-01
   2.2820197e+00   1.3438433e+00
   1.7829948e+00   1.2812890e+00
  -1.1024362e+00  -1.0614469e+00
  -1.2100788e+00  -1.0302029e+00
  -5.0438830e-01  -9.7807919e-01
  -4.0072963e-01  -7.3333723e-01
   1.2568561e+00   1.6835041e+00
  -1.0864397e+00  -5.4804318e-01
  -1.9900533e+00  -2.8538570e-01
   1.7055087e+00   1.3687409e+00
  -5.6444807e-01  -1.7801700e-01
   9.3009582e-02  -1.9110545e-01
  -1.9387009e+00  -1.1605532e+00
  -1.5324593e+00  -2.3453639e+00
  -6.2275293e-01  -4.5290266e-01
  -1.8420127e+00  -9.9901569e-01
  -1.9303301e+00  -2.2289753e+00
  -1.3932374e+00  -6.9304585e-01
   5.8049907e-01   1.1560628e+00
   1.2415477e-01  -9.4890085e-01
   1.5047349e-01   8.9624484e-01
   6.0795791e-01   6.8421532e-02
  -1.4797032e+00  -7.9265307e-01
   1.6212846e+00   7.4598964e-01
  -4.8228181e-01   3.9614204e-01
  -1.2762589e-01  -1.4193106e-02
  -4.9145784e-01  -4.5827457e-01
  -1.5913995e+00  -1.8020001e+00
   1.7188236e+00   1.5128779e+00
   1.0709821e+00  -7.1765602e-01
  -5.7092400e-01   1.9958764e-01
   2.1251832e-01   2.1888404e-01
  -1.7880771e+00   2.2759046e-02
  -1.6595720e+00  -1.5996479e+00
  -7.7273105e-01  -5.7296138e-01
  -1.4067907e+00  -4.3377604e-01
   3.1599653e+00   1.6978536e+00
  -1.3491379e-01   5.7735460e-01
  -5.3645211e-01  -1.6299909e+00
   2.4394912e+00   1.0799502e+00
  -1.8528604e-01  -1.1023187e+00
  -1.0864538e+00  -1.1584200e+00
   3.4733354e+00   1.9648558e+00
   6.8310188e-01   6.5639072e-01
  -4.2945027e-01   7.6254716e-01
  -1.1547845e+00  -7.0350261e-01
   1.3738925e+00   1.0331593e+00
   1.7268330e+00   1.3308840e+00
   5.3690543e-01   1.0759974e+00
   2.5541724e-01  -1.0504263e+00
   1.1975983e-02   3.6452827e-01
  -2.0342731e+00  -2.0354195e+00
   2.6240812e+00   1.0043722e+00
  -2.2554372e-01  -7.9278272e-01
   1.3760090e+00   7.6100967e-01
   5.8704237e-01   1.6111242e+00
  -7.2812514e-02  -1.8881527e-01
   1.4354656e+00   1.1200814e+00
   1.3820716e+00   8.3257322e-01
  -2.8839685e-01   1.2689554e+00
  -1.8925182e-01   1.1422663e-01
   1.3799022e+00   3.0792532e-01
   4.6434963e-01   2.7643458e-01
   5.4957612e-01   8.6690508e-01
   9.3960655e-01   3.1869808e-01
  -2.1766996e+00   5.7247126e-01
   1.6498323e+00   1.1878054e+00
  -9.1244356e-02  -7.0628685e-01
  -9.8340261e-01  -3.5016409e-01
  -1.7261855e+00  -1.1280192e+00
  -2.1569198e-01  -2.5256216e-02
  -5.5364046e-01   2.4922501e-01
   6.4608325e-01   6.4939704e-01
  -1.1578150e+00  -6.4511133e-01
   2.7984851e+00   2.1195448e+00
  -6.9541721e-04  -1.1490708e-01
   9.9470881e-01   3.0731516e-01
  -1.7315843e+00  -3.2842029e-01
  -6.9160277e-01   8.8048508e-01
   2.7955220e-01   4.0479375e-01
   7.9637230e-01  -1.2203846e-01
   4.5793998e-01   3.6168089e-01
  -1.7605426e+00  -1.9449229e+00
   2.2718352e+00   1.4358305e+00
  -2.2005359e-01  -5.0538448e-01
  -1.6670166e+00   1.6794006e-01
   1.0070597e+00   1.3114376e+00
   1.3660482e+00   9.3849038e-01
   9.1712330e-01   1.0077301e+00
   2.7216664e+00   1.0591374e+00
  -4.7480758e-02  -2.1911952e-01
  -8.7016301e-01   5.0686680e-01
  -9.5358348e-01   8.2264225e-01
  -2.6623221e-01  -6.0303232e-01
   7.4040690e-02   7.0465991e-02
  -2.4256050e+00  -1.0161846e+00
   1.3334652e-01   6.4104877e-02
   2.6910349e+00   1.1822746e+00
   1.8188003e+00   2.6497984e-01
  -1.7557644e+00  -1.7430406e+00
   1.7548697e+00   6.7815119e-01
   7.0179488e-01  -3.9109288e-01
  -2.3312510e+00  -1.1014908e+00
   1.0702364e-03   8.3187373e-02
  -2.8169555e+00  -2.7119582e+00
  -3.2515890e-01  -6.5011981e-01
  -1.0181469e+00   1.0431324e-01
   1.1249493e+00   1.5329520e+00
   9.6386192e-01   4.7503802e-01
   1.0373535e+00   8.1911896e-01
   7.7453844e-01  -2.1245151e-01
  -7.7143943e-01   1.8092027e-01
   3.3462360e-01   7.7334749e-01
  -2.7440614e+00  -1.1454368e+00
  -2.2900190e+00  -1.8919220e+00
   9.6448241e-01  -3.3362012e-01
   1.0121822e+00   1.8704823e-01
  -1.7953393e+00  -8.3817378e-01
  -1.0122014e+00   2.9084962e-01
   4.1411725e-02   5.5408017e-01
  -5.8046601e-01  -5.3069712e-01
   5.1685913e-02   3.9499892e-01
   6.9181399e-01   9.3716580e-02
  -9.7631140e-01  -3.8860988e-01
   7.3032611e-01  -3.2035992e-02
  -1.2044187e+00   2.3126522e-01
  -4.3564278e-01   2.8399549e-01
  -1.7158292e+00  -1.1860345e+00
  -1.2105864e+00   9.7000610e-01
  -8.9359887e-01   5.3470874e-01
   6.2721497e-01   7.7699597e-01
   6.4346175e-01   1.0681312e+00
   6.6541018e-01   4.8480233e-01
   4.3218756e-02  -4.7222139e-01
   7.9401473e-01   1.4263923e+00
  -2.0090431e+00  -1.0358393e+00
  -3.1448387e-02  -4.2282032e-01
   9.5488498e-01   2.3699112e+00
   3.2889177e-01   1.6566864e-01
  -2.1854556e+00  -1.9285360e+00
  -1.9860732e-01   7.6694999e-01
   7.8828843e-01   9.1421618e-01
   1.7337464e+00   1.2554471e+00
   2.2629130e-01   5.2285223e-01
  -1.9868620e+00  -1.4603127e+00
  -1.8402268e+00  -2.2618773e+00
   4.5671525e-01   8.0219116e-01
   4.6300174e-01   6.5844130e-02
  -3.8211234e-01   1.6603703e-01
  -5.7617621e-01  -5.4336179e-01
  -3.4792748e-01  -6.6492508e-01
   2.8484022e-01  -4.1976101e-01
  -2.0683646e-01   4.2727885e-03
  -1.2230401e+00  -1.2755197e+00
  -2.7128459e-01  -4.6069789e-01
  -6.5999435e-01  -2.3308071e-01
   1.6588070e-01   9.2771108e-01
   7.1411385e-01  -1.9178831e-01
   1.2514294e+00  -2.2612862e-01
   1.1998380e+00   1.5050943e+00
   4.3943396e-01  -2.9330693e-02
   4.3560092e-02  -6.1115465e-01
  -1.3649405e+00  -5.9484332e-01
  -5.2673935e-01   1.2030598e+00
   1.7349145e-01   5.5073919e-01
   1.6169813e-01   1.2178288e+00
   9.6936339e-01   4.6779552e-01
  -1.3456486e+00  -6.5832665e-01
   1.4990048e-01  -5.6632615e-01
  -7.7721892e-02   1.2990616e-01
   2.9410192e-01  -1.3134899e-02
   5.3274268e-01   1.3560495e+00
  -2.3980308e+00  -2.3026106e+00
  -2.0784256e-01   2.5941307e-01
  -2.0577381e+00  -1.6951249e+00
   1.2898012e+00  -2.6403130e-01
  -1.7411234e+00  -2.4351567e+00
  -2.9262389e-01  -3.2357772e-01
   1.5214446e+00  -7.0326253e-01
  -1.3224680e+00  -1.3836493e+00
   9.2348470e-02  -3.2416781e-02
   2.0593548e+00   1.0180834e+00
  -1.3090044e+00  -1.3512677e+00
   1.2185303e+00   3.1162284e-01
   1.0849908e+00   1.4163454e+00
   9.8644980e-01   3.4257870e-01
   8.4887446e-02   1.6130647e-01
  -4.4914834e-01  -3.2359161e-02
   1.5412776e+00   1.2743502e+00
   1.1349813e+00   8.0515452e-01
  -5.9890382e-02   2.4069882e-01
  -4.2751325e+00  -2.9419336e+00
   1.0546379e+00   1.7701964e+00
   1.2214125e+00   1.8257937e+00
  -6.9049612e-01   9.0305295e-02
  -1.3373980e+00  -1.6556122e+00
  -1.5950133e+00  -9.6144001e-01
   2.7259188e-01   2.1593512e+00
  -5.6619639e-01   6.1586844e-01
  -2.1264370e+00  -1.6850015e+00
   1.1295089e+00   6.6885522e-01
  -1.0384313e+00  -9.8246562e-01
  -1.4274493e+00  -1.0528234e+00
  -1.9549526e-01  -1.1819893e+00
  -2.3764621e-01  -8.3490302e-01
   8.4403277e-01   1.6300895e-01
  -4.7948647e-01  -4.9348668e-01
   7.2031651e-01   7.2154836e-01
   6.3922021e-01   7.3189401e-01
  -1.6242792e+00  -1.0497336e+00
   8.1616249e-01   5.9852776e-01
   9.8969650e-01  -5.2477921e-01
   2.1316644e+00   2.3004878e-01
  -7.9964824e-01  -5.2595801e-01
  -1.4845084e+00  -2.0114481e+00
   7.3396171e-01   3.5892838e-01
  -1.2943376e+00  -1.7684546e+00
  -9.0976345e-01  -2.9032603e-01
  -1.1366276e+00  -1.6125177e+00
   2.3791679e-01   2.2975080e+00
   8.3289335e-01   6.4596233e-01
  -2.4176636e-01  -5.9887269e-02
   1.0830010e+00   4.7264690e-01
   5.2397328e-01  -7.9559669e-02
   4.3229171e-01  -7.9459912e-01
  -9.0805717e-02   4.5266066e-01
   2.9062472e+00   1.1131954e+00
  -5.7063958e-02   2.6824163e-01
  -1.2119068e+00  -1.3570007e+00
  -1.1031138e+00  -1.1680432e+00
   1.3514021e+00   1.5451418e-01
  -1.0914733e+00   8.9958158e-02
   1.0048470e+00   6.0675016e-01
   2.8371972e+00   6.9682463e-01
   7.3413734e-01   7.6780558e-01
   1.2612710e+00   1.3650102e+00
  -5.4831654e-01  -4.8182676e-01
  -1.7843584e+00  -1.4444534e+00
  -1.8830864e+00  -1.0361563e-01
  -1.0054253e+00  -1.0612458e+00
   4.8585566e-01   7.4839420e-01
   2.0968026e+00  -3.6269389e-01
  -6.6515508e-01  -1.1740816e-01
  -4.1890871e-02  -6.0937213e-01
   1.6267193e+00   5.6850903e-01
  -1.8658819e+00  -6.0941550e-01
  -1.6555602e+00  -1.2805535e+00
  -1.8970615e+00  -1.5951921e+00
  -2.0288647e+00  -6.8115107e-01
   3.4001248e-01  -1.2618831e+00
   3.5455031e-01   3.5457040e-01
  -1.3691015e+00  -1.4304323e+00
  -3.5572432e-01  -6.8212682e-01
   1.8704856e-01  -1.3610477e+00
   3.2994507e-01  -7.6594738e-01
   5.7414824e-01   5.2871421e-01
   4.9563393e-01   2.2495654e-01
  -9.2443489e-01  -3.9709099e-01
   2.1971486e-01  -4.8894583e-02
   2.7236635e+00   1.6592360e+00
   1.2055650e+00  -3.2172484e-01
  -1.9987328e+00  -1.0976296e+00
   1.7348914e+00   1.4066903e+00
   3.5574180e-01   2.3765802e+00
  -5.5044812e-01  -7.8865201e-02
  -2.3303710e+00  -1.1850069e+00
  -1.1617554e+00  -8.6596772e-01
   2.0712778e+00   9.3190162e-01
   4.6347665e-01   4.2274068e-01
   1.5046317e+00   4.0632452e-01
   1.0580236e+00   1.2983543e+00
  -1.2793537e+00  -2.0473755e-01
  -2.6972580e-01  -1.3749546e-01
  -4.8336446e-01  -1.0638775e+00
   7.2960822e-01   6.1147721e-01
  -1.6294870e+00  -1.6379597e+00
  -1.6790570e+00  -1.5601488e+00
   1.7310393e-01   1.0341890e+00
  -6.7858003e-01  -9.1424044e-01
   5.9573217e-02  -2.0447978e-01
  -1.4091752e+00  -1.4743233e+00
  -1.6868875e+00  -5.8819698e-01
   1.1983814e+00   3.2513597e-01
   4.4185343e-01   4.7335737e-01
  -6.2114761e-01  -7.2468964e-01
   1.2546961e+00   8.2190375e-01
  -6.5819925e-01   2.1310058e-01
  -8.5353682e-01  -7.0349984e-01
   1.3226988e+00   3.1020357e+00
   2.1592360e-01  -8.8259450e-02
  -4.5932286e-02   8.4111731e-01
  -1.5160228e-02  -9.0379022e-01
   5.4195915e-01   1.0187916e+00
  -2.0418676e-01  -9.2750447e-01
   2.1202947e+00   8.9632810e-01
  -2.4275759e-01  -3.5404847e-01
   1.0532983e+00   8.2425069e-01
  -5.1796545e-01  -3.8998772e-01
  -9.5160545e-01  -1.2279828e+00
  -9.6367688e-01  -1.8560705e+00
   1.5763537e+00   5.7531459e-01
  -2.0884306e-01  -9.9297306e-01
   1.0718171e+00   8.5294213e-01
  -4.8620954e-02   4.3687890e-01
  -1.0617809e+00   2.1168609e-01
   5.2658014e-01  -1.8806701e-01
  -1.3137557e+00  -1.3892397e+00
  -8.1263463e-01  -1.3498135e+00
  -1.7913024e-01   7.2612957e-01
   2.7029702e+00   1.3567767e+00
  -1.7219346e-01   1.6999574e-01
  -1.9209641e+00  -1.3055916e+00
  -1.3269724e-01  -4.5120780e-01
   2.2401837e+00   1.5044162e-01
  -1.2104326e-02   2.3288036e+00
   8.8482634e-01   1.2574961e+00
  -1.4803274e-02  -3.2619603e-01
  -2.6451514e-01   1.5267074e-01
  -2.2644034e+00  -8.8801325e-01
   1.1245842e+00   7.4837859e-01
  -3.7599392e-01  -6.0570273e-01
   8.5871614e-02  -1.1759175e-01
   1.3208355e+00   9.7608913e-01
   2.7711287e-01   4.5543679e-01
   2.0682026e+00   1.3870317e+00
  -7.1441249e-01  -9.9332740e-02
  -2.5202192e-01  -3.4794644e-01
   2.7358751e+00   6.7240073e-01
   6.6514088e-01   4.3630462e-01
   8.6771706e-01  -5.2847382e-01
   2.1835752e+00   8.7126169e-01
   4.9760939e-01  -2.8981583e-02
  -2.8689931e-01   1.0500538e-01
  -5.3695264e-01  -5.0538224e-02
  -6.1638017e-01  -7.2097312e-01
  -1.4787354e+00  -8.6356009e-01
   4.5364830e-02   1.1193326e-01
  -5.2042197e-01   1.7089912e+00
  -1.1065658e+00  -1.0333715e+00
  -7.2723760e-01  -8.2414534e-02
  -6.9846995e-01  -5.6891277e-02
   3.0771766e-01   2.4178114e+00
   1.9947814e-01   3.3370930e-01
  -4.7180144e-01  -6.6758840e-01
  -2.7331693e-01   9.8882749e-02
  -2.9230582e+00  -2.1598992e+00
   1.4199606e+00   1.7049837e+00
  -1.8513281e+00  -1.4920735e+00
  -2.4439688e-01   1.1318041e-01
  -9.2169844e-01  -6.4901916e-01
   8.1028034e-01  -4.6157039e-01
  -1.7338207e-01   3.7706841e-01
  -1.7717464e+00  -1.2146038e+00
   5.6725237e-01   7.1376506e-01
  -1.0046368e+00  -1.0471086e+00
  -9.8724216e-01  -1.0080180e+00
   6.5855283e-02  -7.0275399e-01
   1.0854981e+00   1.7167207e+00
  -1.3891680e+00  -1.8502854e+00
  -8.5649967e-01  -1.0997970e+00
   3.3827085e-01  -6.7628446e-01
  -6.7502148e-01  -7.9577368e-01
   1.0043025e+00   6.3704700e-01
   1.1412468e+00   2.4923039e-01
  -1.7173736e+00   7.9121030e-01
  -2.2863607e+00  -1.4829801e+00
  -5.3463252e-01  -7.8534728e-01
  -2.6090991e-01  -1.2095429e+00
  -6.7356150e-01  -6.1578337e-01
   6.9828857e-01   5.5254662e-01
   9.6801349e-02   3.0995241e-01
  -2.2960243e-01   8.3469231e-01
  -2.3357825e+00  -1.1715171e+00
  -1.9448734e-01  -1.4739023e-01
   8.7823004e-01  -5.2715293e-01
  -3.6211539e-01  -2.5277570e-01
  -1.7791946e+00  -7.0633560e-01
   3.5978194e+00   1.8721719e+00
  -2.8790365e+00  -1.4241710e+00
   4.5678487e+00   3.5583865e+00
  -1.5032923e+00  -1.1826000e+00
  -9.5419371e-01   6.2067801e-01
   7.8347115e-01   2.8230770e+00
   1.3198721e+00   1.4163141e+00
  -5.3389239e-01  -6.3599139e-01
   9.5902280e-01   5.9979026e-01
   1.6868941e+00   7.3914977e-01
  -1.3162184e+00  -1.8845225e+00
  -5.3841619e-01  -4.6413387e-01
  -4.3150169e-02  -6.7977159e-01
   1.5354986e-01  -5.1362495e-02
   8.9293786e-01   1.5678588e-01
  -2.6614892e+00  -1.4587208e+00
   1.2275425e+00   4.7511147e-02
  -1.4079045e+00  -1.3011783e+00
   1.5847699e+00   5.2470349e-01
  -3.9049673e-01   3.0458759e-01
   1.0021154e+00   9.2725119e-01
  -6.9874816e-01  -2.2407938e-01
   4.7546602e-01   9.4836794e-01
  -1.4800949e+00  -9.8343274e-01
  -4.3021458e-02  -2.3916237e-01
   6.7873913e-01  -2.8487812e-01
   2.4331017e+00   1.8975175e+00
  -2.3074938e-01  -6.5351050e-01
  -8.3817103e-01  -1.3664542e+00
  -1.7185047e+00  -1.6446570e+00
   9.1536519e-01   1.9587897e+00
  -1.3535651e-01  -2.3728640e-01
  -1.6600700e+00  -1.0676515e+00
   1.2270273e+00  -1.1168955e+00
   1.4626147e-01   4.6835932e-01
   1.0794314e+00   4.4540744e-01
  -2.2747738e-01  -2.6693225e-01
  -8.0191624e-01   1.0577681e-01
   5.8343755e-01   3.3807040e-02
  -2.4938963e+00  -1.4857574e+00
  -3.2205045e+00  -9.2850913e-01
   5.7289494e-01   5.8583621e-01
   1.8680971e+00   1.2552303e+00
  -2.1323704e+00  -1.9593305e+00
   6.9559073e-01   1.6571612e-01
  -1.0579009e-01   2.8771849e-01
  -4.3396720e-01   4.8478023e-01
  -1.1703027e+00  -3.3933691e-01
   6.0800086e-01  -3.1264616e-01
   3.7592228e+00   1.5447011e+00
   8.3775510e-01   6.5535898e-01
  -6.5834536e-01  -4.5592287e-01
   2.4066825e+00   1.5544405e+00
  -5.4939683e-01  -2.1247629e-01
   3.5527174e-01  -4.5256290e-01
  -2.4168334e-01   5.0155516e-01
   9.6871389e-01   6.1551748e-01
  -1.2677957e-01   6.1098400e-02
   1.9054995e-01   1.3040685e-01
   1.1915054e+00   1.6029750e+00
   8.8591357e-02  -2.9403118e-01
  -1.9347417e+00   7.7271356e-02
   1.9682652e+00   9.8565085e-01
  -1.0752392e+00  -1.6539313e+00
  -2.2098683e-02   3.3723434e-01
  -1.1347681e+00  -1.2546796e+00
   1.3340705e-01  -9.1769075e-01
   2.1536980e+00   2.0022319e-01
  -3.1489110e+00  -1.8889136e+00
   2.0453704e+00   1.2698976e+00
   7.2665865e-01  -2.1639643e-01
   6.1445007e-01   6.4255886e-01
   7.6891773e-01   6.0577766e-01
   5.2203492e-01  -4.4661258e-01
  -2.8897878e-01   4.2844795e-01
  -1.9815771e+00  -1.2943124e+00
  -2.5399338e-01  -4.3719707e-01
  -7.6433095e-01  -2.0257539e-01
   6.0923911e-01   2.6787503e-02
   1.5920675e+00   5.1902654e-01
  -8.0764729e-01   1.6333114e-01
   2.6312407e+00   1.1560034e+00
   1.5473723e-01  -1.6341155e-01
  -5.0366830e-01  -1.1271710e+00
  -8.8484820e-01  -4.2514735e-01
   3.6635686e-01   1.8857642e-02
  -2.5385762e-01   2.6190715e-01
  -1.5285967e+00  -1.5454868e+00
   1.2524784e+00   8.9273810e-01
   1.4329042e-01  -6.2054464e-01
   1.4941684e+00   2.8399673e+00
   1.4398459e-01   6.0735662e-01
   7.9378996e-01   3.1221036e-01
   1.4267665e+00   4.6761885e-01
  -2.9359662e-01   1.0638936e+00
   9.2780351e-01   1.2452272e-02
   6.5229654e-01   1.2026627e+00
   1.3715460e+00   6.8780445e-01
   1.1933093e+00   2.7683966e-01
   1.8788217e+00   2.7228468e+00
  -2.2131269e+00  -1.6477796e+00
  -1.0240494e+00  -4.9053275e-02
   7.4583779e-01   7.4263540e-01
  -4.2461033e-01  -4.7695859e-02
  -5.8519533e-01  -1.9342751e+00
   1.4571338e+00   1.9135203e+00
   1.7480243e+00   1.1079198e+00
   5.8134506e-01   4.7007026e-01
   1.0743014e+00  -5.1554192e-02
   5.3232596e-01   4.4899363e-01
  -6.4663754e-01  -5.7985388e-01
  -1.2672771e+00  -3.2320931e-01
   4.5846038e-01   1.0891491e-01
   1.8167720e-01   3.2690494e-02
   3.5094364e-01  -6.8597063e-01
  -1.4374686e+00  -1.2944359e+00
  -1.8921386e+00  -1.8509708e+00
   2.3414044e-01  -5.0847304e-01
  -1.2935556e+00  -2.0648760e-01
   1.1441910e+00  -4.8773103e-01
   2.1654687e+00   2.7717909e+00
  -3.5445920e-01  -2.0504448e-01
  -5.5601945e-01   4.5025972e-01
   5.2117997e-01   1.8527034e-01
   7.9073548e-01   3.7023015e-01
  -1.7342216e-01   1.4487020e+00
   7.0512899e-01   7.6477166e-01
  -9.0737362e-01   1.1018501e-01
  -5.4316385e-01   7.3128293e-01
  -2.4330036e+00  -1.6655798e+00
  -2.3491315e-01  -6.0805753e-01
   2.6774696e+00   1.0344487e+00
  -1.2941697e-01   6.8820358e-01
   1.3783256e+00   1.7614106e+00
   1.9194961e+00   1.2020920e+00
  -8.5734758e-01  -9.5965576e-01
   2.8884227e-01   1.9346213e-01
   5.0299075e-01   5.9781250e-01
   2.0504438e+00   1.1841416e+00
   7.0165234e-02  -3.1901863e-02
   1.3345184e+00   1.0034286e+00
   1.0242207e+00   3.8032389e-01
  -2.4280198e-01  -5.8291732e-01
   4.8173262e-01  -7.0851217e-02
  -1.2466287e+00  -1.1881654e+00
   1.0714659e+00  -3.0287078e-01
  -7.2419143e-01  -3.4542823e-01
   1.3453952e-01  -2.1560488e+00
   1.4948183e-01  -7.6598958e-01
   4.1994187e-02   9.0860828e-02
   6.9390507e-01   4.5066498e-01
  -6.6291858e-01  -4.2456432e-01
  -4.9601141e-01   1.8903527e-01
   2.3494786e-01   3.8978320e-01
  -1.5403307e+00  -1.0850401e-02
   5.2283049e-01   1.1348149e+00
  -3.0412025e-01  -2.6092965e-02
  -4.8028662e-01   3.5677215e-01
  -1.2685686e+00  -1.1173375e+00
   6.7095211e-01   7.3354990e-02
  -7.1841052e-01  -1.2590712e-01
  -9.8253085e-01  -1.3374404e+00
   1.7303385e+00   1.5604923e+00
   7.9814173e-01   6.2574742e-01
   1.0759343e+00   1.1962076e+00
   1.2965247e+00  -3.8762802e-01
  -9.8356671e-01   6.5431647e-02
   9.3734194e-01  -1.1938401e-02
  -7.8761261e-01  -1.4019831e+00
   9.0190820e-01   1.4339325e+00
   3.0785074e-01   2.2201144e-01
  -1.9078744e-01  -8.1674739e-01
  -1.0251038e+00  -1.0659597e+00
   1.6512680e+00   1.6736282e+00
   1.4003215e+00   2.6383340e+00
   3.3267412e-01   6.4640194e-01
   9.1416311e-01   2.0410095e-01
  -8.4796027e-02   3.6940010e-01
  -1.3363526e+00  -1.5447574e+00
   1.5556060e+00   6.6114500e-01
   1.9330097e+00   9.5903755e-01
   4.0574115e-01  -9.1193412e-01
  -4.7113966e-02  -3.0919182e-01
   2.9784043e-01   4.2895491e-01
  -1.5444427e+00  -3.6215063e-02
   1.2516566e+00   5.0947097e-01
   3.4115177e-01  -1.1044384e+00
  -8.7002492e-02  -1.0227872e-03
  -8.9809838e-01  -1.9929600e+00
   2.1765038e+00   1.8921038e+00
   2.0624457e+00   1.6718945e+00
   6.6297239e-01   4.6434351e-01
  -8.6060558e-01   2.0911704e-01
  -6.7727852e-01  -7.5379708e-01
  -4.1884834e-01   4.0497743e-01
   3.9712929e-01   5.4493841e-01
   8.2495814e-01  -2.6597783e-01
  -2.4063591e+00  -2.0428199e+00
   6.1463119e-01   2.6775724e-01
  -6.8265575e-02  -4.5971766e-01
   2.2403603e+00   1.0079872e+00
   7.8506411e-01   7.7454245e-01
  -5.2492629e-01   5.2233467e-02
  -2.0938366e-02   8.7475764e-03
  -1.4487137e+00  -1.5396565e+00
   2.4290200e-01   1.8220253e-01
  -3.2317938e-01   2.1655159e+00
  -1.9228547e-01   6.3418266e-01
  -1.7629870e-01   3.0680841e-01
  -5.2170843e-01   1.0336492e-01
   7.6092803e-01   1.7645864e+00
  -1.3760269e+00  -7.8890065e-01
  -1.7028179e+00  -9.1336982e-01
  -1.0987686e+00  -1.1372153e+00
   8.2158726e-02  -7.9679961e-02
   3.5635723e-02   7.1808039e-02
  -6.9907273e-01   6.3939813e-02
   1.3410917e+00  -3.9322460e-01
  -4.0771027e+00  -3.4661503e+00
  -3.7592798e-01  -4.8551950e-01
  -8.2798070e-01   1.9244242e-01
  -2.0002329e+00  -1.4784797e+00
   1.8631948e-01   1.3066174e+00
  -2.1405142e-01  -6.4520909e-01
   5.9291740e-02   3.8137061e-01
   3.0725139e-01  -2.8615857e-01
  -2.0395390e-01   6.4802098e-02
   1.6067309e+00   1.4524453e+00
  -1.0305971e+00  -7.9576131e-01
  -2.7617357e-01  -1.3924933e-01
  -9.7492050e-01  -1.2607846e+00
  -1.8504974e-01   9.0645455e-01
   1.2643171e+00   2.3495164e-01
   8.0962786e-01  -7.4871636e-02
  -2.4841328e+00  -6.8733826e-01
   1.0278886e+00   9.2365813e-01
   7.3897264e-01   1.5844881e+00
   2.1218064e-01  -2.5737821e-01
  -7.7425522e-01  -6.4203984e-01
   2.0940249e-01   5.8665329e-01
  -2.3127521e+00  -2.7281452e+00
   2.6557288e-01  -2.4557612e-01
   8.5551599e-01   4.0606238e-01
  -3.0563161e+00  -1.1573449e+00
  -1.6470988e+00  -5.5056586e-01
   6.3880352e-01   4.3351647e-01
   6.2195449e-01   2.0330014e-01
  -1.3180940e+00  -2.3789173e-01
  -2.4312662e+00  -2.1354767e+00
   1.6542810e+00   1.8406187e+00
   1.3599034e+00   8.7196551e-01
   9.5496568e-01  -6.9618005e-01
   8.7559022e-01   3.5929832e-01
   2.1615763e+00   1.2097777e+00
  -4.8061259e-01   1.3528777e+00
   1.5204220e+00   8.6089915e-01
  -1.4925359e+00   4.4998384e-02
   3.8955108e-01  -2.7893723e-01
   6.2086149e-01  -1.0020446e+00
   1.3806850e-01   5.1872982e-02
   1.0574051e+00   3.0095636e+00
  -2.8060425e-01   7.4446554e-01
   9.3680951e-01   5.4695876e-01
   2.4171965e+00   1.5116737e+00
   1.4063159e-01   3.2572850e-01
   3.0662185e-01   5.0272603e-01
  -1.6655311e-01  -3.4560864e-01
   3.8988016e-01   6.5823825e-02
  -1.8417850e+00  -1.2978847e+00
   7.0756804e-01   1.2041237e-01
  -2.8323581e-01  -1.5530474e+00
   1.5547441e+00   1.3485568e+00
  -1.2350228e+00  -7.2763014e-01
   3.3387344e-01   7.2596426e-01
  -5.9808063e-02  -3.8150061e-01
   8.9089164e-01   5.9878043e-01
   1.1201508e+00   5.2609967e-01
   7.8729167e-02  -8.2125152e-02
  -2.7799433e+00  -2.9546095e+00
   9.1845301e-01   2.1576352e+00
   1.0727854e+00   5.5370908e-01
  -3.6676734e-01  -1.5430370e-01
   3.9727180e-01   7.3766852e-01
   1.3055426e+00   1.0690596e+00
   1.2580750e+00   8.9924207e-01
   2.7926288e+00   8.2670162e-01
   1.6187270e+00  -1.4584325e-01
   6.4133556e-01   4.1130902e-01
   1.3932256e+00   1.3328464e+00
  -7.8169519e-01  -9.2290965e-01
   2.8510670e-01   5.8179183e-02
   1.2217921e+00   5.7407018e-01
  -1.5902700e+00  -8.9095721e-01
  -2.3371822e+00  -1.5048773e+00
   4.6775822e-01   6.3081036e-01
  -4.8981191e-01  -2.0043047e-01
  -1.0610443e+00  -1.0278734e-01
  -2.1141118e+00  -2.7081935e+00
  -1.5037137e+00  -1.6660343e+00
   1.4634638e+00   3.3525447e-02
   2.8556838e+00   1.0696661e+00
   1.9578009e+00   8.0394422e-01
   2.7058702e+00   1.2386225e+00
   3.0417343e-01  -4.7433049e-01
  -1.6648181e+00  -5.8693654e-01
  -9.2813762e-01   4.5191534e-01
  -3.0885340e-01  -4.0390714e-01
  -4.9272444e-01   8.4212867e-01
   1.0829266e-01   5.6901470e-01
   3.1067131e-01   4.9858233e-01
  -1.6683306e-01   9.5877778e-01
  -3.2325644e-01  -9.0739006e-01
  -1.4238786e+00  -8.6731887e-01
   4.5922857e-02   1.1810160e+00
   4.3315083e-02   2.8864665e-01
  -1.9199814e+00  -1.6097480e+00
   5.4635586e-01   7.0243564e-02
   1.0442870e+00   1.1355473e+00
   6.5187981e-01   3.6689179e-01
  -8.8260789e-01  -1.7042813e-01
  -3.7827784e-01   7.7981955e-01
   7.3263088e-01   1.5515129e+00
   2.5660785e+00   1.3664173e+00
  -1.7128249e+00  -4.8396569e-01
   1.9317208e-01   2.8624963e-01
   1.1544587e+00   3.0776646e-01
   5.8072442e-01   1.4380405e-01
   4.2276242e-01  -3.5496146e-01
   2.4633028e-01  -1.3568015e+00
   1.3139892e+00   3.4546011e-01
   6.0719013e-02  -2.2636040e+00
  -1.0037462e+00  -5.2031190e-01
  -2.7163113e-01  -1.1126455e+00
   1.2726446e+00   7.8043655e-01
  -2.9293339e-01  -3.5666843e-01
  -2.4165516e+00  -5.3922478e-01
   4.0018918e-01  -1.5770459e-01
  -1.1306585e+00  -1.6469134e-01
  -9.4686396e-01  -3.7254035e-01
  -6.8354353e-01   4.4480579e-01
   3.1985759e+00   7.9928872e-01
   1.0789251e-02   7.4207692e-01
   6.9402796e-01   3.6684348e-01
  -1.2323495e+00  -9.1019117e-01
   6.0350595e-01   3.5600885e-01
   1.8125188e+00  -1.2496579e-01
  -1.4185966e+00   4.2545065e-02
  -7.2106470e-01  -1.0692362e+00
   8.4145574e-01   1.0388864e-01
  -1.1217095e+00  -7.9202509e-01
  -6.8817880e-01  -1.1765765e+00
   1.3035510e-01   8.2774251e-01
  -9.4005167e-02  -3.0688056e-01
   7.5174301e-01   1.3260572e+00
  -1.7796865e-01  -9.9917551e-01
   3.7285958e+00   1.7627466e+00
  -2.1775206e+00  -2.3183451e+00
  -1.6100847e-01   3.0489691e-01
  -5.9317890e-01  -3.8817936e-02
   1.0998162e+00   8.4242144e-01
   8.7651496e-03  -8.3921283e-01
  -2.3454402e+00  -2.1042117e+00
  -1.8802861e+00  -1.6712963e+00
   5.5864812e-01   3.2302737e-01
   6.8657966e-02   9.5557081e-02
   1.1405016e-01   4.2473373e-01
  -8.3101661e-01  -1.3594879e+00
  -6.6892960e-01  -6.4548456e-01
  -3.3454741e-01   1.8904228e-01
   1.1425150e+00  -4.5124972e-01
   1.0609567e+00   4.5439740e-01
   1.3590872e+00   3.1677823e-01
   7.1662387e-01   5.9109116e-02
   2.4810226e-01  -4.8010595e-01
   1.0506391e+00   6.8464184e-01
   9.2234247e-01   2.7039791e-01
  -8.9652462e-01  -1.6356158e-01
   1.3384620e+00  -2.0603402e-02
   1.0774901e+00   1.0679211e+00
  -2.2630083e+00  -8.0323638e-01
  -1.3446067e-01   4.1538700e-01
   9.0386367e-01   5.4056139e-02
  -2.3711127e-01  -8.2090402e-01
  -4.1154453e-01   5.4946903e-03
   1.1560622e+00   8.3044142e-01
   4.2282744e-01   6.4815668e-01
  -1.0450158e+00  -2.6035305e-01
   1.8755840e-01  -4.1605150e-01
  -1.1865837e+00  -1.5420563e-01
  -1.3074705e+00  -1.0099654e+00
   4.4598839e-01  -2.0524869e-01
  -5.6371800e-01   4.7728696e-01
  -1.7109317e+00   2.5985299e-01
  -6.8545286e-01  -5.8248360e-01
   2.1309401e+00   9.8489907e-01
   1.1795026e+00  -4.1184954e-01
   1.8682390e-01  -1.3165647e-01
  -1.6587388e-01   3.8624417e-01
  -1.0391779e+00  -1.3204670e+00
   2.9231684e-01  -4.8156088e-01
  -4.6799404e-01  -2.2738864e-02
  -2.5055344e+00  -1.3379087e+00
   3.0202291e-01   8.0262587e-01
   1.4086573e+00   2.8826466e-01
   1.0160950e+00  -4.7673925e-01
   8.4961638e-01   3.6787705e-01
  -7.2366519e-01  -1.1659401e-01
   3.0275977e+00   1.3747636e+00
  -1.1428899e-01  -5.7976824e-01
   1.9077595e-01  -3.7060928e-02
  -2.0642673e+00  -1.5138283e+00
  -1.2204664e+00  -4.2737434e-01
   2.6362119e-01  -9.4989100e-01
  -3.5894537e-01   4.5921598e-01
   1.2947983e+00   2.9266076e-01
  -3.6088993e-01   1.8973854e-02
  -1.6670867e+00  -1.8087793e+00
   2.4896726e-01   3.2865915e-01
   1.3098031e+00   6.5408439e-01
   6.3375277e-01  -3.2064775e-01
  -7.1414188e-01  -1.2103056e+00
   1.5284492e+00   9.7454054e-01
   8.4448543e-01  -5.4126032e-01
  -1.2952382e-01   5.0555881e-02
  -1.7282646e+00  -8.7280499e-01
  -7.3209918e-01  -6.6533988e-02
  -1.3855607e+00  -1.7695928e-01
   3.5878439e-01  -4.7219025e-01
   9.2108571e-01   1.3643442e+00
  -7.9203431e-01   1.7403733e+00
  -1.8168780e+00  -2.2028099e+00
   2.9981756e-01  -6.4657117e-03
   4.2513504e-01  -5.3936779e-01
   1.7072117e+00   2.7612728e+00
   9.4541252e-01   1.1240514e+00
   9.9376257e-01   8.4617876e-01
   3.8152486e-01  -6.7282857e-01
   6.3149291e-01   7.8909644e-01
   9.6826858e-01   1.1059848e+00
   6.9566370e-01   9.5811328e-01
   1.3805649e+00   4.0340435e-01
  -2.2586554e+00  -1.5251564e+00
  -1.9014075e+00  -1.4705865e+00
   8.4642724e-01   8.8828836e-01
   2.8059002e-01   4.9515069e-02
   1.0094054e+00   1.1176214e+00
   2.6282841e+00   2.7621018e+00
   9.9047698e-01   8.6400405e-01
  -1.8655866e+00  -1.2929572e+00
  -6.8879625e-01  -3.7602975e-01
   1.5086432e+00   8.6672856e-01
   1.5690536e+00   8.5791887e-01
  -1.3593608e+00  -3.9153213e-01
  -3.3740334e-01   7.3295705e-01
   1.0972094e+00   1.1565499e+00
  -1.1541685e-01   8.7364713e-01
   5.3180649e-01   2.2677093e-01
  -8.4996298e-01   1.2725647e+00
  -3.1474092e-01  -5.5461720e-01
  -1.1745626e+00  -2.8452616e-01
   2.4618486e+00   1.3805623e+00
   8.5996290e-01  -3.8867863e-01
  -2.1888324e+00  -1.2700880e+00
  -1.5020018e-01   2.2434985e+00
   1.0569781e+00   1.0043923e+00
  -7.1802942e-01   5.5406869e-01
   6.9508162e-01  -9.6333729e-01
  -1.7071521e+00  -2.2969368e+00
   7.1630435e-01   9.9472054e-02
  -2.4402323e-01   4.0382922e-01
  -1.5364411e+00  -1.7548364e-01
  -1.2017391e+00  -3.8860219e-01
   7.9065885e-01   9.8061832e-02
  -1.5841659e+00  -1.2298957e+00
  -1.3687480e+00  -9.8605384e-01
  -7.0940015e-01  -4.7908743e-02
  -8.5732254e-01  -6.9554402e-02
  -8.4417853e-01  -1.0896248e+00
  -1.9105891e+00  -2.2201763e+00
   1.7138921e+00   1.1960857e+00
  -5.2800982e-01  -2.1308665e-01
  -2.1203585e-01  -9.9392249e-01
  -6.8084224e-01  -8.9032810e-01
   1.1250761e+00   1.4326978e+00
  -1.7621489e+00  -1.0161381e+00
  -8.6221238e-02  -3.4930416e-01
   8.3600370e-01   8.5614523e-01
   1.1949023e+00   5.0881200e-01
  -3.0564535e-01  -3.5908092e-01
  -3.7804625e+00  -2.7976605e+00
  -6.0045457e-01  -1.0434803e+00
   1.7544289e+00   1.9576114e+00
   4.1115226e-01   9.8571924e-01
  -6.3845764e-01   3.2673320e-01
   2.7663128e-01   5.6292115e-01
   1.8106705e+00   9.2675666e-01
   5.8760473e-01   2.8524333e-02
  -9.2056976e-02  -2.2942366e-01
   1.0639135e+00   1.2875553e+00
  -4.1733383e-01  -2.9811893e-01
   8.0547785e-01  -1.4330446e-01
  -1.7868615e-01   4.1716642e-01
  -9.9985321e-01  -3.1158795e-01
  -2.1591556e-01  -3.1155753e-02
  -1.1452805e-01  -2.0607262e-01
  -1.4245593e+00  -1.2475834e-01
  -3.0970048e-01  -1.4172022e+00
  -1.4492185e+00  -2.0838872e+00
  -6.6686171e-01  -1.7583675e-01
   1.2116668e+00   8.4459961e-01
   1.6916588e-01   1.1227040e+00
  -1.7523995e+00  -1.4589357e+00
   1.1841445e+00   7.9948083e-01
   1.0422696e+00   1.3979584e-01
   3.8241003e-01   3.1367603e-01
   2.5225045e-01  -1.4309298e-02
   1.4358268e-01   4.0122030e-01
   2.1915584e+00   1.3829075e+00
  -1.0097789e+00  -1.5000730e+00
  -2.3958528e+00  -1.4999367e+00
  -4.8053245e-01   5.0282760e-01
  -7.8186465e-01  -1.0686686e+00
  -2.5889940e-01  -8.4917557e-01
  -7.8365561e-01  -3.3452245e-01
   1.5574261e+00   4.2792387e-02
  -1.2422974e+00  -4.7281094e-01
  -1.8877603e+00  -1.4277464e+00
   1.3309341e+00   9.4243184e-01
  -1.1535712e+00  -1.5199414e+00
  -2.0221762e+00  -1.6281159e+00
   2.9827718e-01   3.6824530e-01
  -1.4449703e-01   1.7842368e-02
   5.9588665e-02  -4.0215577e-01
   6.1568723e-01   1.0163220e+00
  -2.8376699e-01   3.7000436e-01
  -9.3441931e-01   8.6509332e-01
   5.9365930e-01   7.9352161e-01
  -1.1239874e+00   3.7504674e-01
   3.8956614e-01  -1.0991327e+00
   9.4024111e-01   4.2117799e-01
   7.1250411e-02  -2.7410085e-01
   8.2507085e-01   6.7946911e-01
   1.2413521e+00   2.8624612e-01
  -1.5629528e-02   1.5232663e-01
  -4.3992087e-01  -3.4666665e-01
  -9.0663013e-01  -5.1991640e-01
   5.7026822e-01  -2.2013133e-01
   2.2828211e-01   5.8758577e-01
   3.0491133e+00   1.2953225e+00
  -1.2448778e+00  -1.2992038e+00
   1.6031560e-01   1.7880204e+00
   1.2246224e-01  -2.1107829e-01
   1.8090425e-01   5.9382554e-01
  -9.3401967e-01  -3.2074770e-01
  -3.5709083e-01   8.8554321e-05
  -7.1142994e-01   1.7804802e-01
   1.3221242e+00   5.0548513e-01
   6.6065034e-01   1.1693585e-01
   1.1695508e+00   3.9899635e-01
   1.9709550e+00   1.9095221e-01
   7.3113881e-01   7.8800989e-01
  -2.0367281e+00  -6.5108757e-01
  -1.8429270e-01  -1.1263229e-01
  -4.7401260e-01  -1.5723565e-01
   1.6740249e-01   5.9366716e-01
   7.2525871e-01   8.1423318e-02
   1.3797920e+00   1.1228029e+00
   8.3606298e-02   1.9437238e-01
   2.5441728e-01  -6.7953254e-03
   1.1728630e+00  -4.1647011e-02
   3.6234754e-01   3.5580648e-01
   7.5605164e-01   1.4873723e+00
   3.0091232e-01  -3.4199774e-01
  -1.2227367e+00  -9.6865209e-01
   1.7877243e-01  -7.9623703e-01
  -9.6323057e-02   3.4937888e-01
   1.0978346e+00   6.3513755e-01
   3.8578788e-02   1.0255114e+00
  -2.8930817e+00  -2.2619787e+00
   1.6251640e+00   8.6689614e-01
   8.1668228e-01  -2.2690576e-01
  -2.8894833e-01  -4.5541727e-01
  -2.1327284e+00  -1.8729260e+00
  -3.4284021e-01  -7.8687930e-01
   1.1748732e+00   5.4803729e-01
  -2.1945895e+00  -1.2545073e+00
  -2.5684563e+00  -2.3383245e+00
  -1.2072631e+00   1.7714551e-01
  -9.5254533e-02   2.3244169e+00
  -5.4116583e-01   5.0583763e-01
  -1.1396951e+00  -7.4113662e-01
  -5.1415570e-01  -1.1018633e-01
  -1.3491657e+00  -1.2347331e+00
  -9.0342704e-01  -4.7224102e-01
   2.8377665e-01   6.3068439e-01
   3.6439590e-02  -3.3099182e-01
   1.9703494e+00   2.9433914e+00
   1.8258314e+00   6.9468698e-01
   5.9883044e-01   8.9698956e-01
   2.0392277e+00   4.8249839e-01
   9.3780058e-01  -1.8486297e-01
   6.2726784e-01   1.7897116e-01
  -1.1664466e+00  -4.1382716e-01
  -2.1998310e-01   7.7893037e-02
  -9.6806451e-01  -1.1728136e+00
   3.2739339e-01   1.4397263e-01
  -1.1296087e+00  -5.9758885e-01
   5.5169945e-01   1.6174468e+00
   2.0722967e-01   2.3805729e-01
   1.8325350e+00   1.1640269e+00
  -9.4806249e-01  -4.2669976e-01
   1.3169736e+00  -1.7678318e-01
