6.450208717314196427e-01 -3.564900298874223439e-01
5.172729544755966247e-01 -4.706880847136888923e-01
4.195515460930341889e-01 -5.740910569763045812e-01
2.880841288641713960e-01 -5.749812062131874901e-01
1.565490843630717166e-01 -5.300367620163984883e-01
1.006841269758101086e-02 -7.134560584089832957e-01
-1.928134040136233185e-01 -9.157627031550619190e-01
-3.768948390429254780e-01 -7.656026191587325114e-01
-3.919757207517927111e-01 -3.729869807284919014e-02
-1.966005312588999521e-01 5.327528732268610456e-01
2.880841288641713960e-01 8.798139684216540468e-01
4.684460639204338639e-01 9.274774139238299853e-01
6.600341261680500171e-01 1.176541170403622605e+00
9.170177606689106087e-01 1.249371562512210820e+00
1.340026348511774934e+00 1.604524923496846389e+00
2.918712561094480296e-01 1.466956405069513414e+00
1.257385821838077122e+00 1.103710778295033945e+00
7.990081706152267760e-01 1.014695854606759706e+00
1.058291132372147114e+00 7.341531842044770606e-01
8.065824251057776006e-01 3.807963062251863984e-01
8.479026884426263955e-01 4.140717031530214975e-01
8.629159428792567699e-01 -1.559960526782689649e-01
8.065824251057776006e-01 -1.892552650745238096e-01
7.238742711598430413e-01 -6.082566031410222562e-01
5.849002267126663934e-01 -8.851901230010343902e-01
4.158320461199944695e-01 -9.391331667561290120e-01
2.392572383090086352e-01 -1.155827860076548586e+00
4.009492157083922870e-02 -1.175621542198505010e+00
-1.552802679220511295e-01 -1.198992005799571992e+00
-3.543749573879812487e-01 -1.338357007232250595e+00
-5.534696468539113123e-01 -1.340153490237596001e+00
-7.113117002552294954e-01 -1.195399039788881623e+00
-9.818207892035060169e-01 -8.600069918630426358e-01
-1.271130259833684439e+00 2.854855997524139988e-01
-1.237316623715152053e+00 9.661422598677007478e-01
-6.098707918996273403e-01 8.222779586558693898e-01
-3.468683301696672827e-01 1.044362100992324516e+00
4.388204881611586228e-02 1.343775935216520612e+00
5.059792000120060251e-01 1.127987575664563646e+00
1.080811014027091455e+00 1.190929218977963444e+00
6.299399900225548521e-01 7.071897545927198214e-01
5.623127177854851944e-01 1.668044296785744507e-01
6.337271172678291542e-01 1.748966954684177122e-01
6.637536261410873495e-01 6.790075719511147467e-02
5.999134811492942143e-01 -1.514967528991157386e-01
5.585932178124454195e-01 -1.910517480798694101e-01
4.571523094568432644e-01 -5.489079258383127158e-01
3.557114011012411092e-01 -4.940585483147560408e-01
2.166697293818274639e-01 -5.102430798944422863e-01
4.760154878915558857e-02 -7.539173873581990204e-01
-1.289732590218326536e-01 -8.033773158657202540e-01
-2.980414396145045219e-01 -8.923760550224153487e-01
-4.821228746438043222e-01 -8.546175428470073054e-01
-6.699914369183807006e-01 -1.109977082111297531e+00
-8.653666264112734874e-01 -1.203491305578724857e+00
-1.023141052540354812e+00 -1.031757240986673763e+00
-9.292067714030666226e-01 -2.521969083879243012e-01
-6.398973007728855356e-01 4.931978780461079293e-01
-1.432691813208042397e+00 6.064895991039118694e-01
-8.653666264112734874e-01 9.940120232479204843e-01
-3.280679484877627172e-01 1.199021484767806900e+00
1.753494660449786413e-01 1.181040470182775248e+00
6.074201083676106228e-01 1.085729763710002294e+00
9.342627150893637600e-01 1.038972651976288963e+00
1.490361774694779040e+00 1.084823429941540240e+00
1.482855147476465074e+00 9.382724964874809004e-01
1.599309310268697493e+00 7.278735859515590434e-01
1.715763473060930133e+00 4.059794373631782083e-01
1.373839984630309763e+00 -1.302190070331998330e-02
1.013183741790021575e+00 -3.493040978660417184e-01
5.435799633758174876e-01 -5.587966746335010226e-01
1.415358299264437847e-01 -7.449187877998934004e-01
-2.942543123692278884e-01 -9.067641035967562990e-01
-7.263249546918598698e-01 -1.002981143837991196e+00
-1.105781579214052401e+00 -1.135160213249289285e+00
-1.466505449326577226e+00 -1.161233493624163948e+00
-1.913589346085839527e+00 -1.109977082111297531e+00
-2.052563390533014065e+00 -9.957790272850309821e-01
-2.270458461680850970e+00 -1.145048962044477703e+00
-2.462114151200704093e+00 -1.082107318731077683e+00
-2.465833651173741536e+00 -6.172390181677482879e-01
-2.368179870063416015e+00 7.413553007574379405e-01
-1.571665857655219156e+00 9.508478775248971893e-01
-1.413891431526137943e+00 7.917053785018418610e-01
-1.248542750906505683e+00 7.521503833210881895e-01
-6.135902918726671151e-01 1.090212878957575793e+00
-4.144956024067369960e-01 1.150467890028747719e+00
1.903627204816065732e-01 1.061452966340473036e+00
7.276613984051173434e-01 8.472668754149048631e-01
8.817163245611613354e-01 8.007039780601472589e-01
9.568502240165449590e-01 6.091762313461398515e-01
8.892229517794751903e-01 5.642156026177714834e-01
7.802754162055567377e-01 4.473309155492768974e-01
7.652621617689288058e-01 3.745005234406887373e-01
7.201547711868033774e-01 2.791898169679157826e-01
7.051415167501754455e-01 2.114364546139749917e-02
5.999134811492942143e-01 3.821832627796699355e-02
5.360733361575036326e-01 -1.523869021359987030e-01
5.209924544486363995e-01 -3.439146488500063881e-01
4.383519277749387544e-01 -5.749812062131874901e-01
3.068845105460759615e-01 -8.330435622512853966e-01
1.528295843900343842e-01 -9.769078634631167546e-01
-2.753235066622807675e-02 -1.109070748342835033e+00
-1.966005312588999521e-01 -1.027257941207520675e+00
-1.702935223586814484e-01 -1.272199555295865092e-01
4.388204881611586228e-02 1.650079466732294331e-01
2.392572383090086352e-01 2.791898169679157826e-01
4.458585549932526648e-01 6.694150578857320788e-01
6.450208717314196427e-01 8.141856928660260451e-01
8.666354428522941022e-01 7.393807879047161746e-01
5.585932178124454195e-01 7.071897545927198214e-01
6.487403717044594176e-01 8.987013167751475295e-01
9.117428334344195306e-01 9.229781141446773418e-01
7.313808983781570072e-01 9.274774139238299853e-01
8.140890523240915666e-01 8.825167851954616172e-01
7.539684073053382063e-01 4.140717031530214975e-01
8.215956795424079750e-01 -3.349160492917007681e-01
6.487403717044594176e-01 -7.242511409726340998e-01
4.195515460930341889e-01 -8.995781715753756735e-01
1.678428388266622884e-01 -1.307784427078223288e+00
-1.063857500946514684e-01 -1.436370530478831009e+00
-4.069889751884206430e-01 -1.679138504174125135e+00
-7.639257180556688898e-01 -1.877835998377934024e+00
-1.117075333677642890e+00 -1.911111395305768790e+00
-1.462718322081300704e+00 -2.040587647943258975e+00
-1.793348056048330585e+00 -2.117917339831000501e+00
-2.127697289988397689e+00 -2.246487258700028189e+00
-2.405780633427224924e+00 -1.969553738840016166e+00
-2.417006760618578554e+00 -9.769078634631167546e-01
-2.229138198344001953e+00 -2.381698326697087933e-02
-1.924815473277193156e+00 2.684109189358450664e-01
-1.496531958199835532e+00 1.108210078074187033e+00
-1.158395597014491685e+00 1.151358039265630184e+00
-7.601385908103946987e-01 1.290723040698309010e+00
-3.581620846332578822e-01 1.363553432806897669e+00
3.637542159780191020e-02 1.288926557692963826e+00
4.083254189016805036e-01 1.332997037184449951e+00
-2.116137856955302710e-01 1.275444842887085040e+00
1.453229571717204183e-01 1.199911634004689143e+00
5.397928361305408540e-01 8.258709246665594250e-01
4.759526911387478298e-01 5.260637485230792304e-02
4.008187916833641506e-01 -2.809730055366061463e-01
2.767903744005807964e-01 -6.154425351624032148e-01
7.769568493465071890e-02 -8.168590306715989291e-01
-1.214666318035162867e-01 -9.948888780481482952e-01
-3.355745757060766832e-01 -1.239453334748787716e+00
-5.948575374629970769e-01 -1.322172475652564350e+00
-8.240463630744246926e-01 -1.418373331362219769e+00
-1.109568706459328924e+00 -1.540663651978329218e+00
-1.372571168189289148e+00 -1.614400377855380153e+00
-9.517266530580108519e-01 -1.651252556262325699e+00
-1.256049378124819649e+00 -1.510997405592764409e+00
-1.090768324777424469e+00 -4.985578480939086843e-01
-8.052459813925201271e-01 1.425276323090446939e-01
-6.474039279911995015e-01 7.620391321162764964e-01
-3.468683301696672827e-01 1.283537108676928273e+00
4.009492157083922870e-02 1.556877662526250150e+00
4.383519277749387544e-01 1.701632112974964528e+00
8.554093156609403614e-01 1.898549308705007377e+00
1.302493212420202662e+00 1.728611727118301244e+00
1.625616319168916135e+00 1.568562894326783308e+00
1.621829191923641833e+00 1.423808443878069596e+00
1.753364236424739042e+00 1.044362100992324516e+00
1.482855147476465074e+00 9.364598289505556838e-01
1.670656082478804594e+00 3.978871715733349745e-01
1.719550600306206656e+00 3.601124748663472319e-01
1.711976345815653389e+00 4.068695866000611727e-01
1.670656082478804594e+00 3.475370938289309430e-01
