2.070000000000000000e+02
4.310000000000000000e+02
1.189000000000000000e+03
1.137000000000000000e+03
9.500000000000000000e+02
1.010000000000000000e+02
1.959000000000000000e+03
1.885000000000000000e+03
8.900000000000000000e+02
2.100000000000000000e+01
7.300000000000000000e+02
3.870000000000000000e+02
1.515000000000000000e+03
6.530000000000000000e+02
1.271000000000000000e+03
1.444000000000000000e+03
1.574000000000000000e+03
5.250000000000000000e+02
3.060000000000000000e+02
1.355000000000000000e+03
1.939000000000000000e+03
1.134000000000000000e+03
8.490000000000000000e+02
1.647000000000000000e+03
1.968000000000000000e+03
2.230000000000000000e+02
1.407000000000000000e+03
9.150000000000000000e+02
1.040000000000000000e+02
1.529000000000000000e+03
1.388000000000000000e+03
1.454000000000000000e+03
1.628000000000000000e+03
1.730000000000000000e+02
1.730000000000000000e+03
2.220000000000000000e+02
1.320000000000000000e+03
1.280000000000000000e+03
1.559000000000000000e+03
1.314000000000000000e+03
3.360000000000000000e+02
1.424000000000000000e+03
9.790000000000000000e+02
9.920000000000000000e+02
1.754000000000000000e+03
1.190000000000000000e+03
1.839000000000000000e+03
2.080000000000000000e+02
4.810000000000000000e+02
1.900000000000000000e+02
1.057000000000000000e+03
1.170000000000000000e+03
4.460000000000000000e+02
1.505000000000000000e+03
1.490000000000000000e+02
1.132000000000000000e+03
1.429000000000000000e+03
1.928000000000000000e+03
1.493000000000000000e+03
1.856000000000000000e+03
4.730000000000000000e+02
1.520000000000000000e+03
1.549000000000000000e+03
1.531000000000000000e+03
6.820000000000000000e+02
9.000000000000000000e+00
7.180000000000000000e+02
1.187000000000000000e+03
1.642000000000000000e+03
1.893000000000000000e+03
1.930000000000000000e+02
6.130000000000000000e+02
2.580000000000000000e+02
1.917000000000000000e+03
1.433000000000000000e+03
2.310000000000000000e+02
5.770000000000000000e+02
1.600000000000000000e+01
7.200000000000000000e+01
2.690000000000000000e+02
3.190000000000000000e+02
3.670000000000000000e+02
3.820000000000000000e+02
3.900000000000000000e+02
5.430000000000000000e+02
5.650000000000000000e+02
5.860000000000000000e+02
6.050000000000000000e+02
7.750000000000000000e+02
8.170000000000000000e+02
8.630000000000000000e+02
8.790000000000000000e+02
9.160000000000000000e+02
9.300000000000000000e+02
9.510000000000000000e+02
9.850000000000000000e+02
1.274000000000000000e+03
1.367000000000000000e+03
1.453000000000000000e+03
1.118000000000000000e+03
1.269000000000000000e+03
7.660000000000000000e+02
1.674000000000000000e+03
3.620000000000000000e+02
8.600000000000000000e+02
9.000000000000000000e+02
1.165000000000000000e+03
2.790000000000000000e+02
6.930000000000000000e+02
8.470000000000000000e+02
1.563000000000000000e+03
1.152000000000000000e+03
1.714000000000000000e+03
1.078000000000000000e+03
4.000000000000000000e+01
5.460000000000000000e+02
7.730000000000000000e+02
2.000000000000000000e+01
5.290000000000000000e+02
1.548000000000000000e+03
1.685000000000000000e+03
1.291000000000000000e+03
1.774000000000000000e+03
1.301000000000000000e+03
1.455000000000000000e+03
9.340000000000000000e+02
1.740000000000000000e+02
1.950000000000000000e+02
1.631000000000000000e+03
1.272000000000000000e+03
5.410000000000000000e+02
4.820000000000000000e+02
1.920000000000000000e+02
1.664000000000000000e+03
1.974000000000000000e+03
1.571000000000000000e+03
1.726000000000000000e+03
7.700000000000000000e+02
2.940000000000000000e+02
5.730000000000000000e+02
1.190000000000000000e+02
7.400000000000000000e+01
3.340000000000000000e+02
7.450000000000000000e+02
8.030000000000000000e+02
4.540000000000000000e+02
5.240000000000000000e+02
9.490000000000000000e+02
5.110000000000000000e+02
9.000000000000000000e+01
1.062000000000000000e+03
1.133000000000000000e+03
7.430000000000000000e+02
1.109000000000000000e+03
1.266000000000000000e+03
1.168000000000000000e+03
6.600000000000000000e+02
1.428000000000000000e+03
7.020000000000000000e+02
1.427000000000000000e+03
7.610000000000000000e+02
1.419000000000000000e+03
5.500000000000000000e+02
4.200000000000000000e+02
1.671000000000000000e+03
3.110000000000000000e+02
1.659000000000000000e+03
1.527000000000000000e+03
3.480000000000000000e+02
1.911000000000000000e+03
6.560000000000000000e+02
1.114000000000000000e+03
1.319000000000000000e+03
5.710000000000000000e+02
1.590000000000000000e+03
1.676000000000000000e+03
9.880000000000000000e+02
1.417000000000000000e+03
1.343000000000000000e+03
1.838000000000000000e+03
1.683000000000000000e+03
4.780000000000000000e+02
5.680000000000000000e+02
5.030000000000000000e+02
1.724000000000000000e+03
3.800000000000000000e+01
3.600000000000000000e+01
1.672000000000000000e+03
5.510000000000000000e+02
5.980000000000000000e+02
1.151000000000000000e+03
8.280000000000000000e+02
1.924000000000000000e+03
3.220000000000000000e+02
1.248000000000000000e+03
2.100000000000000000e+02
1.270000000000000000e+03
1.804000000000000000e+03
1.841000000000000000e+03
2.960000000000000000e+02
1.197000000000000000e+03
1.360000000000000000e+03
2.020000000000000000e+02
2.650000000000000000e+02
1.510000000000000000e+02
3.880000000000000000e+02
3.440000000000000000e+02
1.762000000000000000e+03
5.350000000000000000e+02
5.270000000000000000e+02
4.850000000000000000e+02
1.791000000000000000e+03
1.871000000000000000e+03
1.639000000000000000e+03
9.060000000000000000e+02
1.514000000000000000e+03
9.240000000000000000e+02
7.790000000000000000e+02
2.430000000000000000e+02
5.780000000000000000e+02
1.228000000000000000e+03
6.720000000000000000e+02
9.220000000000000000e+02
1.380000000000000000e+03
1.576000000000000000e+03
8.670000000000000000e+02
6.710000000000000000e+02
6.150000000000000000e+02
1.530000000000000000e+02
1.060000000000000000e+03
1.040000000000000000e+03
1.330000000000000000e+03
1.130000000000000000e+02
1.504000000000000000e+03
2.910000000000000000e+02
1.307000000000000000e+03
5.160000000000000000e+02
1.767000000000000000e+03
6.250000000000000000e+02
4.520000000000000000e+02
1.710000000000000000e+02
9.080000000000000000e+02
1.780000000000000000e+03
6.790000000000000000e+02
1.405000000000000000e+03
2.200000000000000000e+02
8.070000000000000000e+02
3.250000000000000000e+02
5.100000000000000000e+01
1.530000000000000000e+03
6.740000000000000000e+02
6.200000000000000000e+01
1.456000000000000000e+03
1.733000000000000000e+03
8.560000000000000000e+02
3.400000000000000000e+02
1.997000000000000000e+03
6.580000000000000000e+02
1.415000000000000000e+03
1.711000000000000000e+03
1.221000000000000000e+03
1.452000000000000000e+03
1.560000000000000000e+02
1.087000000000000000e+03
1.220000000000000000e+02
1.815000000000000000e+03
1.046000000000000000e+03
1.442000000000000000e+03
1.472000000000000000e+03
6.110000000000000000e+02
9.800000000000000000e+02
4.750000000000000000e+02
1.680000000000000000e+02
3.420000000000000000e+02
7.960000000000000000e+02
3.050000000000000000e+02
1.734000000000000000e+03
1.868000000000000000e+03
6.590000000000000000e+02
1.751000000000000000e+03
6.120000000000000000e+02
1.379000000000000000e+03
7.880000000000000000e+02
1.533000000000000000e+03
4.620000000000000000e+02
1.800000000000000000e+02
6.540000000000000000e+02
4.400000000000000000e+01
6.170000000000000000e+02
2.300000000000000000e+01
2.710000000000000000e+02
6.390000000000000000e+02
6.770000000000000000e+02
5.530000000000000000e+02
1.700000000000000000e+03
1.693000000000000000e+03
9.530000000000000000e+02
1.001000000000000000e+03
1.829000000000000000e+03
1.069000000000000000e+03
