1438
1231
1870
1552
485
1891
792
667
231
266
59
41
452
1855
682
688
818
65
1385
1378
1516
1406
94
234
170
1109
1003
1573
1356
148
1249
994
1833
1514
1303
1873
1986
1073
1479
394
1575
1400
1186
1157
1263
1543
586
272
860
940
508
654
1191
1629
900
1632
189
839
60
1540
1897
743
646
1508
773
1942
258
1810
1639
1685
19
579
1483
1211
862
866
483
892
1227
1037
642
1830
1312
977
1097
851
45
1531
1546
129
472
831
684
82
1441
199
1874
1127
70
791
1235
111
1006
33
723
1606
250
1825
166
666
1497
1734
1992
1296
982
1233
43
859
1112
1148
1491
79
1655
1895
955
1727
393
967
581
651
633
1683
482
135
1344
1583
210
1906
924
169
347
409
1319
707
172
1244
1605
858
29
323
826
176
72
1101
1137
934
1621
803
517
937
1998
1682
827
1735
118
64
1800
255
1970
1947
1867
1418
1586
344
995
1739
1587
1000
206
647
1818
1120
1042
489
312
1318
1987
153
657
1043
1334
617
1703
1635
584
1292
480
1785
1034
643
1696
390
1758
621
1048
1115
469
428
727
728
1604
907
442
601
1595
1462
1257
1195
1210
568
1892
775
916
768
1729
1946
837
1246
1933
1689
1757
1062
1935
884
861
1022
3
1014
385
1555
1887
1558
391
436
771
1846
918
523
448
1989
1941
1079
1002
132
1960
616
696
386
618
1955
1291
1252
1815
1142
1067
382
246
1305
139
922
957
1426
1152
1680
1907
162
500
1149
1961
408
1065
742
1470
1806
1534
1764
730
749
592
676
1738
274
1938
1163
1156
459
1422
706
1011
1266
