166
143
756
120
153
755
0
754
828
181
97
381
668
652
74
753
820
130
163
140
159
175
177
179
182
383
551
677
174
714
543
795
405
152
155
157
160
178
151
117
382
404
752
180
176
819
746
154
173
136
514
167
158
818
699
798
131
156
170
168
164
169
172
150
141
146
149
69
509
144
128
147
145
6
41
48
12
751
19
38
33
56
20
44
26
3
47
18
2
50
9
42
36
67
29
35
37
28
7
39
49
59
52
45
108
797
129
132
134
137
817
391
379
711
796
380
85
686
680
545
693
932
750
389
94
720
816
403
799
747
71
135
1
122
390
328
529
749
935
748
815
401
542
934
645
121
171
118
123
126
