6.680000000000000000e+02
6.520000000000000000e+02
7.560000000000000000e+02
1.660000000000000000e+02
5.510000000000000000e+02
6.770000000000000000e+02
7.140000000000000000e+02
1.430000000000000000e+02
5.430000000000000000e+02
1.200000000000000000e+02
7.400000000000000000e+01
1.530000000000000000e+02
7.550000000000000000e+02
9.700000000000000000e+01
7.540000000000000000e+02
0.000000000000000000e+00
7.530000000000000000e+02
8.200000000000000000e+02
1.630000000000000000e+02
1.300000000000000000e+02
1.400000000000000000e+02
7.080000000000000000e+02
6.800000000000000000e+02
5.450000000000000000e+02
6.930000000000000000e+02
8.280000000000000000e+02
6.880000000000000000e+02
6.050000000000000000e+02
1.810000000000000000e+02
5.420000000000000000e+02
3.810000000000000000e+02
7.460000000000000000e+02
6.990000000000000000e+02
7.950000000000000000e+02
4.050000000000000000e+02
6.530000000000000000e+02
7.060000000000000000e+02
7.160000000000000000e+02
1.940000000000000000e+02
4.170000000000000000e+02
1.590000000000000000e+02
3.830000000000000000e+02
1.750000000000000000e+02
1.770000000000000000e+02
1.790000000000000000e+02
1.820000000000000000e+02
3.820000000000000000e+02
1.170000000000000000e+02
7.520000000000000000e+02
6.860000000000000000e+02
8.190000000000000000e+02
1.760000000000000000e+02
1.700000000000000000e+02
1.740000000000000000e+02
1.470000000000000000e+02
1.520000000000000000e+02
1.550000000000000000e+02
1.570000000000000000e+02
1.600000000000000000e+02
1.540000000000000000e+02
1.800000000000000000e+02
2.590000000000000000e+02
2.540000000000000000e+02
4.800000000000000000e+01
5.330000000000000000e+02
6.490000000000000000e+02
1.240000000000000000e+02
7.800000000000000000e+01
1.780000000000000000e+02
1.510000000000000000e+02
8.180000000000000000e+02
4.040000000000000000e+02
4.060000000000000000e+02
1.580000000000000000e+02
1.730000000000000000e+02
7.980000000000000000e+02
1.010000000000000000e+02
6.260000000000000000e+02
1.310000000000000000e+02
5.140000000000000000e+02
1.360000000000000000e+02
1.640000000000000000e+02
1.690000000000000000e+02
1.720000000000000000e+02
4.190000000000000000e+02
5.440000000000000000e+02
1.410000000000000000e+02
1.460000000000000000e+02
1.490000000000000000e+02
1.500000000000000000e+02
1.670000000000000000e+02
6.060000000000000000e+02
7.510000000000000000e+02
1.710000000000000000e+02
1.950000000000000000e+02
3.190000000000000000e+02
6.720000000000000000e+02
3.280000000000000000e+02
3.140000000000000000e+02
1.480000000000000000e+02
1.960000000000000000e+02
7.050000000000000000e+02
1.680000000000000000e+02
2.600000000000000000e+02
5.090000000000000000e+02
4.300000000000000000e+02
1.560000000000000000e+02
1.180000000000000000e+02
1.230000000000000000e+02
1.260000000000000000e+02
2.550000000000000000e+02
9.210000000000000000e+02
9.840000000000000000e+02
9.740000000000000000e+02
1.280000000000000000e+02
9.110000000000000000e+02
1.250000000000000000e+02
9.180000000000000000e+02
6.170000000000000000e+02
9.810000000000000000e+02
4.320000000000000000e+02
2.630000000000000000e+02
4.150000000000000000e+02
1.970000000000000000e+02
1.840000000000000000e+02
3.790000000000000000e+02
1.450000000000000000e+02
1.440000000000000000e+02
2.560000000000000000e+02
1.980000000000000000e+02
6.900000000000000000e+01
3.600000000000000000e+01
6.700000000000000000e+01
6.970000000000000000e+02
2.620000000000000000e+02
6.950000000000000000e+02
6.070000000000000000e+02
2.580000000000000000e+02
2.570000000000000000e+02
2.610000000000000000e+02
5.480000000000000000e+02
3.270000000000000000e+02
3.240000000000000000e+02
4.690000000000000000e+02
1.290000000000000000e+02
1.320000000000000000e+02
1.340000000000000000e+02
1.370000000000000000e+02
4.560000000000000000e+02
8.270000000000000000e+02
