-1.217670042214911375e+00 2.645407626868277351e+00
-1.217670042214911375e+00 1.561421482936226734e+00
-2.240917088123455247e+00 2.666269839411475884e-01
-2.240917088123455247e+00 3.133401989835229440e-01
6.478840231915198311e-01 5.079785949934215727e-01
-1.292541777281390081e+00 6.714748476417365941e-01
-2.240917088123455247e+00 4.720453526531329103e-01
-2.240917088123455247e+00 3.785200770797445685e-02
-1.292541777281390081e+00 6.008061377058350194e-01
-2.240917088123455247e+00 2.079360214520087069e-01
6.478840231915198311e-01 1.348717620267545214e-01
6.478840231915198311e-01 -4.670100471730858072e-01
-2.240917088123455247e+00 4.307221239618002628e-01
-1.292541777281390081e+00 3.899977826428061567e-01
-1.292541777281390081e+00 7.181880626841122828e-01
-1.292541777281390081e+00 1.023620622576568273e+00
4.157816444854351978e-01 2.121282330583757758e-01
-1.292541777281390081e+00 1.217061243841790930e+00
-2.240917088123455247e+00 2.839947177389539057e-01
-2.240917088123455247e+00 4.073655164406124185e-01
-2.240917088123455247e+00 3.606523013982371184e-01
4.157816444854351978e-01 -4.538345249816466143e-01
4.157816444854351978e-01 -1.662389242360032160e+00
4.157816444854351978e-01 5.025886086423784205e-01
-1.292541777281390081e+00 1.000264015055380762e+00
-1.292541777281390081e+00 1.046977230097756228e+00
-2.240917088123455247e+00 3.193290727069045265e-01
-1.292541777281390081e+00 9.763085201618545428e-01
-2.240917088123455247e+00 9.654297019711292893e-02
-2.240917088123455247e+00 1.666127927606765313e-01
-1.292541777281390081e+00 1.164359155076033492e+00
-1.292541777281390081e+00 1.023620622576568273e+00
6.478840231915198311e-01 3.534656529301790640e-01
-2.240917088123455247e+00 3.780200351960433802e-01
-1.292541777281390081e+00 1.070333837618943962e+00
-2.240917088123455247e+00 1.552339326862514080e-01
-2.240917088123455247e+00 -3.436392484714270723e-01
-2.240917088123455247e+00 1.139107039949192046e-01
-2.240917088123455247e+00 3.840089089194245742e-01
-2.240917088123455247e+00 2.587426026121129180e-02
-1.292541777281390081e+00 8.768932163537218605e-01
-2.240917088123455247e+00 4.720453526531329103e-01
-2.240917088123455247e+00 1.905682876542024173e-01
-1.292541777281390081e+00 1.034999482650993397e+00
-2.240917088123455247e+00 3.426856802280923708e-01
-2.240917088123455247e+00 -4.419556230235231059e-02
4.157816444854351978e-01 -1.243766969095665864e+00
-2.240917088123455247e+00 2.959724651857166267e-01
-2.240917088123455247e+00 -5.724142247046000165e-01
-2.240917088123455247e+00 -1.795441084507740093e-01
-2.240917088123455247e+00 2.372815026965781615e-01
-1.292541777281390081e+00 6.654859739183550671e-01
-2.240917088123455247e+00 -1.615774872806296780e-01
-1.292541777281390081e+00 8.008345200667766894e-01
4.157816444854351978e-01 -1.271315788223220666e+00
6.478840231915198311e-01 -1.268321351361529903e+00
-2.240917088123455247e+00 3.660422877492802152e-01
6.478840231915198311e-01 -1.598308293519850265e+00
-1.292541777281390081e+00 9.062386975982913428e-01
-2.240917088123455247e+00 -1.675663610040108442e-01
-1.292541777281390081e+00 1.111657066310276720e+00
-1.292541777281390081e+00 9.529519126406666985e-01
9.610974482196232849e-01 -1.553990627966827409e+00
-1.292541777281390081e+00 8.888709638004845814e-01
-1.292541777281390081e+00 7.714890388222076512e-01
-1.292541777281390081e+00 1.152381407629270882e+00
4.157816444854351978e-01 5.319340898869479028e-01
-2.240917088123455247e+00 -3.316615010246639628e-01
-1.292541777281390081e+00 3.019613389090982092e-01
3.296791491589847745e-01 2.166297728997757410e+00
-2.106452055707702942e-01 -8.491990362134646531e-02
-2.018797607426235263e+00 -4.202968321307101185e-01
1.416567169874036303e+00 -1.448086408551614301e-01
3.758500524499806539e-01 2.886869712290186796e-02
2.733061844792955775e+00 -4.083190846839471755e-01
9.882463270400836108e-02 1.187018029736243013e-01
8.350633608577169298e-01 2.624347723347805195e-01
1.416567169874036303e+00 -1.448086408551614301e-01
1.898241998801717179e+00 -4.622189481943805300e-01
1.498926078447163190e+00 3.283123832919766505e-01
1.416567169874036303e+00 -1.448086408551614301e-01
1.332960399049800904e+00 -6.358962861724439808e-01
9.798153819862430725e-01 3.163346358452139295e-01
-2.218759658307432325e-01 -3.102004011091308647e-02
-1.418575864643296436e+00 -4.502412007476175870e-01
-2.103652240501577619e+00 -4.322745795774730615e-01
-2.218759658307432325e-01 -3.102004011091308647e-02
3.758500524499806539e-01 -6.838072759594960859e-01
-2.218759658307432325e-01 -3.102004011091308647e-02
-8.196019841114656757e-01 2.085349088243467486e-01
-2.218759658307432325e-01 2.863902672283064610e-01
-2.218759658307432325e-01 -3.102004011091308647e-02
-2.218759658307432325e-01 -7.017738971296403339e-01
-2.106452055707702942e-01 6.217671957376702530e-01
-2.018797607426235263e+00 4.181454891426991116e-01
1.416567169874036303e+00 8.014334074391151752e-01
3.758500524499806539e-01 6.577004380779589710e-01
2.733061844792955775e+00 5.918228271207628399e-01
9.882463270400836108e-02 1.184721325735530906e+00
8.350633608577169298e-01 1.142799209671860217e+00
1.416567169874036303e+00 8.014334074391151752e-01
1.898241998801717179e+00 -5.497553500443898289e-02
1.498926078447163190e+00 6.636893118013404980e-01
1.416567169874036303e+00 8.014334074391151752e-01
1.332960399049800904e+00 -1.448086408551614301e-01
9.798153819862430725e-01 1.094888219884808445e+00
-2.218759658307432325e-01 1.202687946905675043e+00
-1.418575864643296436e+00 8.373666497794037822e-01
-2.103652240501577619e+00 6.756670592481036630e-01
-2.218759658307432325e-01 1.202687946905675043e+00
3.758500524499806539e-01 1.306795504203874803e-01
-2.218759658307432325e-01 1.202687946905675043e+00
-8.196019841114656757e-01 1.214665694352438319e+00
-2.218759658307432325e-01 1.393733018681545088e+00
-2.218759658307432325e-01 -7.736403818102184360e-01
-2.218759658307432325e-01 -4.299778755767582478e-02
-2.106452055707702942e-01 1.513510493149174962e+00
-2.018797607426235263e+00 1.436254022117553264e+00
1.416567169874036303e+00 1.465599503362122746e+00
3.758500524499806539e-01 1.556031496585183360e+00
2.733061844792955775e+00 1.250598936692727259e+00
9.882463270400836108e-02 1.945308288604980618e+00
8.350633608577169298e-01 1.861464056477640128e+00
1.416567169874036303e+00 1.465599503362122746e+00
1.898241998801717179e+00 8.912665132898376363e-01
1.498926078447163190e+00 1.232632315522582678e+00
1.416567169874036303e+00 1.465599503362122746e+00
1.332960399049800904e+00 1.178732452012149157e+00
9.798153819862430725e-01 1.957286036051743672e+00
-2.218759658307432325e-01 2.124974500306425540e+00
-1.418575864643296436e+00 2.328596206901396570e+00
-2.103652240501577619e+00 9.810996191405599864e-01
-2.218759658307432325e-01 2.124974500306425540e+00
3.758500524499806539e-01 1.909375046264691900e+00
-2.218759658307432325e-01 2.124974500306425540e+00
-8.196019841114656757e-01 1.807564192967206385e+00
-2.218759658307432325e-01 2.316618459454633516e+00
-2.218759658307432325e-01 2.124974500306425540e+00
-2.218759658307432325e-01 8.433555235027854202e-01
-2.106452055707702942e-01 1.651853476159287348e+00
-2.018797607426235263e+00 1.741686582010010254e+00
1.416567169874036303e+00 1.705753339669720647e+00
3.758500524499806539e-01 1.741686582010010254e+00
2.733061844792955775e+00 1.460209517011079594e+00
9.882463270400836108e-02 2.184863237540240366e+00
8.350633608577169298e-01 2.005197025838795444e+00
1.416567169874036303e+00 1.705753339669720647e+00
1.898241998801717179e+00 1.160765830842004798e+00
1.498926078447163190e+00 1.376365284883738438e+00
1.416567169874036303e+00 1.705753339669720647e+00
1.332960399049800904e+00 1.813553066690587467e+00
9.798153819862430725e-01 2.268707469667581744e+00
-2.218759658307432325e-01 2.484306923709314940e+00
-1.418575864643296436e+00 2.657984261687378780e+00
-2.103652240501577619e+00 1.142799209671860217e+00
-2.218759658307432325e-01 2.484306923709314940e+00
3.758500524499806539e-01 2.226186466231572680e+00
-2.218759658307432325e-01 2.484306923709314940e+00
-8.196019841114656757e-01 2.148929995199951648e+00
-2.218759658307432325e-01 2.610073271900327008e+00
-2.218759658307432325e-01 2.484306923709314940e+00
-2.218759658307432325e-01 1.441644008468596860e+00
-2.106452055707702942e-01 1.741686582010010254e+00
-2.018797607426235263e+00 1.843497435307494881e+00
1.416567169874036303e+00 1.759653203180154390e+00
3.758500524499806539e-01 1.849486309030876852e+00
2.733061844792955775e+00 1.597953612648853827e+00
9.882463270400836108e-02 2.298052950912150560e+00
8.350633608577169298e-01 2.089041257966136822e+00
1.416567169874036303e+00 1.759653203180154390e+00
1.898241998801717179e+00 1.304498800203160780e+00
1.498926078447163190e+00 1.400320779777264768e+00
1.416567169874036303e+00 1.759653203180154390e+00
1.332960399049800904e+00 1.933330541158217342e+00
9.798153819862430725e-01 2.376507196688448342e+00
-2.218759658307432325e-01 2.604084398176945037e+00
-2.103652240501577619e+00 1.238621189245964205e+00
-2.218759658307432325e-01 2.604084398176945037e+00
3.758500524499806539e-01 2.454362555092407749e+00
-2.218759658307432325e-01 2.604084398176945037e+00
-8.196019841114656757e-01 2.244751974774055192e+00
-2.218759658307432325e-01 2.801717231048534096e+00
-2.218759658307432325e-01 2.604084398176945037e+00
-2.218759658307432325e-01 1.915363919988072983e+00
1.206926311687894549e+00 -1.451580887297003741e+00
1.206926311687894549e+00 -6.808128390978052114e-01
1.206926311687894549e+00 -6.544617947149266035e-01
1.206926311687894549e+00 -3.813691529287304705e-01
1.206926311687894549e+00 2.929780283240260297e-01
9.810632442373512507e-01 -1.523447371977581399e+00
9.810632442373512507e-01 -8.191558221079177082e-01
9.810632442373512507e-01 -7.772337060442473522e-01
9.810632442373512507e-01 -4.885699925772591934e-01
9.810632442373512507e-01 -7.533770566393585555e-02
1.651165273082336071e+00 -1.399477685903584678e+00
1.651165273082336071e+00 -6.484729209915451875e-01
1.651165273082336071e+00 -6.047541428108602624e-01
1.651165273082336071e+00 -1.112709480042249066e-01
1.651165273082336071e+00 9.115298384606980442e-02
3.795936392033040230e-01 -1.244365856468004017e+00
3.795936392033040230e-01 -8.838356583204379779e-01
3.795936392033040230e-01 -5.640298014918661007e-01
3.795936392033040230e-01 -2.862449062156011484e-02
3.795936392033040230e-01 2.845936051112919474e-01
7.137166317963222761e-02 -1.398279911158908373e+00
7.137166317963222761e-02 -8.922200815331718937e-01
7.137166317963222761e-02 -6.538629073425885618e-01
7.137166317963222761e-02 -9.689765106810920015e-02
7.137166317963222761e-02 2.271004173668295101e-01
-1.869358227997189315e-01 -1.544408430009416744e+00
-1.869358227997189315e-01 -9.425266208095767206e-01
-1.869358227997189315e-01 -6.790161769807907532e-01
-1.869358227997189315e-01 -2.562016921100572220e-01
-1.869358227997189315e-01 -2.862449062156011484e-02
3.621235676877925802e-01 -1.579143897605029601e+00
3.621235676877925802e-01 -7.844203545123051846e-01
3.621235676877925802e-01 -4.400601154178691576e-01
3.621235676877925802e-01 1.642172432713239760e-01
3.621235676877925802e-01 2.738136324092052543e-01
8.135456118849691831e-02 -1.500689651828732041e+00
8.135456118849691831e-02 -6.191274397469758162e-01
8.135456118849691831e-02 -8.550890644482067593e-01
8.135456118849691831e-02 -4.304779174604587699e-01
8.135456118849691831e-02 -1.364242176424272923e-01
8.135456118849691831e-02 -1.680954750902514894e+00
8.135456118849691831e-02 -1.077875166957998454e+00
8.135456118849691831e-02 -6.933894739169064181e-01
8.135456118849691831e-02 -1.777474463337594679e-01
8.135456118849691831e-02 2.043426972179796797e-01
1.474912604972193342e-01 -1.067095194255911705e+00
1.474912604972193342e-01 -3.250737399289443386e-01
1.474912604972193342e-01 5.924217144931008816e-01
1.474912604972193342e-01 8.954587248962047052e-01
1.474912604972193342e-01 1.082910472438045169e+00
1.487391227483275957e-01 -1.355758907722899753e+00
1.487391227483275957e-01 -1.076677392213322149e+00
1.487391227483275957e-01 2.642314344517946445e-01
1.487391227483275957e-01 6.774637213651182321e-01
1.487391227483275957e-01 8.475477351091524891e-01
-1.994144453107987436e-01 -1.344978935020813227e+00
-1.994144453107987436e-01 -8.083758494058310706e-01
-1.994144453107987436e-01 -6.754228527467619481e-01
-1.994144453107987436e-01 -2.675805521844819013e-01
-1.994144453107987436e-01 3.019613389090982092e-01
9.161744071797357503e-01 -9.515099313946487891e-01
9.161744071797357503e-01 -6.065508049278746094e-01
9.161744071797357503e-01 -3.346559378863547263e-01
9.161744071797357503e-01 2.259026426221534545e-01
9.161744071797357503e-01 5.079785949934215727e-01
1.093370846837069532e+00 -1.317430115893258202e+00
1.093370846837069532e+00 -6.526651325979120344e-01
1.093370846837069532e+00 -3.951435624925079271e-01
1.093370846837069532e+00 1.504428337075462974e-01
1.093370846837069532e+00 3.911955573874826286e-01
1.622464441306853189e+00 -1.334198962318726478e+00
1.622464441306853189e+00 -5.694197878429094750e-01
1.622464441306853189e+00 -2.502128183866756395e-01
1.622464441306853189e+00 4.031733048342453496e-01
1.622464441306853189e+00 4.253321376107571661e-01
1.624960165809068213e+00 -1.346775597137827685e+00
1.624960165809068213e+00 -6.257152008426953849e-01
1.624960165809068213e+00 9.474630808009840144e-02
1.624960165809068213e+00 5.139674687168030998e-01
1.624960165809068213e+00 7.139958510777453249e-01
3.234398379034448823e-01 -9.760643136605129389e-01
3.234398379034448823e-01 -2.675805521844819013e-01
3.234398379034448823e-01 1.606239190372949488e-01
3.234398379034448823e-01 5.546918100357972614e-01
3.234398379034448823e-01 7.187869500564503245e-01
6.138876517076894551e-02 -1.220410361574478131e+00
6.138876517076894551e-02 -5.418709687153545618e-01
6.138876517076894551e-02 -1.250453575680025853e-01
6.138876517076894551e-02 4.121566154193179177e-01
6.138876517076894551e-02 6.002072503334969777e-01
-1.981665830596904820e-01 -1.113808409298287394e+00
-1.981665830596904820e-01 -3.526225590564992518e-01
-1.981665830596904820e-01 -3.693914054819675274e-01
-1.981665830596904820e-01 6.899415106955798793e-02
-1.981665830596904820e-01 4.648587041850748558e-01
-1.981665830596904820e-01 -1.359352231956928891e+00
-1.981665830596904820e-01 -6.820106138424815168e-01
-1.981665830596904820e-01 -1.891263064081846190e-01
-1.981665830596904820e-01 4.923086778239915695e-02
-1.981665830596904820e-01 5.025886086423784205e-01
5.265372941301250942e-02 -1.329407863340021256e+00
5.265372941301250942e-02 -8.514957402141777321e-01
5.265372941301250942e-02 -4.819822314815395692e-01
5.265372941301250942e-02 -1.485008105778286291e-02
5.265372941301250942e-02 5.720595438336035787e-01
8.884173469514508592e-02 -1.706706907913055460e+00
8.884173469514508592e-02 -8.574846139375593701e-01
8.884173469514508592e-02 -2.723716511631872339e-01
8.884173469514508592e-02 4.600676052063697452e-01
8.884173469514508592e-02 7.696923767051931931e-01
2.822603836168821045e-01 -1.701915808934350238e+00
2.822603836168821045e-01 -7.371082520975911212e-01
2.822603836168821045e-01 -2.813549617482593579e-01
2.822603836168821045e-01 1.995515982392745968e-01
2.822603836168821045e-01 7.385502333436092526e-01
1.140789612379172313e+00 -7.975958767037443220e-01
1.140789612379172313e+00 -6.874994456821624522e-02
1.140789612379172313e+00 -6.455773296184917631e-02
1.140789612379172313e+00 5.546918100357972614e-01
1.140789612379172313e+00 7.876589978753374410e-01
1.273063010996618560e+00 -7.592670848741027712e-01
1.273063010996618560e+00 3.636467382599276599e-01
1.273063010996618560e+00 7.463357691840053487e-01
1.273063010996618560e+00 9.116286839493344951e-01
1.273063010996618560e+00 1.187116875224883294e+00
1.068413601814909963e+00 -7.706459449485276725e-01
1.068413601814909963e+00 -3.521225171728015191e-02
1.068413601814909963e+00 2.468637006539883549e-01
1.068413601814909963e+00 7.726868135668837345e-01
1.068413601814909963e+00 9.715174211831494322e-01
1.575045675764748854e+00 -8.862312078097905887e-01
1.575045675764748854e+00 -1.472041903445139577e-01
1.575045675764748854e+00 -1.124687227489013924e-01
1.575045675764748854e+00 4.983963970360113516e-01
1.575045675764748854e+00 5.720595438336035787e-01
1.440276552645087582e+00 -1.225201460553183130e+00
1.440276552645087582e+00 -4.274834805987679509e-01
1.440276552645087582e+00 -2.975249208013893698e-01
1.440276552645087582e+00 3.720311614726617977e-01
1.440276552645087582e+00 9.128264586940109115e-01
1.440276552645087582e+00 -8.407157675120910945e-01
1.440276552645087582e+00 3.876022331534536014e-01
1.440276552645087582e+00 8.852776395664559983e-01
1.440276552645087582e+00 1.198495735299307974e+00
1.440276552645087582e+00 1.505126069936440825e+00
3.409099094189563250e-01 -7.365093647252531905e-01
3.409099094189563250e-01 3.834100215470865325e-01
3.409099094189563250e-01 9.990662403107043454e-01
3.409099094189563250e-01 1.467396165479137427e+00
3.409099094189563250e-01 1.832717462605408576e+00
4.891014265968913338e-02 -7.197405182997849149e-01
4.891014265968913338e-02 1.767938780904251828e-01
4.891014265968913338e-02 9.289964177471407014e-01
4.891014265968913338e-02 1.259582247277799549e+00
4.891014265968913338e-02 1.364986424809313759e+00
-2.505767976062262536e-01 -8.329302316716952204e-01
-2.505767976062262536e-01 7.019192581423447375e-02
-2.505767976062262536e-01 6.936336804182480220e-01
-2.505767976062262536e-01 9.667263222044443216e-01
-2.505767976062262536e-01 1.252994486182079870e+00
3.518365789750106665e-02 -1.092847351266452050e+00
3.518365789750106665e-02 -1.250453575680025853e-01
3.518365789750106665e-02 2.594403354730895339e-01
3.518365789750106665e-02 6.481182401205487498e-01
3.518365789750106665e-02 8.541354962048720578e-01
2.395289763752952300e-02 -1.104825098713215104e+00
2.395289763752952300e-02 -1.268420196850166826e-01
2.395289763752952300e-02 6.061961240568780607e-01
2.395289763752952300e-02 9.349852914705223395e-01
2.395289763752952300e-02 1.406309653500645851e+00
1.113032552150881732e-01 -3.214804156949154779e-01
1.113032552150881732e-01 7.121991889607307558e-01
1.113032552150881732e-01 1.636282404478495600e+00
1.113032552150881732e-01 1.856672957498934240e+00
1.113032552150881732e-01 1.864458493339330669e+00
2.385852048281027760e-01 -5.029432895133746362e-01
2.385852048281027760e-01 8.506526463405005706e-03
2.385852048281027760e-01 1.179331339384487309e+00
2.385852048281027760e-01 1.567410356659608484e+00
2.385852048281027760e-01 1.659639011999683333e+00
8.759387244403682438e-02 -1.065897419511235400e+00
8.759387244403682438e-02 1.666127927606765313e-01
8.759387244403682438e-02 9.810996191405599864e-01
8.759387244403682438e-02 1.086503796672074307e+00
8.759387244403682438e-02 1.246406725086360190e+00
2.660381743524775078e-01 -1.226399235297859436e+00
2.660381743524775078e-01 -5.849908595237012232e-01
2.660381743524775078e-01 -3.352548252586929900e-01
2.660381743524775078e-01 8.696077223970273551e-02
2.660381743524775078e-01 6.235638578546843780e-01
-1.395170572576162338e-01 -1.170103822298073304e+00
-1.395170572576162338e-01 -6.107430165342416784e-01
-1.395170572576162338e-01 -2.304495350995167946e-01
-1.395170572576162338e-01 2.886869712290186796e-02
-1.395170572576162338e-01 4.337165608234913039e-01
9.910461422462145675e-01 1.901589510424295248e+00
-1.654421830102704494e+00 1.282339967426648908e+00
-3.566450889504045874e-01 2.750811804399791782e+00
-1.791686677724582344e+00 1.688984493244252372e+00
-3.566450889504045874e-01 2.574140029560037402e+00
3.546363941811443987e-01 3.325045948983437194e-01
1.016003387268374247e+00 1.465000615989784816e+00
-6.686106517273997518e-01 1.258384472533123022e+00
3.920722617143838074e-01 9.104309092046584118e-01
-6.963677119556903328e-02 1.181726888873839698e+00
-2.001327535910722766e+00 4.977975096636733099e-01
-2.001327535910722766e+00 2.133260078030522755e-01
-1.754250810191342991e+00 1.187715762597221447e+00
-1.517156982480826644e+00 6.864470319501903006e-01
-1.754250810191342991e+00 5.097752571104360308e-01
-9.805762145043949163e-01 9.870884928639411804e-01
-1.417328002392188147e+00 8.044278443008057167e-01
3.546363941811443987e-01 3.325045948983437194e-01
1.327968950045369301e+00 -3.987368867265367323e-01
1.315490327534289516e+00 2.145237825477283311e-01
-1.694657512842074887e-01 2.085349088243467486e-01
3.296791491589847745e-01 1.919556131594440496e+00
-1.392370757370028578e+00 1.359596438458270606e+00
-1.105362439615193093e+00 1.063746076523224504e+00
-1.454763869925427500e+00 1.388343032330501492e+00
-1.070726387288084558e-01 2.420824862241471198e+00
-1.479721114947587290e+00 2.037536943945056134e+00
1.588772160526936927e+00 -1.282694648297645568e+00
-3.366792929326766215e-01 -9.820531873838943548e-01
-3.341835684304614862e-01 -9.035989416075967950e-01
-3.366792929326766215e-01 -1.250354730191385544e+00
1.033473458783885635e+00 -8.700612487566605768e-01
2.485681028369660373e-01 -7.628604091081317984e-01
-4.343166392230115441e-02 -1.215619262595772909e+00
-3.366792929326766215e-01 -1.197652641425628328e+00
3.159526643967967008e-01 -1.393488812180203151e+00
1.043456356792750395e+00 -1.636637085349491816e+00
-2.097014340235806712e-02 -1.210229276244729535e+00
1.600002920786908645e+00 -1.415647644956714801e+00
-2.405938995973629646e-01 -1.427625392403477633e+00
1.588772160526936927e+00 -1.134170579957784586e+00
-3.366792929326766215e-01 -1.633741493976437753e-01
-3.341835684304614862e-01 -9.450210157875665873e-02
-3.366792929326766215e-01 -2.400317330569272101e-01
1.033473458783885635e+00 -3.634025317585859449e-01
2.485681028369660373e-01 -1.681652483763493022e-01
-4.343166392230115441e-02 -1.747530094720688987e-01
-3.366792929326766215e-01 -3.753802792053488879e-01
3.159526643967967008e-01 -9.820531873838943548e-01
1.043456356792750395e+00 -6.682362042787040046e-01
-2.097014340235806712e-02 -3.729847297159963326e-01
1.600002920786908645e+00 -6.909939244275536963e-01
-2.405938995973629646e-01 -9.035989416075967950e-01
1.588772160526936927e+00 -5.760075489386290437e-01
-3.366792929326766215e-01 6.331460558120950433e-01
-3.341835684304614862e-01 2.001504856116126108e-01
-3.366792929326766215e-01 3.223235095685955121e-01
1.033473458783885635e+00 -1.274409070573551406e-01
2.485681028369660373e-01 1.426572978671506176e-01
-4.343166392230115441e-02 3.349001443876962747e-01
-3.366792929326766215e-01 1.193006903459627593e-01
3.159526643967967008e-01 -6.568573442042791033e-01
1.043456356792750395e+00 -5.149210369601378012e-01
-2.097014340235806712e-02 5.283407656529187646e-01
1.600002920786908645e+00 8.696077223970273551e-02
-2.405938995973629646e-01 -1.525941766955570822e-01
1.588772160526936927e+00 4.443976880369406718e-02
-3.366792929326766215e-01 1.072130499735958642e+00
-3.341835684304614862e-01 7.649012777264880825e-01
-3.366792929326766215e-01 9.523530252683286568e-01
1.033473458783885635e+00 1.918765367685393861e-03
2.485681028369660373e-01 1.075124936597649628e+00
-4.343166392230115441e-02 1.056559428055166672e+00
-3.366792929326766215e-01 7.888567726200139685e-01
3.159526643967967008e-01 -2.454217194079705289e-01
1.043456356792750395e+00 2.288970794838440237e-01
-2.097014340235806712e-02 9.248042061407736325e-01
1.600002920786908645e+00 4.534798441106501210e-01
-2.405938995973629646e-01 2.067382467073326513e-01
1.588772160526936927e+00 1.282840009310349250e-01
-3.366792929326766215e-01 1.149985858139918271e+00
-3.341835684304614862e-01 8.487455098538289056e-01
-3.366792929326766215e-01 1.068537175501929504e+00
1.033473458783885635e+00 1.115151545055666632e-01
2.485681028369660373e-01 1.212270144863085708e+00
-4.343166392230115441e-02 1.257186697788446939e+00
-3.366792929326766215e-01 9.056398102259528571e-01
3.159526643967967008e-01 -1.352264428977508204e-01
1.043456356792750395e+00 3.199279600792425127e-01
-2.097014340235806712e-02 1.026615059438259259e+00
1.600002920786908645e+00 5.067808202487454894e-01
-2.405938995973629646e-01 2.594403354730895339e-01
-7.684396318160382489e-01 1.270362219979886076e+00
-7.684396318160382489e-01 5.151652434614796272e-01
-7.684396318160382489e-01 9.104309092046584118e-01
-7.684396318160382489e-01 1.052367216448799603e+00
-7.684396318160382489e-01 -2.742671587688405577e-02
-7.684396318160382489e-01 -6.466762588745307294e-01
-7.684396318160382489e-01 -7.466904500550015644e-01
-7.684396318160382489e-01 9.697207590661348631e-01
-7.684396318160382489e-01 1.318773251650639522e-01
-7.684396318160382489e-01 2.085349088243467486e-01
-7.684396318160382489e-01 1.512312718404498657e+00
-7.684396318160382489e-01 1.217061243841790930e+00
-7.684396318160382489e-01 1.163760267703695561e+00
-7.684396318160382489e-01 1.135013673831464454e+00
8.912171621575760705e-01 8.637176941622826121e-01
8.912171621575760705e-01 6.505137896099012496e-01
8.912171621575760705e-01 6.505137896099012496e-01
8.912171621575760705e-01 -7.826236923952906155e-01
8.912171621575760705e-01 -6.173307776299612470e-01
8.912171621575760705e-01 -6.276107084483466270e-02
8.912171621575760705e-01 6.120861522916232200e-02
8.912171621575760705e-01 6.038005745675255609e-01
8.912171621575760705e-01 3.504712160684884670e-01
8.912171621575760705e-01 1.229038991288553984e+00
8.912171621575760705e-01 7.277702606415225040e-01
8.912171621575760705e-01 1.535669325925686390e+00
1.215661347445651019e+00 4.918086359402917274e-01
1.215661347445651019e+00 1.175738015150458615e+00
-9.306617244600756678e-01 1.181726888873839698e+00
-9.306617244600756678e-01 1.323663196117981444e+00
-9.306617244600756678e-01 -6.113419039065799421e-01
-9.306617244600756678e-01 -1.394186545041178615e-01
-9.306617244600756678e-01 1.423677387298452501e+00
-9.306617244600756678e-01 -3.753802792053488879e-01
-9.306617244600756678e-01 1.258884514416823697e-01
-9.306617244600756678e-01 1.559624820819212276e+00
-2.942519763950055545e-01 1.571003680893636956e+00
-2.942519763950055545e-01 -2.280539856101642393e-01
-2.942519763950055545e-01 2.172885490093477312e+00
-2.942519763950055545e-01 1.905682876542024173e-01
-2.942519763950055545e-01 1.789597571797062026e+00
-2.942519763950055545e-01 -2.220651118867826568e-01
-2.942519763950055545e-01 2.678247586858236717e-01
-2.942519763950055545e-01 2.308234036241899378e+00
3.421577716700646143e-01 -8.293369074376664152e-01
3.421577716700646143e-01 -1.555188402711503493e+00
3.421577716700646143e-01 -1.242569194350989559e+00
3.421577716700646143e-01 -7.526793237783832025e-01
3.421577716700646143e-01 4.738420147701469798e-01
3.421577716700646143e-01 -1.342583385531460616e+00
3.421577716700646143e-01 -6.999772350126260978e-01
3.421577716700646143e-01 5.211541171848611542e-01
3.421577716700646143e-01 1.624304657031732324e+00
3.421577716700646143e-01 1.417688513575070974e+00
3.421577716700646143e-01 -6.406873851511490914e-01
3.421577716700646143e-01 -7.293227162571952471e-01
3.421577716700646143e-01 -4.070108355696187147e-03
3.421577716700646143e-01 1.672116801330145452e-01
3.421577716700646143e-01 1.972258220360197489e+00
3.421577716700646143e-01 1.854277408009582073e+00
-6.723542384807231764e-01 -7.167460814380941514e-01
1.518891874464889824e+00 -2.244606613761352121e-01
1.518891874464889824e+00 -1.447388675690636672e+00
1.499869849994358573e-01 -9.952287095753338253e-01
1.499869849994358573e-01 7.804723494072798307e-01
1.499869849994358573e-01 2.265015299944914962e-01
-7.659439073138216703e-01 4.864186495892481865e-01
-7.659439073138216703e-01 -7.473881829159781387e-02
-7.659439073138216703e-01 1.108063742076247582e+00
-7.659439073138216703e-01 -6.838072759594960859e-01
8.612684681309848989e-01 -1.209630388872391382e+00
2.139079413265556617e+00 -8.359246685333859839e-01
2.139079413265556617e+00 -1.533029569934992065e+00
1.518891874464889824e+00 -1.270716900850882514e+00
2.139079413265556617e+00 -1.022178641330550475e+00
8.612684681309848989e-01 -2.304495350995167946e-01
8.612684681309848989e-01 -7.436960131933110230e-01
1.518891874464889824e+00 -6.137374533959324419e-01
8.612684681309848989e-01 3.510701034408265087e-01
1.499869849994358573e-01 -4.837788935985540828e-01
2.139079413265556617e+00 -1.654004819147298244e+00
-4.901663498189590684e-01 -1.568962812275281227e+00
-1.363669925594545473e+00 -6.227207639810046214e-01
-4.901663498189590684e-01 -1.205438177266024313e+00
-7.397388000405552555e-01 -4.718011461517909177e-01
-8.645250251513533213e-01 -1.909229685251986885e-01
-6.149525749297571897e-01 -1.112610634553611089e+00
-7.397388000405552555e-01 -9.610921293520592323e-01
-1.363669925594545473e+00 2.169193320370808586e-01
-3.653801247081610026e-01 -6.029574806938458043e-01
-4.901663498189590684e-01 -1.639730367699822333e-01
-4.277732372635600355e-01 -7.035705592466549030e-01
-1.051704362817550420e+00 -8.383202180227384837e-01
-4.901663498189590684e-01 -8.832367709480997142e-01
-5.341456193116584511e-02 -1.256343603914766849e+00
-6.149525749297571897e-01 -2.256584361208117118e-01
-1.782007870419639040e-01 -1.428823167148153939e+00
-4.901663498189590684e-01 -6.209241018639902743e-01
1.337647757350312605e-01 -7.981947640760825857e-01
-5.341456193116584511e-02 -6.346985114277677864e-01
-1.238883700483747408e+00 2.324904037178730787e-01
-3.653801247081610026e-01 -1.361148894073943127e+00
-1.051704362817550420e+00 1.726016664840581138e-01
-1.782007870419639040e-01 -1.695328047838630781e+00
1.961578882904302934e-01 -1.092248463894114119e+00
-2.405938995973629646e-01 -8.766490098523801455e-01
-1.782007870419639040e-01 -1.055117446809148651e+00
-8.645250251513533213e-01 -1.115006184042963699e+00
-1.782007870419639040e-01 -7.898103408633484479e-01
-8.645250251513533213e-01 -8.359246685333859839e-01
-7.397388000405552555e-01 -1.404268784882290122e+00
-6.149525749297571897e-01 -6.041552554385219986e-01
-1.051704362817550420e+00 1.193006903459627593e-01
-1.238883700483747408e+00 -8.323313442993569566e-01
-8.645250251513533213e-01 -1.663685862593347609e-01
1.337647757350312605e-01 -1.274310225084911430e+00
-4.901663498189590684e-01 -5.334865455026204240e-01
-1.158076744865648849e-01 -1.665982566594061298e+00
-2.405938995973629646e-01 -2.346417467058838635e-01
1.961578882904302934e-01 -1.525842921466934232e+00
1.337647757350312605e-01 -9.610921293520592323e-01
-4.277732372635600355e-01 9.714185756945095673e-02
1.337647757350312605e-01 -1.457569761020385268e+00
-1.051704362817550420e+00 -6.814117264701432530e-01
-1.158076744865648849e-01 -1.091050689149437591e+00
-6.149525749297571897e-01 -1.502486313945746499e+00
-7.397388000405552555e-01 -2.657838900674676097e-01
9.258532144846845502e-02 -1.353363358233547142e+00
9.258532144846845502e-02 -8.892256446714813523e-01
9.258532144846845502e-02 -5.257010096622245499e-01
9.258532144846845502e-02 -2.262573234931497257e-01
9.258532144846845502e-02 -3.880557595130876281e-02
9.258532144846845502e-02 3.785200770797445685e-02
9.258532144846845502e-02 1.839805265584828209e-01
1.390362062600768445e+00 -1.757612334561798217e+00
1.390362062600768445e+00 -1.376121078382396945e+00
1.390362062600768445e+00 -1.041941924617709292e+00
1.390362062600768445e+00 -8.305346821823426096e-01
1.390362062600768445e+00 -7.017738971296403339e-01
1.390362062600768445e+00 -6.430829346405019242e-01
1.028482009779454032e+00 -8.718579108736748129e-01
1.028482009779454032e+00 -5.897819585024065558e-01
1.028482009779454032e+00 -1.464756409488443101e+00
1.028482009779454032e+00 -2.735694259078634838e-01
1.028482009779454032e+00 -2.088895896953434361e-01
1.028482009779454032e+00 -1.268420196850166826e-01
1.115832367357012522e+00 -1.587528320817763516e+00
1.115832367357012522e+00 -5.316898833856058548e-01
1.115832367357012522e+00 -4.903666546942737070e-01
1.115832367357012522e+00 -3.610069822692333896e-01
4.794226192919424645e-01 -7.952991727030291058e-02
4.794226192919424645e-01 1.988538653782970927e-02
4.794226192919424645e-01 -1.394087699552541304e+00
4.794226192919424645e-01 -4.963555284176550675e-01
4.794226192919424645e-01 -1.735552347273924267e-01
1.390362062600768445e+00 -1.546803979498769355e+00
8.912171621575760705e-01 -1.675564764551471741e+00
8.912171621575760705e-01 -1.411455433350347732e+00
7.414736920246184360e-01 -1.476135269562867780e+00
7.414736920246184360e-01 -1.106621760830229562e+00
1.175425664706280793e-01 -1.094644013383466508e+00
1.175425664706280793e-01 -3.142937672268576454e-01
4.295081292476232715e-01 -1.294672395744408622e+00
4.295081292476232715e-01 -6.778184022361144478e-01
2.672860366035857416e-01 -1.212025938361743993e+00
2.672860366035857416e-01 -5.370798697366492291e-01
-1.944229963063670852e-01 -5.843919721513631815e-01
-1.944229963063670852e-01 1.432561852394886592e-01
-3.566450889504045874e-01 4.720453526531329103e-01
-3.566450889504045874e-01 -3.400459242373980451e-01
5.792515993805809060e-01 -1.382708839478116403e+00
5.792515993805809060e-01 -8.952145183948626572e-01
-4.467952617340941596e-02 -9.305488733628135556e-01
-4.467952617340941596e-02 -9.150766471706607563e-02
-1.791686677724582344e+00 -9.748665389158367445e-01
-9.918069747643665224e-01 7.121991889607307558e-01
9.508104595068499199e-02 4.528809567383120793e-01
-3.129699101616252865e-01 -3.550181085458518071e-01
-1.010524908530986199e+00 -1.731860177551257873e+00
3.309270114100930638e-01 -1.573852756742626091e-01
3.296791491589847745e-01 -1.851637652018887747e+00
2.101643545732317264e+00 -1.871400935306046565e+00
2.101643545732317264e+00 -6.203252144916520106e-01
3.309270114100930638e-01 -6.903950370552156546e-01
-1.010524908530986199e+00 -1.118698353765629344e-01
4.070466087276801703e-01 -1.461761972626752337e+00
9.411316522018953190e-01 -9.119833648203309329e-01
-1.779208055213502560e+00 -5.945730574811116664e-01
9.411316522018953190e-01 -3.945446751201696634e-01
1.476464557927218868e+00 -2.873438354716409404e-01
-3.129699101616252865e-01 -1.522848484605243469e+00
9.508104595068499199e-02 -1.292375691743696542e-01
8.188411515933138318e-01 -4.759933577581579867e-01
-9.918069747643665224e-01 -9.862453989902614238e-01
1.038464907788317237e+00 -1.462959747371428421e+00
-7.172772795206107110e-01 -1.379115515244087709e+00
-7.172772795206107110e-01 2.097326835690232205e-01
2.115370030494505560e+00 -1.858824300486945358e+00
-6.960636212517758992e-01 -1.180284907627821900e+00
-1.779208055213502560e+00 4.528809567383120793e-01
-3.054827366549771051e-01 -9.221644501500794178e-01
1.038464907788317237e+00 -1.729464628061905040e+00
-2.942519763950055545e-01 -1.244964743840341947e+00
-3.054827366549771051e-01 -1.332402300201712020e+00
3.296791491589847745e-01 -1.969118422485802711e-01
-1.010524908530986199e+00 -1.201844853031995397e+00
2.101643545732317264e+00 -1.685146962508881963e+00
-6.960636212517758992e-01 1.785905402074392523e-01
-2.942519763950055545e-01 -1.687641357486873162e-01
2.101643545732317264e+00 -1.110215085064258478e+00
1.038464907788317237e+00 -6.909939244275536963e-01
3.296791491589847745e-01 -7.047683339913310974e-01
8.188411515933138318e-01 4.623643092070858079e-02
-7.172772795206107110e-01 8.930631754068516504e-01
8.188411515933138318e-01 -1.327012313850668646e+00
-1.779208055213502560e+00 -1.298265719978437316e+00
-3.054827366549771051e-01 7.163914005670978247e-01
9.411316522018953190e-01 -2.005551706709792104e+00
9.508104595068499199e-02 -1.133571692585446211e+00
-6.960636212517758992e-01 -7.365093647252531905e-01
-2.942519763950055545e-01 -1.737250163902301026e+00
-2.942519763950055545e-01 2.324904037178730787e-01
2.115370030494505560e+00 -1.069490743745264316e+00
-3.054827366549771051e-01 -1.759507842167449543e-01
1.476464557927218868e+00 -8.065791872888165015e-01
3.296791491589847745e-01 -1.498892989711717583e+00
9.411316522018953190e-01 -1.682751413019529574e+00
-1.791686677724582344e+00 3.510701034408265087e-01
-1.791686677724582344e+00 -1.572556136509309699e+00
8.188411515933138318e-01 -1.733057952295934179e+00
-6.960636212517758992e-01 8.810854279600889294e-01
4.070466087276801703e-01 -1.116802846159977936e+00
4.070466087276801703e-01 -3.220793030672535195e-01
-9.918069747643665224e-01 -1.562375051179561325e+00
3.309270114100930638e-01 -1.946261856848315208e+00
2.115370030494505560e+00 -5.688209004705712113e-01
4.070466087276801703e-01 4.450954208979159832e-01
1.476464557927218868e+00 -1.768991194636222897e+00
1.038464907788317237e+00 -2.226639992591206985e-01
-9.918069747643665224e-01 6.839526369721996013e-02
-1.779208055213502560e+00 1.124832588501715858e+00
-7.172772795206107110e-01 -8.586823886822355645e-01
9.508104595068499199e-02 -1.564770600668914158e+00
2.115370030494505560e+00 -1.643823733817549870e+00
-3.129699101616252865e-01 2.300948542285200793e-01
1.476464557927218868e+00 -1.540815105775388050e+00
-3.129699101616252865e-01 -1.855829863625254816e+00
3.309270114100930638e-01 -1.525244034094596079e+00
-1.010524908530986199e+00 4.642598168127368141e-01
-1.791686677724582344e+00 9.607374484810627946e-01
7.040378244913789718e-01 -1.435410928243873618e+00
7.040378244913789718e-01 -1.112610634553611089e+00
7.040378244913789718e-01 -4.783889072475107640e-01
7.040378244913789718e-01 -3.471220983358156743e-03
7.040378244913789718e-01 1.726016664840581138e-01
5.917302218916606904e-01 -1.288084634648688720e+00
5.917302218916606904e-01 -1.100632887106848035e+00
5.917302218916606904e-01 -2.442239446632942512e-01
5.917302218916606904e-01 1.252895640693439117e-01
5.917302218916606904e-01 2.133260078030522755e-01
4.419867517587030559e-01 -1.194658204563937787e+00
4.419867517587030559e-01 -1.605494941987908319e+00
4.419867517587030559e-01 -1.322320060360602234e-01
4.419867517587030559e-01 2.899835914623350441e-01
4.419867517587030559e-01 3.019613389090982092e-01
1.924143015371069243e-01 -1.423433180797110564e+00
1.924143015371069243e-01 -1.094644013383466508e+00
-5.715814868448922115e-02 -1.012596443373140032e+00
-5.715814868448922115e-02 -6.370940609171202862e-01
-4.939099365722824930e-01 -2.909371597056698011e-01
-6.561320292163199674e-01 4.834242127275575895e-01
-6.561320292163199674e-01 1.105668192586894971e+00
-4.939099365722824930e-01 6.719748895254347432e-02
5.234963870909812612e-03 -1.276705774574264041e+00
5.234963870909812612e-03 -8.011892009377732382e-01
-2.003823260412938900e+00 -1.388098825829159777e+00
-2.003823260412938900e+00 -5.843919721513631815e-01
-2.003823260412938900e+00 -1.561875009295861372e-01
-2.003823260412938900e+00 6.719748895254347432e-02
-2.003823260412938900e+00 4.954019601743207546e-01
-2.003823260412938900e+00 1.005654001406423914e+00
-2.003823260412938900e+00 1.433858472628200875e+00
-2.003823260412938900e+00 1.886018438743503944e+00
-2.003823260412938900e+00 2.026756971242968941e+00
-2.003823260412938900e+00 2.144138896221246426e+00
-2.003823260412938900e+00 2.296855176167474699e+00
1.771358638198962041e-02 -1.059309658415515720e+00
1.771358638198962041e-02 -7.957992145867298639e-01
1.771358638198962041e-02 -5.077343884920799688e-01
1.771358638198962041e-02 -3.496281221948084883e-01
1.771358638198962041e-02 -2.675805521844819013e-01
1.771358638198962041e-02 -1.855329821741555640e-01
-1.320298837509680523e-01 -1.769590082008561271e+00
-1.320298837509680523e-01 -1.264728027127500987e+00
-1.320298837509680523e-01 -7.544759858953976606e-01
-1.320298837509680523e-01 -4.729989208964672232e-01
-1.320298837509680523e-01 -2.675805521844819013e-01
6.416447119359799389e-01 1.905682876542024173e-01
6.416447119359799389e-01 3.247190590579480673e-01
4.045508842254636472e-01 -1.247360293329694558e+00
6.416447119359799389e-01 -1.335396737063402783e+00
-4.315168240168834046e-01 -7.077627708530219719e-01
-4.315168240168834046e-01 9.594408282477490113e-02
1.300211889817078914e-01 -1.458168648392723421e+00
5.234963870909812612e-03 -8.011892009377732382e-01
-2.443374863506863337e-01 -8.778467845970564509e-01
-2.443374863506863337e-01 -2.382350709399126687e-01
-5.715814868448922115e-02 -1.258739153404119460e+00
-5.715814868448922115e-02 -6.370940609171202862e-01
1.924143015371069243e-01 -1.094644013383466508e+00
-1.070726387288084558e-01 -1.294672395744408622e+00
-1.070726387288084558e-01 -8.485013033524871906e-01
-1.070726387288084558e-01 -3.849624771627592756e-01
6.416447119359799389e-01 -1.335396737063402783e+00
6.416447119359799389e-01 -1.171301597042749609e+00
6.416447119359799389e-01 -2.615916784611005408e-01
6.416447119359799389e-01 8.456522275034976388e-02
4.045508842254636472e-01 -1.059309658415515720e+00
4.045508842254636472e-01 -1.855329821741555640e-01
4.045508842254636472e-01 2.199137688987718720e-01
4.045508842254636472e-01 3.133401989835229440e-01
4.045508842254636472e-01 3.780200351960433802e-01
5.418157318473415529e-01 -1.059309658415515720e+00
5.418157318473415529e-01 -5.436676308323690199e-01
-2.003823260412938900e+00 1.563218145053241415e+00
-2.003823260412938900e+00 6.828537077161612734e-01
-2.003823260412938900e+00 9.116286839493344951e-01
-2.003823260412938900e+00 1.158370281352651965e+00
-2.003823260412938900e+00 3.486745539514739534e-01
1.300211889817078914e-01 -1.324017876988977882e+00
1.300211889817078914e-01 -9.658832283307643429e-01
-2.443374863506863337e-01 -2.496139310143375978e-01
-1.944229963063670852e-01 -1.000618695926377200e+00
-1.944229963063670852e-01 2.253037552498149965e-01
-1.944229963063670852e-01 7.768790251732508034e-01
-4.315168240168834046e-01 -7.077627708530219719e-01
-4.315168240168834046e-01 9.594408282477490113e-02
1.300211889817078914e-01 -1.458168648392723421e+00
1.300211889817078914e-01 -9.658832283307643429e-01
9.536102747129751034e-01 -1.247360293329694558e+00
9.536102747129751034e-01 -4.729989208964672232e-01
9.536102747129751034e-01 -6.815105719587820354e-02
9.536102747129751034e-01 9.055409647373134641e-02
9.536102747129751034e-01 1.372673115161070767e-01
-2.003823260412938900e+00 -1.208531459616355302e-01
-2.003823260412938900e+00 3.953877689938496975e-01
-2.003823260412938900e+00 7.535224176520629591e-01
-2.003823260412938900e+00 1.205083496395027653e+00
-2.003823260412938900e+00 1.375167510139062355e+00
-2.003823260412938900e+00 1.874040691296740890e+00
3.296791491589847745e-01 -9.012033921182442953e-01
3.296791491589847745e-01 -6.370940609171202862e-01
3.296791491589847745e-01 -3.729847297159963326e-01
5.418157318473415529e-01 -8.425124296291055526e-01
-4.939099365722824930e-01 1.959582740052459859e-01
-6.561320292163199674e-01 -6.844061633318340165e-01
1.527626910222646295e+00 8.798876532154125130e-01
1.527626910222646295e+00 2.345963940699202332e+00
-1.167755552170592015e+00 8.097189851632115298e-02
-4.065595789947238359e-01 -1.232486954509880717e-01
-1.442285247414347715e+00 -1.156928300106634167e+00
6.915592019802991874e-01 -9.479166071606199839e-01
-9.805762145043949163e-01 3.186313398459287433e-02
-1.529635604991906428e+00 -1.274409070573551406e-01
8.787385396464962861e-01 -1.221608136319154214e+00
-6.436534067052401831e-01 -1.436108661104849304e-01
-5.438244266166016860e-01 1.935627245158930143e-01
-6.686106517273997518e-01 -4.873722178325828880e-01
-1.117841062126272877e+00 -5.364809823643111875e-01
3.795936392033040230e-01 5.678673322272365098e-01
-8.557899893935968505e-01 -3.412436989820743505e-01
-1.972228115124980211e-02 -1.212624825734081924e+00
1.424998114927876758e-01 5.265441035359043065e-01
-1.479721114947587290e+00 1.060152752289195810e+00
5.234963870909812612e-03 1.281142192681972825e+00
-2.069016188174468973e-01 1.802174206616162788e+00
3.920722617143838074e-01 1.018230636225525121e+00
5.917302218916606904e-01 -1.448086408551614301e-01
-5.563030491276814704e-01 -1.065298532138897247e+00
-9.431403469711555632e-01 9.235075859074586002e-02
-7.933968768381978176e-01 -1.783463337060975096e-01
5.168584868251818731e-01 4.085632911852888904e-01
-4.564740690390430289e-01 2.540503491220464372e-01
-9.680975919933151319e-01 3.666411751216182568e-01
2.048929240481867364e-01 1.521894916361908656e+00
5.514945391522903945e-02 3.025602262814362509e-01
-4.689526915501228688e-01 -1.507975145785430127e-01
-8.058754993492776020e-01 9.942751413319992349e-01
9.036957846686559659e-01 -1.241371419606313253e+00
1.175425664706280793e-01 1.582283695479423935e-01
8.010669893738865677e-02 8.636188486736427750e-02
-1.467242492436507506e+00 -3.521225171728015191e-02
6.915592019802991874e-01 3.780200351960433802e-01
-3.691237114614843717e-01 -2.364384088228981551e-01
2.048929240481867364e-01 3.426856802280923708e-01
-1.067926572081953518e+00 2.175182194094193167e-01
6.666019569581396187e-01 1.252895640693439117e-01
-6.963677119556903328e-02 5.067808202487454894e-01
4.919012418030223044e-01 -2.777616375142305527e-01
8.010669893738865677e-02 -7.263282793955044836e-01
1.924143015371069243e-01 -1.831374326848030365e-01
-1.569871287731276766e-01 -2.046973780889763672e-01
-9.805762145043949163e-01 -4.304779174604587699e-01
-1.055447949570873734e+00 5.881306573980935037e-02
-9.556189694822353475e-01 -1.050326347830443430e+00
1.228139969956730804e+00 -1.651708115146582889e-01
5.514945391522903945e-02 -2.633883405781148324e-01
2.672860366035857416e-01 -2.867449480993027322e-01
6.291660894249001545e-01 5.133685813444650581e-01
5.293371093362616575e-01 -1.415647644956714801e+00
-1.055447949570873734e+00 -6.143363407682707056e-01
-2.568161088617661458e-01 3.725312033563599884e-02
1.490191042689406942e+00 -1.711596852380398714e-01
-5.687816716387612548e-01 -7.173449688104323041e-01
6.291660894249001545e-01 -5.742108868216145856e-01
7.040378244913789718e-01 -1.070089631117602469e+00
2.298501690703463329e-01 2.911813662070115161e-01
6.042088444027405858e-01 -1.006607569649758505e+00
-5.063885590833622219e-01 -1.256442449403406270e-01
-7.559610093049584645e-01 -1.633642648487801274e+00
-1.192712797192751584e+00 -1.338990061297431478e+00
-1.445085062620478644e-01 -2.142795760463865606e-01
8.010669893738865677e-02 -7.365093647252531905e-01
-1.629464585080544925e+00 -3.651991938756004585e-01
-1.320298837509680523e-01 8.355699876623896571e-01
-1.819443737952873008e-01 9.954729160766753182e-01
2.548074140925059572e-01 3.061535505154652781e-01
5.418157318473415529e-01 5.415162878443580130e-01
4.794226192919424645e-01 -1.354561132978223448e+00
-1.230148664725991159e+00 9.654297019711292893e-02
3.920722617143838074e-01 -3.562158832905280570e-01
3.546363941811443987e-01 1.245208950341683884e+00
-9.556189694822353475e-01 -1.398878798531246526e+00
1.178225479912411666e+00 -7.203394056721231786e-01
3.920722617143838074e-01 -1.349171146627180295e+00
-3.566450889504045874e-01 2.157215572924048030e-01
-1.042969327059793949e+00 6.235638578546843780e-01
6.042088444027405858e-01 5.211541171848611542e-01
5.418157318473415529e-01 -7.233338425338139421e-01
5.234963870909812612e-03 -5.796008731726578489e-01
1.377883440089688660e+00 -1.215619262595772909e+00
-1.342456267325709440e+00 4.642598168127368141e-01
1.300211889817078914e-01 2.517652740023424481e-03
-1.055447949570873734e+00 3.133401989835229440e-01
-9.306617244600756678e-01 -4.089179720562853837e-01
-1.694657512842074887e-01 6.241627452270228638e-01
6.790805794692194031e-01 -5.328876581302821602e-01
1.190704102423491451e+00 -1.513865174020171400e+00
6.042088444027405858e-01 -6.418851598958253968e-01
-1.195512612398882540e-01 -4.041268730775801066e-01
1.178225479912411666e+00 -1.561776163807223172e+00
-3.067305989060853388e-01 -1.208531459616355302e-01
-1.691857697635943847e+00 2.408748269306071887e-01
1.175425664706280793e-01 -5.298932212685916188e-01
-1.654421830102704494e+00 -5.143221495877996485e-01
-1.167755552170592015e+00 -3.095026682481525349e-01
-8.682686119046766349e-01 -1.657696988869967469e-01
-1.879037035302141057e+00 -6.730273032574093373e-01
-1.629464585080544925e+00 -8.329302316716952204e-01
-1.305020399792469865e+00 -2.957282586843750782e-01
-8.058754993492776020e-01 -1.226399235297859436e+00
-2.016301882924019129e+00 -6.874006001935248911e-01
-1.716814942658103638e+00 -7.143505319487415406e-01
-1.879037035302141057e+00 -7.718437196932039779e-01
-1.991344637901859338e+00 -3.837647024180830257e-01
-9.755847654999633134e-01 -4.304779174604587699e-01
-1.059191536324197047e+00 5.881306573980935037e-02
-9.593625562355586611e-01 -1.049727460458105499e+00
1.225644245454514447e+00 -1.855329821741555640e-01
6.014090291966067703e-02 -2.633883405781148324e-01
2.710296233569091107e-01 -4.119124089179759807e-01
6.291660894249001545e-01 3.061535505154652781e-01
5.280892470851534792e-01 -1.415647644956714801e+00
-1.059191536324197047e+00 -6.143363407682707056e-01
-2.518246598573344874e-01 3.725312033563599884e-02
1.486447455936083406e+00 -1.711596852380398714e-01
-5.737731206431929687e-01 -7.173449688104323041e-01
6.291660894249001545e-01 -5.742108868216145856e-01
7.052856867424872611e-01 -1.069490743745264316e+00
2.360894803258862529e-01 1.684094548776910449e-01
6.067045689049570534e-01 -1.006607569649758505e+00
-5.113800080877939358e-01 -1.256442449403406270e-01
-7.572088715560666428e-01 -1.633642648487801274e+00
-1.192712797192751584e+00 -1.338990061297431478e+00
-1.420127817598313413e-01 -2.136806886740485467e-01
8.385028569071202587e-02 -7.365093647252531905e-01
-1.623225273825005033e+00 -3.646003065032621948e-01
-1.332777460020763416e-01 8.355699876623896571e-01
-1.757050625397473809e-01 9.960718034490138040e-01
2.573031385947224803e-01 3.061535505154652781e-01
5.393200073451249743e-01 5.421151752166960547e-01
4.731833080364025723e-01 -1.354561132978223448e+00
-1.232644389228207515e+00 9.654297019711292893e-02
3.958158484677071765e-01 -3.562158832905280570e-01
3.583799809344677678e-01 1.245807837714021815e+00
-9.593625562355586611e-01 -1.398878798531246526e+00
1.174481893159088353e+00 -7.203394056721231786e-01
3.908243994632755736e-01 -1.349171146627180295e+00
-3.628844002059444795e-01 2.157215572924048030e-01
-1.040473602557577371e+00 6.235638578546843780e-01
6.067045689049570534e-01 5.211541171848611542e-01
5.393200073451249743e-01 -7.233338425338139421e-01
8.978550624233187782e-03 -5.790019858003199182e-01
1.381627026843011974e+00 -1.215020375223434534e+00
-1.347447716330141043e+00 4.648587041850748558e-01
1.300211889817078914e-01 3.116540112361454885e-03
-1.059191536324197047e+00 3.133401989835229440e-01
-9.369010357156155600e-01 -4.089179720562853837e-01
-1.682178890330992271e-01 6.247616325993609054e-01
6.853198907247592953e-01 -5.328876581302821602e-01
1.186960515670168137e+00 -1.513865174020171400e+00
6.067045689049570534e-01 -6.418851598958253968e-01
-1.145598122354566234e-01 -4.041268730775801066e-01
1.174481893159088353e+00 -1.561776163807223172e+00
-3.029870121527619697e-01 -1.208531459616355302e-01
-1.171499138923915329e+00 8.097189851632115298e-02
-4.015681299902921775e-01 -1.232486954509880717e-01
-1.443533109665456005e+00 -1.156928300106634167e+00
6.977985132358390796e-01 -9.479166071606199839e-01
-9.855676635088266302e-01 3.186313398459287433e-02
-1.527139880489689849e+00 1.438550726118267009e-01
8.849778509020361783e-01 -1.221608136319154214e+00
-6.374140954497002909e-01 -1.436108661104849304e-01
-5.388329776121700831e-01 1.941616118882314723e-01
-6.723542384807231764e-01 -4.873722178325828880e-01
-1.119088924377381167e+00 -5.364809823643111875e-01
3.795936392033040230e-01 5.678673322272365098e-01
-8.532942648913803829e-01 -3.412436989820743505e-01
-1.722655664903327208e-02 -1.212624825734081924e+00
1.462433982461110726e-01 5.265441035359043065e-01
-1.475977528194263755e+00 1.060152752289195810e+00
5.234963870909812612e-03 1.281741080054310977e+00
-2.081494810685551589e-01 1.802174206616162788e+00
3.908243994632755736e-01 1.018829523597863274e+00
5.967216708960924043e-01 -1.448086408551614301e-01
-5.575509113787897597e-01 -1.065298532138897247e+00
-9.468839337244788767e-01 9.235075859074586002e-02
-7.971404635915212422e-01 -3.042115273857463192e-02
5.193542113273984517e-01 4.085632911852888904e-01
-4.614655180434746873e-01 2.540503491220464372e-01
-9.693454542444234212e-01 4.780342263765140487e-01
2.048929240481867364e-01 1.522493803734247253e+00
6.014090291966067703e-02 3.025602262814362509e-01
-4.739441405545544717e-01 -1.501986272062045547e-01
-7.996361880937377098e-01 9.948740287043372765e-01
9.036957846686559659e-01 -1.241371419606313253e+00
1.162947042195198039e-01 1.582283695479423935e-01
7.636311218406527379e-02 8.696077223970273551e-02
-1.472233941440939109e+00 -3.521225171728015191e-02
6.977985132358390796e-01 3.786189225683814219e-01
-3.666279869592678486e-01 -2.358395214505601412e-01
2.098843730526183671e-01 3.426856802280923708e-01
-1.065430847579737161e+00 2.181171067817573583e-01
6.641062324559230401e-01 1.258884514416823697e-01
-6.589318444224565030e-02 5.067808202487454894e-01
4.968926908074539073e-01 -2.777616375142305527e-01
8.010669893738865677e-02 -7.257293920231664419e-01
1.911664392859986628e-01 -1.825385453124645785e-01
-1.507478175175877844e-01 -2.046973780889763672e-01
