4.550000000000000000e+02
4.850000000000000000e+02
5.320000000000000000e+02
7.540000000000000000e+02
5.740000000000000000e+02
4.490000000000000000e+02
6.610000000000000000e+02
3.170000000000000000e+02
2.040000000000000000e+02
6.690000000000000000e+02
4.910000000000000000e+02
1.300000000000000000e+01
6.790000000000000000e+02
1.220000000000000000e+02
2.190000000000000000e+02
4.940000000000000000e+02
2.920000000000000000e+02
3.590000000000000000e+02
1.840000000000000000e+02
8.000000000000000000e+00
2.100000000000000000e+02
1.470000000000000000e+02
5.470000000000000000e+02
3.570000000000000000e+02
3.580000000000000000e+02
5.300000000000000000e+01
5.410000000000000000e+02
4.830000000000000000e+02
5.040000000000000000e+02
2.610000000000000000e+02
7.580000000000000000e+02
6.560000000000000000e+02
4.750000000000000000e+02
1.280000000000000000e+02
1.140000000000000000e+02
4.520000000000000000e+02
2.210000000000000000e+02
5.770000000000000000e+02
2.200000000000000000e+01
4.040000000000000000e+02
2.340000000000000000e+02
5.560000000000000000e+02
2.430000000000000000e+02
1.830000000000000000e+02
4.300000000000000000e+01
5.830000000000000000e+02
2.260000000000000000e+02
3.550000000000000000e+02
2.560000000000000000e+02
3.950000000000000000e+02
6.700000000000000000e+02
9.200000000000000000e+01
6.200000000000000000e+01
3.000000000000000000e+01
5.070000000000000000e+02
5.140000000000000000e+02
1.530000000000000000e+02
4.710000000000000000e+02
4.360000000000000000e+02
3.840000000000000000e+02
5.900000000000000000e+02
6.170000000000000000e+02
6.550000000000000000e+02
6.970000000000000000e+02
3.710000000000000000e+02
5.600000000000000000e+01
2.580000000000000000e+02
2.800000000000000000e+01
5.440000000000000000e+02
3.410000000000000000e+02
5.370000000000000000e+02
5.520000000000000000e+02
2.970000000000000000e+02
1.200000000000000000e+01
3.560000000000000000e+02
1.400000000000000000e+01
2.070000000000000000e+02
2.050000000000000000e+02
7.120000000000000000e+02
7.430000000000000000e+02
5.400000000000000000e+02
7.100000000000000000e+02
3.480000000000000000e+02
6.710000000000000000e+02
2.760000000000000000e+02
5.980000000000000000e+02
5.430000000000000000e+02
3.300000000000000000e+02
6.010000000000000000e+02
3.510000000000000000e+02
6.650000000000000000e+02
7.440000000000000000e+02
5.990000000000000000e+02
3.900000000000000000e+01
3.970000000000000000e+02
4.210000000000000000e+02
4.230000000000000000e+02
3.370000000000000000e+02
2.000000000000000000e+00
6.420000000000000000e+02
2.570000000000000000e+02
2.020000000000000000e+02
1.450000000000000000e+02
6.670000000000000000e+02
5.110000000000000000e+02
