1.421971320381944626e+00 8.622873645079897065e-01
-1.930645799296391019e-01 -1.202228814429827208e+00
-1.080626904395557419e-01 2.009240797251221178e+00
-1.043083474830472701e+00 -1.071148422116315002e+00
-2.306080094947238548e-02 5.018162856458311394e-01
-2.780664694197224618e-01 -1.863557740001078045e-01
-6.180740273800559015e-01 -1.431619500978473569e+00
-3.630683589098058217e-01 -2.191258720784858560e-01
1.676976988852194594e+00 2.468022170348513900e+00
1.761978878342278065e+00 1.085751087052946040e-01
-2.780664694197224618e-01 -3.829763624703760860e-01
6.194108854061097097e-02 1.517689326075550627e+00
2.016984546812528034e+00 5.673564818025872425e-01
2.186988325792694976e+00 2.205861385721489487e+00
1.506973209872027875e+00 1.452149129918794523e+00
-1.080626904395557419e-01 -7.106773432541565461e-01
-1.930645799296391019e-01 -1.208155778433517152e-01
-1.930645799296391019e-01 -4.812866567055102407e-01
-2.306080094947238548e-02 -6.123670490190223914e-01
-1.080626904395557419e-01 -2.191258720784858560e-01
-5.330721378899725416e-01 1.413452067836726556e-01
1.421971320381944626e+00 -7.434474413325345976e-01
6.569543149711944974e-01 2.435252072270135848e+00
-3.630683589098058217e-01 -8.804547976497366368e-02
1.506973209872027875e+00 6.984368741160994487e-01
6.569543149711944974e-01 1.085751087052946040e-01
8.269580939513611062e-01 8.295172664296116549e-01
-9.580815853403892302e-01 -8.089876374892907007e-01
2.016984546812528034e+00 7.639770702728555518e-01
4.019486465009443621e-01 -1.535856759217297529e-01
2.271990215282778003e+00 -4.157464605487541376e-01
-4.480702483998891816e-01 1.189988345291770111e+00
-9.580815853403892302e-01 -1.103918520194693054e+00
-4.480702483998891816e-01 -9.728381278811808475e-01
9.969618729315278260e-01 1.026481447016047190e-02
-2.306080094947238548e-02 -6.123670490190223914e-01
1.469429780306943101e-01 5.345863837242091909e-01
1.081963762421611186e+00 -6.451371470974004430e-01
-5.330721378899725416e-01 -1.038378324037936951e+00
1.931982657322444785e+00 -3.502062643919980345e-01
-6.180740273800559015e-01 1.910930503016087023e+00
3.169467570108610022e-01 3.707358933323189887e-01
1.251967541401777906e+00 -5.140567547838882367e-01
1.761978878342278065e+00 1.615999620310684781e+00
5.719524254811111375e-01 1.222758443370148163e+00
-7.030759168701392614e-01 1.910930503016087023e+00
-3.630683589098058217e-01 7.967471683512336034e-01
-9.580815853403892302e-01 -1.661010187527119930e+00
-1.930645799296391019e-01 -6.123670490190223914e-01
-7.880778063602226213e-01 -5.468268528622662883e-01
-9.580815853403892302e-01 -6.123670490190223914e-01
-6.180740273800559015e-01 -6.779072451757784945e-01
-2.780664694197224618e-01 -1.103918520194693054e+00
2.101986436302611505e+00 1.779850110702575039e+00
7.419562044612777463e-01 9.278275606647456986e-01
-1.043083474830472701e+00 -1.595469991370363827e+00
6.569543149711944974e-01 2.140321189564733384e+00
-1.930645799296391019e-01 -7.106773432541565461e-01
9.119599834414444661e-01 7.967471683512336034e-01
-9.580815853403892302e-01 -5.468268528622662883e-01
-1.043083474830472701e+00 -1.234998912508205260e+00
4.869505359910277220e-01 3.707358933323189887e-01
2.319448675207776700e-01 -2.545802835643327100e+00
-7.880778063602226213e-01 6.328966779593433456e-01
7.419562044612777463e-01 -2.518959701568638798e-01
-1.080626904395557419e-01 -7.434474413325345976e-01
4.019486465009443621e-01 -4.157464605487541376e-01
1.761978878342278065e+00 -4.157464605487541376e-01
-7.030759168701392614e-01 -8.745278336460468038e-01
-5.330721378899725416e-01 7.967471683512336034e-01
-4.480702483998891816e-01 -7.106773432541565461e-01
-6.180740273800559015e-01 5.673564818025872425e-01
7.419562044612777463e-01 1.413452067836726556e-01
-8.730796958503058702e-01 2.396555010188067825e-01
-9.580815853403892302e-01 -1.398849402900095518e+00
6.569543149711944974e-01 -1.955941070232522172e+00
-5.330721378899725416e-01 -8.745278336460468038e-01
-6.180740273800559015e-01 3.051956971755628856e-01
-7.880778063602226213e-01 -3.174361663136199829e-01
-9.580815853403892302e-01 -2.846660682352419314e-01
-9.580815853403892302e-01 -1.562699893291985775e+00
2.319448675207776700e-01 -1.267769010586583311e+00
-9.580815853403892302e-01 -6.779072451757784945e-01
3.169467570108610022e-01 5.018162856458311394e-01
-5.330721378899725416e-01 -3.829763624703760860e-01
9.969618729315278260e-01 -5.140567547838882367e-01
-6.180740273800559015e-01 -7.106773432541565461e-01
8.269580939513611062e-01 4.690461875674530878e-01
-7.880778063602226213e-01 -4.812866567055102407e-01
-1.043083474830472701e+00 -1.366079304821717466e+00
6.194108854061097097e-02 4.303491254853851478e-02
7.419562044612777463e-01 -1.333309206743339415e+00
2.271990215282778003e+00 4.035059914106970402e-01
-1.043083474830472701e+00 6.656667760377213972e-01
5.719524254811111375e-01 7.312069721944775003e-01
-7.880778063602226213e-01 -9.728381278811808475e-01
-9.580815853403892302e-01 -1.661010187527119930e+00
-8.730796958503058702e-01 -9.400680298028029069e-01
-1.930645799296391019e-01 1.026481447016047190e-02
-2.306080094947238548e-02 1.353838835683660369e+00
-9.580815853403892302e-01 9.605976587431237501e-01
-1.043083474830472701e+00 1.085751087052946040e-01
-7.880778063602226213e-01 -1.333309206743339415e+00
-5.330721378899725416e-01 -1.202228814429827208e+00
-1.043083474830472701e+00 1.413452067836726556e-01
-5.330721378899725416e-01 -8.417577355676687523e-01
3.169467570108610022e-01 7.312069721944775003e-01
-7.030759168701392614e-01 -1.267769010586583311e+00
-7.880778063602226213e-01 -8.745278336460468038e-01
-7.880778063602226213e-01 1.615999620310684781e+00
1.081963762421611186e+00 1.091678051056635956e+00
-8.730796958503058702e-01 -1.071148422116315002e+00
-7.030759168701392614e-01 -1.497159697135229672e+00
4.869505359910277220e-01 1.255528541448526214e+00
2.356992104772861474e+00 7.967471683512336034e-01
4.019486465009443621e-01 7.580501062691656633e-02
-7.030759168701392614e-01 -1.431619500978473569e+00
-9.580815853403892302e-01 -8.089876374892907007e-01
-1.043083474830472701e+00 -7.434474413325345976e-01
-7.030759168701392614e-01 1.321068737605282317e+00
-7.880778063602226213e-01 -3.502062643919980345e-01
-8.730796958503058702e-01 -4.812866567055102407e-01
3.037007220693528353e+00 3.379657952539409371e-01
-8.730796958503058702e-01 -2.846660682352419314e-01
-6.180740273800559015e-01 -1.103918520194693054e+00
-2.780664694197224618e-01 -5.527538168659561907e-02
-8.730796958503058702e-01 -1.208155778433517152e-01
5.719524254811111375e-01 -1.535856759217297529e-01
2.441993994262944945e+00 -5.468268528622662883e-01
-2.306080094947238548e-02 1.681539816467440884e+00
-2.306080094947238548e-02 1.026481447016047190e-02
-2.780664694197224618e-01 1.583229522232306730e+00
4.869505359910277220e-01 -1.234998912508205260e+00
-6.180740273800559015e-01 -8.417577355676687523e-01
-1.930645799296391019e-01 1.085751087052946040e-01
-1.043083474830472701e+00 -7.106773432541565461e-01
-9.580815853403892302e-01 -9.400680298028029069e-01
-3.630683589098058217e-01 2.396555010188067825e-01
-4.480702483998891816e-01 -5.468268528622662883e-01
1.846980767832361314e+00 2.068854029404287587e-01
4.019486465009443621e-01 -5.140567547838882367e-01
-9.580815853403892302e-01 -4.485165586271321891e-01
7.419562044612777463e-01 -4.485165586271321891e-01
-8.730796958503058702e-01 1.058907952978257905e+00
-1.043083474830472701e+00 -6.451371470974004430e-01
6.569543149711944974e-01 -2.119791560624412430e+00
6.194108854061097097e-02 -5.140567547838882367e-01
2.696999662733194913e+00 8.295172664296116549e-01
-9.580815853403892302e-01 -1.038378324037936951e+00
-7.880778063602226213e-01 4.690461875674530878e-01
3.169467570108610022e-01 -2.518959701568638798e-01
7.419562044612777463e-01 1.124448149135014008e+00
-8.730796958503058702e-01 1.026137854899879853e+00
8.269580939513611062e-01 2.173091287643111436e+00
2.319448675207776700e-01 9.933677568215018017e-01
-1.043083474830472701e+00 -7.434474413325345976e-01
-8.730796958503058702e-01 -4.157464605487541376e-01
-9.580815853403892302e-01 -1.103918520194693054e+00
1.166965651911694657e+00 1.353838835683660369e+00
2.319448675207776700e-01 9.605976587431237501e-01
9.969618729315278260e-01 -6.451371470974004430e-01
-5.330721378899725416e-01 -2.518959701568638798e-01
-1.043083474830472701e+00 -7.106773432541565461e-01
-1.080626904395557419e-01 3.051956971755628856e-01
6.569543149711944974e-01 -5.795969509406443398e-01
-9.580815853403892302e-01 8.622873645079897065e-01
6.194108854061097097e-02 -5.527538168659561907e-02
-3.630683589098058217e-01 -3.829763624703760860e-01
-3.630683589098058217e-01 -3.502062643919980345e-01
2.319448675207776700e-01 -6.451371470974004430e-01
-3.630683589098058217e-01 4.035059914106970402e-01
-7.030759168701392614e-01 -1.136688618273071105e+00
-8.730796958503058702e-01 -1.398849402900095518e+00
-2.306080094947238548e-02 -1.529929795213607724e+00
2.319448675207776700e-01 1.878160404937708972e+00
7.419562044612777463e-01 -1.202228814429827208e+00
-6.180740273800559015e-01 2.396555010188067825e-01
1.166965651911694657e+00 6.984368741160994487e-01
3.169467570108610022e-01 2.724255990971848340e-01
-1.080626904395557419e-01 -1.136688618273071105e+00
-8.730796958503058702e-01 -8.804547976497366368e-02
-5.330721378899725416e-01 -1.595469991370363827e+00
5.719524254811111375e-01 6.328966779593433456e-01
6.569543149711944974e-01 2.369711876113379745e+00
2.271990215282778003e+00 1.943700601094465075e+00
-2.306080094947238548e-02 2.068854029404287587e-01
-1.930645799296391019e-01 -4.157464605487541376e-01
-7.030759168701392614e-01 5.673564818025872425e-01
-1.043083474830472701e+00 -3.502062643919980345e-01
5.719524254811111375e-01 4.303491254853851478e-02
2.319448675207776700e-01 1.222758443370148163e+00
5.719524254811111375e-01 4.362760894890750918e-01
7.419562044612777463e-01 -1.202228814429827208e+00
-3.630683589098058217e-01 1.189988345291770111e+00
-1.043083474830472701e+00 -5.468268528622662883e-01
-8.730796958503058702e-01 -4.812866567055102407e-01
-6.180740273800559015e-01 -4.157464605487541376e-01
-3.630683589098058217e-01 8.622873645079897065e-01
-1.043083474830472701e+00 -2.846660682352419314e-01
-4.480702483998891816e-01 5.345863837242091909e-01
-1.080626904395557419e-01 -4.485165586271321891e-01
-5.330721378899725416e-01 -7.434474413325345976e-01
1.846980767832361314e+00 -6.123670490190223914e-01
-5.330721378899725416e-01 -3.502062643919980345e-01
2.016984546812528034e+00 2.435252072270135848e+00
1.591975099362111346e+00 1.321068737605282317e+00
-1.043083474830472701e+00 -8.417577355676687523e-01
6.569543149711944974e-01 2.042010895329599229e+00
-7.030759168701392614e-01 -1.333309206743339415e+00
-7.880778063602226213e-01 8.295172664296116549e-01
2.271990215282778003e+00 1.878160404937708972e+00
-7.880778063602226213e-01 6.001265798809652940e-01
2.319448675207776700e-01 -3.174361663136199829e-01
4.019486465009443621e-01 9.605976587431237501e-01
-7.030759168701392614e-01 -4.157464605487541376e-01
-1.080626904395557419e-01 1.085751087052946040e-01
-1.080626904395557419e-01 -1.202228814429827208e+00
6.569543149711944974e-01 -3.174361663136199829e-01
-1.043083474830472701e+00 1.812620208780953091e+00
2.782001552223278384e+00 1.189988345291770111e+00
3.169467570108610022e-01 -8.804547976497366368e-02
2.356992104772861474e+00 6.656667760377213972e-01
-6.180740273800559015e-01 -7.106773432541565461e-01
-9.580815853403892302e-01 -1.136688618273071105e+00
-6.180740273800559015e-01 -6.779072451757784945e-01
-7.880778063602226213e-01 1.321068737605282317e+00
-1.930645799296391019e-01 2.468022170348513900e+00
-7.880778063602226213e-01 -1.535856759217297529e-01
-9.580815853403892302e-01 6.656667760377213972e-01
1.081963762421611186e+00 4.035059914106970402e-01
-9.580815853403892302e-01 -1.398849402900095518e+00
-3.630683589098058217e-01 1.026481447016047190e-02
-8.730796958503058702e-01 -1.562699893291985775e+00
-6.180740273800559015e-01 1.615999620310684781e+00
1.506973209872027875e+00 1.943700601094465075e+00
-8.730796958503058702e-01 1.878160404937708972e+00
-1.080626904395557419e-01 1.386608933762038420e+00
-5.330721378899725416e-01 -5.795969509406443398e-01
-1.043083474830472701e+00 -1.005608225959558899e+00
-9.580815853403892302e-01 -1.005608225959558899e+00
-9.580815853403892302e-01 5.673564818025872425e-01
-2.306080094947238548e-02 -8.804547976497366368e-02
-3.630683589098058217e-01 7.967471683512336034e-01
1.336969430891861377e+00 2.042010895329599229e+00
6.569543149711944974e-01 1.026481447016047190e-02
-8.730796958503058702e-01 1.419379031840416472e+00
6.194108854061097097e-02 7.580501062691656633e-02
-8.730796958503058702e-01 -3.502062643919980345e-01
7.419562044612777463e-01 -5.140567547838882367e-01
-5.330721378899725416e-01 2.396555010188067825e-01
-7.880778063602226213e-01 -1.038378324037936951e+00
-7.030759168701392614e-01 -1.169458716351449157e+00
9.119599834414444661e-01 -9.728381278811808475e-01
-1.043083474830472701e+00 -2.846660682352419314e-01
-2.780664694197224618e-01 -3.502062643919980345e-01
-7.030759168701392614e-01 -2.518959701568638798e-01
-7.880778063602226213e-01 2.336941778035001693e+00
1.506973209872027875e+00 1.091678051056635956e+00
6.194108854061097097e-02 2.271401581878245590e+00
-5.330721378899725416e-01 6.328966779593433456e-01
-7.880778063602226213e-01 -8.745278336460468038e-01
2.526995883753028416e+00 6.656667760377213972e-01
1.469429780306943101e-01 4.303491254853851478e-02
8.269580939513611062e-01 -8.417577355676687523e-01
-7.030759168701392614e-01 5.345863837242091909e-01
-7.880778063602226213e-01 2.068854029404287587e-01
-1.043083474830472701e+00 -6.451371470974004430e-01
-4.480702483998891816e-01 7.967471683512336034e-01
4.019486465009443621e-01 -6.779072451757784945e-01
-1.043083474830472701e+00 -4.485165586271321891e-01
5.719524254811111375e-01 1.026481447016047190e-02
-1.043083474830472701e+00 -1.661010187527119930e+00
1.591975099362111346e+00 -5.140567547838882367e-01
-7.030759168701392614e-01 -7.106773432541565461e-01
-3.630683589098058217e-01 -5.140567547838882367e-01
-8.730796958503058702e-01 -5.795969509406443398e-01
2.016984546812528034e+00 -2.518959701568638798e-01
-9.580815853403892302e-01 -4.485165586271321891e-01
-4.480702483998891816e-01 7.967471683512336034e-01
4.869505359910277220e-01 2.396555010188067825e-01
3.169467570108610022e-01 3.707358933323189887e-01
1.166965651911694657e+00 1.288298639526904266e+00
1.591975099362111346e+00 -4.485165586271321891e-01
1.506973209872027875e+00 4.690461875674530878e-01
6.194108854061097097e-02 1.091678051056635956e+00
-3.630683589098058217e-01 -8.804547976497366368e-02
-6.180740273800559015e-01 -8.417577355676687523e-01
-2.306080094947238548e-02 -4.485165586271321891e-01
-1.043083474830472701e+00 -1.431619500978473569e+00
-7.030759168701392614e-01 -4.812866567055102407e-01
-1.930645799296391019e-01 2.068854029404287587e-01
-7.880778063602226213e-01 2.068854029404287587e-01
2.696999662733194913e+00 1.288298639526904266e+00
-4.480702483998891816e-01 9.605976587431237501e-01
-3.630683589098058217e-01 7.967471683512336034e-01
-7.880778063602226213e-01 1.413452067836726556e-01
1.081963762421611186e+00 -7.106773432541565461e-01
2.101986436302611505e+00 -3.174361663136199829e-01
-2.780664694197224618e-01 1.484919227997172575e+00
-7.030759168701392614e-01 7.312069721944775003e-01
1.469429780306943101e-01 -1.464389599056851621e+00
-4.480702483998891816e-01 -2.191258720784858560e-01
3.169467570108610022e-01 9.278275606647456986e-01
-3.630683589098058217e-01 -5.527538168659561907e-02
1.166965651911694657e+00 1.288298639526904266e+00
-1.043083474830472701e+00 5.018162856458311394e-01
-7.030759168701392614e-01 2.068854029404287587e-01
-2.780664694197224618e-01 7.580501062691656633e-02
6.569543149711944974e-01 -1.366079304821717466e+00
-9.580815853403892302e-01 -5.140567547838882367e-01
-5.330721378899725416e-01 1.091678051056635956e+00
-7.030759168701392614e-01 -2.846660682352419314e-01
8.269580939513611062e-01 -4.157464605487541376e-01
-6.180740273800559015e-01 -3.174361663136199829e-01
-2.780664694197224618e-01 -7.434474413325345976e-01
-3.630683589098058217e-01 1.976470699172843126e+00
-4.480702483998891816e-01 -2.191258720784858560e-01
2.186988325792694976e+00 2.369711876113379745e+00
-1.930645799296391019e-01 2.396555010188067825e-01
-7.030759168701392614e-01 -3.174361663136199829e-01
2.319448675207776700e-01 7.580501062691656633e-02
8.269580939513611062e-01 9.933677568215018017e-01
-1.043083474830472701e+00 -3.174361663136199829e-01
-7.880778063602226213e-01 1.157218247213392059e+00
-2.780664694197224618e-01 1.026481447016047190e-02
3.169467570108610022e-01 1.878160404937708972e+00
-8.730796958503058702e-01 -6.451371470974004430e-01
3.169467570108610022e-01 -5.468268528622662883e-01
1.081963762421611186e+00 -1.208155778433517152e-01
-7.030759168701392614e-01 -1.136688618273071105e+00
6.569543149711944974e-01 1.910930503016087023e+00
9.119599834414444661e-01 -5.140567547838882367e-01
-9.580815853403892302e-01 -8.745278336460468038e-01
-6.180740273800559015e-01 1.419379031840416472e+00
9.119599834414444661e-01 -1.535856759217297529e-01
9.119599834414444661e-01 -2.191258720784858560e-01
-2.306080094947238548e-02 9.933677568215018017e-01
6.569543149711944974e-01 1.845390306859330920e+00
-9.580815853403892302e-01 2.724255990971848340e-01
2.319448675207776700e-01 -8.745278336460468038e-01
-2.306080094947238548e-02 1.026481447016047190e-02
2.016984546812528034e+00 -8.745278336460468038e-01
1.336969430891861377e+00 1.413452067836726556e-01
-9.580815853403892302e-01 5.673564818025872425e-01
-8.730796958503058702e-01 -1.863557740001078045e-01
-6.180740273800559015e-01 -7.434474413325345976e-01
-3.630683589098058217e-01 -9.728381278811808475e-01
-2.780664694197224618e-01 5.018162856458311394e-01
1.081963762421611186e+00 -1.988711168310900224e+00
-7.880778063602226213e-01 -1.038378324037936951e+00
-1.043083474830472701e+00 -1.038378324037936951e+00
1.336969430891861377e+00 1.419379031840416472e+00
-4.480702483998891816e-01 1.085751087052946040e-01
9.119599834414444661e-01 2.396555010188067825e-01
1.251967541401777906e+00 -1.103918520194693054e+00
-3.630683589098058217e-01 2.435252072270135848e+00
-3.630683589098058217e-01 2.205861385721489487e+00
2.526995883753028416e+00 1.189988345291770111e+00
2.696999662733194913e+00 -6.123670490190223914e-01
2.867003441713361855e+00 7.967471683512336034e-01
-2.780664694197224618e-01 8.295172664296116549e-01
-2.780664694197224618e-01 -7.434474413325345976e-01
-3.630683589098058217e-01 7.580501062691656633e-02
-1.043083474830472701e+00 -6.779072451757784945e-01
-9.580815853403892302e-01 -1.333309206743339415e+00
9.969618729315278260e-01 3.707358933323189887e-01
-7.030759168701392614e-01 1.681539816467440884e+00
-1.043083474830472701e+00 -1.208155778433517152e-01
-1.043083474830472701e+00 -1.234998912508205260e+00
-7.030759168701392614e-01 -5.468268528622662883e-01
-4.480702483998891816e-01 1.026481447016047190e-02
2.101986436302611505e+00 6.001265798809652940e-01
-9.580815853403892302e-01 -7.762175394109126492e-01
-9.580815853403892302e-01 -1.136688618273071105e+00
-1.080626904395557419e-01 1.124448149135014008e+00
1.469429780306943101e-01 -9.400680298028029069e-01
-7.880778063602226213e-01 -4.812866567055102407e-01
-9.580815853403892302e-01 -5.468268528622662883e-01
-1.043083474830472701e+00 -4.157464605487541376e-01
-7.030759168701392614e-01 -1.038378324037936951e+00
-7.030759168701392614e-01 1.085751087052946040e-01
-7.880778063602226213e-01 -8.804547976497366368e-02
1.469429780306943101e-01 -1.863557740001078045e-01
9.969618729315278260e-01 -5.468268528622662883e-01
2.101986436302611505e+00 7.312069721944775003e-01
-4.480702483998891816e-01 -7.106773432541565461e-01
7.419562044612777463e-01 -7.106773432541565461e-01
-5.330721378899725416e-01 1.452149129918794523e+00
-1.043083474830472701e+00 3.051956971755628856e-01
3.169467570108610022e-01 -1.863557740001078045e-01
-1.930645799296391019e-01 1.189988345291770111e+00
-7.030759168701392614e-01 1.741153048620507071e-01
4.869505359910277220e-01 -8.417577355676687523e-01
-9.580815853403892302e-01 3.051956971755628856e-01
-7.030759168701392614e-01 -1.300539108664961363e+00
-7.030759168701392614e-01 2.336941778035001693e+00
-1.930645799296391019e-01 -8.745278336460468038e-01
1.846980767832361314e+00 5.018162856458311394e-01
1.469429780306943101e-01 4.690461875674530878e-01
4.019486465009443621e-01 -1.628240089448741879e+00
6.569543149711944974e-01 1.517689326075550627e+00
-6.180740273800559015e-01 4.303491254853851478e-02
1.081963762421611186e+00 -2.191258720784858560e-01
-7.030759168701392614e-01 -6.779072451757784945e-01
4.869505359910277220e-01 2.468022170348513900e+00
-4.480702483998891816e-01 1.648769718389062833e+00
-4.480702483998891816e-01 -6.451371470974004430e-01
-7.030759168701392614e-01 -3.174361663136199829e-01
-9.580815853403892302e-01 6.984368741160994487e-01
-1.043083474830472701e+00 6.984368741160994487e-01
-1.043083474830472701e+00 5.345863837242091909e-01
-9.580815853403892302e-01 1.681539816467440884e+00
-9.580815853403892302e-01 -8.089876374892907007e-01
3.169467570108610022e-01 7.312069721944775003e-01
-5.330721378899725416e-01 -1.267769010586583311e+00
-4.480702483998891816e-01 2.396555010188067825e-01
-6.180740273800559015e-01 -8.804547976497366368e-02
-1.043083474830472701e+00 -9.072979317244248554e-01
-1.043083474830472701e+00 -6.451371470974004430e-01
-1.043083474830472701e+00 -2.191258720784858560e-01
2.319448675207776700e-01 9.605976587431237501e-01
-1.930645799296391019e-01 2.042010895329599229e+00
-7.030759168701392614e-01 -9.072979317244248554e-01
4.019486465009443621e-01 1.943700601094465075e+00
-6.180740273800559015e-01 4.362760894890750918e-01
8.269580939513611062e-01 -8.745278336460468038e-01
-8.730796958503058702e-01 -7.434474413325345976e-01
4.019486465009443621e-01 -1.071148422116315002e+00
-9.580815853403892302e-01 -1.366079304821717466e+00
-3.630683589098058217e-01 5.673564818025872425e-01
2.319448675207776700e-01 -1.038378324037936951e+00
-3.630683589098058217e-01 6.328966779593433456e-01
6.569543149711944974e-01 6.001265798809652940e-01
-4.480702483998891816e-01 8.295172664296116549e-01
-1.043083474830472701e+00 -8.089876374892907007e-01
-1.930645799296391019e-01 -4.812866567055102407e-01
6.569543149711944974e-01 2.205861385721489487e+00
-9.580815853403892302e-01 -1.267769010586583311e+00
-7.880778063602226213e-01 -1.535856759217297529e-01
-2.306080094947238548e-02 -4.485165586271321891e-01
-2.780664694197224618e-01 -1.535856759217297529e-01
-7.030759168701392614e-01 1.910930503016087023e+00
-4.480702483998891816e-01 -7.106773432541565461e-01
-6.180740273800559015e-01 -8.745278336460468038e-01
-9.580815853403892302e-01 -5.795969509406443398e-01
-6.180740273800559015e-01 -5.527538168659561907e-02
-8.730796958503058702e-01 -1.300539108664961363e+00
-8.730796958503058702e-01 4.035059914106970402e-01
-7.030759168701392614e-01 -1.005608225959558899e+00
3.292012889163778322e+00 -8.804547976497366368e-02
-7.880778063602226213e-01 -7.106773432541565461e-01
4.019486465009443621e-01 1.747080012624196987e+00
2.441993994262944945e+00 4.362760894890750918e-01
-7.880778063602226213e-01 -1.169458716351449157e+00
1.506973209872027875e+00 8.622873645079897065e-01
4.057029894574528228e+00 4.035059914106970402e-01
1.251967541401777906e+00 -5.527538168659561907e-02
-6.180740273800559015e-01 -1.661010187527119930e+00
4.869505359910277220e-01 -1.562699893291985775e+00
3.169467570108610022e-01 -1.103918520194693054e+00
6.194108854061097097e-02 -2.191258720784858560e-01
-1.043083474830472701e+00 7.580501062691656633e-02
-9.580815853403892302e-01 -1.562699893291985775e+00
-7.030759168701392614e-01 -8.089876374892907007e-01
4.019486465009443621e-01 -5.527538168659561907e-02
-5.330721378899725416e-01 1.058907952978257905e+00
-4.480702483998891816e-01 7.312069721944775003e-01
-9.580815853403892302e-01 5.018162856458311394e-01
-9.580815853403892302e-01 -8.804547976497366368e-02
1.421971320381944626e+00 4.690461875674530878e-01
-7.880778063602226213e-01 -2.518959701568638798e-01
2.186988325792694976e+00 5.018162856458311394e-01
-3.630683589098058217e-01 -5.468268528622662883e-01
-1.930645799296391019e-01 -2.518959701568638798e-01
4.869505359910277220e-01 1.413452067836726556e-01
2.526995883753028416e+00 3.379657952539409371e-01
1.469429780306943101e-01 1.189988345291770111e+00
-3.630683589098058217e-01 4.303491254853851478e-02
-4.480702483998891816e-01 -1.202228814429827208e+00
-8.730796958503058702e-01 -1.234998912508205260e+00
-1.930645799296391019e-01 7.639770702728555518e-01
-7.880778063602226213e-01 4.362760894890750918e-01
-1.043083474830472701e+00 5.673564818025872425e-01
2.101986436302611505e+00 1.681539816467440884e+00
-4.480702483998891816e-01 -7.434474413325345976e-01
2.867003441713361855e+00 2.369711876113379745e+00
-7.880778063602226213e-01 -1.267769010586583311e+00
7.419562044612777463e-01 -1.071148422116315002e+00
-2.306080094947238548e-02 -7.434474413325345976e-01
9.969618729315278260e-01 1.085751087052946040e-01
-9.580815853403892302e-01 -1.366079304821717466e+00
2.782001552223278384e+00 1.452149129918794523e+00
-2.780664694197224618e-01 -3.829763624703760860e-01
-7.030759168701392614e-01 -1.333309206743339415e+00
1.846980767832361314e+00 2.402481974191757796e+00
4.869505359910277220e-01 1.058907952978257905e+00
-1.043083474830472701e+00 -1.535856759217297529e-01
-4.480702483998891816e-01 -1.234998912508205260e+00
6.569543149711944974e-01 -9.072979317244248554e-01
5.719524254811111375e-01 -8.417577355676687523e-01
4.019486465009443621e-01 -1.529929795213607724e+00
1.469429780306943101e-01 1.910930503016087023e+00
-1.043083474830472701e+00 2.724255990971848340e-01
-1.043083474830472701e+00 -1.234998912508205260e+00
2.611997773243111443e+00 -5.527538168659561907e-02
1.081963762421611186e+00 -1.234998912508205260e+00
-1.043083474830472701e+00 5.673564818025872425e-01
2.101986436302611505e+00 -1.005608225959558899e+00
-9.580815853403892302e-01 -1.005608225959558899e+00
-7.880778063602226213e-01 -7.434474413325345976e-01
-4.480702483998891816e-01 1.353838835683660369e+00
1.676976988852194594e+00 7.639770702728555518e-01
1.506973209872027875e+00 1.085751087052946040e-01
6.569543149711944974e-01 -1.497159697135229672e+00
2.271990215282778003e+00 2.396555010188067825e-01
-7.030759168701392614e-01 -1.759320481762254085e+00
-6.180740273800559015e-01 7.580501062691656633e-02
-6.180740273800559015e-01 -2.518959701568638798e-01
9.969618729315278260e-01 2.724255990971848340e-01
-7.880778063602226213e-01 1.085751087052946040e-01
-1.043083474830472701e+00 -1.136688618273071105e+00
-1.043083474830472701e+00 -8.089876374892907007e-01
-7.880778063602226213e-01 -1.863557740001078045e-01
-9.580815853403892302e-01 -1.535856759217297529e-01
-1.930645799296391019e-01 -3.502062643919980345e-01
-9.580815853403892302e-01 1.026481447016047190e-02
-7.880778063602226213e-01 -4.812866567055102407e-01
-3.630683589098058217e-01 -1.169458716351449157e+00
-1.930645799296391019e-01 -1.005608225959558899e+00
-7.880778063602226213e-01 -1.464389599056851621e+00
-8.730796958503058702e-01 3.379657952539409371e-01
1.081963762421611186e+00 -5.468268528622662883e-01
2.867003441713361855e+00 -2.119791560624412430e+00
-8.730796958503058702e-01 1.741153048620507071e-01
-1.080626904395557419e-01 2.396555010188067825e-01
8.269580939513611062e-01 -7.106773432541565461e-01
-5.330721378899725416e-01 2.068854029404287587e-01
1.931982657322444785e+00 -1.038378324037936951e+00
-7.030759168701392614e-01 -1.234998912508205260e+00
-3.630683589098058217e-01 -1.103918520194693054e+00
3.169467570108610022e-01 2.107551091486355332e+00
1.676976988852194594e+00 2.140321189564733384e+00
-4.480702483998891816e-01 3.051956971755628856e-01
1.421971320381944626e+00 1.386608933762038420e+00
3.169467570108610022e-01 2.205861385721489487e+00
-1.043083474830472701e+00 -1.863557740001078045e-01
-7.030759168701392614e-01 -1.234998912508205260e+00
2.782001552223278384e+00 -2.518959701568638798e-01
-8.730796958503058702e-01 -1.103918520194693054e+00
-4.480702483998891816e-01 -1.234998912508205260e+00
3.169467570108610022e-01 7.580501062691656633e-02
-2.780664694197224618e-01 -8.089876374892907007e-01
2.101986436302611505e+00 -3.829763624703760860e-01
7.419562044612777463e-01 -6.123670490190223914e-01
1.469429780306943101e-01 -1.202228814429827208e+00
1.761978878342278065e+00 1.085751087052946040e-01
-4.480702483998891816e-01 2.500792268426891951e+00
-7.880778063602226213e-01 -1.136688618273071105e+00
-1.080626904395557419e-01 -7.434474413325345976e-01
-5.330721378899725416e-01 -1.005608225959558899e+00
-9.580815853403892302e-01 -8.745278336460468038e-01
-1.043083474830472701e+00 -7.434474413325345976e-01
1.081963762421611186e+00 -9.728381278811808475e-01
3.169467570108610022e-01 1.058907952978257905e+00
-2.306080094947238548e-02 -2.250528360821757445e-02
4.869505359910277220e-01 -1.431619500978473569e+00
-1.043083474830472701e+00 2.724255990971848340e-01
-9.580815853403892302e-01 -3.502062643919980345e-01
-9.580815853403892302e-01 -7.762175394109126492e-01
-8.730796958503058702e-01 6.984368741160994487e-01
-7.030759168701392614e-01 -8.804547976497366368e-02
1.469429780306943101e-01 -4.485165586271321891e-01
-1.043083474830472701e+00 -1.208155778433517152e-01
2.319448675207776700e-01 3.707358933323189887e-01
2.441993994262944945e+00 2.468022170348513900e+00
-1.043083474830472701e+00 9.605976587431237501e-01
-5.330721378899725416e-01 -4.157464605487541376e-01
2.441993994262944945e+00 -2.250528360821757445e-02
7.419562044612777463e-01 -7.106773432541565461e-01
1.591975099362111346e+00 7.580501062691656633e-02
-9.580815853403892302e-01 -9.400680298028029069e-01
6.569543149711944974e-01 6.984368741160994487e-01
-3.630683589098058217e-01 -6.123670490190223914e-01
1.591975099362111346e+00 1.779850110702575039e+00
-7.030759168701392614e-01 -1.595469991370363827e+00
9.969618729315278260e-01 -3.502062643919980345e-01
-7.880778063602226213e-01 -3.174361663136199829e-01
9.119599834414444661e-01 3.379657952539409371e-01
-7.030759168701392614e-01 -1.300539108664961363e+00
6.194108854061097097e-02 4.303491254853851478e-02
-9.580815853403892302e-01 2.173091287643111436e+00
1.081963762421611186e+00 -1.792090579840632136e+00
-1.043083474830472701e+00 -1.071148422116315002e+00
4.019486465009443621e-01 1.681539816467440884e+00
-6.180740273800559015e-01 -4.157464605487541376e-01
-7.880778063602226213e-01 -4.485165586271321891e-01
-4.480702483998891816e-01 -8.417577355676687523e-01
-2.780664694197224618e-01 7.580501062691656633e-02
1.761978878342278065e+00 9.278275606647456986e-01
2.319448675207776700e-01 2.009240797251221178e+00
-1.043083474830472701e+00 7.580501062691656633e-02
-9.580815853403892302e-01 1.943700601094465075e+00
-7.030759168701392614e-01 -9.728381278811808475e-01
-5.330721378899725416e-01 9.933677568215018017e-01
-8.730796958503058702e-01 -3.502062643919980345e-01
-7.880778063602226213e-01 -5.140567547838882367e-01
2.319448675207776700e-01 1.714309914545818936e+00
5.719524254811111375e-01 1.517689326075550627e+00
-6.180740273800559015e-01 -5.468268528622662883e-01
1.421971320381944626e+00 5.345863837242091909e-01
-5.330721378899725416e-01 -5.140567547838882367e-01
-2.780664694197224618e-01 -1.535856759217297529e-01
-8.730796958503058702e-01 -1.759320481762254085e+00
1.421971320381944626e+00 -3.174361663136199829e-01
-7.880778063602226213e-01 -8.804547976497366368e-02
-4.480702483998891816e-01 -3.174361663136199829e-01
-4.480702483998891816e-01 -9.728381278811808475e-01
9.969618729315278260e-01 2.009240797251221178e+00
-1.043083474830472701e+00 -9.072979317244248554e-01
-1.043083474830472701e+00 -4.485165586271321891e-01
-3.630683589098058217e-01 -1.038378324037936951e+00
-1.043083474830472701e+00 1.085751087052946040e-01
-1.043083474830472701e+00 3.379657952539409371e-01
9.969618729315278260e-01 2.068854029404287587e-01
-1.043083474830472701e+00 -9.072979317244248554e-01
6.194108854061097097e-02 -2.518959701568638798e-01
-7.880778063602226213e-01 -6.451371470974004430e-01
-8.730796958503058702e-01 -3.502062643919980345e-01
-9.580815853403892302e-01 2.068854029404287587e-01
-1.930645799296391019e-01 -9.728381278811808475e-01
4.019486465009443621e-01 -5.795969509406443398e-01
1.251967541401777906e+00 -5.795969509406443398e-01
-8.730796958503058702e-01 -9.072979317244248554e-01
-1.080626904395557419e-01 -8.089876374892907007e-01
-4.480702483998891816e-01 -7.106773432541565461e-01
-5.330721378899725416e-01 -6.451371470974004430e-01
-7.880778063602226213e-01 2.068854029404287587e-01
1.421971320381944626e+00 8.295172664296116549e-01
-1.930645799296391019e-01 -1.038378324037936951e+00
-5.330721378899725416e-01 -6.123670490190223914e-01
-2.780664694197224618e-01 1.157218247213392059e+00
-2.306080094947238548e-02 1.484919227997172575e+00
-9.580815853403892302e-01 1.878160404937708972e+00
7.419562044612777463e-01 4.690461875674530878e-01
-8.730796958503058702e-01 -4.812866567055102407e-01
-8.730796958503058702e-01 -1.005608225959558899e+00
-5.330721378899725416e-01 -1.535856759217297529e-01
-4.480702483998891816e-01 4.303491254853851478e-02
-5.330721378899725416e-01 -5.527538168659561907e-02
-9.580815853403892302e-01 -5.140567547838882367e-01
-7.030759168701392614e-01 1.091678051056635956e+00
-9.580815853403892302e-01 -6.779072451757784945e-01
6.569543149711944974e-01 -5.527538168659561907e-02
1.506973209872027875e+00 1.741153048620507071e-01
-5.330721378899725416e-01 -1.366079304821717466e+00
1.761978878342278065e+00 1.321068737605282317e+00
-9.580815853403892302e-01 2.533562366505270003e+00
8.269580939513611062e-01 1.484919227997172575e+00
5.719524254811111375e-01 7.639770702728555518e-01
5.719524254811111375e-01 -2.191258720784858560e-01
-7.880778063602226213e-01 -3.174361663136199829e-01
3.122009110183611824e+00 7.639770702728555518e-01
5.719524254811111375e-01 -3.502062643919980345e-01
8.269580939513611062e-01 -7.762175394109126492e-01
9.969618729315278260e-01 1.058907952978257905e+00
1.336969430891861377e+00 1.419379031840416472e+00
-1.043083474830472701e+00 -7.434474413325345976e-01
1.166965651911694657e+00 -1.759320481762254085e+00
-9.580815853403892302e-01 4.303491254853851478e-02
2.952005331203444882e+00 -1.005608225959558899e+00
-1.930645799296391019e-01 2.402481974191757796e+00
1.676976988852194594e+00 1.124448149135014008e+00
-7.030759168701392614e-01 -9.400680298028029069e-01
-7.030759168701392614e-01 -2.250528360821757445e-02
-8.730796958503058702e-01 -6.779072451757784945e-01
-9.580815853403892302e-01 -2.152561658702790481e+00
-6.180740273800559015e-01 1.321068737605282317e+00
-9.580815853403892302e-01 -8.745278336460468038e-01
-5.330721378899725416e-01 1.085751087052946040e-01
3.037007220693528353e+00 4.690461875674530878e-01
-7.030759168701392614e-01 2.396555010188067825e-01
-9.580815853403892302e-01 2.724255990971848340e-01
-3.630683589098058217e-01 -4.812866567055102407e-01
-8.730796958503058702e-01 6.001265798809652940e-01
1.081963762421611186e+00 7.312069721944775003e-01
6.194108854061097097e-02 -4.812866567055102407e-01
9.119599834414444661e-01 1.189988345291770111e+00
-8.730796958503058702e-01 -2.250528360821757445e-02
8.269580939513611062e-01 2.396555010188067825e-01
-7.030759168701392614e-01 -1.038378324037936951e+00
8.269580939513611062e-01 6.656667760377213972e-01
-1.930645799296391019e-01 1.550459424153928678e+00
-9.580815853403892302e-01 -7.434474413325345976e-01
-4.480702483998891816e-01 1.741153048620507071e-01
-6.180740273800559015e-01 -1.208155778433517152e-01
-6.180740273800559015e-01 1.026481447016047190e-02
1.336969430891861377e+00 1.085751087052946040e-01
1.591975099362111346e+00 1.517689326075550627e+00
6.569543149711944974e-01 2.396555010188067825e-01
-5.330721378899725416e-01 -3.829763624703760860e-01
-4.480702483998891816e-01 -1.366079304821717466e+00
-2.780664694197224618e-01 -2.191258720784858560e-01
-9.580815853403892302e-01 1.741153048620507071e-01
9.969618729315278260e-01 1.386608933762038420e+00
-8.730796958503058702e-01 -9.400680298028029069e-01
-7.880778063602226213e-01 1.189988345291770111e+00
5.719524254811111375e-01 1.413452067836726556e-01
4.019486465009443621e-01 2.396555010188067825e-01
-1.043083474830472701e+00 4.035059914106970402e-01
-1.080626904395557419e-01 -6.451371470974004430e-01
6.194108854061097097e-02 2.140321189564733384e+00
-1.930645799296391019e-01 1.681539816467440884e+00
1.931982657322444785e+00 -9.072979317244248554e-01
-7.880778063602226213e-01 -4.485165586271321891e-01
1.591975099362111346e+00 -8.089876374892907007e-01
6.194108854061097097e-02 -1.267769010586583311e+00
-1.043083474830472701e+00 -2.518959701568638798e-01
7.419562044612777463e-01 8.950574625863677580e-01
7.419562044612777463e-01 -1.535856759217297529e-01
9.969618729315278260e-01 -3.502062643919980345e-01
4.019486465009443621e-01 -3.174361663136199829e-01
-7.030759168701392614e-01 -1.863557740001078045e-01
-9.580815853403892302e-01 6.328966779593433456e-01
-9.580815853403892302e-01 1.747080012624196987e+00
-9.580815853403892302e-01 -9.728381278811808475e-01
6.194108854061097097e-02 2.724255990971848340e-01
-9.580815853403892302e-01 -5.527538168659561907e-02
-7.880778063602226213e-01 1.714309914545818936e+00
-9.580815853403892302e-01 -5.140567547838882367e-01
1.676976988852194594e+00 -5.468268528622662883e-01
-4.480702483998891816e-01 -8.745278336460468038e-01
-1.043083474830472701e+00 1.413452067836726556e-01
7.419562044612777463e-01 -1.857630775997388239e+00
-1.043083474830472701e+00 -7.434474413325345976e-01
7.419562044612777463e-01 -6.451371470974004430e-01
1.251967541401777906e+00 -5.527538168659561907e-02
-6.180740273800559015e-01 -6.451371470974004430e-01
-9.580815853403892302e-01 -4.157464605487541376e-01
9.969618729315278260e-01 6.001265798809652940e-01
4.869505359910277220e-01 1.026137854899879853e+00
1.081963762421611186e+00 -7.106773432541565461e-01
-5.330721378899725416e-01 8.295172664296116549e-01
-1.080626904395557419e-01 -1.333309206743339415e+00
2.319448675207776700e-01 2.140321189564733384e+00
1.421971320381944626e+00 1.321068737605282317e+00
-9.580815853403892302e-01 4.690461875674530878e-01
-4.480702483998891816e-01 -2.250528360821757445e-02
-7.030759168701392614e-01 -4.485165586271321891e-01
-6.180740273800559015e-01 1.943700601094465075e+00
9.969618729315278260e-01 1.058907952978257905e+00
3.169467570108610022e-01 2.068854029404287587e-01
4.869505359910277220e-01 5.018162856458311394e-01
1.591975099362111346e+00 4.303491254853851478e-02
-6.180740273800559015e-01 -5.140567547838882367e-01
2.782001552223278384e+00 2.238631483799867539e+00
-9.580815853403892302e-01 -1.103918520194693054e+00
8.269580939513611062e-01 1.583229522232306730e+00
-2.306080094947238548e-02 -1.071148422116315002e+00
2.526995883753028416e+00 -6.779072451757784945e-01
-5.330721378899725416e-01 1.026481447016047190e-02
-2.780664694197224618e-01 -2.250528360821757445e-02
1.166965651911694657e+00 1.413452067836726556e-01
-8.730796958503058702e-01 -9.400680298028029069e-01
