3.470000000000000000e+02
3.330000000000000000e+02
2.000000000000000000e+00
2.520000000000000000e+02
1.690000000000000000e+02
1.420000000000000000e+02
1.160000000000000000e+02
8.700000000000000000e+01
2.650000000000000000e+02
1.390000000000000000e+02
9.400000000000000000e+01
9.900000000000000000e+01
4.900000000000000000e+01
1.100000000000000000e+01
2.770000000000000000e+02
2.950000000000000000e+02
1.630000000000000000e+02
3.350000000000000000e+02
9.500000000000000000e+01
1.130000000000000000e+02
3.110000000000000000e+02
2.780000000000000000e+02
3.210000000000000000e+02
1.440000000000000000e+02
1.410000000000000000e+02
8.800000000000000000e+01
3.100000000000000000e+02
1.900000000000000000e+01
1.550000000000000000e+02
1.460000000000000000e+02
2.500000000000000000e+01
1.700000000000000000e+01
2.930000000000000000e+02
7.100000000000000000e+01
1.180000000000000000e+02
2.010000000000000000e+02
2.880000000000000000e+02
1.750000000000000000e+02
2.730000000000000000e+02
3.390000000000000000e+02
1.370000000000000000e+02
3.460000000000000000e+02
2.810000000000000000e+02
2.000000000000000000e+02
1.730000000000000000e+02
