-3.145757716678259652e-01 -4.834021798399650849e-01
-1.970689069036233310e-01 2.585362387761309111e-01
-1.989572377603761044e-01 -3.823912867030748036e-02
-1.507369879266119150e-01 3.079988000172039775e-01
-1.972488721372089027e-01 2.338049581555943779e-01
-1.959484277101689320e-01 4.069239224993501103e-01
-1.509524245685563704e-01 2.832675193966674443e-01
8.408052010582990343e-01 7.531618511868615196e-01
-1.971221140161616703e-01 2.585362387761309111e-01
3.326021603935892523e-01 2.978977107035149618e+00
7.392119576882832943e-01 1.964994601593151868e+00
-1.549024587609757787e-02 1.470368989182420982e+00
-2.015523885925156189e-01 8.541727443237517869e-02
-1.982869324700647085e-01 -1.866268123935266865e-01
-2.034057696792677394e-01 -2.608206542551362861e-01
-1.993855028524739170e-01 -3.823912867030748036e-02
-1.995680762778505590e-01 -8.770168991138055370e-02
-2.000213800111428630e-01 -1.124329705319170869e-01
-1.995294750393423466e-01 -6.297040929084402050e-02
-2.037531808258415678e-01 -2.855519348756728193e-01
-2.037662217847970580e-01 -2.855519348756728193e-01
-2.037224041627066495e-01 -2.608206542551362861e-01
-2.035919945731519132e-01 -2.360893736345997529e-01
-2.037662217847970580e-01 -2.855519348756728193e-01
-2.036822380091238005e-01 -2.608206542551362861e-01
-2.037620486779312956e-01 -2.855519348756728193e-01
-2.037578755710655609e-01 -2.855519348756728193e-01
-2.042383044989852514e-01 -3.350144961167458857e-01
-2.036770216255416044e-01 -2.360893736345997529e-01
-2.040447766680859865e-01 -3.102832154962093525e-01
-2.039529683170394625e-01 -2.855519348756728193e-01
-2.040437333913695528e-01 -3.102832154962093525e-01
-2.040458199448024479e-01 -3.102832154962093525e-01
-2.040395602845038181e-01 -3.102832154962093525e-01
-2.040411251995784547e-01 -3.102832154962093525e-01
-2.042789922909263312e-01 -3.350144961167458857e-01
-2.040473848598770845e-01 -3.102832154962093525e-01
-2.039602712540545260e-01 -2.855519348756728193e-01
-2.040400819228620211e-01 -3.102832154962093525e-01
-2.040515579667428470e-01 -3.102832154962093525e-01
-2.040463415831606508e-01 -3.102832154962093525e-01
-2.040395602845038181e-01 -3.102832154962093525e-01
-2.040468632215188816e-01 -3.102832154962093525e-01
-2.040432117530113498e-01 -3.102832154962093525e-01
-2.040379953694291537e-01 -3.102832154962093525e-01
-2.040458199448024479e-01 -3.102832154962093525e-01
-2.040468632215188816e-01 -3.102832154962093525e-01
-2.040421684762949162e-01 -3.102832154962093525e-01
-2.040437333913695528e-01 -3.102832154962093525e-01
-2.040421684762949162e-01 -3.102832154962093525e-01
-2.040510363283846162e-01 -3.102832154962093525e-01
-2.040400819228620211e-01 -3.102832154962093525e-01
-2.040421684762949162e-01 -3.102832154962093525e-01
-2.040531228818175113e-01 -3.102832154962093525e-01
-2.040505146900264133e-01 -3.102832154962093525e-01
-2.040588609037579104e-01 -3.102832154962093525e-01
-2.040604258188325748e-01 -3.102832154962093525e-01
-2.040531228818175113e-01 -3.102832154962093525e-01
-1.954361788423978619e-01 -1.866268123935266865e-01
-2.040520796051010777e-01 -3.102832154962093525e-01
-2.038538570289778473e-01 -2.855519348756728193e-01
-2.040520796051010777e-01 -3.102832154962093525e-01
-2.040452983064442172e-01 -3.102832154962093525e-01
-2.038392511549477204e-01 -2.855519348756728193e-01
-2.040333006242051883e-01 -3.102832154962093525e-01
1.424636414174315524e+00 4.069239224993501103e-01
5.590126316619587143e+00 1.643487953526176826e+00
3.873040999225976083e-02 5.553116062225692540e-01
1.546097630788191291e-01 2.063919724075297779e+00
2.982876082761181991e+00 3.201558632619978528e+00
2.530038694161119928e+00 6.542367287047153868e-01
5.169522860183325408e-01 2.832675193966674443e-01
-2.034188106382232020e-01 -2.113580930140632197e-01
-2.035935594882265776e-01 -2.608206542551362861e-01
3.041706978439478792e+00 1.445637708561884560e+00
9.556965377849541809e+00 5.946730781499534046e+00
2.892596132104219731e+00 2.509082775244955599e+00
-8.209205102480703249e-05 1.816606917869932669e+00
-2.031183469438890554e-01 -1.618955317729901533e-01
-2.039044559497250886e-01 -2.855519348756728193e-01
-2.037834358506182830e-01 -2.608206542551362861e-01
-2.017594790207285771e-01 1.101485550529117119e-01
-2.031308662644863150e-01 -1.371642511524536201e-01
-1.911472682611212726e-01 -1.350784804977095063e-02
-2.031997225277712149e-01 -2.113580930140632197e-01
1.679509437638476266e+00 1.099399779874373095e+00
1.372656716692866929e+00 2.311232530280663333e+00
-2.033854257832971857e-01 -2.360893736345997529e-01
-2.032810981116533744e-01 -2.360893736345997529e-01
-2.039795718733086183e-01 -2.855519348756728193e-01
-2.040698153092805056e-01 -3.102832154962093525e-01
-2.042419559674927831e-01 -3.350144961167458857e-01
-2.042393477757016851e-01 -3.350144961167458857e-01
-2.042351746688359226e-01 -3.350144961167458857e-01
-2.037568322943490995e-01 -2.608206542551362861e-01
-6.951372244504813724e-02 1.000474657392226963e+00
-2.042351746688359226e-01 -3.350144961167458857e-01
-2.042414343291345524e-01 -3.350144961167458857e-01
-2.047208199803378093e-01 -3.844770573578189521e-01
1.399079075907748715e-01 1.742413076008322959e+00
-2.047129954049645428e-01 -3.844770573578189521e-01
-2.047140386816809765e-01 -3.844770573578189521e-01
-2.047145603200391795e-01 -3.844770573578189521e-01
1.887177841152325231e+00 9.262808155306172520e-01
-2.046305765443659219e-01 -3.597457767372824189e-01
-2.047166468734720746e-01 -3.844770573578189521e-01
-2.047187334269049419e-01 -3.844770573578189521e-01
-2.047223848954124736e-01 -3.844770573578189521e-01
-2.047182117885467389e-01 -3.844770573578189521e-01
-2.047223848954124736e-01 -3.844770573578189521e-01
-2.047218632570542707e-01 -3.844770573578189521e-01
-2.047255147255618024e-01 -3.844770573578189521e-01
-2.047291661940693341e-01 -3.844770573578189521e-01
4.372509727220666442e-02 4.563864837404231767e-01
-2.041485827013715670e-01 -2.855519348756728193e-01
-2.047218632570542707e-01 -3.844770573578189521e-01
-2.045205108507817393e-01 -3.597457767372824189e-01
-2.047213416186960400e-01 -3.844770573578189521e-01
-2.047187334269049419e-01 -3.844770573578189521e-01
-2.047218632570542707e-01 -3.844770573578189521e-01
-2.047208199803378093e-01 -3.844770573578189521e-01
-2.047208199803378093e-01 -3.844770573578189521e-01
-2.047140386816809765e-01 -3.844770573578189521e-01
-2.047119521282481092e-01 -3.844770573578189521e-01
-2.047140386816809765e-01 -3.844770573578189521e-01
-2.047166468734720746e-01 -3.844770573578189521e-01
-2.047103872131734448e-01 -3.844770573578189521e-01
-2.047234281721289073e-01 -3.844770573578189521e-01
-2.047182117885467389e-01 -3.844770573578189521e-01
-2.047192550652631726e-01 -3.844770573578189521e-01
-2.047182117885467389e-01 -3.844770573578189521e-01
-2.046394443964556498e-01 -3.597457767372824189e-01
-2.045445062152597970e-01 -3.350144961167458857e-01
-2.046853485719789256e-01 -3.844770573578189521e-01
4.025206547217369035e+00 3.275752474481588017e+00
2.473766956268245831e+00 9.015495349100807188e-01
-1.900393083882641054e-01 -1.618955317729901533e-01
1.548086304753707232e+00 3.102633510137832396e+00
2.657632479858203389e+00 1.494891692737483169e+01
7.085120985740907429e+00 4.537047786128951543e+00
-1.461121422426422678e-01 1.223056182977055650e+00
1.889624325052372322e+00 3.821926418788135771e-01
-1.973730220664650092e-01 -6.297040929084402050e-02
-1.974627438640786659e-01 -8.770168991138055370e-02
-1.968315614506336853e-01 -1.350784804977095063e-02
-1.963271371582359093e-01 1.122343257076558257e-02
-1.950585126710473183e-01 1.101485550529117119e-01
-1.960997028340524251e-01 6.068599381183864550e-02
-1.954320057355321272e-01 1.843423969145213115e-01
-1.963933852297297389e-01 6.068599381183864550e-02
-1.957689841149415910e-01 1.101485550529117119e-01
6.849271403018650783e-01 8.273556930484711192e-01
-1.961847298864421441e-01 1.348798356734482451e-01
-1.269586250055571020e-01 6.542367287047153868e-01
1.299279225213290090e-01 2.360695091521736177e+00
-1.846111396326372278e-01 2.338049581555943779e-01
-1.948848070977603764e-01 6.068599381183864550e-02
5.990195623634947397e-01 6.047741674636423204e-01
-1.508454887051214610e-01 1.122343257076558257e-02
-1.984851550461879111e-01 -2.360893736345997529e-01
-1.978185012243840468e-01 -1.371642511524536201e-01
-1.521355003649970394e-01 -2.113580930140632197e-01
-1.983985630787235555e-01 -2.113580930140632197e-01
-1.984851550461879111e-01 -2.360893736345997529e-01
-1.520457785673833828e-01 -1.866268123935266865e-01
-1.986635553646988184e-01 -2.855519348756728193e-01
-1.985712253752940637e-01 -2.608206542551362861e-01
-1.964278133613721888e-01 -1.618955317729901533e-01
-1.981022724912551713e-01 -1.866268123935266865e-01
-1.985785283123091272e-01 -2.608206542551362861e-01
-1.984267315500673756e-01 -2.360893736345997529e-01
-1.986630337263405877e-01 -2.855519348756728193e-01
-1.986625120879823847e-01 -2.855519348756728193e-01
-1.985211480929050254e-01 -2.608206542551362861e-01
-1.986630337263405877e-01 -2.855519348756728193e-01
-1.986677284715645531e-01 -2.855519348756728193e-01
-1.985112369640988639e-01 -2.608206542551362861e-01
-1.965743937400317165e-01 -1.866268123935266865e-01
-1.986677284715645531e-01 -2.855519348756728193e-01
-1.985138451558899619e-01 -2.608206542551362861e-01
-1.986698150249974482e-01 -2.855519348756728193e-01
-1.986599038961912866e-01 -2.855519348756728193e-01
-1.986593822578330559e-01 -2.855519348756728193e-01
-1.986645986414152520e-01 -2.855519348756728193e-01
-1.986666851948481194e-01 -2.855519348756728193e-01
-1.986666851948481194e-01 -2.855519348756728193e-01
-1.986703366633556511e-01 -2.855519348756728193e-01
-1.986672068332063501e-01 -2.855519348756728193e-01
-1.965728288249570799e-01 -1.866268123935266865e-01
-1.986604255345494896e-01 -2.855519348756728193e-01
-1.986672068332063501e-01 -2.855519348756728193e-01
-1.986719015784303155e-01 -2.855519348756728193e-01
-1.986645986414152520e-01 -2.855519348756728193e-01
-1.986656419181316857e-01 -2.855519348756728193e-01
-1.986661635564899164e-01 -2.855519348756728193e-01
-1.986599038961912866e-01 -2.855519348756728193e-01
-1.986687717482810145e-01 -2.855519348756728193e-01
-1.986703366633556511e-01 -2.855519348756728193e-01
-3.082764668539733632e-01 -2.855519348756728193e-01
-1.986656419181316857e-01 -2.855519348756728193e-01
-1.986692933866392174e-01 -2.855519348756728193e-01
-1.986692933866392174e-01 -2.855519348756728193e-01
-1.986625120879823847e-01 -2.855519348756728193e-01
-1.986625120879823847e-01 -2.855519348756728193e-01
-1.986750314085796443e-01 -2.855519348756728193e-01
-1.986635553646988184e-01 -2.855519348756728193e-01
-1.974606573106457985e-01 -8.770168991138055370e-02
-1.974611789490040292e-01 -8.770168991138055370e-02
-7.311876513869962346e-02 9.262808155306172520e-01
-1.949562715528364021e-01 8.541727443237517869e-02
-1.968978095221275149e-01 1.122343257076558257e-02
-1.974648304175115610e-01 -8.770168991138055370e-02
-1.974632655024368966e-01 -8.770168991138055370e-02
-1.966197762771967894e-01 6.068599381183864550e-02
-1.974663953325862253e-01 -8.770168991138055370e-02
-1.975399463410950907e-01 -8.770168991138055370e-02
-1.975670715357224771e-01 -1.124329705319170869e-01
-1.978664919533401900e-01 -1.618955317729901533e-01
-1.978252825230408796e-01 -1.618955317729901533e-01
-1.937705875646046072e-01 2.832675193966674443e-01
2.093002265639466036e-02 9.015495349100807188e-01
-1.966255142991371885e-01 6.068599381183864550e-02
-1.956250119280731614e-01 6.068599381183864550e-02
-1.938973456856518396e-01 3.079988000172039775e-01
-1.962217662098756921e-01 8.541727443237517869e-02
8.047857782946607585e+00 2.682201739588711220e+00
-1.967428829297364623e-01 6.068599381183864550e-02
-1.972848651839259893e-01 -3.823912867030748036e-02
-1.958378403782264909e-01 8.541727443237517869e-02
-1.975978481988573954e-01 -1.124329705319170869e-01
2.851780017127016009e+00 1.841338198490469091e+00
-1.973078172716876411e-01 -3.823912867030748036e-02
-1.984345561254406698e-01 -2.360893736345997529e-01
-1.984277748267838370e-01 -2.360893736345997529e-01
-1.986098266138022483e-01 -2.855519348756728193e-01
-1.982159896533469134e-01 -2.360893736345997529e-01
-1.986176511891755425e-01 -2.855519348756728193e-01
-1.986155646357426752e-01 -2.855519348756728193e-01
-1.982723265960345538e-01 -2.360893736345997529e-01
-1.986139997206680108e-01 -2.855519348756728193e-01
-1.965206649891351742e-01 -1.866268123935266865e-01
-1.982133814615558154e-01 -2.360893736345997529e-01
-1.986035669535036186e-01 -2.855519348756728193e-01
-1.986139997206680108e-01 -2.855519348756728193e-01
-1.982133814615558154e-01 -2.360893736345997529e-01
-1.986066967836529473e-01 -2.855519348756728193e-01
-1.986072184220111503e-01 -2.855519348756728193e-01
-1.982645020206612874e-01 -2.360893736345997529e-01
-1.986186944658919762e-01 -2.855519348756728193e-01
-1.986082616987276117e-01 -2.855519348756728193e-01
-1.982123381848393817e-01 -2.360893736345997529e-01
-1.965217082658516079e-01 -1.866268123935266865e-01
-1.986129564439515771e-01 -2.855519348756728193e-01
-1.982196411218544452e-01 -2.360893736345997529e-01
-1.986119131672351434e-01 -2.855519348756728193e-01
-1.986192161042502069e-01 -2.855519348756728193e-01
-1.984387292323064322e-01 -2.608206542551362861e-01
-1.986207810193248435e-01 -2.855519348756728193e-01
-1.986160862741008781e-01 -2.855519348756728193e-01
-1.419312108015169938e-01 3.327300806377405107e-01
-1.986108698905186820e-01 -2.855519348756728193e-01
-1.965154486055529781e-01 -1.866268123935266865e-01
-1.984324695720078024e-01 -2.608206542551362861e-01
-1.986139997206680108e-01 -2.855519348756728193e-01
-1.986119131672351434e-01 -2.855519348756728193e-01
-1.986098266138022483e-01 -2.855519348756728193e-01
-1.986093049754440454e-01 -2.855519348756728193e-01
-1.986145213590262137e-01 -2.855519348756728193e-01
-1.986119131672351434e-01 -2.855519348756728193e-01
-1.986113915288769127e-01 -2.855519348756728193e-01
-1.986150429973844445e-01 -2.855519348756728193e-01
-1.986150429973844445e-01 -2.855519348756728193e-01
-1.965237948192844752e-01 -1.866268123935266865e-01
-1.986160862741008781e-01 -2.855519348756728193e-01
-1.986134780823097801e-01 -2.855519348756728193e-01
-1.986145213590262137e-01 -2.855519348756728193e-01
-1.986077400603693810e-01 -2.855519348756728193e-01
-1.980417624417017686e-01 -1.866268123935266865e-01
-1.985284510299200889e-01 -2.608206542551362861e-01
-1.984016929088728842e-01 -2.608206542551362861e-01
-1.820530251239312614e-01 6.068599381183864550e-02
-1.984032578239475209e-01 -2.608206542551362861e-01
1.660176998444522045e+00 1.668219234146713470e+00
-1.833852894908225839e-01 -8.770168991138055370e-02
-1.833816380223150522e-01 -8.770168991138055370e-02
-1.825897909945385922e-01 3.595471319130211230e-02
6.298856010035769337e+00 3.671452964410172548e+00
-1.831959347667890814e-01 -1.350784804977095063e-02
1.004231752859411131e+01 8.147814756727283836e+00
-1.837619123854566938e-01 -1.371642511524536201e-01
-1.881864489398702434e-01 -8.770168991138055370e-02
-1.826591688961817228e-01 1.101485550529117119e-01
-1.828798219217083743e-01 6.068599381183864550e-02
-1.243540846829696428e-01 8.273556930484711192e-01
-1.828464370667823580e-01 8.541727443237517869e-02
-1.752659884451438776e-01 2.338049581555943779e-01
-1.211538333552960867e-01 5.800428868431057872e-01
-1.812997793346630138e-01 -1.350784804977095063e-02
-1.978638837615490920e-01 -1.618955317729901533e-01
-1.970835127776534579e-01 -3.823912867030748036e-02
-1.972462639454178046e-01 -8.770168991138055370e-02
-1.976573149716943645e-01 -1.371642511524536201e-01
-1.977679023036368056e-01 -1.371642511524536201e-01
-1.959447762416614003e-01 -1.124329705319170869e-01
-1.980433273567764330e-01 -2.113580930140632197e-01
-2.647594970018967916e-02 1.223056182977055650e+00
-1.981586094339428117e-01 -2.113580930140632197e-01
-3.977564128134126326e-02 8.541727443237517869e-02
-1.976620097169183299e-01 -1.618955317729901533e-01
4.284386028423000647e-01 1.843423969145213115e-01
1.240160573705241465e+00 9.510120961511537852e-01
-1.967720946777967161e-01 -8.770168991138055370e-02
-1.956187522677745316e-01 8.541727443237517869e-02
-1.981012292145387377e-01 -2.360893736345997529e-01
-1.958623573810627794e-01 -1.124329705319170869e-01
-1.976594015251272318e-01 -1.618955317729901533e-01
-1.981012292145387377e-01 -2.360893736345997529e-01
-1.981017508528969406e-01 -2.360893736345997529e-01
-1.979040499151319410e-01 -2.113580930140632197e-01
-1.981054023214044724e-01 -2.360893736345997529e-01
-1.832371441970883641e-01 -8.770168991138055370e-02
-1.832872214794774024e-01 -8.770168991138055370e-02
-1.834285854745547617e-01 -1.124329705319170869e-01
-1.978117199257271863e-01 -1.866268123935266865e-01
-1.955759779224005568e-01 -6.297040929084402050e-02
-1.977157384678148999e-01 -1.618955317729901533e-01
-1.978111982873689834e-01 -1.866268123935266865e-01
-1.976536635031868328e-01 -1.618955317729901533e-01
-1.975775043028868694e-01 -1.618955317729901533e-01
-1.974267508173615793e-01 -1.124329705319170869e-01
-1.979478675372223495e-01 -2.113580930140632197e-01
-1.981012292145387377e-01 -2.360893736345997529e-01
-1.981085321515538011e-01 -2.360893736345997529e-01
-1.979624734112524764e-01 -2.113580930140632197e-01
-1.980506302937914964e-01 -2.360893736345997529e-01
-1.960167623350956290e-01 -1.371642511524536201e-01
-1.979593435811031754e-01 -2.113580930140632197e-01
-1.980991426611058703e-01 -2.360893736345997529e-01
-1.981022724912551713e-01 -2.360893736345997529e-01
-1.979583003043867140e-01 -2.113580930140632197e-01
-1.981048806830462694e-01 -2.360893736345997529e-01
-1.980986210227476396e-01 -2.360893736345997529e-01
-1.979551704742374130e-01 -2.113580930140632197e-01
-1.981007075761805070e-01 -2.360893736345997529e-01
-1.981007075761805070e-01 -2.360893736345997529e-01
-1.958743550633018360e-01 -1.124329705319170869e-01
-1.981027941296134021e-01 -2.360893736345997529e-01
-1.980532384855825945e-01 -2.360893736345997529e-01
-1.979572570276702803e-01 -2.113580930140632197e-01
-1.981038374063298357e-01 -2.360893736345997529e-01
-1.981043590446880387e-01 -2.360893736345997529e-01
-1.979509973673716505e-01 -2.113580930140632197e-01
-1.981184432803599627e-01 -2.360893736345997529e-01
-1.980980993843894089e-01 -2.360893736345997529e-01
-1.979562137509538466e-01 -2.113580930140632197e-01
-1.981043590446880387e-01 -2.360893736345997529e-01
-1.960068512062894674e-01 -1.371642511524536201e-01
-1.979541271975209793e-01 -2.113580930140632197e-01
-1.981064455981209338e-01 -2.360893736345997529e-01
-1.981059239597627031e-01 -2.360893736345997529e-01
-1.979134394055798996e-01 -2.113580930140632197e-01
-1.981022724912551713e-01 -2.360893736345997529e-01
-1.981022724912551713e-01 -2.360893736345997529e-01
-1.979624734112524764e-01 -2.113580930140632197e-01
-1.981059239597627031e-01 -2.360893736345997529e-01
-1.981033157679716050e-01 -2.360893736345997529e-01
-1.958691386797196399e-01 -1.124329705319170869e-01
-1.981033157679716050e-01 -2.360893736345997529e-01
-1.981007075761805070e-01 -2.360893736345997529e-01
-1.979562137509538466e-01 -2.113580930140632197e-01
-1.980960128309565416e-01 -2.360893736345997529e-01
-1.981064455981209338e-01 -2.360893736345997529e-01
-1.979619517728942735e-01 -2.113580930140632197e-01
-1.980980993843894089e-01 -2.360893736345997529e-01
-1.981054023214044724e-01 -2.360893736345997529e-01
-1.979473458988641188e-01 -2.113580930140632197e-01
-1.967924385737672699e-01 -1.866268123935266865e-01
-1.972452206687013432e-01 -1.618955317729901533e-01
-1.981862562669284289e-01 -2.360893736345997529e-01
-1.983323150072297536e-01 -2.608206542551362861e-01
-1.980433273567764330e-01 -2.113580930140632197e-01
-1.981878211820030933e-01 -2.360893736345997529e-01
-1.983380530291701527e-01 -2.608206542551362861e-01
-1.980412408033435379e-01 -2.113580930140632197e-01
-1.981872995436448626e-01 -2.360893736345997529e-01
-1.983443126894687825e-01 -2.608206542551362861e-01
-1.980401975266271042e-01 -2.113580930140632197e-01
-1.960955297271866904e-01 -1.371642511524536201e-01
-1.983390963058865863e-01 -2.608206542551362861e-01
-1.979984664579695908e-01 -2.113580930140632197e-01
-1.981940808423017231e-01 -2.360893736345997529e-01
-1.983432694127523488e-01 -2.608206542551362861e-01
-1.980516735705079301e-01 -2.113580930140632197e-01
-1.981893860970777577e-01 -2.360893736345997529e-01
-1.983390963058865863e-01 -2.608206542551362861e-01
-1.980428057184182022e-01 -2.113580930140632197e-01
-1.981909510121523943e-01 -2.360893736345997529e-01
-1.970407384322795108e-01 -2.113580930140632197e-01
-1.972598265427314979e-01 -1.618955317729901533e-01
-1.981956457573763597e-01 -2.360893736345997529e-01
-1.983427477743941181e-01 -2.608206542551362861e-01
-1.980459355485675310e-01 -2.113580930140632197e-01
-1.981382655379722857e-01 -2.360893736345997529e-01
-1.983463992429016498e-01 -2.608206542551362861e-01
-1.980521952088661608e-01 -2.113580930140632197e-01
-1.981982539491674578e-01 -2.360893736345997529e-01
-1.983385746675283834e-01 -2.608206542551362861e-01
-1.980495870170750627e-01 -2.113580930140632197e-01
-1.961023110258435231e-01 -1.371642511524536201e-01
-1.983422261360359151e-01 -2.608206542551362861e-01
-1.980568899540901262e-01 -2.113580930140632197e-01
-1.981998188642421221e-01 -2.360893736345997529e-01
-1.983474425196181112e-01 -2.608206542551362861e-01
-1.980521952088661608e-01 -2.113580930140632197e-01
-1.981940808423017231e-01 -2.360893736345997529e-01
-1.983479641579763142e-01 -2.608206542551362861e-01
-1.980548034006572311e-01 -2.113580930140632197e-01
-1.981966890340928211e-01 -2.360893736345997529e-01
-1.969974424485473330e-01 -2.113580930140632197e-01
-1.972629563728807989e-01 -1.618955317729901533e-01
-1.981977323108092548e-01 -2.360893736345997529e-01
-1.983427477743941181e-01 -2.608206542551362861e-01
-1.980558466773736925e-01 -2.113580930140632197e-01
-1.982086867163318500e-01 -2.360893736345997529e-01
-1.983547454566331747e-01 -2.608206542551362861e-01
-1.980610630609558609e-01 -2.113580930140632197e-01
-1.982066001628989826e-01 -2.360893736345997529e-01
-1.983552670949913777e-01 -2.608206542551362861e-01
-1.983583969251407064e-01 -2.608206542551362861e-01
-1.961143087080825798e-01 -1.371642511524536201e-01
-1.981346140694647540e-01 -2.360893736345997529e-01
-1.983135360263338642e-01 -2.608206542551362861e-01
-1.982092083546900529e-01 -2.360893736345997529e-01
-1.981325275160318866e-01 -2.360893736345997529e-01
-1.983542238182749440e-01 -2.608206542551362861e-01
-1.982144247382722491e-01 -2.360893736345997529e-01
-1.981340924311065232e-01 -2.360893736345997529e-01
-1.983500507114091815e-01 -2.608206542551362861e-01
-1.982034703327496539e-01 -2.360893736345997529e-01
-1.970506495610856723e-01 -2.113580930140632197e-01
-1.975597685987074137e-01 -2.113580930140632197e-01
-1.977209548513970960e-01 -1.618955317729901533e-01
-1.978696217834894910e-01 -1.866268123935266865e-01
-1.982618938288701893e-01 -2.360893736345997529e-01
-1.983062330893188008e-01 -2.608206542551362861e-01
-1.983568320100660420e-01 -2.608206542551362861e-01
-1.977898111146819959e-01 -1.618955317729901533e-01
-1.979702979866257706e-01 -1.866268123935266865e-01
-1.980673227212544907e-01 -2.113580930140632197e-01
-1.983427477743941181e-01 -2.608206542551362861e-01
-1.962603674483838767e-01 -1.618955317729901533e-01
-1.983333582839461873e-01 -2.608206542551362861e-01
-1.983359664757372853e-01 -2.608206542551362861e-01
-1.982483312315564961e-01 -2.360893736345997529e-01
-1.981633041791668048e-01 -2.113580930140632197e-01
-1.981440035599126848e-01 -2.360893736345997529e-01
-1.982457230397653980e-01 -2.360893736345997529e-01
-1.983411828593194814e-01 -2.608206542551362861e-01
-1.983286635387222219e-01 -2.608206542551362861e-01
-1.983354448373790546e-01 -2.608206542551362861e-01
-1.964236402545064264e-01 -1.124329705319170869e-01
-1.973552863622855535e-01 -1.866268123935266865e-01
-1.981429602831962511e-01 -2.360893736345997529e-01
-1.981398304530469501e-01 -2.360893736345997529e-01
-1.981408737297633837e-01 -2.360893736345997529e-01
-1.981445251982709155e-01 -2.360893736345997529e-01
-1.981017508528969406e-01 -2.360893736345997529e-01
-1.981544363270770770e-01 -2.360893736345997529e-01
-1.981492199434948809e-01 -2.360893736345997529e-01
-1.981513064969277482e-01 -2.360893736345997529e-01
-1.981549579654352800e-01 -2.360893736345997529e-01
-1.960517121050962819e-01 -1.371642511524536201e-01
-1.981429602831962511e-01 -2.360893736345997529e-01
-1.980954911925983108e-01 -2.360893736345997529e-01
-1.981539146887188463e-01 -2.360893736345997529e-01
-1.981476550284202165e-01 -2.360893736345997529e-01
-1.981471333900620135e-01 -2.360893736345997529e-01
-1.981507848585695453e-01 -2.360893736345997529e-01
-1.981408737297633837e-01 -2.360893736345997529e-01
-1.981054023214044724e-01 -2.360893736345997529e-01
-1.981471333900620135e-01 -2.360893736345997529e-01
-1.968419942177980775e-01 -1.866268123935266865e-01
-1.973505916170615881e-01 -1.866268123935266865e-01
-1.981486983051366502e-01 -2.360893736345997529e-01
-1.981398304530469501e-01 -2.360893736345997529e-01
-1.981408737297633837e-01 -2.360893736345997529e-01
-1.980897531706579118e-01 -2.360893736345997529e-01
-1.981398304530469501e-01 -2.360893736345997529e-01
-1.981445251982709155e-01 -2.360893736345997529e-01
-1.981429602831962511e-01 -2.360893736345997529e-01
-1.981377438996140550e-01 -2.360893736345997529e-01
-1.983422261360359151e-01 -2.608206542551362861e-01
-1.961977708453976066e-01 -1.618955317729901533e-01
-1.983396179442448171e-01 -2.608206542551362861e-01
-1.983354448373790546e-01 -2.608206542551362861e-01
-1.970203945363089570e-01 -6.297040929084402050e-02
-4.723141833536539935e-02 1.717681795387786536e+00
2.883876946946589026e+00 1.643487953526176826e+00
