1.380000000000000000e+02
2.880000000000000000e+02
7.500000000000000000e+01
2.250000000000000000e+02
1.390000000000000000e+02
2.860000000000000000e+02
6.600000000000000000e+01
1.340000000000000000e+02
6.900000000000000000e+01
7.600000000000000000e+01
1.370000000000000000e+02
2.300000000000000000e+02
7.400000000000000000e+01
4.970000000000000000e+02
9.000000000000000000e+00
8.600000000000000000e+01
1.350000000000000000e+02
7.000000000000000000e+01
2.820000000000000000e+02
1.540000000000000000e+02
1.030000000000000000e+02
1.000000000000000000e+01
8.500000000000000000e+01
6.800000000000000000e+01
1.410000000000000000e+02
7.700000000000000000e+01
9.900000000000000000e+01
4.960000000000000000e+02
3.100000000000000000e+02
6.500000000000000000e+01
1.100000000000000000e+01
3.050000000000000000e+02
1.400000000000000000e+02
7.000000000000000000e+00
1.510000000000000000e+02
9.500000000000000000e+01
1.570000000000000000e+02
2.080000000000000000e+02
2.200000000000000000e+02
2.930000000000000000e+02
7.100000000000000000e+01
1.530000000000000000e+02
6.700000000000000000e+01
2.960000000000000000e+02
3.090000000000000000e+02
1.130000000000000000e+02
5.000000000000000000e+00
2.590000000000000000e+02
3.000000000000000000e+00
2.230000000000000000e+02
6.000000000000000000e+00
2.190000000000000000e+02
8.000000000000000000e+00
1.000000000000000000e+00
2.950000000000000000e+02
1.550000000000000000e+02
4.000000000000000000e+00
1.480000000000000000e+02
1.520000000000000000e+02
3.070000000000000000e+02
