-2.830519024515193438e-01 -1.281303995233614490e+00
-5.332846316870588632e-01 -1.586534000896640428e+00
-8.550124264184668643e-01 -1.891764006559666811e+00
-1.166015961325494787e+00 -1.917199840364919083e+00
-1.198188740798635354e+00 -1.815456505143910215e+00
-1.037324843432931409e+00 -1.993507341780675235e+00
-1.516341782255250070e+00 -1.968071507975423184e+00
-1.594986354300705456e+00 -2.057096926293805694e+00
-1.791597784414343586e+00 -1.764584837533405892e+00
-1.977484954703601527e+00 -1.790020671338657943e+00
-1.698654199269714615e+00 -1.764584837533405892e+00
-1.998933474352361905e+00 -1.764584837533405892e+00
-2.056129526749056691e+00 -1.688277336117649297e+00
-1.898840382658146142e+00 -1.433918998065127459e+00
-1.523491288804836863e+00 -1.268586078330988354e+00
-1.687929939445334426e+00 -1.344893579746744727e+00
-1.830920070437071168e+00 -1.306739829038866541e+00
-5.654574111601998743e-01 -1.014227740278466516e+00
-3.688459810465616884e-01 -6.962798177128142196e-01
-6.856670596391400974e-02 -1.001509823375840380e+00
-1.087371389280039402e+00 -1.128688992402101299e+00
-9.265074919143353460e-01 -1.192278576915231758e+00
-3.473974613978010884e-01 -8.488948205443272998e-01
-4.045935137944958737e-01 -1.141406909304727435e+00
-4.296167867180497035e-01 -1.243150244525736081e+00
-1.266109053019710329e+00 -1.192278576915231758e+00
-7.084475421519367266e-01 -1.166842743109979486e+00
-7.799426076478052083e-01 -1.472072748773005646e+00
-1.541365055178804067e+00 -1.459354831870379510e+00
-1.359052638164339522e+00 -1.484790665675632004e+00
-1.262534299744917154e+00 -1.624687751604518837e+00
-1.455570976583761889e+00 -1.662841502312397024e+00
-1.795172537689136982e+00 -1.357611496649371086e+00
-2.031106253825503138e+00 -1.001509823375840380e+00
-1.805896797513517171e+00 -9.252023219600838955e-01
-2.088302306222197480e+00 -9.506381557653359460e-01
-1.194613987523841958e+00 -8.743306543495794614e-01
-1.094520895829626195e+00 -1.115971075499475162e+00
-7.835173609225983826e-01 -1.395765247357249050e+00
-1.405524430736654118e+00 -1.319457745941492677e+00
-3.116499286498668475e-01 -8.616127374469534361e-01
-1.257627583606090726e-01 -1.306739829038866541e+00
-2.830519024515193438e-01 -1.548380250188762464e+00
-3.187994351994535847e-01 -1.662841502312397024e+00
-2.115568369556508899e-01 -1.700995253020275433e+00
-6.499195268912079382e-02 -1.739149003728153842e+00
-4.582148129163972072e-01 -1.548380250188762464e+00
-9.193579853647486644e-01 -1.357611496649371086e+00
-6.262282168316879449e-01 -1.433918998065127459e+00
-1.865335640320968380e-01 -1.688277336117649297e+00
-4.296167867180497035e-01 -1.472072748773005646e+00
-1.686597976581297176e-01 -1.039663574083718567e+00
-9.157832320899551570e-01 -1.230432327623109945e+00
-7.929096578829418485e-02 -1.014227740278466516e+00
8.157293157740981571e-02 -1.001509823375840380e+00
-4.403410465424301146e-01 -1.179560660012605622e+00
-8.836104526168143680e-01 -9.760739895705882185e-01
3.389551673625357808e-01 -5.436648148813011394e-01
-2.209491339159962847e-02 -6.454081501023098966e-01
-2.866266557263127956e-01 -5.945364824918054625e-01
-9.265074919143353460e-01 -5.182289810760488669e-01
-7.334708150754906120e-01 -6.835619008101880834e-01
-3.152246819246603549e-01 -7.853052360311968405e-01
2.638853485918741248e-01 -1.103253158596849026e+00
-4.653643194659839444e-01 -1.268586078330988354e+00
5.891878965980753557e-01 -1.115971075499475162e+00
5.654965865385575691e-02 -1.014227740278466516e+00
3.639784402860898327e-01 -9.379202388627099207e-01
-1.043142387118482367e-01 -9.887919064732143548e-01
2.638853485918741248e-01 -7.725873191285708153e-01
-3.281917321597979664e-02 -9.506381557653359460e-01
-3.009256688254864365e-01 -4.419214796602923823e-01
8.514768485220303162e-02 -3.147423106340314636e-01
7.607760537881600449e-01 -2.384348092182749512e-01
5.069685712778266851e-01 -4.292035627576663015e-01
-3.974440072449089700e-01 -4.164856458550402762e-01
4.940015210426881159e-02 -3.274602275366574888e-01
3.639784402860898327e-01 -4.546393965629184075e-01
1.888155298212124689e-01 -1.128688992402101299e+00
4.783705450794794589e-01 -1.217714410720484031e+00
1.039606809222046735e+00 -8.234589867390751383e-01
5.355665974761739667e-01 -5.691006486865533009e-01
8.143973529100613229e-01 -9.124844050574577592e-01
-9.716473216226129139e-02 -1.001509823375840380e+00
3.510113900509492096e-02 -6.326902331996837603e-01
-1.507860312841626249e-01 -2.384348092182749512e-01
4.354735057819583144e-01 -5.309468979786751142e-01
5.212675843770006034e-01 -7.980231529338229768e-01
1.030214512261701382e-01 -7.344335684206925174e-01
-4.510653063668103036e-01 -6.708439839075620581e-01
-5.511583980610259559e-01 -4.037677289524142510e-01
-1.262534299744917154e+00 -3.783318951471619229e-01
7.822245734369203118e-01 2.864144573687289405e-02
8.000983398108874045e-01 9.223103025000334299e-02
1.150424160740642687e+00 2.066922823736382087e-01
8.251216127344415119e-01 2.575639499841426150e-01
5.105433245526204145e-01 1.558206147631338023e-01
6.070616629720424484e-01 1.685385316657598553e-01
9.395137175278310826e-01 2.957177006920207463e-01
1.479301462021637592e+00 3.847431190104035337e-01
1.418530656350149410e+00 4.610506204261600183e-01
8.179721061848546082e-01 3.465893683025251804e-01
1.783155490379078500e+00 4.483327035235339930e-01
8.179721061848546082e-01 4.737685373287862656e-01
8.680186520319627119e-01 4.483327035235339930e-01
4.211744926827848956e-01 -1.112556401920140603e-01
5.927626498728690851e-01 -2.257168923156489260e-01
8.322711192840284156e-01 -4.766605567888360095e-02
1.637922568976584170e-01 -7.310188948413569310e-02
6.106364162468361778e-01 3.084356175946470491e-01
1.018158289573285913e+00 4.992043711340383716e-01
1.618716839738581381e+00 6.136656232576730430e-01
1.329161824480313836e+00 2.575639499841426150e-01
1.071779588695187302e+00 -2.257168923156489260e-01
1.407806396525769221e+00 2.957177006920207463e-01
1.204045459862544076e+00 3.338714513998990996e-01
9.609622371765914606e-01 -1.366914739972661386e-01
-2.544538762531720621e-01 -3.528960613419098169e-01
-1.257627583606090726e-01 -4.800752303681707356e-01
4.569220254307191365e-01 -2.384348092182749512e-01
1.300563798281966443e+00 1.303847809578816963e-01
1.808178763302632497e+00 3.720252021077774529e-01
1.447128682548496581e+00 3.084356175946470491e-01
5.141180778274136998e-01 9.223103025000334299e-02
1.923902830960056987e-01 -1.239735570946400994e-01
2.928359531954427292e-03 3.338714513998990996e-01
1.423437372488975949e-01 6.391014570629250935e-01
6.034869096972492741e-01 6.899731246734297496e-01
6.070616629720424484e-01 7.154089584786818001e-01
9.109156913294833569e-01 6.391014570629250935e-01
1.065962045009633680e-01 7.408447922839339617e-01
1.923902830960056987e-01 7.408447922839339617e-01
-3.045004221002799438e-01 6.772552077708035023e-01
2.638853485918741248e-01 6.391014570629250935e-01
1.780912699968318080e-01 2.321281161788902869e-01
5.141180778274136998e-01 4.228968697182816650e-01
5.284170909265876181e-01 6.772552077708035023e-01
1.673670101724516468e-01 4.228968697182816650e-01
1.139699900916262498e+00 6.899731246734297496e-01
1.557946034067092977e+00 9.952031303364556880e-01
1.436404422724116392e+00 1.249561468388977525e+00
6.892809882922915632e-01 1.262279385291603884e+00
1.296989045007173269e+00 1.236843551486351833e+00
1.018158289573285913e+00 1.669252726175638690e+00
1.686637151959656133e+00 1.669252726175638690e+00
5.462908573005547108e-01 9.570493796285773902e-01
5.748888834989019925e-01 3.084356175946470491e-01
5.212675843770006034e-01 6.009477063550472398e-01
1.468577202197257403e+00 6.518193739655513408e-01
7.965235865360942302e-01 2.194101992762642617e-01
1.143274654191055673e+00 5.246402049392904221e-01
1.218344472961717884e+00 5.882297894524208814e-01
1.743833204356351141e+00 9.061777120180731782e-01
1.772431230554698312e+00 9.952031303364556880e-01
1.153998914015436528e+00 7.535627091865602090e-01
1.218344472961717884e+00 6.518193739655513408e-01
7.500517939637793008e-01 4.737685373287862656e-01
9.229719140178997694e-02 3.720252021077774529e-01
-5.069293958994690319e-02 5.500760387445425836e-01
5.498656105753478851e-01 5.373581218419167804e-01
2.746096084162543138e-01 6.899731246734297496e-01
7.679255603377465045e-01 7.917164598944385068e-01
9.216399511538639899e-01 7.662806260891860122e-01
1.271965772083619273e+00 1.071510631752212506e+00
1.851075802600153697e+00 1.287715219096855934e+00
7.035800013914649265e-01 1.198689800778473424e+00
3.997259730340240735e-01 1.058792714849586147e+00
1.633015852837754744e+00 1.020638964141707739e+00
1.954743647569162635e+00 1.478483972636247312e+00
1.351942306993111353e-01 9.952031303364556880e-01
4.104502328584042625e-01 4.864864542314121243e-01
5.176928311022068740e-01 4.483327035235339930e-01
4.461977656063384479e-01 2.957177006920207463e-01
1.995397896455926301e-01 2.829997837893947210e-01
4.819452983542726887e-01 6.518193739655513408e-01
5.641646236745218035e-01 9.697672965312036375e-01
1.046756315771633750e+00 9.824852134338298848e-01
3.961512197592308437e-01 9.061777120180731782e-01
1.007434029748905724e+00 1.185971883875847066e+00
1.590118813540233544e+00 1.440330221928368903e+00
1.432829669449323218e+00 1.427612305025742989e+00
1.043181562496840131e+00 1.453048138830995262e+00
1.282690031907999462e+00 1.376740637415238444e+00
1.447128682548496581e+00 1.516637723344125721e+00
1.000284523199318931e+00 1.274997302194229576e+00
1.014583536298492739e+00 1.224125634583725475e+00
-1.972578238564775266e-01 1.262279385291603884e+00
-8.644047233788113016e-02 7.026910415760555528e-01
-3.867197474205287810e-01 5.882297894524208814e-01
-5.426769286474063259e-02 6.645372908681776991e-01
-3.639392649077351910e-02 6.518193739655513408e-01
1.244699708749304745e-01 8.044343767970644210e-01
5.999121564224559888e-01 1.135100216265342965e+00
1.994065933591890660e+00 1.631098975467760281e+00
5.427161040257609814e-01 1.605663141662508231e+00
6.749819751931176448e-01 1.478483972636247312e+00
1.257666758984445465e+00 1.758278144494021200e+00
1.003859276474112550e+00 8.425881275049427188e-01
-3.187994351994535847e-01 3.465893683025251804e-01
-1.543607845589563543e-01 7.026910415760555528e-01
3.711279468356767919e-01 1.147818133167968657e+00
1.404231643250976047e+00 1.427612305025742989e+00
1.602175036228646876e-01 1.414894388123116853e+00
4.068754795836110327e-01 1.364022720512612530e+00
6.012441192864897976e-02 1.033356881044334097e+00
-1.150384985362283979e-01 8.807418782128211276e-01
4.747957918046862291e-01 9.824852134338298848e-01
1.786730243653871675e+00 1.198689800778473424e+00
4.604967787055123662e-01 1.109664382460090915e+00
2.061986245812965191e+00 1.338586886707360035e+00
1.400656889976182207e+00 1.249561468388977525e+00
9.216399511538639899e-01 1.046074797946960455e+00
2.276471442300571191e+00 1.414894388123116853e+00
1.086078601794361109e+00 1.033356881044334097e+00
-5.082613587635050889e-01 7.408447922839339617e-01
1.071779588695187302e+00 1.033356881044334097e+00
1.318437564655933647e+00 1.160536050070595016e+00
1.965467907393542824e+00 1.453048138830995262e+00
1.815328269852219512e+00 1.503919806441499363e+00
1.393507383426595414e+00 1.185971883875847066e+00
8.179721061848546082e-01 1.236843551486351833e+00
5.069685712778266851e-01 1.109664382460090915e+00
7.107295079410519412e-01 1.274997302194229576e+00
3.675531935608835621e-01 1.313151052902107985e+00
4.998190647282397814e-01 1.427612305025742989e+00
-6.856670596391400974e-02 1.478483972636247312e+00
9.895602633749387422e-01 1.580227307857256180e+00
1.847501049325360079e+00 1.631098975467760281e+00
2.301494715224124743e+00 1.580227307857256180e+00
1.718809931432796922e+00 1.770996061396647336e+00
1.793879750203458689e+00 1.847303562812403710e+00
1.997640686866683835e+00 1.949046898033412578e+00
8.036730930856806898e-01 1.580227307857256180e+00
7.000052481166717522e-01 1.236843551486351833e+00
6.571082088191505521e-01 1.020638964141707739e+00
1.640165359387341537e+00 1.554791474052003908e+00
1.078929095244774317e+00 1.160536050070595016e+00
5.069685712778266851e-01 1.185971883875847066e+00
1.529348007868745807e+00 1.427612305025742989e+00
5.748888834989019925e-01 1.300433135999482070e+00
2.674601018666673546e-01 7.662806260891860122e-01
4.175997394079911662e-01 7.154089584786818001e-01
6.213606760712163668e-01 1.007921047239082046e+00
9.931350166497324716e-01 1.351304803609986394e+00
1.673670101724516468e-01 1.135100216265342965e+00
-2.151315902304446193e-01 1.122382299362716607e+00
-3.509722146725945402e-01 5.882297894524208814e-01
1.722737263112781095e-02 2.957177006920207463e-01
-3.996867976556674196e-02 4.610506204261600183e-01
3.152638573030170505e-02 7.026910415760555528e-01
5.033938180030335108e-01 8.807418782128211276e-01
1.082503848519567935e+00 9.952031303364556880e-01
1.786730243653871675e+00 9.443314627259515870e-01
9.144904446042770862e-01 7.154089584786818001e-01
2.795163245550848219e-02 6.263835401602992903e-01
3.389551673625357808e-01 6.009477063550472398e-01
2.424368289431138024e-01 2.575639499841426150e-01
-8.407134133192932790e-01 2.448460330815165620e-01
-1.519916535530043467e+00 4.992043711340383716e-01
-1.686597976581297176e-01 8.044343767970644210e-01
-4.796633325651575297e-01 8.680239613101948803e-01
2.460115822179070322e-01 8.044343767970644210e-01
-6.856670596391400974e-02 7.789985429918122595e-01
9.037661847798968973e-01 9.697672965312036375e-01
3.425299206373295102e-01 9.952031303364556880e-01
-2.209491339159962847e-02 9.443314627259515870e-01
1.032457302672459942e+00 9.061777120180731782e-01
5.212675843770006034e-01 7.662806260891860122e-01
-4.403410465424301146e-01 6.645372908681776991e-01
4.175997394079911662e-01 8.171522936996906683e-01
-3.509722146725945402e-01 8.298702106023164715e-01
4.175997394079911662e-01 8.044343767970644210e-01
3.568289337365029290e-01 6.645372908681776991e-01
8.286963660092346862e-01 7.281268753813081585e-01
-3.639392649077351910e-02 4.610506204261600183e-01
-1.043142387118482367e-01 2.957177006920207463e-01
3.067823878893953249e-01 4.737685373287862656e-01
-7.406203216250775156e-01 4.101789528156556397e-01
-7.799426076478052083e-01 8.680239613101948803e-01
4.497725188811321773e-01 1.058792714849586147e+00
4.354735057819583144e-01 7.662806260891860122e-01
-8.800356993420209717e-01 6.899731246734297496e-01
-8.013911272965655863e-01 5.882297894524208814e-01
-1.972578238564775266e-01 3.338714513998990996e-01
-1.221880050858153433e-01 -6.038397258150964703e-02
-2.330053566044114899e-01 -3.401781444392837916e-01
-2.079820836808576878e-01 -6.454081501023098966e-01
-7.191718019763169156e-01 -1.103253158596849026e+00
-8.085406338461524900e-01 -7.344335684206925174e-01
-5.761816709845800633e-01 -7.089977346154403559e-01
-3.724207343213549182e-01 -8.234589867390751383e-01
-1.355477884889545903e+00 -8.361769036417012746e-01
-1.777298771315170001e+00 -5.691006486865533009e-01
-1.723677472193268612e+00 -1.875631416077705449e-01
-1.266109053019710329e+00 1.176668640552556711e-01
-7.763678543730117010e-01 -2.223022187363151228e-02
-1.280408066118884358e+00 -2.257168923156489260e-01
-1.437697210209794907e+00 1.685385316657598553e-01
-5.368593849618523706e-01 1.812564485683861304e-01
-9.729792844866499424e-01 -9.853772328938800729e-02
-1.752275498391615782e+00 -1.112556401920140603e-01
-1.827345317162277771e+00 -6.038397258150964703e-02
-1.780873524589963397e+00 -2.893064768287793576e-01
-1.648607653422606623e+00 -2.384348092182749512e-01
-7.263213085259039303e-01 -1.239735570946400994e-01
-5.940554373585471559e-01 -2.511527261209010042e-01
-6.369524766560683560e-01 -4.800752303681707356e-01
-5.011118522139181852e-01 -2.893064768287793576e-01
-3.473974613978010884e-01 -4.927931472707967608e-01
-9.694045312118564350e-01 -5.309468979786751142e-01
-1.012301570509377635e+00 -6.581260670049359218e-01
-8.478629198688801827e-01 -7.471514853233185427e-01
-9.801287910362366240e-01 -7.598694022259446790e-01
-1.637883393598226434e+00 -7.598694022259446790e-01
-1.273258559569297343e+00 -7.471514853233185427e-01
-1.323305105416405114e+00 -6.199723162970577350e-01
-1.552089315003184256e+00 -1.239735570946400994e-01
-1.148142194951527584e+00 -2.223022187363151228e-02
-7.298960618006971046e-01 -8.581980638676196815e-02
-1.191039234249048784e+00 1.049489471526293960e-01
-1.391225417637480088e+00 1.939743654710121556e-01
-7.906668674721853973e-01 2.321281161788902869e-01
-2.020381994001122727e+00 -1.366914739972661386e-01
-2.138348852069305472e+00 -2.511527261209010042e-01
-2.227717683939141047e+00 -4.546393965629184075e-01
-2.079820836808576878e-01 -1.621273078025184666e-01
1.208952176001372586e-01 -2.511527261209010042e-01
-1.137065356721946377e-02 -1.494093908998924136e-01
-6.977232823275563156e-01 -2.638706430235270295e-01
-2.924441994118657379e-02 -2.002810585103965979e-01
-6.512514897552419413e-01 -4.037677289524142510e-01
-7.120222954267300119e-01 -4.164856458550402762e-01
-7.298960618006971046e-01 -3.910498120497879482e-01
5.297490537906203445e-02 -9.506381557653359460e-01
-6.119292037325142486e-01 -9.379202388627099207e-01
-1.233936273546569762e+00 -9.887919064732143548e-01
-7.727931010982183047e-01 -8.488948205443272998e-01
-6.499195268912079382e-02 -9.124844050574577592e-01
-1.001577310684997224e+00 -1.052381490986344703e+00
-1.058773363081692009e+00 -6.199723162970577350e-01
-8.693114395176407827e-01 -3.528960613419098169e-01
7.442342502782287039e-02 -6.199723162970577350e-01
-9.908530508606170351e-01 -8.107410698364490020e-01
-7.120222954267300119e-01 -8.234589867390751383e-01
-3.867197474205287810e-01 -7.980231529338229768e-01
-1.269683806294503947e+00 -1.243150244525736081e+00
-9.908530508606170351e-01 -1.510226499480884055e+00
-1.505617522430869881e+00 -1.662841502312397024e+00
-1.641458146873019830e+00 -1.853610255851788624e+00
-1.645032900147813226e+00 -1.904481923462292725e+00
-1.376926404538306503e+00 -1.866328172754414316e+00
-1.680780432895747412e+00 -1.904481923462292725e+00
-1.094520895829626195e+00 -2.273301513638449123e+00
-1.040899596707725028e+00 -2.158840261514814785e+00
-6.047796971829273449e-01 -1.344893579746744727e+00
-5.869059308089602522e-01 -7.344335684206925174e-01
-4.045935137944958737e-01 -8.997664881548317339e-01
-1.609285367399879041e+00 -9.760739895705882185e-01
-2.616033828027590213e-01 -7.980231529338229768e-01
-4.903875923895379962e-01 -1.370329413551997000e+00
-7.942416207469789047e-01 -1.217714410720484031e+00
-7.620688412738381157e-01 -1.128688992402101299e+00
-1.527066042079630481e+00 -7.853052360311968405e-01
-7.477698281746641973e-01 -4.037677289524142510e-01
-9.801287910362366240e-01 -6.072543993944315988e-01
