2.310000000000000000e+02
2.280000000000000000e+02
2.120000000000000000e+02
2.300000000000000000e+02
1.930000000000000000e+02
9.000000000000000000e+00
1.100000000000000000e+01
1.200000000000000000e+01
7.000000000000000000e+00
3.510000000000000000e+02
8.000000000000000000e+00
3.490000000000000000e+02
3.480000000000000000e+02
6.000000000000000000e+00
1.000000000000000000e+01
3.520000000000000000e+02
1.300000000000000000e+01
2.290000000000000000e+02
2.270000000000000000e+02
1.680000000000000000e+02
2.090000000000000000e+02
2.170000000000000000e+02
1.440000000000000000e+02
2.180000000000000000e+02
2.350000000000000000e+02
1.640000000000000000e+02
3.530000000000000000e+02
3.500000000000000000e+02
2.070000000000000000e+02
1.960000000000000000e+02
1.790000000000000000e+02
2.380000000000000000e+02
1.830000000000000000e+02
1.530000000000000000e+02
2.520000000000000000e+02
1.800000000000000000e+02
2.010000000000000000e+02
1.520000000000000000e+02
1.670000000000000000e+02
1.430000000000000000e+02
1.400000000000000000e+02
3.500000000000000000e+01
1.820000000000000000e+02
2.100000000000000000e+02
2.260000000000000000e+02
