3.060000000000000000e+02
8.700000000000000000e+01
1.460000000000000000e+02
2.520000000000000000e+02
3.470000000000000000e+02
2.700000000000000000e+02
2.650000000000000000e+02
1.750000000000000000e+02
9.500000000000000000e+01
2.390000000000000000e+02
9.200000000000000000e+01
2.550000000000000000e+02
1.090000000000000000e+02
2.560000000000000000e+02
4.900000000000000000e+01
3.100000000000000000e+02
3.330000000000000000e+02
1.170000000000000000e+02
5.900000000000000000e+01
2.200000000000000000e+02
7.000000000000000000e+00
1.950000000000000000e+02
1.160000000000000000e+02
1.370000000000000000e+02
2.800000000000000000e+02
3.230000000000000000e+02
1.700000000000000000e+01
2.630000000000000000e+02
2.770000000000000000e+02
6.300000000000000000e+01
0.000000000000000000e+00
1.680000000000000000e+02
1.100000000000000000e+01
1.390000000000000000e+02
3.000000000000000000e+02
1.550000000000000000e+02
1.380000000000000000e+02
1.350000000000000000e+02
3.460000000000000000e+02
1.500000000000000000e+02
6.400000000000000000e+01
6.600000000000000000e+01
1.340000000000000000e+02
2.600000000000000000e+01
1.530000000000000000e+02
