6.529784167519264715e-02 1.093723333216884308e+00
1.442809997469762573e+00 1.044970634535137416e-01
-1.139425332904727695e+00 -1.082574460262530236e+00
-9.906348213032256655e-01 3.854864546928927355e-02
5.452672339381094968e-01 -1.214471296230979824e+00
-4.434697141235002804e-01 8.958780792642109247e-01
-5.634620621892294512e-01 -1.592966084833847273e-01
1.140429280344127161e+00 1.704454814377393823e-01
-3.549573070002030178e-02 -9.506776242940813137e-01
-6.546562467191825441e-01 1.704454814377393823e-01
-6.786547163323304321e-01 -3.571418624360587213e-01
1.932378777577939299e+00 -9.334819049915966949e-02
3.484797831103118027e-01 2.363938994219638434e-01
3.484797831103118027e-01 3.023423174061883323e-01
-1.067429924065290692e+00 -2.739977251493519797e-02
-1.283416150583604587e+00 -2.911934444518342602e-01
1.346816119017181457e+00 2.363938994219638434e-01
-1.019432984838998468e+00 -5.549871163887326597e-01
-3.714743052840634441e-01 3.023423174061883323e-01
1.058834483659430559e+00 3.682907353904127934e-01
-3.330767539030274893e-01 -2.252450264676091884e-01
-1.427406968262478371e+00 -9.506776242940813137e-01
-5.250645108081969381e-01 -2.739977251493519797e-02
9.484415234389578231e-01 5.001875713588629369e-01
-7.410507373265075026e-01 1.159671751201109879e+00
1.852901897409218457e-01 -6.868839523571822481e-01
9.484415234389578231e-01 5.001875713588629369e-01
8.668467267542645516e-01 5.661359893430873980e-01
9.148436659805534443e-01 8.299296612799864636e-01
8.764461145995209312e-01 8.958780792642109247e-01
5.644660096286256978e-01 7.639812432957607813e-01
-3.474758356709155560e-01 1.357517005153783263e+00
-6.690553284870706108e-01 5.001875713588629369e-01
1.324935565920012659e-01 -2.252450264676091884e-01
-3.714743052840634441e-01 -3.571418624360587213e-01
4.732718250986726050e-01 1.291568587169558802e+00
5.644660096286256978e-01 8.958780792642109247e-01
1.313218261558777078e+00 1.704454814377393823e-01
1.610799284761784245e+00 2.363938994219638434e-01
2.690029029416011325e-02 1.423465423138007724e+00
-1.355411559423041590e+00 -8.187807883256317254e-01
1.394813058243470349e+00 6.980328253115363202e-01
-5.826608378797457632e-01 1.704454814377393823e-01
1.284420098023000945e+00 5.001875713588629369e-01
1.538803875922347464e+00 3.854864546928927355e-02
5.164690704023333634e-01 -1.412316550183653652e+00
7.852519300695678384e-01 5.001875713588629369e-01
1.145228974266755406e+00 5.001875713588629369e-01
1.385213670398213859e+00 6.320844073273118591e-01
5.548666217833658765e-01 -3.390769089710394812e+00
-1.302614926274120899e+00 -1.592966084833847273e-01
-1.650874666110093425e-01 -1.592966084833847273e-01
-5.394635925760815631e-01 3.854864546928927355e-02
1.298819179790889011e+00 -1.592966084833847273e-01
7.852519300695678384e-01 7.639812432957607813e-01
9.292427477484415110e-01 5.661359893430873980e-01
-6.834544102549586775e-01 -9.334819049915966949e-02
6.529784167519264715e-02 -9.334819049915966949e-02
5.548666217833658765e-01 -1.214471296230979824e+00
5.404675400154812515e-01 5.661359893430873980e-01
1.548403263767603733e+00 5.661359893430873980e-01
-3.810736931293198793e-01 1.291568587169558802e+00
-4.290706323556122137e-01 -9.334819049915966949e-02
-8.946409428506409967e-01 -4.230902804202831824e-01
4.732718250986726050e-01 3.023423174061883323e-01
-1.302614926274120899e+00 -6.868839523571822481e-01
2.284874350445825764e-01 5.661359893430873980e-01
5.212687643249616087e-01 1.704454814377393823e-01
-1.269017068815716742e+00 -7.528323703414067092e-01
3.052825378066510442e-01 1.489413841122233517e+00
2.668849864256185311e-01 1.489413841122233517e+00
5.644660096286256978e-01 5.001875713588629369e-01
4.108758041044922038e-01 3.023423174061883323e-01
-7.986470643980596584e-01 -2.252450264676091884e-01
1.324935565920012659e-01 1.159671751201109879e+00
1.289219791945629190e+00 6.980328253115363202e-01
1.308418567636145502e+00 5.001875713588629369e-01
1.612917201277739576e-01 3.682907353904127934e-01
-1.043431454452146356e+00 -8.187807883256317254e-01
-9.474375759995615764e-01 -8.187807883256317254e-01
-1.101027781523695070e+00 -1.592966084833847273e-01
1.754790102440657806e+00 1.704454814377393823e-01
1.612917201277739576e-01 -9.334819049915966949e-02
-1.446605743952994683e+00 5.001875713588629369e-01
-5.010660411950490500e-01 3.682907353904127934e-01
-1.326613395887265456e+00 1.357517005153783263e+00
3.628788648781998138e-01 1.027774915232659847e+00
-1.331413089809897032e+00 -3.126975417773496524e+00
-1.074911395394571451e-01 -3.390769089710394812e+00
1.994774798572116259e+00 1.044970634535137416e-01
-2.946792025219949762e-01 1.093723333216884308e+00
-2.466822632957026140e-01 1.093723333216884308e+00
8.188497875279722171e-01 4.342391533746372545e-01
-1.173023190363131851e+00 6.980328253115363202e-01
1.524404794154459397e+00 2.363938994219638434e-01
-1.053030842297402625e+00 -9.506776242940813137e-01
-1.307414620196749144e+00 -1.412316550183653652e+00
4.972702947118171068e-01 -8.847292063098561865e-01
-1.437006356107738192e+00 6.980328253115363202e-01
1.169227443879899964e+00 4.342391533746372545e-01
-5.469450639053656527e-02 -2.739977251493519797e-02
8.908451963674089980e-01 3.023423174061883323e-01
-1.518601152792434794e+00 -1.016626042278305775e+00
-3.186776721351428643e-01 1.225620169185334341e+00
8.332488692958601728e-01 3.682907353904127934e-01
1.084950869788533778e-01 -1.592966084833847273e-01
-4.290706323556122137e-01 1.291568587169558802e+00
-3.069603677739208766e-02 6.980328253115363202e-01
1.505206018463943085e+00 3.023423174061883323e-01
2.428865168124706431e-01 1.044970634535137416e-01
4.108758041044922038e-01 4.342391533746372545e-01
1.418811527856618238e+00 3.854864546928927355e-02
1.404412446088730171e+00 1.704454814377393823e-01
1.649196836142816869e+00 3.854864546928927355e-02
1.644397142220188623e+00 -1.592966084833847273e-01
1.092432341117834937e+00 4.342391533746372545e-01
-7.410507373265075026e-01 -3.522665925678844179e+00
1.284420098023000945e+00 -9.334819049915966949e-02
5.452672339381094968e-01 -4.230902804202831824e-01
5.788650913965137645e-01 -1.280419714215204730e+00
4.108758041044922038e-01 6.980328253115363202e-01
1.433210609624506304e+00 3.682907353904127934e-01
1.394813058243470349e+00 8.958780792642109247e-01
1.409212140011358416e+00 6.320844073273118591e-01
8.668467267542645516e-01 5.661359893430873980e-01
5.932641731644018313e-01 3.023423174061883323e-01
4.828712129439290401e-01 -8.187807883256317254e-01
-5.874605318023738976e-01 1.687259095074906901e+00
-9.474375759995615764e-01 -8.187807883256317254e-01
-2.274834876051863297e-01 -2.252450264676091884e-01
1.692394081446480847e+00 6.980328253115363202e-01
7.564537665337917050e-01 5.661359893430873980e-01
1.596400202993896178e+00 1.044970634535137416e-01
7.084568273074993705e-01 8.299296612799864636e-01
-8.850415550053845060e-01 3.023423174061883323e-01
-2.370828754504461788e-01 -7.528323703414067092e-01
9.889569913359695652e-02 4.342391533746372545e-01
-1.494602683179286906e+00 -1.412316550183653652e+00
-1.326613395887265456e+00 -1.610161804136328367e+00
-1.398608804726705790e+00 -1.280419714215204730e+00
-1.650874666110093425e-01 -1.082574460262530236e+00
4.252748858723802705e-01 -2.252450264676091884e-01
-1.365010947268301411e+00 -1.016626042278305775e+00
1.754790102440657806e+00 -2.739977251493519797e-02
5.644660096286256978e-01 5.661359893430873980e-01
5.404675400154812515e-01 -7.528323703414067092e-01
-9.810354334579658442e-01 -2.137749148010125833e+00
-9.810354334579658442e-01 -2.911934444518342602e-01
1.836384899125354631e+00 1.044970634535137416e-01
1.860383368738502519e+00 -1.592966084833847273e-01
-1.422607274339850125e+00 -8.187807883256317254e-01
1.324935565920012659e-01 8.299296612799864636e-01
1.385213670398213859e+00 3.682907353904127934e-01
1.228941687467414307e-01 1.027774915232659847e+00
6.508605002359506564e-01 4.342391533746372545e-01
2.524859046577304644e-01 -2.071800730025900705e+00
-5.874605318023738976e-01 8.958780792642109247e-01
-6.909358815842461810e-02 -4.890386984045082541e-01
-1.149726108687582245e-02 -8.847292063098561865e-01
-9.474375759995615764e-01 -1.592966084833847273e-01
-7.746485947849117704e-01 1.489413841122233517e+00
3.052825378066510442e-01 3.023423174061883323e-01
-1.230619517434684118e+00 -4.230902804202831824e-01
-1.403408498649333813e+00 -7.528323703414067092e-01
1.788387959899062185e+00 3.023423174061883323e-01
1.769189184208545873e+00 1.704454814377393823e-01
-2.034850179920418556e-01 3.682907353904127934e-01
-2.034850179920418556e-01 -1.610161804136328367e+00
5.308681521702214301e-01 1.027774915232659847e+00
-1.221020129589424297e+00 -1.214471296230979824e+00
9.889569913359695652e-02 1.027774915232659847e+00
-1.206621047821536230e+00 -9.506776242940813137e-01
-8.754421671601246846e-01 -1.592966084833847273e-01
-1.427406968262478371e+00 -7.528323703414067092e-01
-1.427406968262478371e+00 7.639812432957607813e-01
-1.446605743952994683e+00 -1.016626042278305775e+00
-3.810736931293198793e-01 9.618264972484353859e-01
-1.149024720749987516e+00 -2.252450264676091884e-01
-1.029032372684258290e+00 3.854864546928927355e-02
-1.038631760529518111e+00 -8.847292063098561865e-01
1.481207548850795197e+00 4.342391533746372545e-01
3.532794770329434342e-01 5.661359893430873980e-01
4.732718250986726050e-01 -3.571418624360587213e-01
-1.650874666110093425e-01 3.854864546928927355e-02
1.985175410726859990e+00 -9.334819049915966949e-02
1.961176941113712102e+00 1.044970634535137416e-01
-9.090400246185290634e-01 -1.592966084833847273e-01
3.532794770329434342e-01 -3.571418624360587213e-01
3.148819256519074794e-01 6.980328253115363202e-01
3.772779466460878806e-01 5.001875713588629369e-01
-1.014633290916370223e+00 -5.549871163887326597e-01
-1.331413089809897032e+00 -1.280419714215204730e+00
1.708911079730338067e-01 1.819155931043356933e+00
-1.235419211357312363e+00 5.661359893430873980e-01
-1.170905273847169803e-01 8.299296612799864636e-01
7.468543786885353253e-01 3.682907353904127934e-01
-4.674681837366447268e-01 8.958780792642109247e-01
9.004445842126688193e-01 8.958780792642109247e-01
5.452672339381094968e-01 5.661359893430873980e-01
4.732718250986726050e-01 8.299296612799864636e-01
2.090768677024700928e+00 2.363938994219638434e-01
1.001238156587878292e+00 6.320844073273118591e-01
-3.090782842898830429e-01 3.682907353904127934e-01
1.514805406309199576e+00 3.854864546928927355e-02
1.116430810730979273e+00 3.682907353904127934e-01
2.668849864256185311e-01 -9.334819049915966949e-02
5.404675400154812515e-01 8.958780792642109247e-01
1.260421628409856387e+00 5.661359893430873980e-01
6.988574394622429908e-01 4.342391533746372545e-01
-2.706807329088504743e-01 -1.592966084833847273e-01
-5.490629804213413845e-01 1.423465423138007724e+00
8.929631128833712128e-02 5.661359893430873980e-01
2.901820681012227347e-03 -8.187807883256317254e-01
-4.509511854528013702e-02 -7.528323703414067092e-01
1.178826831725159785e+00 -2.739977251493519797e-02
-8.610430853922366179e-01 -2.252450264676091884e-01
-1.197021659976279739e+00 -3.571418624360587213e-01
1.418811527856618238e+00 2.363938994219638434e-01
-1.139425332904727695e+00 -2.739977251493519797e-02
-1.365010947268301411e+00 1.093723333216884308e+00
9.004445842126688193e-01 1.704454814377393823e-01
-1.187422272131019918e+00 3.854864546928927355e-02
-1.206621047821536230e+00 -1.592966084833847273e-01
-1.197021659976279739e+00 6.980328253115363202e-01
6.268620306228060990e-01 7.639812432957607813e-01
1.385213670398213859e+00 -9.334819049915966949e-02
-5.469450639053656527e-02 1.159671751201109879e+00
1.132947809014850094e-01 -5.549871163887326597e-01
1.649196836142816869e+00 2.363938994219638434e-01
1.082832953272575116e+00 3.023423174061883323e-01
-6.306577771060380977e-01 1.357517005153783263e+00
1.289219791945629190e+00 -2.739977251493519797e-02
9.532412173615893991e-01 6.320844073273118591e-01
-8.610430853922366179e-01 -2.739977251493519797e-02
1.466808467082910461e+00 6.320844073273118591e-01
-1.506883848431212758e-01 -8.847292063098561865e-01
-5.490629804213413845e-01 5.001875713588629369e-01
-9.714360456127094645e-01 5.001875713588629369e-01
-1.437006356107738192e+00 -2.252450264676091884e-01
-1.566598092018723909e+00 -1.280419714215204730e+00
-6.930537981002150572e-01 6.980328253115363202e-01
-2.706807329088504743e-01 1.489413841122233517e+00
3.052825378066510442e-01 3.682907353904127934e-01
7.708528483016797717e-01 6.980328253115363202e-01
-9.954345152258539109e-01 -2.739977251493519797e-02
-7.314513494812510119e-01 -2.911934444518342602e-01
-8.370446157790921715e-01 6.980328253115363202e-01
-8.349266992631265705e-02 -3.571418624360587213e-01
1.682794693601221026e+00 2.363938994219638434e-01
8.332488692958601728e-01 4.342391533746372545e-01
1.778788572053805694e+00 -9.334819049915966949e-02
5.404675400154812515e-01 5.001875713588629369e-01
-1.398608804726705790e+00 -3.061026999789271397e+00
4.684721311760409734e-01 1.027774915232659847e+00
-7.746485947849117704e-01 1.044970634535137416e-01
-1.403408498649333813e+00 -2.739977251493519797e-02
-1.427406968262478371e+00 -1.214471296230979824e+00
-9.474375759995615764e-01 1.093723333216884308e+00
-1.485003295334030637e+00 1.291568587169558802e+00
-8.034467583206879038e-01 1.159671751201109879e+00
-1.331413089809897032e+00 1.704454814377393823e-01
1.692394081446480847e+00 2.363938994219638434e-01
6.988574394622429908e-01 6.320844073273118591e-01
-1.427406968262478371e+00 -8.187807883256317254e-01
-1.187422272131019918e+00 -4.890386984045082541e-01
-1.403408498649333813e+00 -1.346368132199429191e+00
-6.930537981002150572e-01 5.661359893430873980e-01
-6.834544102549586775e-01 1.555362259106457978e+00
4.588727433307845383e-01 -5.549871163887326597e-01
6.988574394622429908e-01 7.639812432957607813e-01
-1.389009416881445746e+00 -1.214471296230979824e+00
1.764389490285917850e+00 3.023423174061883323e-01
-3.474758356709155560e-01 7.639812432957607813e-01
6.028635610096582109e-01 3.682907353904127934e-01
5.404675400154812515e-01 -1.808007058089002417e+00
1.860383368738502519e+00 -2.739977251493519797e-02
-4.146715505877241470e-01 7.639812432957607813e-01
-1.355411559423041590e+00 -1.610161804136328367e+00
2.901820681012227347e-03 -2.401542819947024121e+00
-8.946409428506409967e-01 -4.230902804202831824e-01
-1.461004825720882749e+00 -5.549871163887326597e-01
-7.869297600368445333e-02 1.044970634535137416e-01
5.692657035512539432e-01 -1.214471296230979824e+00
-7.314513494812510119e-01 3.682907353904127934e-01
-1.091428393678438580e+00 -2.252450264676091884e-01
-1.475403907488770816e+00 -8.187807883256317254e-01
1.433210609624506304e+00 2.363938994219638434e-01
1.073233565427318625e+00 3.023423174061883323e-01
6.028635610096582109e-01 3.023423174061883323e-01
-2.226837936825581399e-01 -1.214471296230979824e+00
-1.139425332904727695e+00 -2.739977251493519797e-02
1.121230504653607518e+00 2.363938994219638434e-01
1.948895775861782809e-01 -4.230902804202831824e-01
3.004828438840228544e-01 5.001875713588629369e-01
4.588727433307845383e-01 5.661359893430873980e-01
-9.570369638448213978e-01 -8.187807883256317254e-01
-8.754421671601246846e-01 1.704454814377393823e-01
-8.994406367732692420e-01 1.357517005153783263e+00
-8.754421671601246846e-01 9.618264972484353859e-01
-9.330384942316735097e-01 4.342391533746372545e-01
-1.413007886494590304e+00 -4.230902804202831824e-01
1.490806936696055018e+00 3.854864546928927355e-02
7.612534604564199503e-01 5.001875713588629369e-01
-5.634620621892294512e-01 2.363938994219638434e-01
-1.302614926274120899e+00 -1.544213386152103240e+00
-1.317014008042008966e+00 -1.610161804136328367e+00
-1.403408498649333813e+00 -1.214471296230979824e+00
-1.379410029036185925e+00 -5.549871163887326597e-01
4.492733554855247169e-01 4.342391533746372545e-01
1.596400202993896178e+00 3.682907353904127934e-01
-1.211420741744167806e+00 -6.209355343729577870e-01
-4.290706323556122137e-01 1.225620169185334341e+00
-4.386700202008720351e-01 6.980328253115363202e-01
-1.379410029036185925e+00 4.342391533746372545e-01
1.097232035040463183e+00 3.023423174061883323e-01
-1.086628699755807004e+00 -9.334819049915966949e-02
-1.038631760529518111e+00 -2.739977251493519797e-02
-5.106654290403088714e-01 1.044970634535137416e-01
4.588727433307845383e-01 1.044970634535137416e-01
1.049235095814170737e+00 5.001875713588629369e-01
-1.230619517434684118e+00 1.357517005153783263e+00
4.684721311760409734e-01 2.363938994219638434e-01
-1.890859362241538166e-01 3.854864546928927355e-02
-8.274452279338323502e-01 -1.610161804136328367e+00
1.380413976475585613e+00 3.854864546928927355e-02
-7.869297600368445333e-02 -2.137749148010125833e+00
-4.674681837366447268e-01 -4.230902804202831824e-01
-1.077029311910550513e+00 -3.571418624360587213e-01
2.690029029416011325e-02 1.027774915232659847e+00
-6.114590014155217856e-01 -1.592966084833847273e-01
-1.365010947268301411e+00 4.342391533746372545e-01
-7.170522677133629452e-01 1.027774915232659847e+00
-7.794482887075400157e-01 3.854864546928927355e-02
-1.413007886494590304e+00 -3.918356433584192722e+00
-4.194712445103523923e-01 6.980328253115363202e-01
1.860383368738502519e+00 1.704454814377393823e-01
-2.754804268314787197e-01 1.159671751201109879e+00
-9.090400246185290634e-01 -5.549871163887326597e-01
3.052825378066510442e-01 -1.082574460262530236e+00
2.572855985803587098e-01 -1.412316550183653652e+00
5.932641731644018313e-01 4.342391533746372545e-01
3.388803952650553675e-01 4.342391533746372545e-01
-6.834544102549586775e-01 -3.571418624360587213e-01
-1.134625638982099449e+00 8.958780792642109247e-01
1.937178471500567545e+00 2.363938994219638434e-01
-4.194712445103523923e-01 6.980328253115363202e-01
3.649967813941654149e-02 -2.467491237931249248e+00
-1.547399316328207597e+00 -8.468797274495695859e+00
-7.890476765527998371e-01 -1.214471296230979824e+00
