-3.486051116009499573e+00 -3.438065394930122753e+00
-2.338596311886300239e+00 -2.468970560520217017e+00
4.957074459801151245e-01 1.003756000918881064e+00
1.466255490994985422e+00 4.182909197223296793e-01
3.250361224345709333e-03 1.252650523466874111e+00
-4.705948564751334939e-01 -8.215275859697511729e-01
-1.431844736267382290e+00 -6.945219317457291819e-01
1.234393085651383171e+00 -7.042079856036959074e-01
-7.177358036387093687e-01 5.611262829812475594e-01
1.948253322172289081e+00 2.537301075387135896e+00
-2.103865751854393729e+00 -5.423010184171130899e-01
1.228377939743380498e+00 -1.417634671497356447e-01
-7.142971875215183841e-01 2.653845688066737707e-01
3.250361224345709333e-03 6.755093413310917505e-01
3.250361224345709333e-03 6.602204952138682748e-01
1.938842388635910519e+00 1.707890963996660183e+00
2.806894462724615735e+00 2.032622134350154042e+00
1.768241773452385424e+00 2.382909016091556142e-01
-2.342969782640491605e+00 -2.316478956316518900e+00
1.343446554584249331e+00 6.372615587960076544e-01
3.250361224345709333e-03 1.506482136276870332e+00
3.250361224345709333e-03 2.382909016091556142e-01
1.095244278350485656e+00 1.213658116530485831e+00
4.273172160454991264e+00 1.661270222797682106e+00
1.377486426862404523e+00 1.602163478355557391e+00
3.833197100877931973e+00 4.007147338758351829e+00
-3.376841428408415613e+00 -2.685427526013649313e+00
-2.857159993473641801e+00 -2.616660719225890830e+00
1.826132500158542671e+00 2.237562433729180233e-01
-1.755697068583901066e+00 -9.172100255787091205e-01
-6.043770184203867135e-01 -1.401927934133752496e+00
-1.427167654656884999e+00 -1.204392889394082733e+00
-2.077957887256095260e-01 -9.902916229646719914e-01
6.390645033602617708e-01 2.256318060298579731e+00
2.300514984700554155e+00 1.433794701921505377e+00
-3.969852669515847032e-01 -1.170767106157673876e+00
-1.807608005453033018e+00 -2.272085852354003066e+00
8.355220914841694491e-01 2.371670138102459191e+00
-4.036984420015872210e-01 -1.435394176378913089e+00
2.059759739119940702e-01 -4.211110750449778388e-03
1.863701510125681526e+00 2.394754510645948353e-01
1.991839433915187030e+00 2.685869358085289260e+00
3.866908978124311558e-01 1.622504854964224030e+00
1.144843580133630079e+00 -6.830616204288061377e-01
5.570166032452106286e-01 -1.370134876787114209e+00
3.494954396319612577e+00 1.400164428788532422e+00
-5.128160784419927287e-01 -1.370134876787114209e+00
-1.557003973765131555e+00 -1.640848750117231747e+00
-1.607104479198411706e+00 2.359291312072246960e-01
-2.220869522313412503e+00 -1.210276100637644126e+00
1.166917704231733577e+00 2.222767557661230686e+00
-7.549353050512953578e-01 -7.129986543112801778e-01
1.927810441933297758e+00 1.909442769978150212e+00
1.296343341261636972e+00 1.844074765001757710e+00
2.167262466728629988e+00 1.778044200955706700e+00
1.764607709956741433e-01 -6.488836796904789983e-01
1.038935748358169819e+00 8.699547385817111289e-01
5.106151953938807830e-01 1.062272623289250095e+00
-6.664606742417029661e-01 2.084885546460599481e-01
-2.198823432319814142e+00 -1.255736802227649607e+00
-3.517240547764266534e-01 -4.211110750449778388e-03
-1.069264366811592870e+00 -2.788918644063859364e+00
-2.184407132292630838e+00 -2.498598090866198440e+00
1.942404915473914528e-01 7.113804220637818254e-01
3.837814341941071516e-01 2.291373943826696957e-01
9.474139257348994647e-01 4.657145442249195910e-01
-1.664839538891359050e+00 -1.165386663553824809e+00
3.250361224345709333e-03 -7.164234975227187219e-01
-1.717773444747429767e+00 -1.210276100637644126e+00
-1.783550079795151788e+00 -9.895494929503479975e-01
-5.339748051743272050e+00 -5.297447950265291361e+00
1.616167037354516056e+00 7.042922722456057549e-01
-1.559408738246586212e+00 -8.373825082682420096e-01
4.640836922464916525e-01 -7.146584194078492436e-01
-1.138342857684938592e+00 -4.339928300288345420e-01
-4.585902366771890670e-01 -2.909989185446865134e-01
1.884235162688742138e+00 1.592303865051514222e+00
1.139669808413972918e+00 2.537301075387135896e+00
2.254980767467842651e-01 -1.402798257290586437e-01
-1.766886788618845738e+00 -2.770928308611163016e-01
-1.143563921283931251e+00 -2.841576300632113750e+00
-2.260213418097804516e-01 -8.637745692623151061e-01
-1.411601204088155814e+00 -1.316161131760411163e+00
-1.813835989893272549e+00 -2.401862870288412832e+00
3.645233244613663715e+00 2.202375944098784455e+00
-2.260213418097804516e-01 -4.560298460076183114e-01
-3.023873898221988821e+00 1.721377166531093517e+00
-6.270591164879313339e-01 -2.241633528009176590e+00
3.250361224345709333e-03 -4.525908614568292521e+00
-1.539385918221076510e+00 3.392500921551994675e-01
-1.582245550468690531e+00 5.074580005841295982e-01
-6.768412166805960473e-01 -1.730359509223979575e-01
-1.382015544797203344e+00 -8.512016116890416262e-01
-1.139069236879311608e+00 1.681126858588901096e-01
-2.327922840638077417e+00 -1.549786513848323555e+00
7.641732393495372921e-01 -3.505978055379881386e-01
3.917567669179133016e+00 8.799780834471291335e-01
2.101972892902653101e+00 2.450721601735672550e+00
6.706048769469254989e-01 1.659473216529466999e+00
9.301556495570717509e-01 8.044613657156980402e-01
3.250361224345709333e-03 -6.408296034581228984e-01
-6.433887566852144468e-01 3.182125870168960313e-01
1.974573284115879179e+00 1.597555198185272696e+00
-1.006412004811641170e+00 3.061764115441955592e-01
-3.838968607095749608e-01 -1.083850241723280261e+00
1.173727785006486668e+00 1.887538859477399411e+00
3.845111333486203598e-01 1.052088939228750464e+00
1.394539838430385981e+00 1.929369779021679943e+00
-7.330901679320311892e-01 1.389761406685269540e-01
-8.705310513276832696e-01 -1.146430719361653638e+00
6.351039714549016058e-01 7.264041647327587059e-01
-6.207414630336387518e-01 -5.802668853357044743e-01
-6.344537509695067357e-01 -7.326926377231276488e-01
6.491678642327848303e-01 1.030776348105505891e+00
2.548217049239088206e-01 2.854893677765983906e-01
8.880871908920614510e-01 1.398028353902508736e-01
-6.202695973998457735e-01 -1.009406958484872385e+00
-8.713995067618838242e-01 2.888935125648758873e-01
5.102374621646610375e-01 7.242704162222279862e-01
1.777454763141747440e+00 1.000984736983972612e+00
2.207232379592166449e+00 1.115495757385896791e+00
4.730059196261923726e-01 1.334620288551872369e-01
9.286934127322760135e-01 2.703773986401349361e-01
2.343584485549342900e-01 9.515878428516049148e-01
3.250361224345709333e-03 1.297647536865544349e-01
2.042311804974418443e+00 1.064725104568099878e+00
-2.127854631389545226e-01 -1.181537968913292991e+00
2.193138446691566212e+00 1.603499272471148762e+00
-6.252620250731860674e-01 1.255819660473379284e-01
-2.121767619879116606e-01 -9.104049886827760840e-01
3.250361224345709333e-03 -4.211110750449778388e-03
1.498077158485352278e+00 2.363119179983664164e+00
1.244716456571249408e+00 1.128690864959750684e+00
-1.813963923704708936e+00 -4.965427364603798299e-01
-2.095014146345827832e+00 -1.620237131623139204e+00
4.422371408843884244e-01 -1.268428025283251936e-01
-8.671046217711270154e-01 -1.292089848412637743e+00
-6.584994399162980017e-01 -2.686125237591459047e-01
-1.564918568167119828e+00 -1.200356971260255534e+00
3.250361224345709333e-03 -4.211110750449778388e-03
9.297930617653485941e-01 1.085148945610329374e+00
4.528895539564363193e-01 2.623091093907660709e-01
9.049014349387803913e-01 7.911006807341040004e-01
1.326750013656088356e+00 6.481487597603793338e-01
-4.232665628941486013e-01 -3.905747370378801486e-01
-2.168394102973773274e-01 -2.637972693347991893e-01
2.243102732434087698e-01 1.262608683404899956e-01
-6.520168917650226437e-01 -2.644743956244213767e-01
2.262538992734563492e-01 -1.350252049932603449e-01
6.592076343280044437e-01 1.301407308012404451e+00
8.698884933766966032e-01 1.657357926482589283e+00
-2.121767619879116606e-01 7.379484371154323430e-01
-1.703015720420654411e+00 -1.223012091343937735e+00
-2.156361153183637414e-01 -4.211110750449778388e-03
4.429423967069948676e-01 9.952472977155292222e-01
-6.556237125092454487e-01 2.407459870280126424e-01
-6.643952277407183526e-01 2.395490803794738666e-01
3.250361224345709333e-03 -9.745108338472300291e-01
-1.350057217316180003e+00 -1.117450432549273120e+00
2.332737844779015357e-01 3.753382643755430736e-01
9.297930617653485941e-01 4.980336079203769861e-01
-2.267976006469819006e-01 7.416470642418083736e-01
1.143033449600510343e+00 7.306601875737113172e-01
1.117704912007484008e+00 9.559070734586336826e-01
-6.498811844761812617e-01 -7.147399858620989699e-01
2.221368377670552008e-01 -2.390154897883835505e-01
-2.146849166479855575e-01 -7.284145146135311277e-01
3.250361224345709333e-03 -4.941253063073746121e-01
-4.396129784187251532e-01 -7.463706586163318946e-01
-1.558013151376866690e+00 -1.379676755077630101e+00
-6.858479375473638395e-01 2.481621587116218941e-01
-6.954484899551819366e-01 -1.026141850622208196e+00
-1.653715014448287057e+00 -1.840423305427323353e+00
9.840505384373471331e-01 1.493658991689491344e+00
-7.154751715657486910e-01 -9.296160587752730908e-01
-4.847363972029372636e-01 -9.471065506166259640e-01
-1.962212480966931460e+00 -9.590302691467149643e-01
2.048884323042478250e+00 1.669105491404142327e+00
-4.895313875488591093e-01 -6.813645393030146602e-01
9.985941704705032507e-01 6.822601502540769358e-01
-7.315343002072152157e-01 5.375116221140541217e-01
9.937360958668762789e-01 3.977164775717888512e-01
2.432848183622416949e-01 -5.358314765700057380e-01
4.921436894318471089e-01 6.674720273792419389e-01
1.202679793294890720e+00 7.911006807341040004e-01
-1.399221363598801338e+00 -1.439402855806917625e+00
-7.209239683821984102e-01 -4.743893174187819861e-01
-7.315343002072152157e-01 -4.110553952267426148e-01
-6.172263173216803178e-01 -4.211110750449778388e-03
-9.996434486138655595e-01 -9.613198669557632137e-01
-1.278888656068303709e+00 -1.436154397294444607e-01
-2.761090527564969754e+00 -1.548310036307053439e+00
1.670460772805687055e+00 4.285689664422872025e-01
1.895020469452254330e+00 1.575502322894069440e+00
1.283584101523837784e-01 -4.200998079442661015e-01
3.954686417304507096e-01 -2.838010406432551203e-01
2.568035155106117018e-01 -7.135154414058205719e-01
-1.199550145354319475e-01 -1.468215950455622754e-01
-7.672093280799946458e-01 -8.623270266100142578e-01
3.915042432249879467e-01 4.323562191380667663e-01
3.364000624766666725e+00 2.454766599438107821e+00
-2.356142362430763415e-01 8.206894981941537104e-01
1.220033806691861011e+00 5.429248908505617255e-01
-4.762932721677273773e-01 -4.116317033834024919e-01
1.444766472258712353e+00 1.080971396183771027e+00
-6.973692022422089964e-01 -6.642605776681005381e-01
-7.072957827598463920e-01 -5.454116187567966678e-01
-9.540923918823777106e-01 -8.156937635883960702e-01
-1.830906753518783514e+00 -9.665951462045307974e-01
8.940118653787270109e-01 1.257479058007502815e+00
2.492261327699714368e-01 -2.776707503917653086e-01
7.489609011455875542e-01 2.707557622236007600e-01
-9.727231355700380888e-01 -2.776707503917653086e-01
7.468980624682778346e-01 6.832060716846765080e-01
-4.871497273821550067e-01 -4.211110750449778388e-03
-1.112469184642945530e+00 -8.178996996581311407e-01
-2.529163489338703275e-01 -5.556645968876040564e-01
2.607322771025477048e-01 1.351932182285448814e-01
2.535951000132778965e-01 5.518523517401355827e-01
2.581446690761630136e-01 2.707557622236007600e-01
-1.506854120283849241e+00 -6.878602223256736758e-01
-1.809273502073105666e+00 -1.113247639926476129e+00
1.082218851050225084e+00 2.793518088814485045e-01
-6.546386071160479325e-01 -4.211110750449778388e-03
-1.312996392966662151e-01 1.123629903440314548e+00
2.008532664913299293e+00 3.310776254931662166e+00
-7.692022570226346723e-01 7.773047252244799088e-01
1.045306611445521616e+00 5.049064921421690944e-01
1.540384132715706400e+00 -2.561983139620609973e-01
-2.415248485420795066e-01 7.555882928491545192e-01
1.250290328623183900e+00 8.689235590041312074e-01
-7.279360050403911320e-01 7.368890210772376381e-01
-1.848929322635181061e+00 -2.183985800399461219e+00
2.561493379267147930e-01 6.273519579768830345e-01
6.411032698190337609e-01 6.194565247564622901e-01
-1.383557922049547306e+00 -4.969848316311876180e-01
-1.161519088188423421e+00 -2.530559750424424825e-01
2.709465908423472347e-01 -3.793496314468601249e-01
-1.298870865279231623e-01 -5.081855371287681278e-01
1.367421971688983495e-01 3.776270889246274298e-01
1.189383954739724025e+00 6.273519579768830345e-01
-6.411442730588562400e-01 -1.289446328630582395e-01
-6.495320370064749937e-01 -7.544881421657226861e-01
2.254408110473123728e+00 2.794580529656527368e+00
-3.800208323213729589e-01 2.362117302857499046e-01
-8.862326072229551599e-01 2.350586250725819892e-01
9.087943138799587928e-01 -7.185940132973361871e-01
3.250361224345709333e-03 -4.211110750449778388e-03
-1.401196438979359193e+00 -2.063192217398459150e+00
9.243811756839899196e-01 1.639432712878341913e+00
-2.568722419221164954e-01 -2.537052539958186692e-01
5.262080752525464256e-01 9.820650112907531870e-01
-1.261398144186243464e-01 -4.211110750449778388e-03
7.757029794713259374e-01 2.362117302857499046e-01
2.535163097383969166e+00 4.743283559068397492e-01
9.651307776758693002e-01 -4.211110750449778388e-03
-7.072957827598463920e-01 -1.189193043004309613e+00
-4.754210153290160945e-01 2.385516099475433471e-01
-1.691021787684731548e+00 -1.217637286054663592e+00
1.256580549778434808e+00 1.487074957479996407e+00
4.912371196516285843e-01 -4.211110750449778388e-03
-2.356142362430763415e-01 -4.850567928228491366e-01
-7.279360050403911320e-01 -4.952538916965279481e-01
-7.387543609539373168e-01 2.465370506277545781e-01
7.563983139655224841e-01 4.836885430497240845e-01
-7.387543609539373168e-01 -9.760501699403991704e-01
-2.497153657340100419e-01 -4.969848316311876180e-01
-1.256433839864118607e+00 -8.751681307836502999e-01
3.250361224345709333e-03 -1.308443480095664857e-01
-1.271491224215432758e-01 7.575218917484006775e-01
-5.137646241532862756e-01 -7.544881421657226861e-01
3.250361224345709333e-03 -1.311666078410755609e-01
-3.870489171252574634e-01 1.230682874783179809e-01
1.363878089766145663e-01 -2.581221049317012906e-01
-5.278893995838876974e-01 1.233938498781887161e-01
-1.192405800740879984e+00 -1.155511136060848543e+00
-5.404367927443549657e-01 -7.859278446527580009e-01
-6.853865032082704367e-01 2.605091647346884920e-01
1.441764053747404961e-01 -9.258416022847016924e-01
1.395786227695627435e+00 9.347661460473606354e-01
-1.084409804308190006e+00 -1.195149240010909386e+00
-1.102168832782056018e+00 -2.162314117326558982e+00
-2.825812509592211530e-01 4.187292633351193394e-01
8.591270582299007641e-01 2.099067664614216788e+00
3.250361224345709333e-03 -1.383507167263767212e-01
-2.793959849120477013e-01 1.302901464161762002e-01
-4.166619936701150273e-01 -2.785875822814027347e-01
-1.136828815439831830e+00 -1.757669822301441087e+00
-8.633665572854187786e-01 -5.633909605585126767e-01
7.426524252246125002e-01 1.126826161028895212e+00
-5.850247601325160307e-01 -6.954381200835256793e-01
1.520647710886139092e-01 4.163522821613837022e-01
-1.021879959886187406e+00 -1.400688672794291545e+00
-4.511606824335975818e-01 -4.332690736690060773e-01
-1.511407330269788130e+00 -2.318928793545170119e+00
7.841646150395821246e-01 -1.063165188476493217e+00
9.273901528507394465e-01 1.077708588350560825e+00
-1.202023003099853105e+00 -2.122119266202536547e+00
3.250361224345709333e-03 6.277337488480595473e-01
-3.090366492223584616e-01 3.078088680921062803e-01
7.817179749279629108e-01 9.260307030675161144e-01
4.603783358877215348e-01 3.001933450010461635e-01
-7.563938307423997420e-01 -4.211110750449778388e-03
-1.843690355323651442e+00 -1.063165188476493217e+00
-1.583831018016326198e-01 -3.133310304807659374e-01
-9.623154115843796097e-01 -1.410993035296889353e+00
-9.812707791691108739e-01 -8.043935919155964509e-01
3.345591947295016411e+00 1.629634561269488913e+00
1.419077202440808483e+00 1.728151223140733439e+00
-7.586172010270824106e-01 -7.652222376572547224e-01
2.785443758936181791e+00 1.232268588125910558e+00
2.497996795572783313e+00 3.176757881151743401e+00
-1.117752284355127745e+00 -1.144907397232897139e+00
-8.550864162148452685e-01 7.212848345579878639e-01
-2.833998568408667151e-01 1.388082085594776471e-01
-7.275517522519840963e-01 -4.320425586470133528e-01
3.250361224345709333e-03 -4.211110750449778388e-03
-4.457972667672736033e-01 1.396329626481310204e-01
1.499869034252747868e+00 1.436613558759994635e+00
-1.367416056211058217e-01 1.351932182285448814e-01
-8.724773904973618377e-01 -5.602745732410352453e-01
1.336785721564429652e+00 1.542200161424460703e+00
3.250361224345709333e-03 -2.769233173107215618e-01
2.948613068601116383e-01 2.700000727216528285e-01
3.250361224345709333e-03 8.201235217883655615e-01
3.250361224345709333e-03 2.640681061901780646e-01
-8.599357646392524757e-01 -1.344496868977129944e+00
2.781392192900276061e-01 4.008735932398776458e-01
5.967074288250763248e-01 2.677914327364311897e-01
5.831767858382570502e-01 9.610803821676541236e-01
-1.000019326276239573e+00 -4.211110750449778388e-03
7.345003684168414093e-01 1.284850882667894212e-01
4.422470305541709168e-01 -1.365552869107331535e-01
4.319422453930341632e-01 -2.756351560089023156e-01
-4.218080773234083591e-01 1.081359672461095878e+00
-2.890395613954563903e-01 -7.995659054665408272e-01
-2.842196813785757281e-01 -4.211110750449778388e-03
3.250361224345709333e-03 -1.216571833599977115e+00
-8.707028166370404110e-01 -1.110766922187011341e+00
3.250361224345709333e-03 -1.704857663403638091e+00
-2.910048774974154928e-01 4.408644982956321234e-01
2.992423152277324805e-01 -4.211110750449778388e-03
8.927036907525722764e-01 1.299746694824262194e+00
1.478140435737369807e-01 9.820374233707530598e-01
7.305433470433512211e-01 5.537479361818047341e-01
3.250361224345709333e-03 -4.149864044329601431e-01
-8.557336078403208202e-01 -8.387643986552262287e-01
-8.707028166370404110e-01 -2.808413008281289702e-01
-1.438772581365349301e-01 -4.277922230083753274e-01
-8.888200698130196420e-01 -8.586279006062422781e-01
-1.198612421087167368e+00 -1.534202164301167182e-01
3.250361224345709333e-03 -1.473610112187862808e-01
1.571719580487868084e-01 -1.542984900858154762e-01
-3.106259221654409375e-01 -2.922012130691022946e-01
4.735205485532083536e-01 1.463849869971357576e+00
-1.074581117479272319e+00 -1.148924008811498476e+00
-6.292266693158797830e-01 -1.482061594153890882e-01
-3.134287458556431760e-01 -7.393988470069083885e-01
-3.154411532351165670e-01 -7.437328942725991432e-01
6.447096893596142575e-01 1.503849859584493798e+00
1.687871695915207082e-01 -4.211110750449778388e-03
6.345248841477054702e-01 -1.486229864460883177e-01
-1.406544884734780121e+00 -8.863643364071185360e-01
-1.286957563421209372e+00 -4.532275718537728815e-01
4.970486697563038514e-01 -4.211110750449778388e-03
-1.597441751280238298e-01 -9.171628317770452732e-01
3.303023878740239949e-01 -1.557618271964743284e-01
-1.303866491527509774e+00 -1.562236130581031723e-01
3.250361224345709333e-03 -1.636190015093940964e-01
1.011718845521776489e+00 -4.211110750449778388e-03
3.303023878740239949e-01 3.086736670693384643e-01
-8.090821498189312289e-01 -9.301054575007720038e-01
1.001605504708651173e+00 1.506760278773421613e-01
3.250361224345709333e-03 1.572151730987426943e-01
-1.137536338063017016e+00 -7.877515408616602155e-01
-1.495464249781855104e+00 -1.909028625601989493e+00
3.448324090736153980e-01 -4.211110750449778388e-03
-5.133671817951387384e-01 -4.993197674179864487e-01
1.732845080606447263e+00 1.660206316862923082e+00
1.170590874028300643e+00 1.613691537222860406e+00
-4.898638900824557330e-01 -3.190264642724642274e-01
-1.312390765014419092e+00 -7.927274437850743150e-01
-5.005441617324154491e-01 -4.211110750449778388e-03
-5.133671817951387384e-01 -1.442042416109275971e+00
-1.025157292139176279e+00 -1.322667540647084694e+00
-2.462513523208417876e+00 -2.198242718623010905e+00
1.872887307214077812e-01 -4.211110750449778388e-03
-2.205470022610332315e+00 -2.307087439673164653e+00
2.313728576509050949e+00 1.854237845425801723e+00
3.699812977057134744e-01 8.836418889312627201e-01
3.250361224345709333e-03 -5.307515078217812654e-01
9.216962707593033821e-01 1.242783826103807332e+00
-1.613719926056196963e+00 -1.739975888257990100e+00
-1.482875632947142197e+00 -7.187281614291267662e-01
-3.774639314187602790e-01 -5.499219194065024796e-01
1.738288711926002428e+00 9.181109246301693005e-01
-1.821487355609661130e-01 8.932830937113268588e-01
9.336855395028845761e-01 1.060103005493945538e+00
7.423446518805176808e-01 8.667829259855354129e-01
3.250361224345709333e-03 6.836847944339002892e-01
-3.568377663108323605e-01 5.009239040019767275e-01
-1.645351071966929535e+00 -1.840294894385587021e+00
-1.842598390364438288e-01 -1.824369612025988907e-01
9.528751598642601905e-01 1.746537367919434869e-01
-3.661820900124995171e-01 -7.016166168577931961e-01
-1.307817344394999637e+00 -1.403079692377951160e+00
-2.307110050640890808e+00 -2.720950240660696462e+00
-1.970601008225580097e-01 -4.211110750449778388e-03
6.157331574985749345e-01 -4.211110750449778388e-03
-6.589552061485238532e+00 -5.357266343312843127e+00
1.604571148782204082e+00 1.068643487187424190e+00
-2.184313763199087488e-01 -4.261938697192567127e-01
-2.233530807157836140e+00 -2.538791994123168916e+00
2.363112019678440812e-01 -8.909714192716527981e-01
1.637674361006968615e+00 1.811548407770704694e+00
-2.028910229426904799e+00 -1.981319901417172513e+00
-2.348882621619709177e+00 -2.276931448501576138e+00
3.710654312933402643e+00 1.907155616668342546e+00
2.320104744490462667e-01 1.373846401200029099e+00
2.290814983939902572e+00 2.227477159830647757e+00
4.388247835455855728e-01 2.783295074866910745e+00
1.769802606072274909e+00 6.036227548595627379e-01
1.899297801783660811e+00 7.934908023384510400e-01
-2.033826428408209264e+00 -1.574505988596749617e+00
2.345572761553841534e+00 2.145415769316268317e+00
-6.062327858678173698e-01 -5.892765113324034409e-01
1.439803984407178161e+00 2.381493782346248977e+00
-1.196349983597816413e+00 -3.836817480570282601e-01
-1.985254269153992890e-01 -3.865903130288703138e-01
2.058412547439572582e-01 5.695064753673839686e-01
3.277521129519747056e+00 1.714304282361235998e+00
-1.916672657937427804e+00 -1.845540091327374288e+00
-1.393299246785355328e+00 -9.644077683739276097e-01
8.228226421432726090e-01 3.856722302628208809e-01
2.023765564803916561e+00 2.127817070967718216e+00
3.951868814275131814e-01 -4.211110750449778388e-03
1.933778836562773107e-01 -4.211110750449778388e-03
-1.529244242400714437e+00 -4.211110750449778388e-03
-2.010103920049485793e-01 -3.752156190506528155e-01
3.250361224345709333e-03 -5.690406472929955273e-01
6.007042195096087278e-01 3.738536052449781821e-01
-1.906189067367121126e-01 -3.794322854538332290e-01
1.383294651991894275e+00 1.508047763208809844e+00
-1.861590819135626185e-01 -1.836047483775317679e-01
-9.646715802746615998e-01 -5.607016621797705769e-01
1.977192040590042499e+00 9.309771223368251691e-01
5.713112884183235707e-01 1.458057753740310103e+00
1.876886806023195797e-01 8.797355292571825691e-01
2.049696309064025890e+00 2.089631548331657651e+00
2.154046016344182135e+00 2.005290537556150277e+00
1.203721618853017761e+00 7.970834180181720630e-01
5.067841018136157727e-01 -6.379297289305194685e-01
-8.226696132715903831e-01 -3.251472459207858101e-01
-1.176938347170886523e+00 -8.081574223176326566e-01
-3.453933120533043133e-01 4.845982709252421028e-01
1.748916184152526920e-01 9.711465806013903634e-01
6.952489109757429286e-01 7.965437823388937799e-01
-5.029325270149914706e-01 -9.457523978128608011e-01
-1.554024685667911854e+00 -2.406897890183255839e+00
-1.806559621239463842e-01 -1.012421425150342058e+00
1.263231402857652341e+00 1.886111172145460202e+00
-5.212704923446876970e-01 -4.211110750449778388e-03
1.585533233548070742e+00 1.809754993419740998e+00
2.235056805043903250e+00 1.909097097830445788e+00
1.647891652659702888e-01 9.171082808396420205e-01
3.250361224345709333e-03 -3.057488274109861903e-01
-1.577697817936578317e-01 6.025316601067205458e-01
-6.575902121619493501e-01 -1.049922088897141892e+00
1.171443481918630569e+00 9.142185834109174403e-01
-1.625530558878046872e+00 -1.206647266458971801e+00
-6.656228105852273202e-01 -3.122446301642202715e-01
5.135906720564987760e-01 1.473186777888116084e-01
6.743359705193487930e-01 3.047975992307448978e-01
5.017786249918099184e-01 1.074073817530875719e+00
3.250361224345709333e-03 1.427533060633588979e-01
-1.639698313248828754e+00 -2.248826342305038750e+00
3.250361224345709333e-03 -4.211110750449778388e-03
5.135906720564987760e-01 -4.211110750449778388e-03
8.477626140087372031e-01 7.769194422115311971e-01
-1.673041957810438574e-01 1.537266731315716228e-01
-6.589737629224000637e-01 -4.696839806511010629e-01
1.684734595389400624e+00 7.765804051331938185e-01
1.148671012730659413e+00 2.138791475700914546e+00
-4.746447464617236101e-01 -7.413077015873118514e-01
-3.208120312891871717e-01 -1.498687431692456440e-01
-8.085506051433469787e-01 -1.199445123155804316e+00
-1.146076960598350070e+00 -1.079113999500915577e+00
-3.360625991852019823e-01 3.086736670693384643e-01
-8.394230248160465813e-01 -1.089027591339208456e+00
-3.442123791623030726e-01 -4.845121583920627417e-01
1.045135798994814902e+00 -1.611132201695531785e-01
-3.395155081821497611e-01 -6.481085239925382657e-01
8.622274095261827087e-01 8.075608909771898603e-01
-1.173034585580910782e+00 -1.287955651431794024e+00
3.250361224345709333e-03 -1.652573697544476861e-01
-1.666203090674350795e-01 -3.346907655179346963e-01
-5.158413043562551925e-01 -4.211110750449778388e-03
3.250361224345709333e-03 -1.742493454688752719e-01
2.093505038677941688e+00 1.998716730333274239e+00
-1.334495932244345040e+00 -1.444857780805993253e+00
-1.201287145469430717e+00 -9.956500650753565829e-01
1.773014781829645725e-01 -1.765478482394425286e-01
-1.053212610287053597e+00 -5.079757591837403830e-01
3.250361224345709333e-03 -5.207102532578461451e-01
-1.792727061457617843e+00 -1.209191890392866897e+00
3.250361224345709333e-03 -5.311665738152724359e-01
7.466531777951126436e-01 1.243777290550247772e+00
3.250361224345709333e-03 6.937364256476726831e-01
9.251034926914848411e-01 6.841066451599775444e-01
-1.265665284921026368e+00 -1.196145597946246752e+00
1.939680341539096187e-01 1.735453609261030095e-01
-1.867447740357199293e-01 1.652131356015941743e-01
-5.440264118824144068e-01 -1.040341098618777549e+00
-1.312968548409777725e+00 -1.587451258370675022e+00
-9.524063837260927645e-01 -1.275081671237760172e+00
5.912938376282379505e-01 3.695731523779422489e-01
-9.683550810650177754e-01 -1.677853679395603148e+00
1.978719913306608014e-01 -4.211110750449778388e-03
1.977192040590042499e+00 1.147438128737165108e+00
1.512427209761101787e+00 1.871894762766467935e+00
-1.778279277998714991e-01 -1.810040007365838477e-01
1.110178532279870511e+00 1.624842145452332298e+00
-1.826417396116624958e-01 1.676001392222159214e-01
5.467768331343075827e-01 1.225471084278657585e+00
-1.733074911364624604e-01 -8.625111622568865100e-01
-5.363482267266477255e-01 -5.220234482273978793e-01
1.823591315384507638e-01 5.190322554983042291e-01
-3.536923799057029583e-01 -5.220234482273978793e-01
1.830010974864853535e-01 -1.838319620875504823e-01
-1.758584090897593599e-01 1.760588050227468448e-01
-5.441723497072987747e-01 -7.070753333250784367e-01
-5.502137243034166403e-01 -7.171194314901709888e-01
5.628906759224918677e-01 -5.426258374896638648e-01
-1.867447740357199293e-01 -4.211110750449778388e-03
-3.616008358919642340e-01 1.745106387996682162e-01
9.304156796677334196e-01 9.104918694871453333e-01
1.918784000883401730e-01 -4.211110750449778388e-03
-9.118442942865303547e-01 -1.077322131669879779e+00
-3.629328520445623263e-01 -4.211110750449778388e-03
3.721269949652479814e-01 5.400778474391972894e-01
-1.111943958924727305e+00 -1.089076581099498009e+00
3.250361224345709333e-03 3.654494018897710972e-01
-7.542836500352994022e-01 -5.505462644676253348e-01
3.921475682503607341e-01 5.481733803831628782e-01
-5.713187911540142938e-01 1.833367826788837307e-01
1.941014293499268295e-01 1.745106387996682162e-01
3.250361224345709333e-03 -1.822948809202114828e-01
2.120579614522231093e+00 2.733481169119206911e+00
7.495368791245557993e-01 8.583123370152396792e-01
3.250361224345709333e-03 5.105637618130716149e-01
-1.091595010488487949e+00 -5.137284142127624964e-01
9.304156796677334196e-01 6.771085427117835565e-01
7.413600981423283942e-01 -4.211110750449778388e-03
-7.241535072512989002e-01 -6.763513203503780380e-01
-5.462313267995514421e-01 -3.448709424703403914e-01
-1.791752348262865280e-01 -4.211110750449778388e-03
5.608475463741098288e-01 1.024794957790407191e+00
1.838725730835142347e+00 1.340069308449406638e+00
-7.034295838608805029e-01 -1.642009469806290645e-01
3.656673354817654986e-01 1.562934621881722219e-01
7.148878794164879036e-01 1.630509909896819265e-01
-5.249811245313539265e-01 -8.232311026139513821e-01
-3.553086588689574055e-01 -6.674159273102073797e-01
-1.733074911364624604e-01 1.675580539250874357e-01
3.656673354817654986e-01 4.944430077053358352e-01
-3.805541422929832329e-01 -1.894899517487308102e-02
1.099082944649498961e+00 1.344703829570722098e+00
1.846120705315704158e-01 -1.692834749698951813e-01
3.568098924602042255e-01 8.166898983347569141e-01
-8.861634497451147396e-01 -8.118229239849127366e-01
3.686163627942651844e-01 -4.211110750449778388e-03
-1.069149321667165031e+00 -9.979334269169546356e-01
-5.527235038382418697e-01 -5.038232534024624787e-01
3.250361224345709333e-03 -4.211110750449778388e-03
-1.760039055906372774e-01 -3.456029602398470457e-01
-7.408702086624852079e-01 -8.560987917593633201e-01
-7.520775816576906747e-01 -5.287850329021371865e-01
-1.905759679168956000e-01 8.793696525749392645e-01
3.250361224345709333e-03 -8.724148264349984583e-01
-1.828680636013260419e-01 1.725050469034019873e-01
5.806684105161799003e-01 8.685946491369331834e-01
-1.898297291422288424e-01 -3.428156773517521683e-01
-3.759750596871618833e-01 5.109546322528558671e-01
1.900620809890380125e-01 -4.211110750449778388e-03
-7.666031093764884563e-01 -5.141113525019498365e-01
-1.857696836884431824e-01 -7.012000542321138452e-01
1.929855315693414231e-01 -3.499601155065215630e-01
-3.833815547514125566e-01 -7.160088805188837835e-01
-5.855325836427496267e-01 -3.652614585025154015e-01
-3.997756583439213696e-01 -5.418285815230792224e-01
-1.401103710787533929e+00 -1.466796213622548750e+00
-1.966608580630657410e-01 9.344260114387519245e-01
-6.171300284475297326e-01 -7.396370609635094517e-01
-4.216752137222171126e-01 -1.928691211277358819e-01
-8.445466962308721959e-01 -3.829594234753262993e-01
-1.285574664616677465e+00 -1.522497571071679934e+00
1.549783030142816598e+00 9.798523403761716377e-01
-2.137694852823178726e-01 -4.211110750449778388e-03
-8.591251828304528049e-01 -3.902222153035282970e-01
8.807145724603568926e-01 1.154395472902103759e+00
1.728001449333942841e+00 7.479068780316276976e-01
1.047669801199543560e+00 1.830612926032518240e-01
-4.095844555022722377e-01 -5.558154075244219339e-01
3.250361224345709333e-03 -4.211110750449778388e-03
3.250361224345709333e-03 1.844468996268363303e-01
-1.435566401554211780e+00 -1.131894679235029288e+00
6.367690167208768237e-01 5.726707549148796206e-01
4.264609560966042823e-01 3.759804093821561555e-01
-1.447344938084677901e+00 -1.505272681555969827e+00
-6.356089667070369265e-01 -1.162817694403003310e+00
8.597097563698775646e-01 9.828076900702127361e-01
-6.329867498514587520e-01 -7.852989099195916145e-01
-1.712024096252446892e+00 -1.573984362391467551e+00
2.004951170148996376e+00 1.821384523949395096e+00
-1.497017258930719796e+00 -2.160543601448072781e+00
-1.980980235698435177e+00 -1.234344340833301690e+00
-4.626060494294118031e-01 -1.062910162351646148e+00
1.863703465993437725e+00 2.149690150845394498e+00
4.467980188749407500e-01 1.438412859864231397e+00
4.526797294665620974e-01 -4.073089556907316111e-01
-6.552225088669514363e-01 -8.081396123945946419e-01
-1.341029132355459952e+00 -1.440863069945077513e+00
-9.142589885581319242e-01 -1.067422757837373615e+00
-1.629746256299905882e+00 -1.515674524701750459e+00
1.691210222777846495e+00 2.226660297982399506e+00
-6.951381087874123343e-01 -1.067239570057553877e+00
-1.173696972794338267e+00 -1.528664593665838956e+00
-7.220220627511569900e-01 -6.823541623935057698e-01
1.226168260532991106e+00 1.131639180482507889e+00
-7.151467362340758749e-01 -1.114775900941453290e+00
1.225125080912571329e+00 1.589964728717040643e+00
2.334423100678470753e-01 -2.262776881571421650e-01
-4.654454829519733550e-01 -2.272705988496731000e-01
2.389865342760363998e+00 1.340156811544668924e+00
6.857060315915045612e-01 6.408480881714972988e-01
-2.244812213279245017e-01 -4.211110750449778388e-03
-4.443439466934279158e-01 -4.211110750449778388e-03
-9.100359190193455516e-01 -1.071829341876445962e+00
-6.918639861635618171e-01 -8.846392682594100831e-01
-4.632172881934922271e-01 -2.185306310518466133e-01
3.250361224345709333e-03 -4.211110750449778388e-03
-9.489072360093705472e-01 -6.792952457520501364e-01
-2.420623711519339361e-01 2.239038013291137497e-01
2.497689512679041046e-01 8.942223800725592753e-01
-4.873751035282136712e-01 -8.867508167258177920e-01
3.250361224345709333e-03 2.228654778272228520e-01
-2.337148479296372039e-01 -2.302587896426944447e-01
9.772557535514564409e-01 6.671457615622428117e-01
2.474206561991022513e-01 -2.185306310518466133e-01
4.892248577084755690e-01 -4.211110750449778388e-03
-1.189562470527942395e+00 -1.354379380753650608e+00
-2.622708520725406611e+00 -1.381880994964218790e+00
1.484916926761280953e+00 9.472134364045758925e-01
-1.238151942743433098e+00 -1.171235103042883141e+00
-7.176906180784959899e-01 -4.718112537330312328e-01
-1.345371710429194678e+00 -1.210495806242852579e+00
-5.252673331796754441e-01 -8.319111702028373356e-01
-3.291076838955808159e-01 -6.053999294454339708e-01
1.227415591602682710e-01 9.536521659768773529e-02
9.688284208946164044e-01 2.115852195052457141e+00
5.412449871639030130e-01 -4.211110750449778388e-03
-2.218458789927778785e+00 -2.133178330429837732e+00
-7.716480445765139251e-01 -5.131568004923992010e-01
-1.804527212834312833e+00 -2.049798456845508987e+00
-1.243264792714117162e-01 -4.211110750449778388e-03
-7.002117801983170908e-01 -5.403877737156248529e-01
4.832210909387772979e-01 3.021377845061078982e-01
4.786710253863848408e-01 7.569867958534262087e-01
-1.753288442517389356e+00 -1.607539604364078611e+00
6.100154539408777499e-01 7.704432154073170835e-01
3.587287553008511765e+00 3.563390108017966629e+00
5.627752295744218314e-01 -4.211110750449778388e-03
1.771568152850644617e+00 1.364826747767670323e+00
9.676821820885825876e-01 1.221662853788375358e+00
-6.237728574539014303e-01 -7.220951847503662702e-01
3.149589914852733430e-01 4.813657050397788795e-01
1.586586643861369161e+00 1.438477065385099340e+00
7.150776487392929148e-01 4.631689325137802182e-01
7.160821122082311474e-01 -4.211110750449778388e-03
1.246739425636606002e+00 1.394980942980633021e+00
-2.180874233319501254e+00 -1.815640323586383387e+00
-9.123870726640987971e-01 -1.172661243854894675e+00
-6.147812318741748827e-01 -2.435057954320566376e-01
3.218104213104103772e-01 -4.211110750449778388e-03
2.286927521247895001e+00 2.651171487324826437e+00
-4.941452695556039498e-01 -9.273228690489736525e-01
5.056286353238090836e-01 -2.368115592057803975e-01
7.493437998717018544e-01 6.968589491571212102e-01
-7.319060655322557896e-01 -2.346626099009929689e-01
-1.391620008940533948e+00 -1.161816048367268150e+00
2.145740788991765402e-01 -7.152736849003645814e-01
-1.075059463575997742e-01 7.171329773173248379e-01
1.079964437633719854e+00 1.417914087437119219e+00
1.741944379213674399e+00 1.388517487437757048e+00
-9.524965542446983680e-01 -2.284037639333219571e-01
7.420166679029424062e-01 2.209936000394127353e-01
4.780600574347629861e-01 2.199815424324224333e-01
4.840592304227570586e-01 2.189785444389439339e-01
7.176148104227045854e-01 6.623756455646883090e-01
4.728047962403104654e-01 2.150547041009072124e-01
-6.945478880791425835e-01 -4.408237486840732022e-01
-2.326311266811637857e-01 -8.851462274692488696e-01
1.425227503825809094e+00 2.013522812794366068e+00
2.337119941411515966e-01 -4.351662345632466566e-01
4.620651865716554618e-01 2.131440735169739809e-01
-2.270026095877285766e+00 -1.302684906773898144e+00
-7.111140879740133203e-01 -4.211110750449778388e-03
-4.693717320060995513e-01 -2.264066978517537965e-01
-2.406102045385598576e-01 -8.969697215304767157e-01
3.250361224345709333e-03 -4.686048040792498148e-01
2.483025118349554139e-01 -4.629948030416204952e-01
3.250361224345709333e-03 -2.357320982738134452e-01
-2.406102045385598576e-01 -7.020124760715374945e-01
3.250361224345709333e-03 2.316889726674654926e-01
4.933546624455650842e-01 4.653685927058733851e-01
-1.695513212309757378e+00 -1.632414229982668274e+00
3.250361224345709333e-03 4.766849529501738791e-01
7.568177222230855206e-01 -4.211110750449778388e-03
-2.442202399269664814e-01 -4.211110750449778388e-03
-2.454474566731518481e-01 -2.423634559930949173e-01
-7.465614327797909233e-01 -1.439979208862543159e+00
-1.320562781703394251e+00 -7.005183881581877881e-01
6.377793979435388838e-01 9.518257075940286249e-01
1.039540852697459217e-01 -2.493858986694408031e-01
1.901619868164347693e+00 1.966874134461210399e+00
2.507209623756578853e-01 2.328097556141450752e-01
-4.892605149097643547e-01 -2.401111941683650164e-01
2.519481791218433075e-01 2.328097556141450752e-01
3.250361224345709333e-03 -4.211110750449778388e-03
4.981915635269700826e-01 2.316889726674654926e-01
9.728044994411154667e-01 4.653685927058733851e-01
-2.371540708673371967e-01 -4.211110750449778388e-03
7.279375795371072488e-01 4.609897861602114677e-01
-9.388824609002818233e-01 -1.386920105653709046e+00
-1.210152191300013502e+00 -1.189315417629554394e+00
-6.995912686150541626e-01 -7.325763494021146904e-01
4.638493391689367251e-01 2.421745473953947070e-01
3.250361224345709333e-03 7.313132679728452379e-01
2.531876225490276022e-01 4.790139920061517453e-01
-5.914618218208463896e-01 -4.828004801136635549e-01
-1.101963667269477920e+00 -9.706612963085571311e-01
5.179582752074214369e-01 4.885602055412391342e-01
-4.065479708107979651e-01 -4.921626378222621612e-01
1.037522748226265140e-01 4.885602055412391342e-01
-4.090978255744428527e-01 -7.361383838974594473e-01
-1.333945280245296461e+00 -9.515829276034021289e-01
-3.200030342347745527e-01 -5.090144718100001464e-01
3.250361224345709333e-03 -9.243627301319307099e-01
9.676821820885825876e-01 9.332311501875369952e-01
1.058541556293769725e-01 -4.211110750449778388e-03
1.368507740100141978e+00 1.481334924049093837e+00
-1.525186669364374525e+00 -1.253019417051511430e+00
2.088786521737177326e-01 -2.029670431750852932e-01
1.675690662884809834e+00 1.736316698695621552e+00
4.106195907620839303e-01 4.885602055412391342e-01
-9.504103565094253192e-02 7.277161623965598958e-01
-1.309875218177235956e+00 -7.255551988182243894e-01
-7.159136871467760566e-01 -9.801141748716224456e-01
-6.237728574539014303e-01 -3.071511917263031188e-01
-8.510621932312709692e-01 -1.310457815705855733e+00
-2.081567115222171804e-01 -4.211110750449778388e-03
5.457999524157770566e-01 7.223636070391483699e-01
3.250361224345709333e-03 -1.143872158400141142e-01
7.500230877885608605e-01 8.128966341663553807e-01
-1.157959158119893806e+00 -1.003704141307712794e+00
-3.145300398236490214e-01 -3.146237116117931998e-01
-8.732573805284367108e-01 -1.030524189219834019e+00
-7.682950854369526850e-01 -8.470633239135504367e-01
-1.906776769498426116e+00 -1.823155612231034617e+00
-2.385919345708634454e-01 -8.819659838450805145e-01
1.311525678439124654e-01 2.160978467584437068e-01
-5.836030950260473471e-01 -7.840878351530057300e-01
1.771747741631026551e+00 1.134665320879044703e+00
-1.019210451151274066e+00 -1.008743451548161474e+00
1.174276230385502551e+00 1.243291184415562967e+00
2.739634327059056407e+00 2.996283395713533082e+00
5.457999524157770566e-01 3.140519794667067099e-01
-4.284776164622658978e-01 -8.400030114540725235e-01
-1.397337311294588824e+00 -1.061008741044443537e+00
-4.447377732037492426e-01 -2.271861887942659697e-01
2.231549170846037766e-01 -2.163990376916668512e-01
-1.103635733599193314e+00 -1.093359692983054687e+00
3.250361224345709333e-03 -4.211110750449778388e-03
-1.713208650006319500e+00 -1.795425462285348273e+00
8.275002754087780188e-01 3.472878101977400211e-01
7.001364238966233389e-01 3.448285441863043199e-01
-1.021503530568805163e+00 -1.031675698025334764e+00
1.521414723003494673e+00 1.512517754564916883e+00
1.253916056089049880e+00 1.124304285904258682e+00
-1.216984739478734978e+00 -7.838944702743072535e-01
-1.470306223736803863e+00 -2.027016372464538474e+00
1.180695176705273686e-01 -4.741312631081410767e-01
2.323641153995462949e-01 -1.196029540715663475e-01
-1.048414064273851753e+00 -1.186506837665423086e+00
1.439818227136479667e+00 9.698502975755638467e-01
-3.490358298916001467e-01 1.119870381732152448e-01
-5.795997847823276539e-01 -8.414698606615992338e-01
1.186271756881794037e-01 1.267966077873053099e-01
-7.002117801983170908e-01 -8.535309201388133760e-01
-3.469985529013501213e-01 -2.434808465734815131e-01
-1.143203852069172716e-01 7.304142410174719879e-01
4.746384523520052467e-01 4.828195934125570354e-01
2.026910750607224809e+00 2.159720130780179659e+00
-4.456348695629640533e-01 -2.415932940578883470e-01
9.217107642408812751e-01 5.732513983161109383e-01
9.175478752484391709e-01 8.024314335912798857e-01
-3.365059292099368271e-01 -3.461588992324273195e-01
1.132026366469519596e-01 -4.591892615005027101e-01
1.234459886057825084e+00 9.141204043393802436e-01
1.645186999509833603e+00 1.567727917329923892e+00
1.005568193083588913e+00 3.620024633984627038e-01
-1.171444966599686888e+00 3.241520067766673341e-01
2.230055840738964235e-01 4.385105403137229962e-01
-4.343425918469580593e-01 -3.391056608544248951e-01
-3.220247695989312264e-01 -5.506394048774628791e-01
-3.241482752820012969e-01 -5.566907876912237096e-01
1.091771599019954464e-01 2.216328365908069864e-01
5.552577264773939092e-01 1.108086679738858882e+00
1.652859969018250608e+00 1.431074223705512072e+00
1.161693280552236862e+00 1.807229127275936431e+00
-9.311618986097978112e-01 -9.379098455964184344e-01
1.152683539603951285e-01 4.162222697232061397e-01
-2.091094899319368983e-01 -4.211110750449778388e-03
1.042696319344101341e-01 -5.198750327214241018e-01
9.554032944657203652e-01 1.048974497533117445e+00
2.121189834207960201e-01 5.060660827614853474e-01
-3.032793819704855398e-01 -1.009344331023402930e-01
5.209466906875033221e-01 8.033823437958395042e-01
-9.487009280905212005e-02 -2.055422582709046930e-01
-1.059860916747251969e-01 1.021820220113928979e-01
3.250361224345709333e-03 -1.103778280061073480e-01
3.250361224345709333e-03 5.064759105423184415e-01
3.250361224345709333e-03 -4.211110750449778388e-03
1.127252695082140016e-01 2.380135058218708910e-01
3.091124263327169053e-01 2.473237104384476692e-01
-4.093318627041294677e-01 -5.986093599939856791e-01
1.127252695082140016e-01 -2.047330192692676520e-01
3.250361224345709333e-03 -6.082045682781365148e-01
-4.118481567830963863e-01 -1.216276148967354143e+00
-1.241423808596795686e+00 -7.407643243275634504e-01
1.049066881528721157e-01 -2.050564065636917566e-01
3.250361224345709333e-03 8.360270347452292139e-01
2.174240289722117192e-01 -2.135457084251124182e-01
1.042696319344101341e-01 -8.340138386515957292e-01
1.152683539603951285e-01 -1.167229298755507461e-01
3.162017197672789548e-01 -4.211110750449778388e-03
3.250361224345709333e-03 2.100445532442561103e-01
9.473896027640854589e-01 9.502021111086712546e-01
8.209208365778887240e-01 1.042461852678993717e+00
2.070703922525801155e-01 5.029755372931219437e-01
1.100898480377589389e-01 -1.003545080845592297e-01
-1.009567070254640875e+00 -3.039014594696426430e-01
1.646278925372792079e+00 1.363313802288750765e+00
1.004152295279477913e+00 -4.211110750449778388e-03
9.742375487009341528e-01 7.399127169745338684e-01
-7.162247704209196986e-01 -9.749102350904862435e-01
2.499930686375350652e-01 1.238506501198044507e+00
-7.231230156960669619e-01 -2.508240374828265562e-01
-9.725605979444537086e-01 -7.373987477507724098e-01
-2.508368101549501294e-01 -5.492032366297914248e-01
3.250361224345709333e-03 3.030838007234126219e-01
2.586314193650851023e-01 -4.211110750449778388e-03
9.984251132857316913e-01 9.857503682783949062e-01
2.523935853754269987e-01 -4.211110750449778388e-03
-4.925728822708165255e-01 -4.895606779092419591e-01
3.250361224345709333e-03 7.361796673078323527e-01
7.439789549174021799e-01 9.719650388573060074e-01
-4.799541099673395039e-01 -4.211110750449778388e-03
3.250361224345709333e-03 -7.197726111454408882e-01
-1.418942227733029471e+00 -1.650434928720514449e+00
-4.988952147625872469e-01 -2.051155285238944193e-01
1.111704298677314018e-01 1.975056490420352417e-01
8.647569984908460849e-01 4.398933985228554167e-01
5.008377372550386619e-01 9.914475481409791291e-01
4.959492313551436271e-01 7.253521320800250249e-01
3.250361224345709333e-03 9.578950998817857831e-01
2.204015528788253242e+00 7.012319088597017691e-01
3.250361224345709333e-03 4.562609572559518378e-01
7.093146593204717743e-01 4.617572691238013838e-01
6.897055805510777793e-01 1.592350460200302686e+00
1.144792376518782406e+00 1.980860561360636263e+00
9.018345339961748586e-01 1.268526747830175161e+00
-2.197644506471133630e-01 -4.237295949787648897e-01
-4.354377825045555594e-01 -4.211110750449778388e-03
4.458097690481966913e-01 -2.069351389269232511e-01
4.419385049532469356e-01 8.276937368343189050e-01
2.253187988992252089e-01 8.227537031956788649e-01
2.151277449405877285e-01 6.037582499603226793e-01
1.085700295656230940e+00 1.002511102264844967e+00
4.252864224036975727e-01 -4.211110750449778388e-03
-4.152637387961742310e-01 -4.022515860885469974e-01
-2.122574139501038348e-01 -4.211110750449778388e-03
-8.444645999355678834e-01 -3.970937775002210124e-01
-1.510344892874538436e+00 -2.397070105257078865e+00
4.478130540598533327e-01 4.117413030643865546e-01
4.532824877886535431e-01 1.452749598471144488e+00
4.399876973780023071e-01 2.004565387721559400e-01
8.691840299312837415e-01 7.941286170892665197e-01
-1.273603048833357176e+00 -5.977147231596973143e-01
-8.795166087023201795e-01 -2.009195723562497538e+00
-4.413123316111620120e-01 -6.300113972376212290e-01
9.003279641689055923e-01 1.057989810732131053e+00
1.550235788453145247e+00 3.308236919098165529e+00
-2.059372479580014459e-01 -2.340009656117961967e+00
-4.260104999197530384e-01 4.085106229354802942e-01
-8.718953443133038439e-01 -6.096862341443253230e-01
2.282664270140223883e-01 1.943384660280947362e-01
1.113971411213207086e+00 3.056808398704812024e+00
8.707473199234820882e-01 1.821185440328910443e-01
4.341116186825095258e-01 9.562549905546202655e-01
-2.103451871201112433e-01 -8.515108158990969400e-01
2.177595254879889919e-01 -1.349480354836963603e+00
4.215416477870720935e-01 1.179649943770025411e+00
1.689054104253703059e+00 7.721258789763635333e-01
4.045906284036495659e-01 1.789362151012073021e-01
-8.015288894472838432e-01 -9.483333899089261276e-01
6.145262867920994188e-01 7.721258789763635333e-01
-6.006645306668747519e-01 1.789362151012073021e-01
-2.033781253902196273e-01 -9.483333899089261276e-01
2.107337124997289146e-01 9.581232864027268148e-01
4.165073294384307734e-01 -4.211110750449778388e-03
-2.016893489288026919e-01 -1.321222043392107581e+00
-1.625846306144532072e+00 -9.739335828122916983e-01
-6.348186958326283991e-01 -4.031135763860395627e-01
-4.186346217084549459e-01 -4.211110750449778388e-03
1.288695246379042203e+00 1.394823746713146129e+00
3.250361224345709333e-03 5.743627973789713348e-01
-4.115809300821009487e-01 -3.908753306240799197e-01
6.351372212067566414e-01 1.906311584350278976e-01
1.260087922169823793e+00 -4.211110750449778388e-03
-4.083109047504474010e-01 -1.982953606765400778e-01
3.250361224345709333e-03 -3.857772226937359883e-01
-1.431842830550081436e+00 -1.370438144356156629e+00
2.168459095688026750e-01 1.976613835987517664e-01
3.250361224345709333e-03 -6.073878062053673643e-01
-6.348186958326283991e-01 -6.062898768321997034e-01
-2.121802675047362030e-01 -8.196507593181724394e-01
6.523305023945329406e-01 1.444339672992205115e+00
-2.103451871201112433e-01 1.993084772094618207e-01
-1.694947214271391056e+00 -1.406168940765085029e+00
-1.097635833429597696e+00 -1.046978712260605349e+00
-6.683230615492316007e-01 -1.264495592669627966e+00
2.237551327786121147e-01 4.237362812417234670e-01
3.250361224345709333e-03 2.124565955213843227e-01
-2.162891294116979779e-01 -4.211110750449778388e-03
4.538470715841805836e-01 4.272504185182761094e-01
3.250361224345709333e-03 4.146391521497621024e-01
3.250361224345709333e-03 4.199893328507685597e-01
1.133963539160081302e+00 1.248897418928852421e+00
6.630025192795524491e-01 1.013033773515942482e+00
-2.076970525092409758e-01 -4.063289110462442455e-01
3.250361224345709333e-03 -4.011509727549886217e-01
-1.534881153574944701e+00 -8.214846825136931097e-01
4.593363498481377039e-01 -4.211110750449778388e-03
-2.011807369510010712e+00 -1.034162701619989244e+00
2.386985090758135530e-01 8.441897664744391072e-01
3.250361224345709333e-03 -4.213181463657380554e-01
3.020479835541694857e+00 2.291694005215716867e+00
3.250361224345709333e-03 1.968477893974474591e-01
-2.177984775741900192e-01 -6.049666544269879376e-01
-8.756083837218240351e-01 -1.211921747503905689e+00
-8.912846136371760375e-01 -4.109987177657803969e-01
-9.075302016713986397e-01 -4.211110750449778388e-03
6.965296533028558779e-01 6.153497660323997698e-01
2.344028367229086252e-01 4.095089115263403357e-01
4.538470715841805836e-01 -2.093697404398995598e-01
6.778775455212434631e-01 -2.102169190675041710e-01
2.282664270140223883e-01 2.026489003879453077e-01
2.272613266343020411e-01 2.017946975666046472e-01
2.262651730958048224e-01 2.009475189390000360e-01
1.104136555878289183e+00 1.008867548606274145e+00
1.940470121963152383e+00 2.574031322771257013e+00
2.037127290003129809e-01 3.766113296473587169e-01
2.115956834800609143e-01 -1.931798219699790986e-01
-6.105545515026080672e-01 -1.324118026676021964e+00
1.254823679028829408e+00 1.936093149687883930e+00
1.010870600721056389e+00 1.668090924443850209e+00
2.041535364571468725e-01 8.955525867613154389e-01
1.395623790370953632e+00 1.592612470608693931e+00
-7.674214645058575757e-01 -5.223757554444693474e-01
3.250361224345709333e-03 -1.787454780005338917e-01
7.859500715487010014e-01 8.642267280960524989e-01
1.349897959302791772e+00 1.710119549100175051e+00
1.314683162158178487e+00 1.313368891336851529e+00
-1.738237048178655209e-01 3.200862208531401465e-01
-5.530326312446293135e-01 -9.641070450796049851e-01
-2.223401719101750995e+00 -1.961666676288580158e+00
-1.929692228688620337e-01 -8.519393515822807350e-01
3.972310240150920269e-01 -4.211110750449778388e-03
-1.739555342142577565e+00 -1.555050219141503209e+00
3.997966912172886689e-01 1.237372802315581888e+00
3.250361224345709333e-03 -1.793582341397472468e-01
4.050567116899479458e-01 -4.211110750449778388e-03
7.921712355270218442e-01 1.218814812622218913e+00
7.799528795036906326e-01 1.017990768986047234e+00
-5.683794729696580728e-01 -1.723248061831409439e-01
-1.922044835912399829e-01 -4.211110750449778388e-03
-1.929692228688620337e-01 -3.345469441534351662e-01
2.002406926197188852e-01 -4.211110750449778388e-03
3.956895294107611316e-01 1.585201365912600746e-01
1.898340669290312921e-01 -1.664132587034853894e-01
9.650399050508897680e-01 6.679396750502740732e-01
-1.791437654155940695e-01 4.914549266653416293e-01
-3.787877028365092547e-01 -3.291000909906272587e-01
-7.586708620142391668e-01 -9.991827655798153351e-01
3.250361224345709333e-03 -3.449840579311146960e-01
-7.704250755738913936e-01 -5.117378934026302062e-01
3.920135812789711238e-01 -3.508543482501190747e-01
9.799940687110234583e-01 1.552053638536532665e+00
3.250361224345709333e-03 -4.211110750449778388e-03
-9.548334651601499967e-01 -3.356676772123751151e-01
-7.765030600023685725e-01 -1.019430502901248481e+00
2.033519265647980023e-01 -1.781369872630565454e-01
-9.849768476643462334e-01 -4.211110750449778388e-03
-3.949035917632692794e-01 -4.211110750449778388e-03
-8.165084793882478875e-01 -5.205419320244278891e-01
-8.214498538981062081e-01 -7.096497402395163245e-01
-8.352384206764651431e-01 -1.420417677399339773e+00
-4.186346217084549459e-01 -7.330032387898915980e-01
3.250361224345709333e-03 -5.647475079737788173e-01
2.114562200789540103e-01 5.626950029530423114e-01
-2.040946801104021879e-01 1.748491271128699009e-01
-6.485245143597642148e-01 -5.549854252006580779e-01
3.250361224345709333e-03 -1.924667316088775615e-01
-1.739358752357853310e+00 -1.878150808726094967e+00
3.250361224345709333e-03 5.766399232531190799e-01
4.593363498481377039e-01 7.721258789763635333e-01
-6.747129818095922715e-01 -1.142909692588262027e+00
6.905044271533402611e-01 -3.953596746828705877e-01
-8.912846136371760375e-01 1.929087033661882333e-01
1.594719593345675701e+00 1.550178957057756879e+00
-6.565017968308610730e-01 -5.675109894213093975e-01
2.198219880368840751e-01 3.809604330328614230e-01
2.282664270140223883e-01 9.433772188923766899e-01
4.512722970593037730e-01 9.257138660333017466e-01
2.252778309923014755e-01 -4.211110750449778388e-03
3.250361224345709333e-03 -3.724429283263915869e-01
2.150888332023307703e-01 1.812738997024581911e-01
-4.278160968517149554e-01 -1.836790530117222264e+00
-1.319663333287826479e+00 -1.339133787306662438e+00
2.312933580437645242e-01 -2.013309248670877849e-01
-2.237603737287693906e-01 -4.211110750449778388e-03
3.250361224345709333e-03 -4.211110750449778388e-03
-1.127462816711389815e+00 -1.381277652641468512e+00
-4.536349654761707706e-01 -6.062898768321997034e-01
9.352326308980253300e-01 1.223240154451381567e+00
-9.117281959825416227e-01 -1.403245968214045902e+00
2.386985090758135530e-01 2.026489003879453077e-01
-6.997934251003150585e-01 -2.102169190675041710e-01
-6.998859526903190575e-01 -6.161719895068035191e-01
3.250361224345709333e-03 -4.211110750449778388e-03
3.250361224345709333e-03 -2.136401359386316812e-01
4.753255436797068079e-01 4.164127261466858965e-01
-7.032342478375386285e-01 -1.246842516684911306e+00
4.876983079398202747e-01 -4.211110750449778388e-03
-4.765626453082091318e-01 -6.458540471521699855e-01
-1.440000805111576243e+00 -1.719497120814458491e+00
7.599242309711674859e-02 2.669179083935425689e-01
9.163974739546163484e-01 6.745968945737653710e-01
-2.413362928602924284e-01 -1.123428530273558046e+00
-7.443467886743282413e-01 -4.640491903956632802e-01
-1.524966258113389150e+00 -3.006757799270713072e+00
4.214388895041895067e-01 9.834653601413900770e-01
1.045392970529525289e+00 2.644345597353740196e+00
-5.072133698782680389e-01 2.304001528474834692e-01
2.160825053987112998e+00 1.359505422135249608e+00
1.476483074545253515e+00 6.595040573854394905e-01
2.385144217995924520e-01 2.111316519891562327e-01
2.471728076340296010e-01 1.309094360144506419e+00
-2.394914381519320512e-01 -4.211110750449778388e-03
-7.090032051605389407e-01 -2.218334239083480930e-01
-2.342887998302118913e-01 -4.238766390912427906e-01
3.250361224345709333e-03 -4.211110750449778388e-03
-1.209986895399388418e+00 -1.079910008274010291e+00
5.026147785177602634e-01 2.120652162266562224e-01
1.718658269062656396e+00 2.185106953821266185e+00
-2.309151887331635788e-01 -2.190962732097795629e-01
2.385144217995924520e-01 -4.211110750449778388e-03
4.813383575915388124e-01 4.187858160767325977e-01
2.352046722923062938e-01 2.097891429838141808e-01
-1.632195153182012914e+00 -1.879369616092319006e+00
3.250361224345709333e-03 -2.167631683030241396e-01
4.805896163091532003e-01 -4.211110750449778388e-03
-2.331689903141141440e-01 -6.534899643511795642e-01
-1.679318677439016749e+00 -1.761456251849516930e+00
2.490357265363842554e-01 -4.211110750449778388e-03
-2.413362928602924284e-01 -4.211110750449778388e-03
1.498444661021693713e+00 1.817191110221643369e+00
2.419199887667494997e-01 -4.211110750449778388e-03
2.407895222789033229e-01 4.283415432037621651e-01
-2.331689903141141440e-01 -4.330455466629439254e-01
1.210741077778592967e+00 6.536293769453499491e-01
3.250361224345709333e-03 -4.211110750449778388e-03
2.352046722923062938e-01 6.450677428502799016e-01
3.250361224345709333e-03 6.367260637991164485e-01
2.437570551094038196e-01 8.453107938710426872e-01
-9.350361215816094251e-01 -1.461720684883148769e+00
3.250361224345709333e-03 2.065079565073344725e-01
4.813383575915388124e-01 -2.140438724264592807e-01
-7.022773270002122814e-01 -4.344292080646838805e-01
-7.123444792440183360e-01 -1.297236117966793723e+00
-2.453638307889612069e-01 4.412963165920818498e-01
9.826733567847177886e-01 4.283415432037621651e-01
2.385144217995924520e-01 4.335573762220196192e-01
-2.309151887331635788e-01 -6.507236393024915522e-01
1.199175981585827166e+00 1.960791571810198031e+00
-2.361084388896540487e-01 2.116036498710816560e-01
2.437570551094038196e-01 -4.211110750449778388e-03
2.330348075283691089e-01 -2.190962732097795629e-01
-4.637531207330035099e-01 -2.113932769561007452e-01
3.250361224345709333e-03 -4.211110750449778388e-03
-9.299156096454669340e-01 -8.450644219631650023e-01
3.250361224345709333e-03 -4.362541015793366395e-01
3.250361224345709333e-03 -4.211110750449778388e-03
7.188452016927097121e-01 2.092504252389446040e-01
7.087780494489036576e-01 4.297493452826957050e-01
9.277266122552582095e-01 1.277663238348682562e+00
1.378901973613328336e+00 1.040110144634140532e+00
4.404501146660192434e-01 4.066290968588310850e-01
2.289906196485451406e-01 -6.112797982104420935e-01
-6.529574134034702437e-01 -4.167151991948169210e-01
4.404501146660192434e-01 1.995162596449054637e-01
3.250361224345709333e-03 4.100405801336040601e-01
3.250361224345709333e-03 -4.150513183597306921e-01
-2.134602826502474682e-01 4.100405801336040601e-01
-2.144007992736495505e-01 -4.211110750449778388e-03
6.681583371362168622e-01 4.066290968588310850e-01
6.594581358521616199e-01 4.032733431779678135e-01
1.298715056593057637e+00 1.200089499450229358e+00
6.346720757339721075e-01 1.759659571157461855e+00
4.218114772966968795e-01 7.581463864727424617e-01
2.065630200964441165e-01 -4.211110750449778388e-03
3.250361224345709333e-03 -4.211110750449778388e-03
2.057421072938553641e-01 5.551199986840872347e-01
3.250361224345709333e-03 -4.211110750449778388e-03
8.267665742479328728e-01 3.670676304543472046e-01
4.083562455494922916e-01 -4.211110750449778388e-03
-5.954386526241747246e-01 -5.532545201874162766e-01
8.083801635784297890e-01 1.478732380449520267e+00
-3.970383361633691433e-01 3.576688651224284032e-01
-3.920241632526165754e-01 -8.987296612081672187e-01
-8.101797426833369231e-01 -9.150618096236938781e-01
4.166710054793501539e-01 5.509421000433517568e-01
6.141269387166509164e-01 5.448322986865166140e-01
2.016695693616577800e-01 1.743313522410853966e-01
-5.978963258359569766e-01 -3.600226272363012403e-01
1.020095225316045129e+00 7.199898486133909925e-01
-1.928094084129997887e-01 -1.808309301903555100e-01
-2.017801162378261848e-01 -3.660910866233279548e-01
2.091225087625495360e-01 1.743313522410853966e-01
-3.986093794159549231e-01 1.811073893939875723e-01
2.016695693616577800e-01 -5.433384339621433190e-01
-1.396680240029422038e+00 -1.460078979148315748e+00
1.172172196889109674e-02 -3.810415791242466321e-01
3.250361224345709333e-03 -3.839096552066274537e-01
6.215552241537237732e-01 1.135812339787981129e+00
1.032363832095573475e+00 1.117976774451799216e+00
-3.984779852231036812e-01 2.720304887571451391e-01
-6.083405593530639699e-01 -3.680300185219375630e-01
-1.975522623456055227e-01 -1.911966396463422591e-01
-6.183800786960070850e-01 -5.522630512505598555e-01
3.250361224345709333e-03 -4.211110750449778388e-03
2.158964561342684996e-01 1.779717503977976123e-01
-4.117762059248964990e-01 -7.454176531267089345e-01
-8.422699157113091584e-01 -5.646612520720063477e-01
8.632702882438706427e-01 3.762556949180556609e-01
-4.237800834961027441e-01 -9.520319172598229462e-01
2.185992748015834486e-01 5.770662638757604324e-01
-8.373079795147834181e-01 -7.651447121099127502e-01
4.306937949440803881e-01 -3.905710353676016822e-01
-1.060652029125199958e+00 -7.829620684211398007e-01
2.241774748378094761e-01 -4.078336001042593972e-01
-2.167077753823406783e-01 4.027035703151957691e-01
1.523228915723492838e+00 1.577989027162286284e+00
4.235295315939102689e-01 -3.876018318482729041e-01
-6.261820853258767139e-01 -4.211110750449778388e-03
8.560320730323345284e-01 1.344106174450286240e+00
2.065286820797092859e-01 3.719814480858262273e-01
-1.992073226559331611e-01 -1.870896414611295799e-01
4.182769283735878196e-01 5.540910640547894728e-01
3.250361224345709333e-03 -1.857310835699574614e-01
-4.083697914150451469e-01 -3.761677814374765894e-01
2.065286820797092859e-01 9.288418273063667741e-01
-1.992073226559331611e-01 -1.843925605950096080e-01
1.045051746831754391e+00 7.341967793218590055e-01
1.222991730695128565e+00 5.452297044201886989e-01
-3.936761944754448850e-01 -7.312663472478974080e-01
8.034367328999045821e-01 3.684191541742354303e-01
5.979833065580263396e-01 3.582591218910811115e-01
-3.859438618731050874e-01 -4.211110750449778388e-03
3.954885614912905800e-01 5.319003489390649042e-01
1.369401521514262532e+00 1.957584638245342568e+00
3.821236757892850777e-01 3.383476379121154731e-01
-5.646354405797708864e-01 -1.777940589410302308e-01
1.973010334122667631e-01 -4.211110750449778388e-03
2.284222355539272886e+00 1.194209431134263033e+00
5.431387686564411732e-01 -4.211110750449778388e-03
5.447055190300544858e-01 3.291903142735499999e-01
-1.777198134483643222e-01 1.647623998742872575e-01
-7.087219112568354795e-01 -1.001157571751972952e+00
1.874915642378150171e-01 6.762636938416183296e-01
1.442414215303942981e+00 3.280573736847293143e-01
-3.465037384192178882e-01 -1.492894685269062105e+00
-1.692608809896481159e-01 1.624285217075679966e-01
-8.839215237919760826e-01 -5.093858860313393855e-01
3.630413272517677425e-01 -1.789859818043826878e-01
8.999658778817354321e-01 1.027078120081046597e+00
1.751456655765987747e-01 -4.211110750449778388e-03
-6.962578180025994490e-01 -1.691747047312402719e-01
-5.324213457767849045e-01 -1.766182847389870525e-01
9.032366404250815606e-01 8.469738016706859218e-01
-7.011705566024890590e-01 1.658916587479252469e-01
-1.790088907811459018e-01 -4.211110750449778388e-03
1.086160676835763228e+00 1.155338101741889556e+00
-1.758072506103213473e-01 -4.879790420016641983e-01
3.554608101076720539e-01 3.236895274754580387e-01
7.098964046017980367e-01 3.215483806131443911e-01
-1.727161470579943181e-01 -4.211110750449778388e-03
3.493591396191629839e-01 4.779555787115229992e-01
1.786261322487265601e-01 -1.612142228871520366e-01
3.250361224345709333e-03 -3.257711270259304182e-01
-1.199130224538003109e+00 -1.787567345094149829e+00
-1.758072506103213473e-01 -1.754583299391717088e-01
-1.053380965365451116e+00 -1.014613093326551141e+00
-3.565406048030763109e-01 -4.211110750449778388e-03
-5.440337839993414359e-01 -5.163479196438007790e-01
7.360287536921602536e-01 1.659090595914985422e-01
5.486043157249566038e-01 6.880854917196997933e-01
3.250361224345709333e-03 -3.456216182544583071e-01
5.427377656159683150e-01 3.395519678563070354e-01
1.763570648691866749e-01 -3.456216182544583071e-01
5.351600318221411134e-01 1.711782126258429848e-01
-3.452636530662059333e-01 -1.789859818043826878e-01
-7.058177485416353703e-01 -6.917372480088676001e-01
-7.087219112568354795e-01 -1.220638233142701257e+00
5.486043157249566038e-01 1.242617799706410953e+00
3.250361224345709333e-03 -1.749377264325517600e-01
3.250361224345709333e-03 1.671017756699106904e-01
5.427377656159683150e-01 -4.211110750449778388e-03
1.763570648691866749e-01 -4.211110750449778388e-03
-8.808697682868670276e-01 -3.527779496463488984e-01
-1.723567187449542293e-01 -3.552305307006779489e-01
3.250361224345709333e-03 -4.211110750449778388e-03
-1.803164585867917113e-01 -4.211110750449778388e-03
7.254758942889020235e-01 8.831630165188200099e-01
3.250361224345709333e-03 3.431175693250335113e-01
7.224876794106414035e-01 1.030570561179646294e+00
-3.477025549625744061e-01 -1.766182847389870525e-01
1.763570648691866749e-01 -4.211110750449778388e-03
-5.286593093734497373e-01 -1.702959715889939829e-01
5.408620884377888238e-01 1.016456621217797007e+00
3.250361224345709333e-03 -4.211110750449778388e-03
-1.692608809896481159e-01 -3.376125357744494959e-01
-7.108147900568621003e-01 -5.111028723652322192e-01
3.617814826193728184e-01 3.348788086806696040e-01
1.848759421671071490e-01 1.676259661050080452e-01
3.250361224345709333e-03 1.670361084382721573e-01
-1.777198134483643222e-01 -5.093688244243954610e-01
-7.087219112568354795e-01 -1.355883346439441528e+00
1.874915642378150171e-01 -1.814196204839847171e-01
-7.236742695005787818e-01 -5.235045653284509104e-01
-1.091998019547172349e+00 -5.361552978877643927e-01
3.250361224345709333e-03 3.518184899890732242e-01
1.122952204294591638e+00 5.296562487485340087e-01
-5.406484778161202431e-01 -3.539749161601751792e-01
1.840270103051497297e-01 1.683113338492125688e-01
3.250361224345709333e-03 -1.761389882807578022e-01
-7.322696563330847175e-01 -5.361552978877643927e-01
3.764843072427457860e-01 7.078480707735003152e-01
3.250361224345709333e-03 5.258998516196984330e-01
3.250361224345709333e-03 -1.814196204839847171e-01
1.922691122553881748e-01 -4.211110750449778388e-03
3.250361224345709333e-03 -5.235045653284509104e-01
-9.232299521502802531e-01 -5.361552978877643927e-01
3.250361224345709333e-03 -5.346225469762229121e-01
-5.646354405797708864e-01 -9.075221757621168006e-01
1.973010334122667631e-01 5.492660715436724628e-01
1.888209625366471245e-01 1.733253310505870060e-01
3.807269053688207561e-01 3.569737642802274791e-01
7.602094978150387705e-01 3.543776013225490296e-01
3.723360170478375863e-01 1.774366445252752444e-01
1.827062930501277271e-01 1.695380933211293462e-01
1.895170959914369291e-01 3.492956470422883264e-01
3.250361224345709333e-03 3.468083091997783973e-01
3.250361224345709333e-03 -1.749377264325517600e-01
3.669822001786555155e-01 5.168655810796360939e-01
1.874915642378150171e-01 3.419371805070771098e-01
-5.401074045540316115e-01 -3.479741893572065314e-01
-1.087945160653629006e+00 -8.660496996268787218e-01
1.853673113129611638e-01 -4.211110750449778388e-03
-1.782076419720751148e-01 -1.839219895024368223e-01
7.468945519364077468e-01 3.492956470422883264e-01
1.827062930501277271e-01 6.978277191724585604e-01
5.545999029553976278e-01 1.723951591793799754e-01
3.643631177265328480e-01 5.096600454101757327e-01
3.250361224345709333e-03 1.699779235885592044e-01
1.861744026500729010e-01 -4.211110750449778388e-03
-3.539777711016032780e-01 -4.211110750449778388e-03
1.794745074406303154e-01 -4.211110750449778388e-03
3.617814826193728184e-01 1.624285217075679966e-01
1.848759421671071490e-01 1.687939528308993187e-01
-3.514511861492115030e-01 1.612997766776478881e-01
3.604784935502947096e-01 1.676259661050080452e-01
-1.994362344090895023e-01 -5.901021849622929694e-02
-5.418632722945311286e-01 -6.899532125529491688e-01
3.706529627533688975e-01 3.434386418283399967e-01
-5.438455191901950814e-01 -3.494549821879522900e-01
-5.498796721207516169e-01 -5.256857570793433965e-01
3.250361224345709333e-03 -3.555332195719410060e-01
3.250361224345709333e-03 -1.811179892328012020e-01
-1.831825571064292224e-01 -1.817475525514865853e-01
3.250361224345709333e-03 -4.211110750449778388e-03
1.903789265504941264e-01 1.739593892546105469e-01
-5.560483787228425179e-01 -7.143568480219532058e-01
3.250361224345709333e-03 -4.211110750449778388e-03
3.803214539829640195e-01 5.360893226579921400e-01
3.775074918766425647e-01 1.064811859347268408e+00
1.889927880265505900e-01 -1.786437668770327059e-01
7.434785035240958351e-01 3.458782919805641343e-01
-3.614802240469996431e-01 -5.256857570793433965e-01
3.706529627533688975e-01 1.714499461546828141e-01
1.856156513524956087e-01 1.708335881206701767e-01
1.849549090740016666e-01 -1.786437668770327059e-01
3.250361224345709333e-03 5.209230008292320413e-01
3.250361224345709333e-03 -1.774324277054270260e-01
1.842989361038055163e-01 1.696137680333321129e-01
1.836476822914518137e-01 6.886741670470070131e-01
1.830010974864853535e-01 -1.750595323375647716e-01
-1.758584090897593599e-01 -1.756466411898485735e-01
-5.360018375319821615e-01 -3.482644861139524428e-01
3.666594569236576451e-01 5.154528600695776897e-01
