409
70
25
670
0
88
23
26
84
417
200
96
775
311
225
27
45
957
307
430
902
86
243
406
684
16
547
41
1
1061
412
907
62
385
18
416
97
971
9
419
424
387
191
310
80
661
61
83
388
802
449
463
434
651
448
986
498
420
1063
617
36
458
77
131
54
624
426
1075
232
893
680
415
633
724
94
34
127
52
613
475
294
663
177
254
1195
15
1065
431
134
614
768
705
37
102
50
120
423
76
702
193
1024
59
49
414
482
753
790
519
462
378
248
1191
33
107
1080
783
172
401
297
876
1087
281
659
903
1084
375
125
975
1105
518
880
283
557
460
809
87
53
668
392
672
308
693
105
1030
715
615
445
989
1173
612
818
982
819
787
676
852
954
978
772
24
47
1056
422
10
318
899
623
176
119
939
442
321
869
504
750
1221
630
379
303
221
395
521
976
68
287
152
259
208
258
608
169
410
40
513
69
