668
624
262
926
1497
1102
1300
435
877
1286
302
1396
1709
607
1450
747
242
1260
370
646
1329
345
1112
827
1009
497
1850
1205
1806
979
1124
1309
743
1706
1648
864
1634
49
1944
634
1846
188
1145
711
1301
840
629
978
1170
894
1995
509
1442
1989
698
1862
1390
1823
149
1131
815
1793
1426
491
340
240
399
1240
499
657
1590
1231
959
391
1366
296
1232
362
1780
1623
962
910
15
1043
742
714
603
395
335
800
1415
643
1771
946
863
1250
887
1899
1168
566
142
1149
1255
1268
1456
1015
424
1513
181
156
226
1104
1347
1559
1039
652
929
1972
309
1161
586
1371
1864
1154
1848
1413
489
869
750
396
886
117
675
1334
1033
1740
1852
1414
1609
1993
1873
541
1107
1430
2
540
303
1079
1996
1596
1628
244
558
715
972
1927
1384
1092
909
1537
1093
266
467
1876
1176
550
1299
924
1303
705
1961
1405
1726
1540
1832
1346
960
1123
56
1815
1305
1785
1474
228
245
68
702
1929
61
631
977
1496
1547
326
846
1214
187
1986
389
1358
493
1566
65
641
1551
1769
421
795
943
1253
256
1173
383
1290
727
10
1152
1702
1665
615
1861
717
1234
1339
1748
1763
1679
20
233
1480
1158
1220
1110
1343
1962
1383
738
368
1960
1739
405
1841
190
1813
178
794
342
434
763
1970
1485
1689
24
860
277
258
764
52
183
196
255
500
667
709
806
930
931
956
1019
1027
1047
1069
1078
1106
1328
1486
1556
1638
1673
1677
1731
1737
1742
1770
1792
1800
1917
1923
1965
1190
987
1157
735
810
312
193
1038
173
571
1440
