33
57
140
174
192
263
426
510
570
593
672
729
777
804
821
872
881
1032
1073
1108
1142
1267
1272
1274
1282
1293
1325
1473
1476
1511
1534
1577
1597
1829
1843
1879
1312
444
104
1397
1083
1507
1701
1775
114
1566
1832
499
245
228
1785
1474
1305
56
1815
840
1346
960
1123
1899
49
705
1961
1093
345
1537
815
1648
909
1092
1426
1384
972
1927
715
370
435
262
558
244
1628
1596
747
624
1996
646
978
1170
1944
1329
303
1079
540
541
2
1450
629
1107
1430
1112
242
1873
1993
1852
1609
1286
668
1033
1414
864
1260
1740
1634
1334
675
1413
1396
117
962
886
396
750
1043
869
489
1009
240
399
1154
1848
1864
586
1371
1551
65
641
309
800
1415
1161
652
929
1972
1039
1347
1559
1390
1769
149
827
52
183
196
255
500
667
709
806
930
931
956
1019
1027
1047
1069
1078
1106
1328
1486
1556
1638
1673
1677
1731
1737
1742
1770
1792
1800
1917
1923
1965
1104
1168
156
226
424
24
1846
181
1793
1145
1513
142
1149
1706
362
1255
743
1015
634
335
302
894
946
1268
1456
566
1131
1250
1240
979
1124
926
1497
1780
395
863
340
467
266
1540
1623
1309
15
1726
607
910
631
187
846
509
1547
711
188
1214
643
1771
1986
1358
1102
1300
389
493
1231
1496
1590
491
256
657
391
1301
383
877
1173
1405
1152
1290
1702
1665
1861
717
1234
1339
615
1748
727
977
1823
1679
20
1763
1806
233
1480
1158
421
1220
1303
10
1110
1343
1962
1205
1850
1709
1383
959
1366
887
738
368
296
1960
1299
924
497
1739
943
1253
