1.075000000000000000e+03
2.410000000000000000e+02
1.986000000000000000e+03
2.210000000000000000e+02
1.311000000000000000e+03
9.180000000000000000e+02
3.340000000000000000e+02
4.670000000000000000e+02
1.630000000000000000e+02
6.760000000000000000e+02
1.940000000000000000e+03
1.903000000000000000e+03
1.290000000000000000e+02
1.819000000000000000e+03
1.339000000000000000e+03
5.860000000000000000e+02
9.720000000000000000e+02
6.930000000000000000e+02
1.030000000000000000e+03
2.830000000000000000e+02
1.593000000000000000e+03
5.150000000000000000e+02
1.190000000000000000e+02
3.460000000000000000e+02
1.383000000000000000e+03
1.402000000000000000e+03
9.090000000000000000e+02
2.400000000000000000e+02
1.330000000000000000e+03
2.890000000000000000e+02
1.486000000000000000e+03
1.914000000000000000e+03
1.050000000000000000e+03
1.030000000000000000e+02
7.450000000000000000e+02
1.073000000000000000e+03
1.543000000000000000e+03
1.377000000000000000e+03
8.300000000000000000e+02
1.716000000000000000e+03
1.982000000000000000e+03
1.270000000000000000e+02
1.712000000000000000e+03
1.634000000000000000e+03
6.180000000000000000e+02
1.470000000000000000e+03
4.320000000000000000e+02
1.234000000000000000e+03
7.690000000000000000e+02
1.602000000000000000e+03
9.950000000000000000e+02
5.250000000000000000e+02
5.470000000000000000e+02
2.940000000000000000e+02
2.730000000000000000e+02
5.240000000000000000e+02
2.810000000000000000e+02
1.212000000000000000e+03
1.170000000000000000e+02
1.936000000000000000e+03
1.930000000000000000e+03
1.597000000000000000e+03
1.277000000000000000e+03
1.461000000000000000e+03
1.519000000000000000e+03
9.970000000000000000e+02
1.749000000000000000e+03
7.200000000000000000e+02
8.380000000000000000e+02
1.813000000000000000e+03
1.947000000000000000e+03
4.100000000000000000e+02
5.060000000000000000e+02
1.660000000000000000e+02
1.134000000000000000e+03
6.500000000000000000e+01
1.536000000000000000e+03
8.700000000000000000e+02
1.060000000000000000e+02
1.917000000000000000e+03
4.400000000000000000e+02
1.111000000000000000e+03
1.590000000000000000e+02
1.643000000000000000e+03
1.222000000000000000e+03
1.888000000000000000e+03
1.100000000000000000e+02
1.463000000000000000e+03
7.130000000000000000e+02
9.570000000000000000e+02
1.310000000000000000e+03
1.974000000000000000e+03
2.930000000000000000e+02
4.500000000000000000e+01
5.300000000000000000e+01
5.200000000000000000e+02
1.841000000000000000e+03
6.310000000000000000e+02
1.730000000000000000e+02
3.800000000000000000e+01
5.120000000000000000e+02
3.240000000000000000e+02
1.798000000000000000e+03
1.012000000000000000e+03
1.735000000000000000e+03
5.300000000000000000e+02
2.060000000000000000e+02
1.561000000000000000e+03
1.760000000000000000e+03
1.491000000000000000e+03
1.040000000000000000e+02
1.756000000000000000e+03
1.790000000000000000e+03
5.990000000000000000e+02
7.860000000000000000e+02
1.838000000000000000e+03
2.800000000000000000e+01
3.120000000000000000e+02
1.002000000000000000e+03
1.497000000000000000e+03
8.050000000000000000e+02
8.430000000000000000e+02
1.246000000000000000e+03
8.320000000000000000e+02
1.734000000000000000e+03
1.259000000000000000e+03
3.300000000000000000e+02
1.266000000000000000e+03
1.439000000000000000e+03
4.200000000000000000e+02
6.470000000000000000e+02
1.514000000000000000e+03
1.984000000000000000e+03
7.600000000000000000e+01
8.410000000000000000e+02
6.140000000000000000e+02
1.271000000000000000e+03
9.750000000000000000e+02
7.140000000000000000e+02
1.698000000000000000e+03
1.969000000000000000e+03
4.230000000000000000e+02
1.973000000000000000e+03
1.299000000000000000e+03
1.686000000000000000e+03
1.526000000000000000e+03
1.100000000000000000e+01
1.570000000000000000e+03
1.517000000000000000e+03
6.650000000000000000e+02
1.107000000000000000e+03
5.700000000000000000e+02
6.210000000000000000e+02
1.199000000000000000e+03
6.890000000000000000e+02
2.690000000000000000e+02
1.350000000000000000e+03
7.970000000000000000e+02
1.306000000000000000e+03
1.017000000000000000e+03
1.575000000000000000e+03
8.120000000000000000e+02
5.640000000000000000e+02
8.850000000000000000e+02
1.176000000000000000e+03
9.230000000000000000e+02
1.280000000000000000e+03
5.660000000000000000e+02
9.810000000000000000e+02
6.910000000000000000e+02
1.297000000000000000e+03
1.891000000000000000e+03
5.980000000000000000e+02
1.638000000000000000e+03
8.670000000000000000e+02
1.732000000000000000e+03
1.348000000000000000e+03
1.430000000000000000e+03
1.926000000000000000e+03
1.464000000000000000e+03
9.370000000000000000e+02
1.657000000000000000e+03
1.862000000000000000e+03
1.617000000000000000e+03
1.094000000000000000e+03
1.959000000000000000e+03
6.100000000000000000e+01
6.800000000000000000e+01
6.660000000000000000e+02
1.730000000000000000e+03
1.679000000000000000e+03
8.470000000000000000e+02
6.770000000000000000e+02
2.120000000000000000e+02
1.845000000000000000e+03
9.700000000000000000e+01
2.280000000000000000e+02
4.600000000000000000e+02
1.989000000000000000e+03
1.421000000000000000e+03
1.484000000000000000e+03
3.270000000000000000e+02
3.810000000000000000e+02
5.450000000000000000e+02
1.600000000000000000e+02
2.660000000000000000e+02
9.120000000000000000e+02
5.500000000000000000e+02
1.820000000000000000e+03
4.170000000000000000e+02
4.060000000000000000e+02
3.820000000000000000e+02
1.825000000000000000e+03
1.746000000000000000e+03
4.950000000000000000e+02
9.660000000000000000e+02
1.434000000000000000e+03
1.901000000000000000e+03
1.027000000000000000e+03
4.200000000000000000e+01
2.000000000000000000e+02
8.110000000000000000e+02
6.700000000000000000e+01
1.645000000000000000e+03
1.143000000000000000e+03
1.370000000000000000e+02
1.160000000000000000e+03
5.380000000000000000e+02
1.550000000000000000e+02
1.890000000000000000e+03
3.310000000000000000e+02
1.024000000000000000e+03
1.405000000000000000e+03
9.000000000000000000e+01
4.700000000000000000e+02
4.300000000000000000e+02
2.420000000000000000e+02
1.941000000000000000e+03
9.050000000000000000e+02
6.200000000000000000e+02
1.830000000000000000e+03
1.852000000000000000e+03
2.390000000000000000e+02
2.900000000000000000e+01
8.400000000000000000e+02
1.621000000000000000e+03
1.079000000000000000e+03
1.945000000000000000e+03
1.576000000000000000e+03
1.650000000000000000e+02
1.505000000000000000e+03
1.093000000000000000e+03
1.146000000000000000e+03
6.410000000000000000e+02
5.460000000000000000e+02
1.400000000000000000e+02
7.330000000000000000e+02
1.661000000000000000e+03
4.190000000000000000e+02
9.300000000000000000e+02
6.830000000000000000e+02
6.840000000000000000e+02
1.613000000000000000e+03
6.530000000000000000e+02
1.580000000000000000e+02
2.750000000000000000e+02
9.920000000000000000e+02
6.060000000000000000e+02
2.870000000000000000e+02
1.105000000000000000e+03
3.230000000000000000e+02
3.560000000000000000e+02
1.981000000000000000e+03
1.694000000000000000e+03
6.900000000000000000e+02
4.290000000000000000e+02
7.800000000000000000e+01
1.210000000000000000e+03
1.301000000000000000e+03
6.250000000000000000e+02
1.513000000000000000e+03
1.481000000000000000e+03
1.496000000000000000e+03
1.401000000000000000e+03
5.820000000000000000e+02
1.385000000000000000e+03
5.580000000000000000e+02
7.740000000000000000e+02
7.600000000000000000e+02
3.420000000000000000e+02
1.765000000000000000e+03
1.324000000000000000e+03
4.900000000000000000e+01
1.737000000000000000e+03
1.444000000000000000e+03
4.830000000000000000e+02
9.880000000000000000e+02
5.630000000000000000e+02
1.854000000000000000e+03
1.304000000000000000e+03
