895
937
1594
1838
1978
650
1358
503
1471
250
1565
350
77
1095
1900
1247
640
1068
288
690
1311
938
1798
947
827
605
220
1277
1809
74
1846
1317
843
215
1729
1750
1608
1251
1262
247
417
1529
1694
1716
1222
942
386
1405
1241
834
219
1133
1175
1620
1437
1271
143
996
1003
674
702
1853
524
28
1691
1034
1045
1362
1065
1557
1531
759
1646
312
148
1697
126
494
1994
762
90
1752
1860
420
1114
1221
595
931
1707
1533
1645
867
293
393
1389
1107
87
1421
1575
1146
536
481
960
967
1446
483
775
617
1582
108
315
1647
842
1684
911
454
79
507
1598
644
346
514
1973
1961
1011
793
1478
68
1078
200
1881
96
1879
1957
1511
1504
800
88
1129
1966
917
1601
134
1028
1861
601
701
1429
1025
1352
31
1705
1715
1198
1663
145
747
1687
1345
1778
532
1153
1243
1001
193
1403
1824
854
1397
1910
982
1921
1593
228
480
1929
1569
1823
95
190
818
778
189
1269
1953
919
344
924
182
1106
999
302
394
950
1818
509
1024
1220
318
921
292
1869
1784
1465
1753
989
103
107
116
1116
830
1174
291
897
1930
819
908
1738
229
1101
287
756
614
1888
1871
424
502
1528
15
343
1420
447
351
526
1651
227
1248
812
1755
1877
745
647
1770
805
1655
544
24
1722
1181
1467
152
688
1695
80
626
452
1552
1993
1281
181
462
46
1799
870
1977
72
1063
969
891
955
1922
1947
1061
1515
1540
898
29
1032
322
66
2
811
905
94
1374
364
1937
1304
959
413
599
1230
1837
520
1808
1359
1164
550
378
824
