2.300000000000000000e+02
2.310000000000000000e+02
3.480000000000000000e+02
3.510000000000000000e+02
3.520000000000000000e+02
3.500000000000000000e+02
5.000000000000000000e+00
3.490000000000000000e+02
3.470000000000000000e+02
7.000000000000000000e+00
6.000000000000000000e+00
2.900000000000000000e+01
2.090000000000000000e+02
1.820000000000000000e+02
3.000000000000000000e+01
2.000000000000000000e+00
2.800000000000000000e+01
2.290000000000000000e+02
2.170000000000000000e+02
1.930000000000000000e+02
1.800000000000000000e+02
2.350000000000000000e+02
3.460000000000000000e+02
1.830000000000000000e+02
3.450000000000000000e+02
1.390000000000000000e+02
3.530000000000000000e+02
1.440000000000000000e+02
2.100000000000000000e+02
2.180000000000000000e+02
2.280000000000000000e+02
1.810000000000000000e+02
2.120000000000000000e+02
1.790000000000000000e+02
1.000000000000000000e+00
1.400000000000000000e+02
2.070000000000000000e+02
1.960000000000000000e+02
1.040000000000000000e+02
2.380000000000000000e+02
1.520000000000000000e+02
2.910000000000000000e+02
2.420000000000000000e+02
3.130000000000000000e+02
2.580000000000000000e+02
