-2.604826712289825541e-01 -1.412822656680904787e+00
-1.519906487713956533e+00 -1.685751878503051415e+00
-1.730498666863903079e+00 -2.049657507599246919e+00
-3.719726484260131860e-01 -1.672755248892473068e+00
-3.719726484260131860e-01 -1.880701322661727737e+00
-2.048451564796175184e+00 -2.049657507599246919e+00
-1.837859385646228860e+00 -2.140633914873296018e+00
-1.709852374790378882e+00 -2.257603581368501811e+00
-1.272716634669261541e-02 -1.113900175637601464e+00
6.572874353269884951e-02 -8.669642130366115307e-01
4.508245145917468694e-02 -8.669642130366115307e-01
-5.401975049374094229e-02 -8.019810649837194605e-01
-3.337345842021677972e-02 -7.240012873202489319e-01
-2.068023118378198577e-01 -1.009927138752974018e+00
-9.500688264846897102e-01 -1.347839508628012828e+00
-1.944145365937054726e-01 -1.100903546027022895e+00
-4.215237494024712817e-01 -8.669642130366115307e-01
-4.215237494024712817e-01 -8.669642130366115307e-01
-4.917211424524535746e-01 -6.460215096567784032e-01
-1.531219524466571613e-01 -1.113900175637601464e+00
-6.734085126994658888e-01 -1.256863101353963952e+00
-6.816670295288755899e-01 -1.308849619796277786e+00
-2.811289633025067514e-01 -8.149776945942979189e-01
-2.976459969613263201e-01 -1.204876582911650340e+00
-9.129055007523459997e-01 -1.360836138238591175e+00
-6.734085126994658888e-01 -1.100903546027022895e+00
-7.394766473347434976e-01 -1.360836138238591175e+00
-1.111109904658178493e+00 -1.620768730450159456e+00
-2.077356373699108971e+00 -1.594775471229002761e+00
-2.292077811263760534e+00 -1.594775471229002761e+00
-2.019546755893241397e+00 -1.789724915387678861e+00
-1.206082848196389445e+00 -1.776728285777100291e+00
-3.595848731818988009e-01 -9.059541018683467950e-01
-3.265508058642602740e-01 -5.420484727721512908e-01
-1.049171028437605901e+00 -6.980080280990921260e-01
-1.655097276907715464e-01 -6.720147688779354311e-01
-3.595848731818988009e-01 -7.629911761519841962e-01
-7.559936809935624558e-01 -1.022923768363552366e+00
-9.252932759964609399e-01 -1.503799063954953885e+00
-3.719726484260131860e-01 -1.217873212522228688e+00
-4.421700414759954234e-01 -8.669642130366115307e-01
-7.023133216023997871e-01 -1.490802434344375316e+00
-7.518644225788578828e-01 -1.672755248892473068e+00
-5.866940859906646377e-01 -1.828714804219414125e+00
-7.477351641641527547e-01 -1.802721544998257208e+00
-1.032653994778786499e+00 -1.815718174608835556e+00
-5.371429850142064311e-01 -1.542788952786688927e+00
-4.834626256230437624e-01 -1.217873212522228688e+00
-1.069817320511130099e+00 -1.724741767334786902e+00
-1.944145365937054726e-01 -1.841711433829992250e+00
-2.852582217172119350e-01 -1.230869842132807035e+00
-6.527622206259416915e-01 -1.100903546027022895e+00
-7.353473889200383695e-01 -1.178883323690493645e+00
-2.068023118378198577e-01 -1.074910286805866200e+00
-5.123674345259776608e-01 -1.165886694079914854e+00
-7.188303552612193004e-01 -1.243866471743385604e+00
3.671646078061521212e-01 -8.409709538154547248e-01
2.515453721944163057e-01 -6.850113984885137786e-01
6.933760225678334832e-01 -3.341023990028965662e-01
5.199471691502304260e-01 -4.120821766663670949e-01
-4.989049207903634153e-02 -6.980080280990921260e-01
-5.082381761112725327e-01 -8.799608426471899891e-01
-3.926189404995373278e-01 -8.539675834260330722e-01
-2.728704464730969392e-01 -1.178883323690493645e+00
-9.046469839229368537e-01 -1.282856360575120647e+00
2.226405632914829624e-01 -1.243866471743385604e+00
4.921170987387987056e-02 -9.579406203106604067e-01
1.978650128032536093e-01 -1.100903546027022895e+00
-2.026730534231152570e-01 -1.009927138752974018e+00
1.204838414153614617e-02 -9.969305091423956711e-01
2.432868553650071319e-01 -8.929574722577683366e-01
9.463355243563280339e-02 -4.380754358875238452e-01
4.703960681737729410e-01 -1.651462140653772448e-01
4.993008770767062843e-01 -4.640686951086807066e-01
-6.227826732315072666e-02 -5.160552135509943739e-01
-8.597907931988018129e-03 -2.691192509500044960e-01
-2.522241543995727975e-01 -3.211057693923182188e-01
1.854772375591392242e-01 -4.640686951086807066e-01
-4.256530078171758547e-01 -1.334842879017434480e+00
3.269467621506030874e-02 -1.282856360575120647e+00
8.213830334236836839e-01 -8.019810649837194605e-01
4.291034840267246020e-01 -5.940349912144649025e-01
4.508245145917468694e-02 -1.100903546027022895e+00
-1.242171435437232074e-01 -1.100903546027022895e+00
-4.576123366433115791e-02 -7.629911761519841962e-01
-9.118307622608466667e-02 -4.250788062769454978e-01
5.984030790296225311e-01 -6.200282504356217084e-01
1.854772375591392242e-01 -9.059541018683467950e-01
-3.719726484260131860e-01 -8.539675834260330722e-01
-7.105718384318095993e-01 -7.759878057625626546e-01
-6.981840631876952141e-01 -6.590181392673568617e-01
-1.346477634296353809e+00 -3.211057693923182188e-01
9.617778195236476035e-01 3.809970872142107428e-03
9.535193026942379024e-01 1.077830077567695083e-01
1.081526313550088103e+00 1.597695261990830784e-01
1.048492246232449521e+00 3.417223407471807750e-01
1.143465189770660473e+00 2.377493038625536348e-01
6.603419552501950118e-01 8.178974853561266078e-02
1.292118492700034205e+00 3.677155999683377474e-01
1.506839930264685767e+00 6.406448217904844311e-01
1.610071390632306532e+00 5.886583033481707083e-01
1.048492246232449521e+00 4.067054888000728452e-01
1.622459165876421361e+00 5.496684145164355551e-01
1.692656558926403099e+00 6.016549329587490558e-01
2.018867973688085016e+00 7.446178586751117656e-01
7.346686067148818777e-01 -2.171327325076908288e-01
4.084571919532004047e-01 -2.691192509500044960e-01
3.878108998796762630e-01 -1.911394732865340784e-01
5.984030790296225311e-01 6.879311892503417458e-02
5.653690117119839487e-01 3.027324519154456772e-01
1.052621504647154094e+00 5.236751552952786382e-01
1.634846941120535302e+00 5.626650441270140135e-01
9.865533700118770399e-01 2.980323009329895537e-02
8.750633928148463525e-01 -2.821158805605828990e-01
1.647234716364650131e+00 4.456953776318082205e-01
1.197145549161823253e+00 4.716886368529649154e-01
2.763209226826456866e-01 -1.651462140653772448e-01
3.423890573179227403e-01 -5.290518431615728323e-01
-3.337345842021677972e-02 -5.420484727721512908e-01
4.745253265884775140e-01 -2.821158805605828990e-01
8.172537750089785558e-01 1.727661558096615646e-01
1.766983210391090520e+00 3.547189703577594000e-01
1.523356963923505170e+00 3.417223407471807750e-01
5.747022670328965493e-02 -1.651462140653772448e-01
2.267698217061875632e-01 -1.911394732865340784e-01
-1.242171435437232074e-01 3.287257111366024276e-01
1.040233729403039709e+00 8.096010067280038358e-01
9.411315274501235173e-01 7.836077475068469189e-01
6.190493711031466173e-01 7.706111178962685715e-01
9.741655947677619887e-01 7.706111178962685715e-01
7.924782245207497855e-01 8.096010067280038358e-01
4.621375513443631289e-01 7.576144882856901130e-01
6.809882473237190981e-01 9.005774140020527119e-01
-5.814900890844612591e-02 6.536414514010627785e-01
-1.531219524466571613e-01 1.597695261990830784e-01
-6.227826732315072666e-02 2.637425630837103574e-01
9.050429402092820264e-02 7.966043771174252663e-01
3.795523830502665064e-01 2.247526742519752596e-01
8.791926512295510365e-01 7.446178586751117656e-01
2.101453141982181805e+00 1.264483043098248105e+00
1.787629502464614717e+00 1.368456079982875551e+00
2.019942712179587929e-01 1.095526858160728700e+00
9.246144937913045592e-01 1.342462820761718412e+00
8.585463591560268393e-01 1.875324634795433543e+00
1.399479211482360208e+00 1.914314523627168807e+00
1.226050358064757262e+00 9.005774140020527119e-01
-1.685642476139780077e-02 1.207796373673478696e-01
-3.926189404995373278e-01 3.937088591894944978e-01
7.181515730560629196e-01 5.236751552952786382e-01
8.048659997648641706e-01 4.197021184106514702e-01
6.396956631766708146e-01 4.846852664635435404e-01
6.273078879325564294e-01 5.366717849058569856e-01
1.923895030149873620e+00 8.225976363385821832e-01
1.506839930264685767e+00 9.005774140020527119e-01
1.081526313550088103e+00 5.366717849058569856e-01
1.172369998673594482e+00 6.276481921799059727e-01
5.612397532972788206e-01 3.677155999683377474e-01
6.159948511799425569e-02 3.027324519154456772e-01
3.682393462976549237e-02 5.366717849058569856e-01
5.777567869560983338e-01 4.716886368529649154e-01
5.334096828858447131e-02 7.186245994539548487e-01
3.134842484149887865e-01 6.016549329587490558e-01
6.851175057384237821e-01 6.406448217904844311e-01
6.149201126884420443e-01 1.069533598939572006e+00
8.213830334236836839e-01 1.407445968814610371e+00
8.224577719151841826e-02 1.030543710107836741e+00
-1.613804692760669457e-01 8.485908955597389891e-01
7.966074829354543585e-01 1.056536969328993436e+00
7.346686067148818777e-01 1.537412264920394511e+00
3.671646078061521212e-01 7.056279698433765013e-01
-2.150608286672296421e-01 2.897358223048673298e-01
-1.902852781790002890e-01 2.507459334731320100e-01
-2.646119296436877377e-01 2.980323009329895537e-02
-6.321159285524174942e-01 1.467728965885047310e-01
1.937357543885490085e-01 5.756616737375923609e-01
7.398726036210863388e-02 8.096010067280038358e-01
7.387978651295870058e-01 8.745841547808959060e-01
4.414912592708389871e-01 8.745841547808959060e-01
1.246696650138281237e+00 1.147513376603042756e+00
1.870214670758711506e+00 1.355459450372296981e+00
2.142745726129230199e+00 1.511419005699237816e+00
1.800017277708728658e+00 1.472429116867502552e+00
2.435923073573273090e+00 1.511419005699237816e+00
2.080806849908657608e+00 1.420442598425189162e+00
9.906826284265816129e-01 1.238489783877091410e+00
7.919125726831547155e-03 1.277479672708826230e+00
-2.728704464730969392e-01 1.095526858160728700e+00
-6.238574117230076821e-01 5.886583033481707083e-01
-6.568914790406468196e-01 4.197021184106514702e-01
-3.389385811083746036e-01 4.456953776318082205e-01
-1.035708514701990518e-01 5.366717849058569856e-01
-1.572512108613617621e-01 6.146515625693276252e-01
3.176135068296939701e-01 1.134516746992463965e+00
2.109711658811590951e+00 1.576402153752129998e+00
9.824241115971718008e-01 1.628388672194443831e+00
3.589060909767423091e-01 1.277479672708826230e+00
1.502710671849980972e+00 1.615392042583865262e+00
1.238438133308871647e+00 6.536414514010627785e-01
-9.831028938023282926e-01 1.857627854202399398e-01
-6.114696364788932970e-01 5.626650441270140135e-01
5.334096828858447131e-02 1.147513376603042756e+00
1.081526313550088103e+00 1.654381931415600526e+00
1.060880021476563906e+00 1.472429116867502552e+00
1.648309454856150824e-01 1.277479672708826230e+00
-6.321159285524174942e-01 9.265706732232094067e-01
-8.468373661170689459e-01 7.056279698433765013e-01
2.061235296326633937e-01 9.915538212761014769e-01
1.795888019294023863e+00 1.329466191151140286e+00
3.712938662208566942e-01 9.655605620549446710e-01
2.501991208208550255e+00 1.446435857646345857e+00
2.072548333079247129e+00 1.082530228550150575e+00
7.264100898854720656e-01 9.395673028337879762e-01
1.795888019294023863e+00 1.472429116867502552e+00
8.213830334236836839e-01 9.525639324443663236e-01
-1.007878444290557729e+00 5.886583033481707083e-01
8.007367413501594866e-01 8.745841547808959060e-01
1.316894043188263641e+00 1.173506635824199451e+00
2.217072377593916510e+00 1.433439228035767732e+00
1.779370985635204461e+00 1.524415635309816386e+00
1.370574402579425755e+00 1.017547080497258394e+00
7.883489661060445464e-01 1.069533598939572006e+00
4.456205176855435601e-01 1.004550450886680046e+00
2.969672147561698283e-01 1.095526858160728700e+00
1.070213276797471746e-01 1.186503265434777576e+00
-2.398363791554584123e-01 1.355459450372296981e+00
-9.418103096552800091e-01 1.290476302319405022e+00
7.924782245207497855e-01 1.563405524141551872e+00
8.750633928148463525e-01 1.849331375574276848e+00
1.473805862947046519e+00 1.810341486742541361e+00
2.035385007346904640e+00 1.758354968300227972e+00
2.935563341752557509e+00 1.979297671680060988e+00
2.729100421017315981e+00 2.187243745449315213e+00
1.432513278799998124e+00 1.381452709593453676e+00
2.391575969503019483e-01 9.135740436126310593e-01
4.910423602472970828e-01 9.915538212761014769e-01
2.027126490517494162e+00 1.628388672194443831e+00
1.031975212573629896e+00 1.082530228550150575e+00
6.149201126884420443e-01 1.069533598939572006e+00
1.651363974779354926e+00 1.407445968814610371e+00
8.626756175707319674e-01 1.212496524655934715e+00
-6.403744453818273064e-01 5.756616737375923609e-01
3.010964731708744568e-01 6.926313402327980429e-01
1.717432109414631869e+00 1.160510006213620882e+00
1.424254761970588978e+00 1.407445968814610371e+00
-1.902852781790002890e-01 9.655605620549446710e-01
-4.132652325730615250e-01 8.875807843914742534e-01
-8.261910740435447487e-01 3.677155999683377474e-01
-7.848984898964964652e-01 1.077830077567695083e-01
-3.761019068407177590e-01 4.197021184106514702e-01
1.400553949973863122e-01 9.265706732232094067e-01
1.023716695744220084e+00 1.212496524655934715e+00
1.155852965014774858e+00 1.108523487771307270e+00
1.498581413435276399e+00 1.004550450886680046e+00
9.824241115971718008e-01 6.146515625693276252e-01
-2.811289633025067514e-01 5.626650441270140135e-01
1.730894623150248390e-01 5.366717849058569856e-01
-9.087762423376414267e-01 5.579648931445580634e-02
-1.519906487713956533e+00 1.207796373673478696e-01
-1.982383430160897797e+00 4.456953776318082205e-01
-1.206082848196389445e+00 6.796347106222196954e-01
-8.922592086788218024e-01 7.576144882856901130e-01
-7.879530098197029542e-02 7.576144882856901130e-01
8.637503560622301901e-02 7.316212290645331962e-01
3.258720236591037822e-01 9.265706732232094067e-01
8.172537750089785558e-01 9.265706732232094067e-01
1.011328920500105699e+00 9.395673028337879762e-01
1.283859975870624393e+00 9.525639324443663236e-01
4.951716186620016558e-01 7.316212290645331962e-01
-7.601229394082676949e-01 6.276481921799059727e-01
-2.924420000551218243e-02 7.576144882856901130e-01
7.594441572031112031e-01 8.615875251703173365e-01
7.553148987884059640e-01 8.875807843914742534e-01
9.535193026942379024e-01 8.096010067280038358e-01
9.865533700118770399e-01 7.056279698433765013e-01
-5.701770523318450135e-01 2.247526742519752596e-01
-4.297822662318810383e-01 3.027324519154456772e-01
-3.348093226936694200e-01 3.807122295789161504e-01
-3.389385811083746036e-01 5.626650441270140135e-01
3.671646078061521212e-01 1.069533598939572006e+00
7.677026740325203491e-01 1.459432487256924427e+00
2.887086979267600717e-01 7.706111178962685715e-01
-1.115239163072883066e+00 5.756616737375923609e-01
-8.509666245317735189e-01 4.586920072423865680e-01
-7.105718384318095993e-01 2.117560446413966624e-01
-9.707151185582139075e-01 -2.561226213394261486e-01
-8.922592086788218024e-01 -4.250788062769454978e-01
-1.123497679902292878e+00 -7.889844353731410020e-01
-1.437321319419859966e+00 -1.152890064469336506e+00
-9.748443769729184805e-01 -8.019810649837194605e-01
-1.350606892711058604e+00 -8.669642130366115307e-01
-1.354736151125763177e+00 -9.709372499212388652e-01
-1.936961587599144607e+00 -9.449439907000820593e-01
-3.884896820848327548e-01 -4.510720654981023037e-01
-8.220618156288401757e-01 1.727661558096615646e-01
-4.752041087936340058e-01 1.077830077567695083e-01
-7.807692314817918922e-01 -1.521495844547987586e-01
-4.339115246465856668e-01 -2.218328834901462515e-02
-1.251504690758142413e+00 2.507459334731320100e-01
-7.848984898964964652e-01 -9.186658738436258645e-03
-6.857962879435801629e-01 -6.117317718074995886e-02
4.921170987387987056e-02 4.586920072423865680e-01
3.423890573179227403e-01 5.886583033481707083e-01
-8.674836581905930322e-01 -3.081091397817397604e-01
-3.761019068407177590e-01 1.680660048272059059e-02
1.152798445091569590e-01 3.677155999683377474e-01
-3.719726484260131860e-01 -3.341023990028965662e-01
-9.376810512405753251e-01 -5.810383616038863330e-01
-6.899255463582854020e-01 -3.860889174452102335e-01
-8.798714334347074173e-01 -5.940349912144649025e-01
-1.251504690758142413e+00 -6.720147688779354311e-01
-6.362451869671227334e-01 -7.499945465414058487e-01
-1.334089859052238980e+00 -8.799608426471899891e-01
-1.763532734181541883e+00 -9.319473610895034899e-01
-1.895669003452096435e+00 -9.579406203106604067e-01
-1.610750172837462912e+00 -8.669642130366115307e-01
-1.123497679902292878e+00 -3.600956582240534276e-01
-1.230858398684618216e+00 5.579648931445580634e-02
-8.922592086788218024e-01 8.178974853561266078e-02
-9.831028938023282926e-01 -1.131596956230635359e-01
-1.268021724416962037e+00 2.637425630837103574e-01
-1.239116915514028028e+00 5.236751552952786382e-01
-9.129055007523459997e-01 1.207796373673478696e-01
-1.012007702705262302e+00 1.597695261990830784e-01
-8.757421750200028443e-01 5.366717849058569856e-01
-7.312181305053336855e-01 2.637425630837103574e-01
-3.306800642789648470e-01 -2.218328834901462515e-02
-6.899255463582854020e-01 -3.211057693923182188e-01
-6.279866701377129212e-01 -1.521495844547987586e-01
-4.999796592818627761e-01 -2.218328834901462515e-02
-5.701770523318450135e-01 -3.081091397817397604e-01
-3.678433900113085575e-01 -5.030585839404159154e-01
-4.875918840377483909e-01 -4.250788062769454978e-01
-5.866940859906646377e-01 -3.600956582240534276e-01
-4.958504008671581476e-01 -9.449439907000820593e-01
-8.509666245317735189e-01 -1.048917027584709505e+00
-1.284538758075780995e+00 -1.087906916416444547e+00
-1.218470623440503831e+00 -6.980080280990921260e-01
-5.082381761112725327e-01 -1.035920397974130713e+00
-8.385788492876591338e-01 -8.929574722577683366e-01
-6.527622206259416915e-01 -3.341023990028965662e-01
-1.069817320511130099e+00 -1.651462140653772448e-01
-4.173944909877660980e-01 -7.759878057625626546e-01
-7.518644225788578828e-01 -8.019810649837194605e-01
-8.427081077023643729e-01 -4.120821766663670949e-01
-9.335517928258701970e-01 -9.189507314789251424e-01
-2.040193047966765594e+00 -1.256863101353963952e+00
-1.854376419305048040e+00 -1.607772100839581109e+00
-2.188846350896139548e+00 -1.841711433829992250e+00
-2.341628912240218519e+00 -2.036660877988668350e+00
-2.015417497478536379e+00 -2.062654137209825933e+00
-2.036063789552060577e+00 -2.062654137209825933e+00
-2.292077811263760534e+00 -2.088647396430982628e+00
-1.548811296616890543e+00 -2.569522692022383481e+00
-7.601229394082676949e-01 -2.192620433315609851e+00
-6.321159285524174942e-01 -1.269859730964542299e+00
-6.279866701377129212e-01 -5.160552135509943739e-01
-4.504285583054052355e-01 -9.319473610895034899e-01
-6.899255463582854020e-01 -6.590181392673568617e-01
-4.050067157436517129e-01 -8.149776945942979189e-01
-5.495307602583208162e-01 -1.321846249406856133e+00
-5.660477939171404405e-01 -1.074910286805866200e+00
-5.825648275759593986e-01 -1.087906916416444547e+00
-5.825648275759593986e-01 -4.640686951086807066e-01
-5.619185355024352013e-01 -3.341023990028965662e-01
-6.486329622112371185e-01 -6.200282504356217084e-01
