951
1703
1137
1416
306
1082
1519
627
74
1809
1879
354
767
1055
1908
57
209
759
1502
393
1736
1332
1946
92
1967
41
959
1706
574
225
464
559
1145
593
777
1897
1500
347
1178
1837
1538
380
1323
692
1275
545
687
946
95
1630
1111
1306
1896
304
1627
257
538
431
177
1098
1731
811
202
934
1377
1448
1862
104
1400
1671
553
1352
1016
1027
377
1117
1404
1121
1230
1912
837
1321
628
911
67
166
1326
1593
250
292
1322
1568
1984
401
518
1518
133
1917
678
535
42
797
900
1268
1385
1584
1705
1905
1906
926
1687
1729
1919
47
134
213
1891
1368
1985
1080
1564
1642
989
1430
1622
1910
499
1373
1554
1394
447
1717
211
1387
1477
1160
1313
1126
1266
549
568
1022
32
485
717
1435
1720
1825
898
1688
98
1721
1240
409
697
864
1431
1209
340
961
1899
657
235
358
1472
128
992
1225
1909
1092
1227
1479
383
522
1933
844
933
1754
1324
1250
1586
1915
452
1173
878
1449
1782
689
412
1203
402
1057
814
840
910
1407
1815
909
276
681
1143
1177
921
1417
1810
1994
1162
1635
414
1363
1523
1778
1963
1955
381
1440
1163
1647
555
1001
1882
206
14
1380
43
1146
1525
707
1187
274
379
320
812
886
1032
1507
1846
82
1442
1549
1900
669
1051
987
469
1064
1168
1325
935
1670
1201
1573
400
1374
1819
595
60
1010
1640
1945
210
556
1566
1853
227
1127
1457
1626
1847
903
1190
1811
1078
1242
718
477
1790
547
1784
361
928
1965
1927
1300
117
1062
388
988
1320
1509
1314
373
1198
1342
1848
73
446
1258
998
1195
