-1.036627170846973645e+00 7.490348825075618944e-01
-1.036627170846973645e+00 1.467572813492968864e+00
-1.036627170846973645e+00 1.331452273772131545e-01
-1.036627170846973645e+00 1.844693653047422277e-01
-1.036627170846973645e+00 -9.446616691008971056e-01
-1.036627170846973645e+00 -8.933375311733681157e-01
-8.866119133208805181e-01 -5.340685656806646309e-01
-8.866119133208805181e-01 -4.827444277531355854e-01
-8.866119133208805181e-01 -4.314202898256065399e-01
-8.866119133208805181e-01 -2.774478760430193480e-01
-8.866119133208805181e-01 -8.933375311733681157e-01
-8.866119133208805181e-01 -6.880409794632518228e-01
-8.866119133208805181e-01 1.570221089348026844e+00
-8.866119133208805181e-01 -2.774478760430193480e-01
-8.866119133208805181e-01 -7.215132433290308289e-02
-8.866119133208805181e-01 -5.340685656806646309e-01
-8.866119133208805181e-01 -3.800961518980774390e-01
-8.866119133208805181e-01 -6.880409794632518228e-01
-8.866119133208805181e-01 -5.340685656806646309e-01
-8.866119133208805181e-01 -9.959858070284262066e-01
-8.866119133208805181e-01 2.357935032322712732e-01
-8.866119133208805181e-01 2.357935032322712732e-01
-8.866119133208805181e-01 -3.800961518980774390e-01
-8.866119133208805181e-01 -6.367168415357227218e-01
-8.866119133208805181e-01 8.516831583626199853e-01
-8.866119133208805181e-01 -3.287720139705483935e-01
-8.866119133208805181e-01 -1.234754622604321422e-01
-8.866119133208805181e-01 -5.340685656806646309e-01
-8.866119133208805181e-01 -6.880409794632518228e-01
-8.866119133208805181e-01 3.049695152215503927e-02
-8.866119133208805181e-01 -1.234754622604321422e-01
-8.866119133208805181e-01 3.049695152215503927e-02
-8.866119133208805181e-01 8.182108944968409514e-02
-8.866119133208805181e-01 -1.234754622604321422e-01
-8.866119133208805181e-01 -4.314202898256065399e-01
-8.866119133208805181e-01 6.394690054535757895e+00
-8.866119133208805181e-01 8.516831583626199853e-01
-8.866119133208805181e-01 -8.420133932458390147e-01
-8.866119133208805181e-01 -2.774478760430193480e-01
-8.866119133208805181e-01 -3.287720139705483935e-01
-8.866119133208805181e-01 1.929490054840730329e+00
-8.866119133208805181e-01 -2.261237381154902748e-01
-8.866119133208805181e-01 -6.367168415357227218e-01
-8.866119133208805181e-01 -6.367168415357227218e-01
-8.866119133208805181e-01 -2.774478760430193480e-01
-8.866119133208805181e-01 -5.853927036081937318e-01
-8.866119133208805181e-01 -8.420133932458390147e-01
-8.866119133208805181e-01 -7.215132433290308289e-02
-8.866119133208805181e-01 -3.287720139705483935e-01
-8.866119133208805181e-01 -7.215132433290308289e-02
-8.866119133208805181e-01 -5.853927036081937318e-01
-8.866119133208805181e-01 -3.287720139705483935e-01
-8.866119133208805181e-01 1.724193503130614147e+00
-8.866119133208805181e-01 -9.959858070284262066e-01
-8.866119133208805181e-01 -4.827444277531355854e-01
-8.866119133208805181e-01 -3.800961518980774390e-01
-8.866119133208805181e-01 -4.827444277531355854e-01
-8.866119133208805181e-01 -5.340685656806646309e-01
-8.866119133208805181e-01 -2.261237381154902748e-01
-8.866119133208805181e-01 -3.287720139705483935e-01
-8.866119133208805181e-01 1.331452273772131545e-01
-8.866119133208805181e-01 -8.420133932458390147e-01
-8.866119133208805181e-01 -1.355254772521129691e+00
-8.866119133208805181e-01 -7.906892553183099137e-01
-7.365966557947873916e-01 8.182108944968409514e-02
-7.365966557947873916e-01 -2.261237381154902748e-01
-7.365966557947873916e-01 -1.303930634593600590e+00
-7.365966557947873916e-01 -2.261237381154902748e-01
-7.365966557947873916e-01 -5.853927036081937318e-01
-7.365966557947873916e-01 -7.393651173907809238e-01
-4.365661407426012497e-01 -7.215132433290308289e-02
-4.365661407426012497e-01 2.357935032322712732e-01
-4.365661407426012497e-01 -1.747996001879612016e-01
-4.365661407426012497e-01 1.844693653047422277e-01
-4.365661407426012497e-01 -5.340685656806646309e-01
-4.365661407426012497e-01 -5.853927036081937318e-01
-4.365661407426012497e-01 6.463866066525038034e-01
-4.365661407426012497e-01 -1.234754622604321422e-01
-4.365661407426012497e-01 -1.098634082883484409e+00
-4.365661407426012497e-01 -1.747996001879612016e-01
-4.365661407426012497e-01 1.844693653047422277e-01
-4.365661407426012497e-01 5.437383307974456015e-01
-4.365661407426012497e-01 5.950624687249747025e-01
-4.365661407426012497e-01 -4.827444277531355854e-01
-4.365661407426012497e-01 -2.082718640537402355e-02
-4.365661407426012497e-01 -4.827444277531355854e-01
-4.365661407426012497e-01 1.331452273772131545e-01
-4.365661407426012497e-01 -6.880409794632518228e-01
-1.365356256904151078e-01 -4.314202898256065399e-01
-1.365356256904151078e-01 -5.340685656806646309e-01
-1.365356256904151078e-01 -1.747996001879612016e-01
-1.365356256904151078e-01 -5.340685656806646309e-01
-1.365356256904151078e-01 7.490348825075618944e-01
-1.365356256904151078e-01 -3.800961518980774390e-01
-1.365356256904151078e-01 5.950624687249747025e-01
-1.365356256904151078e-01 -3.800961518980774390e-01
-1.365356256904151078e-01 8.182108944968409514e-02
-1.365356256904151078e-01 -3.800961518980774390e-01
-1.365356256904151078e-01 -2.261237381154902748e-01
-1.365356256904151078e-01 -2.261237381154902748e-01
-1.365356256904151078e-01 -2.774478760430193480e-01
-1.365356256904151078e-01 -6.367168415357227218e-01
1.634948893617710342e-01 -4.314202898256065399e-01
1.634948893617710342e-01 -6.367168415357227218e-01
1.634948893617710342e-01 -2.774478760430193480e-01
1.634948893617710342e-01 -1.747996001879612016e-01
1.634948893617710342e-01 3.384417790873294196e-01
1.634948893617710342e-01 1.331452273772131545e-01
1.634948893617710342e-01 -6.880409794632518228e-01
1.634948893617710342e-01 -7.215132433290308289e-02
1.634948893617710342e-01 -4.314202898256065399e-01
1.634948893617710342e-01 -1.234754622604321422e-01
1.634948893617710342e-01 -2.261237381154902748e-01
1.634948893617710342e-01 -3.287720139705483935e-01
1.634948893617710342e-01 1.844693653047422277e-01
1.634948893617710342e-01 -9.959858070284262066e-01
1.634948893617710342e-01 -5.853927036081937318e-01
1.634948893617710342e-01 -6.880409794632518228e-01
1.634948893617710342e-01 -7.906892553183099137e-01
1.634948893617710342e-01 -7.906892553183099137e-01
1.634948893617710342e-01 9.030072962901490863e-01
1.634948893617710342e-01 -6.880409794632518228e-01
1.634948893617710342e-01 -8.420133932458390147e-01
1.634948893617710342e-01 -8.420133932458390147e-01
1.634948893617710342e-01 -7.215132433290308289e-02
1.634948893617710342e-01 -1.047309944955955308e+00
1.634948893617710342e-01 -3.287720139705483935e-01
1.634948893617710342e-01 -1.234754622604321422e-01
1.634948893617710342e-01 -5.853927036081937318e-01
1.634948893617710342e-01 -5.853927036081937318e-01
4.635254044139571761e-01 -4.827444277531355854e-01
4.635254044139571761e-01 -2.261237381154902748e-01
4.635254044139571761e-01 8.516831583626199853e-01
4.635254044139571761e-01 4.239076261579537430e+00
4.635254044139571761e-01 -7.906892553183099137e-01
4.635254044139571761e-01 -4.827444277531355854e-01
4.635254044139571761e-01 -7.393651173907809238e-01
4.635254044139571761e-01 -4.827444277531355854e-01
4.635254044139571761e-01 -2.774478760430193480e-01
4.635254044139571761e-01 -6.880409794632518228e-01
7.635559194661433180e-01 -1.047309944955955308e+00
7.635559194661433180e-01 -2.261237381154902748e-01
7.635559194661433180e-01 -2.774478760430193480e-01
7.635559194661433180e-01 3.384417790873294196e-01
7.635559194661433180e-01 -8.933375311733681157e-01
7.635559194661433180e-01 3.384417790873294196e-01
7.635559194661433180e-01 2.032138330695788309e+00
7.635559194661433180e-01 1.724193503130614147e+00
7.635559194661433180e-01 -5.340685656806646309e-01
7.635559194661433180e-01 -2.774478760430193480e-01
7.635559194661433180e-01 1.878165916913201228e+00
7.635559194661433180e-01 -1.747996001879612016e-01
7.635559194661433180e-01 -9.446616691008971056e-01
7.635559194661433180e-01 -1.098634082883484409e+00
7.635559194661433180e-01 -7.215132433290308289e-02
7.635559194661433180e-01 2.357935032322712732e-01
7.635559194661433180e-01 2.904648675463782581e+00
7.635559194661433180e-01 1.364924537637910662e+00
7.635559194661433180e-01 2.871176411598003742e-01
7.635559194661433180e-01 -6.880409794632518228e-01
7.635559194661433180e-01 -4.827444277531355854e-01
7.635559194661433180e-01 -6.367168415357227218e-01
7.635559194661433180e-01 -5.340685656806646309e-01
7.635559194661433180e-01 3.049695152215503927e-02
7.635559194661433180e-01 -5.853927036081937318e-01
7.635559194661433180e-01 -3.287720139705483935e-01
1.063586434518329460e+00 2.032138330695788309e+00
1.063586434518329460e+00 1.416248675565439763e+00
1.063586434518329460e+00 1.416248675565439763e+00
1.363616949570515713e+00 -7.215132433290308289e-02
1.363616949570515713e+00 1.331452273772131545e-01
1.363616949570515713e+00 5.950624687249747025e-01
1.363616949570515713e+00 -4.314202898256065399e-01
1.363616949570515713e+00 -6.367168415357227218e-01
1.363616949570515713e+00 2.391407296188492015e+00
1.363616949570515713e+00 -7.215132433290308289e-02
1.363616949570515713e+00 -2.774478760430193480e-01
1.363616949570515713e+00 -6.880409794632518228e-01
1.363616949570515713e+00 2.802000399608724379e+00
1.363616949570515713e+00 -2.261237381154902748e-01
1.363616949570515713e+00 1.467572813492968864e+00
1.663647464622701744e+00 -4.314202898256065399e-01
1.963677979674887997e+00 2.853324537536253480e+00
1.963677979674887997e+00 -4.314202898256065399e-01
1.963677979674887997e+00 3.049695152215503927e-02
1.963677979674887997e+00 1.005655572145207177e+00
2.563739009779260503e+00 1.159627985927794480e+00
2.563739009779260503e+00 -4.314202898256065399e-01
3.763861069988005070e+00 4.410900549423875106e-01
4.963983130196749194e+00 2.596703847898607975e+00
-1.036627170846973645e+00 -2.774478760430193480e-01
-1.036627170846973645e+00 -3.800961518980774390e-01
-1.036627170846973645e+00 5.437383307974456015e-01
-8.866119133208805181e-01 -1.747996001879612016e-01
-8.866119133208805181e-01 -6.880409794632518228e-01
-8.866119133208805181e-01 -2.774478760430193480e-01
-8.866119133208805181e-01 -1.747996001879612016e-01
-8.866119133208805181e-01 3.049695152215503927e-02
-8.866119133208805181e-01 -2.082718640537402355e-02
-8.866119133208805181e-01 -2.261237381154902748e-01
-8.866119133208805181e-01 -5.853927036081937318e-01
-8.866119133208805181e-01 -1.747996001879612016e-01
-8.866119133208805181e-01 4.924141928699166115e-01
-8.866119133208805181e-01 3.384417790873294196e-01
-8.866119133208805181e-01 2.357935032322712732e-01
-8.866119133208805181e-01 -3.800961518980774390e-01
-8.866119133208805181e-01 -3.287720139705483935e-01
-8.866119133208805181e-01 -5.853927036081937318e-01
-8.866119133208805181e-01 1.331452273772131545e-01
-8.866119133208805181e-01 -6.880409794632518228e-01
-8.866119133208805181e-01 -2.082718640537402355e-02
-8.866119133208805181e-01 -3.287720139705483935e-01
-8.866119133208805181e-01 1.844693653047422277e-01
-8.866119133208805181e-01 -6.880409794632518228e-01
-8.866119133208805181e-01 -3.800961518980774390e-01
-8.866119133208805181e-01 -1.747996001879612016e-01
-8.866119133208805181e-01 -9.959858070284262066e-01
-8.866119133208805181e-01 5.437383307974456015e-01
-8.866119133208805181e-01 -7.215132433290308289e-02
-8.866119133208805181e-01 2.357935032322712732e-01
-8.866119133208805181e-01 -1.234754622604321422e-01
-8.866119133208805181e-01 -6.367168415357227218e-01
-8.866119133208805181e-01 -4.314202898256065399e-01
-8.866119133208805181e-01 -5.853927036081937318e-01
-8.866119133208805181e-01 -9.446616691008971056e-01
-8.866119133208805181e-01 -6.367168415357227218e-01
-8.866119133208805181e-01 5.437383307974456015e-01
-8.866119133208805181e-01 1.108303848000265379e+00
-8.866119133208805181e-01 3.897659170148584651e-01
-8.866119133208805181e-01 2.871176411598003742e-01
-8.866119133208805181e-01 -2.082718640537402355e-02
-8.866119133208805181e-01 -2.082718640537402355e-02
-8.866119133208805181e-01 6.035421089043055076e+00
-8.866119133208805181e-01 -5.340685656806646309e-01
-8.866119133208805181e-01 -6.880409794632518228e-01
-8.866119133208805181e-01 -2.774478760430193480e-01
-8.866119133208805181e-01 -6.367168415357227218e-01
-8.866119133208805181e-01 -2.774478760430193480e-01
-8.866119133208805181e-01 -8.420133932458390147e-01
-8.866119133208805181e-01 -7.393651173907809238e-01
-8.866119133208805181e-01 -7.906892553183099137e-01
-8.866119133208805181e-01 -8.933375311733681157e-01
-8.866119133208805181e-01 -2.261237381154902748e-01
-7.365966557947873916e-01 1.331452273772131545e-01
-7.365966557947873916e-01 8.182108944968409514e-02
-7.365966557947873916e-01 -4.827444277531355854e-01
-7.365966557947873916e-01 -3.800961518980774390e-01
-7.365966557947873916e-01 8.182108944968409514e-02
-7.365966557947873916e-01 -1.234754622604321422e-01
-7.365966557947873916e-01 7.490348825075618944e-01
-7.365966557947873916e-01 -4.827444277531355854e-01
-7.365966557947873916e-01 3.049695152215503927e-02
-7.365966557947873916e-01 -3.287720139705483935e-01
-7.365966557947873916e-01 5.437383307974456015e-01
-4.365661407426012497e-01 6.463866066525038034e-01
-4.365661407426012497e-01 1.331452273772131545e-01
-4.365661407426012497e-01 -3.287720139705483935e-01
-4.365661407426012497e-01 -1.234754622604321422e-01
-4.365661407426012497e-01 3.049695152215503927e-02
-4.365661407426012497e-01 -1.234754622604321422e-01
-4.365661407426012497e-01 2.032138330695788309e+00
-4.365661407426012497e-01 -6.367168415357227218e-01
-4.365661407426012497e-01 1.331452273772131545e-01
-4.365661407426012497e-01 -6.367168415357227218e-01
-4.365661407426012497e-01 3.384417790873294196e-01
-4.365661407426012497e-01 -2.082718640537402355e-02
-4.365661407426012497e-01 -8.420133932458390147e-01
-4.365661407426012497e-01 -2.261237381154902748e-01
-4.365661407426012497e-01 3.384417790873294196e-01
-4.365661407426012497e-01 -5.340685656806646309e-01
-4.365661407426012497e-01 -1.098634082883484409e+00
-1.365356256904151078e-01 3.897659170148584651e-01
-1.365356256904151078e-01 -9.446616691008971056e-01
-1.365356256904151078e-01 -5.340685656806646309e-01
-1.365356256904151078e-01 -4.827444277531355854e-01
-1.365356256904151078e-01 2.357935032322712732e-01
-1.365356256904151078e-01 3.049695152215503927e-02
-1.365356256904151078e-01 2.699352123753666177e+00
1.634948893617710342e-01 -2.774478760430193480e-01
1.634948893617710342e-01 -1.747996001879612016e-01
1.634948893617710342e-01 -7.215132433290308289e-02
1.634948893617710342e-01 8.182108944968409514e-02
1.634948893617710342e-01 -5.340685656806646309e-01
1.634948893617710342e-01 -6.880409794632518228e-01
1.634948893617710342e-01 -4.827444277531355854e-01
1.634948893617710342e-01 2.391407296188492015e+00
1.634948893617710342e-01 -9.959858070284262066e-01
1.634948893617710342e-01 -1.747996001879612016e-01
1.634948893617710342e-01 8.003590204350909953e-01
1.634948893617710342e-01 -6.880409794632518228e-01
1.634948893617710342e-01 3.049695152215503927e-02
1.634948893617710342e-01 -5.853927036081937318e-01
1.634948893617710342e-01 -8.420133932458390147e-01
1.634948893617710342e-01 -7.215132433290308289e-02
1.634948893617710342e-01 1.108303848000265379e+00
1.634948893617710342e-01 -7.906892553183099137e-01
1.634948893617710342e-01 -4.314202898256065399e-01
1.634948893617710342e-01 1.331452273772131545e-01
1.634948893617710342e-01 -3.800961518980774390e-01
1.634948893617710342e-01 6.343365916608229682e+00
4.635254044139571761e-01 3.897659170148584651e-01
4.635254044139571761e-01 -1.047309944955955308e+00
4.635254044139571761e-01 -5.340685656806646309e-01
4.635254044139571761e-01 -8.420133932458390147e-01
4.635254044139571761e-01 8.516831583626199853e-01
4.635254044139571761e-01 -2.774478760430193480e-01
4.635254044139571761e-01 1.331452273772131545e-01
7.635559194661433180e-01 5.437383307974456015e-01
7.635559194661433180e-01 -7.906892553183099137e-01
7.635559194661433180e-01 3.049695152215503927e-02
7.635559194661433180e-01 1.056979710072736278e+00
7.635559194661433180e-01 6.463866066525038034e-01
7.635559194661433180e-01 -9.959858070284262066e-01
7.635559194661433180e-01 -3.287720139705483935e-01
7.635559194661433180e-01 3.897659170148584651e-01
7.635559194661433180e-01 1.416248675565439763e+00
7.635559194661433180e-01 3.725834882304247309e+00
7.635559194661433180e-01 -1.047309944955955308e+00
7.635559194661433180e-01 -1.747996001879612016e-01
7.635559194661433180e-01 -4.827444277531355854e-01
7.635559194661433180e-01 -7.393651173907809238e-01
1.063586434518329460e+00 -2.082718640537402355e-02
1.063586434518329460e+00 1.844693653047422277e-01
1.063586434518329460e+00 -9.446616691008971056e-01
1.363616949570515713e+00 1.331452273772131545e-01
1.363616949570515713e+00 2.340083158260962914e+00
1.363616949570515713e+00 8.003590204350909953e-01
1.363616949570515713e+00 2.871176411598003742e-01
1.363616949570515713e+00 -1.234754622604321422e-01
1.363616949570515713e+00 -6.367168415357227218e-01
1.363616949570515713e+00 -5.340685656806646309e-01
1.363616949570515713e+00 -6.880409794632518228e-01
1.363616949570515713e+00 -2.774478760430193480e-01
1.663647464622701744e+00 1.313600399710381561e+00
1.963677979674887997e+00 7.490348825075618944e-01
1.963677979674887997e+00 3.384417790873294196e-01
1.963677979674887997e+00 -5.340685656806646309e-01
1.963677979674887997e+00 2.357935032322712732e-01
1.963677979674887997e+00 -7.906892553183099137e-01
1.963677979674887997e+00 1.108303848000265379e+00
2.563739009779260503e+00 -2.261237381154902748e-01
2.563739009779260503e+00 1.159627985927794480e+00
3.463830554935818817e+00 1.262276261782852460e+00
3.763861069988005070e+00 -1.747996001879612016e-01
4.963983130196749194e+00 1.364924537637910662e+00
