3.500000000000000000e+01
2.990000000000000000e+02
2.320000000000000000e+02
1.890000000000000000e+02
3.440000000000000000e+02
1.330000000000000000e+02
3.160000000000000000e+02
1.880000000000000000e+02
3.430000000000000000e+02
3.420000000000000000e+02
1.820000000000000000e+02
1.780000000000000000e+02
1.560000000000000000e+02
1.860000000000000000e+02
3.410000000000000000e+02
1.740000000000000000e+02
3.250000000000000000e+02
2.770000000000000000e+02
1.870000000000000000e+02
3.400000000000000000e+02
2.850000000000000000e+02
1.660000000000000000e+02
3.390000000000000000e+02
1.460000000000000000e+02
1.850000000000000000e+02
3.330000000000000000e+02
3.340000000000000000e+02
1.500000000000000000e+02
2.600000000000000000e+02
4.000000000000000000e+01
1.800000000000000000e+02
1.470000000000000000e+02
3.350000000000000000e+02
3.380000000000000000e+02
3.370000000000000000e+02
3.360000000000000000e+02
1.840000000000000000e+02
1.830000000000000000e+02
5.200000000000000000e+01
1.670000000000000000e+02
1.680000000000000000e+02
1.200000000000000000e+01
3.150000000000000000e+02
1.000000000000000000e+00
1.570000000000000000e+02
