  -3.1096487e-01  -6.3615618e-01
  -2.8999211e-01  -8.0493141e-01
  -8.3685567e-01  -2.0258942e+00
  -3.2752841e-01  -7.6223358e-01
  -3.0763826e-01  -8.4244909e-01
  -1.1486634e-01  -1.3471891e+00
  -9.1869677e-02  -4.9291979e-01
  -6.1267540e-01  -7.6329715e-01
  -1.5591725e-01  -1.5701229e-01
   1.0043991e+00   2.0333214e+00
  -2.8496179e+00  -1.7378061e+00
   1.7979745e+00   1.2201212e+00
   1.4769826e+00   2.3142896e+00
   1.2911627e+00   2.5269154e+00
  -3.8970751e-01  -3.6034605e-01
  -6.3182896e-01  -1.1455569e+00
   1.2116551e+00   1.5721867e+00
   1.9419789e-01   5.6614451e-01
   3.4709218e-02   2.5493223e-01
   6.6707398e-02  -1.5599602e-01
   1.2063569e+00   2.6885581e-01
   9.7529955e-01   1.1605554e+00
  -1.6228661e-01  -5.8090002e-01
  -1.9740010e-01   1.1119538e+00
  -2.3203719e-01  -1.5788717e+00
  -2.3944846e-01   7.3341394e-02
   5.4038887e-01   1.1118474e+00
   8.1854557e-01  -6.3811529e-02
   1.3377149e+00  -9.7450521e-01
  -3.9576856e-03  -2.5679969e-01
  -5.3008946e+00  -2.2693839e+00
  -2.4439006e-02  -3.0247601e-01
  -3.8396662e-02   9.4799260e-01
  -6.7952675e-01  -1.0196314e+00
   1.4246128e-02   1.1997644e-01
  -8.5930404e-01   1.6636925e-01
   4.7616365e-01  -8.2505384e-01
   2.0365000e-01  -6.8278800e-02
  -2.8945279e+00  -1.2931543e+00
   1.7048331e+00   2.2680665e+00
  -1.2271330e-02   1.8280630e-02
  -6.4577421e-02   3.1397138e-01
  -6.1194035e-01  -6.2236880e-01
   1.3535336e-01  -6.1072464e-01
   1.5564691e+00   9.2963610e-01
  -8.9689462e-01  -1.4258205e+00
  -3.9685028e+00   1.2327677e-01
   1.3864679e-01  -4.4470727e-01
  -6.5203900e-01  -1.3877412e+00
   5.3678408e-01   2.6893254e-02
  -4.4488483e-01  -6.8065508e-01
  -8.0040642e-01  -1.1571465e+00
   1.5994149e-01  -2.9956091e-01
   1.5275659e+00   2.8669999e+00
  -1.0576566e+00  -6.4844036e-01
   1.8229589e-01   5.2654347e-01
   8.5295125e-02  -4.1332449e-01
   1.5513113e-01   2.2322837e+00
   3.2500314e-01  -5.3446256e-01
  -1.6782251e-01   1.6198580e+00
  -9.7544580e-01  -1.2059661e+00
   4.8832118e-02  -5.2759381e-01
   1.0831732e+00   7.8712213e-01
   2.0307022e+00   3.0995304e+00
  -1.6287127e-01  -6.7363183e-01
   3.1919696e-01   4.9374481e-01
   2.0187181e+00   1.8232837e+00
  -7.2629353e-01  -1.8435679e+00
   1.4532544e+00   1.6420892e+00
  -3.9901180e-01  -7.2518157e-01
   1.7807991e+00   2.4482028e+00
  -2.6381551e-01  -6.1442490e-01
   2.4724414e-01  -8.4353376e-01
   2.4623156e-01  -4.0603600e-01
   7.7166550e-01   3.1224044e-01
   3.3532588e-01   3.2930024e-01
   8.6368436e-02  -1.0423583e+00
  -3.4547599e-01  -4.0813498e-01
  -6.6079640e-01  -7.7866321e-01
   1.5557953e-01  -2.2659898e-01
   3.5919511e-01   7.4161854e-01
  -1.7301833e-01   1.1396881e+00
   1.6280192e+00   3.4779144e+00
   1.6103619e+00   2.0471186e+00
  -1.7515480e-01  -1.5823650e+00
  -3.3502331e-01   1.2512732e+00
   2.1549801e-02  -1.1898336e+00
  -9.2989720e-02  -6.8139406e-01
  -1.7638504e-01   6.6916239e-01
   2.4538273e-01   8.3532214e-02
  -4.8571895e+00  -1.2107337e+00
  -4.8216711e+00   2.4827693e-01
   1.6606572e+00   1.6792371e+00
  -2.0597851e-01  -6.5946035e-01
  -1.4108608e-01  -3.2637922e-02
   1.0348344e+00   8.0898562e-01
  -9.3863666e-01  -6.7503566e-02
  -1.0381269e+00   3.5584624e-01
   1.8051431e-01  -5.7719647e-02
   7.3200853e-02  -6.6110881e-01
   3.9891995e-01   2.6877279e-01
   5.1237847e-01  -7.7112793e-01
  -2.9103376e+00  -1.6511191e+00
  -2.6650519e+00  -1.6025052e+00
   5.4966384e-02  -1.4510049e+00
  -5.0389634e+00  -2.1559874e+00
  -1.8510450e-02   1.1582321e+00
  -1.9377127e-01  -2.3380484e-01
   1.4349508e+00   1.9851329e+00
  -1.6187158e-02   3.8467428e-01
   1.6747399e+00   1.8102480e+00
   3.1739624e-01   2.2049405e+00
  -1.8971923e-01   4.2885613e-02
   1.3152862e+00   8.2410485e-01
   1.8352130e-02   4.0114882e-02
   1.7190877e+00   1.7387347e+00
  -8.4016656e-02   1.4827772e+00
   1.0857585e+00   7.9634404e-01
  -3.3447234e-01  -1.0288440e+00
   4.0777610e-01   6.7508085e-01
   9.3109127e-01   1.6525175e+00
  -5.5753552e-01  -1.2246630e+00
   8.6017185e-01   1.0163420e+00
  -5.3950532e-02  -1.2447913e+00
  -1.4281786e-01  -9.7435758e-01
  -3.2373859e-01  -9.8580561e-01
   1.6011245e+00   1.8943726e+00
   1.3257741e+00   1.8905699e+00
   3.3331800e-02   5.6715475e-01
  -5.5589760e-01  -1.4017649e+00
   8.4395645e-02   6.0301156e-01
  -1.0553302e-01  -4.8076729e-01
   1.6578120e+00   2.4761474e+00
  -6.1957148e-01  -9.2595337e-01
  -1.5676048e-02   5.1963379e-01
  -6.7759832e-01  -5.4755478e-01
  -6.7301110e-01  -7.3836271e-01
  -6.9352627e-01  -1.1559635e-01
   1.7894531e-01  -4.8958015e-01
  -4.0767324e-02   7.5121258e-01
  -1.5621795e-01  -7.3364887e-01
  -5.5280451e-01  -9.9639065e-01
   6.1537061e-02   2.0582342e+00
  -3.3634836e-01   1.2051389e+00
   1.2304375e+00   3.5144703e-01
   2.9686156e-01   4.7318947e-01
  -5.7854459e-01  -8.1024783e-01
  -2.8224650e-01   6.7237655e-01
   1.3629500e-01  -4.0605548e-01
  -4.4229588e-01  -1.6118169e+00
   1.6642746e-01  -5.2662598e-01
  -6.4651559e-01  -1.2825719e+00
  -5.3649843e-01  -7.4196709e-01
  -6.0912979e-02  -7.3799266e-01
   1.1216412e+00   1.0006974e+00
  -1.8159096e+00  -1.1255937e+00
  -6.4348642e-01  -7.4853131e-01
  -3.9113933e-01  -1.1454468e+00
   9.9107385e-02   3.9527175e-02
  -3.1062369e-01  -7.7944483e-01
  -6.7953077e-01  -2.4793720e-01
   3.6318631e-01  -1.3533569e-01
   7.6465534e-02  -8.0762261e-02
  -4.2334979e-01  -1.0820690e+00
  -1.2112190e-01  -6.1256039e-02
  -7.3520800e-02  -1.6388320e-01
  -4.0674288e-02  -3.0864922e-01
  -1.1949405e-01   4.8734804e-01
   3.9095708e-02  -9.7612113e-01
   1.0902755e-01   1.6771801e-01
  -3.0923899e-01  -9.2657231e-01
  -3.1809148e-01  -9.6653411e-01
  -1.1937599e-01  -8.7175366e-01
  -6.7572157e-01  -6.7076042e-01
  -5.3416579e-02  -1.2994166e-02
  -2.4032057e-01   6.6165143e-01
   6.7231549e-01   2.4247763e+00
  -3.6507053e-01  -3.0777844e-01
   7.3689152e-02   3.6288108e-01
  -4.9975714e-01   2.3404916e-01
  -4.0472580e-01  -1.0411845e+00
  -4.4029644e-01   1.3419612e+00
   9.9385092e-02   6.8742059e-02
   1.9201499e-01   3.9082910e-01
  -4.4109824e+00  -2.1200391e+00
  -5.0790586e-01  -9.6807238e-01
   1.7963822e+00   1.5813726e+00
   7.4522347e-02   1.3134432e+00
   1.3738567e-01  -9.9040304e-01
   1.5093575e+00   1.3796670e+00
  -2.6342791e-01  -1.4478460e-01
  -1.3915804e-01  -1.7881547e+00
   1.6569277e-01   2.6116492e-01
  -3.9774547e-01   1.0667146e+00
   1.6304316e+00   9.3222420e-01
  -8.0993003e-01   1.6458888e-01
  -1.8047772e-01  -6.7955386e-01
  -4.5643085e-01  -5.1122033e-01
  -4.9272047e-01  -1.6973231e+00
   1.6385309e+00   1.0611364e+00
  -3.1459501e+00  -1.7859305e+00
  -5.7647151e-01  -4.7102170e-01
  -5.4606684e-01  -1.5415516e+00
  -6.2069089e-02   2.8745855e-01
   1.8148614e+00   1.6887827e+00
  -1.4146905e+00  -9.4214441e-01
  -4.7133220e-01  -1.1695190e+00
  -6.5836116e-01  -1.1453359e+00
   1.7402039e+00   2.5973580e+00
  -1.1869328e-01  -2.9678305e-01
  -5.4366371e-02   3.3176788e-01
  -7.8419328e-04  -8.6539535e-01
   1.1087581e-01  -1.0886248e+00
   1.8318194e+00   1.1716751e+00
   4.4585509e-03  -3.6404273e-01
  -1.3017133e+00   1.2932194e+00
   1.8927047e-01  -1.9212516e-01
   1.1766721e+00   1.2699302e+00
  -3.0225197e+00  -1.9302219e+00
   2.3774719e-01   1.4877609e-01
  -1.2582413e+00  -7.0227760e-01
  -2.6797239e-01   3.4142747e-01
   3.2268605e-01  -3.9287782e-01
  -3.0155635e-01   6.7701541e-01
  -6.0179108e-01  -7.1474490e-01
  -2.9445581e+00  -2.5404575e+00
   6.4955317e-01  -4.5916058e-01
  -1.0714564e-01   4.6139846e-01
  -8.1175039e-01   3.4764989e-01
   2.1253733e-01  -8.1246483e-01
  -5.5149169e-02   1.6114124e-01
   9.0528260e-01   6.4143245e-01
  -6.2614346e-01  -5.0567740e-01
  -4.5373990e-01  -1.7901753e-02
  -1.8172428e-01  -5.5578706e-01
  -6.3276478e-02  -7.9922816e-01
  -3.0296094e-01  -1.0225246e+00
  -7.7536248e-01  -4.5365940e-01
  -5.7421349e-01  -1.6167849e+00
   3.2700619e-01  -4.1753116e-01
  -9.3969335e-01  -1.7961663e+00
  -4.1201941e-01   1.4541948e+00
   1.7061879e+00   3.4818647e+00
   1.6244482e+00   9.9275884e-01
  -2.4779075e-01   1.9317515e+00
  -2.0255135e-01  -4.9904180e-01
   1.8630614e+00   1.6600966e+00
  -1.6920369e-01   5.7229010e-01
  -8.3824566e-01  -5.9207476e-01
   3.2575538e-01  -4.0438056e-01
  -1.7418291e-01  -1.2647067e+00
   1.6569424e+00   5.0483781e-01
   3.3518088e-01  -7.5844074e-02
   9.0290589e-01   9.6322730e-01
   3.0587713e-01  -4.5615505e-01
   1.4537683e-01   4.8042224e-02
   2.5430534e-02  -1.4855790e+00
  -3.9122365e-01  -7.3685277e-01
  -3.4991474e-03   2.9643696e-01
   2.1702684e-01  -7.5970061e-01
  -2.1745853e-01   7.4638758e-02
  -3.0251677e-02   7.8529757e-01
  -2.1111132e-01  -9.7390274e-01
  -8.9291351e-01   1.2473647e+00
  -6.8248194e-01  -1.0057209e+00
   1.3259879e+00   1.7887379e+00
  -2.0567490e-01  -6.5494932e-02
   1.0198284e-01   1.7802405e-02
   2.9133749e-02  -1.9147891e-01
   2.2292711e-02  -8.2767136e-01
  -1.9067586e-01   2.1295562e-01
   1.6562624e+00   8.2997211e-01
   9.9156189e-01   1.0954626e+00
  -5.1492348e-01  -6.9317319e-01
   1.2601251e+00   1.8766328e+00
   2.2530124e-01  -1.6814203e+00
   2.0176807e-01   6.8984296e-01
  -4.2234087e+00  -2.6894447e+00
  -3.6239527e-01  -5.6684568e-01
   4.0471383e-01  -4.0127503e-01
  -1.9374835e-01  -8.8637509e-01
  -1.8404046e-01   5.1393200e-01
  -3.4823700e-02  -1.7991512e+00
   2.4532341e-01  -2.9502610e-01
  -5.6690622e-02  -7.5901578e-01
   2.7455617e-01  -2.3819313e-01
   1.6025474e+00   1.3789473e+00
  -1.4957203e-01  -8.3105247e-01
  -2.4242900e+00  -1.5519729e+00
   1.9685998e-01   2.8876761e-01
  -3.8447520e+00  -2.5344361e+00
  -4.3856737e-01  -1.1875284e+00
   4.4993887e-01   1.1363528e+00
   1.1665686e+00   2.2760225e+00
   1.6098381e-02   2.7789325e+00
  -2.6639180e-01  -3.2899114e-01
   4.9446732e-01   6.1160902e-01
  -1.1549751e-01  -1.0496083e+00
  -5.4318137e-01  -5.3577563e-01
  -1.3346734e-01   3.7848858e-01
  -1.7452785e-01  -1.1325095e+00
  -1.2164837e-01   6.5751429e-01
   1.3172923e+00   3.9850915e-01
  -2.8022721e-01  -2.0807450e-01
   3.9335326e-01   1.0851668e+00
   5.2922911e-01  -3.4705370e-01
   1.2049141e-01   1.3067811e+00
  -4.9369581e-01  -1.2548098e+00
  -4.4869655e+00  -1.3075413e+00
  -3.6768937e-02  -6.0919887e-01
   8.7531636e-01   3.8762522e-01
  -1.9117765e-01  -2.2255719e-01
   1.3937232e+00   1.0613187e+00
   4.0455331e-01   5.2799485e-01
  -2.2128178e-01  -4.2647804e-01
   9.4962467e-02  -8.1769704e-01
   5.3158307e-01   1.7972802e+00
  -3.3097176e-01  -7.1891335e-01
  -9.5870576e-01   2.5221300e-01
  -4.3244845e-01  -1.1600156e-01
  -2.5949715e-02  -4.3135466e-01
  -8.4024216e-01  -7.3548073e-01
   4.3353056e-01  -7.9482724e-01
  -1.0454956e+00  -9.0710667e-01
  -2.5855783e-01  -1.0200813e+00
  -2.4468479e-01  -1.5121919e+00
  -3.0111445e-01  -9.7831629e-01
  -7.1778604e-01  -3.3202589e-01
   1.1010713e+00   1.4957665e+00
  -4.2257135e-01  -1.0189944e+00
  -1.2372014e-01  -1.5924539e-01
  -2.5525461e-03   4.8465266e-01
  -4.5267970e-01  -1.2287250e+00
  -5.5854213e-01  -7.1379985e-01
   1.5134679e+00   2.0978935e+00
   2.6370164e-01  -3.0450906e-01
   2.3597685e-01  -8.6511444e-01
   1.3025312e+00   5.4051933e-01
  -2.4674707e-01   1.4658027e-01
  -5.1644136e-01   4.7431050e-01
  -3.6340334e-01  -1.0821758e+00
   1.7899237e-01   7.1515286e-01
  -1.6382203e-01  -2.6737937e-01
   1.6505204e+00   1.3336343e+00
  -7.4257498e-01  -7.2854848e-01
  -1.8259571e-01  -7.9135723e-01
  -6.8258755e-01  -8.4503865e-01
   1.3522784e+00   2.5323253e-01
  -1.7689477e+00  -2.9763971e-01
   1.2918162e-01  -7.8899003e-01
  -6.1489322e-01  -8.6251016e-01
   5.6108277e-02  -4.4163276e-01
  -1.5437481e-01  -8.4143270e-01
  -4.6127854e-01   5.5948459e-02
  -3.2541797e-01  -1.5102864e+00
  -8.8961767e-02   8.2136968e-01
   1.0798447e-01  -2.9162949e-01
  -1.0663216e-01  -7.4742918e-01
  -2.0681136e-01  -6.6665220e-01
  -1.1978328e+00  -1.3951083e+00
  -1.3059549e-01   1.7897912e-01
   1.8744524e+00   1.5692184e+00
  -1.7676917e-01  -3.0958595e-01
  -4.8813040e-02  -7.5370865e-01
   1.6898567e+00   1.2198114e+00
  -2.0641028e-01  -4.5377191e-01
   1.2552047e-01  -3.7381959e-01
  -3.8712722e-02   7.3642308e-02
  -2.2518449e+00  -2.0412240e+00
  -4.9688546e+00  -2.5952815e+00
  -1.7487738e-01  -1.4585326e+00
  -7.8366171e-02  -6.8947065e-01
   5.6889229e-02  -8.0113850e-01
   5.3132792e-01   2.3980327e-01
  -4.1044979e-01  -8.6566324e-01
   1.9571275e+00   1.1258066e+00
   1.4304371e+00   4.6485560e-01
  -2.7472400e-01  -6.0323962e-01
   4.6152451e-01  -4.0070390e-01
   1.8585028e-01   1.2910792e-02
   9.1627013e-01   9.2890074e-02
  -5.6978756e-01  -7.4603140e-01
   1.3632904e+00   1.2772753e+00
  -3.1428507e-01  -8.6811430e-01
  -6.6851992e-01   1.9070042e+00
  -1.4304666e-01   3.5572935e-01
   6.5349703e-01   8.8938856e-02
  -2.3360490e-01  -9.8665847e-01
  -8.4786872e-01  -7.9674070e-01
  -6.5899268e-01  -1.9512924e-01
  -1.3123875e-01  -1.4338833e+00
  -4.7248660e-01  -1.0208246e+00
  -2.2176853e-01  -8.2026096e-01
  -3.9595557e-01  -5.5925199e-01
   1.8519796e-01  -1.0990734e-01
  -6.3984151e-01  -7.3703502e-01
  -3.0829235e-01  -1.4584528e-01
   2.0675710e-01   1.0137055e+00
  -2.2870526e-01  -3.0283523e-01
  -9.0193989e-02  -7.7546962e-01
   6.9608672e-01   5.8621665e-01
   1.8802775e+00   1.0116858e+00
   1.6253547e+00   3.8062036e-01
   3.3915342e-01   6.7291717e-01
  -2.2201757e+00  -1.3192210e+00
  -6.1395788e-01   3.0409708e-02
   7.7833737e-02   5.3030563e-01
  -9.0835859e-01  -6.8846256e-01
   1.0943320e+00   1.4456839e+00
   1.6519973e+00   1.2161064e+00
  -4.2759715e-01  -6.3972349e-01
   9.7294398e-01   1.2093342e+00
  -1.3145200e-01  -1.0086385e+00
  -1.8370695e-01   5.4912333e-01
   4.0801936e-01   5.8070054e-01
   2.9419822e-01   2.4190714e-01
  -4.7393048e-01   1.1927116e-01
   5.3561760e-02   2.3947945e-01
   1.8393583e-02  -2.9016186e-01
   1.7246050e+00   1.1078041e+00
   1.9645632e+00   2.4017044e+00
   1.1242843e+00   2.4614177e+00
  -1.6892632e-01  -2.4794437e-01
  -2.3450095e-02   6.0799088e-01
  -6.2544677e-01   2.0508007e-01
   1.6067263e-01   1.6282158e+00
   1.6093056e+00   1.3888077e+00
  -4.0653564e-01  -3.4297530e-01
   9.8770589e-02  -7.5969140e-01
  -4.7503156e-01  -2.7456646e-01
   1.4276879e+00   4.5081153e-01
  -2.4336881e-01  -5.5414231e-01
  -3.1825346e-01   4.2517602e-01
   1.5359982e-01  -3.0427284e-01
   1.2576076e+00   8.4271271e-01
   1.2478914e+00   5.1441679e-01
  -2.7137060e-01  -1.3823750e+00
  -6.5482409e-01   3.6629972e-01
  -7.3307754e-01  -1.1933952e+00
  -6.8319548e-02  -6.1894941e-01
  -4.2651052e-01  -4.8643549e-01
   1.5244710e-01   8.0563669e-01
  -3.8479692e-01   1.5531514e+00
   1.1522505e-01   8.9578229e-03
  -2.2284823e+00  -1.9978653e+00
  -4.1664229e-01  -4.6657634e-01
   1.2372444e-01  -6.0070099e-01
   1.5593713e-01  -5.6411534e-02
   1.5011877e+00   4.8205485e-01
  -3.3979418e-01   2.4295225e+00
   4.8073651e-01   6.2582502e-01
  -4.4185855e-01  -7.3502414e-01
  -2.6273465e-01   9.0844327e-01
  -4.9560247e-01  -7.6981274e-01
   2.8107890e-01  -5.1120132e-01
  -1.0124873e+00  -1.6337886e+00
   8.8449974e-01   8.6988740e-01
   1.5467569e+00   1.6164450e+00
  -8.5889685e-01  -6.7129370e-01
  -2.3650212e-01  -7.3033840e-01
  -1.6416750e-01   5.5189925e-02
   1.2039589e+00   2.1373637e-01
  -6.0266405e-01  -8.8413605e-01
   1.5940330e+00   1.1554384e+00
   2.3233004e-01  -3.5913579e-01
  -2.3955928e-01  -1.6636994e+00
  -4.5596374e-01  -1.4293412e+00
  -2.4492750e+00  -2.1359553e+00
   3.1615083e-01   1.0164616e+00
  -8.8920040e-02   1.1084765e+00
  -6.4041203e-01   1.4660429e-01
   8.2019300e-01   6.6157480e-01
  -3.9327965e-01  -1.0827628e+00
   4.2582086e-01  -3.3902259e-01
   2.2211459e-01  -5.1625930e-01
  -1.3907896e-01  -1.7588579e-01
   8.4470598e-01   2.7352432e+00
   5.1045575e-01   8.7118628e-01
   1.2533601e+00   1.0592293e+00
  -1.9095446e-01   7.2730558e-02
   8.5775323e-02  -1.7237164e-01
   1.7586805e-01  -1.3511471e+00
   1.3895145e-01  -4.0577051e-01
  -1.7958461e-01  -6.7484916e-01
   1.8141876e+00   4.2323507e-01
   2.3521647e-01  -3.0806695e-01
   1.6424147e+00   7.6310418e-01
  -1.0395256e-01  -4.3960397e-01
  -1.0569179e+00  -1.7139449e+00
   1.3198828e-01  -8.5596421e-01
  -3.0575876e-01  -8.3613002e-02
  -3.2318837e-01  -8.8246582e-01
  -9.8032128e-02  -4.1413740e-01
  -5.5557539e-01  -1.1792047e+00
   6.7349953e-02   1.4922880e+00
  -6.1931285e-01   1.7333115e+00
   1.3422477e+00   3.2292506e+00
   1.2291937e+00   2.7676410e+00
   1.7250084e+00   1.2804495e+00
  -5.3054147e-02  -6.3291014e-01
   1.1315913e-01  -7.2084798e-01
  -5.3327693e-01  -7.1742140e-01
  -6.0698894e-01  -1.5122696e-01
  -9.4117932e-01   1.1486447e-01
   2.0814926e-01   1.4164719e+00
  -2.5721690e-01  -7.6993620e-01
  -5.3983314e-01  -6.2013851e-01
  -1.5875164e-01  -2.7800255e-01
   3.6564543e-02  -1.0487645e-01
  -6.4215301e-02   1.1898051e-01
  -6.8141615e-01  -1.1195734e+00
  -1.6895732e-01  -7.6878499e-02
  -8.7068455e-02  -6.7216925e-01
   1.0691969e+00   3.3448460e+00
   1.1344928e-01   4.1963721e-01
   9.7648130e-02   1.8916365e+00
   8.8100217e-02  -1.5188007e-01
  -6.7500128e-01   6.8229802e-01
  -5.3824072e-01   3.0332443e-01
  -6.8086116e-02   3.5676965e-01
   5.5836552e-01   9.8943678e-01
  -3.2531191e-01   4.8709331e-01
  -3.0167624e-01  -3.1149164e-01
  -8.3855509e-02   4.6786946e-01
  -3.2226249e-02  -4.1892404e-03
   3.1597158e-01  -1.0294222e+00
  -1.3179464e-01  -7.1161321e-01
  -3.4474250e-01   7.0082294e-01
  -1.7673481e-01  -7.3854361e-01
   1.7885286e-02  -7.1826609e-01
   7.8830268e-01   2.2039556e-01
  -2.2796245e+00  -1.3775764e+00
   1.1429223e-01   1.5226595e+00
  -6.4187693e-01   5.6597516e-01
  -2.3893558e-01  -6.3520889e-01
   8.9209222e-01   3.4123507e-01
  -8.8519102e-01  -6.5692345e-01
  -4.4238797e-01  -1.0670121e+00
   1.7558330e+00   1.2821218e+00
   1.8555099e-01   2.6454137e+00
  -2.3383898e-01  -8.1349239e-01
   7.0675776e-01   5.6059169e-02
  -1.6759192e+00  -1.0273130e+00
  -4.7058234e-01  -8.3395252e-01
  -2.1767676e-01   2.0849664e-01
   1.7987610e+00   4.6709385e-01
  -9.5608315e-01  -1.1126979e+00
   1.6218563e+00   2.3448112e+00
   2.3285248e-01  -4.9575846e-02
   5.2624156e-01  -8.4891587e-01
   1.2746087e+00   1.5892821e+00
   1.2561963e+00   1.1130736e-01
   1.0619378e+00   7.9880551e-01
  -4.3434100e-01  -8.5875381e-01
   4.4542157e+00   5.2451945e+00
   1.8074247e+00   4.5902719e-01
  -3.2996587e+00  -2.0678950e+00
   1.2431692e+00   1.1810665e+00
  -5.7398541e-01  -1.2145853e+00
  -4.9405702e-01  -7.3579977e-01
   1.5113993e-01  -3.2145470e-01
  -5.8978812e-01  -7.7408666e-01
  -3.9493213e-02   2.1226837e-02
  -6.1123741e-01  -1.5832200e+00
  -3.6303324e-01  -2.6348124e-01
   2.5059020e-01  -5.9223380e-01
  -4.2538613e-01  -8.0746030e-01
  -4.4135177e-02  -6.8319057e-01
   1.4325593e+00   1.2227520e+00
  -3.1386407e-01  -1.2049018e+00
   7.5205735e-01   1.0485250e+00
   1.5132037e+00   2.7715507e+00
  -9.7222333e-02   5.8224408e-01
  -3.9152443e-01   2.6334498e-01
   3.1028724e-03  -1.5429691e-01
   1.0873189e+00   1.1148465e+00
  -1.7163284e-01   5.1975352e-01
  -1.9544421e-01   1.1740696e+00
  -4.2137828e-01  -1.7219764e+00
  -6.1556554e-01   6.9020394e-01
   7.7548252e-02   1.7140796e+00
   1.1715210e-01  -3.0320811e-01
  -1.0180757e+00  -1.4673847e+00
  -3.7542950e-01   1.1273454e+00
  -4.8782061e-01  -3.1947543e-01
  -6.1681942e-01  -9.9765613e-01
   7.0419384e-01  -2.6157881e-01
  -6.5822220e-01  -3.6723632e-01
   1.4710743e+00   1.4448243e+00
   1.3873411e+00   2.9854668e+00
   9.5367418e-01   2.6456069e+00
   1.5997049e-02  -5.8866087e-01
   1.6355386e+00   1.3340504e+00
   1.7287461e+00   1.3761817e+00
  -6.3037753e-01  -9.7526751e-01
  -3.8551833e-01   9.0476638e-01
  -3.1764029e+00  -2.5292771e+00
   1.2407664e+00   1.1212182e-03
  -7.3424741e-01  -8.3113635e-01
  -1.3927445e-01  -3.2092292e-01
  -2.2865340e+00  -1.9459547e+00
   2.5161143e-01   2.1501647e-01
  -6.6117653e-03   6.6969993e-01
  -1.0908264e-01  -1.4559892e+00
  -3.4697554e-01   4.7734314e-01
   5.7298072e-01  -2.8335888e-01
   1.4336332e-01   1.5172055e-01
  -3.6583381e+00  -2.2034283e+00
  -5.3641943e-01  -7.6165156e-01
  -2.6599622e-01  -4.6963851e-01
  -2.9998877e-01  -9.9387429e-01
   7.5912273e-01  -3.2938505e-02
  -3.3071498e-02  -1.2821723e+00
   2.3552620e-01   7.6468110e-01
   3.2577288e-02   1.5354120e-01
   1.0922969e-01   7.7900296e-01
   5.9145930e-01   8.6708556e-01
   4.5230414e-01   1.0765665e-01
   4.6110808e-01  -8.9937337e-01
  -4.1168676e-01  -1.2994135e-01
   1.2019113e+00   2.1162587e+00
   2.2409871e-01  -8.3831589e-01
   5.9875250e-02   1.5790473e-01
   1.6825731e+00   1.9446740e+00
  -5.3614776e-01  -1.4605693e+00
  -4.4455713e+00  -2.4589772e+00
  -3.7655689e-01   1.3057104e+00
  -2.9908182e-01  -3.4401452e-01
   1.3263304e-01  -5.2388110e-01
  -5.1035640e-01  -1.2790179e+00
   4.8768975e-02  -8.7280031e-01
  -2.0945456e-01  -1.0014167e+00
   9.2467787e-04   1.2554621e+00
  -1.5540897e-01  -6.3344914e-02
  -9.2584956e-01  -8.3442577e-01
  -3.0945471e-02  -4.0419911e-01
   6.1649902e-01   5.9473554e-01
  -6.3997710e-01  -5.6410259e-01
   1.7274342e+00   1.2469922e+00
   8.6996721e-01   5.5735081e-01
   5.1052532e-01  -7.0287954e-01
  -1.3413205e-01  -4.2186669e-01
  -2.9947982e-01   6.7791082e-02
  -5.2455939e-01  -3.5793212e-01
   1.9283838e+00   1.3808659e+00
  -6.9607190e-02  -3.3801247e-01
   4.9318302e-01   1.3517108e+00
   1.3874711e+00  -2.4587079e-01
  -1.2801100e+00  -1.2702646e+00
   1.4708776e+00   3.6852541e+00
  -4.9534147e-01  -6.7111925e-01
  -7.2805103e-02  -8.8608156e-01
   7.3516600e-01  -7.4944440e-01
   2.9902837e-01  -2.9692594e-01
  -1.1238115e-01  -1.2584416e+00
   1.8575583e-01   8.2239209e-01
   2.6961727e-01  -5.7537687e-02
  -7.0387757e-01  -1.4957150e+00
  -1.6178970e-02   2.2228997e-01
   6.1872413e-02  -2.1066783e-01
   1.7856833e+00   1.4539463e+00
   1.1049260e+00   6.1736731e-01
   1.4129975e+00   9.4097872e-01
   2.6842028e-01   1.3410418e-01
  -1.6045689e-01  -1.3180532e-01
  -2.1150258e-02   1.9100705e+00
   1.9343484e-01   2.2428179e-01
  -2.9061020e-01  -5.8084911e-01
  -3.1516797e-01  -6.3472550e-01
  -2.0475815e-01  -8.1627885e-03
  -1.8692464e-01  -1.4246840e-01
  -1.3664743e-01  -8.1869412e-01
   3.8220694e-01   3.5428899e-01
  -3.3088092e-02  -1.1302576e+00
   2.4802414e-01   1.4604478e-01
   3.9495281e-02  -4.7485432e-01
   3.1796684e-01   3.5860309e-02
  -3.5410857e-01  -1.1270155e+00
  -1.6540277e-01   1.2233869e+00
   5.3600007e-01   6.6124249e-01
  -9.0552545e-01  -1.2670501e+00
  -1.9205669e-01  -1.9772552e-01
  -7.7832294e-01  -8.8669612e-01
   3.0855444e-01  -4.1805179e-01
  -2.7269715e-02   4.0706044e-01
   4.2124859e-01   2.6349151e-01
  -5.2791606e-01   1.3701929e+00
   1.0169656e-01   8.2098116e-02
  -3.6153480e+00  -1.6425893e+00
  -2.7507214e-02  -1.2672066e+00
   1.6012832e+00   1.0918499e+00
   5.8058231e-03  -1.5491436e+00
   3.1782025e-01   8.0386424e-01
   4.3427050e-01  -4.1440804e-01
   1.0374464e+00   7.2103965e-01
  -1.2187842e-01   3.7899823e-01
   9.6301163e-02   1.1778663e-01
  -1.6514392e-01  -6.8730353e-01
  -6.3506529e-01  -7.6021395e-01
   6.6473412e-01  -1.2352977e+00
   3.2757510e-01  -5.7831967e-01
   2.4192967e-01   9.5343574e-02
  -2.6871982e-01  -1.4825088e+00
  -8.4555876e-01  -1.3362632e+00
  -2.7921488e-01  -6.3522117e-01
  -6.2863489e-01  -6.5744231e-01
  -8.3963929e-02  -8.0906125e-01
  -6.8751701e-01  -1.2222897e+00
  -3.4156310e-01  -1.0163552e+00
   1.4915779e+00   2.5943506e+00
   1.6949252e+00   1.8070215e+00
   1.9494032e-01  -5.4287050e-02
  -1.8854346e-01  -2.5494555e-01
  -5.9070394e-02  -1.2782799e-01
   1.0614359e-01   6.4659489e-01
   1.8619875e+00   1.5950342e+00
   2.7520282e-01  -2.5564538e-01
   1.3021301e+00   4.7150933e-01
  -1.3292791e-01  -1.0673596e+00
   1.7354479e-01   1.9196370e+00
  -1.0677738e-01  -8.2575111e-01
  -1.0141654e-02  -2.9542743e-01
   1.4178875e-02  -3.3896375e-01
  -1.9423059e-01   1.8959899e+00
  -2.1405901e-01  -1.6474746e-01
  -1.8827749e-02  -1.0632179e+00
  -6.5701269e-02  -4.6604409e-01
  -1.3742920e-02  -1.0558617e+00
  -5.0182185e-01   5.1156743e-01
  -3.8487538e-01   2.3572297e+00
  -3.3352459e-01  -6.1496373e-01
   1.7709128e+00   1.1560466e+00
  -3.2978699e-01  -1.2582019e+00
  -3.1376080e-01  -2.2665044e-01
   1.4136582e+00   1.5539707e+00
  -2.2837268e-01  -1.5027308e+00
  -5.5855908e-01  -4.0202067e-01
  -2.7959964e-01   3.1458634e-01
  -8.2355802e-01  -8.4605375e-01
   1.2682137e+00   3.3769091e-01
   1.1971901e+00   7.1353146e-01
  -7.3529449e-01  -1.2526194e+00
   1.5930171e+00   2.1279489e+00
   2.8699865e-03  -7.4544280e-01
   1.3789041e-01   8.1481338e-01
  -4.5644244e-01  -1.0828248e+00
  -7.7406394e-02   7.9514256e-01
   9.0890775e-01   2.5204758e-01
  -3.6764914e+00  -1.5265021e+00
  -9.1485697e-01  -1.3387074e-01
  -1.6968115e-01   5.5466937e-01
  -2.1922676e-01  -1.7526663e-01
  -8.0258331e-01  -9.2413709e-01
   1.9112317e+00   1.0989712e+00
  -1.3580081e-01  -1.0966388e+00
   1.7392801e+00   1.7140593e+00
   5.4427092e-01  -1.2164940e-01
  -2.0686556e-02   6.4994817e-01
   1.3249821e-01  -2.1735916e-01
   6.7364745e-01   7.3821712e-01
  -8.4180300e-01  -1.4276569e+00
   7.0535914e-02  -6.9319566e-01
  -2.3058545e-01  -4.9800836e-01
  -3.7321606e-01   1.5336668e+00
   1.5868320e+00   2.5056517e+00
   1.1925879e+00   3.6034343e-01
   3.4776328e-01  -5.4800096e-02
   2.1539456e+00   1.5555984e+00
   1.5756573e+00   1.7351716e+00
  -3.2122117e-01  -1.5155885e-01
   1.4844583e+00   1.4438382e+00
  -1.3407150e-01  -1.6760167e-01
  -1.5400982e-01  -5.4944047e-01
  -2.2001863e-01  -1.5022352e+00
  -7.4257409e-03   2.1314813e-01
  -6.7788386e-01  -8.4761401e-02
   1.1185679e+00   5.8610512e-01
   1.8228491e-01   1.6122695e-01
  -9.5686085e-01  -1.4447318e+00
  -8.1315132e-02   1.2605197e+00
  -3.0485842e-01  -6.0567282e-01
  -4.7621171e-01  -7.0175864e-01
  -3.0187988e-01  -6.5437047e-01
  -3.5520460e-01   1.7229082e+00
  -1.9029682e-01  -4.3792030e-01
  -1.3226480e+00  -1.3907734e+00
   2.0252043e+00   7.2396299e-01
   1.4941664e+00   2.3067574e+00
   7.0822569e-01  -5.1634234e-02
  -7.9927547e-01  -8.3243082e-01
   1.4915396e-01   1.7255815e+00
  -6.7786798e-01  -7.5932461e-01
   2.9113617e-02  -6.7201292e-01
  -4.5283326e-01  -2.2405614e+00
  -7.2460479e-01  -1.4038249e+00
   3.7420630e-02  -2.7134981e-01
  -5.5789166e-01  -1.0580454e+00
  -8.2332058e-02  -8.7879576e-01
   1.4804505e+00   1.7079465e+00
  -9.2779214e-02  -1.3791662e-01
  -2.1928710e-01   3.6040345e-01
   3.7971675e-02   1.0298789e-01
  -2.9183456e-01  -7.4522143e-01
   1.6127568e+00   2.4732113e+00
  -8.2901457e-03  -3.8878378e-01
  -5.7714545e-01  -3.9953267e-01
   1.5849552e+00   1.0274462e+00
   2.8470356e-01  -1.0249865e-01
  -2.8743950e-01  -1.6906564e-01
  -2.4738466e-01  -2.6039722e-01
  -5.4828808e-01  -6.4348019e-01
  -7.2954584e-01  -6.4243760e-01
  -4.3547703e-02   3.9323604e-01
  -5.1322873e-01  -1.8192371e+00
   4.8756053e-01  -3.4603820e-01
  -7.7689187e-01  -5.7584559e-01
   1.4354834e-01  -4.4005813e-02
  -3.1561286e-01   2.4107357e-02
  -1.5253951e-01   2.0705743e-01
  -5.6775749e-01   4.0818956e-01
   8.7013043e-01   6.9726783e-01
  -4.7504201e-01  -5.6126909e-01
  -2.6515222e-02  -2.5634370e-01
   1.5439436e+00   1.4619255e+00
  -1.9529540e-01  -4.7452587e-01
   1.0463115e+00   1.0232980e+00
  -2.2804019e-01   1.6637325e+00
   2.5037132e-02  -3.4622376e-01
  -2.6521078e+00  -2.0993147e+00
  -3.2563449e-01   1.0565498e+00
   7.6598881e-01   3.1323894e+00
   5.4333592e-01   3.6672594e-01
  -8.3330063e-01  -8.4346013e-02
  -7.0793476e-01   7.3322479e-01
   3.7692075e-02  -6.3426238e-01
   7.0419070e-01   4.7296857e-01
   1.0838022e-01   5.6693622e-01
  -5.2938831e-01  -3.6045373e-01
  -1.4672756e-01  -7.5982246e-01
   7.5641791e-01  -6.9716078e-02
  -6.7711004e-01  -1.9526601e-01
   1.0923795e+00   1.0518895e+00
   3.2447447e-01   2.6523328e-02
   1.5415924e+00   1.7770325e+00
   2.6711934e-01  -1.1597125e-01
  -1.1548494e+00   1.2406631e+00
   7.7078244e-02  -4.7228228e-01
  -5.4451522e-02  -3.0693210e-01
  -6.8612910e-02   3.8414404e-01
   9.4928252e-01   1.4300441e-01
   8.1950667e-02  -1.1341500e+00
   4.7945729e-02   1.5420946e-01
  -2.1694804e-01  -4.7659937e-01
  -1.3017893e-01  -7.3046743e-02
   3.4218732e-01  -5.6094439e-01
   5.4417563e-01   8.5041170e-02
  -1.0378318e-01   1.3573602e-01
   5.0055354e-01  -8.6879286e-01
   2.0232477e+00   2.9797878e+00
   9.4668988e-01   2.6595230e-01
  -2.6932186e-01  -1.4865387e+00
  -7.1391288e-02  -1.3356510e+00
  -1.6408091e-01  -3.3661497e-01
  -4.1991550e+00  -2.2623623e+00
  -4.4611943e-01   6.8091311e-01
   5.4712408e-01   1.5158953e+00
  -6.2504969e-01  -1.2763872e+00
  -3.4838613e-01  -1.3171588e+00
   2.9076980e-01  -1.1290863e-01
  -2.2494684e-01  -6.9091213e-01
  -3.2696740e-01   1.6807446e+00
  -6.5951699e-01  -4.8454469e-01
   3.2156135e-01  -9.1087014e-02
  -6.2208575e-02   1.6991805e-01
  -1.9314172e+00  -1.2190345e+00
  -4.7246631e-01  -7.8006028e-02
  -4.2638260e-01  -1.9223377e+00
  -7.4303450e-01  -1.0223272e+00
   8.7109401e-02   2.9069334e-01
  -8.6807854e-02   1.8016172e+00
  -2.2860212e-01  -5.9113036e-02
  -7.0438833e-01  -1.3052502e+00
   5.9366221e-01  -3.0587994e-01
  -3.7130195e-01  -2.0684083e-01
   2.8078319e-01   1.7834583e-01
  -2.3719448e-01  -5.1605773e-02
   8.0082529e-01   1.3244638e-03
   1.1808314e-01   4.8150309e-02
   1.8539348e+00   1.7123351e+00
   8.3498613e-02  -7.1939227e-01
  -5.3262915e-01  -1.3135365e+00
   5.2289902e-01   2.2314290e-01
  -1.6808533e-01  -1.0372256e+00
   2.0151337e+00   1.2708088e+00
  -7.8157219e-01  -8.3081419e-01
   3.6492404e-01  -7.4379816e-01
  -2.8599756e-01  -3.8136958e-01
   1.3242945e-01  -2.7149049e-01
  -5.1714401e-01   1.1360146e+00
   1.4162373e+00   6.7864138e-01
  -4.2856372e-01   1.5325972e-01
   1.6720280e+00   1.2880413e+00
  -2.5694120e-01  -1.7141373e-01
  -9.0320532e-01  -1.3394781e+00
   1.4383571e+00   2.4796022e+00
   1.7535459e-01   8.0139557e-01
   4.5435079e-02  -7.6434808e-01
   1.0992852e-01  -6.7564900e-01
   4.3736279e-02  -1.1208542e+00
   1.3953556e-01  -1.0894891e+00
  -2.6166254e-01   9.5441820e-01
   8.5933324e-02   3.4965034e-01
   1.3009515e+00   5.9406632e-01
  -8.2914140e-01  -6.2412584e-01
  -5.6006137e-01  -1.2163088e+00
  -3.8578018e-01   7.1885808e-01
   1.4235140e+00   1.8891357e+00
   3.8719382e-01  -5.2642756e-01
  -4.6378327e-01  -1.7511641e+00
   3.4073964e-01  -7.5838950e-01
  -1.6347670e+00  -6.9072859e-01
  -4.8684469e-01  -6.7802663e-01
   1.8219324e+00   2.0807306e+00
  -7.2286929e-02  -1.0403377e-01
  -3.7571117e-01   3.3124321e-01
  -1.1187064e-01   9.4973896e-01
   1.6307939e+00   1.3375210e+00
   2.1296601e-01   2.0957684e+00
  -6.3161299e-03  -1.5845824e-01
  -4.2613034e-01  -1.0149852e+00
   1.8345916e+00   8.2067269e-01
  -4.7326929e+00  -1.8849358e+00
  -3.0968029e-01  -1.5492749e-01
   9.5509718e-02  -8.3176330e-01
   6.7000631e-01  -2.2363072e-01
   4.0719015e-01   1.0013875e-01
   1.0311287e-01  -1.8955028e-01
  -7.4246436e-02  -1.0348483e-01
   1.6583190e-01  -1.0598691e+00
  -1.0516715e-01   1.4476658e-01
  -4.4797621e-01   1.3376857e-01
   5.9599919e-01   2.6006092e-01
  -3.4554345e-01  -3.2731803e-01
   1.9981099e+00   2.9132526e+00
  -8.8520187e-01  -1.1536001e+00
  -7.3977480e-01  -1.4062854e-01
  -5.5264914e-01  -6.3552807e-01
  -2.1243704e-01   1.6717220e+00
   1.9591309e-02   7.3323545e-01
   3.0363805e-01   1.9424996e-01
   1.4021769e+00   6.0476572e-01
   6.5764267e-01   1.7295060e+00
  -4.1134272e-01  -9.7182913e-01
  -6.6438217e-01   1.2115119e+00
  -5.2861030e+00  -6.2372249e-02
   3.0513937e-01   1.4217366e+00
  -2.6573324e+00  -1.4942221e+00
  -7.0325165e-01  -7.4740690e-01
  -6.3358575e-03   2.2269829e-01
   9.0611167e-02   2.0457033e-02
  -2.3625551e-01  -1.4369932e+00
   1.4392334e-01  -6.3944413e-02
   3.4530104e-01  -3.0923332e-01
   7.2676267e-02  -3.6794755e-02
  -9.1292010e-01  -8.8134603e-01
   5.3073999e-02  -3.7711122e-01
   7.6449515e-02  -2.0343970e-01
   8.5206707e-01   2.7060914e+00
  -1.2075871e-01  -9.8690321e-02
  -4.2777871e-01  -1.2295240e+00
   1.2033598e+00   3.1680784e+00
   1.7629013e-01   7.0338038e-01
  -3.4291684e-01  -5.4046372e-01
   3.4117610e-01   6.7144506e-02
   1.1635431e+00   1.7329646e-01
  -3.9871484e-01   1.7494392e+00
  -4.8462776e-01   5.9847173e-01
   7.0896710e-01  -2.0374057e-01
   5.2617191e-01   6.0038339e-02
   1.4496609e+00   1.5461466e-01
  -2.1605963e-01  -1.6880850e+00
   1.1555890e-02  -6.0456645e-02
  -8.4756642e-01  -1.1078668e+00
   1.3119645e-01   2.0634307e-01
  -5.7799574e-01  -1.0859622e+00
   1.6258440e-02  -1.3972834e+00
  -3.4948579e-01  -1.1774781e-01
  -2.2238230e-01  -7.8759352e-01
  -2.2276199e+00  -1.6488676e+00
  -4.0266984e-01  -1.5194380e+00
   1.2724254e+00  -3.7442446e-01
  -4.0185213e-01  -4.1401307e-01
  -1.7274905e-01   4.9983284e-02
  -9.9908878e-01  -1.0565065e+00
  -4.8321744e-01  -8.6353094e-01
   3.0404714e-02   5.4830561e-01
   9.4398631e-01  -1.3440399e-01
   1.1274758e+00   1.0639280e+00
   1.4294247e+00   2.6630194e+00
  -5.3497226e-01  -3.1288083e-01
