   1.5200850e-01   4.9045837e-02
  -1.4435053e-02   6.8712537e-01
   8.9577712e-01   4.6987667e-01
   3.2694558e-01   3.7717484e-01
   8.4433723e-01  -6.7499165e-01
   5.2129098e-01   1.5817943e-01
   2.7306101e-01   2.1580399e-01
   3.5512995e-01   2.4488017e-01
   3.4879827e-01   3.7424326e-01
   2.4027564e-01   2.5719661e-01
   1.9115205e-01   4.1537638e-01
   3.0188803e-01   3.6580990e-01
   3.4214864e-01   2.9647706e-01
   3.1947585e-01   7.1120946e-01
   2.6754970e-01   2.8528723e-01
   3.9205814e-02   3.6638367e-01
   6.2017918e-02  -3.1010315e-03
   1.4079997e-01   1.4149023e-01
   4.0281322e-01   5.1701373e-01
   3.0019194e-02   6.9764446e-01
   8.2415449e-01  -7.4771127e-01
   8.0735435e-02   3.5668760e-01
   2.6890951e-01   5.8122796e-01
   1.1861116e-01   4.7397476e-01
   1.8027292e-03   4.5812898e-01
   4.8933083e-01   5.2544527e-01
   2.5399136e-01   4.1299870e-01
   3.5642476e-01   4.0616017e-01
   2.0413996e-01   1.0670570e-01
   9.3628172e-03   3.2583857e-01
   1.1083722e-01   2.8777444e-01
  -3.7951738e-03   1.6436372e-01
   3.8126265e-01   3.2992471e-01
  -3.4559581e+00  -3.1185232e+00
   2.1794228e-01   8.2275467e-01
   1.8116338e-01   5.7851119e-01
  -5.6052414e-02   5.1219057e-01
   3.1879836e-01   3.2989182e-01
   2.2989417e-01   5.0273619e-01
   4.9548180e-01   5.0696904e-01
   2.5139174e-01   3.7179190e-01
   2.0639180e-01   7.5261102e-01
   4.3137600e-01   7.5675253e-01
   4.0760152e-01   3.0537367e-01
   3.5798027e-01   3.3258538e-01
   2.3144584e-01   3.8917814e-01
   3.1157935e-01   6.1590602e-01
  -8.0581312e-01  -2.4781841e+00
   3.6105343e-01   9.0008501e-01
   2.7467981e-01  -3.0703793e-01
   1.9211312e-02   1.6633275e-01
   9.6619761e-02   5.1250062e-01
   2.9770714e-01   2.2423669e-01
   2.9393480e-01   2.9710560e-01
   3.0234665e-01   3.7759586e-01
   2.7533696e-01  -1.9910203e-01
   2.8082392e-01   6.9802241e-01
   5.6639562e-01   3.7670665e-01
   1.4035741e-01   5.8910632e-01
   3.5554899e-01   2.1080611e-01
   1.3399018e-01   2.3178999e-01
   8.9280966e-02   3.3699692e-01
   4.7269508e-01   7.3738683e-01
   2.0519905e-01   7.7537716e-01
   3.6572810e-01   5.8926915e-01
   5.8895133e-01   4.7629382e-01
   1.5860917e-01   4.2411611e-01
  -1.8874215e+00  -1.9092711e+00
   1.7863150e-01   7.0357344e-01
   4.3209069e-01   1.6082409e-01
   3.9593034e-01  -1.1462285e+00
   2.1330865e-01   5.7914825e-01
   3.8430018e-01   3.6887241e-01
  -9.7232152e-02  -1.2483244e-01
   1.1665743e-01  -1.3854245e-02
  -2.6859121e-02  -1.5396376e+00
   3.4000876e-01   2.0768774e-01
   2.6772327e-01   7.1113878e-01
  -1.1209277e-02  -1.5117605e+00
   2.2517412e-01   4.8274963e-01
   4.2099741e-01   4.1723935e-01
   5.1053641e-01  -2.1336687e-01
   3.3003365e-01   4.8089143e-01
   3.6714599e-01   6.0386234e-01
   2.3437503e-01   2.3579116e-03
   7.8668600e-01   6.3776988e-02
   3.1313882e-01   6.6988241e-01
   2.9566494e-01   1.4477588e-01
   2.7934365e-01   5.7119526e-01
   2.6857856e-01  -1.7828232e-03
   2.1925380e-01   3.7279675e-01
  -8.6516489e-02   4.2952065e-01
  -2.6134457e+00  -2.9264008e+00
  -5.7159939e-02   2.9030531e-01
   2.4863374e-01   1.1422966e-01
   5.6573850e-01   5.6997895e-02
   1.0222665e-01   3.5563343e-01
  -1.1868807e+00  -1.6600563e+00
   3.9406032e-01  -2.0710343e-01
   1.3089918e-01  -5.1562736e-03
   3.4033272e-01   5.5026997e-01
   1.9634287e-01   6.7748923e-02
   7.4010016e-02   3.8440912e-01
  -3.8610926e+00  -3.6921148e+00
   5.9090227e-01   4.8652211e-01
   5.3073486e-01   5.4183605e-01
   3.0584230e-01   5.9698949e-01
   3.8264347e-01  -2.0299665e-02
   3.5663185e-01   1.2011641e-01
  -2.4998984e+00  -2.4355278e+00
   7.0812598e-01   6.1434453e-01
   7.5651846e-02   5.4611229e-01
   3.0290767e-01  -3.1976552e-02
   5.6014807e-01   2.8027316e-01
   5.5320941e-02   7.5215831e-01
   3.5674374e-01   3.4778692e-01
   2.2296913e-01   2.1974536e-01
   2.3281883e-01   2.9319329e-02
   1.7430595e-01   3.0265149e-01
   1.8309058e-01   2.4510157e-01
   2.2801740e-01   7.5914156e-01
   3.8199503e-01   6.1733045e-01
   1.5906928e-01  -1.2100605e-01
   2.1799282e-01   7.5747471e-01
   3.1551932e-01   2.1756869e-01
  -5.0840243e-02   2.4211470e-02
   3.9523302e-01   4.2662935e-01
   1.9989713e-01   8.5634824e-02
   1.5821110e-01   3.7418963e-01
   8.9525176e-02   5.7151889e-01
  -1.0505472e+00  -2.0102413e+00
  -4.0600163e+00  -3.9857287e+00
   3.7031723e-01   4.7244503e-01
   5.2961273e-01   2.1083425e-01
   3.0914602e-01   2.3626517e-01
   2.7365034e-01   5.6141202e-01
   2.7391162e-01   6.0224819e-01
   2.8737185e-01  -2.3144155e-01
   5.7709757e-01  -5.6707933e-01
   7.7696058e-01  -2.2309429e-01
   1.1076883e-01   7.8208260e-02
   2.9830750e-01   7.4058823e-02
   4.8456913e-01   1.0750764e-01
   2.2391449e-01   4.7325759e-01
   3.1453273e-01   3.4193963e-01
   2.6179356e-01   2.8740362e-01
   5.6577339e-01  -2.0237893e-01
   2.7185508e-01   8.7481807e-03
   5.9614478e-01   5.1354929e-01
   1.6009574e-01   2.3985303e-01
   3.4525050e-01   3.1952561e-01
   2.3454991e-01   2.8443165e-01
   3.7659072e-01   8.3337889e-01
   2.3993412e-01   6.6237397e-01
   3.2980821e-01   1.8646841e-01
   6.6291217e-01   2.7161950e-01
   1.1306930e-01   2.5225891e-01
  -1.5247735e+00  -1.9986967e+00
   1.9799121e-01   1.0251585e+00
   2.4514737e-01   1.4327782e-01
   7.8771107e-01  -8.3010208e-01
   1.3841013e-01   1.5770301e-01
  -1.2730668e-01  -1.3543589e+00
   2.3703061e-01   4.0977372e-01
   2.3916082e-01   1.9577814e-01
  -1.9301702e+00  -2.2212388e+00
   1.2629703e-01   1.1304101e-01
   6.9305587e-02   5.7778310e-01
   3.8159174e-01   6.0797998e-01
   1.8285721e-03   4.6857705e-01
   3.4932672e-01   1.5829789e-01
  -7.0995226e-02   3.6435861e-01
   3.7351189e-01   5.2554727e-01
   3.2406919e-01  -1.7145269e-01
   2.5541326e-01   7.8123272e-01
   2.7648394e-01  -1.5123330e-01
   2.8206363e-01   1.1663265e-04
   2.4049046e-01   7.7660356e-01
   5.1765794e-01   3.7954858e-01
   1.4726403e-01   2.3952936e-01
   4.6671089e-01   5.1354242e-01
  -3.6107568e+00  -3.5353895e+00
   3.5696508e-01   7.2785893e-01
   3.0603999e-01   3.4798675e-01
   2.4941787e-01   1.3909258e-01
   3.0481605e-01   5.3204358e-02
   3.7680940e-01   1.0119857e-01
   2.6222950e-01   3.5438445e-01
  -2.3930714e-02   7.8091621e-01
  -3.5880563e+00  -2.9176686e+00
   4.7273733e-01   1.4516810e-01
   2.9886449e-01   7.5457063e-01
   8.3160495e-01  -7.2872855e-01
   4.6043314e-01   4.1993441e-01
   1.9512417e-01   3.6958532e-01
   1.3541943e-01  -8.8799770e-02
   3.9629779e-01   1.8684873e-01
   2.6832353e-01   4.4532162e-01
  -3.6107915e+00  -3.0455211e+00
   1.1025150e-01   1.2621097e-01
  -3.8853749e+00  -3.0033256e+00
   3.5482058e-02   2.6632804e-01
   3.0166042e-01   7.5320832e-01
   3.1164294e-01   1.2245629e-01
   1.6157259e-01   2.3234913e-01
   1.7272654e-01   4.9380162e-01
   1.8547853e-01   3.3622881e-01
   1.3214171e-01   3.1218741e-02
   5.3683999e-01   4.2085422e-01
   2.6419770e-01   7.3150555e-01
   2.3919116e-02   6.9215384e-01
   1.8321943e-01   4.8201755e-01
   7.3220613e-01   2.6290853e-01
   4.9130697e-01   1.6702400e-01
  -1.3486899e-01   5.8805295e-01
   3.6268318e-01   2.0207848e-02
   2.1915149e-01   1.7162819e-01
   1.4742396e-01   6.7421545e-01
   1.6099556e-01   4.7963847e-01
   4.4470912e-01   2.9348114e-02
   2.0534710e-01   1.1709273e-01
  -5.7210371e-02   1.2885559e-01
   3.2676026e-01   3.2754915e-01
   3.6493341e-01   3.8866984e-01
   2.4950950e-01   2.3521390e-01
   2.5514529e-01   8.2215176e-02
   3.5209062e-01   4.7052187e-01
   3.8085584e-01   5.6379707e-01
   2.6909886e-01   2.6533243e-01
   1.1130926e-01   4.8471899e-01
   3.6317357e-01   6.0208388e-01
  -8.8101793e-02   8.3775704e-02
   2.0199711e-01   2.9240783e-01
   1.9837634e-01   2.7909398e-01
   2.1453476e-01   1.6453870e-01
   1.4520658e-01  -1.6160421e-01
  -3.4114442e-01  -1.7777373e+00
   3.0470037e-01   2.1434997e-01
   3.6894686e-01   8.4662756e-01
   3.8838514e-01   6.7235637e-01
  -1.3552800e-02   3.8334607e-01
   9.2451811e-02   6.5595580e-01
   1.7294120e-02   7.8740814e-01
  -3.9976153e+00  -3.5049774e+00
   4.1364992e-01   1.1976131e-01
   2.9943625e-01   4.4159005e-01
   6.5327603e-01   2.4616455e-01
   5.3991618e-01   8.2840711e-01
   1.6645348e-01   5.6137050e-01
  -8.3833382e-02   2.2820890e-01
   2.4148782e-01   4.2041481e-01
   4.6168355e-01  -2.4648104e-02
   3.5860248e-01   4.4037525e-01
   6.1818212e-01   3.1508074e-01
   1.3013897e-01   3.1959751e-01
   1.1452458e-01   7.2492042e-01
   7.9168987e-02   4.7892005e-01
   1.7655518e-01   6.0136741e-02
   1.7116749e-01   3.8521181e-01
   3.0809046e-01   6.5784019e-01
   4.5748581e-01   1.3698092e-01
   7.1213202e-01   4.4131928e-01
   3.2172457e-01   1.4890385e-01
   3.1647054e-01   5.9646904e-02
   1.6259230e-01   5.3056323e-01
   4.1068388e-01   6.3324331e-01
  -8.0087388e-02   3.0940603e-01
   2.2498428e-01   7.4007850e-01
   3.0111648e-01   5.9023259e-01
   1.1746857e-01  -3.1993224e-02
  -1.1997904e-01   3.5419157e-01
   1.7351751e-01   1.3714102e-01
   2.4353225e-01   8.7220757e-02
  -1.4532152e-02  -8.1904594e-02
  -2.2926659e+00  -2.7563280e+00
   7.4730766e-02   1.6345754e-01
   2.0443978e-01  -1.9098704e-02
   2.2910841e-01   5.0381008e-01
   2.9994202e-01   6.3812374e-01
   4.2595343e-01   5.2923270e-01
   5.4541696e-01  -1.9207029e-01
   7.9666924e-01  -5.1256833e-01
   3.9850136e-01   4.9190776e-01
   8.7029241e-01   3.2264838e-01
   1.4341402e-01   1.8020876e-01
   5.1844530e-02   3.7308258e-01
  -3.8836257e+00  -3.6544812e+00
   1.2492169e-01  -1.2102715e-01
   3.5420628e-01  -8.3053677e-02
  -3.8138045e+00  -3.7367313e+00
  -2.7522251e+00  -2.9990357e+00
   1.4201420e-01   8.9038016e-02
   3.3933195e-01   4.6350337e-01
   9.1900960e-01   7.7477282e-02
   2.0732893e-01   8.5949894e-01
   2.9733657e-02  -1.0018332e-01
   3.7622208e-01   1.1548973e-01
   1.9707872e-01   6.4756453e-01
  -2.6421575e-02   4.0849124e-01
   3.1896820e-01   1.8060961e-01
   1.9295120e-01   3.9874456e-01
  -2.9399198e-02   3.3103252e-01
   6.5007568e-01   2.3834227e-01
   3.8732252e-01   1.1575876e-01
   2.0395882e-01   3.8344965e-01
   9.8125669e-02  -1.7303099e-01
   2.6035311e-01   3.7129289e-01
   3.8660025e-01   2.7238834e-01
   4.5107157e-01  -1.0783590e+00
  -5.2092549e-01  -1.7703976e+00
   3.3042992e-01   1.9645570e-02
   2.9876484e-01   3.3574365e-01
   6.0349257e-02   7.5241131e-01
   2.2479091e-01   6.3859827e-01
   2.4033060e-01   3.5897936e-01
   2.3710167e-01   2.8709464e-01
   4.0311171e-01   1.3992772e-01
   2.4022474e-01   9.7888331e-02
  -2.4370673e+00  -2.7107990e+00
   7.2257832e-01  -1.6057666e-01
   1.5378055e-02  -9.0007110e-02
   6.8025952e-02   8.4666199e-02
   8.3948067e-01   1.1601787e+00
   2.7607381e-01   3.7085949e-01
   4.4178954e-01   4.7187517e-01
   1.4433328e-01   3.0247620e-01
  -6.0522069e-03   5.5052854e-01
   6.8772815e-01   3.7452114e-01
   3.4420798e-01  -2.4488629e-01
   4.7549700e-01  -9.4482429e-02
   2.0346364e-01   4.7493941e-01
   2.5821267e-01   7.1612415e-03
   5.0602048e-02   3.2137917e-01
   7.1426071e-01  -2.4482027e-01
  -1.1753201e+00  -2.0441572e+00
   1.9745870e-02   3.7309025e-01
   4.9010834e-01   6.5116240e-01
   2.7778301e-01   6.7824246e-01
   5.6765637e-02   4.1567407e-01
   4.4829444e-01   4.2680267e-01
   5.1067107e-02   6.6537005e-01
   2.8560368e-01   8.2552151e-01
   5.8983808e-02   1.1340992e-01
   8.0061845e-01  -1.1714400e+00
   3.8196027e-01   7.2561261e-02
  -3.9814762e+00  -3.3080386e+00
   5.4450421e-02   8.0869332e-01
   8.8091932e-01   1.3265563e-01
   1.9456957e-01   1.0701549e-01
   1.2360801e-01   6.3930097e-01
   2.6698908e-01   3.1643647e-01
   1.4748930e-01   6.8029426e-01
   1.6380632e-01   3.6725421e-01
   2.0376379e-01   5.9403186e-01
  -4.0568723e-02   4.8131793e-01
   3.3862128e-01   5.0168742e-01
   3.6394394e-01   4.3097190e-01
  -8.7131850e-02  -1.6868823e+00
   3.6895739e-01   4.6853427e-01
   2.2917099e-01   5.6599828e-01
  -2.8223019e+00  -2.4973049e+00
   5.4158839e-01  -6.9348345e-02
   1.7616088e-01   1.8639330e-01
   1.1573708e-01   6.7580046e-01
   4.6423079e-01  -2.6386236e-01
   2.5945721e-01   2.4761692e-02
   1.9422082e-01   3.9933371e-01
   1.8405935e-01   2.7784474e-01
   3.0143925e-01   4.6982371e-01
   4.6086601e-01   1.3666904e-01
  -3.8756822e+00  -3.3151929e+00
   3.0528880e-02   5.0853182e-01
   1.5733088e-01   1.1493946e-01
   2.4656898e-01   4.2187117e-01
   3.4721656e-01   4.2319797e-01
   2.9419731e-01   2.6536170e-01
  -1.0041435e-01  -6.8892114e-02
   1.2669775e-01   3.8969084e-01
  -3.8929360e+00  -3.6196924e+00
   3.3220869e-01   5.3150460e-01
   3.7694224e-01   7.3298486e-01
   5.0794122e-01   3.2071143e-01
   2.5410073e-01   3.1162408e-01
   1.0572787e-01   6.9863714e-01
   8.2856818e-02   2.3005268e-01
   4.8682347e-01   6.8628378e-01
  -2.3270140e-02   1.8077203e-01
   1.2167906e-01   2.7962795e-01
   9.6402491e-01  -5.8711960e-01
  -1.7499864e-02   4.8551567e-01
   4.2010130e-01   5.7629018e-01
   2.0621946e-01   7.9859475e-02
   1.6288245e-01   7.5306168e-01
   3.7131956e-01   3.8588071e-01
  -3.7241005e+00  -3.5010455e+00
   2.2333396e-01   3.3409761e-01
   3.2459801e-01   4.6431446e-01
   2.2553771e-01   2.2563139e-01
   3.1579640e-01   4.1202926e-01
   1.0651155e+00  -8.2244081e-01
   2.0128571e-01   5.8069617e-01
  -7.3107057e-03   2.6586463e-01
   1.1798526e-01   3.8266622e-01
   2.6545303e-01   4.0630572e-01
   5.2488939e-02   6.1393502e-01
  -3.8497106e+00  -3.5016337e+00
   9.1800897e-02   3.2670696e-01
   3.7163739e-01   6.4757769e-01
   7.5498767e-01   6.8304072e-02
   4.3519359e-01   1.1752698e-01
  -6.9479010e-03   7.3831616e-01
   2.6439506e-01   7.3955003e-02
   1.3259964e-01   1.5827903e-01
   2.5194567e-01   6.6849706e-01
   1.5036669e-01   8.6349996e-02
   5.1967631e-01   5.7355920e-01
   1.9504841e-01   5.4191945e-01
   1.1406568e-01   6.5824282e-01
   2.5061456e-01  -3.5399382e-02
   2.7355209e-01   3.7196218e-01
   2.4408653e-01   8.7361135e-01
   2.2661852e-01   4.0004390e-01
   7.4850690e-01   2.0621603e-01
   6.1380842e-03   4.8313741e-01
   3.6268814e-01   2.3073755e-01
   2.4249573e-01   2.2563615e-01
   1.5483111e-01   4.9212733e-01
   2.5769032e-01   2.9132598e-01
   3.7414687e-01   1.3991154e-01
  -2.4774315e+00  -2.6494233e+00
   3.2683345e-01   3.0266689e-01
  -4.1149314e-02   1.5370484e-01
   3.5067957e-01   8.7119295e-01
   3.0950715e-01   3.6902472e-01
   7.2205085e-02   4.5712464e-01
   1.1150518e-02   1.9208147e-01
   4.5096413e-01   4.2421276e-01
   4.2662371e-02   6.1693499e-02
  -1.8196885e-01   7.5510095e-01
   5.2489886e-01   7.9354339e-01
   4.0397667e-01  -7.3311937e-03
   2.3772714e-01   1.5010585e-01
   2.2431571e-01   3.9503907e-01
   4.8574655e-01   2.6152817e-01
   7.8082255e-02   5.1675176e-01
   6.8058820e-02   6.4755379e-01
   5.1173769e-01   1.1305585e-01
   5.4227789e-01   4.9008866e-01
   3.0476142e-01   6.3663339e-02
   2.0600714e-01   3.6374865e-01
   7.4535500e-01   1.2239289e-01
   3.4579654e-01   5.2683717e-01
   2.9552306e-01   7.5187494e-01
   2.9295161e-01   7.2334066e-01
   3.9518348e-01   3.6153196e-01
  -3.5586945e-02   5.3655161e-01
   2.4812711e-01   4.4222361e-01
  -2.0198333e+00  -2.7980649e+00
   1.6605245e-02   3.6540239e-01
   1.7794512e-01   3.6934178e-01
   4.1256025e-01   4.3404009e-01
   3.9472461e-01   3.7333869e-01
   2.3121923e-01   5.5294165e-01
   3.2762004e-01   2.0074451e-01
   2.0186557e-01   2.3379360e-01
   4.4833880e-02  -5.8579436e-02
   3.2580975e-01   2.8382847e-01
   8.2812731e-02   4.4141986e-01
   5.2483649e-02   3.9177373e-01
   1.5042500e-01   4.9993572e-01
   4.2615962e-01   2.6297046e-01
   3.0405773e-01   1.0941151e-01
   8.1869320e-02   4.2141553e-01
   5.7904197e-01   1.2240333e-01
  -3.8999199e+00  -4.3312476e+00
   2.8377240e-01   3.4508861e-01
   1.7867064e-01   3.0956712e-01
  -3.8648062e+00  -3.6668109e+00
   5.5156988e-01  -4.6345166e-01
   2.5267636e-01   3.6661661e-01
   3.6258670e-01   4.8879098e-01
   5.9766910e-02  -1.5220814e+00
   2.7013924e-01   2.7854350e-01
   4.2049168e-01   2.7606273e-01
   4.5502229e-01   4.1079853e-01
   5.0107290e-01  -4.4385783e-01
   3.5604521e-01   4.5721551e-01
   3.2311143e-01   4.8032170e-01
   3.3565730e-01   6.7306967e-01
   1.8083737e-01   6.3518721e-01
  -3.1591323e-01   5.9262410e-01
   2.3935308e-01   2.2867315e-01
   2.6768021e-01   1.2838253e-01
  -3.9081327e+00  -3.9308041e+00
   1.3813872e-01  -7.1558610e-02
   1.9980832e-01   5.5617218e-01
   4.1677004e-01   2.0429586e-01
   9.1126930e-02   5.3681479e-01
  -3.8746078e+00  -3.4815918e+00
   2.7734469e-01   4.2526523e-01
   1.2042105e-01   7.3699753e-01
   8.4661550e-01   3.7974845e-01
   1.9115173e-01   1.6672946e-01
   2.9813279e-01   2.2356610e-01
   2.9515302e-01   5.8480090e-01
   2.9900083e-01   1.4824566e-01
   5.4918853e-01   1.5785054e-01
   2.5679163e-01   3.3747641e-01
   1.9393669e-01   7.4239681e-01
   3.4207253e-01   6.9928312e-01
   3.6937924e-01   6.0685008e-01
   1.0629447e-01   1.0301515e-01
   3.6079194e-02   5.9001898e-01
   1.0347270e-01   1.8280660e-01
   7.0634991e-02   4.7121687e-01
  -3.7913027e+00  -3.6291008e+00
   6.5227885e-01   7.0780128e-01
   4.2724166e-02   1.1434184e-01
  -3.8907055e+00  -3.4953408e+00
   2.1474193e-01   2.3334648e-01
   2.0128273e-01   4.3365758e-01
  -1.5538259e-01   5.6456579e-01
   1.9070450e-01   1.9516237e-01
  -1.0871947e-01   2.7813803e-01
   3.4925903e-01   5.2657244e-01
   1.7018652e-01   4.4892158e-01
   1.0376833e-01   2.9730690e-01
   2.6262346e-01   3.1348656e-01
   1.7249372e-01   5.3112131e-01
   3.7483233e-01   7.4883540e-01
   4.5660214e-01   3.0449283e-01
  -2.9463271e+00  -2.8369221e+00
   1.4815255e-01   6.4591702e-01
   1.7147716e-01  -1.1145380e-02
   1.5707818e-01   9.7282737e-01
  -3.2011036e+00  -3.5718101e+00
   3.7982523e-01   5.6390999e-01
   8.6816338e-01  -7.4017836e-01
   4.3712414e-01   9.0582631e-02
   4.8018533e-01   2.0061629e-02
   2.9313440e-01   5.1166982e-01
   1.5671736e-01   2.6654503e-01
   8.6151170e-02   3.4898036e-01
   3.0851720e-01   4.0744947e-01
   5.1801267e-01  -1.3846051e-01
   1.0569843e-01  -1.4845200e+00
   3.1273326e-01   3.8935807e-01
  -4.0664533e+00  -3.6591730e+00
   1.4883824e-01   4.5351310e-01
  -3.6574874e+00  -2.6899835e+00
   2.9535723e-01   6.9389248e-01
   6.6252091e-02   4.4377561e-01
   4.0846342e-01   6.0708749e-01
   9.5237906e-02   1.9785627e-01
   2.7447510e-01   1.7305893e-01
   2.4155268e-01   4.2584493e-01
   2.4880248e-01   7.3381083e-01
   1.4466575e-01   2.8518176e-01
   4.9553983e-01   9.2128565e-01
   2.7314842e-01   3.3342513e-01
   1.0847465e-01  -4.8617089e-02
   2.4602558e-01   1.2685792e-01
   5.4475189e-01   2.8530180e-01
   4.1137140e-01   7.1025627e-01
   3.9296065e-01   3.1187888e-01
   2.7001014e-01   5.3721510e-01
   3.3185505e-01   5.4750392e-01
  -7.2453114e-02   4.0875033e-01
   1.7844836e-01  -5.6598439e-02
   4.2587738e-01   2.4464075e-02
   2.6433258e-01   5.4408716e-01
   4.1308782e-01   2.3354953e-01
   3.2689975e-01   6.8082009e-01
   3.6610218e-01   2.6556944e-01
   3.1302744e-01   1.7446825e-01
   1.8472627e-01   9.1170570e-01
   2.3956001e-02  -2.6152828e-01
   3.1891278e-01   2.6784416e-01
   1.5619605e-01  -1.6232221e-01
   4.1665989e-01   3.5302746e-01
   6.2399240e-02   2.9773858e-01
   8.2843186e-01   5.1133195e-01
   3.1324612e-01   8.5022295e-01
   1.5990268e-01   7.4470307e-01
   3.1905747e-01   1.7720302e-01
   2.8247306e-01  -1.1303193e-01
   3.0290489e-01   4.1634054e-01
   2.2811626e-02   1.3157998e-01
   6.4676191e-01  -2.9601213e-01
   1.6139210e-01   6.5197606e-01
   2.9234304e-01   7.8396292e-01
   1.4152442e-01  -7.9687129e-02
   4.4444856e-01   7.8427314e-01
   6.7164329e-01   4.2528240e-01
   2.0008429e-01   7.2754257e-01
   3.5074446e-01   1.5940920e-01
   8.7458586e-02   5.9796943e-01
   3.6000805e-01   3.6887649e-01
   8.6843962e-01  -3.8041908e-01
   1.0106044e-01   3.0719181e-01
   3.0596008e-01   8.2772483e-01
   3.3167078e-01   1.3310145e-01
   3.0210263e-01   2.7251491e-01
  -3.7040595e+00  -3.7773593e+00
   3.9535260e-01  -3.1843476e-01
   8.4788810e-01  -9.6350840e-01
   2.5009381e-01   5.7294303e-01
   4.1078155e-02   4.9154674e-01
   8.3406478e-02   4.3490849e-01
   3.9575730e-01   4.6857828e-01
   2.4252370e-01  -1.9952994e-02
   5.9713986e-01  -1.3609024e-02
   5.4968494e-01   2.5289946e-01
  -4.0520214e+00  -4.0790565e+00
   3.1530927e-01   1.5393092e-01
   5.4762407e-01   3.2345634e-01
   3.6693404e-01   3.4948942e-01
   3.2023822e-01   3.9417732e-01
   2.7410985e-01   7.1849218e-01
  -4.5196696e-03   8.2050921e-01
   3.8524785e-01   1.0152071e+00
   3.3318967e-01   1.4013885e-02
   4.5065861e-01   6.7401629e-01
  -1.0408385e-02   3.8683779e-01
  -3.9141459e+00  -3.6078397e+00
   8.5642604e-02   5.9135034e-01
   6.4138367e-01  -9.2810004e-01
   1.5271659e-01   2.3356196e-01
  -3.9365511e+00  -3.6797014e+00
   6.3519905e-02   1.6795567e-01
   3.7968098e-01   6.9308391e-01
   2.6861938e-01   4.1467780e-01
   3.2833232e-01   6.5865678e-01
   7.9770639e-01  -6.7134594e-02
   3.4149324e-01   8.2215110e-03
   2.1555066e-01   7.0942241e-01
   5.3716449e-01   4.8388522e-01
   2.2731413e-01   1.4677778e-01
   1.6885946e-01   1.0213669e-01
   3.2885328e-01   4.1436841e-01
   3.0070515e-01   1.6732688e-01
   3.9456661e-01   4.7367130e-01
  -2.6751159e-01   4.3685151e-01
   1.5218645e-01   2.5972801e-01
   3.6306335e-01   2.9868937e-01
   3.8839254e-01   4.3413664e-01
  -1.5720169e+00  -2.5680251e+00
   1.9108502e-01   1.2646861e-01
   3.4150699e-01   5.7432512e-01
  -3.3993454e-02   3.8056824e-01
   9.2813899e-02  -4.5978015e-02
   2.7397313e-01   2.5614838e-01
   3.4870575e-01   2.4236509e-01
  -4.0034046e+00  -3.7858982e+00
   8.8154327e-01  -8.6889499e-01
   8.0827615e-02   5.0525549e-01
   6.6478733e-01  -1.4404201e-01
   3.7169760e-01  -7.7103615e-03
  -2.5618405e-01   5.2185550e-02
   4.6166174e-03   3.2108705e-01
   1.5858865e-01   3.7752473e-01
   3.1603657e-01   8.4257067e-01
   3.5125589e-01   2.6084741e-01
   3.7106132e-01   1.8609106e-01
   4.1867347e-01   5.2134607e-01
   2.1853284e-01   1.3110559e-01
   1.6935686e-01   7.1951333e-01
   2.7044730e-01   7.2812061e-01
   5.5648409e-01   2.0657763e-02
   1.5526444e-01   4.7470782e-01
   2.8444217e-01   2.2421584e-01
   4.8896056e-01   2.5475965e-01
  -5.9228582e-02   5.4680543e-02
  -1.0862467e-01  -1.8579753e+00
   3.3217523e-01   8.0467051e-01
  -3.9475775e+00  -3.9711034e+00
   5.3995922e-01   4.4122684e-01
   1.6000803e-02   7.1681213e-01
   7.7123943e-01   3.6746834e-01
   7.3103560e-02   2.4477471e-01
   4.5056189e-01   3.1294514e-01
   1.3749524e-01   7.1820086e-01
   3.0350408e-01   3.9300873e-01
   5.5160770e-01   2.4109655e-01
   4.2251555e-01   6.0214677e-01
   1.0329244e-01   3.3418574e-01
   2.9415334e-01   2.8185275e-01
   3.4145662e-01   3.5675952e-01
   3.7359617e-01   4.2986076e-01
   3.9485965e-01   5.5675992e-01
   1.5664149e-01   5.1477325e-01
   2.5079259e-01   2.4833289e-01
   3.5578762e-01   6.7217596e-01
   3.4187390e-01   5.5293814e-01
   2.7483764e-01   8.8464715e-02
   3.3156789e-01   2.6829751e-01
   4.5406831e-01  -1.1154430e-02
   1.0296121e-01   2.3040162e-01
   1.3003260e-01   1.0902047e-01
  -1.5846300e+00  -2.3404012e+00
   1.5563095e-01   4.6843700e-01
   6.6475409e-01   1.7876897e-01
  -7.5649434e-02  -7.3072295e-03
   2.0275362e-01   2.9957678e-01
   2.2336448e-01   1.8570510e-01
   2.7372490e-01   2.2628472e-01
   2.7489539e-01   1.4460319e-01
   3.9664212e-01   6.5792401e-01
   9.7316484e-01   4.3181012e-02
   3.8872767e-01   7.6989000e-01
   4.2604625e-01   5.5981596e-01
   5.9649903e-02   9.1525931e-02
  -3.4794751e+00  -3.1106584e+00
   2.9752096e-01  -5.7939712e-02
   3.5997191e-01   3.7159823e-01
  -2.8177991e-01  -1.6672098e+00
   2.6836512e-01   5.6266056e-01
  -2.9386971e+00  -3.0892593e+00
   2.4549786e-01   4.0325325e-01
   5.7111056e-01  -1.2713806e+00
   3.3356717e-01   1.8751520e-03
   2.5370402e-01   8.6214573e-01
   4.0169969e-01   3.7433995e-01
   2.3489402e-01  -3.0771087e-01
   3.5841255e-01   5.8077026e-01
   3.4130951e-01   4.3214800e-01
   1.6822950e-01   3.5736526e-01
   1.0605788e-01   8.7927780e-01
  -3.0284878e-02   1.2510809e-01
   7.5046551e-01  -4.0170613e-01
  -7.7572903e-02   1.8656507e-02
   3.0540846e-01   7.7116832e-01
   2.7756611e-01   1.1285155e-01
   3.2428271e-01   5.1815877e-01
  -1.6295846e-02   8.1858234e-01
   9.3658185e-02   7.4310941e-01
   1.1213484e-01   7.6660673e-01
   2.4356914e-01   6.5885151e-01
  -3.9645784e+00  -4.0381394e+00
   3.4224443e-01   4.8955701e-01
   2.4385126e-01   2.8684068e-01
   1.3149326e-01   4.1880192e-01
   1.9982220e-01   1.8569302e-01
   4.6822529e-01   3.9708037e-01
   2.4044610e-01   5.7506856e-01
   4.1512783e-01   1.0005632e-01
   3.9102545e-01  -5.2524209e-02
   5.6079035e-01   6.4924907e-01
   2.4880611e-01   4.7222643e-01
   4.2385185e-01  -1.2987192e-01
   3.3070465e-01   5.3917385e-01
   1.7193725e-01   4.9224597e-01
  -3.8580571e+00  -3.7927676e+00
   2.1461621e-01   7.6938959e-01
   4.0401633e-01   5.3096375e-01
  -4.1163896e+00  -3.9942054e+00
  -1.2315405e-01   2.3474119e-01
   2.2599392e-01  -1.6612018e-01
   3.3703186e-01   3.5931440e-01
  -3.8824212e+00  -4.0415883e+00
   6.2441724e-01   7.1423938e-01
   8.1548428e-01   3.3937428e-01
  -3.6639408e+00  -3.4639193e+00
  -3.7921138e+00  -3.5701010e+00
   2.0632497e-01   8.1235828e-01
  -1.1550838e-01   2.4544674e-01
   2.5257076e-01  -1.8251361e-01
   1.7402722e-01   3.9492934e-01
  -9.3920074e-01  -1.6261964e+00
   2.7456638e-01   2.1304230e-01
   4.3158160e-01   3.3718366e-01
  -3.6614700e+00  -2.7974518e+00
   1.0604902e-01   7.1017688e-01
   2.2197912e-01   2.2634226e-01
   7.2030774e-01   8.5345560e-02
  -4.1442557e+00  -3.2147741e+00
   1.4164798e-01   6.3479216e-01
   4.4737089e-01   1.4314124e-01
   9.5661084e-02   1.2136249e-01
  -3.9582700e+00  -3.7545399e+00
  -5.4358343e-02   1.4835221e-01
  -2.5663784e+00  -2.3019671e+00
   6.5315731e-01   8.4451193e-01
  -1.4100162e-01   1.6750992e-01
   5.1639283e-01   3.3908152e-01
   3.0531922e-01   6.1258157e-01
   3.4312809e-01   1.2655529e-01
   2.9818163e-01   1.4663558e-01
   3.4640718e-02   4.4819876e-01
   3.1944054e-01   4.3983948e-01
  -1.8736185e+00  -2.4121796e+00
   5.0876077e-01   2.6420341e-01
  -1.4467561e+00  -2.3233564e+00
   8.7086198e-01  -1.0310626e+00
   6.6625156e-02   6.8239533e-01
   4.1647888e-01   7.3054639e-01
   4.4797705e-01   2.4423622e-01
   3.0369185e-01   3.1464651e-01
   3.1576252e-01   6.9834210e-01
   1.1649953e-01   1.1464733e-01
   6.2009040e-01  -3.0774928e-01
   5.2412221e-01   3.1996974e-01
   6.8178302e-02   3.1618626e-01
   3.5040878e-01   1.9155577e-01
   2.6517119e-02   6.8406564e-01
   3.0275835e-01   2.9513931e-01
   1.8875583e-01   5.6809978e-01
   3.7444389e-01   1.0490408e-01
   8.4947765e-01  -1.3986469e+00
   2.9906453e-01   5.4639292e-01
   2.6212090e-01   2.2862972e-01
   3.8908268e-01   8.3917856e-02
   3.4797425e-01   4.1058468e-01
   9.2572054e-01   2.6754138e-01
   4.0754615e-01   5.6538282e-01
   5.9880826e-01  -1.1246018e+00
   2.5656094e-01   9.5402134e-01
   4.9117475e-01   4.2998167e-01
   7.3836721e-01  -5.9979469e-02
   2.5790655e-01   5.9292948e-01
   1.6131275e-01   3.5428316e-01
   4.2144597e-01   1.0833887e-01
   3.6567783e-01   5.2784563e-01
   2.4166404e-01   1.4299861e-02
   2.5366562e-01   8.3289465e-02
   3.2821313e-01  -5.1380792e-02
  -3.3563471e+00  -2.8820595e+00
   3.4590261e-01   3.3632699e-01
   3.6908000e-01   3.7846738e-01
   3.6127023e-02   2.5503029e-01
   7.6980338e-01   1.5257490e-01
   3.9361570e-01  -1.0023191e-01
   1.0526295e-01   1.5574228e-01
   3.1361700e-01  -1.5723318e-01
   6.5946077e-01   3.5828575e-01
  -1.2000893e-02  -2.7155974e-02
   1.3326679e-01  -1.7620612e+00
   4.2275789e-01   2.7452039e-01
   4.7713670e-02   9.2535148e-02
   4.1075973e-01   2.9788760e-01
   3.1105097e-01   2.1520580e-01
   2.4299574e-01   3.9270643e-01
  -2.1838886e-03   3.6013734e-01
   2.8512231e-01   5.6805384e-01
   2.8747408e-01   7.3479773e-01
   4.9975867e-02   5.4415776e-01
   3.7705971e-01   3.3216304e-01
  -2.6799238e+00  -2.5913678e+00
   1.9287574e-01   4.0144047e-01
   2.7089780e-02   5.4042549e-01
   3.6150910e-01   5.6482430e-01
   1.7914750e-01   5.5676491e-01
   3.8367186e-01   3.3090458e-01
   1.8650620e-01   6.7828263e-01
   2.6679961e-01   4.6972081e-01
   8.5390945e-02   5.1363578e-01
   4.1067205e-01   4.0725872e-01
  -2.5650955e+00  -2.4718850e+00
  -1.8360785e+00  -2.1392284e+00
   4.0538806e-01  -1.1436887e-01
   1.7970077e-01   2.4744973e-01
   4.5325107e-01   3.3356618e-01
  -3.5555282e+00  -2.9318188e+00
   4.9243323e-01   8.4711718e-01
   5.1884900e-01   1.5833555e-01
  -3.8756047e+00  -3.6424432e+00
   3.2800127e-01   5.0267671e-01
  -4.1316090e+00  -3.8561896e+00
   2.9589118e-01  -1.7097213e-01
   6.9568848e-03   3.6245836e-01
   1.8518664e-01   4.9911057e-01
   3.1016216e-01   3.0801973e-01
   1.7343190e-01   1.3453414e-01
   3.7429374e-01   1.3419328e-01
  -2.0462705e+00  -2.3817511e+00
   8.0675592e-01  -5.3212524e-01
   3.2082750e-01   4.2948597e-01
   5.6046948e-01   1.5854975e-01
  -7.7697754e-02   7.3894765e-01
  -3.8119067e+00  -3.8697051e+00
   5.1555313e-01   2.7635185e-02
  -1.3300528e-02   1.8674101e-01
   1.6727088e-01   2.0717157e-01
   1.9305073e-01   5.4750805e-01
   8.4496893e-01   7.7827883e-03
  -1.6863737e-03  -8.0277799e-02
   4.2139299e-01   2.0102510e-01
   1.4904999e-01   6.0860240e-01
   2.0006564e-01   5.0897365e-01
   1.3326401e-01   5.8412993e-01
   5.5227498e-01   6.2367255e-01
   3.0154318e-01   7.3724824e-01
   2.4957440e-01   1.4900274e-01
  -5.9791983e-02   5.8560316e-01
   1.6569913e-01  -1.1585391e-02
   5.1223930e-01   4.0769475e-01
   2.0028152e-01   2.6987323e-01
   2.0604377e-01   4.3404479e-01
   6.1933756e-02   6.0766266e-01
   2.2482085e-01   8.0402114e-01
  -1.9933801e+00  -2.5636965e+00
   1.6842184e-01   4.7315643e-01
   5.1720797e-01   1.8949707e-01
   3.7675883e-01   2.3773877e-01
   7.2876461e-02   9.4811574e-01
   2.7319655e-01   4.7462373e-01
   3.3690735e-01   3.1230456e-01
   1.9012288e-01  -5.1958554e-01
   2.3401556e-01   6.3942876e-02
   1.0896877e-01  -1.5842564e-01
   2.4676182e-01   3.2761806e-01
   3.7528849e-01   6.2051791e-01
   2.3616113e-01   4.2348274e-02
   3.0797097e-01   4.3484525e-01
   1.2407776e-01   4.3792444e-01
   6.2625961e-01   1.1824942e-01
   2.0809762e-01   3.7658286e-02
   4.4145443e-01   3.8105335e-01
   1.2238766e-01   5.4383784e-01
   1.8628471e-01   8.2982420e-01
   6.6205940e-01   5.1975086e-01
   5.4898568e-01  -1.4669173e+00
   4.0661967e-01   1.7975966e-01
  -3.8156990e+00  -4.1290005e+00
   1.9299798e-01   3.6314299e-01
   1.5927857e-01   1.8942509e-01
  -9.9644019e-01  -2.1160452e+00
   2.2027978e-01   5.4400958e-01
   2.8349611e-01   7.4919382e-01
   3.3132694e-01   1.6159246e-01
   5.0909501e-02   8.9188893e-01
   2.9779376e-01  -1.3079298e-03
   4.2792317e-01   3.2590585e-01
   3.3271277e-01   2.7719436e-01
  -1.9547686e-02   4.2669467e-01
   5.1758230e-01  -1.3098914e-01
   1.7169085e-01   2.2003777e-01
   2.1567616e-01   8.7978555e-01
   3.0714243e-01   7.1013550e-01
   1.5477488e-01   4.4771455e-02
  -2.7992170e+00  -2.6275901e+00
   1.9430312e-01   2.2950706e-01
   2.4718691e-01  -9.9480606e-02
   3.7886213e-02   3.5548856e-01
   3.0284580e-02   1.2757334e-01
   1.3819147e-01   3.4806477e-01
  -4.1299099e+00  -3.7381862e+00
   1.9745614e-01   1.2759121e-01
   2.7687568e-01   3.3483460e-01
   4.2075259e-01   4.1949561e-01
   4.7173772e-01   1.5089719e-01
   4.0398010e-01   2.0296735e-01
   1.9740799e-01   5.5259667e-01
   1.7459887e-01  -1.2691956e-01
   1.6655466e-01  -2.0101439e-01
   2.6907392e-01   3.9635277e-01
   3.9617719e-01   3.8803649e-01
   1.4577970e-01   3.9068701e-01
   6.6643027e-01   7.4846894e-01
   1.7926789e-01   1.3722729e-01
   1.3450534e-01   2.8943728e-01
   8.2933325e-02  -1.0582971e-01
   1.6811788e-01   9.3367027e-02
  -3.8275043e+00  -3.5731996e+00
   2.4014229e-01   4.1003276e-01
   1.2347519e-01   1.8568689e-01
  -1.1789698e-02   2.4487003e-01
   2.7286726e-01   9.9285055e-02
  -3.6172418e+00  -3.0016644e+00
   2.9147390e-01   2.6027247e-01
   5.5809091e-02   5.8095870e-01
   3.5659028e-01  -5.8877592e-02
   2.2924993e-01   1.6801653e-01
  -3.8326435e+00  -3.7894768e+00
   2.3003134e-01   2.2806124e-01
   4.8447281e-01   3.1478773e-01
   4.4475412e-01   3.6780294e-01
   4.6952537e-01   3.9888755e-01
  -2.8010018e-02  -1.4919111e-01
  -3.9844618e+00  -3.8429802e+00
  -7.1279580e-01  -1.4939282e+00
   3.3783166e-02   2.6774605e-01
   7.7911884e-01  -1.4116067e+00
   2.6842187e-01   2.0768075e-01
   2.2563831e-02   5.9526194e-01
   9.0330715e-01   8.9163071e-02
   3.3507170e-01   3.2060977e-01
   4.9942676e-04  -1.1388272e-01
   2.5939617e-01   7.2310406e-01
   2.0415381e-02   1.3087922e-01
   2.1219363e-01   3.1791250e-01
   6.3463409e-01   1.5181147e-01
   4.2226440e-02   5.2191525e-01
  -4.0243658e-03  -1.0318827e-01
  -1.9035518e+00  -2.6332471e+00
   1.7956478e-01   3.8735112e-01
   2.8903027e-01   1.6176286e-01
   1.9687558e-01   7.9342200e-01
   3.2554281e-01   8.6003882e-01
   6.1766172e-01   4.9882756e-01
