   2.8756452e-01  -5.3235186e-01
   1.0061101e+00  -7.2682659e-01
   3.0562540e-01  -1.0212622e-01
  -1.3238601e-01   1.4141703e-01
  -7.8268052e-01   6.0053917e-01
  -3.0046429e-02  -1.8475432e-01
   1.0359337e-01   6.4539687e-01
  -3.2914921e-01   4.4306208e-01
   5.3841935e-01  -8.1786731e-01
   1.2015803e+00  -6.9671258e-01
  -4.0586399e-01  -1.2308169e-01
   2.0025093e+00  -5.6988630e-01
  -1.5677239e+00   9.8303639e-01
   8.8028219e-01  -7.1056681e-01
  -7.8885032e-01   4.0210996e-01
  -4.2480871e-01   2.5470783e-01
   1.0935343e+00  -1.6298208e-01
   4.0138930e-01  -5.5179522e-01
   1.7136500e+00   4.8953262e-01
  -2.3335944e-01  -1.9782547e-02
   2.4366964e-01  -7.9362694e-01
  -7.3637784e-01   3.9498264e-01
   8.3834078e-01  -7.8639521e-01
   7.0301431e-01   5.4527574e-01
  -1.6137502e-01   4.6476705e-02
  -1.2934288e-01  -2.0714290e-01
   8.9832836e-01  -1.1535175e+00
   7.5079707e-01  -5.2908125e-01
  -1.1040774e+00   5.2145417e-01
  -8.5545966e-02   2.1241504e-01
  -3.5702901e-01   4.2509200e-01
   4.9231641e-01  -8.0615575e-01
  -1.0181519e+00   4.6753104e-01
  -1.2870984e+00   6.6539493e-01
  -1.0574397e+00   9.1927354e-01
  -8.9256648e-01   5.8537751e-01
   2.7522544e+00  -9.7946585e-01
  -3.1578097e-01   3.8478250e-01
  -1.9648817e-01   4.1518611e-01
   8.8063199e-01  -1.4385280e-01
  -9.5572350e-01   6.6138435e-01
   2.5300735e-01  -2.4972381e-01
   7.4923905e-01  -6.6694999e-01
  -6.1969345e-01   4.5816340e-01
   7.6727764e-01  -5.7447305e-01
  -6.6005341e-01   6.4857481e-01
  -1.2754088e+00   7.8715130e-01
   5.1223546e-01  -3.5333726e-01
  -3.4076018e-01   4.4565861e-02
   1.4636890e-01  -5.1933743e-01
   1.7380534e-02   1.4929932e-01
   7.7247909e-01   4.3898918e-01
  -2.8871253e-01   4.4612170e-01
   1.1925028e+00   3.4612881e-01
  -5.4884916e-01   5.7364424e-01
  -1.3193904e-01   5.2000553e-01
  -5.3638705e-01   5.1081487e-01
  -4.0670319e-01  -4.3312183e-02
  -1.8805651e-01   6.9833331e-02
  -1.2792930e-01   2.0251368e-01
   1.0156579e+00  -7.0643391e-01
   1.8571481e+00   2.2947554e-01
  -3.3192905e-01   4.2210819e-01
  -8.4041997e-01   5.4906786e-01
  -9.9055524e-01   5.5137308e-01
   4.6900908e-01  -7.8044606e-01
  -7.5546696e-01   6.6850010e-01
  -4.5388203e+00   3.2430790e+00
  -1.4031095e-02  -6.8962877e-01
  -2.9902741e+00   1.8293558e+00
  -5.4051163e-01  -1.3892996e-01
  -1.4219132e-01  -2.5714214e-01
  -1.9046038e-01   3.2434763e-01
  -3.6411672e-01   4.4184394e-01
   5.5723534e-01  -4.8556408e-01
   1.4927874e+00  -7.9207718e-01
   1.5392594e+00   1.3567224e-01
   7.5234933e-01  -5.7184665e-01
   1.9733927e-01   1.1027669e-01
  -6.8879181e-01   2.5434325e-01
   2.0471958e+00  -5.9135170e-02
  -1.2989819e-01   3.6234078e-01
  -9.9402871e-01   2.6026875e-01
   3.9466125e+00  -8.8710228e-01
  -5.9711336e-01   1.0356022e-01
   5.9140643e-01  -1.3438042e-02
   1.3844519e+00   3.3661557e-01
  -8.1828021e-01   3.0330247e-01
   5.4424434e-02   2.6824763e-02
   3.6982864e-01  -4.3041150e-01
  -1.4216494e-01  -9.6039545e-02
   5.1587956e-01  -1.0545732e-01
  -3.8525875e-01   6.1163111e-01
   6.1201946e-01  -6.3636372e-01
  -8.5567445e-01   5.9694891e-01
  -1.9008555e+00  -6.2436287e+00
   5.5345608e-01  -1.3123619e-01
  -7.1651031e-01  -7.1062033e-02
  -3.0188773e-01   4.8555765e-01
   2.6244465e-01  -5.6297851e-02
  -9.2865338e-01   5.9707240e-01
   1.3227141e-01  -2.7676249e-01
  -6.9519969e-01   5.7186953e-01
   2.8611996e+00  -4.0253740e-01
   6.6673694e-02   1.8833005e-02
   8.8680312e-01  -6.2856305e-01
  -2.2916805e-01   2.6393340e-01
  -1.3251574e-01   1.0217843e+00
  -5.9317329e-01   2.0032794e-01
   1.2241449e+00  -7.8691617e-01
   3.6960746e-01  -2.6307283e-01
   3.8220575e-01  -2.3336440e-01
  -5.1498214e+00   4.9879816e+00
  -3.1883259e-01   6.9188285e-01
   9.0517629e-02   1.1584158e-01
   2.5911145e-01  -6.6375633e-01
   4.8159353e-02   3.6493638e-01
   8.7208336e-01  -6.9056798e-01
  -1.1044392e+00   5.4652771e-01
   8.6654228e-01  -9.8835311e-01
   8.9763567e-01  -9.0490679e-01
  -6.7318000e-01   3.9247863e-01
   1.2602918e+00  -6.8959394e-01
  -3.2726257e-01   2.6759944e-01
   1.1085154e+00  -2.3506579e-01
  -7.3135592e-01   4.1255113e-01
  -2.5723034e-01  -1.9047419e-03
  -5.6523742e-01   4.3326580e-01
   7.6567935e-01  -6.3541769e-02
  -3.0791741e-01  -1.6630130e-02
   1.1595092e+00  -6.4170396e-01
   6.7616717e-02  -3.2358450e-01
   6.7958988e-01  -5.1069661e-01
   9.4574604e-01  -9.1677674e-01
  -5.4185544e-01   1.9693730e-01
   9.0729643e-02   5.4284327e-02
  -6.1852078e-01   3.9778660e-01
  -2.4670672e-01   2.9771359e-01
   9.1481999e-01  -7.4234725e-01
  -6.4299527e-01   3.9264109e-01
  -6.3401827e-01   3.4090885e-01
  -8.0473441e-01  -5.2602397e-01
   1.1400035e+00   6.0598827e-01
  -5.8642419e-01   5.1725152e-01
  -8.9161660e-01   3.2052128e-01
  -8.9328602e-01   7.8572194e-01
  -8.9797679e-01   6.0206018e-01
  -6.2203333e-01   5.7018585e-01
  -1.1188575e+00   6.7503627e-01
  -7.4118400e-01   4.8210440e-01
   3.4398161e-01  -6.5874112e-01
  -3.4027877e-01   5.7477332e-01
   4.9917589e-01  -6.8777385e-01
   3.3207386e-02   1.4996319e-01
   1.6836825e+00  -1.7631474e+00
   4.1429813e-02  -7.2512376e-02
   1.2469779e+00  -1.3405291e-01
  -1.0119954e-02  -8.3534909e-02
  -1.0567556e-01   2.8895868e-01
   7.3714028e-01  -3.2710321e-01
   1.7202314e+00   2.4469506e-01
  -9.5633998e-01   7.7621578e-01
   1.3604048e-01  -8.4587380e-03
  -2.9421027e-01   2.4573989e-01
  -1.9247396e-02  -1.0721195e-02
  -9.6908321e-01   4.6493802e-01
  -1.4764717e+00   6.1630461e-01
  -2.4901222e+00   1.8167983e+00
   5.4392477e-01  -5.8321336e-01
  -3.1429704e+00   2.0096159e+00
   6.4462086e-01  -2.9213734e-01
   8.2077141e-01   2.9260391e-01
   1.2471052e-01  -4.7251552e-01
   1.2413202e+00  -1.2052768e+00
  -1.0583339e+00   7.0346040e-01
   6.5664819e-01  -3.7472284e-01
   2.1429209e+00  -2.7132810e-01
  -7.4553703e-03   2.9649671e-01
  -2.4843768e-01   3.2136189e-01
  -3.9405966e-01   4.7027512e-01
  -8.3473358e-01   4.7948409e-01
   3.4738096e-01  -5.6734579e-01
   7.9923011e-01  -6.5462455e-01
  -4.3390290e-01   6.1356118e-02
   1.8613092e-01   1.1520603e-01
  -2.8117562e-01   1.6409830e-01
  -8.2896171e-01   4.3850598e-01
  -1.3297712e+00   6.3525126e-01
  -7.5010542e-01   6.2054825e-01
   9.6800712e-01  -4.4655953e-01
   7.4869393e-01  -2.2669979e-01
   6.8370376e-01  -7.1934372e-01
   3.8070111e-01  -8.1509744e-01
   3.5470480e-01  -1.9371020e-01
   2.5701136e+00   1.6973661e-01
  -3.7268072e-01   2.9375533e-01
   8.5075684e-01  -7.0586843e-01
   1.1138555e+00  -5.5423494e-01
  -6.9976558e-01   4.3257988e-01
  -5.0511961e-01   3.2702888e-01
  -3.9333152e-01   3.0269797e-01
   7.1793303e-01  -6.6815828e-01
  -6.8068699e-01   6.7602824e-01
   9.6796186e-01  -8.8836265e-01
   3.6247662e+00  -8.7698839e-01
   2.4009593e-01   1.6683699e-01
   1.1625792e+00   5.5127817e-01
  -4.1889516e-02   2.2086088e-02
  -4.9273587e-01   3.7738449e-01
  -6.7163728e-01   2.5229503e-01
  -3.6845385e+00   2.4886504e+00
  -4.0372510e-01   3.7242615e-01
  -1.2702181e+00   7.4663075e-01
  -7.2021585e-01   1.0392258e-01
   3.7001511e-01  -4.7618163e-01
   1.3171988e+00  -1.1232675e+00
  -2.2584168e-01   2.8408303e-01
  -3.5620801e+00   9.0085133e+00
   8.4968866e-02   1.7113184e-01
   2.8458884e-01   6.6015913e-02
  -1.0871055e+00   6.2095731e-01
  -3.9816607e-01   5.0007661e-01
   8.1218332e-01  -5.7748346e-01
  -3.9763973e-01   2.5121996e-01
   1.7169996e-02   4.1556183e-01
   2.0136067e+00   3.9620981e-02
  -6.7166757e-02  -4.1339367e-02
   3.6698466e-01  -3.7215029e-01
  -1.2955331e+00   6.7175532e-01
  -1.1980418e+00   6.8254292e-01
  -5.2502917e-01   4.2561261e-01
  -2.0284071e+00   1.4588604e+00
  -2.5070756e-02   6.4981847e-02
  -7.1393185e-01   4.6490780e-01
  -7.3164271e-01   4.9813195e-01
  -1.4502444e+00   6.9601185e-01
   6.4829785e-01  -3.9727600e-01
   1.7044448e+00   5.4937475e-01
   5.0605978e-01  -2.4440133e-01
   3.4791781e-01  -4.5779921e-01
   3.7765776e-01  -4.4476356e-01
  -2.1000043e-01  -3.2763227e-02
  -6.0414120e-01   2.6711094e-01
   4.5936377e-01   3.3337698e-01
   6.7258569e-01  -6.2805174e-01
   2.5147546e-01  -3.6315256e-01
   2.8980332e-01   1.7877897e-02
  -1.6227705e-01   4.2739356e-01
  -4.6808326e-01   5.8820710e-01
  -1.3321893e+00   9.7424698e-01
   6.8290342e-01  -4.9820521e-01
  -1.0062908e+00   6.1528644e-01
  -3.8774333e-02   8.3662145e-02
   3.4237506e+00  -1.8658145e+00
   5.2307638e-01   3.4835064e-01
   2.0540131e-01  -2.3537962e-01
  -5.2990063e-02   3.1285409e-01
   1.5821435e+00  -1.5773691e+00
  -5.4698768e-01   4.6192131e-01
  -2.4344446e-01   3.2351275e-01
  -6.1125339e-01   6.1594892e-01
  -2.6701431e-01   3.1091955e-01
   5.4652061e-01  -3.1806916e-01
  -1.5545122e+00   1.2066467e+00
   4.4252099e-01  -5.0744622e-01
  -6.8374054e-01   2.8093971e-01
  -1.1530645e+00   6.1365042e-01
  -5.3096451e-02   1.8233761e-01
  -9.6107944e-01   6.1649313e-01
  -4.6099026e-02   1.8091090e-01
  -6.8577585e-01   5.9542764e-01
  -1.2566250e+00   9.3527317e-01
  -5.0021142e-01   9.8444251e-02
  -2.5126869e-01  -2.0933160e-01
  -6.4825889e-01   5.1569621e-01
   1.3439608e+00  -3.4163603e-02
  -1.2795777e-01  -1.1224027e-02
  -3.2169881e-01   2.9090496e-01
  -5.3362433e-01   3.0011515e-01
  -1.1306768e+00   8.7220865e-01
  -9.6883863e-01   5.3088561e-01
  -1.4163208e+00   1.0480583e+00
   6.6755270e-01  -9.0198987e-01
  -8.5534567e-01   1.6871291e-01
  -3.6261526e-01   3.1651812e-01
   5.3677380e-01  -3.4237405e-01
  -1.7375002e-01   2.2133486e-01
   2.5973937e-01  -2.4087919e-01
  -7.9767500e-01   7.1996881e-01
   9.5054108e-01  -5.0594515e-01
  -6.3531862e-01   4.2997741e-01
   8.5210944e-01  -6.3721084e-01
   8.1892601e-02   5.7995586e-03
  -9.4197571e-01   8.6036187e-01
  -5.6599456e-01   4.9761852e-01
   9.1801032e-01  -6.3427724e-01
   2.8188474e-01  -1.8801565e-01
  -2.8069675e-01   3.1774609e-01
   2.6056308e-01  -4.5957960e-02
  -7.4887024e-01   3.8239916e-01
  -1.8672651e-01   4.0227532e-01
   1.3107006e+00  -4.8363607e-01
   2.7722889e-02  -7.3806284e-02
   2.3891865e+00  -6.2126080e-03
  -6.1017339e-01   6.9740222e-01
  -8.6211643e-02  -2.1318455e-01
   5.1396460e-02   1.2234274e-01
   6.0480991e-01   3.4725246e-01
   1.5496881e+00  -5.5340882e-01
   2.6885172e-01  -5.0987628e-01
   5.4381476e-01  -2.8180391e-01
   1.6337207e-01  -2.5881702e-01
   8.4299194e-01  -3.2954904e-01
  -8.7895404e-01   7.0507824e-01
   9.6300723e-01  -6.2907360e-01
  -5.1400649e-01   4.0907261e-01
   1.9909178e-01  -3.4942504e-02
   1.6157551e-01  -1.0270182e-01
  -7.9941363e-01   6.8268696e-01
   6.1643300e-01  -7.3674928e-01
   8.7195577e-01  -6.5117102e-01
   6.3294821e-01  -5.2709575e-01
  -7.5446183e-01   3.9053509e-01
   4.4545464e-02   1.8157121e-01
  -9.5260686e-01   5.4615693e-01
  -4.0060569e-01   9.0978324e-02
   6.2255461e-01  -4.9855471e-01
   7.3883762e-02   6.0891363e-02
   8.0669747e-01  -6.8316429e-01
  -3.4096085e-01   3.9120859e-01
   5.1380506e-01   8.3710244e-03
   4.8374642e-01   2.4465911e-01
  -5.9533585e-02  -7.3484456e-03
  -1.1884412e+00  -5.4608677e+00
   2.6201070e-01  -1.3800540e-01
   3.5157448e-01  -3.7808115e-01
  -1.2430766e-01   5.0843909e-02
  -8.4003064e-01   5.8777171e-01
   3.9702689e+00  -1.3139728e+00
  -1.9064602e+00   9.0757866e-01
  -1.5329059e-01   1.7672941e-01
  -9.1156246e-01   7.6062531e-01
  -7.1403872e-01   2.5084646e-01
  -3.6155850e-01   1.1193941e-01
  -8.9261178e-01   3.4360399e-01
  -7.2047513e-01   3.1156032e-01
  -4.8599568e-01   1.7449029e-01
  -6.5879725e-01   5.4720363e-01
  -2.7137796e-01   2.0719758e-01
  -6.0607134e-01   6.0440612e-01
   5.5206501e-01  -9.2633812e-01
  -1.3112501e+00   8.9826121e-01
   1.9487348e+00   4.3241710e-01
  -8.0334039e-01   7.5242831e-01
   4.8079882e-01   2.2592661e-01
   3.6265270e-01  -6.5720720e-01
   5.9737676e-01  -5.6442556e-01
   1.5841904e-01  -8.8633304e-02
   1.3279596e+00  -6.9387498e-03
   1.0275693e+00  -4.3140005e-01
   3.3687589e-01  -7.6395474e-01
  -7.4571010e-01   6.2018148e-01
  -1.9124632e-01   1.1986393e+00
  -2.6636277e-02   9.8631833e-02
  -4.8686666e-01   5.0126412e-01
  -3.5567110e-01   1.4617973e-01
   3.2425705e-02  -4.6572847e-01
  -6.0424257e-01  -7.1946668e-01
   2.6122738e+00  -2.2299744e-01
  -1.3722251e-02  -4.7349235e-01
   3.5635960e-01  -3.6975798e-01
   3.0721158e+00  -4.7210057e-01
  -4.0614908e+00   7.6046009e+00
  -1.0847339e+00   5.6960365e-01
   5.8253588e-01  -5.0389926e-01
   9.6781750e-01  -1.3143900e+00
  -3.8645323e-01   3.1172755e-01
   1.2013811e+00  -1.0594759e+00
   1.0322826e+00  -8.5969630e-01
   7.4834700e-01  -7.0975623e-01
  -5.6151316e-01   3.7829215e-01
  -7.5149632e-01   9.6705218e-01
   3.6734573e-02   5.0522709e-02
  -5.0157062e-01   4.3422619e-01
   3.1047399e+00  -3.5191762e-01
  -3.4427341e-01   1.6933485e-01
   5.6011379e-01  -3.4297929e-01
  -6.6897806e-01   3.7635133e-01
  -1.6576716e+00   9.1130617e-01
   2.4176889e-01  -3.1523797e-01
  -7.0593435e-01   3.8628713e-01
   8.6113366e-01  -7.4220641e-01
  -1.1558130e+00   8.0810657e-01
   1.4713706e+00   4.3545627e-01
  -1.1409274e+00   9.5579986e-01
   5.0977261e-01  -6.7389782e-01
  -8.9926985e-01   3.6920648e-01
   2.8695766e-01  -2.8263148e-01
  -4.1242407e+00   2.6879201e+00
   3.0402200e-01  -1.1794263e-01
  -7.6709342e-01   5.6905035e-01
   2.4184555e-01  -5.0784331e-01
  -1.3954260e+00   6.4416158e-01
  -1.4370855e+00   9.0842533e-01
  -8.6679109e-01   2.3860466e-01
  -8.3837730e-01   4.8439848e-01
   5.5527489e-01  -2.1864962e-01
   2.9556938e+00  -3.1966514e-01
   7.7023360e-01  -5.4798980e-01
  -1.0338872e+00   7.2710519e-01
  -1.1961138e-01   5.3956840e-02
  -4.5845454e-01   3.8134715e-01
   2.0785609e+00  -5.3674786e-01
   4.0440285e-01  -7.4952538e-01
   2.1214847e-01  -1.7839171e-01
   4.3288826e-01  -2.5767838e-01
   1.0359095e+00  -7.5564030e-01
   5.2083020e-01  -4.8263006e-01
  -8.2281477e-01   2.4171488e-01
  -9.1404057e-01   4.7589387e-01
   8.4956792e-01  -4.8471146e-01
   6.4027188e-01  -4.7238939e-01
  -1.8257093e-02   5.9247249e-02
   6.2594190e-01  -2.7747799e-01
  -1.3602247e+00  -6.1869165e+00
   7.8905310e-01  -6.3363056e-01
  -1.2352013e-01  -4.6854756e-01
  -3.1256634e-01   2.9825064e-01
   4.5520010e-01  -6.1117880e-01
  -1.9513427e-01   3.0956957e-01
  -5.2482823e-01   4.9248528e-01
  -4.0544904e-01   3.1154753e-01
  -1.2509737e-01  -1.7941289e-01
  -3.5557203e-01   3.9069253e-01
  -5.3164059e-01   1.8363237e-01
  -7.7007071e-01   3.1025083e-01
   4.9983043e-01  -6.1466369e-01
   1.0659057e+00  -8.5591624e-01
  -3.4820193e-01   4.3703591e-01
  -4.3393601e-01   4.5378637e-01
   9.4100982e-01  -6.9434227e-01
   6.3674158e-02   5.7025988e-02
  -6.7619323e-01   4.5837251e-01
  -1.2220933e+00   6.9845479e-01
   5.5211849e-01  -5.2144026e-01
   3.6609866e-01  -2.2524663e-01
  -2.5625732e-01   2.1924823e-01
   5.3928056e-01   8.9914986e-02
   1.4921433e+00  -4.0104229e-01
   1.0591293e+00  -5.5204077e-01
  -1.4594204e-01   1.6185127e-03
   6.8558977e-01  -4.9833695e-01
   9.1647701e-01  -7.0419310e-01
  -5.3107764e-01   6.3868753e-01
  -5.6615008e-01   3.1595800e-01
  -6.4677722e-01   3.7434074e-01
   9.6741882e-01  -1.5715362e+00
  -8.1410424e-01   8.0750823e-01
  -3.2112734e-01   1.9627694e-01
   6.7595839e-01  -8.5936914e-01
  -4.2251105e-01   3.1957831e-01
   3.0448330e+00  -2.4975399e-01
  -3.4775921e-01   1.0674686e-01
   2.5455336e-01  -3.2816137e-01
  -2.6008118e-01   4.3390181e-01
  -1.3780363e+00   5.0543839e-01
   3.6854381e-01  -7.1874649e-01
  -9.4838415e-01   5.9602681e-01
  -9.4610151e-01   6.8910822e-01
  -1.0997079e+00   5.7157577e-01
   1.0024159e+00   1.7211365e-01
  -7.7612838e-01   6.4469989e-01
  -5.6760279e-01   2.2664482e-01
   1.2457230e-01  -3.2872298e-01
   8.4528970e-01  -9.3835363e-01
   3.8733619e-01  -2.9915701e-01
  -1.0274614e+00   4.2664914e-01
   1.3150532e-01  -2.1537135e-02
  -6.8094490e-01  -5.2071875e+00
  -5.1620604e-01   1.2568032e-01
  -4.7713338e-01   1.6490538e-01
   7.5863142e-01  -4.0469522e-01
  -3.9278375e-01   3.3599304e-01
   3.7044002e-02   1.0720650e-01
   8.9474367e-01  -6.3231919e-01
   6.2120575e-01  -7.0790136e-01
  -6.3703098e-01   4.3320364e-01
  -6.7298422e-01   4.7822702e-01
   8.6212966e-01  -6.7457846e-01
   2.3010552e+00   6.6245301e-01
  -5.6225429e-01   3.6970966e-01
   6.3959898e-01  -1.8654416e-01
   7.0399860e-01  -8.8182099e-01
   9.8444754e-01  -6.9946184e-01
  -3.0289487e-01   3.1365490e-01
   2.7694667e-01  -6.4231520e-01
  -7.8281387e-01   5.8455594e-01
   6.7679912e-02   3.6013147e-02
  -6.5333439e-01   3.3571963e-01
  -1.2670205e+00   5.2942766e-01
  -1.9845694e-01   5.7904672e-02
  -2.1278347e-01   3.9003037e-01
  -4.5906248e-01   4.1226238e-01
  -1.0629803e+00   5.4116763e-01
   6.7063965e-01  -6.2342571e-01
  -3.6843333e-01   2.9794430e-01
   4.9779397e-01  -1.7260149e-01
   3.3789592e-01  -4.8574259e-01
  -5.3043315e-01   4.7599096e-01
   1.4540823e+00   7.4367399e-01
  -1.0590549e-01   1.8810196e-01
  -2.7211081e-01   4.0240227e-03
   5.9608714e-01  -6.8459575e-01
  -2.9153066e-01   2.7601375e-01
   6.1988075e-01  -2.9126076e-01
   6.8292583e-01  -4.6510324e-01
   3.2260909e-01  -8.4358351e-01
  -1.0747622e-01   2.1113952e-01
   4.2791439e-01   5.2280400e-01
   2.5121979e+00  -3.4169707e-01
  -1.1031452e+00   7.3379824e-01
   3.1805056e-01  -1.9563688e-01
   8.4877604e-01  -9.7793559e-01
   5.2667125e-01  -2.5232884e-01
  -3.8932186e-01   5.6078336e-01
  -8.1751375e-01   5.2808367e-01
  -8.7456477e-01   4.1480302e-01
  -1.7484623e-01   2.6833327e-01
  -4.7930283e-01   4.6746095e-01
  -4.1016592e-01   1.8228498e-01
  -3.9023633e-01   8.7990742e-02
  -1.4299831e-01  -1.9586021e-01
   6.5896787e-01  -4.3031312e-01
  -1.3424469e+00   9.4979140e-01
   8.2378474e-01  -5.2350117e-01
   3.8043881e-01  -7.5103938e-01
   2.4593564e-01  -1.6440321e-01
   7.8649684e-01  -4.7819316e-01
  -6.3064895e-01   4.9515139e-01
  -6.1157921e-01   6.8378097e-01
   2.5039849e-01   7.2465041e-02
  -2.4534146e-01   3.1003801e-01
  -9.6200802e-01   6.7936781e-01
  -8.8936614e-01   4.8185099e-01
  -1.1827667e+00   6.9776794e-01
  -1.0096812e+00   4.5457750e-01
   1.1776661e+00  -7.2398291e-01
  -6.9520887e-01   5.7895487e-01
  -7.8556352e-01   3.4636112e-01
   5.7260424e-01  -3.2379685e-01
   7.8173056e-01  -2.9569442e-01
  -2.8799060e-01  -5.5560769e-03
  -2.4503740e-01  -2.6630058e-01
   2.4685558e-01  -1.9369080e-01
  -1.6932032e+00   9.3224633e-01
  -9.2315307e-01   8.2191397e-01
   8.2205528e-01  -6.7542911e-01
   2.0485122e-01  -3.2783821e-01
  -7.7778448e-01   5.6405363e-01
   7.9434746e-01  -5.1639349e-01
   3.2510586e+00  -4.7821590e-01
   1.0723893e+00  -1.8087358e-01
   6.8059233e-02  -2.9716506e-01
   7.1560814e-01  -7.4304299e-01
   4.8297617e-01  -2.9980288e-01
   4.3303298e-02  -8.5397204e-02
  -6.1092440e-01   5.5490488e-01
   6.8922168e-01   6.6631769e-02
   4.2254310e-02  -1.3928966e-01
  -1.1581277e+00   9.2340111e-01
   6.1241121e-01  -5.6560566e-01
  -1.8478515e-01   6.3908621e-01
  -8.2837531e-01   3.8533292e-01
  -9.1411277e-01   6.5427833e-01
  -6.0315917e-01   4.3135338e-01
   8.9196228e-01  -7.3892922e-01
  -4.2808377e-01   4.3370076e-01
   4.4561223e-01  -2.1303745e-01
   2.8185607e-01  -1.6411330e-01
  -6.3602592e-01   5.0956132e-01
  -6.7658787e-01   6.6147232e-01
  -9.2732334e-01   6.2715601e-01
   1.0294638e+00  -8.2557904e-01
  -1.5929470e-02   1.8450135e-01
  -6.9353167e-01   3.0285005e-01
   4.3735567e-02   1.3406544e-01
  -6.4279568e-01   5.0107675e-01
   5.1582116e-01  -4.4699382e-01
  -2.5109994e-01   1.7549183e-01
  -1.2908833e+00  -5.5246265e+00
  -2.3800657e-01  -5.8875097e-02
  -5.3325634e-01   4.8622208e-01
   6.4426508e-01  -1.2679489e-01
   7.5513602e-01  -6.9573020e-01
   1.0788545e+00  -1.0283184e+00
  -1.0149322e+00   6.1852332e-01
  -7.8444519e-01   2.9928797e-01
   4.3185069e-01  -6.2426917e-01
   6.9070209e-01  -1.0806543e-01
  -3.5686665e-01   1.1890813e-01
   9.7092412e-01  -7.7253213e-01
   8.7449206e-01  -5.9353399e-01
  -3.7463772e-01   4.3325015e-01
  -1.8081015e+00   1.2490611e+00
  -4.8787294e-01   1.1950825e-03
   2.2991307e-01   2.0994545e-01
  -2.9168387e-01   3.6969126e-01
  -2.6960648e-01   1.7369039e-01
  -4.6038956e-01   4.7906323e-01
  -3.9119384e-01   8.3058707e-01
   2.9604045e-01  -2.2846702e-01
   9.0655605e-01   2.9426673e-01
  -1.3075738e+00   5.5258047e-01
  -1.1019633e-01   1.2357340e-01
  -6.3045305e-01   5.6829360e-01
  -4.1573506e-01   5.5386289e-01
  -1.5059663e-02   8.3922500e-02
  -6.1050923e-02   5.6128884e-02
   4.7644837e-01  -3.5216928e-01
   8.1418225e-02  -2.0229347e-01
  -3.6927010e-01   3.8130659e-01
  -1.3243585e+00   8.7975136e-01
  -1.4363309e-01   4.4855560e-02
  -6.6323797e-01   3.8127297e-01
  -6.5773527e-01   6.1519045e-01
   1.2788703e+00  -3.3602992e-01
  -7.4950343e-01   5.0576621e-01
  -1.0067075e+00   5.1271662e-01
   4.9038279e-01  -3.8542616e-01
  -1.7075838e-01   8.4301636e-02
  -1.9652585e-01   2.7146616e-01
  -8.0334438e-01  -8.7635226e-01
   3.4311152e-01  -5.9722660e+00
   2.5952228e-01  -6.4119064e-02
   6.3909530e-01  -4.4900208e-01
  -1.2587946e-01  -6.8790786e-01
  -5.0951110e+00   4.4305210e+00
  -8.6199226e-01   4.6693246e-01
  -8.2604769e-01   5.5780972e-01
   1.5433983e+00  -1.6370701e+00
  -1.8411069e+00  -5.9654346e+00
   4.1561631e-01  -7.3406336e-01
  -6.6999921e-01   1.7904337e-01
  -9.4874473e-01   8.0544272e-01
  -8.2923039e-01   7.1692734e-01
   7.2616629e-01  -6.6522714e-01
   1.1806633e+00  -1.5742475e+00
   4.9049927e-01   7.1451146e-01
  -2.2623886e-02  -4.2460593e+00
  -1.3271465e-01  -1.3062785e-01
  -9.9403429e-02   2.9314665e-01
  -9.6208893e-01   5.6281111e-01
  -1.5672712e+00  -5.7459286e+00
   8.6766523e-01  -7.1072798e-01
  -1.0285835e-01   1.4271298e-01
  -8.1409463e-01   7.9732405e-01
  -1.1936970e+00   8.3351591e-01
   5.9811180e-01  -9.6725880e-02
   1.2150701e-01  -1.4339747e-01
  -9.0008358e-01   4.8174850e-01
   8.5855027e-01  -8.8835397e-01
   3.2104566e+00  -4.8025100e-01
  -1.0719575e+00   6.3664882e-01
   1.1840696e+00  -7.9909376e-01
   4.6926358e-01  -3.7263747e-01
  -3.8544167e-02  -8.0940154e-02
  -1.4276519e+00   7.4898674e-01
   9.5175313e-01  -9.1695361e-01
   6.0546923e-01   4.7746967e-01
   1.5853520e+00  -2.0589137e+00
   3.7201112e-01  -5.8385215e-02
   3.7313123e+00  -4.8232884e-01
   1.8211040e-01   2.9890454e-02
  -1.2824321e+00   6.1377967e-01
  -3.0501031e-01   2.3782031e-01
   1.1590589e-01   6.0115524e-02
   1.9249192e-01  -2.5744581e-01
  -4.2649477e-01   5.9695582e-01
  -6.6857549e-02   5.6874104e-02
   1.1004816e+00  -6.0170636e-01
  -1.8206852e+00   1.1352396e+00
  -1.1391594e+00   3.6339737e-01
  -2.1732714e-01   3.1854451e-01
   8.4431227e-01  -5.9191810e-01
  -3.4175990e-01   3.6161395e-01
   3.0704965e-01  -6.0646397e-01
  -4.7826657e+00   7.1720904e+00
   1.4072725e+00  -3.6465927e-01
   3.9795264e-01  -4.6118088e-01
   1.7015630e+00  -6.8964864e-01
  -7.5288271e-01   3.8257433e-01
  -5.3696122e-01   5.8482681e-01
  -6.0763755e-01   3.0829216e-01
  -5.7080627e-01   6.8778768e-01
   2.4268323e+00  -5.1074281e-01
  -8.3662058e-01   3.8842509e-01
  -7.2371116e-01   3.8327270e-01
  -5.2269005e-01   4.2832249e-01
  -1.2470088e+00   1.0325609e+00
  -1.1032764e+00   5.6631621e-01
   1.9027617e-01  -9.4633359e-02
  -2.2626187e-01   2.9330541e-01
   7.4659875e-01  -6.2409439e-01
   3.0023227e-01  -3.2780369e-01
   1.5692541e+00  -1.5027693e+00
   1.0323090e+00  -7.9486646e-01
   5.8188739e-01  -5.1046707e-01
  -3.0571058e-01   2.7670810e-01
   2.6855551e-01   3.5493885e-02
   3.6277101e-01  -3.4756248e-01
   8.0044848e-01  -7.4882657e-01
  -7.7028896e-01   3.5210719e-01
  -2.0685020e-01   4.4175486e-02
  -8.9206075e-01   7.0767199e-01
  -8.2758215e-01   6.6723012e-01
   1.4790220e+00   1.7547166e-01
   1.1175035e+00   7.8233799e-02
   5.2703428e-01  -8.5162495e-01
  -8.0050070e-01   5.6070873e-01
  -1.4781497e-02   2.1326370e-01
  -4.2395983e+00   7.3295318e+00
   1.0097372e+00  -9.8273444e-01
  -3.7817165e-01   3.2205657e-01
  -5.2642026e-01   1.8679077e-01
   7.0452262e-01  -1.5996663e-01
   2.3401502e-01  -3.8251349e-01
   4.2289931e-01  -5.6624947e-01
  -3.9377089e-02   1.4512610e-02
   1.0761783e+00  -6.3543630e-01
  -5.6318520e-01   4.7304626e-01
  -1.8554618e+00   8.2419342e-01
   2.8872869e-01  -2.7545479e-01
  -9.9993147e-01   3.9887966e-01
  -8.4026611e-01   5.3559994e-01
   7.0985325e-02   1.1201768e-01
  -4.8617204e-01   5.4588113e-01
   2.4065573e+00  -4.0533585e-01
   7.9591779e-01  -2.8317293e-01
   2.4607789e-01   7.5801904e-02
  -7.0030872e-01   4.8018199e-01
  -7.3358643e-01   1.3188644e-01
   7.1625399e-01  -4.0543103e-01
   9.4035686e-02  -7.8722889e-02
  -4.7951678e-01   3.1688446e-01
   8.7644155e-02  -8.7386833e-02
  -2.6086373e-01   6.3700948e-01
   2.6463160e-01   4.3741423e-01
   1.5616533e-02   1.9769104e-01
   4.1881331e-01  -3.9222229e-01
   2.8496994e-01  -1.9188074e-01
   7.0369668e-01  -3.9531378e-01
   1.1002784e+00  -8.5127849e-01
   1.2483304e-01   2.1607696e-01
   2.1521988e+00   6.2364479e-02
  -8.8634259e-01   9.6772289e-01
  -3.8166941e-01   8.3580956e-01
   1.3079212e+00  -3.8865991e-01
   8.6724367e-01  -4.1894387e-01
  -1.3371862e-01   2.0082789e-02
  -5.6170397e-01   5.3888698e-01
   4.0014352e-01  -2.3309788e-01
   9.9607203e-01  -1.2676302e+00
  -1.0578514e+00   6.9974775e-01
   6.7529555e-01  -7.0435391e-01
  -4.0455895e-01   3.3503800e-01
  -4.5478928e-01   5.8184983e-01
  -5.3083759e-01   5.9343350e-01
   6.6859046e-02  -7.2078112e-02
   8.7699059e-02  -2.1616611e-01
   1.0080848e+00  -8.6446812e-01
   1.6636233e-01   7.2073037e-02
   3.8059040e-01  -4.9302629e-01
  -1.2628563e-01   1.7415006e-01
   7.8708673e-01   4.7925777e-01
  -9.4168724e-01   3.9627661e-01
   6.3960619e-01  -4.2311829e-01
   3.5085906e+00  -5.0778663e-01
  -1.1632618e+00   8.3302807e-01
  -1.9803436e-01   1.1170051e-01
  -4.6150200e-01   4.6667272e-01
  -6.0489476e-02   1.4717639e-01
  -1.9974081e-01   3.4532436e-01
   4.5823348e-01  -4.1867221e-01
   1.0798016e+00  -1.0234146e+00
   4.5495629e-01  -5.3441362e-01
  -6.2916495e-02   1.7840966e-01
   4.9643465e-01  -5.7435852e-01
  -1.1101833e+00   7.4159668e-01
  -1.1890287e+00   6.7363238e-01
   1.1672778e-01   6.0983245e-02
  -6.4718707e-01   4.6162700e-01
   1.7133105e+00  -3.1414260e+00
   5.1745783e-01   4.9833924e-01
   1.7142731e+00  -6.5585697e-01
   2.2286063e+00   1.3743541e-01
  -1.2255448e+00   7.7260869e-01
   6.5786597e-01  -1.3819145e-01
   4.4770501e-01  -5.2254114e-01
   4.9559459e-01  -2.3064881e-01
   1.4381142e+00   5.0595624e-01
  -3.6046159e-01   6.2245723e-02
  -3.8513966e-01   2.1299934e-01
   6.7373988e-01  -6.2918542e-01
   7.2868065e-01   8.8687047e-01
  -1.0923251e+00   7.2745196e-01
   1.1304374e+00  -5.8648152e-01
   5.5584622e-01  -6.4397213e-01
   3.8579019e-01  -2.1888873e-01
   1.1298623e-01  -1.2342912e-02
   5.4096513e-01  -2.5727576e-01
   6.8940664e-01  -6.3513882e-01
  -5.9124761e-01   5.3925350e-01
  -6.0889359e-01   5.7077918e-01
  -1.5850619e+00  -5.9889358e+00
   9.5575118e-01  -9.2819871e-01
   6.5681012e-01  -2.7990512e-01
   1.2399473e+00  -1.1695007e+00
  -3.8037262e-01   5.2824042e-01
  -1.0962531e+00   4.6579214e-01
  -1.2076661e+00   7.3499169e-01
  -4.1929607e-01   2.6211860e-01
  -9.0387101e-03   9.7623202e-02
  -9.1504898e-01   4.0938111e-01
  -2.1996785e-01  -1.8296024e-01
  -1.0454922e+00   5.3197501e-01
  -4.9983104e-02  -1.5677502e-01
   1.7778497e-01  -3.0593296e-01
   3.4883684e-02   5.9274708e-02
  -5.2397106e-01   5.0770838e-01
   9.7125697e-01  -6.1057028e-01
  -7.5445401e-02   3.4946622e-02
  -4.8032571e-01   3.5561266e-01
  -5.6007738e-01   2.0796483e-01
   9.7439657e-01  -5.0508749e-01
  -5.1113466e-01   6.2833593e-01
   9.1224476e-01  -6.2316889e-01
  -4.8117420e-02  -1.9422816e-01
   3.9984699e-01  -2.2280901e-01
  -6.8059254e-01   6.5416114e-01
  -1.1244040e+00  -5.6583101e+00
  -3.0139230e-01   3.3588685e-01
  -3.9386213e-01   5.3034937e-01
   5.0274873e-01   3.0948816e-01
  -3.5982898e-01   3.6261029e-01
   7.6593489e-01  -7.3125640e-01
  -2.2109946e-01   4.8773364e-02
   3.9872204e-01  -1.3185307e-01
  -1.1170884e+00   5.4257445e-01
   1.0318101e+00  -6.3832437e-01
  -3.8664179e-01   2.8005724e-01
  -7.2345900e-01  -1.5624054e-01
  -6.4341498e-01   4.1877593e-01
   4.6770194e-01  -7.4553278e-01
   7.1079037e-01  -2.6950295e-01
   2.7799249e-01  -2.2469252e-02
  -1.0183808e+00   7.2737097e-01
  -8.4733032e-01   3.9822077e-01
  -1.4021882e-02  -3.9285727e-01
   3.0410490e-01  -3.1259371e-01
  -8.2212861e-01   2.5625432e-01
   4.7495315e-01  -4.7021687e-01
   3.2723968e-01  -2.4331990e+00
   5.9442094e-01  -4.5056095e-01
  -3.5650116e-01   3.8862537e-01
   1.0644946e+00  -8.0308918e-01
   2.3695842e-01  -2.8252954e-01
   1.8795454e-01  -2.0197132e-02
  -2.7023423e-01   3.3037839e-01
  -7.4767446e-01   2.5666907e-01
  -9.8793108e-02  -9.0673333e-02
  -1.4908641e+00  -5.8348313e+00
  -1.5605242e+00   1.1412555e+00
  -2.9988536e-01   3.7140324e-01
  -7.2153690e-01   5.4212827e-01
   4.9347598e-01  -4.7839308e-01
  -4.0937333e-01   4.2274865e-01
   8.7413870e-01  -3.2480020e-01
  -6.0336855e-01   5.5190211e-01
   1.0215253e+00  -1.7740908e+00
  -1.1956514e+00   8.8194468e-01
   4.1225133e-01  -4.8804869e-01
   1.2277677e+00  -8.1386260e-01
  -2.5208934e-01   1.0256252e-02
   4.9155124e-01  -6.7218432e-01
  -3.4499161e-01   2.8769224e-02
  -6.7720332e-01   3.9435706e-01
  -5.4322723e-01   4.1552432e-01
  -3.3769808e-01  -3.2709931e-02
  -9.6558679e-02   3.8238989e-01
  -1.4132356e+00   8.7693982e-01
   1.5872101e-01  -1.0942942e-01
  -1.4408730e+00   8.3376066e-01
  -8.3117743e-01   5.0812728e-01
   5.6293880e-01  -5.2321429e-01
  -7.7150834e-01   4.3566143e-01
  -1.5543549e-01   4.2582442e-01
   1.6927851e-01   6.2602419e-02
  -7.1930231e-01   2.5834875e-01
   2.1100915e+00   2.8210110e-02
  -3.1896690e-01   2.0541593e-01
   9.4371795e-01  -6.3962926e-01
   6.2043078e-01  -7.6890608e-01
   3.1722921e-01  -3.3504647e-01
   1.6190745e+00   1.6309202e-01
   9.6535696e-01  -9.1087054e-01
  -3.2071930e-01   2.1121846e-01
  -1.5222274e-01   3.3440329e-01
  -6.2815997e-01   6.0853628e-01
  -8.0133466e-01   3.8412031e-01
  -2.1153735e-02   2.2771966e-01
   2.5347361e+00  -5.0143855e-01
   1.2521646e+00   3.7017720e-01
   8.2526044e-01  -8.1623005e-01
  -6.7747236e-01   3.7158993e-01
   6.1843642e-01  -4.8893219e-01
  -2.8127107e-01  -2.4753615e-01
  -6.0094886e-01   3.6708223e-01
  -8.1459973e-01   5.3443403e-01
   1.0456792e+00  -7.8244120e-01
  -1.6730098e+00   8.6230799e-01
  -6.4192069e-01   2.4784167e-01
   7.4285869e-01  -6.5657726e-01
   7.7591153e-01  -1.0646736e-04
  -1.5324794e+00   8.9980944e-01
   1.9176055e-01  -2.2320690e-01
   9.8960509e-01  -6.3552911e-01
   9.6214037e-02  -5.1221405e-02
   1.9404210e+00  -2.2153566e-01
   4.5686475e-01  -4.9176196e-01
   9.1298466e-01  -6.7225762e-01
   1.0332849e+00  -8.1856896e-01
  -1.4600422e+00   6.9440374e-01
   7.0058033e-01  -5.5608452e-01
  -4.1731715e-01   5.3776322e-01
  -5.3253606e-01   5.2363777e-01
   4.6819839e-02  -3.1181365e-02
  -1.4167582e-01  -5.2476659e-02
  -8.6074048e-02   2.9913053e-02
   8.4144122e-01  -7.0379235e-01
  -8.3370176e-01   1.9330037e-01
   4.1138550e-01  -9.9988977e-02
   5.7590774e-01  -7.6757248e-01
  -9.5812357e-01   6.4617602e-01
   9.6306139e-02  -4.9695854e-01
  -1.5324260e+00   8.5061613e-01
   4.9724303e-01   4.6699678e-01
  -2.3632541e-01   7.3927497e-01
   1.0819831e+00  -9.3576095e-01
   6.8523122e-01  -4.3541883e-01
   6.6792823e-01  -6.1319156e-01
  -5.0250296e-01   3.4266561e-01
   7.8409891e-02  -6.1113804e-02
   1.1401073e+00  -6.8646231e-01
   2.4376420e-01  -8.5290265e-01
  -7.4494890e-01   4.5487135e-01
   7.6187742e-01  -6.9774324e-01
   1.0849041e+00  -6.3074576e-01
  -5.9902737e-01   3.2830369e-01
  -4.7629010e-02  -2.9390934e-01
   4.0508474e-01  -4.6391597e-01
   9.8369738e-01  -8.0684261e-01
   1.1913480e-01  -5.8832399e-04
  -6.0989431e-01   4.1274468e-01
   1.7465540e+00   3.9821611e-01
  -1.2353566e+00   7.8675167e-01
  -3.8538791e-01   1.2918933e-01
   6.9859500e-01  -4.2219866e-01
  -7.1151796e-01   5.3165584e-01
   5.6244699e-01  -3.5216912e-01
   1.8845427e+00  -7.4821675e-01
  -1.1134074e+00   7.5837932e-01
  -1.2092800e+00   6.7279815e-01
   5.9428903e-02  -1.6546187e-01
  -1.2472203e+00   4.4021658e-01
   6.0962580e-01  -1.6167932e-01
  -3.4941056e-01   1.3440443e-01
  -6.9623983e-01   5.6752883e-01
   4.8101116e-01   3.7376215e-01
  -4.8845941e-02   1.2280466e-01
   2.0571216e-01   6.8048326e-02
   6.2079315e-01  -7.3774970e-01
  -1.7297236e+00   1.0515178e+00
   8.5320847e-01  -6.0104751e-01
  -6.1731920e-01   4.0086973e-01
  -1.3541001e+00   8.7250680e-01
   2.9525229e+00  -7.0260296e-01
  -3.8448418e-01   7.4300490e-01
  -5.2704085e-01   3.6901403e-01
   2.2734241e+00   3.2904345e-01
  -2.5500421e-01   4.7325954e-01
   8.4076336e-01  -4.7004510e-01
   6.1286371e-01  -5.0805902e-01
   3.8002882e-01  -2.5660038e-01
  -1.3075214e-01   4.5090900e-01
  -3.2646352e-01   4.6418533e-01
  -4.8794365e-01   3.5062571e-01
   3.7092383e-01  -8.9192052e-01
  -1.3137839e+00   7.9823229e-01
   7.5448187e-01  -7.6722854e-01
   2.5656263e-01  -5.4837077e-01
