   4.1912880e-01   4.4431126e-01
   6.6413972e-01  -9.3210987e-03
   3.1069595e-01  -2.7537583e-01
  -8.7607834e-01  -2.0537488e+00
  -1.4951872e+00  -1.6361061e+00
  -1.1361822e+00  -1.5480645e+00
  -9.2446743e-01  -1.6690221e+00
   4.3125721e-01   8.8863495e-02
   5.3072483e-01  -2.4146728e-01
  -2.1301590e+00  -1.2351095e+00
   4.7779972e-01  -2.2000529e-01
   3.0982767e-01  -9.8895745e-03
   3.6482996e-01   3.0673542e-01
   4.4459655e-01  -3.9131427e-01
  -1.5661200e+00  -1.9587973e+00
  -3.0459949e+00  -6.4494264e-01
   1.7421831e-01   2.8057986e-01
   2.7635599e-01  -6.3223627e-01
   1.3361707e+00   2.5094675e+00
   3.3658688e-01   2.8604512e-01
   2.6529393e-01   3.7706758e-02
   3.5031000e-01   7.9553829e-02
   2.6496666e-01   1.1140551e-01
   8.2189170e-01   2.4595499e-01
  -1.2084764e+00  -1.5268439e+00
   9.9353035e-01   1.2379538e+00
   3.5078517e-01  -2.6598155e-01
   1.0043370e+00   7.4542696e-01
  -1.1222854e+00  -1.6404890e+00
   9.3062931e-01   4.1884040e-01
   5.9525966e-01   1.0415512e+00
   2.3602063e-01   2.1834731e-01
   1.1846251e+00   1.7280592e+00
   2.2528398e-01  -1.4043043e-02
   8.7883681e-01   6.9336734e-01
  -1.7959579e+00  -1.5428453e+00
  -1.4086078e+00  -1.8385731e+00
   3.8854786e-01  -1.7189421e-03
   3.4270258e-01   5.8928425e-01
   1.0301677e+00   1.6036604e+00
   2.9918636e-01   6.1586303e-01
  -1.1230944e+00  -1.1085475e+00
   2.9883503e-01  -6.7293616e-03
  -1.2845771e+00  -1.6279980e+00
   2.8653795e-01   2.5229197e-01
  -1.1267027e+00  -1.5183837e+00
   6.1908499e-01  -4.8172113e-02
   1.9351330e-01  -1.8557103e-01
   7.1605591e-01   6.0845680e-01
   1.0448192e-01  -3.9758258e-02
   6.5956550e-01   1.1023081e+00
   5.0514625e-01   1.1183222e+00
  -9.5079080e-01  -8.4092650e-01
  -1.7137576e+00  -1.3201706e+00
   5.7497149e-01   4.8839458e-01
  -7.8662654e-01  -1.3789115e+00
   6.5531872e-01   5.8889435e-01
   3.9545215e-01   4.9921415e-01
   7.0411200e-01  -2.7351435e-01
   4.3895388e-01   3.4513025e-01
   6.2471208e-01   1.1363795e-01
   3.6591421e-01   4.3257375e-01
   7.5475937e-01   7.2510722e-01
   4.5230037e-01   4.7757103e-01
  -4.3974284e-01  -1.1086367e+00
   3.3880780e-01  -5.7688665e-01
   8.7649673e-02   3.1445228e-01
   9.0973350e-02   7.8413488e-01
  -1.4934318e+00  -1.4468729e+00
   3.3284762e-01   1.7201841e-01
   7.0872053e-01   7.9646634e-01
  -1.0356009e+00  -1.4751232e+00
   5.4823664e-01   2.5793186e-01
   1.1020479e+00   2.1920284e+00
  -2.8952216e+00  -1.0004228e+00
   1.4704580e-01   1.1826838e-01
  -1.5989533e+00  -2.3359209e+00
   6.0979093e-01  -3.5736324e-01
   2.2203876e-01   4.9846902e-01
   1.6484450e+00   1.9997605e+00
  -1.6633362e+00  -1.2829584e+00
   3.5426440e-01   1.2835698e-01
   2.5709047e-01   5.4055601e-01
   1.5287004e-01  -2.0076406e-01
   5.5116539e-01   2.7707337e-02
  -8.7647839e-01  -1.2653691e+00
   1.3619516e+00   1.7809613e+00
  -2.1376871e+00  -1.8835856e+00
   7.0579976e-01   3.5695244e-01
   1.0441947e+00   5.1774751e-01
   3.1722594e-01  -2.4122874e-02
   6.2104507e-01   9.1230567e-01
   2.3156647e-01  -1.4564137e-01
  -1.3002055e+00  -1.5672071e+00
  -1.4258484e+00  -1.0189265e+00
   8.7553737e-01   6.2090765e-01
   4.8925516e-01  -1.4085283e-01
   6.2182527e-01   4.9490242e-01
  -1.4370891e+00  -1.1339540e+00
   5.5770798e-01   7.0540969e-01
   4.0222794e-01   1.8050252e-01
   1.0666090e+00   2.2230529e+00
   6.4600182e-01   3.8007176e-01
  -1.0783011e+00  -1.3384243e+00
   6.3888438e-01   3.7034735e-01
   2.0939727e-01   2.1945645e-01
  -1.8010744e+00  -1.6576986e+00
   1.4437765e-01   1.5676408e-01
   8.2951697e-01   5.1176174e-01
   3.5071105e-01   8.6697509e-02
   7.8271129e-01   5.1186542e-01
  -1.6050717e+00  -7.8939878e-01
   5.0919580e-01   4.0636527e-01
   4.4285808e-01  -1.2245357e-01
   1.2319519e+00   4.1444753e-01
   1.3576418e+00   2.0870680e+00
   1.3364510e+00   2.2643821e+00
  -1.1946233e+00  -1.3579498e+00
  -1.0176352e+00  -3.1742431e-01
   8.9402973e-01   4.3195693e-01
   1.9891805e-02   4.2179303e-01
   3.6222703e-01  -4.3143301e-01
   2.7863195e-01   2.0929560e-01
  -2.3250887e-01  -4.7631065e-01
   2.4638693e-01   2.1495642e-01
   1.3327345e+00   2.2023036e+00
   4.7644001e-01   4.0461107e-01
  -7.9960563e-01  -1.0898473e+00
   3.6234801e-01   7.3553390e-01
  -2.3101855e-01  -5.1720671e-01
   3.2449360e-02  -6.9851769e-01
   4.9000878e-01   7.4263536e-01
   3.8179435e-01   1.0598319e+00
   5.6936054e-01   4.3502352e-01
   3.4600847e-01  -2.7479958e-02
  -1.4890359e+00  -1.5078081e+00
  -1.5455212e+00  -1.2115102e+00
  -8.6180901e-01  -1.1869809e+00
   7.4073919e-01   6.3124892e-01
   2.4921232e-01   1.6534635e-01
   5.0627104e-01   5.4387040e-01
   4.4520740e-01   4.3976455e-01
   4.9170416e-01   5.5731785e-01
   7.7050092e-01   4.5599421e-01
   7.4814045e-02   2.4381427e-01
   5.0602628e-01   2.8945024e-01
   4.3236419e-01  -9.2391971e-02
   3.4000732e-01   4.6693696e-01
   3.4867341e-01   3.4051886e-01
  -1.8370216e+00  -1.3614556e+00
   4.7751134e-01   3.1106906e-01
   5.4835396e-01   2.7084023e-01
   5.9295464e-01   1.3339609e-01
  -1.1574221e+00  -1.2524364e+00
   4.7287992e-01   6.3187213e-01
   3.6252604e-01   2.0866224e-01
   6.2468827e-01   5.9013446e-01
   6.4932112e-01   1.5692824e+00
   7.5134103e-01   4.7735164e-01
   6.6573060e-01   2.5438965e-01
   3.1146265e-01   5.1952005e-01
  -2.0379921e+00  -2.0096038e+00
   1.2722117e+00   2.1821095e+00
   2.7575815e-01   7.5209874e-01
   3.8466860e-01  -5.8094246e-02
  -2.0719716e+00  -2.0600760e+00
   2.5488574e-01  -1.9735081e-02
   1.9611052e+00   1.8268633e+00
   5.8907390e-01   3.6005410e-01
   5.6776354e-01  -4.3689721e-01
  -1.2286902e+00  -1.3551124e+00
   5.8454313e-01   4.8168500e-02
   1.0287189e-01  -3.9810935e-01
  -1.5045553e+00  -1.6092507e+00
   3.7992162e-01  -3.5781735e-02
  -1.2871917e+00  -8.2615677e-01
  -1.4810496e-02   8.0851976e-01
   2.7242038e-01   5.9055237e-01
   8.8515889e-01   4.7858500e-01
   3.5046783e-01   5.4514482e-01
   2.6286948e-01  -2.0091259e-01
  -5.7022454e-01  -5.6061923e-01
   8.8421455e-01  -1.6789933e-01
  -1.2312893e+00  -1.7383424e+00
   5.3370087e-01   7.2171322e-01
   2.9715837e-01   9.8580110e-01
  -6.8237852e-01  -1.6529173e+00
  -2.0981519e+00  -1.6467502e+00
   4.8198378e-01   2.3102858e-01
   3.2484344e-01   1.7892642e-01
   3.3188545e-01   8.3225334e-01
  -1.7594547e+00  -1.2120682e+00
   1.5959928e+00   2.5643261e+00
   5.0538809e-01   2.9321205e-01
   5.0208398e-01  -7.0406379e-01
   9.5708518e-01   7.1225666e-01
  -2.8649222e+00  -1.0649327e+00
   9.4327832e-01   2.1144245e+00
   1.0709827e+00   1.5343644e+00
  -1.8517448e+00  -1.8764282e+00
   3.7671956e-01   6.5597596e-01
   8.2836440e-01   4.1613680e-01
   8.2559438e-01   8.4387783e-01
  -6.4894602e-01  -1.1922253e+00
   4.0563228e-01   4.6110975e-01
   4.7716610e-01   4.3046119e-01
   1.3346569e+00   2.0778288e+00
   2.3956167e-01   6.8862003e-01
   1.1232424e-01   1.1577389e-01
   5.5979603e-01   7.0702759e-01
  -6.2722082e+00  -9.9171177e-01
   1.7016775e+00   2.9798869e+00
   2.6364399e-01   3.0815260e-01
   1.4544667e-01  -1.3462096e-01
   5.1896360e-01   2.1967628e-01
  -1.5985830e+00  -1.5341526e+00
   2.6921142e-01  -1.6708110e-01
   2.5870819e-01  -2.1152556e-01
   2.6916168e-01   4.1874795e-01
   1.8253209e+00   3.2294619e+00
   4.7855478e-01   4.4272358e-02
   4.8523341e-01  -7.0839376e-03
   1.5484396e+00   2.1462670e+00
   7.8328820e-01   7.9941474e-01
   5.1419168e-01   1.6124300e-01
   5.9448644e-01   5.8756654e-01
   6.0330690e-01   4.8812825e-01
   1.5801875e+00   2.6507575e+00
   1.6977398e-01   2.4124985e-01
   2.5622201e-01   1.3583090e-01
   6.7700295e-01   6.2668148e-01
   3.8240817e-01   1.7123428e-01
   4.0207613e-01   3.8946308e-01
  -1.0129594e+00  -1.6160431e+00
   7.2372381e-01   3.7792659e-01
   4.5616079e-01   4.4743795e-01
   2.0143614e-01   2.6676985e-01
   3.3844814e-01   4.8647956e-01
   5.1273249e-02   2.7913947e-02
  -1.7729118e+00  -1.9391851e+00
  -6.3850389e-02  -3.4416598e-01
  -1.5751335e+00  -1.8802137e+00
   6.2054117e-01   1.6336318e+00
   3.4162699e-01   3.6587667e-01
   1.0156214e+00   1.5767760e+00
  -7.5481631e-01  -1.0166199e+00
   3.7277542e-01   5.0208153e-01
  -8.7038605e-01  -1.3255920e+00
   2.5691537e-01   2.9533934e-01
  -2.3893800e+00  -1.2948111e+00
   9.2079506e-01   7.6068429e-01
   5.5651430e-01  -2.8882456e-01
   3.4186288e-01   4.8751920e-01
   8.7292972e-01   1.9350083e+00
  -7.1487081e-01  -7.4077808e-01
   5.8923964e-01   1.6771488e-01
   3.6601274e-01  -1.4587084e-01
   5.8619401e-01   1.0704505e-01
  -1.5092406e+00  -1.0881589e+00
  -2.1489907e-02   1.7887755e-01
   3.9563242e-01   4.0986478e-01
  -1.9045042e+00  -1.2621756e+00
   1.7462675e+00   2.9164121e+00
  -4.7409972e-02   1.8440085e-01
   1.4369457e-01   3.0194865e-02
  -8.6296488e-01  -1.5114926e+00
   2.3019853e-01  -6.7995976e-02
   1.4528522e-01   3.5325672e-01
  -1.8365891e+00  -1.8073925e+00
   2.6093739e-01   4.3638174e-01
   7.5683020e-01   4.7665783e-01
  -2.0687880e+00  -8.6048709e-01
  -1.7106040e+00  -1.9617210e+00
  -1.1045963e+00  -1.8511741e+00
   6.9768213e-01   5.0439193e-01
   1.9090669e-01   1.6235918e-01
   3.2969986e-01   2.6897023e-01
  -1.6524779e+00  -1.2943675e+00
  -1.7337591e+00  -1.9359265e+00
  -2.9624614e-01  -9.9307471e-01
   1.0748509e-01   1.0508023e+00
   6.6345075e-01   2.4954496e-01
   5.4250553e-01   9.3296721e-01
   5.1464234e-01   3.0640066e-01
   1.8214873e-01   2.2174986e-01
   2.5348729e-01   6.9844842e-01
  -1.7596686e+00  -2.0388583e+00
   1.6837369e-01  -3.9415080e-02
   4.9300730e-01   2.9557283e-01
   6.5910247e-01   1.1005045e-02
   2.5355430e-01   6.4670383e-02
  -1.2686207e+00  -1.4819283e+00
   5.6941010e-02   5.1390207e-03
  -1.0844376e+00  -1.2876213e+00
   1.3968730e-01   1.5560970e-01
   1.6433357e+00   1.4947646e+00
  -2.8220375e+00  -1.3868088e+00
  -2.9386134e+00  -1.1850076e+00
   2.2730807e-01   2.9035117e-01
   9.7121722e-01   3.8797361e-01
   9.7795822e-02   1.3153346e-01
   9.6078261e-01   1.2363522e-01
  -3.1925359e+00  -9.8049141e-01
  -1.3636290e+00  -1.2379823e+00
   1.5275242e-01   3.5335268e-01
   5.7734601e-01  -2.4285461e-02
  -1.3979911e+00  -1.6461017e+00
   3.2461614e-01   3.7530987e-01
   5.1445272e-01   6.2002840e-01
  -1.8436476e+00  -1.3849272e+00
  -2.0422537e+00  -1.3732118e+00
   4.6645875e-01   5.3783059e-01
   2.2837936e-01   4.9185908e-01
   2.0592582e-01   5.6515858e-01
   2.5277735e-01  -1.2772083e-01
   3.8197954e-01  -2.5530063e-01
   2.6572851e-01   3.8359400e-01
  -1.1075035e+00  -1.6502445e+00
   2.5025384e-01  -2.1782785e-02
   4.9227455e-01   9.7346693e-02
  -5.8150605e-01  -1.3265050e+00
   2.0279713e-01  -1.7854804e-01
  -1.5342497e+00  -1.0713085e+00
  -2.1610442e+00  -1.9554556e+00
   9.6459350e-01   3.4171241e-01
   6.4588619e-01   1.2577129e-01
   1.2522883e+00   2.1092473e+00
  -1.5032450e+00  -1.0115034e+00
   6.5294664e-01   2.8147352e-01
  -1.1023643e+00  -8.2863562e-01
   5.4189224e-01   5.4646283e-02
  -5.1177575e-01  -1.6028486e+00
  -3.6413390e-01   4.8194371e-01
  -1.6378612e+00  -1.6645117e+00
   6.9960724e-01   6.7577472e-01
   4.9341044e-01  -1.5623634e-01
   6.5269244e-01  -2.4819159e-01
   6.2535803e-01   2.6571823e-01
   4.5593202e-01   1.9514417e-01
   1.0819744e+00   1.6470307e+00
  -6.2528755e-01  -1.1542400e+00
   4.3177292e-01   2.9518555e-01
   2.2171305e-01   2.1351079e-01
   8.7280022e-01   2.7514079e-01
   6.0286708e-01   4.6793887e-01
   4.2570187e-01   8.6824406e-02
   1.0069335e+00   1.2368805e+00
   1.1124828e+00   2.2583478e+00
  -9.0482050e-02   1.4516254e-01
   1.8395385e-01   5.7278521e-01
   2.7618580e-01   7.6927649e-01
   7.5078864e-01   5.7399209e-01
  -1.0636935e+00  -1.6957118e+00
   4.3056352e-01   2.9261841e-01
   1.5029866e-02  -4.5193268e-01
   2.3153358e-01   3.3911804e-01
   3.4291169e-03   3.4800780e-01
   3.8560267e-01   2.1221306e-01
   1.0100632e+00   3.8444822e-01
   3.1589303e-01   8.3327357e-02
   7.5273432e-01   1.1891705e+00
  -8.2853630e-02   2.0015245e-01
  -1.2521553e+00  -1.5133272e+00
   5.1141940e-01   6.2053375e-01
   8.2805340e-02   7.7980480e-01
   7.0890161e-01   7.1896036e-01
   2.7883835e-01   1.5347570e-01
   7.0598734e-01   3.3623312e-01
   5.6257630e-01   3.2919111e-01
   4.4495765e-02  -5.3076235e-01
   7.6282047e-01   4.9063187e-01
   1.0826691e-01   5.2771178e-01
   7.6146660e-01   9.7305982e-01
   1.4642366e+00   2.5416345e+00
   8.6944765e-01   1.8291824e+00
   1.4461824e-01   8.2741257e-01
   6.8780798e-01  -1.4261516e-01
  -1.2818681e+00  -1.3733286e+00
   3.1112726e-01  -1.7559375e-01
   4.3336752e-01  -2.5335685e-01
   2.8628907e-01  -3.8427740e-01
   1.6716054e-01   4.6523206e-01
   2.2180828e-01   8.9349228e-01
   3.2447038e-01  -2.4322923e-01
  -1.7553104e+00  -2.1431607e+00
  -1.7425150e+00  -1.9506153e+00
   2.6010706e-01   8.0061131e-01
   2.4746424e-01  -2.3300737e-02
  -7.0070066e-01  -7.6036664e-01
  -8.1792392e-01   5.3228685e-02
  -1.6686921e+00  -1.9400756e+00
  -9.4264250e-01  -1.2901478e+00
   2.9141635e-01   4.2928693e-01
   2.8170768e-01   1.2649620e-01
  -8.4599935e-01  -1.0317131e+00
  -1.5004310e+00  -1.3667599e+00
  -1.7788131e+00  -2.4521100e+00
   6.7351433e-01   3.7758205e-01
   3.9288563e-01   2.0066431e-02
   1.8507400e+00   3.0927050e+00
   6.1095776e-01   1.3865646e-01
   3.7207459e-01   4.9209002e-01
   3.9434480e-01   8.1824468e-01
   4.3658633e-01  -2.4539502e-01
   5.6834751e-01   8.1709247e-01
   3.3670008e-01   6.1065995e-01
  -1.4537356e+00  -1.6846564e+00
  -5.6894465e-01  -7.6616411e-01
  -1.6892885e+00  -9.9884922e-01
   4.8280542e-01   1.3760401e-01
   4.5202407e-01   8.1222917e-01
   7.1729583e-01   7.8764355e-01
   3.9047115e-01   3.9921402e-01
   3.0795646e-01   3.8706581e-01
  -3.4524731e-01  -1.1256740e+00
   6.2067763e-01  -1.7650166e-01
   3.5582169e-01   4.4981140e-01
   6.2640056e-01   2.7860994e-01
   7.2814743e-01   5.3307378e-01
  -1.2072639e+00  -1.1893816e+00
   3.0515282e-01   5.4350852e-01
  -2.0216059e+00  -1.6588077e+00
   4.7063119e-01   2.0218953e-01
   4.3245676e-01   5.8280291e-01
   2.2066129e-01   3.3601914e-01
   6.8205267e-01   6.9951475e-01
   2.4858400e-01   4.4516979e-01
   3.6891795e-02  -2.2744452e-01
   4.1685895e-01   7.3425534e-01
   3.9851652e-01   2.0121951e-01
   4.6199639e-01   9.9421298e-01
  -1.5092564e+00  -8.0709954e-01
   2.9905351e-01  -3.1964903e-01
   2.0604161e-01  -5.7076591e-01
  -1.6319569e+00  -1.7483188e+00
  -1.5213437e+00  -1.2705067e+00
   1.4762243e+00   2.0251727e+00
   7.4162657e-01   2.9338797e-01
  -1.2166892e-01   7.3331695e-01
   3.2476573e-01   4.4766152e-01
   3.8774009e-01   4.8375561e-01
  -1.0215946e+00  -1.0990648e+00
   4.1041958e-01   5.7604168e-01
   3.5338914e-01   3.0072083e-01
  -4.5148909e-01   6.5157785e-02
   3.2769771e-01   5.2304896e-02
  -5.1122699e-01  -9.7536617e-01
   5.3328119e-01   7.2160923e-01
   4.4872121e-01   1.5211356e-01
   4.8957871e-02   2.7204024e-01
   2.8582783e-01   3.3296856e-01
   1.0595492e+00   6.3498370e-01
  -5.8363405e-01  -1.2931515e+00
   5.7226289e-01   7.6092322e-01
   5.0320382e-02   6.7581526e-02
   2.4290960e-01   4.4319299e-01
   6.8737519e-01   2.9077947e-01
   1.0937655e+00   1.6895886e+00
   8.2411087e-01   3.4539021e-01
   5.1688545e-01   1.1793181e-01
   1.2896199e-01   4.3969465e-01
  -1.1151668e+00  -1.0515566e+00
  -5.0040530e+00   3.5579442e-01
   7.7789418e-02   1.5320822e-01
  -1.8334259e+00  -1.8250309e+00
   4.3674904e-01  -3.2656551e-01
  -1.0890747e+00  -9.9232618e-01
  -2.7648879e+00  -1.4135465e+00
   3.5934345e-01   2.9628777e-01
   8.5062180e-01   1.9305940e-01
   1.2378594e+00   2.4082172e+00
   2.2030090e-01   5.9535031e-02
   1.0920253e+00   9.0207813e-01
   1.4653704e-01  -2.9916311e-01
  -1.4727979e+00  -1.7261406e+00
   4.5058234e-01   3.5345991e-01
   1.9520288e+00   2.8344716e+00
  -8.9236481e-03  -6.4465050e-01
   3.7560064e-01  -1.7109552e-01
   6.4742443e-01   3.7663508e-01
   1.8637307e+00   3.7127462e+00
   2.9459652e+00   5.6392415e+00
   1.1521684e-01   2.1966527e-01
   4.0040485e-01   4.2169115e-02
  -1.6322677e+00  -1.8195835e+00
  -9.8885087e-01  -1.4203302e+00
   1.4253418e-01   7.3584987e-01
  -8.2320323e-01  -1.7470017e+00
  -1.5198468e+00  -2.2345566e+00
   8.6228157e-01   1.9840251e-01
  -2.2688449e+00  -1.0262064e+00
   6.9280766e-01   2.0045240e-02
  -3.1971787e+00  -7.2767877e-01
   8.9077911e-01   1.0416589e+00
   5.6550700e-01  -1.2355313e-01
   9.6570407e-03  -1.4603646e-03
   2.5600892e-03  -7.6870775e-02
   5.7051450e-01   4.6453820e-01
   4.0926765e-01  -4.2312347e-02
   5.2831912e-01   6.3085407e-01
   3.5343215e-01   4.4657543e-01
   1.1173579e+00   7.5449328e-01
   1.0865789e-01  -5.8040503e-01
  -2.9204001e+00  -1.0441537e+00
   3.6234639e-01   4.6413623e-01
  -1.2380764e+00  -1.3035999e+00
  -3.1462350e+00  -1.1611907e+00
   2.2864663e-01  -2.3022044e-01
  -1.5313975e+00  -1.8637386e+00
   1.0480193e+00   1.1916045e+00
   2.8333827e-01   2.1215801e-01
   4.7703476e-01   8.3586352e-01
   4.7043251e-01   1.1267639e+00
   3.5157227e-01   1.9795122e-01
  -1.6686845e+00  -1.4396615e+00
   3.2775084e-01   2.3688150e-01
   3.4556177e-01   1.8115377e-02
   6.7114375e-01   6.3107964e-01
  -6.4631342e-01  -9.5262674e-01
   7.7188284e-01   4.6185738e-01
   1.6069066e+00   2.5596655e+00
   2.1255963e-01   2.5185256e-01
   9.6054934e-01   1.5394687e+00
   4.1495214e-01   6.1643418e-01
   4.5523527e-01   2.6987606e-02
   4.2394528e-01  -4.9723122e-01
  -1.0114433e+00  -1.3406958e+00
   4.2965052e-01   8.1303442e-02
  -1.2714961e+00  -1.2556731e+00
   5.0928612e-01   2.6914564e-01
   1.1202192e+00   2.0533657e+00
   6.0212845e-01  -3.7901070e-02
   2.5326359e-01  -1.5306889e-04
  -5.6721538e-01  -9.0026656e-01
  -2.5586225e+00  -5.5536919e-01
  -1.0026588e+00  -2.0489934e+00
  -6.5481171e-01  -8.4740452e-01
   2.8448242e-01   3.5636102e-01
   8.0361178e-01   6.9433567e-01
   3.8565537e-01   3.1798577e-01
   7.6104270e-01   6.3184969e-01
   2.7127438e-01  -7.6810284e-02
   1.2861750e-01   5.5523611e-02
  -7.6651147e-01  -1.1246649e+00
  -1.3295957e+00  -1.0758211e+00
   2.4743762e+00   5.3401302e+00
   2.9748724e-01   4.7637681e-01
   5.9933991e-01   6.6228530e-02
   6.5211283e-01   6.1616378e-01
   1.3937250e+00   2.5866271e+00
  -1.6608520e-01  -5.6188577e-01
   6.7971487e-01   3.7606784e-01
  -1.6190881e-01  -1.0295935e+00
   3.3189709e-01  -1.4780356e-01
   5.1658233e-01   7.4741305e-02
  -1.4557669e+00  -8.6538193e-01
  -1.9576660e-02   6.9181917e-02
  -1.8385511e+00  -1.5464516e+00
   3.9917794e-01   2.0079246e-01
   4.9047944e-01   8.8297134e-02
   6.1838129e-01   2.4881351e-01
  -1.5275188e+00  -1.1810640e+00
   3.9295636e-01   7.3578199e-01
  -1.2262824e+00  -8.3917438e-01
  -2.5847064e+00  -1.4687549e+00
   6.0904788e-01   5.8629854e-01
   3.8670486e-01   4.1341926e-02
   2.5901119e-01   4.8221198e-01
   5.5119210e-01   1.0796381e+00
   9.0766644e-01   7.5990054e-01
   1.6721330e+00   2.2962820e+00
   6.2536409e-01   1.0448565e+00
   6.4164895e-01  -4.9278146e-01
   1.4763015e-01   2.7378735e-01
   1.5336462e+00   2.2845712e+00
   1.6402641e+00   2.3583152e+00
  -7.7889087e-02   6.0950217e-03
   6.4442621e-01  -2.9728799e-02
   1.2781717e+00   1.9638978e+00
  -6.4326555e-01  -2.3060923e+00
  -1.3014766e+00  -1.7976182e+00
   7.5280467e-01   4.0413826e-01
   1.2989935e-01  -2.2472381e-01
   5.3901839e-01   1.4683911e-01
   5.7250468e-01   1.2000169e-01
   3.7037473e-01   4.8379647e-02
  -1.4018312e+00  -1.8182990e+00
   9.2208742e-01   3.5912182e-01
   4.9144910e-01   2.2130197e-01
   4.5503894e-01   1.9943905e-01
   5.4791365e-01   2.5872570e-01
  -1.3992897e+00  -1.5706729e+00
   6.1085976e-01   3.0263211e-01
   6.8327278e-01   7.1904464e-01
  -1.2423564e+00  -9.8282150e-01
   1.2691520e+00   1.7552170e+00
  -1.1918539e+00  -2.1061052e+00
   4.4020899e-01   5.6526652e-01
   5.6986510e-01   8.2666739e-02
   1.8748554e-01   2.7712979e-01
  -8.6500981e-01  -7.0684282e-01
  -2.5719389e+00  -9.3233962e-01
  -1.4645522e+00  -1.2859948e+00
  -3.3107372e+00  -9.6999632e-01
   7.9006336e-01   1.0197054e+00
   8.9965877e-01   5.0953848e-01
   5.8762174e-01   6.1480555e-01
   4.1139274e-01   3.4141418e-01
  -1.4419300e+00  -1.9977685e+00
   9.6029941e-01   1.6910928e+00
   1.5677734e-01   3.1439036e-01
   1.3314040e+00   1.7586240e+00
  -1.8533741e+00  -1.4915066e+00
   3.2476697e-01   7.9934306e-01
  -5.8047242e-01  -1.3946897e+00
  -1.7314266e+00  -1.7532502e+00
  -1.1643383e+00  -9.0932713e-01
  -5.9052781e-01  -1.3822188e+00
  -2.1169154e+00  -1.9090313e+00
   5.0608011e-01  -8.6036448e-02
   9.2386255e-01   1.3161476e+00
   2.4258645e-01   1.6561487e-01
  -3.9099280e-01  -9.9233236e-01
   5.9856832e-01  -2.7124800e-01
  -3.2337391e+00  -8.9015929e-01
  -1.7458124e+00  -1.5209866e+00
   5.6244891e-01   6.7323606e-01
   1.8791803e-01  -9.5454148e-01
  -1.8437819e+00  -1.2137570e+00
  -9.3587837e-01  -1.7093219e+00
   1.0186016e+00   2.3462178e+00
   3.1351545e-01   4.2065286e-01
  -7.3860241e-01  -1.4475443e+00
  -1.9835566e+00  -1.8395352e+00
   8.5278881e-01   9.4212808e-01
   2.2278684e-01  -2.7213352e-01
   8.9829409e-01   4.1164448e-01
  -1.1176396e+00  -1.5270330e+00
   4.4136697e-01  -2.2488878e-04
   6.5981859e-01   6.7312266e-01
   4.3085651e-01   9.2474905e-01
   5.1168982e-01   2.0163948e-01
   2.2341961e-01   5.4833051e-01
   2.9949957e-01   1.8286305e-01
  -1.7000682e+00  -1.4385500e+00
  -1.6137116e+00  -1.1595495e+00
   5.9815670e-01   4.7696613e-01
  -1.3711279e+00  -1.6155651e+00
   3.7473057e-01  -7.5926288e-02
   5.5065396e-01   1.1519824e-01
   2.6866039e-01   2.6306913e-01
   1.3314662e+00   2.2175655e+00
  -1.0462061e+00  -1.7908802e+00
  -1.6327393e+00  -1.3083418e+00
   9.1433450e-01   1.8635755e+00
   3.5274023e-01   2.8683635e-01
   7.1156467e-01   5.3669444e-01
   3.2581784e-01   4.6745582e-02
   6.7515812e-01   7.2715951e-01
  -1.3137026e-01   1.4997153e-01
  -1.6397378e+00  -1.9568322e+00
   3.7283502e-02   9.7338419e-02
   5.7242845e-01   1.4802075e-01
   4.9169767e-01  -1.2901998e-02
   5.3455168e-01   2.6788042e-01
   5.3036167e-01  -5.1040981e-01
   4.8450206e-01   1.9715185e-01
   4.2675740e-01  -1.9148343e-04
   4.2754563e-01  -2.2503585e-01
   2.5796884e-01   9.6300441e-01
  -7.2016244e-02   1.2223708e+00
   2.3052518e-01   3.2783172e-01
   2.7167594e-01   4.2602655e-01
   2.5726839e-01   3.1866395e-01
  -1.2027622e+00  -2.1796602e+00
  -1.5062955e+00  -1.4162109e+00
  -1.9197151e+00  -1.4389588e+00
   4.7791727e-01  -1.4858098e-02
   1.5519006e-01   6.0395519e-01
   4.4349817e-01   5.0939626e-01
   4.5494907e-01  -2.4546131e-01
   3.4170568e-01  -7.6872272e-02
   3.3947142e-01   1.5181268e-01
   2.5614108e-01   7.3626478e-01
   3.0187534e-01   2.8457141e-01
  -1.7169890e+00  -1.1246827e+00
   5.9388457e-01   1.1274493e+00
  -1.8184167e+00  -1.6311338e+00
  -1.6136800e+00  -9.8256872e-01
  -1.4442688e+00  -1.1637575e+00
   2.0759809e-01  -4.5427543e-01
  -9.2632799e-01  -1.9826848e+00
   5.5053446e-01   1.9195924e-01
   4.2957497e-01   6.7083870e-01
   2.6440594e-01  -3.3139054e-02
   3.4029220e-01   2.2443214e-01
   5.0455781e-01   4.6387486e-01
   4.4585855e-01   1.8068782e-02
   6.7157394e-01   9.3220857e-01
   1.2804652e-01   3.0836092e-01
  -3.4109291e+00  -1.4720783e+00
  -1.6590552e+00  -1.5458843e+00
   9.3913294e-01   2.7184919e-01
  -1.1005553e+00  -1.0338001e+00
  -1.3222677e+00  -1.4304178e+00
  -7.3237455e-01  -1.4763571e+00
   1.3988249e+00   2.4359865e+00
   2.8442670e-01   2.1162892e-01
   7.5971385e-01   9.9330866e-01
   4.6712209e-01   6.9389585e-01
   8.9520460e-02  -2.1091063e-01
  -3.3513443e-01   7.0113967e-02
  -1.5716308e+00  -1.3996454e+00
  -1.5279419e+00  -1.7974553e+00
  -1.5251935e+00  -1.5493722e+00
  -1.6837205e-01  -6.3912830e-01
  -1.6099622e+00  -1.6487263e+00
  -3.2408303e-01  -6.1139785e-01
  -1.3085210e+00  -1.1282032e+00
  -2.2165269e+00  -1.6896094e+00
   6.1047293e-01   1.6774503e-01
   8.1887125e-01   5.2463561e-01
   5.0166054e-01   5.4160649e-02
  -7.0342403e-01  -7.6103398e-01
   4.1674307e-01   6.8168668e-02
   2.6698317e+00   3.8857729e+00
   4.1134058e-01   4.8559509e-01
  -3.5193600e-01  -1.5606737e+00
   4.0748397e-01   7.2026145e-01
   4.2919698e-01   3.3637362e-01
   1.8872910e-01  -1.9790367e-02
  -1.8696489e+00  -1.5516798e+00
   7.7721039e-01   5.0967673e-01
   1.7334376e+00   2.5437578e+00
   3.5461557e-01   6.3512461e-01
   1.7001733e-01  -1.4252835e-01
   4.8675762e-01   7.9365629e-01
   3.5124216e-01   4.8977577e-01
   1.5897411e+00   2.3762130e+00
   2.6073656e-01  -5.1411266e-01
   7.7084973e-01   2.0092331e-01
  -3.7903054e-01  -1.4851868e+00
   4.1155363e-01   5.7160555e-01
   6.5870404e-01   3.3284215e-01
   2.4178039e-01  -1.0246271e+00
   2.7928473e-01   4.5196245e-01
   3.1859523e-01  -2.5454903e-01
   1.3972021e-01   5.2975661e-01
   4.6634474e-01   1.5707327e-01
   4.6276557e-01  -3.4939850e-02
   2.0498444e-01  -1.3426384e-03
   4.3289584e-01   9.2735188e-02
   3.6424237e-01   8.1984135e-02
   1.1799446e-01  -2.5113385e-01
   7.7013704e-01   6.1716933e-01
   3.2430346e-01   1.2267208e+00
  -1.1793919e+00  -1.2650238e+00
   4.4258503e-01   3.8111319e-01
   1.6261795e+00   1.8330190e+00
  -8.2758199e-01  -1.3051877e+00
   3.7014959e-01   1.2756137e-01
   4.2224367e-01   4.0409099e-01
  -1.7028517e+00  -1.8172431e+00
  -3.4307885e+00  -1.3588930e+00
   1.1206976e+00   2.6340719e+00
   8.3632336e-01   2.2137188e-01
   4.5389351e-01   4.4380990e-01
   8.1871929e-02  -2.4857481e-01
  -1.4419070e+00  -1.3693483e+00
   2.3993392e-01   2.9408554e-01
  -1.2899811e+00  -7.8381878e-01
   1.5745329e+00   2.1932360e+00
   6.4839474e-01   7.7808824e-01
  -1.3769757e+00  -1.6467419e+00
   7.6482941e-01   4.9575043e-01
   4.4173692e-01   3.8588486e-01
   5.1748238e-02  -2.3848600e-02
   4.3140673e-01   3.9278677e-01
   4.7234793e-01   2.8881426e-01
   6.2303564e-01   2.2352247e-01
   3.9590110e-01   4.1699858e-01
   9.1303984e-01   2.4100048e+00
   2.5948674e-01  -1.9908768e-01
   9.3940410e-02  -7.9155376e-01
  -1.3455639e-02  -1.4462639e-01
   2.4802709e-01  -2.1806494e-01
   2.8417039e-01  -4.7188600e-01
   9.0811981e-02   6.8668604e-01
   6.1033411e-01  -1.0038693e-01
   6.8835711e-02   6.7094327e-01
   1.5241710e-01   2.6292589e-01
  -1.0493341e+00  -1.5525328e+00
   4.8092633e-01   2.0917021e-02
   8.8041056e-01   5.9101727e-01
   3.9778391e-01   2.5788832e-01
   4.7051900e-01   2.2620175e-01
  -8.9930205e-01  -9.1862252e-01
   5.6041459e-01   2.6827381e-01
   9.0604596e-01   4.8592580e-02
   1.6738712e-01   2.5204157e-01
   4.3030564e-01   2.0878260e-01
   6.6406541e-01   9.1334978e-01
  -1.4890159e+00  -1.6469720e+00
   3.8397357e-01   6.8575814e-01
   6.7361890e-01   2.8305077e-01
   4.8556787e-01   4.4632111e-02
   6.1793331e-01   4.1410358e-01
   8.2481345e-01  -3.7450398e-01
   4.4976033e-01   1.8961137e-02
   4.5110274e-01  -9.1203877e-02
   8.6639348e-01   5.7828223e-01
   4.1559685e-01   4.2494659e-01
   4.7660029e-01   6.2251460e-01
   6.4840744e-01   5.2656983e-01
   2.8470850e-01   8.5313713e-01
   4.5698772e-01   9.3789465e-02
   1.1881605e+00   1.0948908e+00
   2.1576873e-01   5.4304894e-01
   2.5753088e-01  -2.7654288e-01
   6.4050906e-01   7.3777671e-01
   3.8030201e-01   3.1692777e-01
   4.8484260e-01   9.1813655e-01
  -1.3041725e+00  -1.3035808e+00
   7.5906883e-01   1.7938664e+00
  -7.8455959e-01  -1.0858347e+00
   1.3483460e+00   1.9061107e+00
   3.5885746e-01  -4.7326247e-02
   2.8216329e-01   9.7652603e-01
   5.4309812e-01  -9.0963451e-01
   4.2038204e-01  -7.3694050e-02
  -3.7752190e-01  -9.8070597e-01
  -1.0699628e+00  -1.6653580e+00
  -1.4427332e+00  -1.1314633e+00
   7.1534883e-01  -3.8928108e-02
   3.3770264e-01  -2.7184080e-01
   1.9403342e+00   3.0366197e+00
   1.5446078e+00   2.2206044e+00
  -3.0219196e+00  -1.1363729e+00
   3.9253416e-01   4.5132483e-01
   3.3875568e-01   4.6967081e-01
   4.0759699e-01  -1.8572886e-01
   3.8198478e-01   2.5916337e-01
  -1.5968313e+00  -1.4891257e+00
  -1.0042664e+00  -1.2275293e+00
   4.6419386e-01   8.4667956e-01
  -1.4509801e+00  -1.4219486e+00
   2.0662290e-01   3.9039847e-01
   3.0216534e-01   1.0928331e-02
  -1.5216035e+00  -1.7187691e+00
   6.0046451e-01   3.9970696e-01
   4.9265346e-01  -1.0271798e-01
   3.8065376e-02  -2.1951639e-02
  -3.0285672e-01   6.6713842e-01
  -4.2493262e+00  -5.4742186e-01
  -5.1376333e-01  -9.3051590e-01
   4.1920334e-01   4.6538337e-01
   2.6192475e-01  -5.7565923e-02
   8.5495470e-01  -6.5662393e-01
  -3.3449574e+00  -1.0274827e+00
   1.2423145e+00   2.2429969e+00
  -1.2699357e+00  -1.5518898e+00
   8.8879393e-01   1.7093571e+00
  -9.7131599e-01  -8.1246634e-01
   4.2906029e-01   1.6535182e-01
   7.9438529e-02   2.2166197e-01
   5.1803980e-01   3.0200330e-01
   8.8692728e-01   1.5333013e+00
   9.3824608e-01   7.6776042e-01
   9.1291344e-01   8.0860507e-01
  -5.8545219e-01  -1.5231990e+00
   3.7172397e-01   3.8973297e-01
  -8.4289674e-01  -1.0802461e+00
   6.2935562e-01   4.8693413e-01
   6.9254977e-01   7.0129215e-03
  -8.1930688e-01  -7.1236950e-01
  -1.0068076e+00  -1.2760023e+00
  -3.7659628e-02   2.9445571e-01
   4.8629203e-01   3.5292612e-01
   9.0359989e-01  -4.0803836e-01
   2.4311690e-01   3.7614114e-01
   4.8566892e-01   3.4882884e-01
  -3.3900066e-01  -3.8234500e-01
   5.0610923e-01   3.5003856e-01
   2.2742919e-01   2.7498637e-01
   2.9173906e-01   5.5350353e-01
   4.9096337e-01   6.6371170e-01
   4.0633732e-01   3.2578744e-01
   1.0117605e+00   1.9427833e+00
  -1.3043851e-01   4.4034271e-01
   3.6173019e-01   5.4024177e-01
  -1.5960437e+00  -1.2483859e+00
   6.2315016e-01   3.3076755e-01
   4.4650337e-01   2.1820634e-01
   3.4671319e-01   4.1209093e-01
   3.8263701e-01   6.0957221e-01
  -1.3190951e+00  -2.0663134e+00
   6.5469013e-01  -1.0797681e-01
   4.3423458e-01   3.1061906e-01
   6.4497251e-01   4.1237111e-01
  -1.1018027e+00  -5.4506068e-01
   2.4360120e-01   5.7248179e-01
  -2.2880333e+00  -1.4105271e+00
  -1.8669919e+00  -2.0793844e+00
   2.1240107e-01   5.2754853e-01
   1.0221481e+00   1.0424598e-01
   4.2651796e-01  -6.8504061e-02
   4.1660946e-01   1.7835576e-01
   2.6870922e-01   9.8227470e-01
   4.0490872e-01   6.0226167e-02
   6.0335867e-01   4.4457344e-01
  -9.3910489e-01  -1.2640082e+00
  -2.3602305e-02   1.3677044e-01
   5.7645056e-01   2.3325875e-01
  -2.4306992e+00  -2.0411121e+00
   4.7205517e-01   3.3137106e-01
   2.8239791e-01   5.9047024e-01
   1.4729125e+00   2.3365000e+00
  -9.7978418e-02  -6.7117659e-01
  -9.6299205e-01  -1.5343308e+00
  -2.4731585e-02  -8.5127857e-01
   5.7538477e-01   5.9613442e-01
   6.3451353e-01  -7.5453315e-02
  -6.6290640e-01  -1.3189115e+00
   7.3803960e-01   6.1110608e-01
   2.5509165e-01   7.8122580e-01
   5.6110945e-01  -2.0353310e-02
  -1.3265659e+00  -1.0885840e+00
   3.9342803e-01   2.8956028e-01
   2.6808429e-01   5.4250207e-01
  -1.6885765e-01  -7.1180370e-01
   3.2349668e-01  -2.1153791e-01
   7.6544343e-01   9.9485499e-02
  -1.9984039e+00  -1.2342765e+00
  -1.7255961e+00  -1.5826184e+00
  -1.5577111e+00  -2.2523461e+00
   9.2114674e-01   3.0370217e-02
  -2.3850384e+00  -1.9497299e+00
   5.0052217e-01   2.6240411e-01
   6.8997905e-01   3.5917913e-01
   1.4008654e-01   2.8021372e-01
   4.7220641e-01   2.2199551e-01
  -7.6957646e-01  -1.2880933e+00
  -1.5713844e+00  -1.4092073e+00
  -3.2507630e+00  -6.9836818e-01
  -3.2464523e-01  -8.6378136e-01
  -2.4214269e-03  -7.9860302e-02
   6.1784255e-01   1.9165746e-01
   3.7206164e-01   9.3728199e-02
   5.4023325e-01   7.1165778e-01
   6.6056653e-01   6.6900820e-01
   4.3011725e-01   3.9941514e-01
   4.4053818e-01   5.9521743e-01
   7.7878040e-01   2.0500221e-01
   3.8171065e-01   3.9190640e-01
   1.8883655e-01   4.0959898e-01
   7.7876904e-01   5.6021725e-01
  -2.1139139e+00  -1.3599468e+00
  -1.7345019e+00  -1.3430500e+00
   2.7290253e-01   5.8009665e-01
   3.8273170e-01   7.2107182e-01
   3.5418338e-01  -2.1638729e-01
   2.8673057e-01  -6.7472780e-01
   5.2159134e-01  -1.5507503e-01
   4.7387883e-01   3.1274723e-01
   3.5399763e-01   7.2379464e-02
  -8.5811905e-02  -3.4263227e-01
   3.4926092e-01   4.6331859e-01
   2.3711341e-01   4.5606360e-02
   9.9393811e-01   9.1881914e-01
  -1.1576273e+00  -1.7458594e+00
   1.7531121e-01   5.0775315e-03
   3.1952134e-01   6.3400657e-01
   4.5846396e-01   2.2321879e-01
   8.4312782e-01   5.2547616e-01
   4.4492771e-01   4.7057272e-01
  -1.6885672e+00  -1.3775061e+00
   3.7193804e-01   4.5576767e-01
  -1.3619261e-01   6.7422137e-01
   5.4291810e-01   5.4032253e-03
   4.9999242e-01   3.9732554e-01
   3.9350972e-01   1.0779502e-01
  -1.0824931e+00  -9.4951596e-01
   4.7626758e-01   2.7453923e-01
   2.6964741e-01   5.3452915e-01
  -3.6703053e-01  -3.8892758e-01
   1.5974068e-01   2.6909577e-01
  -1.3140605e-01   1.3442222e-01
   4.5441616e-01   3.9616827e-01
  -1.4889881e+00  -1.6526002e+00
   1.3015144e+00   1.6961473e+00
  -5.2741171e-01  -7.4303396e-01
   6.5952177e-01   3.1154855e-01
   5.1583085e-01  -3.4841896e-01
  -5.9276334e-01  -4.7137097e-01
   3.1162906e-01   4.7419285e-01
   1.6014906e+00   2.4979147e+00
  -5.3439950e-01  -7.9300632e-01
   2.5431506e-01   2.9735840e-01
   7.6464510e-01   1.6699800e+00
  -1.6088828e+00  -1.1792999e+00
