   6.1997434e-01  -8.5552635e-01
   6.0510879e-01  -1.1782748e+00
  -8.9580369e-01   9.3014716e-01
  -1.0997077e+00   9.5216031e-01
  -8.9649872e-01   1.2217375e+00
  -1.8594917e-01  -2.7304259e-01
   5.8696536e-01  -7.1626130e-01
  -7.7190117e-01   9.1755306e-01
   9.0089212e-02  -4.8556775e-01
   2.4854546e-02  -2.9328215e-01
  -1.2987388e+00   2.1133321e+00
  -3.4373440e-01  -2.6882836e-01
  -3.3950179e-01   1.7720257e-01
  -2.4190567e-01  -1.1088616e-01
   1.6080153e+00  -1.0864141e+00
  -1.4293516e+00   2.0565705e+00
   1.2922817e+00  -1.2489132e+00
  -3.0123058e-01   3.4566644e-01
   8.3800318e-01  -9.7675689e-01
   1.9589701e-01  -1.0700732e+00
  -2.2080170e-01  -1.7574287e-01
  -2.4301299e-01  -1.3476148e-01
   1.2497637e+00  -1.0841015e+00
   1.2935418e+00  -1.0278471e+00
   2.5142182e+00  -1.9250402e-01
  -1.4598789e-01  -5.0594854e-01
  -9.5575703e-01   1.4012519e+00
  -3.2017639e-01  -3.4914507e-01
   5.4053661e-01  -1.3765665e+00
   2.1841200e-01  -3.7337155e-01
   4.7998397e-01  -1.0341282e+00
   2.0105845e-01  -9.7535351e-01
   2.1615153e+00  -3.2475785e-01
  -9.4215159e-01   1.2041245e+00
  -4.4448906e-01   5.2528068e-03
  -3.8778150e-01   1.6322426e-01
  -1.3682446e+00   1.9644925e+00
  -1.2478260e+00   1.7983019e+00
  -9.7464131e-01   6.6198993e-01
   1.0603029e+00  -8.6670769e-01
  -9.5636105e-01   1.3001101e+00
  -8.8858881e-01   1.0695922e+00
  -1.5244278e+00   2.0145864e+00
   1.1936609e+00  -1.3510090e+00
  -1.7533943e-01  -6.8597161e-01
   3.2471338e-01  -8.4068862e-01
  -2.2691598e-01  -3.6137469e-01
  -2.5503239e-01   2.0237691e-01
  -1.3583311e+00   1.7960870e+00
   1.3914600e-01  -4.9236936e-01
  -9.3077611e-01   1.2653137e+00
   2.5517322e+00  -4.4282279e-01
  -1.4149817e+00   2.0216050e+00
   2.2663617e+00  -8.1258605e-02
  -4.1418092e-01   1.5321059e-01
   3.7103779e-01  -8.6198863e-01
   1.2459111e+00  -1.0828107e+00
   2.3877913e+00  -2.2287660e-01
   1.9967684e-01  -1.0385494e+00
  -3.3213724e-01  -2.9946809e-01
  -1.3656298e-01  -5.1256039e-01
  -5.5949990e-01  -6.8995433e-02
  -5.3364107e-01   1.1923943e-01
   2.4413563e+00   1.0583460e-01
  -1.4907978e+00   1.9850495e+00
   1.4553427e+00  -8.8881518e-01
  -1.9574396e-01  -1.1642169e-01
  -8.9019345e-01   1.1966713e+00
   2.2463717e-01  -6.7749519e-01
   1.1969130e+00  -9.9511834e-01
  -5.5979482e-01   3.4000464e-01
   1.9830267e+00  -4.9936571e-01
  -9.0670265e-01   3.8363512e-01
   1.0845653e-01  -6.9440305e-01
  -1.0897684e+00   1.3274932e+00
  -4.9462708e-01   1.5199576e-01
  -2.5462683e-01  -1.5034579e-01
  -5.3260893e-01   3.5409509e-02
  -4.6598855e-01   6.8009305e-01
   6.5110558e-01  -1.0302288e+00
  -2.5351250e-01   1.9402119e-01
   1.3206975e+00  -1.2747825e+00
   6.9506554e-01  -8.3046779e-01
  -1.3867975e+00   1.8629380e+00
  -1.0804719e+00   1.3161390e+00
  -1.0945331e+00   1.2226915e+00
   2.5466044e-01  -1.0043438e+00
  -5.1170835e-01   4.2921833e-01
  -3.7261341e-01  -1.7715143e-02
   9.8145533e-01  -7.7042118e-01
   5.4648203e-01  -1.1892754e+00
   3.2307394e-01  -7.0450827e-01
  -9.0352488e-02  -3.5418291e-01
   9.4554417e-01  -9.4224960e-01
   8.2728636e-02  -5.2393759e-01
  -2.6526810e-01  -1.4249113e-01
   1.0149159e+00  -1.2301386e+00
  -4.8933602e-01   2.3527743e-01
  -1.3107763e+00   1.8024998e+00
   6.7520060e-02  -3.4210665e-01
   1.3255612e+00  -8.4656353e-01
   3.6536307e-01  -6.9055625e-01
  -1.0520002e+00   1.1159233e+00
   1.9678590e+00  -7.3274079e-01
   8.7575115e-01  -7.1591961e-01
  -1.0282185e+00   1.4469683e+00
  -1.4624325e+00   2.5625102e+00
  -6.2422551e-01   3.9361979e-01
  -1.3225915e-01  -4.2169297e-01
  -4.3047309e-01   2.3992996e-02
   4.4601967e-01  -8.0799409e-01
  -7.9144776e-01   9.8256034e-01
   8.0559337e-01  -9.8239338e-01
   2.6020461e-01  -9.2928546e-01
  -2.9740947e-01  -1.4527881e-01
   2.5512490e+00  -1.0651054e-01
  -4.8119856e-01   6.2025966e-01
  -5.9037709e-01  -3.6833245e-01
   8.0308861e-02  -7.3626224e-01
  -1.4514189e+00   1.7502718e+00
  -2.9587639e-01  -2.6715633e-02
  -9.9466982e-01   4.9815338e-01
   2.3792858e+00  -1.5360184e-01
  -1.2726962e+00   1.3920722e+00
   4.3401295e-01  -8.2683802e-01
   1.2698539e+00  -1.0390693e+00
   4.1947257e-01  -1.3791454e+00
   3.0209585e-01  -9.1335002e-01
  -2.8173861e-01  -1.1486882e-01
  -1.6753236e-03  -6.6128250e-01
  -4.1998162e-01  -2.0427427e-01
  -3.7840101e-01   3.3343441e-01
  -5.5078772e-01   3.6326795e-01
  -1.1587955e+00   1.0799833e+00
   2.8349606e-01  -9.7161625e-01
   7.9737992e-01  -1.2664321e+00
  -1.4123141e+00   1.9941555e+00
  -1.2057005e+00   1.5762031e+00
  -1.2557303e+00   1.6454430e+00
   1.3108355e+00  -1.2898011e+00
   7.5742155e-01  -1.3845425e+00
   3.0055429e-01  -9.0200204e-01
   8.6468815e-01  -1.1530213e+00
  -1.2583855e+00   1.7056966e+00
  -3.9726173e-01  -2.2456389e-01
  -6.5065380e-01   5.5225850e-01
   2.7365375e-01  -1.0824825e+00
   1.3393846e+00  -1.3192655e+00
  -1.3612356e+00   2.1580528e+00
  -1.5374813e+00   2.2224844e+00
  -1.2972875e+00   1.8872054e+00
   4.6538022e-02  -5.6771671e-01
   4.9299589e-01  -4.1035844e-01
   1.4177592e+00  -1.3586901e+00
  -8.9560751e-01   1.4031581e+00
   4.2718666e-01  -1.3850569e+00
   1.1281089e+00  -1.2670188e+00
   1.1814308e-02  -4.9821705e-01
  -2.8167122e-01  -1.3355853e-01
  -9.7857856e-01   1.2088396e+00
  -1.4023659e+00   2.0783393e+00
  -4.7936663e-01   5.0116841e-01
   6.2587091e-01  -1.0510797e+00
  -1.1385709e+00   1.5761624e+00
  -1.6781919e-02  -6.6871305e-01
   6.2514116e-01  -1.0059618e+00
   6.5142263e-01  -1.1771699e+00
   2.4184385e+00   1.5196394e-02
  -3.2642232e-01  -4.4436927e-02
   5.2703836e-02  -3.2087659e-01
  -1.1417746e-01  -5.0406717e-01
  -4.8228060e-03  -6.3480718e-01
   2.5755704e+00  -1.5563751e-01
  -2.2330602e-01  -1.3579627e+00
  -2.4748791e-01   2.1581262e-01
   3.3122843e-01  -8.6400160e-01
   2.1590308e+00  -3.8462382e-01
   7.2988502e-01  -1.2792201e+00
  -2.2161580e-01  -2.8172086e-01
   3.9991096e-01  -6.6141798e-01
  -3.3125445e-01   1.7445319e-01
  -1.3040452e+00   1.8001504e+00
   6.3615179e-01  -1.1666493e+00
   2.3522881e+00  -1.6648994e-01
  -1.5298955e+00   2.1698980e+00
  -4.4256480e-01   3.9994429e-01
  -1.1738771e+00   1.2610498e+00
  -1.3116681e+00   2.1481248e+00
   8.1147509e-01  -1.2519755e+00
   5.1073537e-01  -1.1185002e+00
  -1.1015884e+00   1.4810021e+00
   1.2870413e+00  -1.3539391e+00
  -1.3693724e+00   1.1310651e+00
  -5.2910290e-01   2.4637364e-01
  -4.9427360e-01   5.5047485e-03
  -1.1492657e+00   1.5602538e+00
  -3.3137672e-01   2.1857719e-01
  -6.9557129e-01   5.5984470e-01
  -9.0443951e-01   8.4581093e-01
  -1.4221393e+00   1.7893792e+00
  -5.0569082e-01   9.4373621e-02
  -1.1539590e+00   1.8681218e+00
   4.9699436e-01  -1.5323914e+00
  -3.0302916e-01   7.8004980e-02
  -2.7248721e-01   2.8442227e-01
   6.5793899e-01  -6.7839416e-01
  -1.0093960e+00   1.0493245e+00
   6.2252604e-02  -5.9726317e-01
   2.0747655e-01  -5.8821978e-01
  -1.1167183e+00   1.1785460e+00
  -3.7355434e-01   2.3374441e-01
  -3.0782388e-01   5.9293301e-02
   2.2556310e+00  -5.6750990e-01
  -4.4862490e-01   3.4880426e-01
   1.2374444e-01  -6.5413575e-01
  -6.2373664e-01  -1.1126018e-01
   1.1482318e+00  -9.3615515e-01
  -9.0871441e-01   8.3630449e-01
  -1.3620835e+00   1.9029603e+00
   2.6018014e+00  -2.1231684e-01
  -1.4482813e+00   1.9790329e+00
   1.5211136e-02  -5.5197839e-01
   1.4648753e-01  -6.7467625e-01
  -8.6196178e-01   8.8579824e-01
  -7.3449690e-01   5.9745376e-01
  -7.8932727e-01   4.7934774e-01
   1.5108558e-01  -5.1837025e-01
  -3.9028019e-01   1.0214060e-01
  -9.4471619e-01   6.6458861e-01
  -1.0001221e-01  -2.4766869e-01
  -1.3346615e+00   1.8476233e+00
  -1.1122146e+00   1.4248209e+00
  -9.6550880e-01   1.3611947e+00
  -1.3884681e+00   2.0663550e+00
  -4.0042216e-01   2.2053771e-02
   2.7969647e-01  -8.9903526e-01
  -6.6030576e-01  -2.5213721e-01
  -1.9263979e-01  -1.2972182e-01
   1.2220859e+00  -7.9567334e-01
  -5.1142947e-01  -4.6424598e-02
   9.4631791e-02  -1.1032186e+00
  -4.8607773e-01   4.0734564e-01
  -3.6454073e-02  -5.2728123e-01
  -1.4701591e-01  -4.3016415e-01
  -8.2232427e-01   1.2489269e+00
  -4.2584670e-01  -6.9234502e-02
  -1.2247468e+00   1.5859795e+00
  -8.9273627e-01   6.8247877e-01
   6.2890129e-01  -1.2593134e+00
   4.4211581e-01  -6.8437327e-01
  -1.0714868e+00   1.0997957e+00
   4.4881124e-01  -1.0998896e+00
   1.4267586e+00  -9.8310197e-01
  -5.8934217e-01   8.9391690e-01
  -3.0183112e-03  -4.7549466e-01
  -4.0758935e-01   4.8768060e-01
  -6.6346721e-02  -6.1192945e-01
   2.3343399e+00   1.2076353e-02
  -9.2744079e-01   1.0095168e+00
  -2.8404711e-01  -1.3854260e-01
  -4.1866087e-01   7.4253814e-03
  -1.0961838e+00   1.0676787e+00
  -4.4796508e-01   1.3627980e-01
   8.8396880e-01  -9.7494665e-01
   1.7660587e+00  -1.1432129e+00
  -8.4857604e-02  -6.3250287e-01
   1.3246204e+00  -1.0388036e+00
  -1.0851302e+00   1.7693612e+00
   1.2179368e-01  -5.6090666e-01
   2.4980926e+00  -2.2079368e-01
  -1.9322291e-01   1.5831234e-01
   6.3414776e-01  -7.3764862e-01
  -9.1366880e-01   7.3946150e-01
  -3.8760597e-01  -4.9922016e-01
  -3.2405931e-01  -3.5165407e-01
  -8.6411720e-01   1.0215484e+00
   1.0658114e+00  -1.3121277e+00
  -7.7789596e-01   8.8184125e-01
  -1.5175027e+00   1.8847855e+00
   2.3940516e+00   4.0103996e-03
   4.7784487e-01  -9.4811491e-01
  -9.7403478e-01   7.8142499e-01
  -9.4456684e-01   1.1992463e+00
   2.4157010e-01  -9.0409101e-01
  -1.1236135e+00   1.7403305e+00
  -1.4530385e+00   1.9724549e+00
  -3.8150897e-01   2.5468991e-01
  -4.6313182e-05  -8.1931894e-01
  -4.3759628e-01   4.1712301e-02
  -6.1862095e-02  -6.2314439e-01
  -8.5906226e-01   1.0034860e+00
   2.5751904e-01  -1.0453020e+00
   1.2168149e+00  -1.2972011e+00
  -1.2105601e+00   2.1324967e+00
  -9.9758375e-01   1.4127170e+00
   2.0244384e+00  -8.9924596e-01
   2.1248248e+00  -2.8671049e-01
   2.3665218e+00  -3.6308825e-01
  -1.4179758e-01  -1.4224066e-01
  -4.7431753e-01   1.8089828e-02
  -1.1619967e+00   1.2614961e+00
  -9.0378833e-01   1.2017862e+00
  -1.2737710e+00   1.7198776e+00
   1.2211147e+00  -8.9048293e-01
   8.2994314e-01  -6.3590733e-01
  -7.9003074e-01   3.3554113e-01
  -1.2480936e+00   1.3272436e+00
   5.8202664e-01  -1.1241005e+00
   6.7146941e-01  -1.1021099e+00
  -3.2566834e-01  -5.2718143e-01
  -9.9346108e-02  -8.6380167e-01
   1.7657538e+00  -4.9392264e-01
  -1.3424153e+00   1.7825357e+00
  -3.9614618e-01   3.7850934e-01
   2.3085834e+00  -2.1833328e-01
  -1.5297685e+00   2.4486092e+00
  -1.2795614e+00   2.1158635e+00
  -1.0258962e+00   1.3909963e+00
  -5.1591412e-01  -1.1903362e-02
   1.2642910e-01  -1.0776954e+00
   2.2704955e-01  -7.7128201e-01
   8.0508901e-01  -1.0914375e+00
   4.5830973e-01  -7.9783842e-01
  -9.5365732e-01   9.7304628e-01
   9.9398609e-01  -9.8095954e-01
   2.7257629e+00   1.2217214e-01
   2.3812545e-01  -6.3720134e-01
   4.8950425e-01  -1.2026694e+00
   3.8710275e-01  -9.6526815e-01
   1.3744771e+00  -1.2878589e+00
  -9.0263957e-01   1.2989738e+00
   7.1975162e-01  -1.1333829e+00
  -7.2449126e-01   2.1060295e-01
  -1.5817608e-01  -1.3332497e-01
   1.1197592e-02  -6.0559416e-01
  -3.2267211e-01   2.4412560e-01
   1.2459282e-01  -9.1754132e-01
   9.3470213e-01  -1.4266753e+00
   1.0023512e+00  -1.3881287e+00
   5.8851309e-02  -4.3258004e-01
  -1.1390149e+00   1.4381076e+00
  -6.8643912e-01   6.9838945e-01
   8.6843883e-02  -2.3131785e-01
  -1.5251100e+00   1.9132043e+00
   1.2200513e+00  -1.0692563e+00
  -2.2540970e-01   7.3807272e-02
  -6.1690212e-01   3.2107451e-01
  -9.8441940e-01   1.1817397e+00
  -6.2722852e-01   1.3501093e-01
  -3.6855518e-01   1.5103537e-01
   9.2787440e-01  -1.0604590e+00
   9.2354958e-01  -8.7569842e-01
  -1.4297282e+00   1.7264854e+00
   1.2554062e+00  -1.2671393e+00
  -3.5025110e-01  -1.8907692e-01
  -7.2588458e-01   6.9532209e-01
   7.1141706e-01  -9.9379608e-01
  -9.1334321e-01   1.0070754e+00
  -4.4065931e-01  -7.6902351e-03
   3.6197104e-01  -1.0305203e+00
  -5.5779146e-01   2.2645275e-01
  -3.0861456e-01  -3.2832006e-01
  -2.2167349e-01   1.2927901e-01
   2.5766490e+00   3.9425522e-02
  -9.5464877e-01   1.3714627e+00
  -1.1567081e+00   1.2479255e+00
  -1.2876570e+00   2.1065680e+00
  -9.1349741e-01   5.2705801e-01
   8.3717437e-01  -1.2522869e+00
   1.5201963e+00  -1.2442628e+00
  -8.1961366e-01   8.8666344e-01
  -1.1029860e+00   1.4899733e+00
   2.8218099e-01  -9.2687224e-01
  -9.7083011e-01   9.5104501e-01
   1.1528533e+00  -1.3061602e+00
  -1.5012755e+00   1.8277332e+00
  -2.0116699e-01  -2.0533429e-01
  -5.0250135e-02  -1.2442469e-01
  -3.2688782e-01   9.8953557e-02
   3.7701026e-01  -8.2190078e-01
  -1.3796617e-01   9.5211576e-02
  -1.4694805e+00   1.7262525e+00
  -2.1838138e-02  -6.0183122e-01
   1.9929239e+00  -3.0807168e-01
  -4.3458924e-02  -3.0292959e-01
  -3.9632525e-01   2.8022065e-01
  -7.4256133e-01   1.1167022e+00
  -2.3407821e-01  -4.8374137e-01
  -4.0696018e-01   2.1111136e-01
   4.9995971e-01  -7.3722452e-01
  -9.6163790e-01   5.8799034e-01
   6.0613884e-01  -1.2793276e+00
  -1.2898282e+00   1.5572182e+00
   2.7990720e-01  -9.8944530e-01
  -1.1309077e+00   1.1930844e+00
   1.1058095e+00  -1.1414326e+00
   4.1239295e-01  -7.0095019e-01
   4.9910219e-01  -1.2340177e+00
   1.4928142e+00  -1.3488494e+00
  -3.2646630e-01   4.7692174e-01
  -8.6785983e-01   1.3418074e+00
   1.0969722e-01  -6.7581905e-01
  -4.1140697e-01   1.9281063e-01
   9.6024183e-01  -1.0844074e+00
  -1.1529192e+00   1.3995025e+00
   2.0325537e-01  -6.9201777e-01
   1.0852463e+00  -1.0370257e+00
   5.4093824e-01  -8.5736905e-01
   6.0837851e-01  -8.2001098e-01
  -2.8666221e-01   2.2328001e-02
   1.7504234e-01  -9.4466977e-01
   7.4328317e-01  -1.1923034e+00
  -4.6815986e-01   3.2447883e-01
  -1.2700790e+00   1.2180859e+00
   7.0820938e-01  -7.3544726e-01
   2.4860598e-01  -1.0140144e+00
   1.5869444e-01  -5.3906105e-01
  -1.3326848e+00   1.9908462e+00
   2.2088389e+00  -3.0606787e-01
   3.3227721e-01  -7.5338108e-01
  -4.3345032e-01   3.3056909e-01
   9.8072132e-01  -7.8119537e-01
   1.8859955e-02  -5.1087754e-01
  -8.5768679e-01   6.6385096e-01
  -9.4708334e-02  -5.8306258e-01
  -9.0942982e-02  -2.0060848e-01
  -4.5637605e-01   1.0075361e-01
  -5.0619121e-02  -6.4062811e-01
  -2.8828438e-02  -5.6590509e-01
   1.9414634e+00  -6.5804075e-01
   1.1355669e+00  -1.3628016e+00
  -8.7340838e-01   1.4826338e+00
   5.0544952e-01  -1.0354137e+00
  -9.7728035e-01   1.3531563e+00
   1.2103620e+00  -1.6125078e+00
  -8.8957325e-01   8.9917793e-01
  -1.3610673e+00   1.9420000e+00
  -5.2960217e-01  -6.7626981e-02
   7.8882800e-01  -1.6941013e+00
  -8.5107310e-02  -3.2884837e-01
  -8.0920398e-01   6.6735244e-01
   4.5986671e-01  -1.2693783e+00
  -2.4384294e-01  -1.8535031e-01
  -5.7850743e-02  -1.2425816e-01
  -1.4110056e+00   1.6127352e+00
  -1.5493616e+00   1.8455161e+00
  -5.9547393e-01   8.4763942e-03
  -4.2566152e-01  -2.3533364e-01
  -4.9677712e-01  -1.6905313e-01
   9.1104553e-01  -1.0704501e+00
   1.6797353e+00  -1.5106600e+00
   9.8287236e-01  -1.3223349e+00
  -1.6854258e-01  -7.0795835e-02
   6.4771984e-01  -9.6287194e-01
   1.2752229e+00  -1.2380053e+00
   1.9310458e+00  -7.2554005e-01
   2.3028509e+00  -5.1678784e-01
  -8.8140137e-01   1.0924485e+00
  -7.1642649e-01   7.0409550e-01
  -7.3041886e-01   6.2853018e-01
   8.9783175e-01  -1.2763710e+00
   7.8455064e-01  -1.1469574e+00
  -6.3772870e-01   6.5100820e-01
  -3.2714809e-01  -1.5016646e-03
  -1.2693722e+00   2.1458510e+00
  -2.0212104e-01  -5.7224517e-01
   1.1299218e+00  -8.2733723e-01
  -1.4500190e+00   2.1054524e+00
  -3.7026808e-01  -4.0611602e-01
  -4.1060377e-01   7.7962607e-02
  -1.1693849e-01  -1.8675722e-01
  -1.4555901e+00   1.9720771e+00
  -1.0565576e+00   1.5252141e+00
  -6.8660609e-01   3.8568976e-01
   1.8038383e+00  -5.0252589e-01
   1.3402538e-01  -1.0546217e+00
   1.8338675e-01  -7.1989378e-01
   1.6542678e+00  -1.0513384e+00
  -9.5387941e-01   9.7567450e-01
   6.6382370e-01  -1.0468478e+00
  -6.5692911e-03  -1.1683911e-03
   6.8257875e-01  -1.2194199e+00
  -2.3771859e-01  -3.3780774e-01
   7.9210471e-01  -1.0840647e+00
  -1.0212965e+00   1.4143000e+00
  -6.0525327e-02  -2.9301693e-01
   8.7224541e-01  -1.2856640e+00
  -2.2288926e-01   1.8974282e-01
  -2.1998568e-01  -9.5667437e-03
   6.6041886e-01  -1.1907513e+00
  -1.6584882e+00   2.0328265e+00
   6.8957576e-01  -1.0574827e+00
  -5.1070402e-01  -1.2931367e-02
  -4.7392075e-01   1.7296837e-01
   1.0008593e+00  -1.2628816e+00
   2.5173010e-01  -2.1885319e-01
   7.8757560e-01  -9.4542245e-01
  -6.9734698e-01   6.5077916e-01
  -7.7258085e-01   9.6839907e-01
  -1.2770045e+00   2.1107306e+00
  -8.6682340e-02  -2.3695923e-01
   2.6006632e-01  -1.3080806e+00
  -1.4350530e+00   2.5270085e+00
  -1.4148313e+00   1.9051583e+00
  -7.1213789e-02  -5.4170937e-01
  -1.0084629e-01  -8.2662329e-01
  -8.7678962e-01   1.0818156e+00
   1.2924920e+00  -1.3369612e+00
  -1.2403290e+00   1.9423519e+00
   2.4774740e+00  -1.4762697e-01
   2.0099896e+00  -5.9589724e-01
  -9.4908520e-01   1.2856385e+00
   7.9050558e-01  -1.0647583e+00
  -1.1064381e-01  -4.5271061e-01
   4.4549320e-01  -9.4640011e-01
   1.0957271e-01  -1.0015913e+00
  -6.8061358e-02  -4.6570648e-01
  -1.3893981e+00   1.5165063e+00
   3.7635390e-01  -1.1124015e+00
  -1.0020979e+00   1.4049633e+00
   7.0837284e-01  -1.3628490e+00
  -2.8062738e-01  -5.2822501e-02
  -1.5219093e+00   2.2314737e+00
  -1.3694650e+00   2.0848403e+00
  -1.5276216e-01  -1.1841382e-01
   1.7891332e+00  -1.0597001e+00
   9.8082119e-01  -1.2657005e+00
  -1.3125979e+00   1.9114198e+00
  -8.0613186e-01   1.3683518e+00
  -6.8094693e-01   2.7432178e-01
   3.0801651e-01  -1.2025490e+00
   3.7356698e-01  -1.4413729e+00
  -6.3660981e-01   3.4009950e-01
  -1.1379087e+00   1.9305991e+00
   2.2869211e+00  -5.6924941e-01
  -1.4234729e+00   1.8116253e+00
   1.9311751e+00  -1.1923896e+00
  -3.9729106e-01  -4.0552530e-02
  -1.6237169e-01  -2.5623858e-01
   8.1590546e-01  -1.1911440e+00
  -9.1680982e-01   1.1771809e+00
   2.3222277e+00  -7.0313167e-01
  -3.5269678e-01  -4.7226598e-02
  -4.8705644e-01   1.2593265e-01
   3.5965739e-01  -8.2197312e-01
  -5.0077851e-01  -2.2908905e-01
  -9.3001866e-01   9.2580983e-01
  -1.6750980e-01  -6.2327583e-02
  -1.3426220e+00   2.1631195e+00
  -5.0319250e-01   6.2003386e-01
  -1.1676360e-01  -3.3663726e-01
  -4.6231032e-01   2.7405885e-02
   1.9082109e+00  -2.6975723e-01
  -1.0564192e+00   9.4680702e-01
  -1.2253583e-01  -7.0836450e-01
   5.9837325e-01  -8.0648320e-01
   1.0317210e+00  -9.7527430e-01
   8.2775092e-01  -8.1575521e-01
  -1.1438574e+00   2.1587199e+00
  -9.9942436e-01   1.0470896e+00
  -1.2108108e+00   2.0337502e+00
  -2.7457469e-01  -1.7615886e-01
  -5.9292011e-01   5.9020823e-01
   1.0700996e+00  -8.6617630e-01
  -2.4557577e-01  -3.0944730e-01
   6.6304805e-01  -9.3322128e-01
   6.9875859e-01  -1.1212481e+00
  -1.1710181e+00   1.1058706e+00
  -2.0307248e-01  -6.6857635e-01
   1.3857778e+00  -1.1595761e+00
   1.7966179e+00  -1.0589427e+00
  -9.5043749e-01   2.8419115e-01
  -3.5944771e-01  -8.6395541e-02
  -9.3768705e-01   9.3548348e-01
   3.2700661e-02  -6.9255008e-01
   4.0060368e-01  -1.1480942e+00
  -3.8954873e-01  -2.9190598e-01
   2.3065727e+00  -1.4727637e-01
  -1.4790951e+00   2.0662785e+00
   1.1075946e-02  -4.5501111e-01
  -7.8395729e-01   9.6942576e-01
   1.6767697e+00  -8.4764504e-01
  -5.3183628e-01   2.9887253e-01
  -4.7339995e-01   1.6156452e-01
  -1.7850565e-01  -1.2246233e-01
   1.5593093e+00  -9.2664517e-01
   7.4615129e-01  -1.2113078e+00
  -1.0079707e+00   7.0919752e-01
  -4.7087082e-01  -9.4758997e-03
  -1.8751547e-01  -4.7645379e-01
  -1.3680490e+00   1.7362945e+00
  -9.1056086e-01   5.5001345e-01
  -5.7897892e-01   7.4343704e-02
  -1.3884541e+00   1.8229645e+00
  -1.3082708e+00   1.8727489e+00
   4.0910316e-01  -1.1376578e+00
  -4.5622170e-01  -1.0004424e-01
  -3.7627971e-01   3.8836580e-01
  -1.1541048e+00   1.1349151e+00
   2.1670210e+00  -7.9881170e-02
  -6.7969179e-01   5.2084575e-01
   7.8696136e-01  -1.2183758e+00
   2.3030474e+00  -4.5811664e-01
   2.4957635e+00   3.6531175e-01
  -1.1327898e-01  -1.5792210e-01
  -1.1137078e+00   1.7222304e+00
   6.5223168e-01  -1.2574662e+00
   2.4320147e+00  -4.7063829e-01
  -1.3664027e+00   2.2652254e+00
   8.9353912e-01  -9.3305567e-01
  -8.4349519e-01   1.1480001e+00
  -2.9975833e-02  -4.9810017e-01
  -1.2878428e+00   1.7112163e+00
  -1.3388244e+00   1.6725584e+00
  -2.9156125e-01  -1.5412525e-01
  -9.7878405e-01   1.4800435e+00
   6.9550415e-01  -8.6353553e-01
  -7.0607480e-01   1.0313856e-01
  -1.0928466e+00   6.8667361e-01
  -2.7013084e-01   1.4050218e-01
  -9.5889675e-01   1.3206763e+00
   2.2143246e+00  -2.0012959e-01
   2.8964487e-01  -1.2556077e+00
   2.6601079e-01  -7.4160076e-01
  -2.1015023e-01  -5.6122351e-03
   2.0122478e-01  -8.1827217e-01
  -1.2834966e+00   1.7488204e+00
   2.5371039e+00  -3.2498393e-01
   1.1020400e+00  -1.2019297e+00
  -1.0862543e+00   1.0510121e+00
  -9.8395841e-01   1.0274378e+00
   7.7093133e-01  -1.0384485e+00
  -8.1418544e-02  -6.2284043e-01
  -3.3518833e-01  -3.5577088e-03
   2.1398189e+00  -5.7383668e-01
  -1.3933129e+00   2.3282498e+00
   6.7458832e-01  -9.9637471e-01
  -2.1114555e-01  -6.1602009e-01
   4.6589240e-01  -7.3900270e-01
  -9.1205510e-01   1.1036173e+00
   1.7438529e-01  -7.6754990e-01
   1.9184056e+00  -7.0416646e-01
  -1.6475181e-01  -3.1303539e-01
  -3.4675803e-01  -2.3373955e-01
   5.3412497e-01  -1.0463797e+00
  -1.4571097e+00   2.0478466e+00
   2.3912155e-02  -4.8532878e-01
  -8.9724507e-01   1.3052599e+00
   1.2477068e+00  -1.0514649e+00
  -2.9331162e-01   3.1876547e-01
   7.4345885e-01  -8.0583165e-01
  -1.0457623e+00   1.4824780e+00
   2.2380789e+00  -2.2189829e-01
  -3.7595972e-01   3.1945957e-01
   3.4379744e-01  -9.1831368e-01
   1.0650642e+00  -1.0933170e+00
  -3.9665762e-01  -2.8565023e-01
  -3.7110483e-01  -8.7945569e-02
  -8.6265703e-01   8.8881239e-01
  -4.3614430e-01   2.0859418e-01
   1.5780682e+00  -1.0374193e+00
  -4.4826923e-01   2.8714287e-01
   8.0035633e-01  -1.3094822e+00
   3.5794330e-01  -8.0210573e-01
  -3.9773124e-01  -3.6050395e-01
  -6.8762171e-01   5.0485665e-01
   4.7139423e-01  -1.2186572e+00
  -3.0860448e-01   1.2903162e-01
   4.3619139e-01  -1.3222251e+00
   5.7395325e-01  -9.2582852e-01
  -1.3410057e+00   2.1173625e+00
  -8.1047040e-01   1.1953569e+00
   4.2600830e-01  -8.4940454e-01
   6.6707650e-01  -9.6841091e-01
   4.6638690e-01  -8.3252197e-01
  -5.1949133e-01   5.4754694e-02
   4.8953797e-01  -1.0936202e+00
   1.8055617e-01  -7.4586250e-01
  -1.2198881e+00   1.3272597e+00
   7.9757292e-01  -8.2384259e-01
  -1.4176230e+00   2.1186344e+00
  -1.3571168e+00   2.0425191e+00
  -1.4094446e-02   2.0352955e-01
  -4.0711373e-01  -1.0935132e-01
  -8.1376251e-02  -5.9712377e-01
  -1.6183277e-01  -5.9543819e-01
  -3.8153691e-01  -1.7090777e-01
  -5.7977623e-01   1.1300842e-01
   4.7959387e-01  -1.1007348e+00
  -1.2355833e+00   1.1713801e+00
  -1.3128212e+00   2.1141872e+00
   1.0477289e+00  -1.1808525e+00
   1.3347205e-01  -6.5675510e-01
   2.5333105e-01  -1.0560182e+00
   5.3880794e-01  -7.5856446e-01
   8.3805695e-01  -1.2445227e+00
   7.0250470e-01  -9.1682012e-01
   4.3391991e-01  -9.4426949e-01
  -1.3726155e+00   1.7695876e+00
   1.2423039e+00  -9.8401288e-01
  -2.2272647e-01  -4.6405768e-01
   2.5136656e+00   6.3537185e-02
  -3.0672802e-01   1.6696908e-01
  -1.2996835e+00   1.4819189e+00
   8.0404988e-01  -1.5305341e+00
   1.8292166e-01  -3.5460017e-01
   5.4171881e-01  -1.2182393e+00
   1.2125473e+00  -1.1549402e+00
   2.4351382e+00  -1.7834032e-01
   3.9977114e-01  -9.1832780e-01
   1.7393357e+00  -7.2492987e-01
   1.0466030e+00  -1.4328665e+00
  -1.2018492e+00   1.7944575e+00
   1.6499334e-01  -5.4743358e-01
   2.8607945e-01  -8.5820347e-01
   7.5354568e-01  -1.4233036e+00
  -1.3935052e+00   1.9015649e+00
   1.8607980e-01  -6.3167446e-01
   6.1910972e-01  -9.7159204e-01
  -2.9973553e-01   9.8050874e-02
  -1.9981819e-02  -6.0398260e-01
   6.3080665e-01  -9.0348398e-01
   9.1996482e-01  -1.2928480e+00
   1.0889710e+00  -1.3991114e+00
  -1.3498915e+00   2.2226398e+00
   2.9439954e-01  -8.7951013e-01
   2.8296488e-01  -7.0203403e-01
  -7.9017246e-01   9.8323139e-01
  -3.3020830e-01  -2.0093171e-01
   1.4351517e+00  -1.3822569e+00
  -1.1448109e+00   1.7443307e+00
  -1.3139927e+00   1.3259566e+00
  -4.0285864e-01   1.1628309e-02
   6.4963335e-01  -1.3502388e+00
  -7.9647748e-01   1.0164660e+00
   4.7044819e-01  -6.8425926e-01
  -3.5837699e-01  -2.3106247e-01
   4.6833575e-01  -1.0736606e+00
  -3.4171765e-02  -2.1505581e-01
   4.4657995e-01  -6.2877971e-01
  -9.4717900e-01   1.4281682e+00
   2.2438243e+00  -4.4265070e-01
  -4.2973488e-01  -1.7479105e-01
   1.3440790e+00  -1.2781968e+00
  -9.3231434e-01   9.3770854e-01
  -4.3599169e-01  -2.7033235e-01
   1.9598307e+00  -3.8470089e-01
   9.0418263e-01  -1.1196024e+00
  -1.1083334e-01  -4.6540724e-01
  -7.8964230e-01   7.2416533e-01
  -9.4156586e-01   1.0162106e+00
  -3.4696662e-01  -5.4855168e-03
   2.3242100e+00   7.3312801e-02
  -7.0188404e-01   1.0119472e-01
   1.0837991e+00  -1.1034144e+00
   3.0321009e-01  -3.8626484e-01
  -1.3405657e+00   2.0035644e+00
   2.4637604e+00  -3.1814775e-01
  -1.3556622e+00   1.8198775e+00
  -1.2503390e+00   1.4628255e+00
  -5.1716783e-01   5.5384177e-01
  -1.1989591e+00   1.5970445e+00
   1.8231757e+00  -5.1112636e-01
  -1.1509536e+00   1.1438700e+00
  -6.0115037e-01  -1.4907774e-01
  -1.3202747e+00   2.2207847e+00
  -1.0039334e+00   9.8819718e-01
  -3.3792402e-01  -4.8782408e-02
  -4.6100317e-01   1.1968656e-02
  -1.3329526e+00   2.0854331e+00
  -4.6024323e-01   9.0330139e-02
   4.0494522e-02  -5.3974375e-01
   7.1976614e-01  -9.1586288e-01
  -9.3889685e-01   7.0203849e-01
   2.5031841e-01  -8.2521180e-01
   2.5205677e+00  -1.2196624e-01
   2.5095903e+00  -1.1401510e-01
  -1.2855601e+00   2.0621680e+00
   5.3950984e-01  -1.2517501e+00
   4.4283849e-01  -1.2930306e+00
  -2.4330137e-01  -4.8666751e-02
  -4.7348883e-01   3.1146641e-01
   2.4151677e+00  -1.9976562e-01
  -1.4236845e+00   2.1446223e+00
   1.4987052e-01  -1.5549460e-01
   4.5061053e-01  -9.8800310e-01
  -3.7008753e-01  -5.5685838e-02
   6.8221577e-01  -6.8956063e-01
   1.2347350e+00  -1.1472073e+00
   1.7397304e-01  -8.5604445e-01
  -5.0786047e-01   3.2595273e-01
  -1.2625398e+00   1.9403646e+00
  -6.1043291e-01   1.9711295e-01
   2.3695476e+00  -4.0624575e-01
  -1.1631256e+00   1.2958550e+00
  -1.6696167e-01  -2.2111110e-01
   4.5154870e-01  -1.3006650e+00
  -1.7876863e-01  -5.4814204e-01
  -5.5266305e-01   7.1027535e-02
  -4.2222186e-02  -3.0002959e-01
  -2.8677452e-01  -1.8487783e-01
  -1.0488856e+00   1.6399192e+00
  -1.6179839e-01  -4.9284575e-01
   1.2591457e+00  -6.3347839e-01
  -3.4166986e-01  -5.5325205e-03
   3.9237383e-01  -9.1674764e-01
   8.6244906e-01  -9.6730345e-01
  -2.1021357e-01  -5.4077577e-01
  -4.7423439e-01   4.4048960e-01
  -2.0161880e-01  -3.0647575e-01
  -4.1055989e-01   9.7183646e-02
   2.1414765e-01  -8.2576854e-01
   7.2221245e-01  -9.2228242e-01
   1.8400457e-01  -9.6820711e-01
  -9.3993258e-01   1.1862357e+00
  -9.6052678e-01   1.4127647e+00
  -1.3256399e-02  -2.7326285e-01
  -3.8462060e-01   3.5439788e-01
  -5.3087864e-01   2.7434817e-01
  -9.0011959e-01   9.5564863e-01
   4.8215058e-01  -8.0595100e-01
  -6.8005566e-01   8.7791710e-02
  -4.3154971e-01  -1.6528082e-02
   1.7882724e-01  -6.2620607e-01
   2.2766189e-01  -6.5311287e-01
   8.9545732e-01  -1.0975766e+00
  -1.1548177e+00   1.0762130e+00
  -9.3458317e-01   1.3635256e+00
  -6.2776216e-01   6.7971054e-01
   8.0403269e-01  -8.8289098e-01
  -5.9904401e-01   5.3320537e-02
  -4.1385741e-01  -8.2645362e-02
  -1.8624296e-02  -7.3430149e-01
   1.9449163e-01  -6.6697335e-01
  -1.2882909e+00   1.6392873e+00
   4.3032283e-01  -8.8460899e-01
   2.4803339e+00  -1.3453201e-01
   1.4122179e+00  -1.1423749e+00
  -3.7295384e-01   3.2866527e-01
  -5.2258613e-01   5.5260177e-02
  -8.4777100e-01   6.3859835e-01
   8.1704277e-02  -5.8386086e-01
   7.0005348e-01  -1.0844572e+00
   1.1027987e+00  -9.6750755e-01
   4.3978395e-01  -9.7316145e-01
   1.8097543e-01  -4.4545083e-01
  -8.5624684e-01   8.2363845e-01
   1.0391564e+00  -1.1864387e+00
   3.1704134e-01  -7.4460519e-01
  -3.2713953e-01   4.4400843e-01
  -3.7920873e-01   2.6955895e-01
  -1.2037955e+00   1.6424650e+00
   4.8907642e-01  -8.7682794e-01
   1.1481562e-01  -5.4978154e-01
   2.2881360e+00  -3.2537062e-01
  -1.7065149e-01  -4.5534781e-01
   4.6075140e-01  -9.7641415e-01
  -1.4257948e+00   1.8244517e+00
   6.3419672e-01  -1.2778623e+00
  -1.3704515e-01  -6.8701613e-01
   7.1073683e-02  -8.6383699e-01
   1.0718559e+00  -1.4075104e+00
  -1.4404069e+00   2.3152067e+00
   1.9334854e+00  -1.0107375e+00
  -2.2159432e-01  -2.9517255e-01
   9.7536292e-01  -1.0453835e+00
   7.1242822e-01  -8.9530183e-01
   4.0838475e-01  -1.0377701e+00
  -3.8180564e-01  -1.4739378e-01
   2.0084057e+00  -7.1557822e-01
   9.7801438e-01  -1.1688998e+00
   5.4281320e-01  -1.2951510e+00
  -4.3603218e-01   1.3940428e-01
   7.7826208e-01  -1.0509224e+00
   2.5650738e-01  -4.7879372e-01
  -5.3278421e-01   1.9126320e-01
  -1.1669388e+00   1.3703264e+00
   1.9973644e+00  -8.3576615e-01
  -1.3807303e+00   2.1892754e+00
   1.2825322e-01  -7.6685067e-01
  -8.9218111e-01   9.0052682e-01
  -1.6058192e+00   2.4439550e+00
   1.9628449e+00  -4.6431763e-01
   1.8558195e+00  -6.2755596e-01
  -9.7369612e-01   1.4524337e+00
  -1.3134405e+00   1.5732174e+00
   6.5207988e-01  -7.1774400e-01
  -9.7453207e-01   1.1314766e+00
  -7.2222365e-02  -9.8681776e-01
   4.4360678e-01  -7.8656281e-01
  -4.2734068e-01   2.1535870e-01
   8.8763911e-01  -9.1959736e-01
  -1.5524740e+00   2.1163942e+00
   1.2857289e+00  -4.9052917e-01
  -7.6712976e-01   6.4434354e-01
   1.3656266e+00  -1.6058220e+00
   3.3103586e-01  -3.6034437e-01
  -2.4051024e-02  -8.4267997e-01
  -1.4032739e+00   2.0771791e+00
   8.6621847e-01  -1.0884815e+00
  -5.2940213e-01   4.7009838e-01
  -2.2004320e-01  -3.3043241e-01
  -8.6262700e-01   1.0762672e+00
  -1.3881368e+00   1.7632774e+00
  -5.6902748e-01   6.5660779e-02
   8.8185909e-01  -1.1968439e+00
   1.5137814e+00  -7.2201050e-01
   7.5621558e-01  -1.3236409e+00
   3.6677028e-01  -5.3650439e-01
   2.3864435e+00  -5.1985046e-01
   7.3847705e-01  -1.1295609e+00
  -4.5076033e-01   4.0115561e-02
   8.9424968e-01  -1.3904035e+00
   1.1673919e+00  -9.1687397e-01
   1.1210380e+00  -1.1161038e+00
  -7.7426948e-01   4.1392440e-01
  -1.5034651e-02  -8.6112772e-01
  -4.8605531e-01   2.6812570e-01
  -3.3473710e-01   2.3500306e-01
   4.3263516e-01  -9.9952490e-01
   1.9513430e-03  -5.4228812e-01
  -1.4153877e+00   1.9803665e+00
  -1.6061058e-01  -5.3270698e-01
  -5.4252019e-01   9.6091471e-02
  -9.9394290e-01   1.3389383e+00
   1.3682851e+00  -1.1210461e+00
  -1.5213446e+00   2.2403898e+00
  -5.5027962e-01   2.5179455e-02
  -1.0252014e+00   1.4115676e+00
  -5.4255685e-01   1.4720342e-01
  -4.4523309e-01   1.4116133e-01
   4.6123527e-01  -1.2922885e+00
   6.8276059e-01  -1.2487395e+00
   7.4910029e-01  -1.0961006e+00
   2.3667724e+00  -9.8019053e-02
   6.8738132e-02  -8.5303507e-01
  -3.8838125e-02  -4.6248973e-01
   3.3195131e-01  -9.9185564e-01
  -1.2988991e+00   2.2539765e+00
  -3.1692436e-01   7.5135792e-03
  -7.1126389e-01   5.0665896e-01
  -1.4370879e+00   1.9179077e+00
  -1.7323206e-01  -1.0510672e-01
  -2.9470006e-01   1.7249427e-03
   1.1958663e+00  -1.0159649e+00
   4.2442844e-01  -1.3122214e+00
   1.1660252e+00  -9.9745217e-01
   2.2503123e+00  -6.7276836e-01
   8.9681790e-02  -4.8467404e-01
  -8.8395210e-01   1.2946005e+00
  -1.4825557e+00   2.3003792e+00
  -1.0881790e+00   1.0599574e+00
  -1.3323480e+00   1.3979499e+00
  -5.1307595e-01   3.2067359e-02
   2.2534674e+00  -1.3924936e-01
   1.0462212e+00  -1.2191100e+00
  -6.0325152e-02  -1.4187496e-02
  -7.4966082e-01   8.7583108e-01
  -8.1226088e-01   1.0814489e+00
  -1.3525791e+00   1.9961021e+00
   8.1025816e-01  -7.8758658e-01
  -3.2378429e-01   1.4793292e-01
   3.0389035e-01  -4.1710192e-01
  -9.0505126e-01   9.8790030e-01
  -1.1769026e+00   1.6325962e+00
  -7.6502253e-02  -2.8529164e-01
  -1.1257924e+00   1.2988233e+00
   1.2811969e+00  -9.9361228e-01
  -1.0729188e+00   1.4904385e+00
   1.0160419e+00  -1.4152242e+00
  -4.4769206e-01  -2.4389112e-01
  -1.2127246e-01  -2.4203144e-01
   1.8118828e+00  -7.2508834e-01
  -3.8576688e-01   1.5506572e-01
  -4.0297274e-01   4.4824401e-01
  -1.6206335e+00   2.0473205e+00
  -7.4840350e-01   7.3622319e-01
   8.0048473e-01  -1.2517858e+00
   8.0032076e-01  -1.1530377e+00
  -6.7083531e-01   5.2938454e-01
  -5.8993611e-01   1.0387245e-01
   2.2886421e+00  -2.9470084e-01
   1.1576307e-01  -2.6863084e-01
   1.0698463e+00  -1.1426599e+00
  -5.7847904e-01   5.1564270e-01
   6.2779273e-03  -3.9388304e-01
  -8.0082054e-02  -4.1358345e-01
  -1.0747109e+00   1.1097878e+00
  -3.1686361e-01   3.4575131e-01
  -8.5499247e-02  -3.7076981e-01
   2.5344535e+00  -3.2388009e-01
  -1.1635366e+00   1.0905239e+00
   1.7237227e-01  -7.0451062e-01
   2.3077281e+00  -2.0787427e-01
  -4.5208167e-01   1.3924786e-01
   1.2760974e+00  -1.1015155e+00
  -1.1827363e+00   2.3062896e+00
  -1.0768760e+00   1.2642202e+00
  -2.8891143e-01   2.1236361e-01
   2.2285013e+00  -1.5843211e-01
