  -2.1385127e-01   4.2131133e-01
   1.1579205e+00  -1.6040476e+00
  -2.0823294e-01   2.5950577e-01
  -6.7824658e-01   1.1643869e+00
   1.9644607e-01  -4.7196794e-01
   5.2150144e-01  -7.5975855e-01
   1.1620806e-01  -2.5758132e-01
  -2.7603396e-01   5.8335664e-01
   4.6212434e-01  -2.2778523e-01
   2.9579983e-01  -1.2679587e-01
  -1.6373977e-01  -6.5376724e-01
  -4.7098109e-01   8.0019797e-01
   5.1648728e-01  -7.3229236e-01
  -5.7962979e-01   1.0368385e+00
   1.4332703e-01  -3.6170529e-01
  -9.8546177e-03  -9.0729981e-02
   5.4221114e-02  -4.3552307e-01
  -2.6745970e-02   2.4135508e-01
   1.1872575e-01  -4.6499142e-01
   4.0761528e-01  -6.3478599e-01
   1.3511524e+00  -1.9016375e+00
  -8.9376931e-01   9.5765017e-01
  -7.8261596e-01   1.2099752e+00
   1.2066902e-01  -5.5073316e-01
   2.0240380e-01  -2.6709148e-01
  -9.2238269e-03   2.1372919e-02
   2.1338480e-01  -1.1303829e+00
   3.1715281e+00  -7.1656782e-01
   4.3442947e-01  -5.8798503e-01
  -9.1895303e-02   4.2305984e-01
   2.1507765e+00  -2.0147648e+00
  -1.7442040e+00   2.4462663e+00
   1.1965290e-01  -3.7473933e-01
  -3.5464914e-02   1.2275035e-01
  -2.9990199e-02  -5.4411756e-02
  -2.7926944e+00   2.5028138e+00
  -2.4962089e-01  -1.0135551e+00
  -2.8589067e-01   3.8539353e-01
   1.2753504e+00  -1.7794681e+00
   1.1127874e-01  -4.2316430e-01
   1.9291199e-01  -9.0727554e-02
   2.1010595e-01  -2.1798690e-01
  -4.5842578e-01   3.5068662e-02
   1.6381391e-01  -2.9931938e-01
  -4.3145731e-01   6.7730323e-01
   3.0447252e-01  -5.4857170e-01
  -2.9245411e-01   6.2324032e-01
  -1.0730857e-01   1.4833708e-02
   1.4560997e+00  -1.7324914e+00
  -2.5256405e-02   2.2769812e-01
   4.5764445e-01  -2.1681845e+00
   1.8515900e-01  -3.6204433e-01
  -6.5909798e-02  -2.3091412e-01
  -2.1586099e+00   2.3434933e+00
  -1.8604694e-01   3.6596671e-01
   4.5811468e-01  -1.0441159e+00
   2.2157375e+00  -1.9915415e+00
   1.4123489e-01  -1.5322952e+00
   3.0574635e-01  -5.2703466e-01
  -1.2167340e-01  -1.5814373e-02
   2.4045287e-01  -5.3270325e-01
  -3.4084836e-01   1.8511100e-01
  -4.0020161e-02   7.7848933e-02
   2.2100678e+00  -1.5503779e+00
   4.2674507e-01  -8.9966692e-01
   6.1543638e-02  -3.3777773e-02
  -6.6476756e-02   7.5112784e-03
   1.7946635e-01  -1.5649890e+00
   3.1566491e+00  -7.6269669e-01
   9.2599647e-02  -1.2153355e+00
   2.0807335e-01  -5.4202447e-01
  -3.3429205e-01   6.1284181e-01
   9.1731692e-02  -2.1730418e-01
   1.9637933e-01  -5.1944215e-01
  -4.4612881e-02   2.4778470e-01
  -1.3943017e+00   8.7409224e-01
   2.5550120e-01  -1.3516079e-01
   1.1737585e-02  -1.7884800e-01
  -5.5642787e-02  -3.6215433e-01
  -2.3743954e-01   2.5667792e-01
   2.0718856e-01   1.9228570e-01
  -1.4469924e-01   3.4457514e-01
   4.0445498e-01  -1.1318261e+00
  -5.5514704e-02   2.2982990e-02
   3.5175947e-01  -7.4388773e-01
  -4.6384933e-01   6.3338847e-01
   3.2198378e-02   1.6527117e-01
   1.3010363e-01  -3.2971199e-01
   1.0519860e+00  -1.6209593e+00
  -1.3443805e-01   9.0967892e-03
  -1.6071472e-01   2.9836297e-01
   4.4893069e-02  -1.7557864e-03
   2.1811851e+00  -3.0194328e+00
   1.2247631e-01  -1.8180134e-01
   5.3204395e-02  -2.6374308e-01
  -4.7728112e+00   5.2904704e-01
  -2.3922952e-01   5.7957608e-01
  -2.2727310e+00   2.7315976e+00
   1.3652394e-01  -5.4058855e-01
   4.1579572e-01  -7.4339380e-01
  -1.0244039e-01   4.9609884e-02
   3.1068500e-01  -3.6195689e-01
  -1.8791209e-01   1.1900892e-01
   1.0223325e-01  -3.2420900e-01
   1.3828939e-01  -4.6554844e-02
  -6.7569094e-01   1.1049885e+00
  -4.7772082e-01   7.8779378e-01
   2.1897510e-02  -4.7968961e-01
  -1.4728418e-01  -1.0915520e+00
  -2.4177042e-01   4.4599857e-01
  -7.3043838e-02  -8.9769168e-02
   4.3158148e-01  -6.4533753e-01
   3.3828972e-01  -5.6717590e-01
  -2.5871554e-01   5.3747582e-01
  -8.7949526e-01   1.6351475e+00
  -3.0929943e-01   7.4093893e-01
   1.8909753e+00  -1.9910030e+00
  -3.5955052e-02   2.3061471e-01
  -2.5724273e-01   4.7671507e-01
   2.6861131e+00  -1.5235865e+00
   5.4113154e-02  -9.4692319e-02
  -1.2826145e-01   6.3566530e-01
   2.0977861e-02  -5.0588112e-02
  -1.0103648e+00   1.5222651e+00
  -2.1362367e-01  -9.3397825e-02
   1.8889912e-01   8.4801548e-02
   8.8664018e-02  -4.4432700e-02
  -6.9367034e-01   1.2380843e+00
  -5.8018104e-02   3.0185316e-02
   5.3186549e-02  -1.6183298e-01
  -1.3621783e-01   4.2084707e-01
   2.5958269e-01  -1.1427274e+00
   2.2110496e-01  -3.7078156e-01
  -8.0985799e-01   1.1731790e+00
  -6.0262510e-01   9.7341370e-01
   6.8338471e-01  -2.2854340e+00
  -4.2530157e-01   6.8921107e-01
   3.0924580e-01  -1.0950119e-02
  -1.0151979e-01   1.3905093e-01
   5.8269075e-02   1.5708604e-01
   1.4964246e-01  -4.5008310e-01
   3.0301521e-01  -6.0123615e-01
   8.1644328e-01  -1.2997598e+00
   1.1082762e-01  -2.7604078e-01
   1.5994219e-01  -2.8389284e-01
  -8.7238575e-01   1.5700873e+00
   1.8284555e-01  -8.1301650e-01
  -1.0010873e+00   1.7722149e+00
  -4.1971503e-01   5.4611034e-01
   1.4516930e-01  -7.2917901e-02
  -3.7374320e+00   2.5209259e-01
  -7.9680395e-01   1.2817313e+00
  -7.5036658e-01  -1.4543123e-01
  -1.3310812e-01   5.5150764e-02
  -3.5755717e-01   3.8850999e-01
  -2.7950183e-01   2.8794108e-01
   2.4077987e-01  -5.7603160e-01
   1.4973184e-01  -6.8638484e-02
   1.9573202e-02   1.9960870e-01
  -1.9429704e+00   2.4373014e+00
   1.1485985e+00  -1.4781138e+00
  -2.7898369e-02   1.2336395e-01
   5.8238575e-02   8.3104941e-02
   8.6573764e-02   1.0228723e-01
  -2.5115955e+00   1.2484507e+00
   2.7234203e-01  -1.3743706e+00
   9.1695516e-02  -1.2260280e-01
  -2.7942088e-01   2.9079438e-01
   2.0117535e-02  -2.3364803e-01
  -4.2091136e-01   8.3434902e-01
  -5.8511080e-01   8.6556878e-01
  -7.4257890e-01   1.2119395e+00
   5.5351494e-02  -4.4740875e-02
   2.8409874e-01  -5.0167825e-01
  -3.7417410e-01   6.7715112e-01
  -1.6984441e-01  -3.4193136e-01
   1.7641027e-01   1.9361387e-02
   2.0257679e-03  -1.0406858e+00
  -2.7313236e-01   4.8911151e-01
   3.0632570e+00  -1.1592156e+00
  -1.6840483e-02  -7.2944916e-01
  -2.7869284e+00   2.2395539e+00
  -6.6243776e-01   1.1943819e+00
  -1.6094342e+00   2.2354632e+00
  -2.7396695e-01   4.5381770e-01
   5.4897189e-01  -9.6547362e-01
  -3.4108719e-01   8.5672058e-01
  -2.2302998e+00   2.6368375e+00
   1.1480546e-01  -5.9375919e-02
   1.3858557e-01  -6.6148486e-02
   2.5214908e-01  -4.8004120e-01
   3.0397321e-01  -8.2644972e-01
  -5.3253816e-01   1.2214057e+00
   3.8882627e+00   1.6802012e-01
   5.2219432e-02  -7.6268449e-02
   3.5074008e+00  -2.1172853e-01
   2.2610442e-01  -5.1056312e-01
  -3.3034138e-01   6.3683331e-01
  -1.6866747e-01  -2.6308773e-01
   4.3042468e-02  -9.0375348e-01
   3.3771995e+00  -4.5287205e-01
  -2.3183833e+00   2.7315257e+00
  -7.1006304e-01   1.1733951e+00
  -1.8925143e-01   3.5321608e-01
  -8.2636178e-02   4.8338897e-01
   2.0470302e-01  -3.0930800e-01
  -1.4454397e+00   2.1173188e+00
   4.3559004e-02  -2.4694164e-01
   2.5700774e-02  -1.5483535e+00
  -2.5127507e+00   2.5603252e+00
   5.1014539e-01  -8.7840196e-01
  -1.3653731e-01   1.3907135e-01
   3.0524041e+00  -1.1549743e+00
  -2.1935535e+00   2.6754815e+00
  -1.0757754e+00   1.5641246e+00
  -1.9555946e-01   1.3912063e-01
   9.0306267e-01  -1.1295815e+00
  -1.2365531e-01   2.0070760e-01
   1.2732752e+00  -2.7557847e+00
   8.6744911e-02  -4.0008605e-01
  -1.9279481e-01   3.9198511e-01
  -2.0085276e-01   5.7358380e-01
   1.1208530e-01  -4.8725669e-01
   1.8013883e-01  -1.7012263e+00
  -5.9276720e-01   8.1011785e-01
  -1.3008598e-01   4.5977934e-01
  -4.5137220e-01   8.4510513e-01
  -5.7015195e-01   1.0002739e+00
   3.4751689e+00  -3.9065833e-01
   2.8931941e+00  -1.1431574e+00
  -1.9627805e-01   2.2655132e-01
  -2.5877549e-02   1.0223781e-01
   5.1343657e-01  -8.8585032e-01
   9.1248008e-02   2.8747940e-01
  -3.4619325e+00   2.0049152e+00
  -9.9637657e-02   2.4679541e-01
  -7.0314050e-02   2.2103244e-02
  -5.3815331e-02   8.5909090e-02
  -1.7904173e-01   1.7146347e-01
   3.3378655e-01  -4.7801096e-01
  -3.5544991e-01   2.2112951e-01
   5.9755629e-01  -1.4592794e+00
   7.3524213e-02  -1.1198780e-01
  -1.3840216e+00   1.9713518e+00
   2.4981171e+00  -1.5096527e+00
   1.0490063e-01  -4.6920319e-01
  -2.7851385e+00   2.4592004e+00
   4.6473609e-02  -9.3653167e-01
   7.1322670e-01  -1.2651308e+00
   7.2336732e-01  -1.2247785e+00
   1.3670403e-01  -5.9132033e-01
  -1.1218394e+00   1.6626012e+00
  -3.3757699e-02  -7.0719231e-01
  -3.0005000e-02  -1.6365089e-01
   2.3364366e-02   2.2105539e-01
   2.0009345e-01  -1.1378933e+00
   5.8023962e-01  -1.3303686e+00
  -2.1750858e-01  -9.1701258e-02
   2.5943677e-01  -2.7427960e-01
  -9.7291281e-02   1.3509390e-01
  -3.7558270e-01   5.5950531e-01
  -5.3317733e-01   1.0497894e+00
  -1.9738947e-02  -9.5404250e-01
   1.0264457e+00  -1.5273008e+00
   2.8957432e-01  -1.6238088e+00
  -4.4215678e-01   4.1961487e-01
  -3.2102663e-01   6.6981562e-01
   3.5640382e+00  -1.2148048e-01
   2.6847874e-01  -4.5869077e-01
  -2.0964920e+00   2.6543525e+00
   2.2077238e-01  -3.3676596e-01
  -4.2883585e-01   4.9725401e-01
   3.5327565e-01  -4.8439297e-01
  -2.1681027e-01   2.0833647e-01
   1.0748533e-01  -5.6779144e-01
  -3.9513642e-02   1.2513216e-01
  -3.1896632e-01   5.7825780e-01
  -1.5934772e+00   2.3293005e+00
   1.1684574e-01  -3.3210495e-02
  -4.7527983e-02  -5.9925014e-02
  -1.2868074e-01   1.0734273e-01
   1.8824059e-01  -1.1241073e-01
   1.6225068e-01  -7.4625731e-01
   2.8112803e+00  -2.3046656e+00
   1.6731187e-01  -6.0156975e-01
  -1.3537221e-01  -9.7895757e-03
  -8.2491162e-02   1.8955917e-01
  -2.5831865e+00   2.5247602e+00
  -2.2409042e-02   2.5939396e-01
  -1.5506886e+00   2.2492618e+00
  -2.0699027e-01   1.4207231e-01
  -9.7892810e-01   1.2508224e+00
  -7.6468835e-02  -2.7487809e-01
   1.0986785e-01  -2.8896333e-01
   1.2635256e+00  -1.9664903e+00
  -1.3086050e-01   5.5480361e-02
   3.5498321e-01  -3.1375631e-01
   2.7664488e+00  -1.3991866e+00
  -1.3436334e-01   4.1332413e-01
  -3.1668023e-02  -3.5581077e-02
   5.2005345e-04   3.2265748e-01
  -1.2159717e+00   1.8795840e+00
   1.1610341e-01   2.3787190e-01
   9.6985974e-01  -1.5687044e+00
   3.7668999e+00   7.3347821e-02
  -3.5401418e+00   1.6689298e+00
   2.9091754e-02  -1.0388981e-01
  -4.8831211e-01   6.0224082e-01
  -9.7910835e-01   1.1784698e+00
   2.4887230e-02   6.4014012e-02
   2.9785592e-01  -4.9822488e-01
   2.9381652e+00  -1.1607970e+00
  -3.5838065e-02  -1.3865110e-01
  -1.4557461e-01   6.3500688e-01
   2.2120331e+00  -1.8107836e+00
   2.2021642e-01  -5.6038156e-01
  -5.3884084e+00   1.2145902e+00
  -3.4128696e-01   1.2388059e-01
  -1.4450188e-01   1.6964979e-01
  -1.6032666e-01   1.5020514e-02
   3.1555809e-01  -5.8075206e-01
  -1.5500829e-01  -1.2046455e-01
  -5.2137961e-01   9.0564722e-01
  -1.6575583e+00   2.3952827e+00
   2.4354439e-01  -1.5681686e+00
  -6.4758338e-01   8.5912528e-01
  -1.8449889e+00   2.6719913e+00
   3.6211049e+00   1.3580288e-01
   6.4371755e-02  -1.5510237e+00
  -7.8732466e-01   1.4339123e+00
  -9.8010559e-02  -1.0645405e-01
   2.0799853e-03   3.4590340e-01
  -1.6489379e-01   2.9228730e-01
  -4.3540208e-01   5.8786762e-01
  -1.2298484e-01   3.5028386e-01
  -1.2287018e+00   1.9557866e+00
   1.3657388e-01  -1.1299910e+00
  -1.2147242e+00   2.0805487e+00
  -4.1737025e-01   5.5664244e-01
  -3.5198121e-01   9.7703772e-02
   1.3178639e+00  -1.7023730e+00
  -1.6596477e-01   2.1309932e-01
   3.7348770e-01  -3.6480783e-01
  -4.8435386e-01   9.1056624e-01
  -6.0868361e-01   5.5209735e-01
   2.6565986e-01  -1.4868574e+00
  -6.0057387e-02  -2.2981525e-01
   3.0705861e-01  -5.1668554e-01
   2.1984872e+00  -1.8497290e+00
   6.4749915e-02   2.4963946e-01
  -5.7823536e-01   1.0259631e+00
   3.0671590e-01  -1.0991334e+00
  -6.3149064e-01   9.5267966e-01
   1.1283564e+00  -1.5005703e+00
   2.3305922e-02   5.0379433e-02
   1.9280039e-02   1.4218944e-01
  -6.4927333e-01   1.1559786e+00
   1.3946657e+00  -1.4899753e+00
  -2.2599779e-01   4.3868860e-02
   1.4481702e+00  -2.0152721e+00
  -3.8000473e-01   4.8024885e-01
  -1.7554534e-01   3.0214362e-01
   3.4117907e-01  -3.9080218e-01
   9.6989641e-03  -2.8393187e-01
  -3.6704873e-01   3.8488945e-01
  -5.2290192e-01   2.8985352e-01
  -3.2724782e-01   3.9184320e-01
  -5.6992252e-01   6.0558260e-01
  -6.5668563e-02  -4.4340555e-02
  -2.2872586e-01   1.9588435e-01
  -5.2219677e-01   1.1331756e+00
   9.4018700e-02  -4.3082078e-01
  -1.9774130e+00   2.6434653e+00
   1.1047971e+00  -1.7229167e+00
  -9.4485833e-01   1.7685633e+00
   3.2626759e-01  -4.0609739e-01
  -8.5462972e-01   1.0619878e+00
  -2.9722845e-01   3.1019032e-01
  -7.5870752e-01   1.5253488e+00
  -6.4095481e-02  -2.4735068e-01
   1.7699675e-01  -2.4455408e-01
   1.7219276e-01   4.9307633e-02
  -1.4902650e-01  -3.0704103e-01
   6.6652249e-01  -2.4668739e+00
  -3.0651407e-01   4.1507079e-01
   1.5801051e+00  -2.0958648e+00
  -9.5519360e-01   1.5442766e+00
   1.3001022e-01  -2.4634056e-01
   9.6920676e-01  -1.4615095e+00
  -4.3940532e-01   5.1430549e-01
   2.9689106e-01  -1.3860585e-01
   9.8975900e-02  -3.7928093e-01
  -2.9002825e-01   1.0269381e+00
   2.4199333e-01  -5.5523103e-01
   2.8134031e+00  -1.5083178e+00
  -8.4315029e-03  -4.2449692e-01
  -2.7595387e-02   6.2784475e-01
  -3.7762376e-01  -1.3499104e-01
  -3.5618941e-01   6.7876371e-01
   2.1617997e-01  -1.0336986e-01
  -2.9024737e-01   4.4451655e-01
  -1.0792754e-01   2.4817750e-01
   7.2293849e-01  -1.5785032e+00
  -4.3889653e-01   5.9404933e-01
   2.5546688e-01  -5.3044419e-01
  -2.4104031e+00   2.7224565e+00
   4.8253055e-01  -6.1143022e-01
   4.1463989e-02  -4.4180702e-01
  -2.3035233e-01   1.0851566e-01
  -1.9920714e-01  -9.9061888e-02
   1.0969256e-01  -6.9176916e-02
  -1.6044203e-01   4.3737151e-01
  -1.9892116e-01   1.4948865e-01
   4.5970120e-02  -3.8432312e-01
  -3.7645493e-01   5.5388771e-01
  -2.4329369e-01   3.8183832e-01
  -3.9984545e-01   5.1156392e-01
   2.0861775e-01  -6.6540376e-01
   2.7390114e-01  -5.1716281e-01
  -1.7683006e-01   2.9298298e-01
  -3.3352143e-02  -7.4592676e-02
  -1.2614876e-01   2.6560169e-01
  -5.5727881e-01   9.1276805e-01
   1.6839115e-01  -5.5210226e-01
   1.4330617e-01  -1.3845363e+00
  -1.8683237e-01   2.0136238e-01
  -7.3327547e-01   1.2829455e+00
   2.3826075e-01  -5.1304655e-01
  -8.0410678e-02  -3.5020452e-01
  -3.7364596e-02   2.3865331e-01
  -3.4358331e-01   5.0740130e-01
  -1.0005335e+00   1.6156128e+00
  -4.0114513e-01   7.9984631e-01
   2.0614856e-01  -3.8193022e-01
  -9.9222382e-01   1.4114661e+00
  -1.5345478e+00   2.0719658e+00
  -4.0535939e-01  -1.1298480e-01
  -2.3867570e-01   5.7082689e-02
   3.0013611e-01  -4.5251409e-01
   1.8505930e-01   5.4523162e-02
   1.8763246e+00  -3.4529047e+00
   1.6217588e-01  -2.6300961e-01
  -7.2485508e-01   8.7604630e-01
  -1.9026397e+00   2.5460705e+00
  -7.2697387e-01   1.0799072e+00
  -2.4791648e-01   2.8340614e-01
  -1.8487127e-01   2.8191107e-01
  -2.4357907e-01   4.8278763e-01
  -1.5655303e-01   3.6160851e-01
  -6.4028911e-02   2.6756761e-01
   6.6749640e-01  -1.1227418e+00
   1.1582176e-01  -8.4258584e-01
  -4.3832845e-01   4.7038656e-01
   2.0954598e+00  -1.8731624e+00
   1.6744556e-01  -1.4050685e-01
   3.8637104e-03  -5.8012277e-01
  -1.3324786e+00   2.0183548e+00
   2.1084080e-01  -2.5623714e-02
  -1.0108994e-01   1.0144966e-01
  -3.9944108e-01   3.0429026e-01
  -1.1253265e+00   1.8965573e+00
  -2.5666480e-01   4.5191340e-01
  -3.9434302e-01   8.9395574e-01
  -3.5088569e-01  -2.9118794e-01
   1.2879410e-01  -2.7647205e-01
  -1.5470101e-01   3.2250551e-01
   1.0295839e+00  -1.6839228e+00
   3.9123701e-01  -4.7136400e-01
   3.7101442e-01  -9.9443603e-01
  -1.2561134e-01   2.4874698e-01
   1.6798667e-01  -2.6226486e-01
   1.2453466e-01  -9.8562598e-03
  -4.8126125e-01   9.4197055e-01
  -3.0697328e-01   7.5153705e-01
  -1.1413092e-01  -5.0634720e-02
   2.4788353e-01  -3.3507064e-01
  -1.7296463e-01   4.5696919e-02
   1.7390568e-01  -6.3740540e-01
  -2.0082916e+00   1.2874688e+00
   1.3236499e-01  -5.4968167e-01
   4.3821442e-01  -9.7492011e-01
   5.1134831e-01  -1.5303428e+00
   1.8607658e-01  -4.7894807e-01
  -4.5266232e-01   2.5991726e-03
   1.3546023e+00  -1.8492810e+00
   1.7009264e-03   4.9086628e-01
  -2.2404307e-01   1.5274222e-01
   6.9800429e-02  -3.0110644e-01
  -6.4461812e-02  -3.7874115e-01
   2.3207887e+00  -2.3155267e+00
  -2.6370293e-01   4.3883359e-01
   3.3926309e-02  -2.5161126e-01
  -5.4134687e-01   1.2145886e+00
   3.3429934e+00  -4.6848304e-01
  -4.8995055e-01   8.2845668e-01
  -9.2266761e-01   1.3059291e+00
  -8.2781984e-02  -5.0869488e-01
   6.7535843e-02   5.5180176e-02
  -1.9626742e+00   1.7099733e+00
  -3.6623989e-01   4.3453449e-01
  -8.3553266e-01   8.4269151e-01
   2.4149091e-01  -3.6185388e-01
  -9.8971053e-02  -5.6995579e-01
  -2.2467962e-01   2.0474608e-01
  -7.5550511e-01   1.3422573e+00
  -2.6140883e-01   3.2450229e-01
  -2.2961621e-01  -8.6296917e-01
   7.1752024e-01  -8.4888228e-01
   2.2485968e-01  -6.1927576e-01
   4.0511211e-01  -6.4013592e-01
   1.3688080e-01  -1.4563232e-01
   3.1496548e-01  -2.8891424e-01
   4.4714994e-01  -8.9864159e-01
  -1.7390828e+00   2.5047390e+00
   4.7086203e-02  -1.1364842e+00
   1.7053029e-02  -3.4432379e-01
   2.0827587e-02   3.6666628e-02
  -1.8911288e+00   2.7369144e+00
  -1.5191738e-01   2.4435037e-01
   5.9228164e-01  -9.2142784e-01
   1.5342976e-01  -1.1712062e+00
   2.3879154e-01  -2.4982487e-01
  -3.3953633e-01   5.4423915e-01
  -3.5879132e-01   4.0008391e-01
   3.5186077e+00  -2.8068376e-01
  -2.3286459e-01   4.9133908e-01
  -2.6594762e-01   3.5506103e-01
   9.5886335e-01  -1.5672110e+00
  -5.0307167e-01   6.3654708e-01
  -1.1442023e+00   6.3660045e-01
  -2.7638612e-01   2.8630049e-01
   6.1528260e-01  -7.8593493e-01
  -3.9294405e-01   5.5735410e-01
   1.1238176e-01   2.1803784e-01
   5.6978606e-02  -8.6213461e-01
  -2.6195468e-02  -2.4449145e-01
  -5.7707079e-03  -3.6880735e-02
  -3.3338115e-01   2.9803198e-01
  -1.8056128e+00   2.2964950e+00
  -6.9414457e-01   1.1516008e+00
  -7.4885051e-01   1.1527886e+00
  -2.8426887e-02  -7.8769552e-01
   3.2628005e-01  -2.6948186e-01
   3.6241074e-01  -8.8066156e-01
   8.4508317e-01  -8.5911909e-01
  -1.4361699e+00   1.9619846e+00
  -1.4554526e-01  -2.1759198e-01
  -2.9493996e+00   2.3397625e+00
   4.9207240e-01  -8.5869279e-01
  -9.6274067e-01   1.3228026e+00
   4.5878014e-01  -1.1597909e+00
   1.5048630e-01  -1.8356213e-01
  -2.5105312e-03  -2.8825606e-01
   3.5946776e-01  -1.9298322e-01
   1.7272099e-01  -2.6941117e-01
   1.8548328e-01  -1.3255205e+00
  -1.3617419e-01   2.2386021e-01
  -3.7963707e-01   6.5769232e-01
   6.0921212e-01  -7.0963086e-01
   8.7782582e-01  -1.2015698e+00
   3.2386186e-02   3.2533391e-01
  -1.6581011e-01  -2.0129271e-01
   1.4811873e-01  -7.6518525e-01
  -4.7796200e-01   9.1067912e-01
   1.3567609e-01  -1.5350360e+00
   1.1441819e-01  -2.9812409e-01
  -1.1275593e+00   1.7687672e+00
   7.3916121e-01  -1.2368138e+00
   1.3951496e-01  -1.5428111e-01
  -2.2193241e-01   1.7922900e-01
   1.3984965e-01  -1.3867466e-01
   2.2270156e+00  -1.6837256e+00
   4.4130984e-01  -1.8302517e+00
  -1.3288195e-01   1.0207817e-01
   9.0514652e-02  -3.1321266e-01
  -2.6115342e-01   4.0504441e-01
  -1.7225917e-01   5.2410557e-01
   3.7034574e+00  -1.0694372e+00
   6.9327194e-01  -1.1523793e+00
  -1.4516126e-01   2.6525406e-01
  -4.6447199e-01   4.8289743e-01
  -3.5832032e-01   1.7933248e-01
   2.8121838e+00  -1.4511541e+00
  -4.2657791e-01   6.7069189e-01
   1.1342202e-01  -2.4333227e-02
   4.2819711e-01  -2.9111510e-01
   1.5051184e-01  -7.9573155e-02
  -6.2083304e-02   3.9914091e-01
   1.2271269e-01  -3.8020516e-01
   2.3754127e+00  -1.6089049e+00
  -4.3739252e-03  -2.6731683e-01
   9.7725366e-02  -1.0643922e+00
  -5.0862351e-01   9.3484383e-01
   2.8008830e+00  -1.4640878e+00
  -1.4854159e+00   2.2837356e+00
  -2.8129003e-01   4.6781114e-01
   2.3059596e+00  -2.0162829e+00
   2.3169479e+00  -1.9371203e+00
  -1.6385485e-01   2.4453609e-01
  -6.1545920e-01   1.0457539e+00
  -2.5110632e-01   2.1894368e-01
   1.5578243e-01   3.9868514e-02
  -2.7797208e-01   4.4062960e-01
  -2.6495882e-01   4.7953782e-01
   1.7248543e+00  -2.1381283e+00
   4.6263138e-02  -9.6720164e-01
   3.4051686e-01  -3.8534940e-01
  -2.4568070e-01   3.6835715e-02
   4.5460849e-01  -6.2549282e-01
   1.5563195e+00  -1.6388933e+00
  -2.4974202e-02  -1.8710601e-01
  -5.1787773e-01   4.4357506e-01
  -5.6533915e-01   1.3644610e+00
  -3.8215312e-01   5.5569945e-01
  -1.7713077e+00   2.6796421e+00
   6.2442123e-02   1.0840069e-03
   2.8907937e-01  -5.7574587e-01
  -5.0978592e-01   4.2416133e-01
  -1.2780075e-01  -1.4090246e-01
   7.5594441e-02  -8.8723498e-01
  -1.9621392e-01   7.9368107e-01
  -1.5775629e+00   2.2435639e+00
  -2.2558208e-01   6.2643905e-01
  -1.4240314e-01   2.4817333e-01
  -1.1385746e-01   4.1755510e-01
  -5.1888127e-01   9.4069710e-01
   4.3491607e-01  -1.4309990e+00
  -1.5732706e-01   2.6409957e-01
   1.5291086e+00  -1.9553063e+00
  -4.0152358e-02  -2.4920235e-01
  -5.7461781e-01   9.9439424e-01
   1.0051594e+00  -1.4230050e+00
   8.2227323e-02   1.9686722e-01
  -8.3017787e-01   1.1491245e+00
  -4.9344756e-01   8.8178658e-01
  -3.3840230e-01   3.8762837e-01
  -3.7023486e-02   1.9842340e-01
   1.8720252e-01  -4.1116965e-01
   9.3172609e-02   8.0620914e-03
  -6.5664640e-01   7.6956298e-01
  -2.4082298e-01   3.0924111e-01
  -9.3038202e-02  -1.1171161e-01
  -1.1999545e-01   3.6204515e-01
  -3.0025074e-01   3.8406823e-01
  -1.9210237e-01   1.3078388e-01
   2.3831910e-01  -5.3933410e-01
   7.9338449e-01  -9.7778051e-01
   2.2555926e+00  -2.8214115e+00
   3.9417294e+00  -2.7604511e-01
   2.2167246e-01  -7.5099420e-01
   3.6388099e+00   5.0308696e-02
  -1.7085478e-02  -6.5264310e-02
  -1.7671102e-01   3.1673184e-01
  -1.3520941e+00   2.2184582e+00
   1.8023908e-01  -6.1275230e-01
  -1.5552379e+00   2.3795754e+00
  -5.1239754e-01   7.6601032e-01
   7.8591592e-01  -1.3205656e+00
   4.6515080e-01  -4.4561899e-01
  -4.4835664e-02   6.5013177e-02
   5.0272901e-01  -4.6144615e-01
  -5.1971853e-01   9.9078693e-01
   1.0920044e-02  -6.0399832e-02
  -3.7321354e-01  -2.3513229e-01
   1.9908801e-01  -4.0806206e-01
  -4.0146862e-01   4.5638542e-01
   1.0427757e+00  -1.6379503e+00
  -5.0178520e-01   7.5022148e-01
   3.8289632e-02  -4.7021137e-01
  -8.3938783e-02  -1.2754822e-01
   1.9314480e-01  -1.0958902e+00
  -6.8725318e-01   1.0692435e+00
   2.1846080e-01  -4.5748528e-01
  -1.6161486e-01  -1.1181201e-01
  -1.5021022e-01   2.8918413e-01
   1.0470837e-01  -1.1451520e-01
   9.5534476e-02  -3.6073918e-01
  -2.9773953e-01   4.8596740e-01
   2.1812454e+00  -1.7596947e+00
   1.4873347e-01  -2.8775522e-01
   7.6501142e-01  -1.2058992e+00
  -1.1890187e-01   6.1695298e-01
  -1.1740792e-01   1.8050108e-01
  -3.3544325e-01   7.8020809e-01
  -2.6091008e+00   2.6110002e+00
  -1.3611840e-01   1.6214605e-01
  -5.6912489e-01   9.4722599e-01
   1.5232120e+00  -2.3712274e+00
   6.4694505e-01  -1.0105640e+00
  -4.7307711e-02   1.0852261e-01
  -2.2139047e-02   3.2503461e-01
  -1.1449609e+00   1.8251930e+00
   7.1439266e-02  -1.0459800e-01
  -4.3881403e-01   6.5260953e-01
   2.5877638e-01  -3.3526419e-01
   2.0733940e-01  -4.5187477e-01
  -1.2876792e+00   1.9942274e+00
   7.4730710e-01  -1.1746590e+00
   2.2966694e-01  -4.2286949e-01
   2.1115635e-01  -6.4508877e-02
  -8.3859750e-01   9.3222066e-02
  -1.1511718e+00   1.5560096e+00
   6.6328061e-03  -2.5750602e-01
   1.3394714e-01   9.8726353e-02
   1.2980585e+00  -2.8505439e+00
   3.0816881e-01  -5.8031967e-01
   3.1086391e-01  -5.1231566e-01
  -9.9202912e-02  -1.6928374e-01
  -2.2120248e+00   2.6008718e+00
   5.2580765e-02  -2.2654968e-01
   7.0605791e-01  -9.1427999e-01
   2.2083930e-01  -3.2829302e-01
   5.3410380e-02  -2.0322416e-01
   1.7789305e-01   9.0214021e-03
   1.6077262e-01  -4.5382232e-01
  -1.3324871e-01   2.7141483e-01
   2.7965989e-01  -2.2976660e-01
  -1.2131111e-01   4.2648863e-01
  -6.7632118e-03  -1.0567082e+00
   3.6533670e-01  -2.5683552e-01
  -1.3006632e+00   1.9997174e+00
  -2.1176368e-01   7.8696946e-01
   1.9503683e-01  -5.5130911e-01
  -8.5618073e-01   1.4578291e+00
  -6.1563361e-01   9.1805429e-01
  -5.9609424e-02  -4.4852394e-01
  -6.2440925e-02   3.3088337e-01
  -5.2608813e-02  -1.2168638e-01
  -6.0055937e-01   1.0059438e+00
   8.4022636e-01  -1.2419967e+00
  -8.0116763e-01   1.0589499e+00
   1.9502694e+00  -2.1196200e+00
  -7.8470401e-01   1.0291566e+00
  -1.5777097e-01   1.6977069e-01
   8.1970495e-02   3.2554223e-01
  -4.3135822e-01   5.0445976e-01
  -1.8209664e-01   4.3111942e-01
   3.6712027e-01  -6.2301430e-01
  -9.5112766e-02   3.3962611e-01
  -8.9671537e-02  -2.0039506e-01
   9.5003736e-02  -2.0929079e-01
  -7.9605987e-02  -1.0120522e+00
  -3.7561557e-01   5.8086068e-01
   2.7573442e-01  -6.0716139e-01
   2.1292779e-01  -1.2188400e-01
  -4.4240188e-01   9.2531340e-01
   2.0498699e-02  -3.0633080e-01
  -1.8808149e-01   3.2207520e-01
  -3.1181094e-01   8.1592971e-01
  -4.6271791e-01   4.1485692e-01
   9.4333611e-03   1.0575942e-01
  -5.9679788e-01   1.1012136e+00
   3.3837179e+00  -7.8200674e-01
  -4.0123228e-02  -3.5856426e-02
  -4.7546614e-02   9.1691998e-02
   2.8713153e-01  -4.9014552e-01
   3.5224924e+00  -7.7669638e-02
   2.9301043e+00  -1.3433079e+00
  -2.6651093e-01  -4.1638872e-01
   2.8194248e-01  -1.7384054e+00
   6.2655383e-01  -1.0140525e+00
  -2.6863226e-01   3.9628243e-01
  -7.5305857e-01   7.8974225e-01
   2.1541123e-01  -4.6625292e-01
   2.6031966e-01  -3.5394052e-01
  -2.1203537e+00   2.6014114e+00
   2.1094335e-01  -2.2770363e-01
  -5.5712530e-01   1.0416105e+00
  -3.2240262e-01   6.3830338e-01
   3.5021130e+00  -2.6259178e-01
   1.1031287e+00  -1.4893608e+00
   3.7233567e-01  -5.3125458e-01
  -2.0315113e-01   3.7781636e-01
  -6.4757091e-02   7.4470296e-02
  -1.3246545e-01  -9.8127025e-03
  -3.9721437e-01   6.1672308e-01
  -4.8975628e-01   4.4587426e-01
   8.4633482e-01  -1.1532548e+00
   2.7225230e-03  -1.2975687e-01
   1.0821145e+00  -1.6866909e+00
   6.7320132e-02   6.2686375e-02
  -8.5378244e-02  -6.5423430e-01
  -1.6624915e-01   3.3155442e-01
   5.9500297e-02  -2.9373438e-02
   1.2729704e-01  -1.3921106e-01
  -5.5435936e-01   9.9334120e-01
  -1.4900019e-01  -2.3935463e-01
   2.4168161e+00  -1.6945396e+00
   5.1737285e-01  -1.0520028e+00
   6.6606150e-01  -6.5077397e-01
   1.3452831e-02  -1.4539116e-01
   7.6957833e-01  -9.1880493e-01
   2.8246916e-01  -6.4694228e-01
  -2.4164944e-01   2.2798013e-01
  -2.0795405e-02  -4.1467736e-02
   2.4765802e-01  -6.9052653e-02
  -9.9210747e-02  -4.0344806e-02
   6.0709246e-02  -3.1184603e-01
  -4.5238982e-01   1.1592034e+00
   5.2643690e-02  -2.7609766e-01
   7.8867606e-02   2.7118198e-01
   1.8603396e-01  -3.4730424e-01
  -2.0691213e-01   2.8320740e-01
  -2.2364222e+00   2.7937508e+00
   7.4941628e-02  -5.6065614e-02
   2.7612008e-01  -6.2457333e-01
   1.3156523e-01  -2.0374632e-01
  -3.3094224e-01  -7.4440974e-01
   2.2081588e-01  -1.0717858e+00
  -1.0699166e+00   1.7493948e+00
  -1.1330774e-01   3.5550086e-01
   1.2327163e-01  -3.5282055e-01
  -2.6232145e-01   4.7198264e-01
   2.2054153e+00  -1.5716465e+00
  -3.8042055e-01   4.4927253e-01
   2.3314386e-01  -8.5654405e-01
  -4.1294377e-01   7.8906869e-01
  -3.6805615e-02   5.5665795e-02
   1.4856041e-01  -3.7592003e-01
  -3.5824311e-01   5.7339959e-01
  -1.0300515e-01   1.5749409e-01
   1.3916755e+00  -1.6993816e+00
   2.2092057e+00  -1.8115153e+00
   3.4804776e+00  -3.8779345e-01
   4.7531473e-01  -4.9080431e-01
   5.9646019e-01  -9.1964423e-01
  -6.2712785e-01   9.1974678e-01
   3.3548973e+00  -8.9551591e-01
   3.3903841e-02  -6.2470350e-01
   3.0166570e-01  -6.9458209e-01
   4.6019256e-01  -1.2629373e+00
   3.6427118e+00  -2.9623708e-01
  -3.5340272e-01   4.8190985e-01
  -8.8320525e-01   1.5958811e+00
  -3.4632692e-01   6.4240903e-01
  -2.7868126e-02  -1.0456679e-01
   1.4758850e+00  -1.8742905e+00
  -1.0617901e-01  -1.1741599e+00
  -3.7663328e-02  -4.4206277e-01
   2.0938937e-02   6.7046375e-03
   1.1869490e-01  -1.5261655e-01
  -4.4393359e-01   3.3060442e-01
  -4.8089854e-01   3.3155552e-01
   3.4431631e-02  -1.8454802e-01
   2.5277910e-01  -1.7794705e+00
  -1.6614314e+00   2.4682586e+00
   8.6484559e-02   9.8223218e-02
  -6.7744891e-01   1.0646693e+00
   1.5243956e-01  -1.3772919e-01
   7.7067464e-02   5.6077185e-02
   1.6306888e-01  -1.2681122e+00
   4.5300917e-02  -6.7529817e-01
  -7.9186337e-02   2.2690015e-01
  -3.9690255e-01   5.2168483e-01
   3.8043246e-01  -2.6076878e-01
   1.0348206e+00  -1.5740022e+00
  -1.9053199e-01   1.4316375e-01
   7.7033940e-03  -7.4015021e-02
   3.8033419e-01  -1.7697922e+00
  -2.8147841e-01   3.9946603e-01
  -2.9977105e-01   1.1258336e-01
  -4.1603007e-02  -1.7560285e-01
  -6.2410342e-02   2.1609332e-01
  -3.9678333e-01   2.1160598e-01
  -1.5019157e-01   2.9645779e-01
   5.6537112e-01  -9.8389337e-01
  -6.5271432e-02  -1.5204729e-01
  -3.7970627e-02  -2.6536281e-01
   5.0018986e-02   1.2733705e-01
  -2.5322507e-01   3.1135312e-01
  -9.6476122e-02   4.0336728e-01
  -2.2650775e-02   3.3701076e-02
  -8.0391925e-02   3.5351921e-01
  -2.3284575e+00   1.2101476e+00
   4.2651927e-01  -7.4863390e-01
   1.0213793e+00  -1.5946718e+00
  -4.4084817e-01   9.0280152e-01
   9.2470089e-02  -6.5245500e-01
  -8.6132183e-01   1.4710600e+00
  -1.0154583e-01  -5.4950916e-01
  -1.0172553e-01  -8.5258076e-02
  -1.4029474e-01   8.9495610e-03
   1.3572786e+00  -1.5869919e+00
  -1.5699761e-02   2.0594823e-01
   2.7313067e-01  -3.5799492e-01
   4.1677394e-01  -7.2560732e-01
  -1.6568524e-01   3.9203473e-01
   8.5332814e-03  -3.6144650e-01
   7.3441024e-01  -1.4734514e+00
  -2.0170810e+00   2.5440936e+00
   3.2391067e+00  -7.3842077e-01
   7.4970455e-01  -1.2010281e+00
  -1.3728092e+00   2.0539332e+00
  -6.6550229e-02   1.5864153e-01
  -3.5018768e+00   1.8336568e+00
  -5.7882997e-02   7.9737599e-02
   1.5503816e-01  -2.0115814e-01
   1.5823337e-01  -1.2865837e+00
   8.3046280e-01  -1.4252789e+00
  -3.0826063e-02   3.0635194e-01
   7.1774181e-01  -1.0014664e+00
   1.0550801e-01  -7.2719542e-02
   4.6144870e-01  -7.4124488e-01
  -1.0759042e+00   1.5619327e+00
  -2.7054384e-02   2.8305048e-02
   9.4007532e-02  -8.1422721e-01
  -3.1021505e+00   2.1689404e+00
  -1.0032267e-01   5.2903145e-01
   1.8021884e-01  -1.7067175e-02
   2.6381991e-01  -6.1545541e-01
  -1.4933974e-01   1.2364965e-01
  -8.8886558e-02  -9.0684697e-01
  -3.2060902e-03   4.9446766e-01
  -2.7248233e-01   7.7277253e-01
  -2.5107015e+00   2.6397575e+00
   1.3386703e+00  -1.5697594e+00
   2.5385394e+00  -1.7177331e+00
  -1.7643899e+00   2.3843234e+00
   5.0696371e-01  -1.0313566e+00
   6.9858722e-02  -5.5528251e-02
   1.3519532e-01   3.4209284e-02
   6.4908696e-03   7.9339056e-04
   3.4448412e-01  -4.4509520e-01
  -2.6722412e-01   4.3304623e-01
  -1.8536709e-01   3.7403530e-01
  -3.0061926e-01   3.6056904e-01
  -5.2220645e-02   5.4267028e-02
  -1.1758425e+00   1.6380341e+00
   3.9635751e-01  -1.0071304e+00
  -3.8980198e-01  -1.6917423e-01
  -1.8503964e-01  -6.7820120e-01
  -6.2524183e-01   9.0089234e-01
  -1.5941768e-01   2.9052425e-01
   2.3543768e-01  -5.0640772e-01
   1.3959917e+00  -2.0211812e+00
   2.3159520e-01  -4.7749462e-02
   4.3970940e-02   1.2954239e-02
  -2.1958758e-01   2.3476244e-01
   2.9930181e-01  -4.5461829e-01
   7.3722625e-01  -1.1092004e+00
  -3.5549168e-01   5.4820610e-01
   2.2570406e-01  -7.0313914e-02
   6.2814713e-02  -3.9480182e-01
  -1.8478905e-01   5.2985081e-01
  -4.3054975e-01   3.9225065e-01
  -3.6713843e-01   6.5063133e-01
   4.4049859e-01  -5.6998478e-01
  -2.1228765e-01   7.7529055e-01
  -2.9425911e-01   4.4227502e-01
   2.0918206e+00  -1.9762736e+00
   2.8233865e-01  -8.3717168e-01
  -4.5625155e-01   6.2088449e-01
  -9.8030647e-01   1.5308581e+00
   2.6575537e-01  -6.0280872e-01
   4.9088904e-01  -1.6796117e+00
  -6.5043449e-01   9.2929012e-01
   1.4334413e-01  -2.4418275e-01
  -2.5585234e+00   2.5592732e+00
  -5.1538194e-01   1.0971718e+00
   2.2917642e-01  -2.5971970e-01
   1.3446263e-02   5.6719571e-02
   2.9843991e-02  -8.0594228e-02
  -3.2132625e+00   6.5670266e-01
  -9.0921375e-01   5.3650933e-01
   1.1242000e-01  -3.5048302e-01
   1.4993663e-01  -5.7314595e-01
   1.5419176e-01  -1.5421664e-01
   3.1047711e-01  -4.7028190e-01
  -1.4641325e+00   2.0129488e+00
   8.8098740e-01  -1.4570497e+00
  -8.3990004e-02  -1.5985889e-01
  -2.0794348e-01   3.2542201e-02
   6.5106002e-01  -1.1342582e+00
  -4.8332325e-01   6.8291104e-01
   2.3164337e-01  -2.3006321e-01
  -2.9219907e-01  -4.1100786e-01
  -3.8109494e-01   5.0079140e-01
  -9.0614774e-02  -8.0519476e-01
  -6.1466064e-01   9.6759686e-01
   1.7340585e-01  -1.6691524e+00
  -7.1606802e-01   1.2084564e+00
  -2.2010230e-01   1.2705418e-01
   1.1485709e-01  -8.4738025e-02
   7.2035199e-01  -1.1625908e+00
   1.0523063e-01  -2.8324101e-01
  -1.2491247e+00   1.8158146e+00
   2.3237400e-02  -3.2168298e-02
  -1.5061953e+00   2.3233277e+00
  -3.0769832e+00   2.5541395e+00
   1.4120062e-01  -1.0566971e-01
   4.5958028e-01  -1.7720788e+00
  -8.6858307e-01   1.3586193e+00
  -1.0479007e-01   1.9015389e-01
  -3.4471999e-02  -4.8331818e-02
   2.2531199e-01  -1.4119814e+00
  -5.0866166e-01   8.6659927e-01
  -2.3592001e+00   2.6165098e+00
  -8.6582134e-01   1.1612205e+00
  -9.5948677e-01   1.5688705e+00
   3.0886838e-03  -3.3498356e-01
