  -7.1728432e-01  -1.9292439e-01
  -8.2117892e-01  -2.1990035e-01
  -7.3940743e-01  -8.9807557e-01
  -3.5959888e-02  -4.2327207e-01
   2.1845532e+00   1.4288516e+00
  -5.5297856e-01  -4.7320389e-01
  -9.4178576e-01  -5.9111155e-01
  -5.8344051e-01  -1.7619568e-01
  -3.4290567e-02   4.1549748e-02
   1.8236594e+00   1.8128007e+00
  -1.2064384e+00  -5.0955976e-01
  -9.5097629e-01  -7.2159977e-01
   9.8925659e-01  -2.9974690e-01
  -5.6952138e-01  -7.0380596e-01
  -1.0685526e+00  -3.5327173e-01
   2.4122048e+00   1.7291755e+00
  -1.2601986e+00  -4.7762483e-02
  -4.3230017e-01  -2.6945661e-01
  -1.3305541e+00  -7.0068394e-01
  -8.1540085e-01  -2.8309678e-01
   1.0874512e-01   9.5967287e-02
  -1.6714542e-02  -2.2383832e-01
   5.4430814e-01  -1.9370142e-01
   5.1216665e-01   1.8566579e-01
  -1.1831839e+00  -1.0914486e-01
   3.0589547e-01  -7.4206081e-01
  -6.4585108e-01  -9.2821260e-01
  -5.1300463e-01  -6.8275205e-01
   1.7626810e+00   2.0709401e+00
   3.8929894e-01  -4.7006358e-01
  -7.3947533e-01  -7.8546140e-01
  -9.0827890e-01  -6.6331452e-01
  -5.4082402e-01  -1.1158424e+00
  -9.6051379e-01  -2.1387870e-01
   1.2011031e+00   2.0917597e-02
  -2.0001675e-01  -6.5707350e-01
  -3.0886950e-01  -4.2275759e-01
  -6.5778052e-01  -3.6753230e-01
   3.2737969e+00   2.5218602e+00
   4.3786696e-01  -1.0209437e-01
  -1.2040156e+00   4.5032854e+00
   1.9784262e+00   2.4458639e+00
  -2.4678275e-01  -6.4466362e-01
  -2.5825447e-01  -7.6376052e-01
   2.3973586e+00   1.9837188e+00
  -1.6927831e-01  -4.1774261e-01
  -1.1448459e+00  -4.5445986e-01
  -7.8350920e-01  -3.4825788e-01
   1.2547792e+00   1.4705407e-01
   1.6840678e+00   2.3197156e+00
   7.8720688e-02  -4.8857457e-01
   5.8979685e-01  -2.2557701e-01
  -5.2103601e-01   1.6434279e-02
  -3.3585458e-01  -7.6216421e-01
   1.3784670e-01  -2.9069854e-01
  -7.8169349e-01  -3.7298397e-01
   1.3088487e+00   1.8981822e-01
  -1.3114467e+00  -1.0178149e+00
  -3.1018126e-01  -6.0443487e-01
  -5.2133135e-01  -4.7117781e-01
  -2.9607626e-01  -3.1250831e-01
  -3.5697348e-01  -8.8151444e-01
  -2.9631440e-01  -5.9366609e-01
  -6.8574355e-02   3.9314734e+00
   2.4212195e+00   1.9760966e+00
   3.1310577e-01  -1.2478390e-01
   8.9174356e-01  -9.6905139e-03
  -7.8088479e-01  -5.3592454e-01
  -1.0226393e+00  -5.7368614e-01
  -8.3239646e-01  -6.1675839e-01
  -5.1439601e-01  -9.2284510e-01
  -4.2968635e-01  -8.5874870e-01
  -5.8531232e-01  -2.5738258e-01
  -1.3023857e-01  -3.2794029e-01
  -8.0700075e-01  -5.9343321e-01
  -2.6998416e-03  -2.0723854e-01
   1.1574302e-01  -4.7166817e-01
   2.2577847e+00   2.1352021e+00
   1.5410825e+00   1.8257864e+00
  -1.2559056e+00  -4.5610949e-01
   1.0822442e+00  -1.5752524e-01
  -8.8590683e-01  -2.1958959e-01
   1.4019916e+00   1.9168385e+00
  -3.8136892e-01  -1.6835537e-01
  -8.3614526e-01  -1.0088684e+00
  -7.2871136e-01  -5.8776899e-01
   1.0973397e+00   5.5251713e-02
  -9.7276366e-03  -4.6677766e-01
  -6.1522585e-01  -4.3583868e-01
  -8.6661684e-01  -4.7977796e-01
  -6.2210721e-01  -7.1693321e-01
  -1.0593453e+00  -1.4442506e-01
  -6.4025413e-01  -6.0117113e-01
  -8.1000499e-01  -5.3322901e-01
  -6.7716121e-01  -9.6941319e-02
  -4.5272244e-01  -9.0421413e-01
  -1.1461992e+00  -5.9352621e-01
   6.7880474e-01   2.8087425e+00
  -1.2176538e-01  -3.1267847e-01
  -8.6197389e-02  -6.9937041e-01
  -6.5071547e-01  -6.5252570e-01
  -8.0978265e-01  -6.3711864e-01
  -4.1436542e-01  -6.5595730e-01
  -1.2177666e+00  -5.3193779e-01
   6.2330107e-02  -4.7641998e-01
  -7.3059258e-01  -3.9754418e-01
   1.0966988e+00   2.2858309e+00
  -7.9026656e-01  -4.6633402e-01
  -3.0044521e-01  -4.4255607e-01
  -1.1825184e+00  -4.5916398e-01
  -1.0851314e+00  -8.4728831e-01
   8.0708715e-01   6.7307467e-02
   2.0700294e+00   2.2946899e+00
   8.7038553e-02  -6.1194386e-01
   9.9121792e-01  -1.2385085e-01
  -1.2448932e-01  -3.1768750e-01
   2.5577924e+00   1.9816962e+00
  -1.2066346e+00  -4.8572562e-01
   1.5584417e+00   1.7869077e+00
   3.1397640e+00   2.0599138e+00
  -7.9086456e-01  -3.3653095e-01
  -5.3363456e-01  -4.3502693e-01
   2.3738135e+00   1.2565958e+00
   1.0339665e-01  -3.7053172e-01
  -8.3937034e-01  -7.4284634e-01
   2.6725301e+00   1.2847647e+00
  -2.6551054e-01  -3.3286147e-01
   2.9755912e-01  -4.2037441e-01
   6.0415371e-01  -1.3667183e-01
  -8.7532445e-01  -6.2711992e-01
  -6.2568780e-01  -8.7982958e-01
  -5.4186272e-02  -1.0400018e-01
   1.6325971e+00   2.2019843e+00
   9.6295226e-01   7.3389270e-01
  -2.4425413e-02  -2.2449223e-01
  -5.1848692e-01  -4.3025413e-01
   7.3043434e-02  -5.6978754e-01
  -3.5946098e-01  -2.5996287e-01
  -9.7412557e-01  -6.9099001e-01
  -6.9524258e-01  -4.6536759e-01
  -8.3880999e-01  -7.4406074e-01
   8.0410912e-01  -1.1816670e-01
  -8.6992530e-01  -7.0901038e-01
   3.3412716e-01  -2.4374693e-01
   3.2567542e-02  -6.0919470e-01
  -7.9658604e-01  -6.9802746e-01
  -1.7618156e-01  -1.3434695e-01
   3.0592376e+00   1.8828815e+00
   2.3933979e-01  -3.0613988e-01
  -5.0760852e-01  -6.7742229e-01
  -2.3401884e-01  -4.0779406e-01
   5.8158556e-01   7.2735758e-01
  -5.4693249e-02  -9.5203861e-02
  -3.1266074e-01  -1.0248065e+00
  -9.5499918e-01  -4.4837458e-01
   4.1046157e-02  -3.2160541e-01
  -7.8982954e-01  -3.0635624e-01
   1.6570134e+00   2.1884504e+00
  -4.4489568e-01  -7.2091654e-01
  -3.5683275e-01  -4.2924993e-01
  -4.3395757e-01  -7.8788585e-01
  -6.9845394e-01  -8.3266442e-01
  -3.2095205e-01  -5.2778423e-01
   3.1959458e-01  -4.2895076e-02
  -6.8713403e-01  -2.9112277e-01
  -7.3065187e-01  -3.1904003e-01
  -1.2549840e+00   4.6980757e+00
  -3.2538852e-01  -7.0478605e-01
   1.1702076e-01  -3.6682953e-01
   1.2257781e-02  -4.8536906e-01
  -4.7984381e-01  -3.6786008e-01
  -9.7134916e-01  -7.2505416e-01
   1.6415077e+00   8.8784189e-01
  -8.1419891e-01  -6.7943058e-01
   1.8977434e-01   5.5035481e-01
  -7.9221282e-01  -4.5463859e-01
  -6.6697681e-01  -7.6675255e-01
  -5.1078089e-01  -3.8206507e-01
   8.1087524e-02   4.3310654e-02
  -6.0136905e-01  -3.1779336e-01
   3.1286650e+00   2.9172376e+00
  -2.5455360e-02  -5.4243128e-01
  -7.9888262e-01  -2.6210646e-01
  -1.0307953e+00  -9.9760339e-01
   2.9927622e+00   1.4269200e+00
  -6.2676464e-01  -6.7508816e-01
  -5.6305998e-01  -4.9975090e-01
  -7.3444296e-01  -8.3175269e-01
   1.8453716e+00   5.5951198e-01
  -6.3840090e-01  -8.9945529e-01
   7.7796381e-01  -1.9693620e-01
  -1.4238714e+00   4.6076640e+00
  -9.7668442e-01  -7.6142540e-01
   2.0520030e-01   2.8134955e-01
  -5.1204859e-01  -1.3454856e-01
  -1.0163122e+00  -8.2491734e-01
   2.4070449e-01  -4.5344733e-01
  -2.7430388e-02  -1.8513257e-01
  -1.0357368e+00  -6.8500409e-01
  -5.3672380e-01  -4.8344595e-01
   2.5347208e+00   6.1549920e-01
   9.9721680e-02  -4.4175843e-01
   1.9050110e-01  -6.5707314e-01
  -8.2716190e-01  -1.4885810e-01
  -1.0095088e+00  -6.6639822e-01
  -4.8044364e-01  -8.0981288e-01
  -5.5959817e-01  -7.2853008e-01
  -8.5346457e-01  -4.7558249e-01
   1.1621662e+00   1.8546270e+00
  -7.1463592e-01  -5.0892065e-01
  -1.0390816e-01  -3.3308567e-01
  -7.2229659e-01  -5.8274315e-01
   1.6722325e-01  -3.1519837e-01
   9.9790202e-01   2.1325548e+00
  -3.1974319e-01  -9.2015726e-01
  -5.2917649e-01  -1.2767896e-01
   3.5853050e-01  -5.4940906e-01
   1.2817727e-01  -3.2121536e-01
   5.6405350e-02  -4.5532376e-01
   2.1940698e+00   1.9393842e+00
   1.6940215e-01  -2.5349541e-01
   2.7389037e-01   4.3312869e-01
  -2.0623406e-01  -3.8164120e-01
   2.6401817e+00   1.8397377e+00
   7.5618772e-01  -6.1872324e-01
  -7.3432784e-01  -4.3111182e-01
  -2.0180280e-01  -8.3457719e-01
   4.9161188e-01  -6.0451048e-01
  -5.3172821e-01  -4.6894279e-01
  -7.4916707e-01  -7.0263697e-01
   8.2999463e-01  -2.5648148e-01
  -2.4597977e-01   3.7243760e-01
   1.6074703e+00   1.9666864e+00
   2.3873845e+00   2.4572055e+00
  -1.1095302e+00  -5.9540734e-01
  -1.0956438e+00  -7.5460413e-01
  -5.7101873e-01  -5.6514929e-01
  -6.5359352e-01  -8.4768412e-02
   1.3326860e+00   2.1867986e+00
  -1.1177098e+00  -6.9487611e-01
  -1.7391708e-01  -5.8026884e-01
  -2.5054772e-02  -2.8835110e-01
  -1.0519496e+00  -3.0226213e-01
  -7.7352398e-01  -6.8742319e-01
  -4.6784698e-01  -7.0877573e-01
  -2.4422248e-01  -3.1693932e-01
  -2.2842318e-01  -5.8475164e-01
  -5.0252840e-01  -4.0663476e-01
  -9.1289410e-01  -7.8346478e-01
   8.2936992e-02  -6.2013765e-01
  -4.3004400e-01  -7.6826349e-01
  -4.4533608e-01  -2.2612910e-01
  -8.4516800e-01  -8.4963957e-01
   1.4912542e+00   7.3460365e-01
  -7.0275112e-01  -6.6904722e-01
  -1.0997031e+00  -8.7811209e-01
  -3.5376124e-01  -6.7655667e-01
   1.8018062e+00   2.3269378e+00
   8.2022118e-01  -3.0538542e-01
  -1.5864599e-01  -5.8941767e-01
  -5.6181480e-01  -5.1076040e-01
  -1.4885027e+00  -4.5998895e-01
   2.8409629e+00   1.8008441e+00
   2.1018544e+00   9.1266787e-01
  -5.8675601e-01  -2.6154422e-01
   1.1720116e-01  -6.2925234e-01
  -1.2660123e+00  -6.9714317e-01
   5.6633888e-01  -6.0647133e-01
  -5.6031527e-01  -5.7767163e-01
   8.4696447e-01  -3.4278588e-03
  -4.7711823e-01  -4.7143631e-01
   2.0006207e+00   2.6673798e-01
   1.5880880e+00   1.9220236e+00
  -1.3849100e+00  -5.0484988e-01
   3.9418650e-01   4.2599839e-02
  -2.0112214e-01  -7.6857763e-01
   8.2126119e-01  -6.9285479e-02
  -5.3774056e-01   4.6218645e+00
  -5.9507683e-01  -5.3326224e-01
   2.6095842e+00   1.4246253e+00
   3.4726281e-01  -7.7124285e-01
   7.2759402e-01  -4.0069370e-01
  -2.5684726e-01  -7.4178842e-01
   3.3240681e-01  -5.4200916e-01
   1.6261427e+00   8.0340476e-01
   7.5007632e-01  -1.6911232e-01
  -8.0051188e-01  -9.8528460e-02
   2.0200237e+00   2.2257582e+00
   6.7897801e-01   1.4645055e-01
   9.7257580e-02   1.3956489e-01
   4.3892607e-01   1.2303986e-01
   2.5315819e-01  -3.1283638e-01
  -5.3335224e-01  -2.7248662e-01
  -8.5846408e-01  -6.3211099e-01
  -4.5086893e-02  -4.3889629e-01
  -6.4943882e-01  -1.5843855e-01
   2.8794687e-01  -1.2693372e-01
  -5.6074770e-01  -6.3148945e-01
  -1.5440494e+00  -6.6262116e-01
  -4.9313971e-01  -5.2650814e-01
  -7.9995046e-01  -7.1043824e-01
  -6.2320727e-01  -4.6543783e-01
   1.8917669e+00   2.0450590e+00
   1.5690958e+00   2.3604010e+00
  -1.1196561e+00  -5.6027201e-01
  -2.2918073e-01  -6.5227879e-01
   3.2179406e+00   2.0751241e+00
  -1.1015014e+00  -5.3228357e-01
   1.3272000e+00   3.3435482e-01
  -9.8905967e-01  -1.0202701e+00
  -6.1376474e-01  -4.7255560e-01
   1.7624271e-02  -6.9819623e-02
  -4.5709323e-01  -5.9497959e-01
   1.7910766e+00   1.7028716e+00
  -8.6696168e-01  -6.3980474e-01
  -9.3308923e-01  -2.3219572e-01
  -1.1704276e+00  -5.4098864e-01
   1.2291708e-01  -3.8580837e-01
  -5.4393537e-01  -6.0288979e-01
  -5.1200052e-01  -8.4467843e-01
   1.2439938e-01  -8.9058922e-02
  -5.2104613e-01  -8.2606562e-01
   3.3678294e-01  -1.0466003e-01
  -9.2634454e-01  -3.8361098e-01
  -6.3831831e-01  -6.8079535e-01
  -5.5959331e-01  -2.2915453e-01
  -6.2054297e-01  -5.8580483e-01
  -4.1987988e-01  -1.5382963e-01
  -6.8273617e-01  -7.0349025e-01
   1.5702780e+00   1.9064226e+00
  -7.6316991e-01  -2.2101860e-01
  -4.1064957e-01  -4.6187513e-01
   1.7357269e-03  -1.3457705e-01
  -1.0140339e+00  -4.0158148e-01
   4.8204424e-01   1.2458473e-01
   1.7404407e+00   2.3016305e+00
  -3.5522883e-01  -4.2456860e-01
  -4.3752654e-01  -3.5691122e-01
  -3.7949622e-01  -1.6880545e-01
   4.2491668e-01  -1.6483954e-01
   3.0109463e+00   1.9782951e+00
  -6.5192219e-01   8.4451116e-02
  -4.6537479e-01  -3.4169890e-01
  -6.5571891e-01  -5.1207382e-01
  -3.6184196e-01  -2.6649646e-01
  -6.2498491e-01  -5.0433421e-01
   4.7516037e-01   1.9123502e-01
   3.9954693e-01  -9.5361175e-02
   2.2694310e-01   1.9343883e-01
  -3.5077798e-01  -4.5260600e-01
  -7.8411801e-01  -5.7322752e-01
  -5.6256900e-01  -3.5704686e-01
  -1.3016374e+00  -2.5167806e-01
   2.7218140e+00   1.0843283e+00
   2.0020637e+00   2.3043023e+00
  -6.0360686e-01   1.2434427e-01
  -2.0638373e-01  -4.6420372e-01
  -3.8141686e-01  -7.5699727e-01
  -1.0226840e+00  -5.7622722e-01
  -5.8149777e-01  -7.5699685e-01
  -8.3118394e-01  -2.1102978e-01
  -3.7967628e-01  -6.2651652e-01
  -9.0818805e-02  -4.6799119e-01
  -3.7413085e-01  -1.4016737e-01
  -1.3488506e-01  -5.8100689e-01
   3.4721868e-02  -5.0044864e-02
  -6.2521701e-01  -4.6680213e-01
  -3.9135460e-01  -3.7864188e-01
   1.4840763e-01  -1.8054031e-01
   2.3458289e+00   2.0447644e+00
  -5.5218322e-01  -6.5314074e-01
   3.9619879e-01  -3.3142486e-03
   1.4839225e+00   8.8485079e-01
  -1.6025807e-01  -2.0026002e-01
  -7.7346054e-01  -6.0704501e-01
  -1.3026214e+00  -1.0827289e-01
  -7.3170093e-01  -7.3103148e-01
  -3.7738945e-01  -2.7146520e-01
   2.0337300e+00   2.4501443e+00
  -2.1999258e-01  -6.9589605e-01
   2.1039192e-01  -7.1583931e-02
  -1.0299279e+00  -2.6283342e-01
  -1.0878353e+00  -4.7315618e-01
  -1.2350426e+00  -7.0603746e-01
  -6.9166306e-01  -2.3157063e-01
  -7.9581085e-01  -4.4806054e-01
  -1.5308954e-01  -9.0299495e-01
   5.2320965e-01   5.4088752e-01
  -6.3065732e-01  -4.5959186e-01
  -6.7730096e-01  -1.7904854e-01
  -1.2448494e+00  -4.8260127e-01
  -1.0512716e+00  -7.5167908e-01
   1.5823257e+00   9.7711145e-01
  -6.0547772e-01   9.2009919e-03
  -5.1582860e-01  -6.5046567e-01
  -6.5333506e-01  -7.2736594e-01
   1.9528611e+00   1.7221220e+00
  -9.3181479e-01  -6.4553045e-01
  -3.4162028e-01  -4.1304961e-01
  -3.9147595e-01  -9.4221482e-01
   9.8762277e-01   3.3741075e+00
   1.4226891e-01  -1.8262333e-01
  -6.2310513e-01  -7.1871873e-01
  -4.7935358e-01  -5.5180166e-01
  -5.1826231e-01  -2.9165390e-01
   2.4045813e+00   2.1649603e+00
  -1.2140033e+00  -5.3682679e-01
   2.5219125e+00   2.2802863e+00
  -1.2909090e+00  -9.0165959e-01
   1.3769989e+00   2.2204750e+00
  -2.9725433e-01  -6.7246319e-01
  -2.4718888e-01  -1.2729194e-01
   2.1844173e+00   2.1955956e+00
  -4.0942775e-01  -6.2534994e-01
  -2.3939255e-01  -3.8222275e-01
  -6.0044167e-01  -4.5501056e-01
   1.7912227e+00   1.0242589e+00
   2.3422085e-01  -1.5866156e-01
   2.1427231e-01  -2.3295650e-01
   1.0830938e+00   5.5563909e-01
  -2.3298888e-01  -5.1954133e-01
  -8.8416754e-01  -5.7832193e-01
  -5.0018852e-01  -3.1382689e-01
  -9.8038389e-01  -6.7705792e-01
  -1.1583251e+00  -7.5967282e-01
   6.0536617e-01   2.3794448e-01
  -5.5982735e-01  -1.5563244e-01
   2.8088804e-01  -4.5385406e-01
  -1.4412439e-02  -2.8035439e-01
   2.0406041e-02  -6.9126788e-01
  -6.2912737e-01  -5.9342449e-01
  -1.2620822e+00  -3.5932677e-01
   2.5091598e-02  -1.0059829e-01
  -4.6432114e-01  -5.0105577e-01
  -6.0066066e-01  -3.9952941e-01
   2.7147386e-01   3.5139671e-01
  -1.1311816e+00  -5.7130607e-01
  -2.4755932e-01  -4.2226135e-01
  -1.2789872e+00  -7.7492157e-01
  -5.5792499e-01  -3.6428955e-01
   9.1572343e-02  -4.4742269e-01
  -5.6589920e-01  -8.5281188e-01
   1.0129354e+00   2.1891293e+00
   4.8329766e-01  -1.5938007e-01
  -1.2328306e+00  -4.6267071e-01
  -7.6912719e-01  -4.7923710e-02
  -7.9588170e-01  -6.6611848e-01
   2.1280359e+00   1.1176709e+00
  -7.3886815e-01  -4.5946593e-01
  -2.7324906e-01  -1.6369720e-01
  -9.5663126e-01  -4.2093644e-01
  -1.0746836e-01  -6.5083546e-01
  -9.7516952e-01  -8.6728870e-01
   1.5121126e+00   2.0786399e+00
   1.8580165e+00   2.1942111e+00
  -8.0100433e-01  -8.1633012e-01
   1.2984992e+00   2.0465334e-01
  -3.8671908e-01  -7.0105738e-01
  -4.3803443e-01  -6.6405255e-01
   3.6423651e-01  -8.6097366e-02
  -1.0704488e+00  -6.3067433e-01
   2.3122672e-01  -6.4473780e-01
   2.5772781e+00   2.1971830e+00
  -1.1015680e+00  -6.8998448e-01
  -6.7439360e-01  -5.9828262e-01
   2.1977177e+00   1.8413584e+00
   1.2063826e+00   2.9440396e-01
  -1.1638708e-01   3.6376109e-01
   8.7866744e-01  -1.9215724e-01
   1.1393308e+00   4.2311649e-02
   2.3235167e-01  -6.3368538e-01
  -4.6503561e-01  -3.5144713e-01
  -1.3019275e+00  -5.2158897e-01
  -2.9596471e-01  -4.3838578e-01
  -5.7395672e-01  -6.8589775e-02
  -1.3913676e+00  -8.1668003e-01
  -2.0957204e+00   4.7868469e+00
  -6.9131077e-01  -5.0115583e-01
   1.9597831e+00   3.7841012e+00
   5.5239924e-02  -2.4214249e-01
   2.2034554e+00   2.4044772e+00
  -2.9431158e-02  -3.8432392e-01
  -6.7994404e-01  -1.0606638e+00
  -4.8644467e-02  -5.3689173e-01
  -5.3896940e-01  -5.3662772e-01
  -1.6930158e-01  -2.0082663e-01
   4.2275458e-02  -9.0619775e-01
  -1.0902036e+00  -5.7240868e-01
  -8.6473890e-01  -9.3624766e-02
   2.5237899e+00   1.3463299e+00
   9.3414142e-01   1.7655193e+00
   1.2727019e+00   7.6714286e-01
   3.5808917e+00   1.8352284e+00
  -4.5958241e-01  -7.4375819e-01
  -2.7841787e-01  -5.3239468e-01
  -3.1204331e-01  -4.8388380e-01
   3.3520510e+00   2.0359030e+00
  -5.3547782e-01  -2.3727021e-01
  -1.0608824e+00  -6.6690333e-01
   6.6130185e-01  -1.3633537e-01
  -7.9843948e-01  -1.8081819e-01
  -3.2869103e-01  -3.6409388e-01
  -6.6531322e-01  -5.7613018e-01
  -6.7528274e-01  -5.8453496e-01
  -6.2674667e-01  -8.7156444e-01
  -6.3342829e-01  -4.5253363e-01
  -9.0400654e-01  -4.2437166e-01
   1.8316206e+00   2.0330966e+00
  -6.4546256e-01  -6.4386323e-01
  -7.4943749e-01  -7.0732073e-01
  -7.9429139e-01  -7.4714229e-01
  -3.1375409e-01  -2.4168737e-01
   1.9772288e+00   1.9174462e+00
   4.6097621e-01  -2.2274028e-01
  -6.8917334e-01  -2.7064634e-01
  -3.7099471e-02  -6.8184844e-01
  -7.1023044e-01  -3.9490996e-01
  -1.4038937e-02  -3.7286217e-01
  -8.8612059e-01  -8.0453935e-01
  -6.0621970e-01  -4.0122116e-01
  -7.4232686e-02  -6.8444996e-01
  -6.9497397e-01  -3.1587442e-01
   2.0487233e+00   1.8823395e+00
  -3.1650058e-01  -5.9780233e-01
   1.6568352e-01  -3.3217278e-01
  -1.0267657e+00  -1.8093120e-01
  -7.5968365e-01  -6.1869258e-01
  -6.3287030e-01  -3.2122162e-01
  -2.7233559e-01  -4.5991892e-01
  -8.2098481e-01  -6.3272513e-01
  -5.7929600e-01  -9.7466055e-01
  -1.0323620e-01  -1.2554569e-01
  -7.1771018e-01  -6.8670006e-01
   1.0591310e+00   1.3720401e+00
  -2.9475057e-01  -5.6258292e-01
  -1.0297454e+00   4.0119520e+00
  -5.1655631e-01  -5.5061298e-01
  -3.3631414e-01  -3.8556413e-01
  -5.1279102e-01  -7.1647832e-01
  -1.2699749e-01  -2.7906915e-01
  -6.1767360e-01  -5.7384248e-01
   1.6885251e-01  -6.7843489e-01
   2.6599148e+00   2.1310929e+00
  -2.1271321e-01  -6.8105951e-01
  -1.0262269e+00  -7.2085025e-01
  -6.2821828e-01  -4.2368347e-01
  -4.1744779e-01  -2.5595008e-01
   3.0999157e-01  -3.5971268e-01
   1.1849921e+00   1.6706169e+00
  -7.5238720e-01  -6.2082367e-01
  -6.8862753e-01  -9.1447771e-03
  -1.1259397e+00  -7.8963864e-01
  -6.9157837e-01  -4.4272170e-01
  -3.3771225e-01  -3.3416976e-01
  -3.4955005e-01  -3.2268100e-01
  -1.6111851e-01  -5.0216322e-01
  -1.0948262e+00  -1.0403563e+00
  -5.0367028e-01  -1.8997213e-01
  -9.7623160e-03  -5.1991052e-01
  -1.9003613e-01  -6.5815571e-01
  -1.1610542e-02  -1.1284051e+00
  -3.4739557e-01  -3.4740643e-01
  -1.4561053e-02   2.3712760e-02
   1.7562124e+00   2.2566218e+00
  -2.3367246e-01  -2.0539390e-01
  -7.0498933e-02  -5.9063347e-01
  -8.6260290e-01  -4.9267925e-01
   6.8082101e-01  -3.6967356e-01
   2.1886677e-01  -4.2326411e-01
  -1.2708836e+00  -7.7220008e-01
  -7.0946402e-01  -8.7616611e-02
  -6.5295038e-01  -5.4659372e-01
  -2.5578609e-01  -2.0684639e-01
   1.6427878e+00   1.4226369e+00
  -7.3379820e-01  -3.4671461e-01
  -7.1763263e-01   8.1877474e-02
  -7.5973347e-01  -5.0902542e-01
   7.1580949e-01   2.4732995e+00
  -2.5745092e-01  -4.0871127e-01
   2.6283384e+00   8.0904850e-01
  -1.0219259e+00  -5.3729547e-01
  -4.8380908e-01  -3.4615741e-01
   1.9732423e-02  -6.3378425e-01
  -2.6062432e-01  -3.9471053e-01
  -4.3990528e-01  -2.9701262e-01
  -6.3087299e-01  -5.6587731e-01
  -3.4026761e-01   4.3517033e+00
  -7.6819989e-01  -1.4638546e-01
   5.3904338e-01   2.3849930e-01
  -3.9696500e-01  -4.5803317e-01
  -1.0951501e+00  -8.2384638e-01
   1.6615800e+00   2.6596878e+00
   2.5937982e-01  -4.1925948e-01
   1.3687326e+00   2.6985809e+00
  -6.8728250e-01  -7.3335779e-02
  -6.1915876e-02  -3.3205504e-01
   7.2406639e-01   4.1233490e-01
  -4.0835084e-01  -9.1379036e-01
  -1.3438298e+00  -4.8549509e-01
   2.7842095e+00   1.2027396e+00
   2.7453210e+00   1.9200893e+00
  -1.1152647e+00  -2.4651887e-01
  -8.4439992e-01  -7.1339002e-01
  -5.8086086e-01  -4.7064971e-01
  -7.6732989e-01  -7.0511300e-01
  -1.4654889e+00  -6.0183757e-01
   1.2167187e+00   1.4240560e+00
  -3.3897633e-01  -4.6975970e-02
  -1.1578876e+00  -6.1257843e-01
  -8.2707544e-01  -5.8356959e-01
  -6.5757736e-01  -3.9625580e-01
  -9.8260095e-01  -3.8504470e-01
  -4.6101808e-01  -7.7899514e-01
  -1.2201499e+00  -6.3752405e-01
  -2.5482064e-01  -4.7774536e-01
  -4.4689823e-01  -3.1608369e-01
  -6.9706338e-01  -5.6077711e-01
  -1.0637928e+00  -5.2116558e-01
  -4.9458218e-01  -2.0754024e-01
  -5.9879233e-01  -8.6412130e-01
  -1.0095658e+00  -5.1335627e-01
  -1.1733190e+00  -2.8505153e-02
   1.2328514e+00   1.7044303e-02
  -4.2544034e-01  -2.5595423e-01
  -1.0596585e+00  -5.5941631e-01
   8.3908357e-01  -9.9092119e-02
  -6.9870082e-01  -5.7058964e-01
  -4.6059219e-01  -9.8924338e-02
  -1.1423963e-03  -3.7955056e-01
   2.3278038e+00   1.6891106e+00
  -9.8451141e-01  -3.6966103e-01
  -3.9913289e-01  -3.6773724e-01
  -9.4029991e-01  -5.9234251e-01
  -3.9155966e-01  -6.8955675e-01
  -5.8253620e-01  -5.0910867e-01
   3.0577168e+00   2.0260852e+00
  -2.6445432e-01  -2.2779492e-01
  -1.2459199e+00  -7.6712325e-01
   5.7397895e-01   4.4525763e+00
  -1.1557776e+00  -5.5386292e-01
  -1.0989383e-01   1.1094627e-01
   5.2163638e-01   6.3057885e-01
  -1.6022049e-01  -5.1311595e-02
  -6.6095413e-01  -7.4669162e-01
   1.2270664e+00   1.3905771e+00
  -4.6213488e-01  -4.2888080e-01
  -3.8520684e-01  -8.7921636e-02
  -6.7975568e-01  -2.4004778e-01
  -5.4902848e-01  -4.8419532e-01
  -1.0967755e+00  -7.3040152e-01
  -2.0568231e-01  -7.7315798e-01
  -1.1133613e+00  -6.1179629e-01
   1.2873161e+00   2.1601405e-01
   1.6849864e-01  -2.4858987e-01
  -6.3496435e-01   5.1161100e-02
  -2.4614949e-01  -5.0755830e-01
   2.4089483e+00   1.5064189e+00
  -8.0217847e-01  -6.6500116e-01
  -3.0311951e-01  -4.7519752e-01
  -3.1753836e-01  -7.7364221e-01
   2.1506577e-02   4.5154898e-02
  -1.8198384e-01  -6.0723739e-01
   1.0864814e+00   1.7585868e+00
   2.1551167e+00   2.6833146e+00
  -1.3024029e+00  -6.2881330e-01
  -4.3969206e-01  -5.9037366e-01
  -2.0036490e-01  -4.6146398e-01
   4.8123338e-01  -3.5117069e-02
   1.4059313e+00   1.1342424e+00
  -3.4244187e-01  -6.3543708e-01
   4.6116060e-01   7.9304200e-02
  -1.2584611e-02   1.9803151e-02
  -5.2687920e-01  -6.0229487e-01
   1.5219813e+00   2.1997819e+00
  -5.5589041e-01  -6.6869465e-01
   3.0671922e+00   1.5356311e+00
   6.6762363e-01   4.4887585e-01
   1.7137182e+00   2.4745997e+00
  -4.7560266e-01  -6.1358876e-01
   4.7380438e-01   4.8458117e-01
  -4.4085626e-01   3.8684139e+00
  -4.7507372e-01  -7.0256923e-01
  -7.2505675e-01  -1.0251379e+00
  -1.4542715e+00  -5.4594534e-01
   5.8392592e-03  -1.3555689e-01
  -3.9067366e-01  -6.8390083e-01
  -9.1668797e-01  -6.6594128e-01
   1.6936635e+00   1.1493091e+00
  -7.5280107e-01  -4.3742712e-01
   1.5433232e+00   5.3479783e-01
  -2.3211451e-01  -6.3334459e-01
   8.7972949e-01   1.7370135e+00
  -5.2176683e-01  -4.8274460e-01
   1.9337623e-02   6.9053690e-02
   9.7946923e-01   5.0946612e-01
   2.3800341e-01  -4.6766182e-01
   1.5870087e-01  -5.0445760e-01
  -3.3333772e-01  -6.2664083e-01
  -8.1219205e-01   4.1268526e+00
   1.5067971e+00   5.3731826e-01
  -5.2649800e-01  -5.0772611e-01
  -4.8465148e-01  -7.5329720e-01
  -5.4481886e-01  -4.0516324e-01
  -3.9888059e-01  -7.1336759e-01
   2.8827934e-01  -4.5061275e-01
  -6.3055010e-01  -7.7184150e-01
  -7.6324448e-01  -3.9505127e-01
  -8.4017115e-01  -8.2220713e-01
  -1.2212565e+00  -3.7835056e-01
  -1.3982308e+00   4.4211521e+00
  -3.8415953e-01  -5.6456954e-01
  -6.6921196e-01  -5.2340678e-01
  -2.9091244e-01  -2.5548348e-01
  -5.8825979e-01  -3.5362017e-01
   1.5871675e+00   8.7973346e-01
  -1.3790130e+00  -3.7200005e-01
   3.1238885e-01   3.7937229e+00
  -6.1803499e-01  -5.0194019e-01
  -1.2287635e+00  -7.3083251e-01
  -2.2749061e-01  -3.0262971e-01
  -9.1914281e-01  -3.2417492e-01
  -9.2289803e-01  -3.8504956e-01
  -3.3229672e-01  -4.8778555e-01
  -8.2465647e-01  -5.9789899e-01
  -1.2300085e+00  -5.4699697e-01
   8.3553278e-01   8.3615893e-01
  -8.0005137e-01  -6.0104826e-01
  -6.5900319e-01  -4.1800102e-01
  -9.9322378e-01  -4.7979601e-01
   1.9947383e+00   1.9636956e+00
   8.3843487e-02   1.5112556e-01
  -2.4198825e-01  -6.6595325e-01
   7.7617385e-01   1.1488268e+00
  -7.2611052e-01  -5.4523482e-01
  -4.8999648e-01  -4.7953727e-01
  -5.4052781e-01  -7.5029625e-01
   3.3795066e-01  -3.0572727e-01
  -3.4464998e-01  -7.0781543e-01
  -2.2956961e-01  -1.0689842e-01
  -1.7784732e+00   4.3174888e+00
   1.9988974e+00   3.1853232e-01
   2.3683007e-01   4.5325677e-01
   1.8771981e-01  -3.2228948e-01
   2.7243911e+00   1.6339998e+00
   2.4103718e+00   2.0363796e+00
  -9.4642756e-01  -3.3192459e-01
  -3.8971260e-01  -5.0982977e-01
   3.0593436e+00   2.4563697e+00
   9.4974940e-01   4.5165196e-01
  -5.0267281e-01  -6.2033885e-01
   5.9510542e-01   4.4742970e-02
   1.9178910e+00   8.1466457e-01
   7.0228215e-01  -1.5141123e-03
  -8.8438337e-01  -6.8552136e-01
  -4.9167980e-01  -9.8889548e-01
   4.8027425e-01  -4.2272477e-01
  -4.5030657e-01  -1.1977370e-01
  -2.6476723e-01  -4.2162602e-01
  -1.0803615e+00  -3.5386848e-01
  -7.1262736e-01  -5.0558190e-01
  -3.8475088e-01  -4.1046874e-01
  -6.0313579e-01  -6.8072102e-01
  -3.0920310e-01  -4.6039807e-01
  -7.7640288e-01  -1.0096807e+00
   3.1908566e-01  -2.3756750e-01
  -7.8392507e-01  -3.5765524e-01
  -1.2872145e+00  -5.0762561e-01
   6.7779459e-01  -2.4893160e-01
   2.5431344e-01  -2.5346225e-01
  -7.3048228e-01  -6.7102786e-01
  -4.2780657e-01  -5.6512173e-01
   1.0110528e+00   1.3588504e-01
  -9.3707463e-01  -5.9355887e-01
   8.5966500e-01   7.0665121e-02
   7.4819696e-02  -1.8832595e-01
   3.7418537e-01  -2.7152911e-01
   5.3036302e-01  -7.7029993e-02
  -6.9502793e-02   1.1355705e-01
  -1.0988116e+00  -5.3954831e-01
   2.1494610e-01  -6.3620229e-01
  -7.7829531e-01  -6.0513273e-01
  -7.1057335e-01  -7.3902723e-01
   2.3663771e+00   1.2668449e+00
  -7.9186532e-01  -8.2321049e-01
  -9.2479594e-01  -5.1847114e-01
  -1.8273601e-01  -3.0351443e-01
  -3.2452939e-01  -4.0958352e-01
  -7.6881306e-01  -4.8354902e-01
   1.4277879e+00   5.6515319e-02
   9.6336825e-01  -2.4630103e-01
  -1.7355292e-01  -3.3229818e-01
  -8.8004825e-01  -3.1532241e-01
  -5.6418892e-01  -2.0537120e-01
   3.1773266e-01  -2.4694952e-01
   1.4616976e+00   2.3869293e+00
  -1.7504585e-01  -6.3819779e-01
  -5.0424119e-02  -2.6179931e-01
   3.2172546e+00   2.1272520e+00
  -1.1088672e+00  -3.8416424e-01
  -9.1091604e-01  -4.0342436e-01
  -7.0034413e-01  -5.4280851e-01
  -5.0872535e-02  -6.2744445e-02
   5.5484813e-01  -4.7397710e-01
   5.2853407e-01   1.1934464e+00
   5.4118106e-01  -1.3049042e-01
   2.0547441e+00   1.3203846e+00
  -9.7593724e-01  -6.5631986e-01
  -8.6894265e-01  -8.4970313e-01
   1.0429766e+00   5.4635546e-01
  -8.8506777e-01  -6.3900626e-01
  -3.2994383e-01  -4.8054101e-01
   2.2065290e+00   2.3553308e+00
  -5.6749386e-01  -1.5597981e-01
  -2.8764544e-01  -1.6095722e-01
  -6.1445068e-01  -4.0754225e-01
  -9.6347079e-01  -5.1141827e-01
   5.8922973e-02  -2.8813059e-01
   3.7408251e+00   2.1539074e+00
  -1.0386899e+00  -1.5147529e-01
  -9.4954275e-01  -3.7528394e-01
  -3.7896434e-01  -2.7288675e-01
  -4.8113710e-01  -9.9620068e-01
  -1.0904874e+00  -2.8847593e-01
  -5.9249642e-01   4.0253549e+00
  -5.3815291e-01  -1.0804047e+00
  -5.1282822e-01  -4.9188271e-01
   8.1599076e-01  -7.8122699e-02
  -7.1210833e-02  -9.6853700e-03
  -6.5691295e-01  -3.7590106e-01
  -2.9632932e-01  -5.4470729e-01
   8.9787714e-01   2.0141916e+00
  -6.0480316e-01  -6.0969808e-01
  -1.9992361e-01  -3.9337392e-01
  -6.4414171e-01  -3.9661543e-01
  -1.0449244e+00  -3.6008129e-01
  -3.5962715e-01  -6.5165873e-01
   5.1107996e-03  -5.7304535e-01
  -6.1727717e-01  -3.0650848e-01
  -7.0689239e-01  -2.9869600e-01
  -9.0949767e-01  -8.6327133e-01
   1.5138049e+00   5.9291511e-01
   3.2282049e-01  -7.3906703e-01
  -1.1815741e-01  -3.6655133e-01
  -5.1569931e-01  -4.3612298e-01
   7.6622626e-01  -9.1048908e-02
  -7.2382707e-01  -5.1838611e-01
  -9.9293175e-01  -5.2576688e-01
   1.7966615e+00   1.9127885e+00
  -2.4351755e-01  -8.8683234e-01
   9.9168374e-01   5.2394744e-01
   1.6265107e+00   1.0984827e+00
   2.4479766e+00   2.4433992e+00
  -3.3630184e-01  -6.2818443e-01
  -7.9562259e-01  -4.6815585e-01
   2.2427930e+00   1.9759205e+00
   4.2553275e-01  -3.7598286e-01
   2.5684965e-01  -3.5919380e-01
  -2.8493449e-01   8.0837717e-03
  -2.9072324e-01  -7.9747882e-01
  -1.5192369e-01  -6.6832911e-02
  -7.1487551e-01  -3.7019541e-01
  -2.8396441e-01  -5.9460916e-01
   4.7143710e-01  -2.1628207e-01
   1.2601585e+00   9.6168477e-01
  -2.2455044e-01  -2.1018502e-02
  -4.8154050e-01  -7.1522515e-01
   2.5174647e+00   1.3770844e+00
  -5.0724029e-01  -3.9949492e-01
  -3.9032044e-01  -2.7679360e-01
  -5.2814533e-01  -5.3922178e-01
  -3.3747436e-01  -7.1393956e-01
   1.2751234e+00   3.3232604e+00
  -3.7308674e-01  -6.0434876e-01
   3.6767398e-01  -3.8187488e-01
  -3.2948381e-02  -1.4190356e-01
  -2.4244705e-01  -7.5416617e-01
   2.1407914e+00   1.5383727e+00
  -1.0614751e+00  -5.2133281e-01
  -3.8282417e-01  -5.8715727e-01
  -4.0464270e-01  -6.2522162e-01
  -7.1858715e-01  -6.4102422e-01
  -1.1462589e+00  -1.6378744e-01
  -5.1459105e-01  -4.5973460e-01
   4.2986463e-01   3.7607045e+00
   9.6973948e-01  -5.8108923e-01
   5.0370382e-01   2.6478319e-01
   2.0590392e+00   1.1426965e+00
   1.7100519e+00   2.5359790e+00
  -7.4228256e-01  -3.1809525e-01
  -1.8138312e-02  -4.1057239e-01
   4.8767303e-01  -3.5538093e-01
   3.2501979e-01  -2.4610513e-01
  -1.0906482e+00  -5.7530964e-01
  -1.0098144e+00  -5.3758720e-01
  -3.8064723e-01  -1.8261127e-01
   2.6507950e+00   1.9269771e+00
   1.7941354e+00   6.6857134e-01
   3.8876721e-01  -4.0517702e-01
  -3.5526959e-01  -5.8816658e-01
   9.9565010e-01  -9.9805989e-02
  -2.5942958e-01  -5.0223873e-01
   6.5807080e-01   2.0703252e-01
  -1.7440674e-01  -1.9953034e-01
  -5.6704228e-01   1.0045108e-01
   1.4050564e+00  -2.8051826e-01
   1.4080443e+00   1.0150697e+00
  -4.5849215e-01  -5.1797744e-01
   1.2284605e+00   2.1958358e+00
   2.2398133e+00   1.5405595e+00
   3.9698596e+00   1.6752632e+00
  -7.9561915e-01  -2.3950809e-01
   2.0732609e+00   1.9000875e+00
   2.9586175e+00   2.3493009e+00
  -3.6660412e-01  -6.6437418e-01
   5.4319432e-01   9.8075846e-01
  -9.6499618e-01  -6.1149110e-01
   5.6318127e-01   1.6374759e-01
  -6.0411746e-01  -2.8595981e-01
   9.7965162e-01  -2.0772957e-01
  -3.4025528e-01  -5.8478088e-01
  -6.3582152e-01  -7.8273662e-01
   3.7497724e+00   2.1690703e+00
   9.4027643e-01   2.9437166e-01
  -5.8988255e-01  -6.3992589e-01
   6.1393597e-01  -3.7098969e-01
   2.7719086e-01  -1.0872430e-01
  -6.6168575e-01  -3.2970945e-01
   8.0516927e-01  -4.4047026e-02
  -8.3833615e-01  -5.8325882e-01
  -4.4321393e-01  -6.4931253e-01
  -3.2496021e-01  -4.3859945e-01
  -5.3655496e-01  -4.3736324e-01
  -3.2330227e-01  -1.6629927e-01
   8.4746890e-01  -3.1018636e-01
  -5.4582225e-01  -7.3547700e-01
   1.0454573e-01  -1.9146963e-01
  -9.9445341e-01  -5.9732658e-01
   1.2003764e-01   1.5035353e-01
   5.1072119e-02  -5.9169518e-01
  -4.1691216e-01  -5.3292199e-01
   8.0222953e-01  -2.3021944e-01
  -3.1740040e-01  -9.8742495e-02
   3.4600724e+00   1.4831645e+00
  -2.3325925e-01  -3.7681818e-01
  -4.7436221e-01  -4.8976392e-01
   1.5866928e+00   1.6548455e-01
   2.7189230e+00   2.1070444e+00
  -1.6858856e-01  -5.0307564e-01
  -9.0947543e-01  -1.7080377e-01
   2.3156564e-01   1.6625136e-01
  -1.3448469e-01   1.5476600e-01
  -6.7418280e-01  -5.0577572e-01
  -8.0384826e-01  -6.0405062e-01
  -7.4130264e-01  -3.6791525e-01
  -1.4569040e+00  -4.0589970e-01
   8.6017146e-01   6.9988879e-01
  -6.5184581e-01  -3.9317812e-01
  -5.0548936e-01  -8.5725967e-01
   2.1587420e+00   1.9302590e+00
  -8.1147614e-01  -7.9862564e-01
   3.0012796e+00   1.6325816e+00
   6.8421224e-01   2.4464150e-03
  -3.2081584e-01  -5.2053995e-01
  -6.3978220e-01  -7.9494680e-01
   5.6291939e-01   1.7216903e-01
  -3.5765759e-01  -1.6077057e-02
  -8.2713554e-01  -8.3172678e-01
  -2.4474806e-01  -6.1127525e-01
  -3.8358789e-01  -4.1965902e-01
  -1.1062577e-01   4.3209946e-01
   1.0237153e-01  -2.1271769e-01
  -6.1979337e-01  -2.5401738e-01
  -4.1138849e-01  -7.4402457e-01
  -3.1255203e-01  -2.9833215e-01
  -5.3444440e-02  -1.9705018e-01
   4.5471016e-01   3.6496724e+00
  -8.4717053e-01  -1.1000328e-01
  -8.1362065e-01  -3.4435800e-01
   1.2806376e-01  -6.9683358e-01
  -3.4906606e-01  -5.2597731e-01
  -3.5873192e-01  -6.8153739e-01
  -7.6555316e-01  -3.9191937e-01
   1.3684572e+00   2.0942806e+00
  -6.1378821e-01  -4.6071409e-01
  -1.0433808e+00  -5.3073523e-01
   8.2760094e-01  -8.5994487e-02
  -7.2660849e-01  -1.9857219e-01
  -2.1232945e-02  -5.1257403e-01
  -2.4238816e-01  -5.5108595e-01
   7.4956909e-01  -1.6493472e-01
   2.1362347e+00   2.2212220e+00
  -6.3269581e-01  -5.1040255e-01
   1.1105980e+00   1.8468303e+00
   2.6292279e+00   1.7017759e+00
  -3.6414328e-01  -8.0872584e-02
  -3.8526612e-01  -5.4409532e-01
  -8.8155525e-01  -5.5812447e-01
  -1.2260885e+00  -4.0730505e-01
  -4.7093799e-01  -3.6488768e-01
  -1.2283963e+00  -8.9521753e-02
