   5.5356241e-02   1.1479629e-01
   5.0464763e-02  -1.4533581e+00
  -1.6986172e-03  -5.9534007e-01
   3.3059972e-01   2.7458899e-01
  -2.2061739e-03  -2.4837767e-01
  -3.1826539e-02  -4.2529719e-02
  -9.1084446e-01  -5.4103680e-01
   5.8970629e-02  -1.2044447e+00
   6.9662552e-01   9.5241220e-02
   6.8883509e-01  -2.7173698e-01
   6.2196062e-01   1.8880129e-01
  -7.6622219e-01  -5.9060759e-01
  -2.0402745e+00   7.7261212e-01
  -3.7224816e-01  -7.9609829e-01
  -2.2746372e+00   1.3232358e+00
   3.9658634e-01  -1.6779061e-01
  -4.6217851e+00   6.3656260e+00
  -6.7875583e-02  -4.8762019e-01
   2.0351203e-01  -2.6976955e-01
   1.3862398e-01  -6.5247556e-02
   7.5529253e-01   5.4752605e-01
  -3.6492771e-01  -9.3250074e-02
   8.9467360e-02  -4.4978113e-02
   3.1333874e-01   6.3785081e-01
  -2.6951791e-03  -8.3042328e-01
  -1.0969878e+00  -9.6229944e-02
   4.2543599e-01  -1.0227307e-01
  -2.3926839e+00   1.4650733e+00
   1.3515368e-02  -1.0443194e+00
   8.7939875e-02  -6.9176807e-01
   3.8026255e-01  -1.1781867e+00
  -4.5522899e-01  -9.9699446e-01
   7.7116753e-01  -5.1779323e-01
  -6.3909298e-02  -8.8617340e-01
  -1.2217154e+00  -3.4475043e-01
   6.0761377e-01   2.5113110e-01
   2.2186806e-02  -1.1362839e+00
   6.6434293e-01   6.8363919e-01
   6.7106098e-02  -9.7589962e-01
   7.2551807e-02  -7.6730716e-01
   1.1845428e-02  -5.1958234e-01
   1.4235424e+00   1.3016318e+00
  -1.1662798e+00  -5.8797191e-01
   3.8534362e-01  -4.1249835e-01
   8.2232161e-02  -6.1378597e-01
   2.6193058e-02  -5.9522066e-01
   3.8341103e-01   2.2345314e-02
   1.2402086e+00   7.0963470e-01
   7.1009663e-01   9.8031410e-02
   1.4543213e+00   1.5123384e+00
  -8.8364702e-03  -1.0482855e+00
   5.9884070e-03  -9.5091138e-01
   6.4549678e-02  -7.2168408e-01
   6.7622573e-01   5.2247071e-01
  -1.0460720e+00  -1.1785773e+00
  -6.5963128e-01  -6.5518743e-01
  -1.3170245e-01  -1.0939170e+00
  -2.4525211e+00   1.8490317e+00
   1.4793570e+00   1.3913500e+00
   3.3156060e-01  -8.8078246e-01
   8.6172610e-02  -1.0101265e+00
  -1.7961544e+00  -1.7990566e-01
  -2.9013931e+00   3.2724394e+00
   1.2392917e+00   1.3085965e+00
  -1.1074370e+00  -1.0788343e+00
   5.7263701e-02  -3.1735784e-01
   5.4422154e-02  -1.0005745e+00
   1.4405654e+00   1.5985000e+00
   2.1727591e-01  -5.5966537e-01
   1.2292329e-01  -5.9268407e-01
   7.4819821e-02  -9.9322622e-01
   6.7019768e-02  -4.4976353e-01
   2.2933273e-01  -4.5284558e-01
  -1.0106358e-01  -2.8751376e-01
   1.4111153e+00   1.2342492e+00
   3.0016962e-01  -4.2109846e-01
   5.3084897e-02  -2.8650421e-01
  -1.1512846e+00   2.6856232e-01
  -1.2926338e+00  -6.1789899e-01
   7.1772782e-02  -2.6613722e-01
  -4.3232655e+00   5.6075142e+00
   6.8810704e-01   4.1231584e-02
   1.3209750e-02  -1.3102928e-01
   9.4079383e-01   2.0656011e-01
   1.2123400e-01  -1.1235068e+00
  -1.3576605e-02  -9.6521124e-01
   5.4830947e-01  -1.9059236e-01
  -1.1371150e+00  -7.3974288e-01
   6.0843206e-01   1.1562346e-01
   6.6037565e-01   6.4526277e-01
   1.8055260e-01  -3.6183172e-01
   1.4448627e+00   1.4234102e+00
   4.5164377e-01  -2.1495294e-01
  -1.2642652e+00  -3.9071516e-01
   5.3179022e-01   4.8983602e-01
  -9.1566538e-03  -3.4797759e-01
  -1.1654263e+00  -6.5634983e-01
   4.1699314e-01  -6.2478847e-01
   5.7990291e-02   9.5610193e-02
  -1.2124952e+00  -5.7945060e-01
   1.3739375e+00   1.1977526e+00
   3.1604675e-02  -6.5502876e-01
   1.0013439e-01   1.3431796e-01
  -9.0013825e-01  -1.4936116e+00
   3.2814731e-02  -8.9978783e-01
   1.3806417e-01  -3.3813115e-01
   1.4211703e-01  -5.6523903e-01
   6.0156512e-02  -9.7539909e-01
   1.4836586e-01   3.5660582e-01
  -2.5962970e+00   1.5452885e+00
  -5.3012271e-02   2.2834537e-01
   1.4818342e-01  -7.6748682e-01
   2.0570353e-01   1.3545924e-01
   2.7270298e-02  -5.6073274e-01
   9.7693054e-02  -2.0959078e-01
   3.3710951e-01  -3.3921341e-01
   4.2037983e-01  -1.4200087e-01
   4.6292530e-01  -8.0449622e-01
   1.5474169e-01  -4.5969038e-01
   1.4303012e+00   1.3479731e+00
   1.3141463e+00   7.4347539e-01
   2.0771930e-02  -6.4526828e-01
  -6.7678614e-01  -1.0864790e+00
  -1.4221710e+00  -8.9458353e-01
   1.6663393e-01   1.5487468e-01
  -5.4794682e-02  -4.0438584e-01
  -2.6424302e+00   2.1981559e+00
   1.3986802e+00   1.4000064e+00
   7.3163649e-01   5.5314658e-02
   6.1311996e-02  -8.2271484e-01
   7.2081945e-02   2.2187731e-02
  -2.5367822e-01  -6.0819546e-01
  -1.4611671e+00  -5.3847350e-01
   7.8489561e-02  -2.4784254e-01
   7.5206420e-01   4.0862176e-01
   1.3216349e-01  -7.3190971e-01
  -5.4397268e-02  -8.2538490e-01
  -2.2463751e-02  -2.4265121e-01
  -1.2110599e+00  -1.2031491e+00
   7.8567487e-01  -2.1584468e-01
   2.5686539e-01   2.0485519e-01
   1.6187216e-02  -7.5964962e-01
   3.9050392e-02  -4.6483867e-01
   1.3271061e+00   5.2366510e-01
  -2.3424865e-01  -6.7820298e-02
   1.3356193e+00   1.2301067e+00
   5.4770955e-02  -6.3240365e-02
   7.5106677e-02  -9.2160451e-01
   4.5103710e-03  -1.4269848e+00
   1.2733740e+00   1.9558694e+00
  -5.6881238e-02  -8.5053498e-01
  -5.4362081e-03  -1.1141155e+00
  -4.6630030e-01  -9.7643279e-01
  -2.1249846e+00   7.3794036e-01
   9.4907390e-02   9.7641470e-02
  -8.7938511e-01  -1.2033310e+00
  -7.6390356e-01  -8.1091419e-01
   2.8475575e-01  -1.2949290e-01
   8.2540705e-01   7.0314756e-01
  -1.2627931e+00  -6.9342953e-01
  -1.2994523e+00   3.1983897e-02
   1.3254436e-01  -8.1795429e-01
  -4.6245195e-01  -7.6735825e-01
   1.5373645e-01  -6.3380154e-01
   3.7359994e-01  -2.1001828e-01
   1.1349143e+00   1.4915330e+00
   6.7013844e-01   2.9294427e-01
  -1.9493532e+00   5.7958705e-01
  -9.4178674e-01  -3.2714643e-01
   5.7451094e-01  -4.6230809e-02
   1.1356998e+00   1.2181194e+00
   1.4124466e+00   1.2300228e+00
   5.8448220e-03  -3.3832848e-01
  -9.2945482e-01  -1.5024113e+00
   2.6474951e-02  -1.5041110e-01
   1.4016327e-01   6.7380457e-02
   6.5497704e-01   1.2016163e-01
   1.3089238e+00   1.0748153e+00
  -7.6741304e-01  -5.6366204e-01
   1.3576804e+00   9.5513165e-01
   6.2736519e-01  -4.2822041e-01
   4.3236151e-02  -1.0451171e+00
   3.7516062e-01   2.2042474e-01
   3.8144069e-02   1.3883521e-01
  -2.9578149e-02  -1.2028030e+00
   1.3980177e+00   1.5282995e+00
   6.5500692e-02  -2.1386624e-01
   5.0817740e-03  -7.8649534e-01
   1.4326071e+00   3.1164029e-01
   1.4437718e+00   1.1406572e+00
   9.4764154e-01   1.1745395e+00
   3.6998623e-01  -3.8801713e-01
  -1.1337334e-01  -5.5938763e-01
   1.4826577e+00   1.7891922e+00
   6.0573611e-02   5.9680100e-01
  -1.3541780e+00  -1.5770653e-01
  -1.0379353e+00  -7.3498614e-01
   2.1035055e-02  -8.2156717e-01
  -1.2087278e+00  -1.3291634e-01
   1.4545231e+00   6.4745818e-01
  -9.1866423e-01  -4.5139633e-01
   1.8140338e-03  -8.3489839e-02
  -1.1736823e+00  -1.2002364e+00
   1.4998338e-02  -9.6254434e-01
  -6.9795984e-02  -7.8319643e-01
   2.5039957e-02  -8.9729046e-01
  -1.0571331e+00  -5.5518863e-01
   6.0832922e-02  -8.1852595e-01
   8.1565577e-02  -4.0630945e-01
  -9.0522373e-02  -1.2064800e+00
  -1.8076267e+00   3.6262942e-01
   4.1019226e-01  -9.9167361e-02
  -1.1288891e+00  -1.0199058e+00
   1.0720916e+00   9.5436398e-01
   6.8383374e-02  -1.3068442e+00
   1.4436115e+00   1.2289436e+00
   3.6993501e-01  -4.5270334e-01
  -8.6030266e-03  -2.0543001e-02
   1.3002832e-01  -3.5642179e-01
   3.5987675e-02   1.8590695e-01
   7.4096594e-01  -1.8852787e-01
  -1.1481119e+00  -5.1193611e-01
  -1.2243042e+00  -9.9043949e-01
  -5.3813181e-02  -7.0505081e-01
  -2.1649372e+00   1.1742711e-01
   1.0377991e-02  -6.2217034e-01
  -4.4572303e+00   6.1066631e+00
  -7.1987831e-03  -2.1303357e-01
  -1.0017768e+00  -6.3872806e-01
   1.4471581e+00   1.0518854e+00
   1.4452102e+00   1.1153117e+00
  -2.7445236e-01  -5.5888677e-01
   6.6137688e-01   8.7715346e-01
   1.4070489e+00   1.4736242e+00
  -3.7197055e-02  -5.3634890e-02
   7.4622855e-01   3.9431849e-01
   4.2424534e-01   2.4570780e-01
  -1.1677053e+00  -1.0226608e+00
  -2.6065136e+00   1.7453121e+00
   3.8227022e-01   1.7934618e-01
  -9.6127900e-01  -1.1864841e-01
  -1.4549602e+00  -5.9591045e-01
  -6.0881984e-02  -5.9253452e-01
  -7.5161815e-02  -7.7496414e-01
   2.8210566e-02  -6.8563945e-01
   6.6351777e-01  -2.8442297e-01
  -2.1263417e+00   1.3489495e-01
  -3.5470240e+00   3.6988835e+00
   9.9686063e-02  -5.0891152e-01
   3.9684391e-02  -3.1721446e-01
   1.3717764e+00   1.5224074e+00
  -1.5432267e-01  -7.3754946e-01
   1.1761956e-01   1.1899039e-01
   7.7442545e-02  -8.5844194e-01
   1.4116249e+00   1.6527923e+00
  -1.4908460e-01  -8.2754997e-01
   3.9372825e-02  -2.5708369e-01
   3.9693086e-01   3.8451204e-02
   7.5615435e-02   6.1164533e-02
   1.3203834e+00   1.3631703e+00
   9.4836448e-01  -2.3375079e-01
   3.3997082e-01  -1.7791999e-01
   1.6222225e-01  -4.8073321e-01
   1.3079806e-01  -4.8151035e-01
   1.4241988e+00   2.4609005e+00
   7.2472770e-01   6.4562515e-01
   2.7671427e-01   2.3847897e-01
   3.0253767e-01  -1.1959240e-01
   1.9710817e-01  -7.6906515e-01
  -3.5765860e+00   3.9001435e+00
   5.6372979e-02  -4.4020329e-01
  -1.1802184e+00  -4.9882622e-01
  -2.9115616e-01  -1.5516264e-01
   6.8258369e-01   3.2458705e-01
  -1.0566463e+00  -1.3653163e+00
   1.4287144e+00   2.0612685e+00
   4.6907974e-03  -1.8449541e-01
  -3.3262116e+00   2.8453941e+00
  -8.4394830e-02  -5.0764892e-01
  -1.2104131e+00  -7.2256424e-01
  -1.4331024e-01  -5.3552000e-01
   7.4915089e-01   1.3094595e-01
   2.7644511e-01  -4.3445250e-03
   1.0985175e-01  -1.6336036e-01
   5.6044371e-01   4.0260225e-01
  -1.1785277e+00  -1.9513420e-01
   5.1700385e-02  -7.3061127e-01
  -5.5476899e-02  -8.0907546e-02
   5.0284743e-02   1.5954101e-01
   3.9155236e-01  -1.9994681e-01
   5.8893305e-03  -1.8826087e-01
   4.5442816e-01  -4.8192591e-01
  -1.9008954e+00   3.0852176e-01
   1.5039284e+00   1.3828778e+00
  -1.0556672e+00   5.0499794e-02
  -1.0824442e+00  -5.1982388e-01
  -2.9713310e-01  -2.7549383e-01
   1.2887313e+00   1.0939876e+00
  -9.4148071e-01  -7.7067416e-02
   2.1135870e-01  -1.5353525e-01
  -1.3444689e+00  -1.0032640e-01
   4.8506051e-01   7.5009944e-02
  -1.4857379e-01  -7.2411742e-01
   1.8773906e-01   1.8504870e-02
   2.2988947e-01  -5.3879546e-01
   1.3539206e+00   8.9727231e-01
  -1.1181588e+00  -7.7642111e-01
  -3.3507708e-01  -4.6032863e-01
   1.0372981e+00  -4.9179285e-02
  -2.4896743e+00   1.6436580e+00
   8.9476806e-02  -7.4004435e-01
   3.6812191e-01   3.2300548e-01
   1.7471890e-01  -7.4890441e-01
  -5.3844718e-01  -3.6574272e-01
   7.8940380e-02  -3.2788929e-01
   2.5770178e-02  -8.1027596e-01
   3.0196415e-01  -9.0893147e-01
   3.5177034e-01  -6.2291382e-01
   1.7442007e-01  -3.8122079e-01
   3.8194544e-01  -5.1035177e-01
   7.4597361e-02  -1.0967801e+00
   1.4620635e-02  -8.2052582e-01
   3.4831039e-01  -5.1709548e-01
  -1.1062553e+00  -7.7032374e-01
   9.8234388e-01   1.3914572e+00
   1.4830122e+00   1.6684178e+00
   4.4649789e-01   2.4020863e-01
  -9.6967393e-01  -6.0198758e-01
   6.9469834e-01   4.2658967e-01
  -1.4222997e-01  -6.8517471e-01
  -7.3974158e-03  -1.1532736e+00
  -3.1191275e+00   3.5805608e+00
  -3.2032828e+00   3.2764036e+00
   1.3395264e+00   2.0065557e+00
   4.3128409e-01   1.2813944e-02
   1.3475619e-01   8.7596484e-02
  -9.6114470e-02  -8.4168637e-01
   2.8113357e-01  -1.3979905e-01
   6.6228983e-01   1.0919846e+00
   3.1369129e-01  -1.7189264e-01
   5.8317209e-02  -1.7783892e-01
   1.2868880e+00   1.5127012e+00
  -3.7961748e-02  -5.5104603e-01
   8.1016218e-01   4.7540622e-01
   9.7668278e-02  -3.3881167e-01
   2.4286307e-01  -9.6040537e-01
   1.4487669e+00   1.3463849e+00
  -5.3311855e-02   7.0508067e-04
   1.7603988e-02  -9.4358679e-01
   1.4650748e+00   1.8190876e+00
  -2.4161740e+00   1.7129190e+00
  -2.6684720e-01  -1.3840505e+00
  -1.1565838e+00  -8.7881304e-01
   3.0175562e-01  -2.5889804e-01
  -1.0224486e+00  -5.4598018e-01
  -9.7111252e-01  -3.7633221e-01
  -3.0766841e-01  -6.2829452e-01
  -1.1114544e-02  -7.3937202e-01
   1.4610998e+00   1.4401242e+00
   5.4859324e-02  -8.3343188e-01
   1.4691942e+00   1.9378510e+00
   1.4400450e+00   1.2096726e+00
   1.4161842e+00   1.7086434e+00
  -6.5079701e-02  -5.7227744e-01
   2.4770875e-01  -1.0157089e+00
   2.9430829e-01  -4.3220395e-01
   6.9995555e-02  -3.5491880e-01
   3.4267336e-02  -3.8984638e-01
  -5.4355400e-01  -6.3207218e-01
   1.3460097e+00   9.0570635e-01
  -9.8061601e-01  -3.6062303e-01
   8.6565563e-01  -5.8289667e-02
   1.4510079e+00   1.3015216e+00
   2.8510966e-02  -4.7020639e-01
  -1.0796443e+00  -4.7590467e-01
   1.4722674e+00   1.8570195e+00
   3.5767441e-01  -2.3308176e-01
   1.4161578e+00   1.7515728e+00
   3.3152811e-01  -5.8896886e-01
   1.3885654e+00   1.5845869e+00
  -6.3379639e-01  -1.6571681e-01
  -2.5286620e-01  -7.1557206e-01
   2.2926891e-01  -1.0163232e+00
   1.2802933e+00   1.0731666e+00
   8.3520315e-02  -7.0348566e-01
   1.4362057e+00   1.8085954e+00
   3.1258376e-01  -9.0724416e-01
  -1.0595329e+00  -4.8337587e-01
   8.7078278e-01   6.5603511e-01
   1.2664209e-01  -1.0904094e+00
   1.3486282e+00   1.2608247e+00
   1.1131822e-01  -1.9064352e-01
  -1.1620742e+00   1.3227369e-01
   2.7786744e-01   9.6553375e-02
   1.3261504e+00   1.2141933e+00
   4.2748512e-01  -6.5964816e-01
   3.1608537e-01  -3.1142829e-01
  -9.3239846e-02   5.8577257e-02
   1.1639335e-01  -1.7718828e-01
   1.4568669e+00   1.7658394e+00
   3.3207664e-01   5.0953727e-01
   9.7197263e-01   4.1930530e-01
   9.3660959e-02  -1.3208449e-01
   1.4059707e+00   8.1976429e-01
   6.6729381e-01   7.3234152e-01
  -5.0003612e-02  -7.6135615e-01
  -7.7855707e-02  -3.0567697e-01
   9.6342220e-02  -6.5103621e-01
  -1.9422738e+00   3.0311755e-01
  -8.5873919e-02  -1.2725390e-01
   5.8539857e-02  -6.4948284e-01
  -1.5039288e+00  -5.7007660e-01
  -6.6876844e-01  -1.2456654e+00
   1.4650885e+00   1.6363987e+00
   1.1307014e+00   1.0296935e+00
   1.4869420e+00   1.2202071e+00
   7.3460027e-01   7.2014320e-01
   1.4680468e+00   1.5565688e+00
  -3.9669065e-01  -5.0154919e-01
   1.4305640e+00   1.8879271e+00
  -1.7113741e-01  -2.1437982e-01
   8.4861532e-02  -6.2214746e-01
  -2.1949470e-01  -1.3905837e+00
  -8.5146665e-01  -1.1686801e+00
  -2.5776308e-01  -8.4935707e-01
  -5.9047312e-01  -1.5833435e+00
   1.4663496e+00   7.7287913e-01
   1.2737474e+00   1.1900585e+00
   2.7186583e-01   1.2445965e-01
   9.2910583e-02  -3.9031155e-01
   6.7453907e-01  -3.2723544e-02
   5.6631656e-02  -7.2498300e-01
   9.0489513e-02  -3.3389764e-02
  -2.5947625e+00   1.3620718e+00
  -9.6302064e-02  -1.4251104e+00
   7.9624013e-02  -1.3203835e+00
  -1.1330124e+00  -1.0190603e+00
  -7.6036852e-02  -1.1037698e+00
   2.1864072e-01  -2.8962231e-01
   3.6279996e-01   1.9180741e-01
  -5.4053367e-01  -2.8029888e-01
   1.2240879e+00   1.2356660e+00
  -1.0137151e+00  -5.8653067e-01
   1.0138633e+00   3.8343004e-01
  -3.7162583e-02  -4.1023685e-01
  -1.5079926e-02  -3.2946402e-03
   1.1603333e-01  -6.1640575e-01
   1.1095145e-01  -1.1072728e+00
   3.6559412e-01  -1.0784176e-01
  -9.9328067e-01  -8.9146209e-01
   1.2444819e-01  -1.0458943e+00
   9.3024034e-02  -4.7193753e-01
   3.6677850e-03  -1.4613232e+00
  -1.2107990e+00  -5.7823743e-01
  -6.5078633e-03   2.4327670e-01
   4.4425150e-01  -3.3047716e-01
  -2.0821725e+00   1.3802250e+00
   5.9514291e-03  -1.2640127e-01
   1.3145136e-01  -1.3256157e-01
   1.2444245e-01  -1.7848243e-01
   2.3538652e-01   1.6364076e-01
  -1.0877631e+00  -1.0606329e+00
  -3.4861802e-02  -4.9073277e-01
   1.9925546e-01  -3.0789663e-01
   3.8930161e-01  -1.1479171e+00
   6.0093996e-01   7.7612957e-02
   9.4650848e-01   4.1941040e-01
  -1.1803186e+00  -2.8658599e-01
   1.6774376e-02  -1.3679457e+00
   1.5452031e-01  -9.7365022e-01
   1.4112853e+00   1.0807949e+00
  -9.0818066e-01  -6.7742224e-01
   6.7761937e-03  -8.8914604e-01
   6.2689340e-02   1.6606237e-02
  -2.0125408e+00   4.4206204e-01
   2.0573333e-02  -1.2965671e+00
  -3.4604766e+00   4.3588689e+00
   1.0651863e+00   1.1838502e+00
   1.1563512e-01   2.2152124e-01
   2.0672553e-01  -1.1558809e+00
  -3.5612461e+00   4.4565234e+00
   3.7591340e-01  -2.3411049e-01
   2.0456540e-01   1.0755790e-01
   1.1748849e+00   4.2278148e-01
  -2.5354181e-01  -1.8579337e-01
  -8.4698894e-01  -1.6241802e+00
  -1.1321478e+00  -4.3785596e-01
   2.9022715e-01  -9.2563302e-01
   9.9848718e-02  -4.8683719e-01
  -3.0267142e+00   2.4735398e+00
   1.4897211e+00   1.4674544e+00
  -1.0985297e+00  -4.6052858e-01
   8.0436294e-01   5.3796975e-01
  -1.1052119e+00  -6.7526611e-01
   4.0320035e-02  -9.2797303e-03
   6.3030934e-01   4.3259720e-01
  -7.4506565e-02  -7.1216271e-01
   1.1368641e-01  -6.0300479e-01
  -1.3618624e-02  -5.1258650e-01
   1.0055661e-01  -3.7312078e-01
  -5.6135264e-02  -4.2973937e-01
  -2.5990623e-01  -1.1308290e+00
  -1.1986793e+00  -2.4641405e-01
  -2.1162662e+00   1.4685530e-02
  -1.8339202e-02  -2.9886951e-01
   2.8690038e-01  -3.7311356e-01
  -2.8042481e-02   3.2203754e-01
  -1.1489245e+00  -5.5392779e-01
  -1.2733626e-02  -4.8802504e-01
  -1.6998072e+00   8.4300228e-01
   8.1826892e-02  -8.1791018e-01
   5.6342316e-02  -7.5957272e-02
  -1.3979999e-01  -6.4935656e-01
   1.4551119e+00   4.2278917e-01
  -2.1192819e-01  -8.1780786e-01
   2.7435886e-01  -1.9398650e-01
  -1.9206800e+00   4.3142769e-01
   1.4591880e+00   9.4473453e-01
   1.4078933e+00   1.2355817e+00
   7.2762333e-02  -1.1453014e+00
   2.5977398e-01   1.1507998e-01
   4.1379863e-02  -1.1677723e-01
  -3.2847268e-02  -8.0935191e-03
  -1.0344540e+00  -8.9953345e-01
  -3.1986739e-02  -1.2710075e+00
   3.0021729e-02  -1.3396406e+00
  -6.8976896e-02  -5.2683738e-01
   6.7329658e-01   8.9292249e-01
   5.7370826e-01   6.2925305e-01
   2.3327093e-01  -1.0950806e+00
  -4.6066507e-01  -2.8633439e-01
   6.4427356e-02  -1.5612888e+00
   1.8697860e-01  -2.1696412e-01
   6.7894328e-01   1.4770013e-01
   1.3412496e-01  -2.5076006e-01
   7.4538195e-01  -4.0268118e-01
   8.9385485e-01  -6.5420894e-02
  -1.4013344e-02  -6.0697168e-01
   3.5391979e-02  -1.0543822e+00
  -2.8096486e-01  -3.4908611e-01
  -1.7324221e+00   3.5992766e-01
  -7.0886427e-01  -5.1576320e-01
  -1.2140986e+00  -8.0387139e-01
   5.8346356e-02  -8.3632884e-01
  -9.6893518e-01  -9.5934572e-01
   4.0019360e-01   2.8275696e-01
  -6.8109013e-02  -9.0267271e-01
   2.8112685e-01  -8.1021012e-01
   6.4097397e-02  -6.3132039e-01
   1.1781737e+00   4.7828302e-01
   5.7644881e-01   2.6666250e-01
  -3.3673186e+00   2.9971277e+00
   1.2156446e-01  -6.5786176e-01
  -9.7181479e-02  -3.0000970e-01
   9.2949447e-02   9.1892797e-02
   2.5007759e-01  -1.8880327e-01
  -9.7991033e-01  -1.2012858e+00
  -3.0228455e+00   2.5774039e+00
   5.1172224e-03  -4.6955295e-01
   1.2957658e+00   1.0399647e+00
   1.0545715e-01  -3.4854218e-01
  -2.1251783e-03   3.6967513e-01
   5.6950832e-03  -1.1187237e+00
  -4.8093672e-02  -7.2348325e-01
   2.0191243e-01   1.3629668e-01
   4.9419584e-02  -1.7126976e-01
   5.4238447e-02  -8.7697727e-01
  -1.1032699e-01  -6.2674307e-01
   1.6081794e-02   4.7871655e-02
  -1.2169773e+00  -1.1011331e-02
  -7.5265007e-01  -6.0364223e-01
  -1.8023274e+00  -3.3681837e-01
   8.0012640e-02  -5.3491363e-01
  -8.2930372e-02  -2.8564748e-01
   3.1536013e-02   1.5706371e-01
   7.3412559e-01   7.4770877e-01
   1.3813863e+00   1.2221305e+00
   1.3778886e-01  -2.3282447e-01
   5.4338761e-02  -9.7732488e-01
  -9.2524538e-01  -3.1129186e-01
  -1.0133780e+00  -4.6758365e-01
  -9.0002284e-02  -1.0594933e+00
   1.3128551e+00   1.4178056e+00
   3.2974080e-01  -8.2233925e-02
   2.0134799e-01  -3.3527092e-01
  -1.0754705e-02  -4.6015153e-01
  -9.7556833e-01  -1.1148953e+00
   4.8114847e-03  -1.6718571e-01
  -5.6526518e-01  -5.9558181e-01
   5.8213210e-01   2.0738969e-01
  -1.0888508e+00  -4.3246814e-01
   1.4775418e+00   1.1679110e+00
   6.1915513e-01   4.4795496e-01
   1.4005437e+00   1.5514443e+00
   8.7680282e-02  -1.1345689e+00
   6.1573003e-01   1.8846666e-01
   1.4462810e+00   6.9199758e-01
   5.0565981e-01   1.9205697e-01
  -1.1760691e+00  -9.4208839e-01
   6.8253111e-03  -5.2138610e-01
  -1.0207114e+00  -9.0609183e-02
  -1.3313818e+00  -3.2412016e-01
  -9.4576948e-01  -3.8079717e-01
  -9.6253099e-01  -9.8837745e-01
   4.1164523e-01   2.6602882e-01
  -3.3735208e-03  -4.2237828e-01
  -3.3986453e-02  -8.2252471e-01
   2.6733476e-01  -4.9740723e-01
   1.3641245e+00   1.9356358e+00
   1.6011070e-02  -3.8123800e-01
  -2.7359092e+00   1.7920266e+00
   5.8637028e-01  -7.3110496e-01
   7.9416272e-01   1.1697202e-01
  -1.1405542e+00  -8.4713735e-01
   1.1751501e-01  -8.3717568e-01
   3.5632374e-01  -8.0894287e-01
   8.3053470e-01  -2.4507643e-02
   2.1825559e-01  -9.1957926e-01
  -8.7413928e-01  -8.9770797e-01
   1.2883113e-01   5.3860696e-02
   7.3275325e-01   6.4643870e-01
  -6.6088756e-01  -6.1601598e-01
  -6.4919209e-02  -1.1436950e+00
   3.9950108e-01  -2.2725858e-01
  -1.2225239e+00  -1.7004532e+00
   1.4216811e+00   1.3680710e+00
   1.3375940e-01  -1.0027580e-01
   2.6738357e-01   3.1562783e-01
   1.3947303e+00   1.3988646e+00
   3.7520782e-01  -6.1754339e-01
  -9.4489600e-01  -1.6320474e+00
  -1.5346680e-02  -7.5502573e-01
   2.3551812e-01  -4.2418891e-02
  -1.6901465e-03  -9.4547804e-01
   7.5172781e-01   3.4140187e-01
   1.1845482e-01  -6.9011772e-01
   1.0594638e-02  -2.6609003e-01
   3.9778289e-01   1.9237787e-01
   4.0403726e-01   5.4235636e-02
   5.3137854e-03  -3.3801936e-01
   1.7339542e-01  -7.7200839e-01
  -2.8691768e-01  -3.5333587e-01
   1.1173963e+00   6.1451533e-01
   6.5574896e-03  -6.7018918e-01
   3.6367910e-01   1.3464737e-01
   1.5579865e-01  -4.8147688e-01
   4.9131815e-01  -3.8346641e-01
  -1.2132271e-02   4.5110745e-01
  -2.0333072e+00   7.5914620e-01
   1.7083562e-01  -2.7955746e-01
   5.9441454e-02  -9.8361999e-01
   1.4538754e+00   1.9589667e+00
   9.1875865e-01   5.5920578e-01
  -1.3026077e+00  -6.2072312e-01
  -1.0258666e-01  -4.8240717e-01
  -9.9524727e-01  -1.4030529e+00
  -1.0595828e+00  -1.5403860e-01
  -6.3118685e-02  -4.8458910e-01
  -1.1547530e+00  -2.3493912e-01
   1.1007121e-01  -1.0191781e+00
   3.5079904e-01  -2.3509316e-01
   1.4339000e+00   1.1722278e+00
   9.1258558e-02   1.2102100e-01
   3.5857327e-01   4.2795797e-02
  -1.2021462e+00  -2.6492722e-01
  -2.3995644e+00   1.6862304e+00
  -2.6921938e+00   2.0218426e+00
   1.3217251e-01   1.5222339e-01
  -9.1138210e-01  -4.5180448e-01
  -3.3549884e+00   3.1872054e+00
  -4.5034399e+00   5.6806870e+00
   8.3791117e-02  -1.2380249e+00
   1.3182753e+00   1.1834275e+00
   1.7695446e-02  -2.0510061e+00
   6.6485516e-01   2.0400125e-01
   7.8835900e-02  -7.0217437e-01
  -8.7923723e-01  -1.2532427e+00
  -4.9961984e-02   2.3499612e-01
  -1.1816306e+00  -8.9659379e-01
   1.4016766e+00   1.4168410e+00
   1.4275688e+00   1.4263639e+00
   1.0109708e+00  -1.3334203e-02
  -3.4822694e+00   3.5068170e+00
   7.5045142e-01  -7.7771183e-02
  -1.6176167e-01  -4.3702120e-01
   1.3031315e-01   2.1530547e-01
  -9.1795202e-01   2.9195612e-02
   1.3825283e-01   5.8661944e-02
   2.1383633e-01  -2.9953420e-01
   7.3105067e-02  -5.8956083e-01
   2.3745935e-01  -5.6999186e-01
   1.2946358e+00   1.1884635e+00
  -3.8959137e-02  -7.1266076e-01
  -2.7265154e-01  -2.1115387e-01
   7.4752411e-01   3.7268716e-01
  -1.7090079e-01  -1.0616324e+00
  -1.7703958e-01  -1.5822972e+00
  -2.6839092e-02  -1.4066451e+00
  -8.2227197e-01  -1.1409366e+00
  -6.4878767e-03  -8.0260232e-01
   1.2950890e+00   2.7185495e-01
  -3.3755442e-01  -3.7433977e-01
   1.3789422e-01  -7.1982865e-02
   1.9463274e-01   9.5015826e-02
   5.3646662e-02  -4.7310858e-01
   1.3894208e+00   1.3771415e+00
   1.3789735e+00   1.5991567e+00
  -3.7353217e-02   1.1081076e-01
   1.0999588e-01  -3.7375733e-01
   1.4074481e+00   1.3062067e+00
  -2.9687017e+00   2.6532172e+00
   1.8051129e-01  -1.4142244e-01
   7.9422437e-02  -3.2526224e-01
  -3.5642614e-01  -1.2473435e+00
   1.3035220e+00   8.0853137e-01
   4.7568774e-01  -2.3794862e-01
   1.5304526e-01  -1.0754028e+00
  -6.4398771e-02  -3.2994818e-02
   1.2988914e-02  -1.2336980e+00
  -9.3335617e-01  -6.7949081e-01
   1.8605405e-01  -3.5307488e-01
  -8.2654937e-01  -3.3740988e-01
   6.8518363e-02  -8.1052298e-02
   2.8631878e-01  -7.8437034e-01
   4.4099932e-01  -5.9432914e-01
  -1.0475245e+00   1.2211282e-01
   3.5807624e-01  -1.7354766e-01
  -1.1866869e+00  -3.5478123e-01
   1.1901631e+00   9.6180829e-01
   1.4236653e+00   1.1397058e+00
   1.4193779e+00   1.5353316e+00
   7.5155286e-01   9.0603741e-01
   7.4615688e-02  -5.1269958e-01
  -1.0995377e+00  -6.2093228e-01
   1.7040076e-01  -3.5021973e-01
   9.1149896e-01   4.8315297e-01
  -1.0962754e+00  -2.5272228e-01
  -2.0093140e-02   7.6356888e-02
  -1.2268422e+00  -1.0767380e+00
   5.1390195e-01  -3.0196477e-02
   1.4208821e+00   1.4524205e+00
   1.1063931e+00   6.0160291e-01
   1.5021155e-03  -1.1579623e+00
   1.8814407e-01  -3.4278641e-01
   1.3899302e+00   1.1745624e+00
   1.3985610e+00   1.3726799e+00
  -1.7283401e+00   7.4115071e-01
   1.4106736e+00   1.4894110e+00
   2.7424766e-01  -1.1239553e+00
   1.1829901e-01  -2.6119646e-01
   5.9574775e-02  -1.1149791e+00
   8.1180446e-01   3.8913859e-01
   5.5402534e-01   2.0971972e-02
   8.8572064e-01   9.3280767e-01
   1.5951189e-01  -9.5307724e-01
   1.4206383e+00   1.1156282e+00
   1.3044144e+00   2.2704757e+00
   1.3966787e+00   1.0919851e+00
  -1.9244731e-01  -1.8195773e-01
   1.7071957e-01  -7.2582251e-01
   1.3867716e+00   1.0279732e+00
   1.6174370e-01  -2.8201581e-02
   1.4087478e+00   1.4829342e+00
  -5.4855038e-01  -3.2036711e-01
   9.4547523e-01   5.7372355e-01
   4.3777160e-01  -4.1891412e-02
   1.5468217e-01  -1.6635447e-01
   8.3146848e-03  -8.7666556e-02
  -4.8672925e-01  -6.6308561e-01
   5.7588546e-01  -5.1044444e-01
   3.8395984e-02  -4.9583151e-01
  -1.6450024e+00   3.3889056e-01
  -1.9601816e+00   1.4550500e+00
  -1.0373327e+00  -4.9276843e-01
  -9.6133309e-01  -9.9555566e-01
  -4.7370425e-01  -8.5104211e-01
   5.2594226e-02   2.9694698e-02
  -9.8601434e-01  -9.5529767e-01
   3.9678679e-02   3.9885023e-01
  -1.2955320e-01  -2.9735930e-01
   1.4217801e+00   1.7109624e+00
  -8.8033283e-01  -3.0974550e-02
   3.0270780e-01   3.3018914e-01
  -2.3669177e-01  -9.5336366e-01
   1.3794215e+00   1.3671994e+00
   1.4497633e-01  -3.2044936e-01
   1.2457829e-01   1.3690189e-01
   1.4889190e-01   3.0954999e-02
   1.1781091e-01   1.3621330e-01
   1.3533519e+00   1.3142281e+00
   2.2929786e-01  -1.6027507e-01
   3.0411938e-01  -1.8221862e-01
   1.4342376e+00   1.8505795e+00
  -1.7931865e+00   4.6052984e-01
  -1.7521245e+00   2.7216065e-01
   1.4795860e+00   1.1493225e+00
   1.4369162e+00   7.0525001e-01
  -1.9968208e+00  -5.1912856e-01
  -1.0434444e+00  -4.3433138e-01
   3.0327211e-01  -6.9643851e-01
  -3.8548824e+00   4.5094826e+00
  -9.9997036e-01  -5.8157271e-01
   9.5835498e-01   1.0002419e+00
   5.3547498e-01  -1.4390045e-01
  -1.2907451e-01  -8.6357540e-01
   3.1567301e-01  -5.5568671e-01
  -2.3852829e+00   1.5870228e+00
   2.2670423e-01  -4.7645350e-01
   1.4404711e+00   1.0146550e+00
   1.2527442e-01  -1.2193720e+00
   8.3064290e-01   1.6892567e-01
   1.1151566e-01  -4.2790988e-01
  -9.1615754e-01  -4.0122844e-01
   1.4326474e+00   1.3396312e+00
   8.7930477e-02  -1.3300337e-01
   4.2637070e-01   2.8251132e-01
   3.0506816e-01   1.2471573e-01
  -1.3592068e+00  -1.1263472e+00
   1.4952645e-01  -9.6111389e-01
   1.4121743e+00   1.0918514e+00
  -1.1564188e+00  -7.6571765e-01
   1.3595755e+00   2.0097099e+00
   1.9183422e-01  -6.9831607e-01
   8.4003448e-01   5.1754269e-01
   1.4192152e+00   1.7739857e+00
   2.8535197e-01  -2.9196508e-01
   1.7389295e-01  -1.0232213e+00
   4.9504374e-03  -1.1356906e+00
  -7.5437730e-02  -6.0827411e-01
   1.5340377e-01  -8.1478636e-01
   1.4324333e-01  -3.7289097e-01
   1.3425488e+00   6.9926611e-01
  -1.1868452e+00  -1.2150887e-02
   1.4621539e+00   1.0204710e+00
   2.5698879e-01  -3.6410725e-01
   1.3960124e+00   1.9406431e+00
   1.3856671e-01  -2.9913955e-01
   1.1658272e+00   7.4926202e-01
   1.8449532e-01  -6.2433237e-01
   2.4746360e-01   3.3562210e-02
   1.4700313e+00   8.2720807e-01
   1.2612604e-01  -8.3926676e-01
  -8.8649850e-01  -3.3253426e-01
   6.7925794e-02  -8.3815375e-01
   4.6103912e-01   1.2025228e-01
  -1.7728221e-01  -8.2025522e-01
   2.7799698e-01  -4.2938190e-01
   2.3447949e-02  -7.1907731e-01
   9.4650073e-01   5.9715869e-01
   4.1827847e-01  -3.9934780e-01
   6.8212929e-02  -4.4749127e-01
   6.1493739e-01  -2.3748952e-01
   1.1100429e-01  -6.1786401e-01
   1.5298473e-01   8.4192156e-02
  -1.0385866e+00  -1.3986923e+00
  -1.2016311e+00  -1.2187414e+00
  -1.0245562e+00  -6.8784177e-02
  -3.2358726e+00   3.7486632e+00
  -2.8643565e-01  -4.7878833e-01
   1.0290224e-03  -8.1895785e-01
  -7.0048731e-01  -1.5041659e-01
  -7.4096738e-02   3.0739068e-02
   1.3233943e-01  -5.7112661e-01
   1.3204257e+00   1.2256091e+00
  -1.0235543e-01  -5.1365138e-01
   1.3481863e+00   1.9509833e+00
   2.3857519e-02  -1.0932631e+00
  -3.2303543e+00   2.7558160e+00
  -6.0848329e-02  -5.5246840e-01
  -1.0950109e+00  -1.2862297e+00
  -4.5342259e-02  -9.5222054e-01
   7.1966415e-02  -4.4376883e-01
   1.0864501e-01  -1.9314677e-01
   1.7106333e-01  -2.2149563e-01
   2.7385536e-02  -2.9790338e-01
   2.2231196e-02  -1.2381190e+00
   3.9313569e-02  -4.0134798e-01
  -4.0261532e-02  -4.9048432e-01
   8.0798503e-01  -7.9174586e-02
  -8.2271508e-01  -1.2633872e+00
   2.0356742e-01  -9.0855768e-03
   1.4092726e+00   1.6032992e+00
   7.8704009e-02  -9.7923489e-01
  -1.0586150e+00  -7.1108374e-01
  -1.9499962e-01  -1.0306173e+00
   1.4566412e+00   1.9525791e+00
   1.3310017e+00   1.6021881e+00
  -9.2449437e-01  -4.5664715e-01
   9.0116701e-02  -6.2261794e-01
   1.1633597e-01  -7.7836971e-01
   1.7791526e-01  -4.7065246e-01
  -1.6139914e-01  -3.6129409e-01
   1.3702285e+00   9.7071553e-01
   1.3141223e-01  -8.6473576e-01
   6.2211386e-01  -9.0236130e-02
  -1.5248043e+00  -1.3452634e-01
   3.5358763e-03   2.5492808e-01
  -1.1237375e+00  -2.0900672e-01
  -1.5421707e+00  -3.1413853e-01
   4.3044618e-01  -4.3209314e-01
  -6.4868006e-02  -5.8534446e-01
  -3.1757060e+00   3.7438012e+00
   1.2874448e+00   5.6493648e-02
  -1.2557115e-01  -1.1869366e+00
   8.0781718e-02  -5.2580021e-01
   7.2422991e-03  -5.2723419e-01
   1.4612946e+00   1.5060496e+00
   1.1690235e+00   1.1792040e+00
   1.0005097e-01  -2.0939859e-01
  -2.3276408e-01  -2.2350732e-01
   1.0541806e-01   5.1981286e-02
   2.4683007e-01   2.8597813e-01
   1.2934825e+00   1.0069611e+00
   3.2053674e-01  -9.0555627e-01
   1.4582309e+00   1.2558235e+00
   1.7398936e-02  -4.7844701e-01
   3.0711380e-01  -1.6443510e-01
  -4.3991583e-02  -1.7515470e-01
   1.3812882e-01  -3.4222847e-01
   7.5588078e-02   1.7168628e-01
   3.0593541e-01  -2.6342716e-01
   1.8749084e-03  -1.1358995e+00
   1.4169045e+00   1.1803199e+00
   8.2729071e-02  -5.1910579e-01
  -1.8898317e-01  -7.2866191e-01
   4.5317714e-02  -4.6684369e-01
   6.4491651e-02  -6.0717883e-01
   1.3633546e+00   1.4407280e+00
   1.3780261e-01  -2.2792389e-02
   4.7977227e-01   4.1868034e-01
   1.3640837e+00   1.1171319e+00
  -3.1686800e-01  -9.0470694e-01
   5.4907041e-02  -3.2869737e-01
  -1.2331616e-02  -7.8205727e-01
  -1.0551952e+00  -9.9710424e-01
  -6.8041371e-02  -3.6848525e-01
  -1.9454546e-02  -8.9081331e-01
   2.4481022e-01  -1.4856868e-01
   4.5621092e-01  -4.2744113e-01
   3.7957671e-01  -5.0659207e-02
  -5.8263163e-02  -1.0592957e+00
   7.2636656e-01  -1.4785685e-01
   8.4529957e-02  -7.4192029e-01
   1.0145512e-01  -3.6558913e-01
   7.3878466e-01   1.1268190e-01
   8.4090276e-03  -7.7386457e-03
  -1.1104701e+00   2.7090096e-02
   1.3596704e+00   9.2549018e-01
   1.4062603e+00   1.7042287e+00
   1.4117267e+00   1.5422663e+00
  -1.4897668e-01  -5.5703361e-01
   1.3353298e+00   1.0919980e+00
   7.3916138e-01  -4.5973487e-01
   1.8976931e-02  -2.4467471e-01
   1.4802675e+00   1.7079912e+00
   4.5312293e-02  -2.3702826e-01
   2.9659169e-01   2.3971559e-01
  -3.1992085e-02  -5.4265695e-01
  -1.7683976e+00  -4.2643892e-01
   1.2685902e+00   1.5419468e+00
  -3.4609112e-01  -5.5538374e-01
   1.4741855e+00   1.5053109e+00
   4.0866338e-01  -1.0233486e-01
  -1.0004156e+00  -5.2892174e-01
  -1.0319049e+00  -3.7882802e-01
   1.4278626e+00   1.0582704e+00
   1.4672611e+00   6.2480128e-01
  -5.9373626e-02  -2.0105343e-01
  -7.4173632e-01  -1.8543577e+00
   9.9535349e-02  -6.0253351e-01
   9.9554169e-01   8.2172235e-01
   3.8953090e-02  -6.7940227e-01
  -4.7752622e+00   5.9728025e+00
  -1.1425539e+00  -1.4542762e+00
   1.0656867e+00   1.2076365e+00
   1.1942206e-01   2.5284882e-02
  -8.7171504e-01  -5.2402364e-01
  -5.9178258e-02  -1.2129182e-01
   2.6881519e-01  -7.1811761e-01
   6.5343583e-02  -9.6564549e-01
   1.5444235e-01  -6.3533279e-01
  -3.6171516e+00   5.5978367e+00
   4.4277177e-01   7.4424999e-02
   8.5282931e-02  -6.1560194e-01
  -2.4171576e-01  -6.7997605e-02
   4.1190814e-01   1.9790488e-01
  -1.2936223e-03  -4.0563776e-01
   4.3710685e-01   3.2745548e-02
   6.9938796e-01   1.1845218e-01
  -4.6873376e-01  -6.6650509e-01
   1.5845911e-01   2.9277329e-01
  -7.6682355e-02  -1.5334204e-01
   5.6421382e-01  -5.6590467e-01
  -2.4285650e-01  -4.0249509e-01
  -7.3776335e-02  -9.1602209e-01
  -6.6658367e-01  -1.2096287e+00
   3.7693184e-02  -3.5342804e-01
   8.5266696e-02  -2.5344874e-01
   4.3900087e-01   2.6756734e-01
   2.6560859e-02  -1.7553625e-01
