   5.4401932e-01  -4.2902714e-01
  -5.8604663e-01   4.7418510e-01
   9.3212156e-01  -7.7015787e-01
   4.2968381e-01  -6.8897981e-01
   9.3904433e-01  -8.7296276e-01
   1.2872992e+00  -8.0907221e-01
  -1.8547613e+00   1.4297124e+00
  -2.3287853e+00   9.2740933e-01
   6.2999154e-01  -7.8200858e-01
  -9.3658014e-01   1.0289965e+00
  -6.2155203e-01  -1.4926434e-01
   5.0083337e-01  -2.4884714e-01
   6.3162946e-01  -5.2612833e-01
   8.1464841e-01  -7.6975532e-01
   8.7871394e-01  -8.1730488e-01
  -3.9273019e-02  -2.9635951e-01
   1.6987074e+00  -7.7490140e-01
  -6.4751916e-01   1.8115064e-01
   5.1661736e-01  -7.6478787e-01
  -1.9684637e+00   1.3166678e+00
   8.1625581e-01  -6.7084072e-01
   2.0892023e-02  -6.0450164e-01
   1.0372670e+00  -7.8583664e-01
   8.1588307e-01  -4.1008426e-01
  -9.7529661e-01   1.4777860e+00
   5.8466815e-01  -8.5415621e-01
   1.2374896e+00  -7.9421294e-01
   8.9642332e-01  -6.3257231e-01
   4.7618312e-01  -7.6773854e-01
  -5.4910525e-01   4.6668934e-01
  -1.5812974e+00   1.1411533e+00
   1.0313857e+00  -7.7941024e-01
   4.5976869e-01  -8.1084781e-01
   9.4897170e-01  -3.5516061e-01
   1.1590566e+00  -7.4650096e-01
   1.6125539e+00  -7.6357488e-01
   1.1570637e+00  -7.7499540e-01
   9.8004967e-01  -7.6053780e-01
   3.4680543e-01  -7.1998363e-01
   1.1711523e+00  -8.0202853e-01
  -1.2521814e+00   7.7425228e-01
   3.9749367e-01  -3.8029898e-01
   1.0075499e+00  -7.7856794e-01
   3.8272697e-01  -6.5878614e-01
  -1.6211326e+00   1.7993881e+00
  -1.2239532e+00   5.3737011e-01
   2.0925939e-01  -6.2444026e-01
   9.4936314e-02  -6.9742139e-02
   5.0203658e-01  -7.6138734e-01
   2.4143410e-01  -6.0893710e-01
   7.9003880e-01  -8.0160101e-01
  -2.5958085e-01  -2.6222455e-01
   7.2741176e-01  -8.4400947e-01
  -1.2758790e+00   1.0147154e+00
   1.6668185e-01  -1.7247496e-01
  -1.3479793e+00   1.4723593e+00
   8.7206555e-02  -5.4725007e-01
   7.7989011e-01  -7.3534977e-01
   5.4462093e-01  -7.6840911e-01
   1.0553690e+00  -3.5039817e-01
  -1.1754140e+00   7.5197936e-01
   8.7268991e-01  -7.6040475e-01
   9.6383079e-01  -7.0314678e-01
  -2.0294244e+00   1.5771337e+00
  -2.6975652e+00   1.6532492e+00
  -2.9093434e-01  -2.4949157e-01
   6.4769889e-02  -5.4781562e-01
   5.4942248e-01  -4.8679807e-01
  -1.6840194e+00   1.0017183e+00
  -1.6958081e-01  -3.1681002e-01
   8.3941441e-01  -4.8451925e-01
   1.3375499e+00  -7.9640765e-01
  -1.8534472e-01   1.3377198e+00
   1.1733615e+00  -7.6561658e-01
  -6.3208209e-01   1.2253694e+00
  -7.0344465e-01   1.0246906e+00
   5.8085512e-01  -3.5443313e-01
  -2.3556584e-01  -1.1968709e-01
   3.5783580e-01  -6.1216609e-01
   5.1290185e-01  -1.9378663e-01
   6.4039251e-01  -7.2425869e-01
   1.5150724e-01  -7.8166515e-01
   2.8964563e-01  -4.7311719e-01
   1.1016349e+00  -4.3009975e-01
  -2.5969518e-01   7.6900403e-01
  -3.9362504e-01   1.5946754e-02
   9.0281861e-01  -8.7318351e-01
  -3.8987421e-01   1.2514983e-01
   3.8334599e-01  -2.0444427e-01
   6.5403752e-01  -2.7087231e-01
   1.6808806e+00  -7.2178598e-01
  -1.0270905e+00   8.9003255e-01
  -7.6594337e-01   4.8122482e-01
  -2.5725533e-03  -1.3035298e-01
   5.1708596e-01  -7.6345707e-01
   4.5417830e-01  -1.9875896e-01
   1.0114700e+00  -8.3261221e-01
   5.0522651e-01  -8.3138189e-01
   2.9391063e-02  -2.1955281e-02
  -2.1100782e+00   2.6784145e+00
  -8.6236129e-01   1.8155897e-01
   7.8150213e-01  -6.6718898e-01
   4.6477309e-02  -4.1093048e-02
   1.3376026e+00  -7.5147073e-01
  -1.4907184e+00   1.4070144e+00
  -6.5945966e-01   7.2396201e-01
   3.5006539e-01   2.4908042e-01
  -1.1659264e-01  -2.8501199e-01
  -5.3381787e-01   8.4319536e-01
  -2.2582490e-01  -6.6137405e-02
  -5.3004460e-01  -1.6973842e-01
  -1.8363518e+00   1.2515076e+00
  -1.2386274e+00   2.2195024e+00
   7.5554930e-02  -6.9658142e-01
  -4.3122941e-01   3.7064523e-01
   6.4519011e-01  -3.4269126e-01
   5.9176643e-01  -2.0330629e-01
  -2.0505235e+00   1.2882879e+00
  -3.2340110e-02  -3.0709672e-01
  -7.2804989e-01   3.7130186e-01
   2.9550933e-01  -1.8579059e-01
  -7.2585264e-01   4.9674151e-01
  -1.2048854e+00   9.9142684e-01
  -8.7742355e-01   1.3071833e-01
   8.0761920e-01  -6.9650796e-01
   9.5661106e-01  -7.8659621e-01
   8.4709651e-01  -7.8364428e-01
  -9.2985494e-01   3.0742084e-02
   4.0829896e-01  -1.9220787e-01
   5.7216460e-01  -6.1999377e-01
   7.9266749e-01  -7.6939810e-01
   8.3732732e-01  -7.1986348e-01
   1.3468858e-01  -7.9942314e-02
   1.0722394e+00  -7.4729984e-01
   6.1164406e-01  -1.9762106e-01
  -1.0849293e+00   4.0934806e-01
   3.1851917e-01  -5.1797660e-01
   6.7445835e-01  -8.0196171e-01
   1.0290311e+00  -6.5724891e-01
   1.4543457e+00  -7.4883701e-01
   8.1620348e-01  -5.1985208e-01
   1.0034988e+00  -7.1772596e-01
   5.3641370e-01  -8.2288439e-01
   1.4290971e-01  -3.9089555e-01
   4.7631260e-01  -3.6428875e-01
  -1.6630173e+00   2.1051398e+00
  -3.5543721e+00   4.0644054e+00
  -3.2537530e+00   1.9755819e+00
  -1.0659887e+00  -2.0983962e-01
  -2.1414060e-01  -3.7673578e-01
   1.2467214e+00  -7.3563871e-01
  -4.7162048e-01  -2.9214980e-01
  -2.9808965e+00   2.4105452e+00
  -3.8790019e+00   3.7919027e+00
   1.6399783e-01  -5.2259677e-01
  -7.5419227e-01   1.2595487e+00
   3.3591459e-01  -7.4350916e-01
  -4.4038159e-01  -2.1093199e-01
  -4.2050260e-01   5.1124437e-01
   5.6215160e-01  -4.8136743e-01
  -4.1898793e-01   7.3966134e-01
   1.9332711e-01  -3.5033414e-01
   1.4163334e-01  -6.3474719e-01
  -1.0039643e-01  -1.7952766e-01
   6.8160678e-01  -5.8164723e-01
  -8.5713292e-01   7.4622847e-01
   8.9964838e-01  -7.9144210e-01
   5.0024063e-01   1.8374960e-01
  -2.8082208e-01  -3.7466531e-02
  -2.0094247e+00   1.3477747e+00
   4.3659239e-01  -8.7478670e-02
   4.6746565e-01  -7.8518976e-01
  -2.9959744e+00   2.3148982e+00
  -8.6306966e-01   1.5513601e+00
   7.4472377e-01  -6.7912781e-01
   9.8531515e-01  -5.4664692e-01
  -1.4582149e-01   9.1031605e-02
   1.1830504e+00  -8.0538069e-01
  -1.2255393e+00   1.4225103e+00
   5.0643694e-01  -2.4130530e-01
  -1.6889857e-01  -5.8015408e-02
   1.1894488e+00  -7.8682938e-01
   9.2655517e-01  -6.0719053e-01
  -9.3388314e-01   6.0356381e-01
  -5.3226619e-01   8.8347314e-01
  -2.6772872e-01   1.0660347e-01
   4.9996783e-01  -1.8077553e-01
   1.1279833e+00  -7.8120537e-01
  -1.0610103e-01  -6.3627036e-02
  -2.7861432e-01   8.3739559e-01
  -7.0878993e-01   6.6531696e-01
   3.2451435e-01  -1.3374407e-01
  -6.8145409e-01   3.7982613e-03
   9.1033353e-01  -7.5405533e-01
  -1.3463965e-01  -4.2682899e-02
   3.0342657e-01  -5.9331055e-01
  -7.1353146e-01   7.9835687e-01
   8.5323205e-01  -6.1739104e-01
   4.2984396e-01   4.5550548e-02
   7.8583654e-01  -5.9383893e-01
   4.7751787e-01  -1.9117670e-01
   1.7400966e-01   2.9773694e-01
   3.5044356e-01  -7.7884588e-01
   2.2530310e-01   1.0510399e-01
   1.2397730e+00  -4.4138386e-01
   9.0383220e-01  -7.7175413e-01
   1.9514530e+00  -7.4066343e-01
   1.1768245e+00  -7.1878735e-01
  -1.8780553e+00   1.8383820e+00
  -5.3985169e-01   1.1105635e+00
   5.0363345e-01  -7.1400118e-01
   4.0762520e-01  -1.5540250e-02
   1.1140591e+00  -6.5635016e-01
   2.4930672e-01  -2.4818661e-01
   8.3738920e-01  -8.3827642e-01
  -2.0921471e-01  -9.2554460e-02
  -1.8616938e+00   2.3668116e+00
  -3.0937220e+00   3.4495576e+00
   1.3615557e-01   4.2704993e-02
   9.8688201e-01  -8.4501174e-01
  -4.9207204e-01   2.4729360e-01
   8.6663949e-01  -2.9426613e-01
  -6.7198800e-01   6.1306002e-01
   8.2627461e-01  -8.2056004e-01
   2.5538021e-01  -7.4517312e-01
  -2.6756975e-01  -3.0973192e-01
  -1.0811501e-01   2.6329032e-02
   3.7734335e-01   3.1794223e-02
   3.7502226e-01  -2.5452713e-01
   6.6510155e-01  -5.2214160e-01
  -1.7370885e+00   9.5073942e-01
   2.4119014e-01  -6.8066076e-01
  -1.8588023e+00   3.2705157e+00
   7.2832008e-01  -4.4765356e-01
   7.7949962e-01  -4.8582098e-01
   4.5645544e-01  -7.4646750e-01
   4.8107564e-01  -6.0788452e-01
  -1.4446091e+00   2.0825405e+00
  -1.8569162e+00   4.1540269e-01
   1.0375357e+00  -7.6414549e-01
   5.9511902e-01  -7.8160169e-01
   7.6343697e-01  -6.5981701e-01
   7.1978015e-01  -7.4591131e-01
   1.7192757e+00  -7.0137961e-01
   7.3932968e-01  -7.9645765e-01
  -7.4750978e-01   1.1554372e-01
  -7.9593186e-01  -5.7803684e-02
   7.3599528e-01  -7.8955649e-01
   6.9837119e-01  -7.2679463e-01
   5.6556674e-01  -6.5330009e-01
   1.1452890e-01  -8.0874439e-01
   6.9050397e-01   2.2013151e-01
   7.6331877e-01  -2.0522557e-01
  -1.0017557e+00   1.8177246e-01
   6.5720792e-01   1.1820907e-01
   7.6831512e-01  -6.0289679e-01
  -2.7847793e+00   2.7987385e+00
   4.9216398e-01  -7.6542540e-01
  -1.4369495e-01   3.5171482e-01
  -1.7188348e-01   2.7757501e-02
  -1.6324705e+00   1.1607059e+00
   2.3434756e-01  -2.4781597e-01
  -1.2908047e+00   1.1409950e+00
   7.2839192e-01  -4.2605215e-01
   2.9933630e-01  -6.5712377e-01
   4.3762462e-01   6.9083833e-01
   1.2682925e+00  -8.4482972e-01
  -1.1050930e+00   2.1647485e+00
  -3.7070598e-02   3.2145098e-01
   1.0515981e+00  -7.6327484e-01
   5.6557137e-01  -7.1482927e-01
   1.5435469e+00  -8.4604023e-01
   5.2774120e-01  -8.0424984e-01
   9.2392561e-01  -7.8087472e-01
   2.5118895e-02  -8.2815242e-02
   1.0215682e-01  -5.3761617e-02
   5.5294644e-01  -8.4287676e-02
  -1.8588584e+00   1.1244521e+00
  -1.8410672e+00   1.6552149e+00
  -5.8352975e-01   3.5401686e-01
   5.2996591e-01  -8.3377625e-01
   7.4798712e-01  -8.0604729e-01
  -5.5302169e-01  -8.6132432e-02
   1.0259955e+00  -6.2962402e-01
   9.0764442e-01  -7.4394365e-01
   2.3682365e-01  -4.4745676e-01
   4.4623331e-01  -7.7009048e-01
  -8.6672415e-01   5.6127975e-01
  -5.3011761e-01   3.9611850e-02
  -3.2603289e-01  -3.2917380e-01
   7.6203124e-01  -6.7529044e-01
  -1.5136604e+00   1.1634696e+00
   7.9430328e-01  -8.2746895e-01
   9.0728459e-01  -6.3896306e-01
   8.0993136e-01  -7.5038766e-01
   1.3345094e+00  -7.8091420e-01
  -1.7328562e+00   1.4821013e+00
   6.6398301e-01  -7.5820396e-01
   1.2490368e+00  -8.0718833e-01
   1.9877680e-01  -2.0927595e-01
  -4.5700325e-01  -4.5197887e-02
  -2.5893778e-01   3.8667134e-01
   3.2817597e-01  -3.3687831e-01
   5.1051437e-01  -4.8195987e-01
   5.1487654e-01   1.4680409e-01
   3.4705223e-01  -3.5138851e-01
   4.0505692e-01  -5.7372545e-01
  -1.3379718e+00   7.7487161e-01
  -5.1663350e-01  -1.3931340e-01
  -4.8440009e-01   5.3792833e-01
  -4.6882857e-01   1.6196582e-01
   3.9754315e-01  -7.2581344e-01
  -3.0862511e-01  -3.8481771e-01
  -7.2797609e-02  -1.8707627e-01
  -3.5476340e+00   3.5371768e+00
   9.2006172e-01  -8.2680781e-01
   1.1479112e+00  -1.9349361e-04
  -3.7949194e-01  -1.5802317e-01
   1.0310035e+00  -6.3690086e-01
  -1.1281774e-01   5.6606418e-01
  -5.9522298e-01   1.0427177e-01
   6.4371958e-01  -7.8324179e-01
   4.9641242e-01  -8.3456229e-01
   6.7442129e-01  -3.2974645e-01
   1.2871969e+00  -7.1888979e-01
   8.8456761e-01  -8.0951702e-01
  -4.9044738e-01   1.1685090e-03
   3.4233806e-01  -7.8092445e-01
  -1.7308054e+00   1.4025184e+00
  -4.9053142e-01   3.5535216e-01
   5.5102415e-01  -8.0410903e-01
   7.0469447e-01  -5.3136185e-01
   1.4777143e-01  -7.1920539e-01
  -2.1702141e+00   1.6130587e+00
   9.8766294e-01  -5.7731987e-01
   3.7499773e-01  -3.0282492e-01
  -8.5856452e-01  -6.1987032e-02
  -8.3698030e-02  -5.7607014e-01
  -1.5160391e+00   9.9489507e-01
   4.5271769e-03  -2.2024307e-01
  -5.3893410e-01   1.2424825e+00
  -1.6933227e+00   1.5529522e+00
   4.5866657e-01  -2.6716387e-01
   8.2976311e-01  -6.3932825e-01
   3.1975363e-01  -1.9001804e-01
   1.0645734e+00  -8.2114382e-01
   5.0940131e-01  -4.6367887e-01
   7.8788013e-01  -6.4361458e-01
  -8.8091006e-01   1.4417188e+00
  -1.4968206e-01  -1.4983858e-01
   4.0883551e-01  -1.4407335e-01
  -1.0918778e-01  -2.4608688e-01
   7.4657307e-01  -4.4519506e-01
  -1.0084475e-01   4.9579282e-01
   5.1424292e-01  -1.2061535e-01
   3.6975372e-01  -6.7734615e-01
   6.4160174e-01  -3.5010596e-01
   4.2355532e-01  -3.7526831e-01
   6.9680470e-01  -4.1872600e-01
  -1.3402291e+00   8.1074321e-01
   5.8416111e-01   8.8294292e-02
   3.7415310e-01  -2.8588224e-01
   1.0448595e+00  -8.0688132e-01
  -9.0868155e-02  -7.8576587e-01
  -6.4571159e-01   1.1826941e+00
   1.4800928e+00  -7.9846605e-01
   3.5582184e-01   2.0927242e-01
   1.1814376e+00  -8.0950078e-01
  -4.5831832e-01   2.3637910e-01
  -3.4718624e-01   7.2395262e-01
  -1.3755041e-01   2.9696096e-01
   1.2145078e+00  -3.4796814e-01
   1.3809982e-01  -3.4430815e-01
  -1.8109237e-01  -9.0854794e-02
  -1.0101194e+00   7.2117435e-01
   3.4627035e-01  -7.2710135e-01
  -1.2209267e+00   6.6698918e-01
   3.0898418e-01  -1.7671726e-01
   5.0373581e-01  -2.5131672e-01
   4.0377152e-01  -7.5533585e-01
  -9.6244639e-02  -6.7446363e-02
   1.3636771e+00  -7.7141039e-01
  -9.7353821e-02   9.7560577e-03
   5.2306536e-01  -1.2970890e-01
  -1.7044802e+00   9.9028358e-01
   7.9506934e-01  -7.6471838e-01
  -9.9371155e-01   4.3377341e-01
  -1.0041945e+00  -2.4797853e-01
  -6.5610637e-01   1.0083104e+00
   3.8361594e-01   3.6150059e-02
   6.8900098e-01  -8.3986939e-01
   3.2477681e-01  -8.3345136e-01
   5.1441531e-01  -8.1991642e-01
   6.2324349e-01  -4.5944768e-01
   1.3107225e+00  -8.3015985e-01
   4.9726855e-01  -3.4088040e-01
   1.8117798e-01   5.5833696e-01
   1.2432600e-02  -1.8997966e-01
   1.0099506e+00  -7.5311948e-01
   1.4901712e+00  -7.2505866e-01
   2.8084366e-01  -3.3374876e-01
  -2.5889855e+00   2.3374333e+00
   6.1223630e-01  -7.2862037e-01
   5.3481779e-01  -7.1820025e-01
  -5.8659609e-02  -1.2517379e-02
   9.6999077e-01  -8.0821594e-01
   1.2112227e+00  -4.5886623e-01
   2.1111589e-01  -4.3819426e-02
   1.0898714e+00  -7.9403433e-01
   1.0157084e+00  -2.9156027e-01
  -3.0446595e+00   1.3004143e+00
   9.9770388e-01  -7.8074097e-01
  -5.1360421e+00   7.6312067e+00
   1.2411666e+00  -4.5014000e-01
  -8.5600187e-02   2.6523883e-01
  -4.6942814e-01   6.9262563e-02
  -3.4397012e-01  -2.3260603e-01
   9.8995986e-01  -8.1418239e-01
   2.1643684e-01  -2.3171363e-01
  -1.9053681e+00   1.2432922e+00
  -1.7722060e+00   1.1746931e+00
  -2.3898037e+00   1.5789948e+00
  -2.7632608e-01   1.6168107e-01
   5.9503343e-01  -8.2813763e-01
   4.0154173e-01  -7.4026814e-01
  -1.8191164e+00   8.9519606e-01
  -1.2569375e+00   1.0854010e+00
   2.8629056e-01  -3.3237051e-01
  -2.4346348e-01   1.2959235e+00
  -6.2352155e-01  -2.5974625e-01
  -2.2499765e-01   4.5070279e-01
   6.0010130e-01  -7.6266810e-01
  -1.1526843e+00   3.2856025e-01
   5.0636887e-01  -6.4170680e-01
  -1.1208395e+00   4.3666536e-01
  -1.5092824e+00   1.1638150e+00
   8.2787115e-01  -6.9412729e-01
   6.5824491e-01  -7.4606604e-01
   5.9691546e-01  -6.8407776e-01
   1.0613505e+00  -7.9439652e-01
  -1.6076399e+00   2.3031804e+00
  -4.8114176e-01   6.1124944e-01
  -7.2395932e-01   8.5377783e-01
  -3.6707316e-01   1.0844033e+00
   4.4316293e-01  -2.1706073e-01
  -4.8253800e+00   5.5968146e+00
  -2.6096583e-02  -2.3438715e-01
   4.8535322e-03   1.8638555e-01
   8.8282135e-01  -7.9381122e-01
  -8.8944586e-01   8.3361574e-01
   2.3060261e-02   4.6091242e-01
   2.3499127e-01  -2.1597738e-01
  -1.9177856e-02  -2.6140561e-01
   4.3163156e-01  -7.8996495e-01
   1.1387653e-01  -2.4909089e-01
   1.3882198e+00  -7.8522511e-01
   2.8955591e-01  -4.1752582e-01
   1.6750374e-01   3.6773661e-02
  -1.3172551e+00   1.0400798e+00
   3.4046424e-01  -4.2303538e-01
  -6.7628201e-01   4.0647890e-03
   1.0340136e-01  -1.4040441e-01
   4.4157695e-01  -4.5391917e-01
  -1.7899944e+00   1.6991617e+00
   8.6482667e-02   5.9872911e-01
   1.1053213e+00  -2.4804873e-01
   4.8984064e-01   3.5414216e-01
  -2.3827533e-02   6.4115466e-01
   1.0517141e+00  -7.8558817e-01
  -1.6920743e+00   1.1210882e+00
   1.0868807e-01  -2.5960441e-01
  -6.4797592e-01  -1.6567691e-01
  -1.1729240e+00   1.7822209e+00
  -4.8218068e+00   8.5809491e+00
  -6.4466372e-01   1.4791007e+00
  -5.5168281e+00   5.1502385e+00
  -3.8912351e-01  -6.6613233e-02
  -1.2129185e+00   4.5375223e-01
   6.5518717e-01  -4.9658639e-01
  -3.8320006e-01   1.0991461e+00
   9.4383473e-01  -7.2609874e-01
   9.8048488e-02  -4.3197014e-01
   9.2386793e-01  -5.8681350e-01
   9.9463918e-01  -8.1113919e-01
  -1.2690068e+00   1.6187238e+00
   1.1984057e+00  -8.0140209e-01
   6.8146625e-01  -7.5740445e-01
   8.2645621e-01  -3.7021980e-01
   6.0246551e-01  -7.3207176e-01
   1.0644975e-01  -4.2374976e-01
   1.7867648e+00  -7.7015864e-01
   7.3430671e-01  -7.7303074e-01
   1.2254919e-01  -2.9538614e-01
  -1.7169666e+00   1.3581930e+00
   6.3413479e-02  -3.1211495e-01
   7.8117768e-01  -6.6414729e-01
   4.3074569e-02  -3.0593375e-02
   8.6746119e-01  -6.2609609e-01
   7.7745220e-01  -7.9779372e-01
  -3.0181146e-01   1.0384707e-01
  -1.1409669e+00   1.1553297e+00
  -2.3646659e-02   1.6345673e-01
  -1.6492387e+00   9.3726725e-01
   9.0981627e-01  -4.4441169e-01
   9.0844774e-01  -7.6164709e-01
  -3.2845309e-01  -8.9703233e-02
   9.4917204e-01  -6.1664627e-01
   7.9491508e-01  -7.1107790e-01
  -2.0285612e+00   1.3416552e+00
   3.3933563e-01  -6.9035008e-01
   8.1712580e-01  -7.7564098e-01
  -1.0251872e+00   4.5877053e-01
   2.3502088e-01  -4.0617404e-01
  -3.7775713e-01   5.1978350e-01
   7.2273264e-01  -3.6568205e-01
   6.4794734e-01  -5.3196847e-01
  -3.7221204e-01  -1.0529114e-02
   3.1334215e-01  -7.0528297e-01
   1.2765119e+00  -7.8955741e-01
   1.3982562e-01  -6.6691876e-01
  -1.9650754e+00   9.4180657e-01
   2.9552781e-01   6.0440476e-02
   1.2839909e+00  -7.1487519e-01
  -6.7681460e-01   1.2603978e+00
  -1.4807300e+00   1.1416446e+00
  -5.8080579e-01  -2.7427573e-01
  -2.0925196e+00   1.2728305e+00
   4.7519003e-01  -6.9641267e-01
   9.8597166e-01  -7.8206633e-01
  -7.5231400e-01   5.2546353e-02
  -6.5011226e-01   6.4328638e-01
   8.6021764e-01  -6.0634135e-01
  -8.0771162e-01   2.6929386e-01
  -1.2106894e+00   7.7799190e-01
  -5.2499051e-01  -5.0316297e-01
  -4.9686703e-01   3.5256727e-02
   2.1036811e-01  -3.9302918e-01
   1.1405329e+00  -7.8391550e-01
   8.3472617e-01  -6.7565633e-01
   1.1791532e+00  -5.1501694e-01
   7.6279663e-01  -8.0369271e-01
  -2.7866947e+00   3.3377765e+00
   1.0089567e+00  -8.3991257e-01
  -6.7741232e-01  -6.7739348e-02
   5.5495437e-01  -1.4289278e-01
   7.6128923e-01  -6.5512561e-01
  -7.1330642e-01  -1.2006423e-02
   4.0022826e-02  -7.1582685e-01
  -2.2644296e-01   2.7433239e-02
   6.3437455e-01  -6.6988165e-01
   2.4965530e-01  -6.2089384e-01
  -5.1489503e-01  -1.8653760e-01
   2.0789683e-01  -5.0459171e-01
   7.4119768e-01  -3.9268990e-01
   1.7800208e-01  -6.2708089e-01
   1.3391703e+00  -7.7923620e-01
  -1.2605914e+00   4.9437904e-01
   9.7902831e-01  -5.5290891e-01
   1.8352278e-01  -1.1090215e-01
  -1.8780024e+00   2.1818882e+00
   5.8632222e-01  -4.8880592e-01
  -3.3917963e-01  -4.0441708e-01
   6.4514008e-02  -3.5132754e-01
  -1.0957014e-01   1.0779469e+00
   2.8291067e-01  -6.6031051e-01
   4.6108767e-01  -3.2611846e-01
   6.1494228e-01  -1.3028098e-01
  -1.2796020e-01  -2.1016057e-01
   1.1013437e+00  -7.6794339e-01
   6.4008490e-01  -3.8607599e-01
  -2.1284941e+00   2.0460636e+00
  -4.8083621e+00   5.1699424e+00
  -3.0342487e+00   3.0969965e+00
   3.6182416e-01  -3.9845944e-01
   9.3746692e-01  -7.7760431e-01
   5.8451583e-01  -1.1333780e-01
  -1.1807540e+00   9.5942923e-01
   7.7246031e-01  -5.9565845e-01
   8.9130705e-02   9.1032095e-02
  -6.2444075e-01  -5.7894878e-02
   5.9558853e-01  -6.2564228e-01
   6.1545288e-01  -7.3326904e-01
   5.2515868e-01  -4.4937614e-01
   7.7799323e-01  -8.1852594e-01
   9.1531396e-01  -7.7100476e-01
   3.3376633e-01  -6.8206430e-01
  -2.0592823e-01   9.7290093e-02
  -1.8259283e-01  -5.8673182e-02
   7.4969984e-01  -7.9275112e-02
  -1.1893066e+00   1.0458726e+00
   6.5171209e-01  -7.1644372e-01
  -5.2608993e-01   3.7634050e-02
   1.0164576e+00  -8.1101224e-01
   7.8421902e-01  -1.3076699e-01
  -1.5097973e+00   1.4275849e+00
   3.4450118e-01  -6.5552145e-01
   6.4175627e-01  -7.5662943e-01
   4.8239626e-01  -2.6118206e-01
  -3.4318592e-01   2.2450188e-01
  -6.7836051e-01   1.0992598e+00
   6.0876142e-01  -3.0112967e-01
   9.1166848e-01  -6.7788593e-01
  -2.0807257e-01  -3.0646597e-01
   6.1627237e-01  -6.3989725e-01
  -8.2909156e-01   7.1725138e-01
  -1.0951147e+00   8.2535005e-01
   8.1936934e-01  -7.8797398e-01
  -3.6059602e-01  -1.5582826e-01
   9.2031509e-01  -3.8082784e-01
   9.5112088e-01  -7.7645958e-01
   9.3738416e-01  -6.7923588e-01
  -6.7489626e-01  -6.0042562e-02
   6.9513845e-01  -1.5256677e-01
   7.1374734e-01  -8.1806146e-01
  -3.2016038e+00   3.4456011e+00
   4.6649443e-01  -7.8353282e-01
  -2.3827960e-01  -1.8422980e-01
   2.7827017e-01  -3.2961266e-01
   7.5629368e-01  -4.4269375e-01
   2.0470179e-01  -1.4693276e-01
   6.8147782e-01  -6.8997872e-01
   8.0370607e-01  -7.1011023e-01
   5.5800224e-01  -8.2211607e-01
   7.7419054e-01  -8.4206026e-01
  -8.6878559e-01   3.1041304e-01
  -2.6465378e-01   1.1146428e+00
   7.2219622e-01  -8.2681349e-01
  -6.5176364e-01   6.5155181e-01
   6.7343723e-01  -4.8387391e-01
   7.8320519e-02  -5.0182055e-01
  -5.1181235e-01   7.4759640e-01
   1.1310722e+00  -7.7043643e-01
   6.5475664e-01  -2.8199103e-01
   7.3917655e-01  -8.5874490e-01
  -1.4347691e+00   1.2473236e+00
   2.4894142e-01  -1.4993631e-01
   9.4851729e-01  -8.0143722e-01
  -4.9899137e-02  -3.5973361e-01
   5.6146794e-01  -2.5703646e-01
   9.0448390e-02   9.5488106e-01
  -3.7906157e-01   8.0438391e-02
  -8.0974793e-01   2.5767416e-01
   9.1222902e-01  -7.3271015e-01
   1.7603936e-01   1.2597937e-01
  -1.7012907e+00   2.0845051e+00
   5.2268623e-01  -4.4672461e-01
   5.3868077e-01  -4.1924328e-01
   5.3002005e-01  -6.8908352e-01
  -1.1404356e+00   1.0964499e+00
   2.4872715e-01  -2.7946220e-01
  -1.4030558e+00   8.1942515e-01
  -1.2856802e-01   3.7958400e-01
   6.1412112e-01   6.1762762e-01
   3.0400338e-01   3.3007378e-01
   1.2740359e+00  -7.8595943e-01
  -3.3484713e-01  -4.0542784e-01
   8.5870437e-01  -6.7081727e-01
  -3.1546402e-01   3.6499987e-01
  -1.0574009e+00   1.0724195e+00
   9.4357314e-01  -8.2391219e-01
   6.0034789e-01  -7.8033397e-01
  -9.9613275e-01   1.2668842e+00
  -1.9168646e+00   8.0021015e-01
   4.3682842e-01  -4.9512790e-01
   6.4261947e-01  -7.7184649e-01
   3.7695694e-01  -7.2109859e-01
  -1.7406594e+00   1.3649258e+00
  -5.1482809e-01   2.6248089e-01
   5.3725558e-01  -3.5365824e-01
   2.7311029e-01  -8.4680252e-01
  -7.3040256e-01   5.9202838e-01
  -1.2152436e-01  -4.6888735e-02
   1.8646927e-01  -3.3625167e-01
  -7.9654840e-01   8.2495353e-01
   2.3643643e-01  -6.7439710e-01
  -2.1722393e+00   2.1143837e+00
  -7.2728338e-01   1.2040412e+00
  -1.5390393e+00   1.0749868e+00
  -8.2451311e-03   5.9215940e-02
   5.0089386e-01  -7.9945204e-01
   1.6252428e-01  -3.3491686e-01
   6.1999735e-01  -8.1762936e-01
  -1.4448676e-01  -3.4888940e-01
  -2.6987872e+00   1.8245308e+00
   1.2173134e+00  -7.5448816e-01
  -1.5530683e+00   1.0682411e+00
   1.1817756e+00  -7.7423017e-01
  -9.9766019e-01   1.8261309e+00
   3.7338835e-01   4.0179426e-01
   6.8773392e-03  -7.0006993e-02
   5.4761677e-01  -1.7700225e-01
  -4.4662476e-01   2.3162058e-01
   1.2125529e+00  -6.8337347e-01
   1.0590248e+00  -8.0360370e-01
   5.4880491e-01  -5.8161524e-01
   4.1276364e-03  -1.1798833e-01
   5.9193479e-01  -6.9755231e-01
   7.5696861e-01  -2.8272008e-01
  -1.6402031e+00   1.0066439e+00
  -9.6189423e-01   7.0007715e-02
   1.9177952e-01  -7.8286255e-01
   1.2478583e-01  -5.8605287e-01
  -2.7843808e-01   4.1072923e-01
   4.8976231e-02  -1.3872070e-01
  -4.2711717e+00   4.0604073e+00
  -7.0479630e-01   1.4444343e+00
   7.7792758e-01  -7.2070291e-01
   7.5082269e-01  -6.2736187e-01
   3.2647074e-02   4.1333544e-01
  -1.3867244e+00   8.2721141e-01
   3.7736195e-01  -5.6843368e-01
   1.8749215e-01  -4.1476971e-01
  -2.3211103e-03  -1.3921345e-01
  -2.0659096e-01  -3.7916512e-01
  -3.5943384e-01  -3.0001492e-02
  -4.4701348e-01   1.0825814e+00
   1.9407654e-01  -2.2436648e-01
   2.6769603e-01  -1.0489707e-01
  -5.7808044e-01   3.1549597e-01
   5.3327255e-01  -1.1490884e-01
  -3.9091913e-01  -2.0967191e-01
   2.2901460e-02  -1.6400743e-02
   1.4200923e+00  -8.2955172e-01
   5.3677673e-02  -1.4783834e-01
   7.2452072e-01  -7.3217136e-01
   7.2728153e-01  -6.4474154e-01
   1.3820687e+00  -8.0134626e-01
   7.8265896e-01  -8.0890677e-01
   1.1373263e+00  -7.1809141e-01
   1.5910790e-01  -3.2715781e-01
   1.0977807e+00  -8.1034319e-01
  -8.3776747e-01   1.1042296e+00
  -1.5279596e-02   1.8810971e-01
  -5.4402332e-01   1.0319901e+00
  -3.7277508e-01  -3.7560446e-01
   5.1228622e-01  -2.5450421e-01
   4.5058838e-01  -5.6977518e-01
   3.1135996e-01  -7.4960933e-01
   1.4012674e+00  -7.8175134e-01
   2.8050040e-01  -4.9354742e-02
   1.0207311e+00  -8.1430385e-01
   1.6400806e-01  -7.7613125e-01
   8.6929623e-01  -6.4847500e-01
  -1.1016347e+00   3.6941825e-01
   6.6275157e-01  -1.7317994e-01
   5.4112295e-01  -7.3534927e-01
  -8.4847482e-01   6.7319947e-01
   9.8557779e-01  -7.9130273e-01
  -2.2554215e+00   1.3189400e+00
  -1.1656405e-01  -2.8927240e-02
  -6.9912726e-01   5.9770405e-02
   1.7138117e-01  -3.7409866e-01
   7.9011074e-01  -7.2187653e-01
   9.8793660e-01  -8.2960936e-01
  -1.1103873e-01  -4.4398066e-01
  -1.4165979e-01  -3.5654259e-01
   6.6398893e-01  -2.6511544e-01
   1.3419542e+00  -7.7761607e-01
  -7.0993791e-01   3.3979269e-01
   8.6359303e-01  -7.5253631e-01
  -3.7487564e-01  -1.5224551e-01
   7.1749807e-01  -5.1081378e-01
  -2.4335660e-01  -6.4906143e-01
   5.2703982e-01  -7.4951224e-01
   1.7322180e-01  -3.7469071e-01
   8.1883802e-01  -7.0299781e-01
  -8.9057429e-01   4.2641224e-01
  -9.1061416e-01   6.3906245e-01
  -2.4756075e-01   4.4216757e-01
  -7.3412111e-01   1.3013009e-01
  -9.7773263e-01   1.3903911e+00
  -7.5083256e-01   5.2484789e-01
   7.9478724e-01  -3.6906694e-01
   6.8166434e-01  -5.0000817e-01
  -8.0025578e-01   1.8213744e-01
  -1.3852214e+00   8.5972312e-01
   9.5966609e-01  -3.5264788e-01
  -3.4946794e-02  -1.4295648e-01
   4.8391693e-01  -7.0564058e-01
   2.9637277e-01  -4.4933069e-01
   5.4265457e-01  -1.6573821e-01
   2.9249675e-01  -5.8724854e-01
   1.5929182e-01  -4.9035280e-01
   3.7698511e-01  -4.5810988e-01
   4.8378822e-01  -7.8969543e-01
   5.9423892e-01  -4.4048993e-01
  -1.6811841e-01  -3.4950786e-01
  -1.4371638e+00   9.2477276e-01
  -1.5996555e+00   1.0545866e+00
   4.8925576e-01  -5.7939932e-01
   5.9227988e-01  -2.1031679e-02
   2.3430084e-01  -1.9937447e-01
   3.3275864e-01  -7.9973073e-01
   1.8827659e-01  -1.4968043e-01
   9.2119727e-01  -7.8200050e-01
   3.3065490e-01  -8.3274359e-01
   1.6949846e+00  -6.6663700e-01
   1.5773449e-01   1.1514589e-01
  -8.8626344e-01   1.2085847e+00
  -2.1255972e+00   1.3361804e+00
   6.5786417e-01  -3.2813093e-01
  -3.7119152e-01  -1.5355339e-01
   9.5483073e-01  -8.6579549e-01
   4.2448260e-01  -7.4029261e-01
   2.8898480e-01   6.9601764e-02
   1.2322334e+00  -6.3595654e-01
  -5.9306094e-01  -1.0073518e-01
  -2.0373907e+00   2.1468428e+00
   9.4153390e-01  -6.4029784e-01
   4.3616115e-01  -7.5995206e-01
  -2.6321210e-01  -2.3526879e-01
   1.1277572e-01  -3.5090809e-01
   4.1885752e-01  -1.3409382e-01
   1.2468430e+00  -7.3146861e-01
  -8.8083183e-02  -4.5305742e-01
  -1.4624043e+00   1.4635397e+00
   9.4482435e-01  -7.0154296e-01
  -3.8295562e+00   3.3668057e+00
  -4.6659820e-02   1.6668851e-01
   1.0756175e+00  -7.5129630e-01
   1.1093632e+00  -6.2984459e-01
   5.0772218e-01  -7.8524249e-01
   7.3024787e-01  -6.8155602e-01
   5.0585144e-01  -4.3585660e-01
   3.1049154e-02  -5.5662707e-01
  -6.2115746e-01   1.4287640e+00
   9.3498551e-02   2.4831855e-01
   2.1905044e-01  -3.1418196e-01
   2.5658091e-01  -3.8649432e-01
   4.2497752e-01  -5.4177364e-01
   1.5494782e-02  -1.4655917e-01
   9.3221766e-01  -7.8257382e-01
  -1.0102252e+00   9.2238903e-01
   2.5230068e-02  -2.2798455e-01
  -9.0029399e-01   4.5489736e-01
   4.4674046e-01  -5.0399270e-01
  -3.1925700e-01   8.8039206e-01
  -9.2435114e-01   8.7692968e-01
  -2.1553920e+00   1.5834791e+00
   2.4429408e-01  -5.0307947e-01
  -2.3931353e+00   2.4336549e+00
   8.4560192e-01  -7.5165386e-01
  -2.4943516e-01   1.2438889e-01
   2.8568210e-01  -8.6424396e-01
  -7.5772670e-01   2.6506303e-01
  -2.8908431e-01   8.4395424e-01
  -1.9700790e+00   6.6920282e-01
  -3.1991201e-02  -2.8041293e-01
   5.3323838e-01  -8.3339905e-01
   2.3803175e-01   3.6214299e-02
  -1.4576265e+00   1.1435374e+00
  -5.5342315e-01   7.1738697e-01
   4.7080152e-01  -4.3051433e-01
  -8.1243608e-02  -2.3145264e-01
   1.0001027e+00  -4.0280502e-01
   1.6273634e+00  -8.3766232e-01
  -1.0601942e+00   7.6843508e-01
   2.1054150e-01  -5.4696560e-01
   1.8976343e-01  -2.4154981e-01
   1.2873722e+00  -8.4755981e-01
   8.0962549e-01   3.5050921e-01
  -7.7128702e-01   3.8983869e-01
  -5.8202149e-01   8.4968862e-01
  -5.5280390e-02  -6.1619648e-01
  -1.1033695e-01  -8.0574406e-01
   6.9272230e-01  -7.5253535e-01
  -1.9980734e-01  -5.0200020e-02
   4.7789361e-02  -4.0823637e-01
  -3.1823521e-01  -3.1681613e-01
   6.4786040e-01  -7.1532999e-01
   3.4903569e-01  -1.1854618e-01
  -2.3399467e+00   1.2756331e+00
  -8.3083573e-02   7.1014862e-01
   9.9361447e-01  -6.7712240e-01
   1.2684807e-01  -2.8617220e-01
   8.9028359e-01  -7.3598947e-01
  -2.1097339e-01  -6.1591492e-01
   4.7020930e-01  -7.2538380e-01
   1.1100102e+00  -7.6672283e-01
  -4.0110371e-01   1.4694618e+00
   1.0744919e+00  -7.9655464e-01
  -9.6750505e-01   1.9323669e+00
  -7.1448354e-01   1.1212999e+00
   4.8381688e-01  -8.0028616e-01
   1.3085077e+00  -7.6097879e-01
   1.2933191e+00  -7.1998533e-01
   4.5123797e-01  -7.4051990e-01
  -4.7305701e-01   1.7583174e-01
   1.2120956e+00  -7.7430438e-01
  -3.7234943e-02  -4.8370063e-01
  -2.9738510e+00   2.6977152e+00
   5.5241371e-01  -3.3347575e-03
   3.9913391e-01  -8.2769926e-01
  -4.5938684e-01   1.6308782e+00
   1.5331072e+00  -7.3851698e-01
  -1.5934507e-01   2.4881571e-01
  -4.3345572e-01  -2.7119970e-03
   7.3065450e-01  -3.2911394e-01
   1.0354748e+00  -7.9951081e-01
  -1.5654137e+00   1.7257750e+00
   2.3115465e-01  -5.3057857e-01
   5.6145494e-01  -7.5799526e-01
  -6.2612696e-01   1.6620064e+00
   6.4276037e-01  -7.7585077e-01
   8.8967556e-01  -7.0765496e-01
  -1.1670684e+00   7.7992695e-01
  -3.8857074e-01   2.1955868e-01
   5.3370744e-01  -7.0053490e-01
   9.0436343e-02   3.4192584e-01
   2.5758188e-01  -5.1260389e-01
   5.0326553e-01  -5.6011973e-01
   4.3865953e-01  -7.0691628e-01
   3.0038919e-01  -3.1956475e-01
   9.5303218e-01  -7.8127821e-01
   9.0294838e-01  -5.3950246e-01
   1.0721067e+00  -8.1928023e-01
  -1.4307525e-01  -2.2655907e-01
   7.5514715e-01  -7.9188704e-01
   3.7167122e-01  -2.2513384e-01
  -2.9416562e-01   6.9097546e-01
   7.6351001e-01  -4.8108761e-01
  -8.7875249e-01   4.0862000e-01
   3.6360087e-01  -2.6416215e-01
  -1.1887370e+00   2.0782511e+00
   2.8260458e-01  -7.8173711e-01
   2.3560826e-01  -7.2010940e-01
  -3.2902151e+00   3.1879280e+00
  -4.4527756e-01   1.0690890e-02
  -4.4762749e+00   8.5115179e+00
   8.5499378e-02  -3.1240407e-01
  -4.1749416e-01  -1.5081621e-03
  -1.2271076e+00   1.2493051e+00
   1.3973874e+00  -7.9248676e-01
  -8.5349309e-01   5.8317196e-01
   1.3755689e-01   5.6755870e-01
  -4.4271331e-01  -5.4633001e-02
   3.1955560e-01  -8.0533992e-01
  -1.2181151e+00   2.3658987e+00
   9.0561720e-01  -4.5452684e-01
   4.1368171e-01  -7.7004100e-01
  -2.5330241e-01  -4.0962237e-01
   1.6479891e-01  -7.9629263e-01
   3.0642167e-01  -8.7743925e-02
  -1.2920765e+00   6.5291587e-01
  -1.1751753e+00   1.0246791e+00
   9.6493585e-01  -5.5794542e-01
   7.5835723e-01   8.1611034e-02
  -1.1001986e+00   8.8204765e-02
   1.0758212e+00  -3.0166107e-01
   6.4010019e-01  -7.8068476e-01
   6.0005451e-01  -2.0109246e-01
   1.0779954e+00  -6.9139641e-01
   9.7668261e-01  -6.5888549e-01
   2.9267149e-01  -7.1307086e-01
  -1.4539679e-01   1.3631576e+00
   5.7451689e-01  -3.2498832e-02
   2.8529042e-01  -9.0901456e-02
  -3.0110048e+00   2.1799430e+00
  -7.4412335e-01   9.3262242e-01
  -1.0764901e+00   5.9043533e-01
   3.8254860e-01  -2.6816887e-01
  -1.4703179e-01  -1.1651065e-01
   1.5300073e+00   8.7161395e-02
  -1.5434889e+00   9.9241547e-01
  -7.9570200e-01   5.5151724e-01
   8.3446150e-01  -8.2534388e-01
   2.3846721e-01  -2.8629075e-01
  -1.6981607e+00   1.3101089e+00
   3.7163000e-01   1.8147786e-02
   1.0636995e+00  -8.1158804e-01
   8.0917413e-01  -8.0177854e-01
   1.0288528e-01   9.8265144e-02
  -1.3097736e+00   1.3265319e+00
  -2.6553070e-01   1.0902406e-02
   4.5126734e-01  -8.0927077e-01
   8.1872623e-01  -4.6239939e-01
   7.3003105e-01  -3.1202944e-01
  -3.1823403e-01   3.0542476e-01
   1.1463107e-01  -7.7692484e-01
   4.0196138e-01  -2.8881822e-01
   9.3222089e-01  -7.4411469e-01
   6.9447791e-01  -6.8705603e-01
   4.4255183e-01  -8.1605081e-01
   3.1378233e-01  -6.8478779e-01
  -1.2743077e+00   1.0259476e+00
   1.3287657e+00  -8.1323046e-01
   9.2031082e-01  -1.9699471e-01
   9.4199393e-01  -1.9853036e-01
   5.1605319e-01  -5.2344661e-01
   5.3577453e-01  -5.0439119e-01
   3.2744376e-01  -3.6009103e-01
  -7.9524545e-02  -4.5029991e-01
   4.7928234e-01  -5.3326217e-01
   5.7305507e-01  -2.9203870e-01
   2.8505725e-01  -4.1275316e-01
  -8.4922213e-01   1.0753069e+00
  -1.0698389e-01  -4.3354748e-01
   3.4794806e-01   1.8380912e-02
   1.5005709e+00  -8.2029863e-01
  -2.7657618e+00   2.1994336e+00
