   6.9425316e-01  -7.0044134e-01
  -3.6231887e-01   6.1801089e-01
  -6.6889928e-01   7.5276488e-01
   1.4680903e+00  -2.0383849e+00
   1.0383967e+00  -1.1841951e+00
   8.7066209e-02   1.4801344e-01
   3.6632362e-01  -3.8086016e-01
   1.8573600e+00  -2.6839867e+00
   2.9721101e-02   2.8257908e-01
  -6.2946217e-01   8.9372004e-01
  -5.1909211e-01   7.6739601e-01
   1.2186747e-01   1.0054402e-01
  -3.3355693e-01   5.8131563e-01
  -8.6188807e-02   3.3489732e-01
   6.5173495e-01  -7.1987767e-01
   5.7336241e-02   1.7371801e-02
  -8.9623473e-02   2.1734236e-01
  -2.8332131e-01   4.5270129e-01
   2.6327310e-01  -2.4439855e-01
   1.7487055e+00  -2.5901911e+00
  -2.3751300e-01   4.6938968e-01
  -4.7913117e-01   6.7532037e-01
   9.9114980e-02   1.6057281e-01
  -3.6105151e-01   6.3604813e-01
   3.2968354e-01  -3.6116588e-01
   1.5157627e+00  -1.9587853e+00
  -4.4228026e-01   7.7710688e-01
   6.8479663e-01  -7.1578712e-01
  -6.1677480e-03   2.9377928e-01
   6.0971625e-01  -7.0457795e-01
  -2.9000128e-01   4.0204182e-01
  -3.3077531e-01   6.9963704e-01
   7.1039256e-01  -8.3971488e-01
  -3.6969197e-02   2.2571572e-01
   1.2864791e-01  -2.9451400e-02
  -6.2394819e-01   1.0757268e+00
  -4.8644288e-01   7.9220857e-01
   2.7639067e+00  -4.2872999e+00
   1.6915125e-01  -1.5715913e-01
   3.9399654e-01  -2.4380624e-01
  -1.0973062e+00   1.6156264e+00
   6.4214100e-01  -7.2392895e-01
  -2.5201416e-01   4.7410921e-01
   3.6121258e-01  -2.5181814e-01
   6.2755060e-01  -5.8851418e-01
   2.6279352e-01  -2.7274558e-01
  -2.1190535e-01   4.2109376e-01
  -1.6101905e+00   1.6648798e+00
  -6.8598244e-01   1.0470043e+00
   3.6152847e-01  -3.7739767e-01
   2.1622454e-02   3.9462870e-01
  -5.1841578e-01   9.4825844e-01
  -4.6176466e-01   6.8811456e-01
   3.9585756e-01  -3.4382172e-01
  -1.8261331e-01   3.9538640e-01
   2.8491220e-01  -3.5898874e-01
   1.6638700e+00  -2.3963241e+00
  -6.5158058e-01   1.0750765e+00
   1.3474232e-01  -2.8541641e-03
  -1.9541620e-01   4.2816496e-01
   1.1778373e-01  -1.7095701e-02
   5.7940908e-01  -6.8672609e-01
  -6.5084748e-01   1.0353034e+00
   6.2326853e-01  -7.1886706e-01
  -5.6216120e-01   7.8953532e-01
   1.3766235e+00  -1.8012889e+00
   1.6750824e+00  -2.3052800e+00
  -4.8002864e-01   6.6760435e-01
   3.2377447e-01  -2.5561083e-01
  -5.3814880e-01   7.1217983e-01
   1.6250969e-01  -2.0791005e-02
  -5.4170272e-01   8.9802801e-01
   3.1717994e+00  -4.7585275e+00
  -3.5502798e-01   6.0439422e-01
   6.6702974e-01  -8.6110142e-01
  -1.0493443e+00   1.3294048e+00
   2.2815363e-01  -9.6888113e-02
   6.7352975e-01  -8.3586791e-01
  -5.2938369e-01   7.2987581e-01
   6.2446654e-01  -6.5863621e-01
   2.5177216e-01  -1.3191248e-01
  -7.7795610e-01   1.2037249e+00
   6.2636032e-01  -5.0527265e-01
   5.2529974e-02   6.1136982e-03
  -2.3264410e-01   4.6495262e-01
   3.2157556e-01  -4.2117790e-01
  -1.3433573e-01   3.9192324e-01
   2.3641563e-01  -2.1261404e-01
   3.0038428e-01  -2.1520995e-01
   3.6658535e-01  -4.5269369e-01
  -3.4713670e-01   5.2623714e-01
   4.6684075e-01  -5.9017360e-01
   1.2108455e+00  -1.5559546e+00
  -2.7514136e-01   4.8612692e-01
  -4.2815680e-01   7.4189151e-01
   2.5053487e-01  -1.1060613e-01
   3.3183257e-01  -1.2588534e-01
   3.2863382e-01  -3.0524884e-01
  -4.6460315e-01   7.7161012e-01
  -7.4934952e-01   1.0651220e+00
   4.0917370e-01  -3.8661027e-01
  -4.3507172e-01   7.4342319e-01
  -1.1672957e-01   2.8579969e-01
  -1.4243617e-01   4.2016350e-01
  -1.0119372e+00   1.2343880e+00
   8.8291613e-01  -9.4817785e-01
   6.0171967e-01  -4.6729338e-01
   1.3250812e-01  -5.2060179e-02
  -4.7184208e-01   7.9557607e-01
   2.6942343e-01  -2.1236601e-02
   1.5971147e-01  -3.6694022e-02
   6.2108810e-01  -6.1630719e-01
   4.6753886e-01  -5.0081081e-01
   6.7079396e-01  -7.5551337e-01
   6.5900940e-01  -8.4228414e-01
   6.2601268e-01  -6.4064088e-01
   1.0364497e+00  -1.3147619e+00
  -1.0636198e+00   1.3515320e+00
   2.5576040e+00  -3.9168002e+00
   5.2287267e-01  -6.2207211e-01
  -3.0775046e-01   4.4424556e-01
  -4.4847883e-01   8.0203120e-01
   2.7548079e-01  -1.8455688e-01
  -3.0520348e+00   2.3090456e+00
   8.1726948e-02   7.4169245e-02
   7.2267782e-01  -7.6644299e-01
  -3.6793934e-01   7.5514858e-01
  -1.1425323e+00   1.4385934e+00
   2.1445175e-01  -1.3127036e-01
   1.1282691e-01   3.9424449e-02
  -4.7843912e-01   7.6495269e-01
  -3.7427221e-01   5.4370351e-01
   4.8253606e-01  -4.6285283e-01
   1.5195134e-02   2.1437894e-01
   3.1503232e-01  -1.6151300e-01
   6.9845288e-01  -8.7911497e-01
  -7.6365099e-01   1.0185102e+00
  -5.2044001e-01   7.3887440e-01
  -5.3617039e-01   6.3824180e-01
   2.6830400e-01  -1.4253802e-01
  -9.2109515e-02   2.2386852e-01
   7.2698407e-01  -9.0218774e-01
  -3.2440232e+00   1.9961374e+00
  -7.3914394e-01   1.0309783e+00
   2.0831488e-01  -3.3299490e-03
  -2.8070969e-01   5.6922987e-01
  -1.2972068e-01   3.7422319e-01
  -5.1115787e-01   7.3309824e-01
   3.1314433e+00  -4.8838210e+00
   1.5364973e-01   1.0722108e-01
  -5.0217470e-01   7.0993105e-01
   1.7594496e-01  -1.9042217e-01
   9.5149502e-01  -1.0498190e+00
  -3.6169846e-01   5.3892470e-01
  -3.2359741e-01   4.4455531e-01
   2.5198065e-01  -2.6047796e-01
   5.4795659e-01  -5.0203189e-01
  -2.1098555e-01   3.4479890e-01
   7.8294600e-01  -1.0027253e+00
  -1.4671759e-01   4.3146731e-01
  -1.7335920e-01   3.3663703e-01
  -6.2798342e+00   8.0707650e-02
   6.7826503e-01  -9.0300611e-01
   7.2814217e-01  -8.6313307e-01
  -3.6046277e-01   6.5762425e-01
   2.7666046e-01  -8.4448401e-02
   4.8427868e-01  -5.6070729e-01
  -5.9144421e-01   9.1172892e-01
   5.0889327e-01  -5.0372283e-01
  -5.1827794e-01   8.6128286e-01
  -5.5706534e-01   8.0304484e-01
  -9.1496932e-02   3.4080926e-01
  -2.4992099e-01   6.1602067e-01
   1.9389399e+00  -2.7463855e+00
  -2.4505269e+00   2.2901822e+00
  -1.9988222e-01   4.9788879e-01
  -2.4363152e-01   4.3708275e-01
   7.4991590e-01  -7.9078257e-01
  -2.7505744e-01   5.3633702e-01
  -1.5739347e-01   3.5439497e-01
   2.8749236e-01  -6.2837066e-02
   2.3992029e-01  -1.2118782e-01
  -1.0438299e-01   3.3333729e-01
   2.2895706e+00  -3.4280092e+00
   1.9771605e-01  -2.3117137e-01
   1.2395803e-01   8.6773636e-02
   1.0081292e-01  -1.5190700e-02
   5.0760448e-01  -3.9357400e-01
   3.9264849e-01  -4.6739265e-01
  -5.1698173e-01   1.0043070e+00
  -1.0322455e+00   1.2016958e+00
   2.5484766e-01  -2.7652470e-01
  -6.1083848e-01   1.0138763e+00
   5.6588642e-01  -5.6803573e-01
   3.6224791e-01  -2.9786765e-01
  -1.7657332e-01   3.2620963e-01
  -7.4818147e-01   9.1392776e-01
  -1.1444195e-01   2.6545249e-01
   4.8848650e-01  -4.7059879e-01
   2.3492742e-01   2.8613137e-02
   1.1667002e+00  -1.4674772e+00
  -8.7462301e-02   5.5413755e-01
  -2.8418731e-01   6.3481378e-01
  -4.0120337e-01   8.0760437e-01
   2.6891451e+00  -4.1645985e+00
  -4.4713666e-01   5.5733492e-01
   4.3988059e-01  -3.1309530e-01
  -3.2467119e-01   5.8103584e-01
  -2.7823562e+00   2.0683295e+00
   2.3402514e-01   2.2206194e-02
   3.7563394e-01  -5.4685164e-01
  -4.4217244e-01   7.4313431e-01
   2.3330236e-01  -7.9158561e-02
   5.2945452e-01  -5.2880864e-01
   3.4366676e-01  -2.6770534e-01
  -5.9307504e-01   6.9730090e-01
  -7.8189327e-01   1.1617271e+00
  -2.7273644e+00   2.3051473e+00
   2.2672321e+00  -3.3675934e+00
   3.9424806e-01  -2.4345286e-01
   5.0394183e-01  -5.3284095e-01
  -4.4399463e-01   7.2548038e-01
   2.1632132e-01   6.2010662e-02
   2.8375376e-01  -1.4133296e-01
  -5.2396495e-01   7.7089964e-01
  -1.6013977e-01   2.5077156e-01
   1.2522428e-01   1.1568742e-01
  -1.9732162e-01   5.2915734e-01
   2.4232685e-01  -1.0696221e-01
   5.6069929e-01  -6.3211598e-01
   7.0789891e-02   1.1092366e-01
   5.5507115e-01  -6.2233587e-01
  -9.0065214e-02   1.4619439e-01
  -9.2931461e-01   1.2277345e+00
   5.3145922e-01  -6.2346621e-01
   2.0045612e-01  -8.9121285e-02
  -6.3459868e-02   3.3344860e-01
   6.3464858e-01  -8.4751520e-01
   7.6440703e-01  -1.0308087e+00
   1.7070907e+00  -2.3833616e+00
   1.5928300e-01  -4.1867077e-02
   1.2265034e-01   3.6155587e-02
  -3.0787646e-01   4.9999639e-01
   6.7785548e-01  -8.5207984e-01
  -2.7589130e-01   4.9313874e-01
   3.8259518e-01  -3.6887672e-01
   2.8372481e-01  -1.4031066e-01
  -2.4427092e-01   3.7987280e-01
  -9.2740688e-02   1.4683751e-01
  -2.3075514e-01   3.0655692e-01
   8.3765675e-01  -1.0876347e+00
   1.0028626e-01   6.8940224e-02
   4.1835588e-01  -3.8609878e-01
   5.5595033e-01  -5.4016941e-01
  -6.0731791e-01   8.2706271e-01
   6.4688431e-01  -6.8630447e-01
  -4.7225273e-01   7.9747313e-01
   4.4933896e-01  -4.8275370e-01
   2.8722922e-01  -1.7115886e-01
   4.5702805e-01  -3.8892061e-01
  -5.8814964e-01   7.5061482e-01
   5.6663400e-01  -4.7859605e-01
  -8.1048869e-02   3.6700705e-01
  -5.9103869e-01   1.0038194e+00
  -5.4269469e-01   7.6592367e-01
  -1.9903831e-01   3.4778810e-01
  -5.3195435e-01   9.2077767e-01
  -5.8436840e-01   8.6890398e-01
  -5.2374538e-01   9.1793402e-01
  -2.2993832e+00   2.1136649e+00
   2.6903005e+00  -4.0789648e+00
  -2.8322674e+00   2.1587495e+00
   4.8570335e-01  -4.7506157e-01
  -4.1330504e-01   4.9907418e-01
  -2.4358853e-02   2.3243077e-01
   2.6306242e-02   1.6909641e-01
   2.1937234e-01  -2.8855718e-01
  -3.6674354e-01   6.3220405e-01
  -1.8627035e-01   4.5485424e-01
  -7.9605191e-01   1.0792036e+00
   3.1266448e-01  -1.0955068e-01
   6.5695036e-01  -6.6688176e-01
  -5.8270877e-01   8.8931331e-01
   4.4531297e-01  -3.0828502e-01
  -6.9315879e-02   1.8868754e-01
   4.0491269e-01  -3.2087948e-01
  -2.1288030e-01   4.8426650e-01
  -4.2141024e-01   7.6456797e-01
   8.5679659e-02  -8.7524512e-02
   6.0199263e-01  -6.1801077e-01
   1.1625203e-01   7.1232017e-02
   3.5476827e-01  -2.9121129e-01
  -6.1188672e-02   2.5290330e-01
   5.7304843e-01  -6.4570053e-01
  -4.5432282e-01   6.7237342e-01
  -1.1658454e-02   2.4024503e-01
   7.5092070e-01  -9.4968196e-01
  -4.6795516e-01   5.2276589e-01
  -4.7405486e-01   8.9963183e-01
   4.5584906e-01  -4.9330358e-01
   3.0459050e-01  -1.8759432e-01
  -2.4038897e-01   5.4956170e-01
   2.3314307e-01  -5.8172829e-02
  -2.6283467e-01   6.2597715e-01
  -1.4390647e-01   2.8005785e-01
   2.4719981e-01  -1.7352662e-01
  -1.5543529e-02   1.8399393e-01
  -5.8778866e-01   9.4287740e-01
  -3.8430559e-01   6.7725717e-01
  -2.0255763e-01   4.4552411e-01
   2.2768550e-01  -1.1419351e-01
   1.7180477e+00  -2.3653090e+00
  -1.5521495e-01   2.7808365e-01
  -3.0919131e-01   4.1966352e-01
   3.5639674e-01  -5.4393340e-01
   3.1352325e+00  -4.7205922e+00
   2.2998733e-01  -1.0379861e-01
   2.2551988e-01  -1.6386390e-01
  -1.0042924e-01   6.4823461e-02
   1.7361003e+00  -2.5615854e+00
   1.4598634e-01   1.2278335e-01
   9.9180103e-02  -5.7651862e-02
  -2.3083528e-01   6.9954927e-01
  -4.4385792e-02   1.3759925e-01
   2.1359852e-01  -2.6258826e-01
  -1.7841953e-01   4.3287810e-01
  -2.7262121e-01   4.9333024e-01
   3.5704377e-01  -3.3286816e-01
  -2.6771874e-01   4.9412887e-01
   3.3671570e-01  -2.3546075e-01
  -2.8754738e-01   4.7727320e-01
   9.0475000e-01  -1.1658305e+00
  -3.4221752e-01   5.3270583e-01
  -5.8409984e-01   9.6812005e-01
  -3.2303325e-01   6.1542543e-01
  -3.0262928e+00   2.2428857e+00
  -2.1995632e-01   4.4838215e-01
   3.7044164e-03   1.7357210e-01
   5.6326016e-01  -5.6619826e-01
  -3.6659818e-01   5.5148448e-01
  -9.1069967e-02   2.9208577e-01
   2.0553647e-01  -2.1012730e-01
   4.9900885e-01  -5.7316533e-01
   1.4995082e-01  -1.0124966e-01
  -5.2403697e-01   7.2253661e-01
   4.4642580e-01  -3.1901801e-01
   6.7951632e-01  -5.3758986e-01
   6.1118815e-01  -5.3096298e-01
  -1.5324664e-01   3.9349433e-01
  -8.0414709e-01   1.1721485e+00
   2.6132358e-01  -8.4096055e-02
   3.4258381e-01  -1.3577422e-01
   1.8692946e+00  -2.7292501e+00
   5.2512126e-01  -5.3574364e-01
  -5.6081232e-01   7.5438177e-01
  -7.2751672e+00  -9.8147406e-01
  -5.0418112e-01   8.6972831e-01
  -3.9227688e-01   5.0773310e-01
   4.2624428e-01  -4.0482716e-01
  -4.2002723e-01   7.0718542e-01
   3.2982929e-01  -4.3733106e-01
   2.9100929e-01  -3.1810189e-01
   7.7479226e-01  -9.6089342e-01
   1.3197978e+00  -1.6442908e+00
   7.4465185e-01  -1.0174129e+00
  -1.5702373e-01   3.7713856e-01
  -2.5536450e-01   4.8999558e-01
   2.2225535e-01  -3.7143778e-01
   6.5799953e-01  -8.0410090e-01
  -6.0850249e-01   9.3455724e-01
   9.7199272e-02   1.4144596e-01
  -9.5565556e-04   4.1455035e-01
   3.2242266e-01  -2.5119148e-01
  -2.1736622e-01   4.6790778e-01
  -4.6279923e-01   7.1188013e-01
  -5.7530102e-01   8.7023118e-01
  -2.4425630e-02   1.3742902e-01
   3.0491281e-01  -1.9441970e-01
  -4.8385513e-01   8.2117412e-01
  -1.0556960e+00   1.5196583e+00
   1.9586907e+00  -2.7771192e+00
  -1.8035109e-01   3.5587029e-01
   3.6455956e-04   1.7414411e-01
  -3.8933687e-01   7.6131683e-01
  -1.8760218e-01   4.3495038e-01
   4.1961187e-01  -4.8269589e-01
   6.9067891e-01  -7.3388853e-01
  -5.2485406e-01   8.0614961e-01
  -3.2294241e-01   6.7773049e-01
   9.4145840e-02   1.8352343e-01
  -1.9606100e-01   4.1494723e-01
   2.6348950e+00  -3.8187537e+00
   2.0579799e-01  -1.5222986e-01
  -1.4256341e+00   1.4377116e+00
   9.0758053e-02  -8.1601885e-02
   2.5777985e-01  -2.2212047e-01
   6.2555939e-01  -7.6275240e-01
  -2.1958324e-01   4.8197497e-01
   2.0108189e-01   9.5829531e-02
   2.5823689e-01  -1.1778983e-01
  -6.8836616e-01   9.2730650e-01
  -7.5137013e-01   9.7516587e-01
   6.8017426e-01  -7.7440267e-01
  -6.3761411e-02   2.9213160e-01
  -7.0260317e-01   9.4041393e-01
   4.6965085e-01  -6.4259227e-01
   2.5935687e-01  -9.6982664e-02
   7.0294023e-01  -8.1280603e-01
  -5.9488744e-01   7.9659007e-01
  -5.8315476e-01   8.8405688e-01
  -2.4775704e-01   6.5061230e-01
  -1.3128181e+00   1.5728824e+00
  -8.3912344e-02   2.6731395e-01
   9.7081905e-01  -1.1756628e+00
  -1.9297718e-01   4.9194487e-01
  -3.3319080e-01   7.0983848e-01
   3.1890611e-01  -1.4970237e-01
   2.9415796e+00  -4.4566394e+00
   2.8753144e-01  -2.2671284e-01
   4.4139929e-01  -4.7105468e-01
  -1.9552199e-01   3.9097736e-01
   8.4323088e-01  -9.6347443e-01
  -7.2526788e+00  -9.6297377e-01
   6.8663287e-01  -8.6512000e-01
   4.2361174e-01  -3.0105562e-01
  -5.3028999e-01   8.0313015e-01
   3.0073646e-01  -3.0244294e-01
  -4.3224224e-01   6.5553164e-01
   7.1361564e-02   3.0206641e-03
   3.3594320e-01  -3.3660390e-01
   6.4870638e-01  -7.2470815e-01
   2.6329461e-01  -2.9241422e-01
  -2.2780821e-01   5.0401893e-01
  -3.1455582e-02   2.8587660e-01
   2.9571896e-04   1.3205246e-01
   5.4064241e-01  -5.6488350e-01
  -2.2247259e-01   5.1147255e-01
   7.2529076e-01  -7.5693409e-01
  -1.9444909e-01   3.2115726e-01
   6.4624223e-01  -6.9128466e-01
  -5.0769585e-01   7.3687582e-01
   6.8512110e-01  -8.1997969e-01
  -1.5174812e-01   4.5200609e-01
  -5.1168074e-01   8.0703749e-01
   1.0111644e-01  -4.9076296e-02
   6.0565692e-01  -6.7637352e-01
   3.4233322e-01  -2.8492515e-01
   8.6296215e-01  -1.0088909e+00
  -2.0714900e-01   5.2866960e-01
  -7.1989452e-02   4.8186977e-01
  -4.3791491e-02   2.8898074e-01
  -6.4640815e-01   9.1915289e-01
   5.0925319e-01  -6.2295947e-01
  -4.9732893e-01   8.6573812e-01
   6.6226893e-01  -5.6907730e-01
  -5.8113309e-01   1.0501934e+00
  -5.9133434e-01   7.6295875e-01
  -1.6925804e-01   3.9938129e-01
  -5.7075759e-01   9.5095543e-01
  -1.4748056e-01   2.6773238e-01
  -5.8082870e-01   9.9198628e-01
  -5.5726586e-01   1.0102492e+00
   1.4332429e-01  -1.1997444e-01
   5.6980603e-01  -6.0141155e-01
  -4.1728877e-01   6.8622005e-01
  -2.5207468e-01   4.6048821e-01
   4.0029486e-01  -4.9549792e-01
   3.6036819e-01  -4.1907300e-01
  -1.9366811e-01   4.4908316e-01
  -1.0492480e+00   1.2231024e+00
   6.8921758e-01  -8.1873641e-01
  -5.2911222e-01   8.2233843e-01
  -5.2055505e-01   7.9293544e-01
  -1.8075434e-01   5.1017173e-01
   4.7945269e-02   1.5597610e-01
   1.6509492e-01  -5.6169805e-02
   7.8764003e-01  -8.7042847e-01
  -5.4221127e-01   7.5804018e-01
   1.3121662e-01   2.0780640e-01
   1.2722767e+00  -1.8170144e+00
  -2.5583144e-01   4.3650588e-01
   2.7389174e+00  -4.1510739e+00
   3.4294571e+00  -5.1783437e+00
   3.3030699e-01  -2.6712084e-01
   3.1276743e+00  -4.5263715e+00
   6.1839642e-01  -6.4885970e-01
  -6.5947992e-01   9.0121753e-01
  -5.5040110e-01   8.9793708e-01
   2.2215376e-01  -1.8223386e-01
   4.9178826e-01  -7.3512142e-01
  -4.6737688e-01   7.9532459e-01
  -1.8090895e-01   4.6705583e-01
  -6.6595468e-01   1.0367959e+00
   2.4549183e+00  -3.7920836e+00
   1.5592448e-01   6.3772953e-02
   1.3509407e-01  -1.0526412e-01
  -3.2262815e-01   6.2737804e-01
  -4.1039676e-01   5.9954621e-01
   1.0900887e-01  -1.3219068e-01
   4.5270872e-01  -2.7369176e-01
   2.2066308e+00  -3.2709961e+00
   1.2243502e-02   1.0289777e-01
  -6.3096201e-01   8.7139275e-01
  -3.3308584e-01   5.7826795e-01
  -4.0067408e-01   6.6831998e-01
   7.4525093e-01  -8.2110822e-01
   2.3296728e-01  -2.3816043e-01
   2.4935411e+00  -3.6316892e+00
  -1.0584815e-01   5.8678421e-01
  -5.0777637e-01   8.4663752e-01
   1.2845873e-01   2.3458382e-02
   1.2267329e-01   7.0290534e-02
  -5.8775617e-01   9.2364355e-01
   5.5796103e-01  -6.1931762e-01
  -3.0235527e-01   5.7269884e-01
  -4.9331633e-01   7.6715832e-01
  -2.8940957e-01   6.1991435e-01
   2.0596439e-01  -2.3563123e-01
  -5.1896649e-01   8.5866044e-01
  -6.4971646e-02   3.1537417e-01
   5.5610418e-01  -4.7311183e-01
  -2.4515095e-01   6.1592520e-01
   1.3299194e-01   1.9340429e-01
   2.3874323e-01  -2.8183467e-01
  -7.6179901e-02   1.9388036e-01
  -1.2297128e-01   4.2534563e-01
   5.8856999e-01  -5.9048973e-01
  -4.5207227e-01   7.3966957e-01
   4.4350134e-01  -4.4297439e-01
  -6.6118826e-01   8.9372661e-01
   2.6917191e-01  -3.9857158e-02
   4.6275151e-01  -3.0786886e-01
   1.4694000e-01  -1.4567309e-01
  -4.8007128e-01   7.8238737e-01
  -1.3167028e-01   3.6808427e-01
  -1.6406992e-01   3.9193872e-01
  -2.3664052e-01   3.1441791e-01
   2.5194624e-01   4.3819333e-02
   5.6946883e-03   1.9517643e-01
   3.7793019e-01  -3.1278250e-01
  -5.0198255e-01   8.1711138e-01
   3.9134651e-02  -4.0546095e-02
   3.0393330e-01  -3.0860508e-01
  -4.2781405e-01   5.0212244e-01
   4.0843574e-01  -2.4376715e-01
   8.8554061e-02   4.1364391e-02
   6.4848974e-01  -7.9319533e-01
  -1.5844756e-01   3.8291694e-01
   2.1695909e-01  -7.3169703e-02
  -7.0228626e-02   3.8889285e-01
  -2.5729709e-01   5.5369929e-01
   1.9863409e-01  -4.2489302e-02
   1.7128843e-01   5.7840921e-02
   7.0544260e-01  -9.3030701e-01
  -5.9320537e-01   8.3682842e-01
   2.1337509e-02   1.1048642e-01
   1.9034592e-01  -7.2219811e-02
  -2.9204941e-01   3.3333703e-01
  -4.6842337e-01   7.0121730e-01
   1.5968166e+00  -2.2258786e+00
  -2.2971339e-01   3.3725489e-01
  -1.4832100e-01   3.8931396e-01
   3.2749612e-01  -3.4485237e-01
  -2.2222503e-01   5.4234034e-01
   1.9740134e-01  -1.7664003e-01
  -6.5325277e-01   1.0269138e+00
  -5.2554033e-01   8.4985258e-01
   1.8707697e-01  -2.1311878e-02
  -3.9499824e-01   6.2051487e-01
  -3.4179642e-01   8.1783170e-01
  -3.1266969e+00   2.1573530e+00
   3.1224361e-01  -3.1697917e-01
  -1.1495216e+00   1.3484258e+00
  -1.4842527e-01   2.8675589e-01
  -4.0476238e-01   5.0468286e-01
  -3.4692242e-01   5.4919047e-01
  -1.3717544e-02   2.2175721e-01
   3.9220892e-01  -4.6577443e-01
  -9.8254804e-01   1.1224029e+00
   5.8864765e-01  -5.1586845e-01
  -4.4213215e-01   6.1101060e-01
  -6.5815156e-01   8.3512044e-01
  -1.9306715e-01   4.4887191e-01
   2.5435363e-01  -1.8848762e-01
  -4.2941419e-01   8.2829779e-01
  -4.9574027e-01   7.5825099e-01
  -4.9795784e-01   6.5241005e-01
  -4.6747520e-01   8.2510500e-01
   2.6267414e-01  -1.3909621e-01
   1.4620508e-01  -4.7218377e-02
   3.7904703e-01  -4.1675597e-01
   1.7727253e-01  -3.6460617e-02
   2.1414418e-01   1.0377817e-02
  -3.8275441e-01   6.5431863e-01
  -3.9017692e-02   1.7528217e-01
   2.1224511e-01  -1.2023367e-01
  -3.7813562e-01   4.5788047e-01
  -4.7706650e-01   6.1764495e-01
  -6.9476389e+00  -6.1723491e-01
   2.1329410e-01  -1.5329431e-01
   4.7231572e-01  -6.2204139e-01
   3.2767551e-01  -2.1520035e-01
   2.8427594e-01  -3.2476361e-01
  -1.0915654e-03   2.5896921e-01
  -8.4861886e-01   1.2711364e+00
  -1.5588546e-02   2.0433776e-01
  -9.8043277e-02   3.3308636e-01
  -2.8662244e-01   4.1975416e-01
  -3.7239894e-01   6.2799030e-01
   5.5871688e-01  -6.2793912e-01
  -3.4117647e-01   5.1656612e-01
  -2.7664263e-01   4.0676524e-01
  -2.6510748e-01   7.3588515e-01
  -5.8630423e-01   8.2523763e-01
   6.7507475e-01  -7.9842270e-01
   4.9616284e-01  -4.8186548e-01
  -1.2180948e-01   7.0077247e-02
  -2.9623650e-01   5.8510308e-01
   2.6810403e+00  -4.0737387e+00
  -1.4195874e-01   3.0736300e-01
  -6.5127103e-01   9.1481190e-01
   7.0784877e-01  -5.8383540e-01
   3.4729489e-01  -3.9232261e-01
   2.7124358e-01  -1.9305374e-01
   2.0960905e+00  -3.1297821e+00
  -2.1807498e-01   6.2224270e-01
  -1.0253829e+00   1.3536932e+00
  -2.3984530e+00   2.0403593e+00
  -2.1114374e+00   2.0164688e+00
  -4.7911478e-01   7.6075825e-01
  -6.1390168e-01   8.6713278e-01
  -1.4379889e+00   1.5974061e+00
  -3.7671006e-01   6.3967506e-01
   1.7731239e-01   3.0637780e-02
  -2.3218313e-01   5.0758633e-01
  -3.1019641e-01   7.3097156e-01
   1.5992845e-01   3.7713031e-02
  -4.7359671e-01   1.0018806e+00
   7.4633506e-02   7.4326971e-02
   2.6805867e-01  -1.3402281e-01
  -1.2332724e+00   1.4280568e+00
   3.9115257e-01  -3.6654780e-01
   3.6175755e-01  -3.2009892e-01
   1.5911004e-01  -7.9865417e-02
   6.4560854e-01  -8.1973692e-01
  -1.5773241e-01   3.6087771e-01
   2.5689097e-01  -3.1674872e-01
   1.0655437e-01   1.0416925e-01
   2.1431151e-01  -1.8037547e-01
   3.6047090e-01  -2.2087416e-01
  -2.0051040e-01   3.5959524e-01
  -1.2562111e-02   7.4382458e-02
   1.9671490e-02   1.9866257e-01
   1.7051580e-01  -3.6229122e-02
   6.2647628e-01  -7.0505425e-01
  -5.7113144e-01   9.0194210e-01
   4.4672128e-01  -4.9627835e-01
  -3.7094292e-01   5.9408842e-01
  -1.8608010e-01   2.0533738e-01
   6.5122061e-02   7.4904176e-02
  -4.3215787e-01   6.6296342e-01
   3.8826700e-01  -4.8978489e-01
   6.5110245e-01  -5.3299372e-01
  -3.1197344e-01   4.6444270e-01
  -2.2194830e+00   2.0792148e+00
   6.7365720e-02   6.9592583e-02
  -1.3549183e+00   1.4589033e+00
  -4.9690629e-01   7.2012115e-01
   1.5043290e-01  -1.7105226e-03
  -1.2933288e-01   4.0124901e-01
  -6.0321570e-01   8.1955245e-01
   1.5943942e-01  -1.4483829e-01
  -2.6137967e-01   4.5532868e-01
   6.3741341e-01  -7.0221376e-01
   3.1852904e+00  -4.9401795e+00
   2.6251824e-01  -1.8656594e-01
  -4.6261258e-01   6.6109327e-01
   1.4385243e-01   7.0984220e-02
  -7.1104296e-01   9.4312574e-01
  -1.2784013e-01   3.4118747e-01
  -4.1791560e-01   6.3960765e-01
   6.9824234e-01  -6.3548772e-01
  -2.6750496e-01   5.1936709e-01
   3.1395757e+00  -4.8157738e+00
   2.1634010e-01  -8.7749747e-02
  -6.2607602e+00   3.5937486e-01
   6.2314591e-02   1.4181796e-01
   3.0723201e-01  -3.1281460e-01
   5.4045676e-01  -7.6039218e-01
  -5.5929499e-02   4.6913231e-01
   7.9020809e-01  -8.9814296e-01
   2.8858645e+00  -4.4703166e+00
   4.7311210e-01  -6.8207832e-01
  -5.0227506e-01   6.9834274e-01
   1.5098147e-01  -1.6737089e-02
   2.5587365e+00  -3.8496266e+00
  -6.4107963e+00   2.8827845e-02
   1.6014871e-01  -2.4925119e-02
  -8.8606206e-02   3.1551032e-01
   1.1574356e+00  -1.5144221e+00
   2.3597460e-01  -2.8193496e-01
   5.8902774e-01  -4.4995971e-01
   6.1076663e-01  -6.5580602e-01
  -2.0446062e-02   2.0513499e-01
   1.1204560e+00  -1.5415456e+00
   6.7164710e-01  -6.9201934e-01
   1.6916967e+00  -2.5714697e+00
  -4.7991219e-01   8.2035062e-01
   1.2619259e-01   6.0962971e-02
  -3.6124352e-01   6.0435824e-01
  -2.7943023e-01   5.1582691e-01
   1.6664544e-01   8.4349560e-02
  -5.1644195e-01   7.9456949e-01
  -1.7984966e-01   4.0856230e-01
   5.2076854e-01  -5.9236635e-01
  -4.5320237e-01   8.0079172e-01
   1.8279948e-01   2.3153324e-02
   2.5659698e-01  -1.0569128e-01
   5.9141755e-01  -7.6143099e-01
  -3.5999406e-01   4.6256792e-01
   5.8804907e-01  -6.2125593e-01
   5.2565263e-02   1.3132895e-01
   3.3604018e-01  -2.8808935e-01
   1.0844340e-01   2.4964610e-01
   6.3043424e-01  -6.2824825e-01
   2.0197474e-01   1.0487829e-02
   3.1696738e-01  -3.5471604e-01
  -4.5414589e-01   7.1473994e-01
  -3.9060373e-01   6.2733150e-01
   6.7297290e-01  -7.5602179e-01
   3.7220212e-02  -4.7577802e-02
  -5.7252702e-02   3.3125182e-01
   1.5474742e-01  -1.1616372e-01
   3.2324323e-01  -2.2425832e-01
  -1.1665127e+00   1.4338311e+00
  -8.6615742e-01   1.1373021e+00
   2.8960028e+00  -4.2622326e+00
  -3.2712565e-01   5.7060657e-01
  -3.7657242e-04   2.0500243e-01
   5.9149727e-01  -7.6856819e-01
   6.6802616e-01  -7.6399919e-01
   6.4195991e-01  -7.4204322e-01
  -3.0718779e-01   4.1748585e-01
   7.4632414e-02   7.8326849e-02
  -2.0401925e-01   4.0259285e-01
  -6.2016696e-01   8.5110449e-01
  -7.2028965e-02   3.2917876e-01
   2.1562374e-01  -4.8000555e-02
   1.2905925e-01   3.2925203e-02
   3.1607872e-01  -9.1824900e-02
  -8.5221727e-01   1.1660054e+00
  -1.3284362e-01   4.8986532e-01
   1.0991530e-01   6.6175239e-03
   3.6493530e-01  -3.3188937e-01
   4.8500510e-01  -2.8397875e-01
   5.3217006e-01  -5.0989583e-01
   7.1342933e-02   2.4540371e-01
   2.0791957e-01  -1.9147149e-01
  -4.0857748e-01   5.3341104e-01
  -8.1667846e-02   1.7774970e-01
   2.4357830e-01  -4.3820672e-02
   1.7640923e-01  -4.7067505e-02
  -7.7057348e-01   1.0685706e+00
  -1.1094478e-01   2.5275667e-01
   3.3471571e-02   2.3741555e-01
   2.6842463e-01  -1.3843230e-01
   7.0889605e-01  -8.3359035e-01
   3.1971421e-01  -2.5885499e-01
   2.5303594e-01  -1.5819284e-01
   2.5083863e-01  -1.3119797e-01
   7.7989343e-03   2.4835140e-01
   4.1326372e-01  -4.3962662e-01
   2.5583149e-01  -3.2770476e-01
  -1.1661663e+00   1.4267346e+00
   7.6281611e-01  -9.3695584e-01
   4.2135286e-01  -4.6247386e-01
  -1.0311391e-01   2.1028121e-01
  -1.3068712e-01   3.1173690e-01
   7.6636688e-01  -8.1251659e-01
   2.7634155e-02   2.0969327e-01
   1.2392520e+00  -1.6857248e+00
  -6.4002560e-01   9.6619084e-01
   8.1444108e-01  -9.9034633e-01
   6.4649951e-01  -8.1393695e-01
  -5.5884706e+00   8.0753862e-01
   6.7031255e-01  -8.1725450e-01
  -3.6535503e-01   6.6029139e-01
   3.5675749e-01  -3.5479808e-01
   5.7396834e-01  -6.2811158e-01
   4.4219240e-01  -5.2356791e-01
  -4.6865553e-01   6.5560430e-01
   1.5168565e-01  -7.2520548e-02
  -9.2452018e-02   2.2337465e-01
  -4.1379565e+00   1.9689775e+00
   2.0189910e-01  -2.1125592e-01
  -1.1207966e-02   1.3601933e-01
  -9.2394940e-01   1.2219385e+00
  -9.9168443e-02   2.7108745e-01
  -4.2485210e-01   5.8974695e-01
  -1.4798056e+00   1.5940759e+00
  -4.3280512e-01   4.9485087e-01
   4.0329573e-01  -5.1635827e-01
   1.4248150e-01  -1.8583794e-01
   6.9824073e-01  -7.1583556e-01
   2.1954997e-01  -4.7834132e-02
  -2.6604482e-01   6.9794085e-01
  -3.5048853e-02   1.0744766e-01
  -5.0011658e-01   7.4126169e-01
  -2.3498783e-02   2.2518295e-01
   4.8856128e-01  -4.8069524e-01
   7.7175750e-01  -9.0764606e-01
   1.0101395e-01   1.1154606e-02
   3.1773615e-01  -3.4822466e-01
   1.2178178e-01  -1.6310462e-01
  -9.7419008e-02   2.5369893e-01
   4.6959189e-01  -4.2020825e-01
  -1.8612900e-01   3.6598085e-01
   1.3409159e+00  -1.8678272e+00
   1.6836431e-01   1.1731032e-02
   1.9409244e-01  -1.0748174e-01
  -4.6331484e-02   2.5823272e-01
  -2.1031204e-01   3.0449686e-01
   2.8352314e-01  -2.6068234e-01
   7.3190235e-01  -7.7046375e-01
  -6.4435352e-01   8.2176985e-01
  -2.0740597e-01   4.5441497e-01
  -2.7211764e+00   2.1338013e+00
   2.3358514e-01  -1.9804814e-02
  -6.9196484e-01   1.0023292e+00
   3.5477253e-01  -3.6244797e-01
   9.8857853e-02   1.8566389e-01
   1.6784872e-01   9.9196206e-02
   1.6703197e-01  -2.2267537e-01
  -2.3233068e-01   5.0096578e-01
  -3.7946452e-01   6.3638982e-01
  -2.7831791e-01   5.2062917e-01
   1.4675813e-01  -8.4097073e-02
  -4.4956695e-01   7.3487137e-01
  -6.7365932e+00  -4.2298120e-01
  -8.1438742e-01   1.1021820e+00
   6.0304946e-01  -7.3614541e-01
   1.5571872e-01   1.0096007e-02
   1.0671292e-01   7.4277280e-02
  -6.5978312e-01   1.0448738e+00
   7.0715345e-01  -8.0769819e-01
  -2.8834968e-01   4.8521615e-01
  -1.1369975e-01   2.5713324e-01
  -1.1757696e-01   2.7161331e-01
  -2.3261547e-01   4.5269748e-01
   1.1407379e-01   1.1244282e-01
  -7.5871955e-02   1.8014830e-01
  -4.2232971e-01   7.3567542e-01
  -5.4752907e-01   6.3945291e-01
  -2.8120282e-01   4.2276568e-01
  -1.4642832e-01   4.2642276e-01
   4.7127858e-04   1.3322555e-01
   7.1634722e-01  -7.3675566e-01
  -1.8220472e+00   1.7557125e+00
  -7.0608136e-01   8.8969234e-01
   7.5982429e-01  -8.9422198e-01
   2.6494113e-01  -2.4558722e-01
  -3.4256105e-01   6.1554393e-01
  -1.6601821e-01   4.3833562e-01
   3.1988969e-01  -2.5640683e-01
  -3.6876903e-01   7.5540410e-01
   4.3122503e-01  -3.8538172e-01
   6.5977332e-01  -7.5676155e-01
  -4.4267176e-01   8.6365252e-01
  -1.5800460e-01   2.3645572e-01
   1.3494208e-01   8.9948207e-02
  -1.4939503e-01   3.1359320e-01
  -3.6007238e-01   5.3839711e-01
  -1.9727248e-01   7.0032207e-01
   6.9508958e-01  -6.4694470e-01
   3.8679305e-01  -2.3191048e-01
   2.4428740e-01  -2.0136346e-01
  -3.3141603e-01   5.8309360e-01
  -1.0494599e-01   3.8808144e-01
  -5.0900822e-01   7.6401527e-01
  -3.6990919e-02   2.6326936e-01
  -1.2761555e-02   1.2296051e-01
  -4.9400442e-01   7.1227083e-01
   6.1322097e-01  -5.1106050e-01
  -2.0313556e-01   1.8125907e-01
  -2.3863444e-01   5.0906908e-01
   1.6867635e-01  -1.7762142e-01
   6.9805201e-01  -8.2759942e-01
  -5.0389542e+00   1.2599792e+00
   2.9845366e+00  -4.4810004e+00
   5.1838671e-01  -4.2777946e-01
  -3.0522627e-01   6.1357892e-01
   6.6822395e-01  -6.8655892e-01
   5.9343543e-01  -7.1152289e-01
   8.8810621e-02   2.0024132e-01
  -5.4449301e-01   6.3358238e-01
  -4.6963084e-01   6.7771960e-01
   2.3248212e+00  -3.3809587e+00
  -1.0440838e+00   1.2849085e+00
  -4.2269770e-01   6.7474316e-01
   6.9606378e-02   6.8165230e-02
   4.5278475e-01  -3.7186116e-01
   5.4839563e-01  -7.1865664e-01
   5.9269235e-01  -8.4209277e-01
   7.7848955e-02   2.2765927e-01
   9.4101823e-01  -1.2423187e+00
   6.8874285e-01  -7.2565359e-01
   3.5487784e-01  -2.8993330e-01
   8.3501081e-02   1.2034785e-01
  -5.6878053e-01   8.3326324e-01
  -1.5948376e-01   4.9630724e-01
  -1.1724278e+00   1.3699457e+00
   1.4514834e-01  -6.7983638e-02
  -2.0638228e-01   3.6357096e-01
  -2.5244632e-01   6.0967233e-01
  -6.6748140e-01   8.6208364e-01
   8.4154360e-02  -9.2225573e-02
  -2.5485565e-01   4.8309481e-01
  -7.9114490e-01   1.1287100e+00
   2.5129820e-01  -1.8514658e-01
  -2.9013918e-01   5.1183572e-01
  -2.9338645e-01   5.9643271e-01
  -2.6386627e-01   4.5646371e-01
  -3.6174786e-01   6.0927417e-01
  -1.6983712e-01   4.1400386e-01
  -6.7035277e-01   1.0067338e+00
  -2.8621143e-02   1.2787086e-01
  -4.1646956e-01   8.0366069e-01
  -8.9790566e-01   1.1130575e+00
   6.3220299e-01  -6.7958499e-01
   1.8307387e-01  -1.9278535e-01
  -5.2213739e-01   9.6598675e-01
  -4.4898968e-01   7.5239866e-01
   3.0551592e-01  -3.2873785e-01
  -2.7516625e-01   5.3310706e-01
  -5.6957196e-01   7.6676603e-01
   7.2930541e-01  -7.8899033e-01
  -1.0583099e-01   1.9712225e-01
  -6.6012553e+00  -1.5578152e-01
  -4.3135909e-01   7.1784040e-01
   2.1084524e-01   4.0765101e-02
  -4.3235778e-01   7.9512040e-01
   3.4829655e-01  -3.5089211e-01
   4.4519385e-02   2.7069126e-01
   6.0085931e-01  -8.1596671e-01
  -2.4902726e-01   7.8724613e-01
  -1.4654307e-01   3.3557101e-01
  -3.2975315e-03   1.2401082e-01
  -2.1562180e-01   3.5861452e-01
   6.5303689e-01  -7.4084221e-01
   5.5856976e-02   2.1542465e-01
  -2.4670149e-01   4.1118020e-01
   9.5076379e-02   2.9018754e-02
   2.4612846e-01  -1.6330513e-01
   1.5133290e-01  -9.3953600e-02
  -4.4984406e-01   7.7532747e-01
   1.8228882e-01  -1.2166844e-01
   7.1823915e-01  -8.1614223e-01
   1.5289960e-01  -6.2876609e-02
  -9.5289165e-02   1.9918294e-01
  -7.6916726e-01   1.0658838e+00
  -2.7740859e-01   6.8634529e-01
  -2.0623872e-01   3.6621675e-01
   1.7819035e-01  -1.1208157e-01
   3.6903226e-01  -1.7049029e-01
   6.7912668e-01  -8.4647100e-01
   6.2620837e-01  -6.1175655e-01
  -7.8344335e-01   1.0008475e+00
  -3.2066843e-01   5.5341614e-01
  -2.3622636e-01   4.7720236e-01
   5.9752346e-01  -5.2331722e-01
  -5.7621728e-01   8.4894255e-01
   2.5985726e-01  -2.7851047e-01
   6.8818570e-01  -7.8359554e-01
   8.5436684e-01  -1.0117586e+00
   2.6420796e-01  -7.0202030e-02
   2.6434211e-01  -3.3137173e-01
   5.1622019e-01  -5.1123103e-01
   3.3259742e-01  -2.5244895e-01
  -3.9089929e-01   3.7755956e-01
  -3.2699241e-01   5.9648040e-01
   3.2510346e-01  -4.4209013e-01
  -1.0642940e+00   1.3334503e+00
  -1.6103822e-01   4.9953504e-01
   6.3473579e-01  -8.3737241e-01
  -3.6590374e-01   7.8227281e-01
   5.3507846e-01  -7.0162602e-01
   4.2391171e-01  -4.8838677e-01
  -4.8704994e-01   6.9526418e-01
   3.4908263e-01  -2.7089198e-01
  -2.6120969e-02   8.0523853e-02
   1.3522775e-01   4.5608811e-02
   4.4423635e-02   1.8142704e-01
   3.3193430e-01  -1.8423238e-01
  -4.7138097e-01   6.6005692e-01
   1.5282426e-01   1.5894804e-02
   6.3409816e-01  -6.9315729e-01
  -8.3949154e-01   1.0722895e+00
   2.5901941e+00  -4.0042719e+00
  -6.7820291e-01   8.3604000e-01
   2.6746637e+00  -4.0566858e+00
