   1.0553108e-01   6.8683517e-01
  -1.6858645e-01  -9.0576711e-01
  -2.8987721e-01  -6.8597110e-02
   6.5211247e-02  -1.1869336e-01
   2.2502203e-01  -1.4414612e-01
   3.7069090e-02  -1.7714225e-01
  -7.1069943e-02  -4.0177200e-01
  -7.4664455e-01  -6.1937992e-01
   2.1428817e+00   3.0097263e+00
  -3.6785927e-01  -8.6574054e-01
  -2.6076761e-01  -4.2299779e-01
  -1.5957169e-01  -4.1245117e-01
   3.3354145e+00   3.0496054e+00
   4.5192925e-04   2.9961634e-03
   2.6590111e-01   1.4409825e+00
   3.7361760e+00   3.1505889e+00
  -1.3667893e-01  -9.0170144e-01
   5.2895058e+00   3.7191076e+00
  -1.1035137e-01  -8.9415646e-01
  -1.0382997e+00  -7.2497863e-01
  -4.7853962e-01  -6.7388793e-01
  -2.3645885e+00  -2.3667912e+00
   2.9527654e+00   3.1737245e+00
  -1.7860133e-01  -8.5515303e-01
  -7.3336564e-01  -7.5653387e-01
  -1.7616732e-01  -8.8564586e-01
  -5.9113613e-01  -3.3773669e-01
  -8.5067243e-01  -6.8906289e-01
  -6.8768265e-01  -5.9326586e-01
   6.7167190e-01   2.1251830e+00
  -3.2828078e-01  -8.8326914e-01
  -3.6910854e-01  -2.7557621e-01
   4.8662601e-02  -6.6519745e-01
  -1.8016437e-02   8.4985744e-01
   4.8401981e+00   3.5071662e+00
  -3.9193365e-01  -8.5417998e-01
   1.9329939e+00   2.7317058e+00
   1.7343980e-01   4.4171405e-01
  -6.7485222e-01  -7.7111326e-01
   2.9430274e-01   1.1311331e+00
  -4.4026197e-01  -1.7266683e-01
  -7.9035440e-01  -7.2987816e-01
  -2.5589394e-02  -2.3087701e-01
   2.9169547e-01  -1.8042275e-01
  -3.2261238e-01  -7.1343813e-01
   4.7479047e-02  -2.8523698e-01
  -2.0504621e-01  -4.8707605e-01
  -1.5329788e-01  -3.7323990e-01
   5.3490197e-02  -2.8830245e-01
  -5.8851421e-01  -6.9039104e-01
  -1.0557747e+00  -6.9935992e-01
   1.9541210e-01   1.4424055e+00
  -5.7184351e-02   1.3089830e+00
  -9.0206612e-02   9.3991604e-01
   5.0370804e-01   1.0697058e+00
  -4.9581515e-01  -6.8338722e-01
  -6.9006847e-01   2.8819702e-01
   2.3163170e-01   8.0461259e-01
  -2.2871494e-01  -3.9997474e-01
  -1.3185147e-01  -5.9279671e-01
  -4.8019607e-01   1.0875772e+00
  -4.0311255e-01  -7.5360296e-01
  -7.7699983e-01  -4.4251374e-01
   9.0614914e-02  -4.0194911e-01
  -1.2301080e-01  -2.0304986e-01
   1.1058324e-01  -1.9420382e-01
  -5.1703787e-01   5.8101170e-01
   1.4611689e-01  -2.2314540e-01
  -2.1634936e-01  -2.9479719e-01
   5.5226538e-02  -5.9764311e-01
  -2.6507401e-01  -9.0011392e-01
  -4.3772715e-03   3.2533110e-01
   4.0167592e-01   8.7916040e-01
  -2.0067496e-01   5.5184500e-01
  -2.5414313e-01  -7.3266133e-01
   1.1209778e+00   2.1065549e+00
   4.8133376e-02  -2.1089518e-01
   1.0026804e-01   1.7313800e+00
   6.1061746e-02  -4.0093548e-01
  -2.5562433e-01  -6.2773455e-01
  -3.5438102e-01  -5.6889119e-01
   3.6033194e-01  -1.7223101e-01
  -1.0948236e-01   1.0721870e+00
   1.1368314e-01  -9.1677076e-02
   5.5777435e+00   4.0014107e+00
  -6.3493562e-02  -1.5727666e-01
  -1.9536651e-01   9.1711438e-01
   3.1554441e-01   3.6745759e-02
  -4.1056077e-01  -4.9232246e-01
   5.8682332e-01   1.9442814e+00
  -3.0749736e-01  -4.4376240e-01
  -2.4839320e-01  -5.4728684e-01
  -2.1356199e-01   1.3116830e-01
  -3.9686144e-01  -6.4056642e-01
  -2.4152199e-01  -5.4409171e-01
  -9.0619449e-02  -5.9346662e-01
  -1.8244473e-01  -8.2699508e-02
  -2.4645510e-02   5.3836572e-01
  -2.9182600e-02  -3.5028410e-01
  -1.9918687e-01   7.4593561e-02
  -6.6925325e-01  -5.2588768e-01
  -7.9410073e-01  -8.5179764e-01
   1.0787283e-01   5.9103640e-01
   2.2510518e-01   4.3344403e-01
  -6.3227072e-01  -6.3924822e-01
  -9.7825042e-01  -2.9819004e-01
   3.5799673e-01   1.9187698e-02
  -3.6103554e-02   5.7122837e-02
  -5.4995054e-01  -6.4434664e-01
   1.8687022e-01  -1.2336930e-01
  -3.2721697e-01  -7.5069740e-01
  -4.2543579e-01  -6.1577136e-02
  -3.4852137e-01  -4.3162876e-01
   1.2948821e-01  -2.6788708e-01
  -6.3423480e-02  -8.6497971e-01
  -5.1488790e-01  -7.1253857e-01
  -2.1234411e-02   5.3495196e-01
   2.2492310e-01   4.6077014e-01
  -3.3218524e-01  -7.9119798e-01
  -4.1289032e-01  -7.6686597e-01
  -5.5029106e-01  -9.2936036e-01
  -2.3629139e-01  -4.7192853e-01
  -7.6816294e-02   4.7509136e-01
   8.5465521e-02   4.4953903e-01
   5.3468381e-02   3.8104212e-01
   1.1251773e-01  -5.1090723e-02
  -3.0251926e-02  -1.7616899e-01
   3.3689726e-02  -2.0339497e-01
  -1.3688299e-01   1.4186107e+00
  -2.6948913e-01  -1.0779007e-01
  -5.8587469e-01  -7.9017617e-01
   9.5821964e-02  -5.6379637e-01
  -2.8506313e-01  -8.5665355e-02
  -5.8522856e-01  -1.4185543e-01
  -1.8248839e-01  -9.1385143e-01
  -3.7820146e-01  -2.1125939e-01
  -1.2761729e-01   8.6623689e-01
  -2.3405916e-02  -3.0904147e-01
   1.9885833e-01   8.2803702e-01
   4.1008903e-01   7.9341906e-01
  -4.1959126e-01  -6.5420879e-02
  -4.2460224e-01  -4.0081251e-01
  -2.5207897e-01  -5.7128364e-01
  -3.9531195e-01  -5.1102555e-01
  -2.7851361e-01   1.0347252e-01
  -5.9583098e-01  -7.6506198e-01
  -7.2815070e-01  -7.7032081e-01
  -6.8486528e-02   3.1417230e-01
  -8.3966644e-01  -5.3775310e-01
  -3.3388480e-01  -5.2045488e-01
  -1.8161487e-01  -3.0858710e-01
   5.3931728e+00   3.8152148e+00
  -4.7372482e-01  -5.2933625e-01
  -4.0720923e-01  -1.9209282e-01
  -6.5136181e-01  -7.3621187e-01
   4.0399719e-01   7.9318711e-01
  -1.2835691e-01  -6.5020291e-01
  -4.1893988e-01   6.8087108e-01
  -7.8865895e-01  -7.8279580e-01
   6.5008574e-01   1.7622268e+00
  -5.1223817e-01  -3.4192619e-01
   1.3823811e+00   2.4084498e+00
  -3.3525082e-01  -7.3529556e-01
  -5.1686993e-02   2.5632482e-01
  -4.2717567e-01  -1.0737484e+00
  -2.7538351e-02  -7.8883200e-01
  -2.4609717e-01  -5.4639594e-01
  -1.0652084e-01  -3.3991912e-01
  -2.6297171e-01  -7.2482226e-01
  -2.2625653e-01  -8.5384593e-01
   1.7608483e+00   2.6716042e+00
  -7.0368535e-01  -6.0453168e-01
  -4.5985105e-02  -3.3997821e-01
  -1.9426924e-01  -1.8202087e-01
  -2.4429514e-01  -3.0493343e-01
  -4.5740322e-01  -6.5294043e-01
  -5.7417890e-02  -4.4779084e-01
  -3.1581521e-01  -6.0690397e-01
   4.7116416e-02  -4.5671496e-01
  -6.6571055e-01  -8.6514461e-01
   3.1823792e-01   7.3878360e-01
   1.9177003e+00   2.5839235e+00
  -2.8712152e-01  -3.8930129e-01
   2.8769861e-01   2.4426128e-01
  -1.3944578e-02   3.1564111e-01
  -5.5547371e-01  -4.5641949e-02
  -1.3302958e-01  -2.6492141e-01
   3.0859073e-01  -2.2089621e-01
  -5.0080567e-01  -6.9535395e-01
   4.9673416e-02  -3.9391414e-01
  -3.0850356e-01   3.8194149e-01
  -2.9325073e-01  -9.4999595e-01
  -9.3030891e-03  -3.6009096e-01
   3.9186419e-02   6.8029301e-02
  -3.6861460e-01  -5.4580418e-01
   5.1434047e-01   9.7318658e-01
  -1.6148084e-02  -6.8015715e-01
  -5.2068390e-01  -7.7713112e-01
  -1.1250516e-01  -6.8975372e-01
  -1.9745897e-01  -7.3258536e-01
  -7.4496418e-02  -1.0513552e-01
  -1.1507523e-01  -1.0129527e-01
   1.4251653e-01  -1.5595088e-01
  -2.1207672e-01  -3.6203730e-01
   8.2408909e-02   2.2596201e-01
  -1.6123723e-01   9.0796414e-01
  -1.7324174e-01   3.9149241e-01
  -4.8275088e-01  -7.9505279e-01
  -9.7820294e-02   7.3447230e-01
   3.1183969e-01   2.9021246e-01
  -5.2137638e-01  -4.6224612e-01
   3.5506821e-01   2.7635582e-02
  -5.1221385e-01  -3.2017854e-01
  -2.8580827e-01   1.3765102e+00
  -5.4186725e-01  -6.1177263e-01
  -2.0030211e-01  -1.0099818e-01
  -1.8676892e-01  -1.3958616e-01
  -6.3464151e-01  -5.5411259e-01
  -3.0685381e-01  -8.7281727e-01
  -2.3310309e-01  -4.9562253e-01
  -1.9431898e-01  -2.3285627e-01
   8.0435476e-02   5.1792807e-01
   1.7792501e-01  -1.8618530e-01
   1.6613113e-01   5.2171322e-02
  -2.3711266e-01   2.3203885e-01
  -5.9551660e-01  -8.1040518e-01
   1.9017859e-01  -4.9128419e-01
   1.6834279e-02  -2.9666931e-01
   1.5414111e+00   2.3250798e+00
   5.8264909e+00   4.0900515e+00
  -7.9957903e-02  -8.6267062e-01
  -3.5309415e-01  -2.5834476e-01
  -2.5110940e-01  -4.1774150e-01
  -1.2889222e-01  -2.7762877e-01
  -1.5147822e-01   5.4040888e-01
  -8.1355602e-01  -6.6168146e-01
  -2.0900756e-01  -2.7392157e-01
  -1.1883091e-01   2.9891185e-01
  -8.3027472e-04  -9.2383665e-02
  -2.0362452e-01  -1.2907095e-01
  -2.1199009e-01   7.3258435e-02
  -8.5041196e-02   4.8023978e-01
  -4.1411945e-01  -1.7310041e-01
  -6.6035589e-01  -7.1389338e-01
  -6.9681396e-02  -2.1580035e-01
   1.9802865e-01   1.4255218e+00
  -2.1662361e-01  -9.4858304e-02
  -2.2022011e-01  -1.0777620e+00
   2.7250579e-01   1.0219306e-01
  -1.8177055e-01  -7.6881680e-02
  -5.3654925e-01  -7.8016550e-01
  -2.6039862e-01  -6.0947258e-01
   9.7195053e-02  -8.6973186e-02
  -3.5990791e-01  -2.0025082e-01
  -5.1232397e-01  -1.8280998e-01
  -3.3446450e-01   7.0675135e-01
  -3.2339362e-01  -5.9252831e-01
  -5.1883415e-01  -2.4761479e-01
   1.3645021e+00   2.1332926e+00
   1.6969503e-01   4.5020206e-02
  -8.9082904e-01   5.8729880e-01
  -4.9625614e-01  -1.1908903e-01
  -1.7164427e-01  -3.5370809e-01
  -2.5332985e-01  -3.2978335e-01
   8.6932708e-02  -3.2517921e-01
   4.0472758e-03   1.8788327e-01
  -3.8313769e-01  -8.2440493e-01
   4.0122277e-01   2.0470435e-01
  -1.2916315e-01  -7.1091427e-01
  -6.0623967e-01  -7.9050966e-01
   3.4045905e-01  -1.7042480e-01
   2.8727130e-02  -1.7809292e-01
  -1.7197276e-01  -8.5420749e-01
   2.8354093e-01   7.2101719e-02
   3.2025862e-01  -5.3030544e-01
  -3.7295647e-02   4.3691745e-01
  -3.0333740e-01  -8.2184826e-01
   1.8619854e-01   5.2010678e-02
   1.1206390e-01   3.3824500e-01
  -2.1696345e-01  -8.4247802e-01
   2.7639871e+00   2.8004678e+00
  -1.2142229e-01   9.7035017e-01
  -1.6962305e-01   5.0376150e-01
  -4.0663251e-01  -4.3814654e-01
  -7.9086847e-01  -8.7905889e-01
  -4.7923078e-01  -8.6005365e-01
  -2.3292551e-01  -7.3686220e-01
   2.9633391e-02  -5.3213569e-01
  -6.7728637e-01  -5.3369951e-01
  -4.3265595e-01  -7.3834988e-01
  -9.0277748e-01  -7.8844778e-01
  -5.4557213e-01  -7.1347526e-01
   2.0577820e-01  -1.4266632e-01
   5.0940234e-02  -6.2400712e-02
  -1.6479274e-01  -2.0482350e-01
   8.3675896e-02  -5.4453989e-01
   4.6364351e-02  -2.4421192e-01
   7.2375778e-02   2.4794195e-01
   5.3690477e-02  -2.0794049e-01
  -2.6593622e-01  -4.4434324e-01
   7.3639206e-01   1.8902410e+00
   8.1358069e-01   1.8262697e+00
  -7.4687313e-02  -6.6162693e-01
  -2.4084539e-01  -2.2666277e-01
  -4.1255221e-01  -7.4437550e-01
  -6.5696578e-01  -6.0557782e-01
   4.1164299e-01  -1.0025470e-01
  -5.5530356e-01  -4.0201735e-01
  -1.6473354e-01  -4.3853210e-01
  -2.1230229e-01   1.3041074e-01
  -7.9471206e-02  -4.6464089e-01
  -2.9081053e-01  -7.0408029e-01
  -4.3813592e-01  -9.0594267e-01
  -1.1396198e-01  -9.7608535e-01
  -6.1585961e-01  -8.7814578e-01
  -3.7029398e-01  -5.4215779e-01
  -6.5956897e-01   1.1535087e+00
   2.2439051e-01  -4.8621581e-01
   2.1475008e-01   3.9049500e-01
   2.8248460e-01  -3.4365622e-01
  -1.2689977e-01  -2.3049170e-01
   5.5071990e-03  -7.2239830e-02
  -1.7603650e-01  -2.2624538e-01
  -5.8354126e-02  -7.0969829e-01
   5.6715753e+00   4.1671872e+00
  -2.5919822e-01  -1.7499952e-01
  -1.1503589e-01  -9.0333019e-02
  -3.7639584e-01  -5.3277698e-01
   1.2689654e-01  -2.9052029e-01
   9.5917567e-02   1.4744693e+00
  -6.6101724e-01  -1.2265278e-01
   9.9684866e-02   2.8198736e-01
   5.6578206e-02   6.6695871e-01
  -1.8705154e-02   3.7953335e-01
   2.2503182e-01   1.3478505e+00
   2.5709035e-02  -6.3844202e-02
   6.0943466e-01   1.8129284e+00
   8.8142895e-01   2.4211810e+00
  -7.2514920e-02  -5.3486486e-01
  -2.2515236e-01  -7.7974473e-01
  -3.0693749e-01  -3.8218115e-01
  -4.9238272e-02  -7.1067257e-01
  -4.3413686e-01  -7.5104869e-01
  -4.9357857e-01  -7.5522223e-01
   2.4192768e-01  -9.3852134e-02
  -2.4638975e-01  -2.2358706e-01
   9.3853554e-01   1.9243686e+00
   4.6869597e-02  -6.6017849e-01
   3.9208853e+00   3.1846416e+00
   2.1092118e-02  -9.5916152e-02
  -2.3373020e-01   2.3540307e-02
   1.1475066e+00   2.2758950e+00
  -9.2432070e-02   1.8072655e-01
  -1.3164660e+00  -6.7567494e-01
  -1.9179975e-01  -2.7477984e-01
   4.2061681e-01   4.3623710e-01
   2.2295825e+00   2.9615545e+00
  -8.4090193e-02  -9.7177454e-01
   8.5755225e-02   5.2053404e-02
  -5.4135913e-01  -6.0176624e-01
  -2.6059754e-01  -1.8003443e-01
  -6.5950307e-02  -7.3764609e-01
  -4.2432791e-01  -6.8343106e-01
   2.4359017e-01   1.5347812e-01
  -9.2955397e-03   8.7399810e-01
  -1.4538144e-01  -8.3787305e-01
  -6.6538503e-01  -4.1786939e-01
   2.6070146e-01  -2.6458081e-01
  -1.0951789e-01  -5.8714838e-02
  -4.8908732e-01  -6.6867514e-01
  -5.2992323e-01  -7.3577471e-01
  -1.8198036e-01  -6.5718242e-01
  -7.0336784e-01  -2.2344125e-01
  -2.5916941e-01  -1.1382164e-01
  -4.3080549e-01  -8.0100857e-01
  -6.3682870e-01  -5.6664351e-01
  -7.6638805e-02  -7.1942996e-01
   2.7975056e-02  -3.3602949e-01
   1.1418428e-01  -7.5185992e-02
  -1.7494938e-01  -8.3001962e-01
  -4.9124162e-01  -2.1781593e-01
   2.1940397e-01   8.6500271e-02
  -6.0947305e-01  -1.1928051e-01
  -2.5126028e-01   1.7922509e-01
  -7.1582621e-01  -7.5008862e-01
  -4.9375046e-01  -4.7697120e-01
  -1.2028748e-01  -1.8118570e-01
  -4.1620118e-01  -6.2114672e-01
  -4.1273111e-01   2.7877402e-01
  -3.7026092e-01  -5.9619493e-01
  -2.6095126e-01  -6.4056619e-01
  -2.0895722e-01  -8.5026768e-01
  -5.6913939e-01  -7.3552878e-01
  -5.4574766e-01  -6.8040318e-01
   1.3526315e-01   1.1290376e+00
  -1.6267259e-01  -6.2623790e-01
  -7.7401219e-01  -8.4034098e-01
  -3.4266043e-01  -2.9814296e-01
   1.0566182e-01  -2.9906546e-02
   2.2216789e-02   2.7890419e-01
  -3.1201031e-01  -5.6236326e-01
   2.6533372e-01  -2.0670913e-01
   1.9508142e-01  -1.4632627e-01
  -2.4531846e-01  -7.0903540e-01
  -5.9712875e-01  -7.3321628e-01
  -2.3559944e-01  -4.1563354e-01
  -1.6044570e-01  -4.2236838e-01
  -5.3443763e-01  -1.0833056e-01
  -2.3204815e-01   7.0267079e-01
   4.2762020e-01   2.7981334e-01
  -2.9604874e-01   1.3326946e-01
  -8.3306801e-02  -6.0461412e-01
  -5.3818164e-02   4.2425198e-01
  -3.2501377e-01  -7.7870010e-01
  -4.1694774e-01  -4.5508298e-01
  -2.7511794e-01  -7.7689941e-01
  -7.2331435e-01  -5.0182465e-01
  -7.8689735e-02  -3.7402715e-01
   4.1464700e-02   6.1095360e-02
   8.3174335e-02  -5.5779519e-01
  -2.5211369e-01  -3.1304711e-01
  -4.5745502e-01  -7.7962184e-01
   8.7400654e-01   2.0171786e+00
  -3.1521832e-01  -2.1039148e-01
  -4.3169001e-02  -2.4157879e-01
  -2.7933165e-01  -7.5310018e-02
   5.4643047e+00   4.2204336e+00
   7.8245964e-02  -1.2562481e-01
  -3.3959981e-01  -8.3510147e-01
  -2.5247531e-01   7.5014884e-03
  -1.6934077e-01  -3.8711560e-01
  -2.4713226e-01   9.6334432e-01
   7.3598256e-02  -6.6840086e-01
  -5.4470235e-01  -7.3758934e-01
  -3.0002660e-01  -8.4364361e-01
  -1.6793282e-01  -8.8156127e-01
  -9.4705460e-01  -7.5562483e-01
  -5.5464642e-01  -6.7128537e-01
  -5.2401451e-01  -5.2257173e-01
   2.1324834e-01   6.1073007e-01
  -4.1584121e-01  -7.7459997e-02
   5.9136498e+00   4.0916806e+00
  -9.4789280e-02  -7.7603210e-01
  -9.4326360e-02   3.9521129e-01
  -6.3567404e-01  -8.9260588e-01
  -4.4094749e-02  -7.7324156e-01
   2.5314108e-01   5.4862707e-01
  -2.5614170e-01  -3.8268429e-01
   8.8015831e-02   7.7812285e-02
  -1.8697280e-01  -7.0446187e-01
  -6.5975665e-02  -2.1148159e-01
  -9.5952485e-01  -4.9664958e-02
  -4.4943467e-01  -7.9408630e-01
   5.1670168e-02  -9.8296773e-02
  -1.4911925e-01  -2.2250532e-01
  -7.5120425e-02  -7.6823793e-01
  -1.7915969e-01  -7.6080723e-01
  -2.5895021e-01  -1.6111823e-01
   1.8609244e-01   3.9824627e-01
  -4.5188293e-01  -6.5219149e-01
  -5.6191725e-01  -1.6067003e-01
  -1.1349528e+00  -8.7136793e-01
  -3.1499163e-01  -7.3374072e-01
  -3.5509438e-01  -6.3875077e-01
   5.2313471e-02  -3.1903045e-02
  -5.9150005e-01  -9.5417505e-01
   7.2895337e-02   1.2925272e+00
  -2.0305909e-01  -9.4206011e-01
  -7.7384350e-01  -3.8051892e-01
   1.2630456e+00   2.6451677e+00
  -1.6624656e-02  -6.1780958e-01
   2.0702267e-02  -8.4711395e-02
  -6.5828666e-02  -7.7444334e-01
  -4.1365474e-01  -4.7707667e-01
  -2.6645113e-01  -2.3476661e-01
   1.6827177e+00   2.5401963e+00
  -2.3640678e-01  -3.9061788e-01
  -1.7752724e-02  -4.8320501e-01
   1.9661779e-01   1.0588492e+00
   1.1442782e+00   2.2421128e+00
   4.6212162e-01  -1.4840891e-01
  -3.6591339e-01   7.3107477e-01
   9.4582320e-01   2.1959962e+00
  -8.4372205e-02  -2.6891699e-01
   2.1686460e-01  -4.7950662e-01
   2.2690972e-01   3.6312528e-02
  -7.4818155e-04  -2.0346104e-01
  -5.8924121e-01   1.5576904e-01
  -5.7069300e-01  -7.0598739e-01
  -7.1846212e-02  -7.1011340e-01
  -1.7507770e-01  -6.5784390e-01
  -4.4491773e-01   9.4160377e-03
   7.5986205e-02  -2.2876468e-01
  -5.4265479e-01  -8.0172859e-01
  -4.7713353e-01  -1.8332695e-01
  -1.1672521e-01  -6.4417743e-01
  -5.7627419e-02  -1.8111114e-01
   9.3591428e-01   2.2082770e+00
  -9.6719737e-02  -1.6846691e-01
  -1.2644760e-01  -5.9393461e-01
  -6.3673826e-01  -8.3842857e-01
  -1.8247567e-01  -2.1232985e-01
   2.3922370e-01  -3.1314710e-01
  -1.3061023e-01  -3.0201416e-01
  -1.8229841e-01   1.1487373e+00
  -4.8518331e-01  -4.1613877e-01
  -1.6393545e-01  -7.3390929e-01
   3.7150848e-01   1.1494980e+00
  -1.3236730e-02  -2.6605263e-01
  -7.7731324e-01  -7.8712031e-01
  -1.4395333e-01  -2.5015256e-01
   5.6865407e+00   4.0994330e+00
  -3.0784731e-01  -4.2335489e-01
  -4.6354480e-01   3.3661550e-01
   2.0453681e-01  -2.2731183e-01
  -2.7364415e-01  -4.7457581e-01
   2.6408375e-02  -1.9776493e-01
   2.8708508e-01  -2.2520457e-01
  -2.7717734e-01  -1.4827100e-01
  -6.7384454e-01  -6.9106606e-01
  -1.5885121e-01  -6.5505598e-01
  -1.9801373e-01  -5.3635158e-01
   6.0064405e-02  -2.7759955e-01
  -1.1249218e-01  -2.4133413e-01
  -1.4324592e-01  -8.7249221e-01
  -1.3938765e-01  -5.9325144e-01
  -2.3053655e-01  -2.0225408e-01
  -5.0131936e-02  -3.2939250e-01
   6.9000163e-02  -1.4981698e-01
   2.2182337e-01  -9.6754906e-03
  -2.8695374e-01   6.4445483e-01
  -2.1028825e-01  -2.6995804e-01
  -4.7114738e-01  -8.3005758e-01
   6.0149400e+00   4.1440039e+00
   3.5217952e-01   6.2395227e-01
  -1.8939343e-01  -9.4418255e-01
  -1.7363094e-01   4.4341770e-01
  -6.0118747e-01  -4.0912133e-02
  -4.2005204e-01  -6.3833314e-01
  -3.3104166e-01  -8.3060869e-01
  -7.0304505e-01  -6.3263160e-01
   8.1395073e-01   2.2724332e+00
  -1.1529770e-01  -6.3049183e-01
  -6.5645260e-01  -6.6978305e-01
  -5.0868203e-01  -8.8502343e-01
  -3.5096758e-01  -7.9001475e-01
  -2.0715343e-01   6.8196629e-01
   2.5877194e-01   1.4714823e+00
   6.6771499e-01   1.7579077e+00
   2.7528860e-01   8.8451290e-02
   9.6996266e-02   1.2519508e+00
  -3.3238072e-02  -3.2827749e-01
  -7.9913265e-01  -7.8859297e-01
  -1.9436390e-01   1.0494820e+00
  -1.7460924e-01  -6.6365654e-01
  -3.9677154e-01  -6.3654695e-01
   1.9831221e+00   2.7444055e+00
   1.2920863e-01   3.7853196e-02
  -6.3721602e-02   7.6391072e-02
   6.8547746e+00   4.5467453e+00
  -2.3789739e-01  -6.4086889e-01
  -5.8049355e-01   4.9076796e-01
  -6.9523794e-01  -5.0743725e-01
   3.0337810e-02   5.0901874e-01
  -4.7086767e-02  -6.0343107e-01
   2.3667402e-01  -5.0226053e-02
   8.6614950e-02  -1.4344733e-01
  -2.0020947e-01  -9.6636311e-02
   1.6124269e-01  -2.7849221e-01
   1.7386471e+00   2.6442257e+00
  -5.5203119e-01  -5.7598147e-01
  -2.6694049e-01  -2.9688145e-01
  -6.4787304e-01  -9.1591644e-01
   2.9995308e-01  -3.4429797e-01
  -3.2418559e-01   1.4842822e-01
   4.9186720e-02   1.4757339e+00
  -7.1391783e-01  -7.0107755e-01
  -2.0925766e-01  -7.2002593e-02
  -2.1455393e-01  -4.2774031e-01
  -1.1458495e-01  -3.3252227e-01
   6.6928471e-02  -1.5731754e-01
  -4.4040155e-01  -5.9934204e-01
   7.2462472e-03  -7.8099734e-01
  -5.2140685e-01   8.4672818e-01
  -4.3653760e-01   6.9336377e-01
  -4.9972804e-01  -7.9111457e-01
  -4.3480922e-03  -4.2274690e-01
  -1.7274864e-01  -8.8446068e-01
  -1.3983281e-01  -5.6164853e-01
  -3.7004447e-01  -5.5035591e-01
  -5.8428718e-01  -5.7373766e-01
  -3.0454441e-02  -9.5832452e-02
   1.8314915e-01   1.0668183e+00
   1.8260995e-01  -4.8463236e-02
  -4.3902981e-01  -8.5185355e-01
  -2.7385598e-02   3.9890262e-01
  -5.6574477e-01  -6.1424375e-01
  -1.6761756e-01   6.8047818e-01
  -6.8159929e-01  -6.2723290e-01
  -4.3575400e-01  -5.9126151e-01
  -2.9929379e-01   7.2594432e-01
  -3.4125553e-01   4.7607078e-01
  -7.7440884e-01  -8.9984396e-01
  -3.4168465e-01  -5.3537436e-01
  -5.9199178e-01  -1.0512797e+00
  -2.9069807e-01  -1.6951802e-01
   1.9645953e-01   1.4396818e+00
  -6.6386499e-02  -2.7703086e-01
  -2.0059333e-01  -8.2126560e-01
  -1.8049040e-01  -1.4803280e-01
  -2.3595195e-01  -5.2532527e-02
  -2.0049325e-01  -8.2387727e-01
  -5.5147982e-01  -9.0697161e-01
  -3.1478521e-01  -4.4822314e-01
  -1.7245621e-01   7.5226490e-01
  -6.5624671e-01  -3.6712373e-01
  -5.9530395e-02  -3.8716711e-01
  -7.3803371e-01  -8.5261002e-01
  -1.3912675e-01   1.0780027e+00
  -2.7430677e-01  -4.7973672e-02
   6.6803916e-02   4.9244718e-01
  -4.1053060e-01  -2.0284309e-01
  -1.7021771e-01   1.4783240e+00
  -6.3050727e-01  -6.3317462e-01
  -2.7129523e-01  -6.6987138e-01
  -5.1442913e-02  -3.5351274e-01
  -1.6415539e-01  -2.7696956e-01
   2.2167071e+00   2.6485837e+00
   9.0110660e-03  -1.1660546e-01
   1.1830332e-01  -4.2906507e-02
   1.4112077e-01  -1.2817676e-01
   2.1650435e-02   1.2359622e+00
   5.7231892e-02   7.1336229e-01
   8.1106952e+00   5.4032002e+00
  -1.8257105e-01  -2.5440843e-01
  -2.3547680e-02  -6.6267657e-01
  -3.3006509e-02   9.5316124e-01
  -3.7401572e-02  -2.9753532e-01
  -2.5958136e-01  -1.5294525e-01
   6.0178514e+00   4.2124058e+00
   2.0683315e-01  -1.1290683e-01
   1.7671009e+00   2.6772337e+00
  -2.4279811e-01  -4.8552289e-01
  -3.8555109e-01  -5.4009785e-01
   2.0286236e-01  -1.1381572e-01
  -2.2554312e-02  -8.9571362e-02
  -4.5387993e-01   1.5247569e-01
   1.5987610e-01  -1.2996740e-01
   7.1280566e-02   5.4013535e-01
   1.7757306e-01  -3.3759182e-01
  -1.3312570e-01  -5.0816222e-01
   6.3166918e-02  -3.0257084e-01
  -5.8456264e-01   6.4459354e-01
  -5.4687308e-01  -8.2903391e-01
  -3.2274876e-01  -9.1208013e-01
  -4.2083902e-01  -6.6178001e-01
   3.0873662e-02  -1.9937849e-02
  -2.3779069e-01  -1.9313946e-01
  -1.9016808e-01  -1.4405528e-01
   2.0491976e-01   1.2671132e+00
  -2.4809057e-01  -7.4932321e-01
  -5.3974055e-01  -8.1648080e-01
  -1.7907495e-01  -3.9855770e-01
  -2.2358130e-01  -2.4310251e-01
  -1.2694310e-01   6.9771120e-02
   1.5828749e+00   2.6084641e+00
  -2.1236991e-02  -2.3798325e-02
  -5.6567213e-01  -5.8879095e-01
  -1.4043208e-01  -5.3448004e-01
  -4.4834257e-01  -7.4701071e-01
  -3.2698227e-01  -8.7265215e-01
  -1.7460275e-01  -9.2775848e-01
   2.0880577e-01  -7.6041184e-01
  -8.8276960e-02   7.2368258e-02
  -7.6315266e-01  -8.8009439e-01
  -1.5584691e-01  -4.0744587e-01
   5.0570350e-02   1.0379901e+00
  -2.5275255e-01  -3.5102542e-01
   5.5816740e-01   1.4470336e+00
   7.5270444e-02   1.6630305e+00
   2.1921573e-01   1.4216108e+00
   1.5189052e-01  -8.4649417e-02
   5.2984124e-01   1.4137048e-01
   4.4387900e-01   1.5017703e+00
  -1.2977310e-01  -1.9848960e-01
   1.4682175e-01   8.6614313e-03
  -5.3730737e-01  -9.5333473e-01
  -6.2265622e-01  -7.0790457e-01
   1.4178495e-01  -1.7486957e-01
  -2.8235366e-01   6.2701831e-01
  -3.9557075e-01   1.2764923e+00
  -6.7152564e-01  -6.9609937e-01
  -4.6898638e-01  -7.4263981e-01
  -2.6311167e-01  -8.0789077e-01
   4.5503712e+00   3.8780624e+00
  -6.4005941e-02  -9.2959793e-01
   7.3389380e-01   1.7012101e+00
   2.5989139e-01  -5.1066845e-01
   7.4795066e-02  -6.4049956e-01
   7.2185517e-02   2.9654772e-03
  -1.0887617e-01   1.1330348e-01
   1.3432182e-01   2.3487364e-01
   1.3462400e-01   4.0115366e-01
  -4.3501824e-01  -9.2787048e-01
  -3.0856617e-01  -5.7785217e-01
  -2.8808948e-01  -7.3624791e-02
  -1.1823923e-01  -1.2481594e-01
   6.4075854e-02   1.3366057e+00
  -2.8450699e-02   1.8419611e-02
   8.7104323e-02   8.2532670e-01
   9.6671270e-01   2.2820295e+00
  -7.2575720e-01  -2.4019143e-01
  -5.9230716e-01  -4.2731422e-01
  -4.8384095e-01  -7.6518614e-01
   1.7626267e-01   5.4200937e-01
   1.7653487e-01   4.4844042e-02
  -1.3886919e-01  -8.1199494e-01
   2.1524831e-01  -3.2824253e-02
  -5.8874012e-01  -7.0232043e-01
  -1.7436031e-01  -6.3891229e-02
  -1.8799900e-01  -1.1604389e-01
  -1.2176583e-01   3.6641117e-02
  -3.5340902e-01  -7.3026175e-01
  -6.2466467e-01  -5.2443234e-01
  -1.6724560e-01   1.7812622e-02
   3.1575500e-01  -3.0614063e-01
   1.7129535e-02  -3.1773980e-01
  -3.3329650e-01  -3.1321365e-01
   5.0546044e-01  -2.4853257e-01
  -1.5512372e-01  -6.0849886e-01
  -2.4364349e-01  -8.0877329e-01
  -2.8595923e-01  -2.4702832e-01
  -2.6691529e-01  -4.2855598e-01
   4.7726901e-01  -1.9916342e-01
   1.3494889e-01  -2.1647794e-01
   3.8900794e-02  -4.9400149e-02
  -4.9641629e-01  -5.4461426e-01
   3.1252608e-01  -4.1820028e-01
   2.6962623e-01   6.2675684e-01
  -2.4686741e-01  -5.6957237e-01
   1.8939955e-01  -3.6611507e-01
  -3.9358538e-01  -1.5932983e-01
   4.8950811e-02  -5.1167522e-01
  -3.8865234e-01  -9.0376408e-01
   5.8321348e+00   4.1558994e+00
  -1.5778641e-01   6.1542556e-01
   3.4565759e-01  -2.2365430e-01
   1.8584417e-01   8.7031606e-03
  -2.5254700e-01   4.5813531e-03
  -8.4288272e-01  -7.1875962e-01
  -2.7526719e-01  -6.9289574e-01
  -2.7083154e-01  -1.9888618e-01
   3.6620918e-01  -2.1019070e-01
  -7.0564721e-01   9.4310904e-01
  -4.6051203e-01  -6.2518149e-01
   1.4682573e-02   5.6898965e-01
  -3.8624516e-01  -5.4578514e-01
  -5.8898886e-01  -2.9678550e-01
  -3.8225872e-01  -9.9872253e-01
   6.6768855e-01   1.9605226e+00
   2.7174572e-02  -2.4673568e-01
  -3.5321022e-01  -2.7767663e-01
  -1.9028879e-01   8.2293103e-02
  -6.3486494e-01  -9.3175382e-01
  -1.2298442e-01   2.3054248e-01
  -3.8222972e-01  -2.7177311e-01
  -9.1811199e-03   4.9846571e-01
  -2.2820193e-01  -7.4754278e-01
  -1.9925425e-01  -9.1074236e-01
   8.8035722e-02  -1.7092624e-01
   5.2672408e-03  -5.1787619e-01
  -3.3715113e-01  -7.6596561e-01
  -2.8836566e-01  -2.3181629e-01
  -4.1691267e-01  -2.6178237e-01
  -6.8166979e-02  -4.0559824e-01
  -6.4842871e-02  -3.6779818e-01
  -2.3836696e-01  -6.4479734e-01
  -1.0862107e-01  -8.5486021e-01
  -2.6250969e-02   7.3911784e-01
  -2.4608073e-01   1.4994971e-01
  -2.3160750e-01  -3.0583573e-01
  -4.9830294e-01  -9.1290452e-01
  -5.6321818e-01  -1.7710031e-01
  -1.4168127e-01   8.8073647e-01
  -7.0147871e-01  -9.7425161e-01
   1.5597957e-01   3.5326558e-02
   2.6548056e-01   8.3094310e-01
  -1.0331131e-01   3.8736645e-01
  -1.4438995e-01  -2.2955098e-01
  -3.0697669e-01  -6.8434319e-01
  -6.4398063e-01  -8.2015397e-01
   3.3350561e-01  -4.4946085e-01
  -1.8367855e-01   9.4943125e-02
  -2.5861295e-01   2.9091168e-01
   2.2380308e-01   3.8778443e-01
  -2.5397367e-01  -3.4211298e-01
  -5.6816500e-01  -7.7671364e-01
   4.6978079e+00   3.7119232e+00
   7.0105626e-02   4.0624694e-01
  -6.2107463e-01  -2.2730079e-01
  -9.4983424e-02  -1.0165412e-01
  -9.0191602e-01  -9.5690183e-01
  -2.1491249e-01  -9.1991460e-01
   1.7120454e-01   9.5752131e-01
  -5.1049734e-01  -1.5412886e-01
  -3.9749360e-01  -7.1529089e-01
   6.8155271e-02  -1.8368158e-01
  -7.5968480e-01  -8.0124736e-01
  -4.7208019e-01  -6.0607185e-01
  -3.1727161e-01  -7.3655307e-01
  -3.1598069e-01  -7.3340028e-01
  -4.8624233e-01  -4.9378860e-01
  -2.8307801e-01  -5.8323222e-01
   2.2639999e-01   1.8705018e+00
  -4.4637335e-01  -7.7559765e-01
  -6.3789420e-02  -5.1391258e-01
  -3.0690827e-01  -7.3260879e-01
  -1.1204579e-01  -4.7889923e-01
  -3.5102876e-01  -2.8675323e-01
   1.9759607e-01  -3.8754476e-02
  -1.3797892e-01  -3.0716624e-01
  -7.6104985e-02   6.1590810e-01
   1.6716687e-01   1.7033011e+00
  -1.5299386e-01  -2.9546822e-01
  -7.6405636e-01  -6.4494925e-01
   1.1820122e-01   3.6447828e-01
  -9.6219818e-01  -5.1376304e-01
  -3.3391690e-01  -1.9010135e-01
  -1.6908938e-01   5.8186711e-01
   7.7551289e-02  -3.2004222e-01
  -3.1996929e-01  -1.2261633e-01
  -5.9404639e-01  -7.0945805e-01
  -2.5190254e-02  -3.7802297e-01
   9.5995647e-02  -1.9934852e-01
  -4.6015009e-01  -6.8034695e-02
   3.8527789e-02   5.2793064e-01
   6.2335971e-02   5.7054332e-01
  -3.5609278e-01  -7.7074706e-01
  -8.1211854e-02  -5.7723741e-02
   2.4962078e-01   1.5818485e+00
   5.9318770e+00   4.3384208e+00
  -1.2662715e-01   6.2668189e-01
  -1.7336742e-01  -6.0237654e-01
  -7.6201460e-01  -6.8964026e-01
  -6.3109966e-01  -7.6219959e-01
   3.2965976e-01  -7.9114954e-02
  -3.5351503e-01  -1.0071243e+00
   2.1437075e-01   4.4348401e-01
  -2.3884477e-01  -8.0298491e-01
   5.4116038e-02   6.9297020e-01
   1.4395510e-01  -5.3340393e-02
   2.8740605e-01  -7.6746675e-01
  -5.2239214e-01  -8.3299480e-01
   3.9598900e-02  -2.2208802e-01
  -6.6099580e-02   8.0017757e-01
  -5.0296958e-01  -5.8239233e-01
   1.3663973e-01   7.5003058e-01
  -2.0126047e-01  -2.6632671e-01
   1.3075775e-01  -1.6565208e-01
  -1.1197386e-01  -3.7364402e-01
  -8.8092257e-02   9.7960233e-02
  -2.6718945e-01  -4.8609399e-01
   1.2221603e+00   2.2227318e+00
   2.7354946e-02  -2.8792022e-01
  -2.7371230e-01  -1.3489873e-01
  -1.1992327e-01  -8.0179590e-01
  -2.7238500e-01  -6.3660701e-01
  -6.1009312e-01  -9.5331345e-01
   3.5305592e+00   3.1697476e+00
  -4.9105671e-01  -6.7900730e-01
   9.3790069e-02  -1.0246302e+00
  -5.9025307e-01  -7.7032729e-01
  -2.8228555e-01  -9.1266949e-01
  -3.7076020e-01  -6.5314134e-01
  -8.4623439e-01  -8.4358470e-01
   2.8561088e-01  -5.6256280e-01
  -1.8523110e-01  -1.8920548e-01
   3.7523171e-02  -1.0637898e-01
  -4.0847946e-01  -4.7257031e-01
  -4.7350525e-01  -2.9976787e-02
  -9.6226803e-02  -5.0025263e-01
  -7.2280383e-01   3.8209149e-01
  -2.6919930e-01  -8.9756114e-02
  -6.0419728e-01  -7.4829785e-01
  -3.1804985e-01  -5.3640182e-01
  -3.5440501e-01  -8.3418444e-01
   2.2152226e-01   1.0094115e+00
  -5.2029918e-01  -6.9441364e-01
  -1.6735245e-02  -6.7819299e-01
   1.2720287e-02   6.5739824e-01
  -1.6723257e-01  -2.7395114e-01
  -4.9061119e-01  -7.2176083e-01
  -1.0519648e-01  -2.0550769e-02
  -4.2111020e-01   3.7613943e-01
  -5.2817546e-01  -6.7671313e-01
  -2.5599915e-01  -1.6814665e-01
   3.6664016e-01   1.3985870e+00
  -2.5725221e-01  -4.4245352e-01
  -3.1372512e-01  -2.3854960e-01
  -1.9069083e-01  -5.2095787e-01
  -3.2011981e-01  -1.0637750e-01
   5.2338307e-02  -3.4702206e-01
   1.4131617e+00   2.3616524e+00
   6.4443012e-02  -2.2499692e-01
   1.6327452e-02  -9.7676279e-02
  -5.6802517e-01  -7.5281632e-01
   1.1375046e-01  -6.2777156e-01
  -1.0003751e-01   1.0647552e+00
  -5.6105576e-01  -4.2889932e-01
  -1.5925341e-01  -5.0632844e-01
  -1.6638538e-01  -2.4087115e-01
  -1.3210720e-01  -1.3607760e-01
  -5.3355330e-01   3.4508269e-02
   1.1381045e+00   1.9014787e+00
  -3.4605111e-01   2.0841962e-01
  -4.9183324e-02   5.5844995e-01
  -2.6568360e-01  -2.3271329e-02
  -2.5744395e-01  -2.3910882e-01
  -1.1904139e-01  -4.6656574e-01
  -1.4233366e-01  -4.5405068e-01
  -3.3926173e-01  -3.1692584e-01
  -6.0382266e-01  -6.5439666e-01
  -7.4102406e-01  -7.0787895e-01
  -3.4499478e-03   1.4683098e+00
  -1.1026668e-01   4.8031089e-01
  -1.5316811e-01  -1.6260623e-01
  -2.8192547e-01  -3.0410337e-01
  -7.1485669e-02  -4.4165749e-01
  -3.1223712e-01  -8.0798688e-01
  -4.1057072e-01  -8.6786329e-01
  -3.0612895e-01  -1.7764330e-01
  -4.6204252e-01  -6.8642435e-01
   4.6412365e+00   3.6082344e+00
   3.1955826e-01   1.2057861e+00
  -3.3100776e-01  -5.2283708e-01
  -4.6327183e-01  -8.2346051e-01
  -1.3678129e-01  -6.2811573e-01
   1.7215754e-01  -1.5451211e-01
  -3.1624811e-01   8.5114683e-01
  -1.6192006e-01   4.5554829e-01
   1.2189946e-01   1.2365986e+00
  -2.1648136e-02  -5.0820560e-01
  -1.7746173e-01  -2.6233943e-01
   7.5143458e-02  -7.1914756e-01
  -1.1038028e-01  -5.4001921e-01
   2.3701867e-01   2.8703941e-01
   2.0008545e-01  -9.1077510e-02
  -1.6475982e-01  -7.5396664e-01
   8.0465943e+00   5.6536293e+00
   1.9261404e-01   3.4717665e-01
  -5.9917783e-02  -5.9586703e-01
  -7.0124113e-01  -8.1837546e-01
  -1.2399010e-01   6.0957910e-02
   9.6457852e-02  -1.4029042e-01
  -1.1067540e-01  -2.2312885e-01
  -3.4827334e-01  -7.9898813e-01
   6.6580702e+00   4.4779248e+00
  -7.5865213e-03  -3.8483680e-01
  -5.4160380e-01  -3.4717659e-01
  -6.5733985e-02   8.3648667e-01
   6.5477100e-03   6.1114512e-01
  -1.6569246e-01  -7.9580491e-01
  -5.9018976e-01  -8.3935303e-01
  -1.2934146e-01  -8.4826749e-01
  -6.5066167e-01  -4.8584967e-01
  -3.6429673e-01  -8.2841568e-01
   5.6691400e+00   4.0204763e+00
  -6.4726907e-01  -4.0404717e-01
   9.6375626e-02  -8.5672127e-01
   8.6646198e-01   1.5397891e+00
  -1.7328237e+00  -1.7801243e+00
  -6.2130215e-01  -7.0625498e-01
  -2.2948409e-01  -3.7341542e-01
   8.6196443e-03   4.1261767e-01
  -1.3619490e-01  -1.2115449e-01
  -9.9786531e-02   6.4180627e-01
   6.0461503e+00   3.9868411e+00
  -3.3342950e-01  -1.6719835e-01
  -4.4947448e-01  -8.1868306e-01
  -2.5775222e-02   7.4528334e-01
  -2.3511718e-01  -7.4926692e-01
  -2.7527072e-01   1.1792521e+00
  -1.4425027e-01  -2.1508172e-01
  -1.9947351e-01   1.2052253e-01
  -9.3911351e-02  -1.3875694e-01
   9.1851706e-02   1.7435444e+00
  -2.5914554e-01  -8.5672037e-01
  -8.0315892e-02  -5.2691421e-01
   4.0145838e-01   7.9915976e-01
  -4.0280133e-01  -7.1525806e-02
   4.9626338e-02   2.5843406e-01
   5.3476962e-02  -5.7205181e-01
   1.2043395e-01   1.1201993e+00
   1.6697086e+00   2.5089783e+00
  -2.8287874e-01  -2.2030447e-01
  -5.6249175e-01  -4.5702236e-02
  -5.5872285e-02  -4.0124231e-01
   1.5189146e-02  -3.1853871e-01
  -2.5040386e-01  -2.9146139e-01
  -2.2804592e-01   5.8502971e-02
