  -2.1423938e-01  -1.8438179e-01
  -2.5794522e+00  -2.6519161e+00
  -6.4162910e-01  -6.9250689e-01
  -7.6668379e-02   9.9788229e-03
  -9.0066128e-01  -6.6514348e-01
   1.4527761e+00   1.0952880e+00
   1.0459928e+00   1.0412825e+00
  -4.6676042e-01  -6.5659855e-01
  -6.1359746e-01  -7.0897893e-01
   7.3618808e-01   1.0637872e+00
   1.6558945e-01  -1.4264598e-01
  -4.6395330e-01  -4.9822703e-01
   1.0158086e+00   1.2528248e+00
  -4.0722166e-01  -5.7158244e-01
  -5.9062319e-01  -6.3568215e-01
  -1.1009429e+00  -6.6752660e-01
  -3.5928139e-01  -4.2417384e-01
  -1.9298758e-01  -6.7798238e-01
  -4.2720049e-01  -6.9656977e-01
   6.5847845e-01   1.1806794e+00
   8.9334669e-01   1.0902412e+00
   7.6201966e-01   9.2862370e-01
  -2.0383946e+00  -1.7094671e+00
  -7.4764717e-01  -6.6792390e-01
   3.2318920e-01   6.7325080e-01
   1.2522698e+00   9.8491036e-01
  -2.7571438e-01  -4.3563445e-01
  -1.8330863e+00  -1.8413156e+00
  -4.1248574e-01  -6.2964574e-01
   5.1909121e-02   5.8661812e-01
   6.9222920e-01   9.8334810e-01
   9.4779980e-01   1.1180254e+00
  -1.0972565e+00  -1.0109304e+00
  -5.5484907e-01  -8.1624469e-01
  -8.7810079e-01  -8.3405461e-01
   7.7016586e-01   1.1553750e+00
   1.2664309e+00   1.0828723e+00
   9.5798225e-01   1.0482185e+00
  -1.6968933e-01  -1.8855306e-01
   4.6858055e-01   4.9892464e-01
  -2.1095083e+00  -2.3674529e+00
   1.3915368e-01   1.8016437e-01
  -7.4404621e-01  -3.5967097e-01
  -1.9037861e+00  -2.0963052e+00
   9.7670160e-01   8.3108934e-01
  -1.8881971e-01  -2.9593740e-01
   6.7002905e-01   1.1427867e+00
   1.1432169e+00   1.0311568e+00
  -2.2650183e-01  -5.6617054e-01
   2.6443143e-01   2.8015722e-01
  -8.3717215e-01  -5.3433818e-01
   1.0514808e+00   8.8211678e-01
  -4.9238969e-01  -4.7071111e-01
  -5.5715046e-01  -5.3729846e-01
  -6.8737377e-01  -5.0052232e-01
  -4.3068942e-01  -6.1893560e-01
   1.2273366e+00   8.0399991e-01
   3.6083334e-01   2.3849350e-01
   9.3749025e-01   1.0620202e+00
   1.1411983e-01   4.4637069e-01
   1.3855684e+00   9.8761624e-01
  -1.6312316e+00  -1.8363762e+00
   1.4554079e+00   9.6935163e-01
   9.2602378e-01   1.0004125e+00
   1.2974048e+00   1.1776795e+00
  -3.1892484e-01   7.0983425e-02
   2.1120465e-01   5.5333535e-03
   1.0958925e+00   9.6041531e-01
   1.0783003e+00   1.1158021e+00
   6.5972876e-01   9.9131857e-01
  -5.5160994e-01  -5.4619100e-01
  -3.3115639e-01   3.8170771e-02
   6.8438135e-01   1.0041190e+00
  -1.0185266e+00  -8.0769031e-01
  -2.7674887e-01  -5.6956697e-01
   1.0178227e+00   9.6982586e-01
  -7.1067924e-01  -1.1377286e+00
  -2.3111782e-01  -5.0272473e-01
  -1.0741399e+00  -1.1046450e+00
  -1.8296154e+00  -1.8401366e+00
   6.5542240e-01   9.1053418e-01
   6.6461143e-01   4.9166390e-01
  -1.6302057e-01  -4.5214817e-01
  -8.7748376e-01  -1.0608133e+00
  -8.9614112e-01  -8.7571281e-01
   1.3452884e+00   1.1126044e+00
   1.2993417e+00   9.8432302e-01
  -9.1988437e-01  -6.1422042e-01
  -8.3693543e-01  -4.0949489e-01
  -1.0458427e+00  -8.5120205e-01
  -4.1126185e-01  -3.3744996e-01
  -8.9395289e-01  -8.7663237e-01
  -5.2217284e-01  -3.9701728e-01
  -1.9612643e+00  -1.7757238e+00
   1.3783927e+00   1.1063601e+00
   1.1642923e+00   1.0839957e+00
   9.0871886e-01   1.1946891e+00
  -5.0154959e-01  -5.7363179e-01
  -1.1173963e-01  -2.4588615e-01
   5.8761366e-01   7.1401053e-01
   1.2661104e+00   1.0404691e+00
  -1.8153308e-01  -4.5602668e-01
  -1.8407155e+00  -2.1747974e+00
   1.4718458e+00   1.0276410e+00
  -4.5957602e-01  -4.9258408e-01
   1.4585789e+00   1.1293461e+00
   1.4773957e+00   8.9446021e-01
  -8.0364185e-01  -9.2856905e-01
   9.6997408e-01   1.2795779e+00
  -4.9493956e-01  -3.1265662e-01
  -1.6865954e+00  -1.5689891e+00
   2.1521133e-02  -3.0496200e-01
  -2.3491698e-01  -4.7564236e-02
  -4.2959257e-01  -4.7217015e-01
   1.5380726e+00   9.3135903e-01
   9.4296345e-01   1.1876100e+00
  -5.3263335e-01  -5.7763385e-01
   6.5217328e-01   9.4198836e-01
   1.1536366e+00   1.1532887e+00
   7.9962374e-01   7.4449866e-01
   1.1811024e+00   9.8255813e-01
  -8.2763954e-01  -5.5679006e-01
  -3.0217260e-01  -3.8669974e-02
  -7.6371048e-01  -5.7316367e-01
   1.0393809e+00   1.1410356e+00
  -1.4970820e+00  -1.6911744e+00
   8.5172641e-01   1.1241971e+00
  -1.7802935e-01  -5.1797503e-01
   5.2389764e-01   6.5801498e-01
  -1.7622092e+00  -1.4133964e+00
  -1.6752376e+00  -1.8965412e+00
   2.5623894e-02   9.0404769e-02
  -1.2080095e+00  -1.1026147e+00
   8.9493537e-01   1.1026209e+00
   8.0961181e-01   9.2278805e-01
   6.8114307e-01   1.0424128e+00
   1.3563527e+00   1.1090138e+00
   1.3675203e-01   4.8605212e-01
   1.2247807e+00   1.0789749e+00
   1.0246321e+00   8.0746536e-01
  -1.9489879e+00  -1.7811979e+00
  -1.9702331e+00  -1.8547304e+00
   9.1283276e-01   1.0620848e+00
  -3.2380624e-02   2.3144850e-01
  -1.8128103e+00  -2.0126280e+00
  -7.7679014e-01  -1.0261372e+00
  -2.1372650e-01  -1.7908239e-01
   4.7506212e-01   8.8509526e-01
   2.6649459e-01   4.2513289e-01
  -1.8132526e+00  -2.0002654e+00
   7.6026539e-01   1.1197677e+00
  -3.2012035e-01  -2.2358328e-01
  -1.1683695e+00  -1.4968201e+00
   9.4685171e-01   9.8022931e-01
  -2.9087922e-01  -2.8216120e-01
  -1.5694546e+00  -1.1045489e+00
   2.7273631e-01   2.0036546e-02
   9.6720882e-01   1.0818389e+00
  -1.4231443e+00  -1.1824521e+00
   6.0636560e-01   1.1437897e-01
  -2.1014826e+00  -1.9558020e+00
  -7.4966905e-01  -4.2990359e-01
   1.4299760e+00   1.0164391e+00
   7.1338350e-01   9.3137995e-01
  -8.7093863e-01  -9.4502857e-01
  -6.4240466e-01  -5.2928254e-01
   6.6139365e-01   9.9952289e-01
   9.9235017e-01   8.5454528e-01
  -1.6655817e+00  -1.9379716e+00
  -9.6159844e-01  -1.2104601e+00
  -1.1857559e+00  -1.0484505e+00
   7.2422875e-01   8.6887900e-01
  -1.5202804e+00  -1.4399741e+00
  -1.4862050e+00  -1.3777463e+00
  -4.7649904e-01  -4.1620028e-01
  -3.9545937e-01  -6.0034871e-01
  -1.1653268e+00  -1.3361930e+00
   4.5517603e-01   6.5457810e-01
   7.2851505e-01   1.0806898e+00
   8.6500740e-01   7.9053367e-01
   2.5096373e-02   1.9656550e-01
  -2.2898255e+00  -2.0782150e+00
   7.5221024e-01   1.1136027e+00
   8.8147144e-01   7.3103925e-01
   9.8528927e-01   9.6697430e-01
  -9.1812030e-01  -6.1204490e-01
   1.0092792e+00   7.4160754e-01
   4.6768334e-01   7.6364353e-01
  -1.7201346e+00  -1.7120820e+00
  -6.9419408e-01  -2.4398326e-01
  -2.1167242e-01  -5.7872283e-01
   6.3101757e-01   1.0265467e+00
  -4.7001233e-01  -5.1991201e-01
  -1.9457854e-01   3.6105615e-03
  -1.1680509e+00  -8.0727034e-01
   1.2028504e+00   1.0388004e+00
   8.5820410e-01   1.1221277e+00
  -2.2450821e-01  -5.6608769e-02
  -4.4209173e-01  -9.9086495e-01
  -1.8711581e-01  -3.9863523e-01
  -4.7880988e-01  -2.5498751e-01
  -6.0199542e-01  -6.9309943e-01
  -9.9217385e-01  -7.7040808e-01
   3.5857770e-01   1.8899147e-01
  -5.7665974e-01  -7.9195737e-01
  -1.4860991e+00  -1.4735230e+00
   1.3309462e+00   9.1678376e-01
   2.6547766e-01   1.4471647e-02
  -1.3078739e+00  -1.8025731e+00
   4.0984244e-01  -1.4033331e-02
   1.1773944e+00   5.6210768e-01
   6.5495539e-01   1.0148720e+00
  -1.9814387e+00  -1.7764773e+00
  -8.2783966e-01  -6.3185885e-01
   1.0637872e+00   1.2285100e+00
   3.1854187e-01   7.5828214e-01
   9.4789108e-01   9.7934819e-01
   5.5349945e-01   5.7792142e-01
   9.2917211e-01   1.1214862e+00
  -1.7300827e+00  -1.7308823e+00
  -4.1050166e-01  -6.8065446e-01
   5.9675189e-01   8.2038916e-01
   1.1687357e+00   1.1308688e+00
  -2.6703832e-01  -2.5892202e-01
  -1.4799859e+00  -1.6011326e+00
  -7.0517962e-01  -8.9992142e-01
   6.0658343e-01   8.9621188e-01
  -1.3234873e+00  -1.4475684e+00
   1.2692177e+00   8.6496897e-01
   7.7951486e-01   1.1235742e+00
  -2.3011197e-01  -2.5735499e-01
  -1.3423366e+00  -1.2410137e+00
   1.1118231e+00   1.0974856e+00
  -2.4817205e-01  -2.5899244e-01
  -3.0317564e-01  -4.6391518e-01
   8.5579089e-01   5.3884565e-01
   1.2012370e+00   7.5677635e-01
   1.4670909e+00   1.1656814e+00
   7.3855522e-01   8.2597275e-01
  -1.2474342e+00  -1.2600684e+00
  -1.1819741e+00  -1.2435926e+00
  -3.0383382e-01  -3.0493780e-01
  -9.1873396e-01  -7.1506785e-01
   6.7843216e-01   1.2212386e+00
  -5.8516047e-01  -5.3137559e-01
   9.7698850e-01   7.4541928e-01
   2.9735032e-01   5.4652490e-01
  -1.5179143e+00  -1.3645541e+00
   1.2108050e+00   1.0272442e+00
   3.2123263e-01   3.4951750e-01
   1.0000946e+00   1.0031703e+00
   8.9631081e-01   8.7472206e-01
   1.1753331e+00   9.5973939e-01
   1.3154312e+00   1.0877689e+00
   6.4332852e-02   1.0700132e+00
   4.1677505e-01   1.3308589e-01
   8.3389760e-01   1.0212377e+00
  -1.8184049e+00  -2.0304373e+00
   1.2166932e+00   1.2347138e+00
   8.9314153e-01   1.0207678e+00
  -3.5382389e-01  -5.6904852e-01
  -8.3300381e-01  -6.1060139e-01
   8.1412560e-02   3.7226988e-01
  -6.1168779e-01  -2.3058028e-01
   1.5372550e+00   1.1580530e+00
   7.0627521e-01   6.3982705e-01
  -2.2344529e-03   2.6409543e-01
  -9.6854676e-01  -1.1956565e+00
  -1.8552083e+00  -1.8279280e+00
   9.1974480e-01   1.3384776e+00
   3.1845869e-01   6.7094781e-01
   8.3943499e-01   4.7050300e-01
   8.4208186e-01   5.8173235e-01
   4.9152896e-01   6.5410613e-01
   5.7687318e-01   1.0283976e+00
  -4.6366767e-01  -3.8197461e-01
   2.2021863e-01   1.3880981e-01
   7.6422833e-01   6.8578962e-01
  -1.9108810e+00  -1.6754272e+00
  -7.5702977e-01  -7.4133828e-01
   1.4097384e+00   1.0741203e+00
   1.2684565e+00   1.2662203e+00
   6.3962289e-01   9.4847738e-01
  -7.4960185e-01  -1.1999997e-01
   3.1261228e-01   1.6942257e-01
   1.2574072e+00   1.0397259e+00
   6.0499815e-01   1.1298199e+00
  -5.0390300e-01  -4.4685947e-01
  -7.1651569e-01  -5.9712303e-01
  -3.1533809e-02   2.7023264e-01
  -5.7903404e-01  -8.5528118e-01
  -5.1168726e-01  -5.1101117e-01
  -4.7760047e-01  -3.9182122e-01
  -2.0826490e+00  -1.8404961e+00
   1.3034508e+00   1.0558790e+00
  -1.4892348e+00  -1.3697163e+00
  -6.2151218e-01  -8.1778979e-01
  -6.7777707e-01  -4.3583829e-01
   1.3004010e+00   7.8943548e-01
   1.0096121e+00   9.0705411e-01
   9.6141344e-01   8.0663542e-01
  -7.6769137e-01  -8.8251044e-01
  -1.9181944e+00  -1.8756238e+00
  -1.9424262e+00  -2.0635038e+00
  -6.3211486e-01  -4.6494218e-01
   6.3308495e-01   1.0257130e+00
   5.2090350e-01   7.7940554e-01
   7.1994067e-02   3.5930613e-01
  -9.2864699e-01  -1.0293401e+00
  -8.7214366e-01  -8.7601494e-01
   8.6763605e-01   7.8042685e-01
  -4.2473411e-01  -7.2300691e-01
   9.3418104e-01   7.3720233e-01
   1.2852518e+00   1.0915626e+00
   7.6711960e-01   1.1028959e+00
   4.2208499e-01   9.4862590e-01
  -1.7681245e+00  -1.7200270e+00
  -4.7802603e-01  -4.5516993e-01
   2.1977411e-01   1.5541543e-01
  -1.7906789e-01  -3.8029060e-01
   1.0811711e+00   1.0584726e+00
   6.8722486e-01   1.0537904e+00
   7.6868435e-01   4.0760450e-01
  -1.1069194e+00  -9.8014403e-01
   1.3415066e+00   9.5815711e-01
  -5.2591390e-02  -1.8982056e-01
  -5.3774376e-01  -6.9629968e-01
  -1.5908006e+00  -1.5036970e+00
  -9.1402389e-01  -7.2762815e-01
  -1.6166557e+00  -1.6817829e+00
  -1.0642901e-01  -3.9921093e-01
  -1.0874731e+00  -9.9427390e-01
  -1.1238385e+00  -8.8308593e-01
  -7.6408078e-01  -5.3865826e-01
  -4.8625566e-01  -3.2862109e-01
   8.2703131e-01   1.0316786e+00
   9.3447183e-01   1.0321179e+00
  -6.7807076e-01  -7.7283879e-01
  -2.4781070e+00  -2.5268774e+00
   4.2080551e-01   7.4852861e-01
  -1.0222757e+00  -1.1305177e+00
   1.1465921e+00   1.1292517e+00
   7.4522235e-01   6.6157773e-01
   9.0477282e-01   6.0699177e-01
   1.0719223e+00   9.3661108e-01
  -1.8826722e+00  -2.1524063e+00
  -5.7489643e-01  -7.6458452e-01
   5.2465894e-01   8.4003391e-01
  -1.4094303e+00  -1.4558486e+00
  -4.4774599e-01  -8.1999406e-01
  -4.4092061e-01  -9.2234476e-01
  -6.6574257e-01  -8.7520301e-01
   6.9624502e-01   9.8602796e-01
   6.6327199e-01   9.3167211e-01
  -2.6240422e-01  -5.3734623e-01
  -5.1024362e-01  -6.5063092e-01
  -1.1335085e+00  -4.1252371e-01
   8.1255041e-01   5.1516319e-01
  -9.9700755e-01  -8.6461735e-01
   8.9187958e-01   8.4326259e-01
   6.8941709e-01   8.5253725e-01
   4.6993036e-01   1.7951131e-01
  -2.0816621e+00  -1.9674773e+00
  -6.9241683e-01  -4.9378203e-01
  -7.1252283e-01  -4.4401340e-01
   8.8094878e-01   3.8858264e-01
  -1.9084287e+00  -1.8246036e+00
   9.2324508e-01   1.1839784e+00
  -3.6103692e-01  -7.0845464e-01
  -8.2180945e-01  -1.1441052e+00
  -1.9745525e+00  -1.8025393e+00
   3.5534052e-01   1.1974275e-01
   2.3227826e-02  -9.8156235e-02
  -8.0773384e-01  -9.7087639e-01
  -7.5455233e-01  -5.7292438e-01
  -2.0485996e+00  -2.2384466e+00
   4.5317171e-01   2.4935525e-01
   7.5107493e-01   5.5061565e-01
  -2.1926509e+00  -2.0031565e+00
  -6.4454463e-01  -4.5947302e-01
  -1.0840626e-01   1.7112455e-01
   1.2083632e+00   9.6081247e-01
   5.3440799e-01   3.8761627e-01
   1.2960973e-01   3.4590142e-02
  -1.1281790e+00  -7.4190114e-01
   6.6952105e-01   1.0306781e+00
  -1.7356984e+00  -1.2020839e+00
   8.2428783e-01   6.4405162e-01
   9.3992464e-01   6.4396959e-01
   1.1232110e+00   1.0627464e+00
  -1.1286802e+00  -1.3170519e+00
  -2.1020047e+00  -1.9605500e+00
  -2.3288303e+00  -2.3149360e+00
   1.3065978e+00   1.0038612e+00
  -2.1741746e-01  -5.2169236e-02
   5.5703745e-01   6.3351535e-01
   3.7109977e-01  -1.9699825e-01
   7.5328562e-01   1.0578505e+00
   1.3957810e+00   9.7677190e-01
   9.8380240e-01   1.1447771e+00
   1.1598507e+00   1.0595199e+00
  -7.9243678e-01  -1.0079353e+00
   5.0426860e-01   1.0507009e+00
   1.2871064e+00   1.0703871e+00
   8.8984720e-01   1.1316861e+00
  -2.3895831e-01   8.1163306e-02
  -1.4927336e+00  -1.4891790e+00
  -7.3136014e-01  -4.9993973e-01
   9.3329605e-01   1.0024794e+00
  -1.5267063e+00  -1.7536815e+00
  -4.1328564e-01  -5.9196758e-01
  -3.4612679e-01  -1.7700318e-01
  -1.0385842e+00  -9.6837830e-01
  -1.6660645e+00  -1.7985094e+00
  -1.8437689e+00  -1.8104188e+00
  -1.8057497e+00  -1.9607166e+00
   7.0327786e-01   9.3468161e-01
   1.0752294e+00   1.0520467e+00
   1.1184214e+00   9.6042834e-01
  -3.1881943e-01  -2.5966186e-03
   9.4224122e-01   9.7293362e-01
   3.1766480e-01   2.6282096e-01
  -5.5829828e-01  -9.6617958e-01
   7.7271777e-01   2.7502482e-01
   1.2066596e+00   9.6204556e-01
   1.0683945e+00   9.7025932e-01
   1.4552569e+00   1.0325282e+00
   1.1908788e+00   1.1056633e+00
  -2.5290107e-01  -3.4454259e-01
  -6.3221739e-01  -1.0484063e+00
  -2.2829910e-02   2.5626568e-01
   9.1261142e-01   7.3341882e-01
  -1.6060298e+00  -1.5437156e+00
   6.2928899e-01   7.3319470e-01
  -5.1779547e-01  -3.8457349e-01
   1.6356008e+00   1.2154769e+00
  -3.3283057e-01  -4.2330010e-01
  -6.0175466e-01  -3.4624964e-01
  -4.9858670e-01  -4.3391827e-01
  -1.7305169e+00  -2.0159802e+00
   2.1027284e-01   3.6522717e-01
   9.9328646e-01   1.0588499e+00
  -4.0966966e-01  -4.4364512e-01
  -2.7373138e+00  -2.8308948e+00
   1.5158504e+00   1.1958195e+00
  -7.8301905e-01  -6.5417853e-01
   8.4755983e-01   5.1000407e-01
   1.2755472e+00   1.1064567e+00
   1.0100473e+00   5.1767427e-01
  -1.2172068e+00  -9.7149890e-01
   6.4283964e-01   3.2613284e-01
  -1.2712461e-01  -1.4210198e-01
   2.1298530e-01  -1.5138009e-01
  -9.6186477e-01  -8.5237059e-01
   2.3754901e-01   2.2962639e-01
   7.2890264e-01   9.0189522e-01
  -8.6422512e-01  -1.0253082e+00
  -6.7255329e-01  -6.5509151e-01
  -6.4992888e-01  -8.4141694e-01
  -1.6854072e+00  -1.6972602e+00
  -8.4028933e-01  -7.4195173e-01
  -7.9975497e-01  -6.3538318e-01
   8.4330843e-01   7.4850935e-01
   4.7566991e-01   8.8905217e-01
  -2.1651336e+00  -1.8031816e+00
   8.5401843e-01   9.6803976e-01
  -2.2283661e-01   1.3725096e-03
  -4.1480581e-01  -3.3567572e-01
  -8.3724703e-01  -5.0495434e-01
  -7.2829431e-01  -5.5896252e-01
   1.4170046e-01  -1.9243744e-01
   7.7424321e-01   5.5350728e-01
   1.1937780e-01   4.0711357e-01
   7.7361502e-01   4.4175490e-01
   1.0822881e+00   9.2355841e-01
   1.0574526e+00   1.1104992e+00
   1.1899247e+00   1.0530497e+00
   1.3698984e+00   1.1455622e+00
  -2.4253569e+00  -2.0088734e+00
   9.8383447e-01   1.0847414e+00
   7.0979600e-01   1.1794206e+00
   1.1501538e+00   1.1552803e+00
   3.6888268e-01   6.1983577e-01
   1.0567935e+00   8.6852271e-01
   1.1118529e+00   7.0912404e-01
   5.7974950e-01   1.2244067e+00
   6.8128748e-01   8.0104391e-01
   7.1301019e-01   1.0935616e+00
  -1.9185338e+00  -2.0281813e+00
  -1.7463003e-01   5.7337861e-02
   1.3627285e+00   1.1342466e+00
  -3.5457103e-01  -7.6632776e-01
   9.5637955e-01   1.1568777e+00
   1.0719925e+00   9.2990269e-01
   6.6332351e-02  -3.9863849e-01
  -5.4567447e-01  -5.9030902e-01
  -4.2850168e-01  -3.0687900e-01
   1.6527161e-01   2.4877892e-02
   7.1774639e-02  -5.9683512e-02
  -2.1066506e+00  -1.9584801e+00
   1.3817250e+00   1.2076739e+00
   1.4240917e+00   1.0582368e+00
   1.4209099e+00   1.0214073e+00
  -1.5743535e+00  -1.6532807e+00
   6.1657390e-01   8.0127276e-01
  -8.7819118e-01  -5.4005779e-01
   1.4814000e+00   1.1316790e+00
   1.5613309e+00   1.1226383e+00
   4.0670592e-01   1.9864584e-01
  -2.3356877e-01  -8.9785776e-03
  -4.1435179e-01  -7.2552700e-01
   5.4665807e-01   1.0372723e+00
   1.1421712e-01  -2.8844366e-01
   3.3974348e-01   3.3993892e-01
   8.1001046e-01   1.1019814e+00
   8.2147414e-01   2.7298334e-01
  -8.7945685e-01  -7.0243175e-01
   1.6135815e-01   4.1033304e-01
   1.0945052e+00   9.5738927e-01
  -1.7251925e-01  -3.1916425e-01
   7.1296391e-01   1.0646964e+00
  -1.5667184e+00  -1.5962817e+00
  -7.0163212e-01  -3.6986380e-01
   8.1471613e-01   6.2729928e-01
   4.7016381e-01   8.1402702e-01
   9.3021866e-01   1.0267905e+00
   9.4360420e-01   9.2220414e-01
  -5.4441424e-01  -1.5838879e-01
  -1.8897802e+00  -1.7650691e+00
  -9.7204909e-01  -1.4252269e+00
   1.5391477e+00   1.0334934e+00
   9.8189868e-01   1.0313759e+00
  -5.3796475e-01  -8.8726731e-01
   2.8200405e-01   5.9362237e-01
   7.5188612e-01   1.0609712e+00
  -1.7448055e+00  -1.5713091e+00
  -9.6017208e-01  -1.1678462e+00
   1.2813668e+00   1.0399718e+00
   7.0262047e-01   1.0509453e+00
   1.1061211e+00   9.6027937e-01
   1.3288350e+00   1.0134817e+00
  -1.0963896e+00  -1.3185560e+00
   3.5187909e-02  -4.1433308e-02
  -6.8306848e-01  -5.3186309e-01
  -2.8713348e-01  -5.6358186e-01
   1.5045519e+00   1.0084105e+00
  -1.2914549e+00  -1.0710066e+00
  -2.4708917e+00  -2.6016787e+00
   5.4457525e-01   2.9712187e-01
  -1.1334180e+00  -9.8562948e-01
   1.0019701e+00   1.1404351e+00
  -6.2101215e-01  -6.2555982e-01
  -3.9481641e-01  -5.8529060e-01
  -8.0559423e-01  -9.8445753e-01
   1.1216459e+00   7.9660204e-01
   8.7171735e-01   9.7220571e-01
  -1.7970810e+00  -1.4751019e+00
   8.7146677e-01   8.9865644e-01
   1.0603347e+00   8.1754889e-01
  -3.1088573e-01  -6.1537604e-01
   8.0094198e-01   8.1494918e-01
   9.7346955e-01   8.4520357e-01
  -3.1184710e-01  -3.3865485e-01
   3.7735140e-01   1.2409866e-01
  -6.2946240e-01  -5.6957487e-01
   7.5112183e-01   1.0302818e+00
  -3.9217853e-01  -1.1184483e-01
  -3.9936519e-01  -3.8103342e-01
  -1.7065463e+00  -1.5519059e+00
  -2.5646760e-02  -2.6263218e-01
   1.0675029e+00   1.0347962e+00
   3.5049935e-01   3.5152365e-01
   7.0217392e-01   1.0099460e+00
  -4.8306523e-01  -4.7772862e-01
   1.1493042e+00   1.1172974e+00
  -3.9291697e-01  -6.7020402e-01
   5.9112093e-01   9.6034508e-01
  -4.9062063e-01  -4.2408838e-01
   9.1380455e-01   8.9171597e-01
   9.7657846e-01   8.1214350e-01
   1.2943512e+00   9.9267692e-01
  -1.2529504e+00  -1.6087968e+00
   4.0325302e-02  -1.9425432e-01
   6.7469138e-01   1.0126325e+00
   1.0743131e+00   9.1823823e-01
   1.0765213e+00   9.9681808e-01
   7.2441103e-01   1.0888174e+00
  -4.8383776e-01  -6.2805084e-01
   2.6549986e-01   6.3839900e-01
  -1.6638319e+00  -1.8688247e+00
   1.0957476e+00   7.3513079e-01
  -2.0020617e+00  -1.8691681e+00
  -5.8065766e-01  -3.3432800e-01
  -1.3177715e+00  -1.3882675e+00
  -5.3686500e-01  -5.4240416e-01
  -1.0108967e+00  -9.0483040e-01
   3.9676581e-01   2.3831320e-01
   7.1790254e-01   1.0085936e+00
   9.6716339e-01   1.1608741e+00
  -2.5663842e-01  -2.9961644e-01
   6.6718232e-01   1.0616049e+00
   1.0243970e+00   1.0607512e+00
  -3.3390377e-01  -6.1409535e-01
  -6.3714469e-02  -2.2459946e-01
  -6.8649486e-01  -8.1549180e-01
   6.3893549e-02   5.3853697e-01
   3.6975858e-01   4.1488704e-01
  -9.7840588e-01  -1.4684609e+00
   1.3447681e+00   1.0346537e+00
   4.4956350e-02   5.9643039e-01
   1.1315681e+00   9.9097602e-01
  -6.2706234e-01  -6.2987695e-01
  -1.3379813e-01  -2.8595739e-01
   1.0817717e+00   1.1008453e+00
  -2.0903324e+00  -2.0388560e+00
  -2.7165585e-03   1.1377558e-01
   1.0091793e+00   1.0219604e+00
   6.6732560e-01   1.0971610e+00
  -5.1138851e-01  -6.5847851e-01
  -7.7942887e-01  -6.6815369e-01
   3.3107296e-01   4.4370975e-01
  -3.9656734e-01  -3.7315906e-01
  -1.8795375e+00  -2.0821444e+00
  -1.5386898e+00  -1.4407551e+00
  -1.8549623e+00  -2.0364785e+00
  -3.9180071e-01  -5.6953134e-01
  -1.9786068e+00  -2.0224801e+00
   5.3359070e-01   2.0001978e-01
   1.1413298e+00   1.0816992e+00
   2.5183390e-01  -2.3141812e-01
  -5.8089874e-01  -5.2689836e-01
   4.7567040e-01   3.1240272e-01
  -3.2127408e-01  -7.8596937e-01
  -4.9078628e-01  -3.9395195e-01
   8.5713801e-01   8.4218250e-01
   5.7405505e-01   4.1044444e-01
   1.4083781e+00   1.1791637e+00
   1.0895487e+00   8.3802344e-01
  -6.3289950e-01  -6.2659216e-01
  -2.0821423e+00  -1.9718340e+00
   4.5366736e-01   5.9868121e-01
   3.3128008e-02  -3.0653598e-01
   4.6521543e-01   9.4941519e-01
   3.5911867e-01   5.1924159e-01
   1.6203893e-01  -6.3677202e-02
  -2.1608104e+00  -2.1095375e+00
  -3.3554986e-01  -2.5970549e-01
   7.8954905e-01   9.5427078e-01
  -1.9527635e+00  -2.1033009e+00
   8.2145803e-01   7.1028371e-01
   8.9483551e-01   7.9641591e-01
   1.1499385e+00   1.1416509e+00
  -8.2680223e-01  -6.0496443e-01
   2.5482479e-01   5.7360588e-01
  -5.6233409e-01  -4.8573823e-01
   8.3392767e-01   7.2889714e-01
  -1.3444123e+00  -1.1908476e+00
   6.5729129e-01   1.0644369e+00
   1.1556062e+00   1.0588571e+00
   1.0000804e+00   1.0250921e+00
   1.0597650e+00   1.0463523e+00
  -4.5581605e-01  -4.6060921e-01
   1.4832654e+00   1.0221738e+00
   4.3009618e-01   5.8264795e-01
   8.1227728e-01   8.9660400e-01
   9.6951829e-01   9.4970329e-01
   5.4149724e-01   6.7661390e-01
   1.0786966e+00   1.1613755e+00
  -4.4872918e-01  -7.8655373e-01
  -7.8057219e-01  -6.6386919e-01
   7.6016780e-01   1.0856013e+00
   1.0440482e+00   1.0258513e+00
  -1.2076040e+00  -1.2678040e+00
   6.5830266e-01   8.7531076e-01
   2.7701392e-01   3.2627537e-01
   2.6874579e-02  -3.5376739e-01
   2.2691951e-01   1.2551809e-01
   1.4723404e+00   1.0303532e+00
   1.0947064e+00   1.1548954e+00
  -2.7989073e-01  -3.9613194e-01
   1.7147716e-01   7.0652257e-02
   1.2742223e+00   1.0534609e+00
  -2.0562828e+00  -2.1024215e+00
   7.3547239e-01   7.4819390e-01
   8.0130504e-01   9.3911116e-01
  -1.2349920e+00  -1.3565780e+00
   1.2886874e+00   9.2396250e-01
  -5.9276914e-01  -8.6432017e-01
   6.2425946e-01   9.2968525e-01
   1.0049959e+00   9.0482037e-01
   7.6407479e-01   1.1354062e+00
   1.4628545e+00   1.1858628e+00
   1.1893206e+00   1.0204810e+00
  -5.8257342e-01  -5.7795099e-01
   7.5361976e-01   8.5120428e-01
   1.1355445e+00   1.0715134e+00
  -1.0124592e+00  -6.2595249e-01
   4.4022496e-01   7.3164053e-01
  -2.5606651e-01  -3.2242482e-01
   1.1793790e-01   3.0666863e-01
   8.5750043e-01   8.1430021e-01
  -8.3373408e-01  -9.7648448e-01
   1.3493089e+00   9.7618395e-01
  -9.1041231e-01  -7.1103360e-01
   9.1715551e-01   7.3310562e-01
   1.3340440e+00   1.1147560e+00
  -3.1732868e-01  -3.6085589e-01
   7.6268065e-01   9.4812981e-01
  -1.0421038e+00  -8.7947471e-01
   8.3777396e-01   1.1288790e+00
   1.3170699e+00   1.0967826e+00
  -1.9021098e+00  -1.9135054e+00
  -2.8284478e-01  -7.5064855e-02
  -1.4530324e+00  -1.2440309e+00
   2.6065967e-02   2.6030007e-01
   8.2359142e-01   9.9706006e-01
   6.2065155e-01   8.4970645e-01
   9.5599494e-01   8.8980811e-01
   1.1389626e+00   7.5513411e-01
   6.2143132e-01   9.6797667e-01
  -8.3351562e-01  -6.9211115e-01
  -7.1492304e-01  -1.0342686e+00
  -1.0620680e+00  -1.0238232e+00
   1.0857201e+00   8.8581202e-01
  -6.1624277e-01  -5.8870951e-01
   6.3728713e-01   1.0476502e+00
   1.1256861e+00   1.1706073e+00
  -4.8564877e-01  -6.1879860e-01
  -4.7419801e-01  -2.2940649e-01
  -1.7415496e+00  -1.8826049e+00
   6.4893166e-01   8.1106008e-01
  -1.9936092e+00  -2.1323180e+00
  -5.1703474e-01  -2.7904987e-01
  -8.2707333e-01  -8.5240104e-01
  -1.0657594e+00  -7.6609484e-01
   6.6574179e-01   8.8478887e-01
   1.9950466e-01  -1.7907784e-01
  -2.0910387e-01  -2.4043392e-02
   4.6346089e-01   6.8374459e-01
   4.0548752e-01   6.0450507e-01
   1.3622419e+00   9.0572232e-01
   5.3892237e-01   6.7735363e-01
  -1.1078151e+00  -1.5246771e+00
  -1.8436834e+00  -2.1350885e+00
   1.0075811e+00   1.1513410e+00
  -1.9570207e+00  -1.8714362e+00
   6.4458698e-01   8.2904185e-01
  -6.7851576e-01  -5.7401305e-01
   7.9328520e-01   1.1926532e+00
  -3.6941987e-01  -6.1967599e-01
  -3.1415915e-01  -4.6489885e-01
  -5.0604580e-01  -3.5517293e-01
   1.2255058e+00   1.0426949e+00
  -2.0939092e+00  -2.0398596e+00
   1.0622668e+00   1.0971354e+00
   4.5364492e-01   1.0347241e+00
  -2.1867803e+00  -1.8818661e+00
   1.3630756e+00   1.0128606e+00
  -1.2363715e+00  -1.0382215e+00
   8.4215284e-01   1.0883507e+00
   5.3589520e-01   1.0379659e+00
  -8.5010899e-01  -8.7608329e-01
   1.0603584e+00   7.0474097e-01
  -1.9085944e+00  -2.0212147e+00
  -1.3809418e+00  -1.1492753e+00
  -1.8078497e+00  -2.0657478e+00
  -4.2119074e-01  -6.4161492e-01
   7.2857499e-01   1.0000997e+00
  -9.5115597e-01  -9.1826579e-01
   8.0492063e-01   1.0610754e+00
  -1.6460938e+00  -1.6781591e+00
   1.3934262e+00   1.0226521e+00
  -7.7917601e-01  -5.8246715e-01
  -1.5688789e+00  -1.3437467e+00
  -3.0474489e-01   2.6986973e-02
   1.2719794e+00   1.0947535e+00
  -7.7139807e-01  -9.1617796e-01
   6.9290256e-01   6.6907383e-01
   4.6124652e-01   4.5565680e-01
   1.3040345e+00   7.3941978e-01
   2.8945560e-01  -2.0638463e-02
   1.4582531e-01   3.6617214e-02
   1.1691689e+00   1.0668009e+00
   1.3922797e+00   9.2255031e-01
   6.7490057e-01   1.1218607e+00
   9.1043048e-01   9.6986114e-01
   4.0525855e-01   6.7338456e-01
   9.6849598e-01   1.0971294e+00
  -8.4286408e-01  -6.7672383e-01
   5.4179776e-01   6.8207785e-01
  -5.3806204e-01  -5.3926070e-01
   9.4680065e-01   1.1950343e+00
   6.6353457e-01   1.0675456e+00
  -1.5358265e+00  -1.2905046e+00
   5.0315696e-02  -1.5049714e-01
  -1.1934516e+00  -1.0830215e+00
   1.1036997e+00   8.8477916e-01
   1.0965752e+00   1.0375823e+00
  -3.7307251e-02  -1.9260247e-01
  -1.6301748e+00  -1.5892438e+00
   1.0037038e+00   9.4906541e-01
   9.7472496e-02  -1.3595073e-01
   6.4634534e-01   3.8544254e-01
   2.9752056e-01   1.8647348e-01
  -3.8513314e-01  -1.9540307e-01
   1.2633205e+00   1.0016331e+00
  -2.0367841e+00  -2.0179678e+00
   6.1919945e-01   4.1555641e-01
   8.3775969e-01   1.0761619e+00
  -5.8667679e-01  -8.3307202e-01
  -6.1127431e-01  -4.0355013e-01
  -1.9696908e+00  -1.9303199e+00
  -6.1242809e-01  -6.1739677e-01
   1.2506683e+00   1.0542892e+00
  -8.1480920e-01  -7.2296678e-01
  -7.5912202e-01  -6.6872880e-01
  -8.9650517e-01  -1.1615256e+00
  -1.2183854e-01  -3.4404873e-01
   1.4180104e+00   9.9056674e-01
   7.9547041e-01   9.8496586e-01
   1.1138839e+00   1.1716284e+00
  -7.2754884e-01  -7.1522806e-01
  -1.8395801e+00  -1.8539786e+00
   9.5005744e-01   8.6148425e-01
   8.0640730e-01   5.9337107e-01
  -1.9940205e+00  -1.5273894e+00
  -1.6135459e-01  -1.8530079e-01
   6.6767229e-02  -1.6452037e-01
   5.1214423e-01   6.4000678e-01
   1.3058234e+00   9.7961788e-01
   6.6267368e-01   7.1281176e-01
   8.0666529e-01   1.0979914e+00
   1.1497693e+00   6.1450885e-01
   5.8808321e-01   1.2708071e-01
   6.8307359e-01   9.1278505e-01
  -2.1857654e-01  -2.4163926e-01
  -6.2772225e-01  -7.0524437e-01
   7.2658704e-01   9.4743087e-01
  -1.7667867e+00  -2.0838004e+00
   2.0346783e-01  -2.9110282e-02
   8.7874966e-01   1.1133275e+00
  -6.2153153e-01  -6.4889849e-01
  -1.8991446e+00  -2.0034284e+00
  -1.7522074e+00  -1.8627907e+00
   1.1624868e+00   1.1432871e+00
  -6.5296897e-01  -7.7352756e-01
   8.6885448e-01   9.6859552e-01
   5.9273577e-01   8.4723166e-01
   8.4188142e-01   1.0562245e+00
  -8.2514888e-01  -5.4280838e-01
   1.0206606e+00   1.0851906e+00
  -1.6467412e+00  -1.6977925e+00
   1.0810283e+00   1.1184739e+00
   7.8948808e-01   1.1460768e+00
  -1.3208744e+00  -1.3310540e+00
   8.0827207e-01   1.0866248e+00
   6.7983820e-01   1.0335755e+00
   9.1289821e-01   9.5244419e-01
   1.0036709e+00   1.0629613e+00
  -6.4062778e-01  -1.8968577e-01
   1.3497201e+00   9.1553453e-01
   1.4576549e+00   8.8969545e-01
  -1.9229728e+00  -1.7913793e+00
   1.3318721e+00   1.0064612e+00
  -3.6139801e-01  -4.9764142e-01
  -9.7034890e-01  -1.3384645e+00
   6.2932940e-01   9.7219652e-01
   8.8213106e-01   6.3041063e-01
   7.2133654e-01   1.1408457e+00
   6.0931439e-01   4.8843601e-01
  -1.2736419e+00  -1.5708637e+00
  -1.6161586e+00  -1.6683950e+00
   6.7390636e-01   1.1028172e+00
   1.2406258e+00   1.0276920e+00
   3.2779154e-01   2.2621944e-01
   5.1344504e-01   6.3914596e-01
  -9.7573634e-01  -8.4630109e-01
   7.6931191e-01   1.0062708e+00
   1.0321616e+00   1.0402791e+00
   9.8191064e-01   1.0085534e+00
  -4.4449423e-01   8.9172679e-02
  -7.0343523e-01  -6.5969508e-01
  -4.0244000e-01  -3.2726044e-01
   2.1416644e-01   8.7576236e-02
  -5.5038191e-01  -4.3290061e-01
   9.8222274e-01   7.3381876e-01
   3.0967515e-01   4.9930529e-01
   2.1672594e-01   2.7488103e-01
   1.3156544e+00   1.0384306e+00
   1.3670566e-01  -2.9043482e-02
   4.0016020e-01   7.8128826e-01
  -4.6213797e-01  -5.6089225e-01
   2.7995616e-01   5.8266965e-02
   4.3517077e-01  -9.1488292e-02
  -6.8128432e-01  -7.2836200e-01
   1.3846446e+00   9.4797793e-01
  -2.7196618e+00  -2.5861834e+00
   8.9312842e-01   8.8623491e-01
   1.3046799e+00   9.6793175e-01
   3.5232219e-01   6.0424322e-01
  -4.1121933e-01  -2.8766554e-01
  -6.5917004e-01  -4.9121182e-01
  -6.0561505e-01  -6.6996172e-01
   5.9408161e-01   1.0347923e+00
  -6.2909728e-01  -5.3921940e-01
  -1.3275509e+00  -1.1597621e+00
  -4.1070206e-01  -6.5187733e-01
  -3.9326017e-01   2.2011833e-01
  -4.0229761e-01  -3.5129700e-01
   1.0579647e+00   1.0812042e+00
  -1.7958612e-01  -2.1098669e-01
  -7.6427635e-02  -2.2788630e-01
   1.3360416e+00   1.0384177e+00
  -8.1309199e-01  -7.8481212e-01
  -1.7373075e+00  -1.9498974e+00
  -3.3908668e-01  -5.0409269e-01
   8.6116132e-01   1.0670469e+00
   5.2922042e-01   8.1872832e-01
   8.6266851e-01   8.4999921e-01
  -3.5863177e-01  -5.1705258e-01
   3.8498339e-01   8.5260815e-03
   3.9312898e-01   4.3059209e-01
   6.9217784e-01   1.0303848e+00
  -2.0298603e-01  -3.2592187e-01
  -1.4345682e+00  -1.3878925e+00
  -1.7772603e+00  -1.9383197e+00
   9.9413638e-01   1.0703386e+00
   9.0350328e-02  -7.5100530e-02
  -7.2146445e-01  -5.2854587e-01
   7.9804533e-01   1.0532316e+00
  -9.6474110e-01  -9.5515287e-01
   1.2085975e+00   9.0933489e-01
   1.4239640e-01   4.1580787e-01
  -2.7755565e-01  -1.7882226e-01
  -5.7138964e-01  -2.4193015e-01
   1.4764969e+00   9.0809483e-01
   1.1019277e+00   1.0424173e+00
   9.4707382e-01   1.1252034e+00
   1.0985362e+00   9.6975668e-01
  -8.1038124e-01  -3.2514095e-01
   1.0402924e+00   1.0641103e+00
   4.1121637e-01   9.8214225e-01
  -3.2429613e-01  -3.6046704e-01
  -1.7520150e+00  -1.4903305e+00
   1.3106563e+00   1.1217798e+00
   1.0646388e+00   8.7515106e-01
   6.8317468e-01   1.1853634e+00
  -2.2876810e-01  -4.3686366e-01
   1.1684846e+00   8.6206563e-01
  -9.8193365e-01  -1.2713036e+00
  -2.0783207e+00  -2.1466072e+00
  -7.2159992e-01  -3.3012981e-01
  -2.0520124e+00  -1.8659759e+00
  -5.2414051e-01  -6.7885598e-01
   1.1612069e+00   1.1057923e+00
  -1.0163322e+00  -9.4245073e-01
  -4.7046810e-01  -5.1196882e-01
   1.1621577e+00   1.0998748e+00
   5.5845334e-01   7.7681677e-01
  -8.2693647e-01  -8.8263849e-01
   6.0460121e-01   8.5194272e-01
  -3.2602117e-01  -3.2971225e-01
   6.2696507e-01   1.0656794e+00
   3.2362427e-01   2.4365861e-01
   5.9279934e-01   4.2290006e-01
   3.8725224e-01  -7.6912094e-02
   1.3551096e+00   7.9928644e-01
   1.0075237e+00   1.0399724e+00
   9.8099548e-01   7.7279756e-01
  -1.7093972e+00  -1.7776193e+00
   5.7369292e-01   8.4103009e-01
   6.8665527e-01   1.1388270e+00
  -1.8293282e+00  -1.8179857e+00
  -8.2787815e-01  -4.3123141e-01
  -1.5040066e+00  -1.4270866e+00
  -6.8945661e-01  -7.2445617e-01
   1.1777112e+00   1.0571170e+00
   7.0040107e-01   3.3633979e-01
  -1.1302226e+00  -1.2955203e+00
  -8.5227093e-01  -9.7913895e-01
   9.9138110e-01   1.0145216e+00
  -2.8726391e-01  -1.9277157e-02
  -4.7301502e-01  -4.8845825e-01
   3.1960819e-01   1.5526236e-01
  -1.4745229e+00  -1.6318265e+00
   3.6706124e-01   1.1453238e+00
  -8.7130136e-01  -6.0629737e-01
   7.6872786e-01   9.3092065e-01
   3.5091623e-01   9.5141561e-02
  -2.8177207e-01  -2.1097871e-01
   4.2812151e-01   2.4554609e-01
  -1.1818769e+00  -1.5231255e+00
  -7.4212107e-01  -1.0281633e+00
   7.3140196e-01   9.8253499e-01
  -2.1376710e+00  -2.0445899e+00
  -2.2072105e+00  -2.1557430e+00
   4.6329077e-01   4.8585594e-01
   6.6054786e-01   9.6085740e-01
   6.9936289e-01   9.4603610e-01
   5.5158316e-01   1.4684198e-01
