   2.3276957e+00   1.4679780e+00
  -6.3250648e-01  -4.4802656e-01
  -1.8741187e-01   1.8344155e+00
  -5.8893551e-01   2.6514379e-01
  -7.0443675e-02  -3.1554463e-01
  -3.8012087e-01  -2.4309113e-01
  -1.7829460e-01   1.9741240e-01
  -2.3097964e-01   4.6599467e-01
  -4.4768673e-01  -8.6019738e-01
  -7.5061376e-01  -3.4794675e-01
   9.5494687e-02  -8.0843936e-02
  -7.9410509e-01   2.1161128e+00
  -1.9205815e-01  -6.7287818e-01
   3.2040858e-02   1.1878204e-01
  -1.6706266e-01  -7.9025877e-01
  -2.0359168e-01  -6.0269563e-01
  -4.2300977e-01   1.9747866e+00
  -5.5124205e-01  -5.9073996e-01
  -8.1706426e-01  -3.4878373e-01
  -4.6529725e-01  -4.4759332e-01
  -1.6820202e-01  -1.1106519e+00
  -3.2328190e-01  -2.0838752e-01
  -3.7131974e-03   1.5025058e+00
  -5.7948997e-01  -3.7106909e-01
  -1.0846891e-01   2.7388835e-01
  -4.2406826e-01  -4.9534627e-01
  -3.7551749e-01  -4.2621299e-01
   5.4995092e-01   3.1589323e-01
  -9.9847374e-03  -4.6329961e-01
   1.9037811e+00   1.0834214e+00
   2.2591252e-01  -4.5646544e-01
  -2.0042622e-01   1.7126547e+00
   9.4938858e-01   8.7474005e-01
  -5.9735529e-01  -6.9390208e-02
   2.8712911e-01  -4.7245771e-01
  -3.8830580e-01   1.6388404e+00
   2.7134896e+00   1.3124125e+00
  -2.9692373e-01   3.5246944e-02
  -6.4459199e-01  -3.2256314e-02
  -7.3494201e-02  -2.4097128e-01
  -3.3386899e-01  -5.7725368e-01
  -3.4713765e-01  -2.1441839e-01
   8.0059307e-02  -1.3244135e-01
  -2.4177293e-02  -2.9067953e-01
  -6.6714865e-01  -1.5079638e-01
  -1.9273167e-02  -1.7696125e-01
   2.9761145e-01   8.8951279e-01
  -5.2975951e-01   3.6087775e-02
  -3.0801324e-01  -8.5124551e-02
  -3.3209925e-01  -6.8607080e-01
  -6.4126578e-01  -1.0636308e-01
  -1.8728824e-01  -2.5127640e-01
  -4.0679036e-01  -2.0845568e+00
   2.2056620e+00   1.1040381e+00
  -4.0578341e-01   1.3350179e+00
   4.3917799e-01  -5.8366963e-01
  -7.9826933e-01  -5.8219372e-01
  -5.3780033e-01  -7.6971866e-01
   2.4261110e-02   5.4659291e-01
   2.7413371e-01  -3.1296502e-02
  -5.4391440e-01   8.9951852e-02
   3.3669122e-01   4.4648596e-02
  -2.5125034e-01  -1.0476179e-01
  -7.2931816e-01  -1.9436977e+00
  -8.8546279e-03  -3.4432128e-01
   4.6244892e-01  -2.2683033e-01
  -6.8884144e-01   1.8141919e-01
  -7.8353743e-01  -1.6832284e-01
  -6.9166567e-01  -3.3123107e-01
  -5.5990065e-01  -8.1320004e-01
  -4.3045399e-01  -1.5519340e+00
   1.5341055e+00   8.9229075e-01
   7.8062779e-01   1.0051826e+00
  -3.7107418e-01  -8.1419909e-01
  -5.6920999e-01   2.0188697e-01
   2.0695003e+00   1.1507025e+00
  -6.0209991e-01   1.2017660e-01
  -1.8169731e-01   6.7148884e-02
  -2.8824717e-01  -8.5770297e-02
   1.0008237e-01   8.2297869e-01
   3.2447341e-01   3.9188649e-02
  -3.0118485e-02   4.8121691e-01
  -1.6436153e-01   6.2331905e-02
  -3.1961631e-01   1.3228458e-02
  -4.4538149e-01  -2.6179773e-01
   9.4179701e-02   8.1518250e-02
   6.9955360e+00  -7.8395280e+00
  -1.1998594e-01   1.3347674e+00
  -2.5492569e-01  -1.2444427e-01
  -1.5118032e-01  -3.0349678e-01
  -1.8866801e-01  -1.1992725e-01
  -1.9096920e-01  -1.8084014e-01
   2.1718812e+00   1.2156211e+00
   1.0862257e-01   9.2324070e-01
  -2.2434759e-01  -4.9014405e-01
   3.5454019e+00   1.0173753e+00
   9.8955064e-01   9.6909976e-01
   9.1093805e-01   5.7741048e-01
  -8.4342487e-02   1.8357617e-02
  -4.6642658e-01   5.6767899e-02
  -5.7080759e-01   1.2148049e+00
  -4.6328270e-01   1.6641354e+00
  -5.1486075e-01   1.9499560e+00
  -7.4060403e-01  -2.1261489e+00
  -4.3806739e-01  -3.0743983e-01
  -5.1069532e-01  -1.1483402e-01
  -4.6498909e-01  -1.6679363e-01
  -3.6070409e-01   1.8755762e+00
  -3.7261810e-01  -1.9741794e-01
  -7.3596289e-02   3.3359052e-01
  -7.2036158e-01  -3.6343801e-01
   6.4225481e-03  -1.7877503e-01
  -4.8828174e-01  -3.6890417e-01
  -5.3173127e-01  -4.9117096e-01
  -9.8214932e-01   1.6746289e+00
  -5.0163227e-01   2.5845108e-01
  -5.5578874e-01  -5.1952805e-01
  -3.8217684e-01  -5.9847973e-01
   2.6236522e+00   1.5867719e+00
  -4.9918891e-01   7.9564500e-02
   2.7963703e+00   7.7303359e-01
   3.8829791e-01  -9.7763295e-03
  -3.7107347e-01  -1.6995707e-01
  -2.2070785e-01   7.8502085e-01
  -4.1927644e-01  -4.8261310e-02
  -2.9180281e-01  -4.2600852e-01
   5.0841826e-01   1.2139297e+00
  -5.6578403e-01  -3.9892417e-01
  -3.0811647e-01  -2.1431532e-01
  -6.2418039e-01  -8.0757929e-01
   2.8718652e-01  -1.4511725e+00
   3.9170989e-02  -4.3722334e-01
  -4.3609556e-01   1.3288704e-01
   3.9513188e-02   5.6551224e-01
  -2.6668250e-01   1.9839242e+00
  -3.2985119e-01  -1.6617215e-01
  -8.5168656e-01  -8.9599152e-01
   2.0017267e+00   1.0121532e+00
   2.7918655e+00   5.2658009e-01
   3.1011905e+00   1.8450899e+00
  -5.2644606e-01  -1.2290495e+00
  -8.3977523e-01  -1.3122875e-01
  -5.5888661e-01   3.3060797e+00
  -3.8812376e-01  -7.0935080e-01
   3.2975838e-01  -8.2727781e-02
  -4.9280294e-01   5.3734330e-02
  -3.4628646e-01  -4.0712933e-01
  -2.1588853e-01  -3.5525472e-01
  -6.7097225e-01  -9.4234746e-02
   2.3672383e-01  -5.3655397e-01
  -8.3193273e-01  -7.3895187e-01
  -5.3961565e-01   1.0724132e-01
  -3.0078718e-01   1.7572031e-01
  -5.2393000e-01  -7.4572942e-01
  -5.3899666e-01   1.9463855e-01
  -6.6257371e-02  -2.1723242e+00
   3.8675689e-02  -5.8201822e-01
  -6.7586917e-01  -4.1443187e-01
  -3.2424163e-01  -9.5445221e-02
   3.9979375e-01  -5.8550727e-02
   1.2358751e+00   1.2515411e+00
  -6.4629317e-01  -7.0875760e-01
  -7.9062991e-01  -8.2865256e-03
  -4.6378370e-01  -7.4549439e-01
   2.2327388e+00   9.2158125e-01
   5.4518447e-02  -9.3277484e-01
   2.3509140e-01  -4.1271680e-01
  -4.2168657e-01  -2.4357177e-01
  -5.5376927e-02   1.3921385e-01
   2.7163810e-01   1.3896604e-01
  -2.9580040e-01  -9.9571115e-01
  -2.1788659e-01   1.7577235e-01
  -8.5796898e-01  -7.1059162e-01
   5.3072359e-01  -4.7440385e-01
   8.7430565e-01   7.3545070e-01
  -4.5008395e-01  -1.0315197e+00
   2.4934803e-01   3.7915188e-01
  -4.8733098e-01  -5.3773892e-02
  -4.1919499e-01   1.6728659e+00
   2.6426344e+00   1.2628278e+00
   2.7237724e-01   2.5328601e-01
  -4.1812138e-01   2.1016227e-02
  -3.6992973e-01   1.8613126e+00
   3.2774652e-02   2.1749735e-01
  -4.5319367e-01  -4.3656099e-01
   1.4778486e+00   1.1023736e+00
  -7.5284007e-01   1.7115413e+00
  -2.9220978e-01  -3.1980199e-01
   1.2503276e-02  -1.5609813e-01
  -8.3810874e-02  -3.0969512e-02
  -5.1832165e-02  -2.7134352e-01
  -1.6670141e-01   4.4985705e-02
   2.2381242e+00   7.7439709e-01
  -1.6378034e-01  -5.5701037e-01
  -2.4060269e-01  -4.6412620e-01
   2.6753756e-01  -3.0982393e-01
  -5.6337092e-01  -5.1571545e-01
   1.1474805e-01   4.0598517e-02
  -1.0780873e-01  -1.5464223e-01
   2.0954227e-01  -1.1311416e-01
  -7.0186973e-01  -2.9331720e-01
  -1.6363510e-01   1.8317929e+00
  -4.2478618e-01   7.4677846e-01
  -5.5774631e-01  -3.7018067e-01
  -2.6688547e-01  -1.8524614e-01
  -6.8028852e-01  -1.8598473e-01
  -1.1680747e-01  -9.1304865e-02
  -3.9451130e-01   3.0345986e-02
  -3.6862994e-01  -3.7938566e-01
  -3.1400639e-01  -3.0531335e-01
   1.3603909e+00   1.3197957e+00
   3.1613300e-03   4.4828555e-02
   2.3808945e-01  -1.2006023e+00
   6.4874533e+00  -5.1965541e+00
  -2.3609063e-01  -6.7102185e-02
  -6.6514045e-01  -1.7873377e-01
  -1.8033082e-01  -4.0103515e-01
  -7.7384782e-01  -2.4724794e-01
  -4.1009406e-01  -9.1877715e-02
   1.2881946e+00   1.2928420e+00
  -3.6317644e-01   1.9217688e+00
   1.0417562e+00   1.4986979e+00
   5.0572610e-01   1.9519163e-01
  -1.1493612e-01  -3.0661298e-01
  -3.9916898e-01  -5.6362262e-01
  -6.7115883e-02  -3.2127506e-01
  -8.6583560e-01  -7.2850295e-01
   2.2430515e+00   1.2154172e+00
  -6.1710653e-01   1.3008329e+00
  -3.7683523e-02   7.0336291e-03
  -5.5677103e-01  -1.1729229e+00
   4.5351229e-01   2.6683854e-02
  -2.5575895e-01  -4.3584513e-01
  -2.2903688e-01  -7.2148380e-02
  -4.0609989e-01  -5.9737018e-01
  -1.0172170e-01   1.4153315e-02
   1.9350506e-02   1.0084081e-01
   2.5369758e+00   1.5565505e+00
   1.8183794e+00   1.1419610e+00
  -4.7611020e-01  -2.9520234e-01
  -3.5389754e-01  -1.0607140e+00
  -7.1904115e-02   5.3631524e-01
  -3.5247482e-01  -3.9138963e-02
  -1.7146853e-02   1.9329284e+00
  -1.3985638e-01  -8.6207233e-01
  -4.4835820e-01   6.7559009e-01
   2.6844263e-01  -2.5838311e-01
  -2.4629652e-01  -7.7873454e-01
  -1.1724257e-01   1.7407901e+00
  -8.3097114e-02   1.6973555e+00
  -1.0106296e+00   8.3441172e-01
  -7.4072617e-01  -2.5985006e-01
  -7.3064055e-01  -7.9251444e-01
  -2.1183281e-01  -7.5639230e-01
   1.6842788e-01  -7.8915961e-01
   8.3993491e-01  -2.2520591e-01
   5.1675366e-01  -3.5387572e-01
  -2.8721456e-01  -1.8011074e-01
  -6.8446386e-01  -8.6048372e-03
  -3.3610846e-01  -4.4469210e-03
  -1.0389353e+00   2.0409054e+00
  -3.5140449e-01   1.3381403e+00
   1.1360458e+00   7.5191488e-01
  -6.0001425e-01  -2.8402360e-01
  -2.7690514e-01   5.3877924e-02
  -4.0080949e-01  -1.0691376e+00
  -2.2150027e-01  -8.5277837e-01
   1.2169022e+00   1.2671260e+00
  -5.2306533e-01  -6.4237089e-01
   2.0627677e+00   1.1930403e+00
  -4.3189122e-01  -5.7467251e-01
  -4.2764128e-01  -8.3031928e-02
   9.8799013e-01   6.8899279e-01
  -1.0763849e-01  -1.2706434e-01
   5.1176537e-01   3.6310170e-01
  -3.9431793e-01  -6.0017200e-01
  -1.0777598e+00  -5.2935710e-01
   2.2099655e+00   1.1129919e+00
   8.9196328e-02  -1.6566728e-01
  -6.5592162e-01  -2.1774362e-01
  -3.8482233e-01  -1.0837819e+00
   2.1373537e+00   1.3352098e+00
  -2.5998814e-01   2.4712703e+00
  -5.3229497e-01  -5.1830116e-02
  -4.0335811e-01  -3.4397506e-01
  -5.5695675e-02  -1.1647628e-01
  -6.3410048e-01  -6.5228993e-01
  -5.1789271e-01  -2.4194525e-01
  -5.9165587e-01  -2.2060775e-01
  -1.4632832e-01  -1.1263353e-01
   2.3483324e+00   9.3085011e-01
  -4.5748422e-01   8.0613792e-01
  -3.4537858e-01  -1.6779735e-01
   5.7241488e+00  -3.5580048e+00
   6.2569732e+00  -6.2527291e+00
   8.3274227e-01  -3.1920231e-01
  -5.2511261e-01   9.8333228e-01
  -2.2270222e-01  -1.0245038e+00
  -5.3123083e-01  -6.3891493e-01
  -6.2499710e-01   2.0932335e-01
  -6.8603465e-01   5.7548462e-01
  -1.7495022e-01  -4.5389167e-01
  -3.3108448e-01  -9.1548026e-01
  -1.7124167e-01   1.7114379e+00
   4.8450600e-01  -2.1138690e-01
  -2.3629055e-02   4.0455184e-01
   1.5729117e+00   1.3191991e+00
  -3.2718473e-01   7.8254337e-01
   3.5063084e-01   3.1197481e-01
  -5.2162684e-01  -6.5081191e-01
  -1.3260325e-01  -3.2533572e-01
  -6.6907464e-01   2.0374159e+00
  -2.3049994e-01  -4.3196531e-01
  -5.5594049e-01  -1.8631052e-01
  -1.6834192e-02   1.6158731e-01
  -1.1676807e+00   1.2298240e+00
  -3.8385320e-02   1.1315595e-01
  -2.7102406e-02  -5.0415215e-02
  -8.2794510e-01  -2.9047980e-01
  -5.1630105e-01  -1.6109466e+00
  -1.3479268e-01  -1.0054547e+00
  -4.6903455e-01  -4.0885715e-01
   6.3089626e-02   6.6874427e-02
  -3.2380896e-01  -1.0530611e+00
   2.0487209e+00   1.2809925e+00
   2.7848230e-01  -1.3642481e-01
  -2.2383610e-01  -1.2258142e-01
  -7.0856424e-01  -3.1173337e-01
  -6.4152262e-01  -4.8664537e-01
   1.9012628e-01  -2.5590497e-01
   1.8542493e+00   1.0508144e+00
   1.0395231e-01  -8.1260318e-02
  -3.6306415e-01  -7.1508163e-01
  -3.7075516e-01  -8.9564848e-01
  -7.7081326e-01  -9.7662163e-01
  -5.1778773e-01  -2.4755308e-01
   1.2307650e-01  -6.9536365e-01
  -7.0119009e-01  -1.4551653e-01
   3.3875959e-01   2.3516063e-01
  -5.6675228e-01   3.2938679e-01
  -9.0774654e-02   1.4396970e-01
  -3.7187325e-01   1.3023400e-01
  -3.4781791e-01  -1.0658693e+00
  -7.1231900e-01   4.7061441e-02
   1.8243821e-01   5.8345432e-02
  -8.3067270e-01  -3.7501377e-01
  -5.0253146e-01  -9.0158388e-01
   1.3535428e+00   1.0206858e+00
  -4.7391032e-02  -2.1088080e-01
  -6.2057598e-02  -6.5754035e-01
   1.6062018e-01   1.0939059e+00
   1.9918891e-01   1.3221190e-01
  -1.4933901e-01  -3.2075081e-01
  -5.5350050e-01  -1.2433661e+00
   7.6408131e-01  -1.2457036e+00
  -4.4466036e-01   2.1831004e-01
  -4.0233998e-01   1.5105179e+00
  -2.9796319e-02   4.2059769e-02
  -7.9447379e-01  -6.6742902e-01
   2.4333928e+00   1.5454757e+00
  -5.6836818e-01  -4.7503927e-01
  -6.0709857e-01   1.3369435e-01
  -1.7851210e-01  -7.1528688e-02
  -7.3041938e-01   1.0181012e-01
  -6.0494822e-01  -6.2973693e-01
   3.4866782e-02   1.9357336e-01
   2.9109712e-01   1.4627406e+00
  -7.6174293e-01   1.0365402e+00
  -4.6526754e-01  -1.6942097e-01
   2.0205492e-03   1.1315410e-01
  -3.3942235e-01  -9.2727536e-01
  -2.9004936e-01  -5.5011584e-01
  -5.4464784e-01  -2.9474942e-01
  -5.9602403e-01  -8.4078707e-01
   2.8691235e-01   1.7837632e+00
  -1.5115740e-01  -5.7857565e-01
  -4.8785815e-01  -1.7880768e-01
  -2.6473092e-01   1.3029369e+00
  -9.2339285e-01  -3.6631116e-01
  -2.9983756e-01  -4.8029273e-01
  -8.8345061e-01   1.7027882e+00
  -7.1190103e-01  -5.2594020e-01
  -2.7837590e-01   1.9308739e-01
   2.6198885e+00   1.1626005e+00
  -1.9371837e-01   1.4660927e-01
  -9.4745490e-01  -1.0302952e+00
   3.3971240e-01  -9.8294367e-01
  -2.4426990e-01  -3.9744300e-01
  -7.0624529e-01  -3.6393340e-02
  -5.2459173e-01  -1.1634507e-01
  -6.2703163e-01  -4.2595214e-01
   2.9448841e+00   1.9472754e+00
  -2.2786910e-01   2.3482532e-02
  -2.0559845e-01  -4.4137567e-01
  -2.0112503e-01  -4.5388954e-01
  -4.0806267e-01  -4.3587244e-01
  -8.3203502e-01  -2.1349761e-01
  -5.3516189e-01  -2.3771685e-01
  -3.7584431e-01  -4.9462475e-01
  -2.4714063e-01   5.9840863e-01
  -4.9052552e-01  -2.6009064e-01
  -7.5910457e-01   8.0741951e-01
  -5.1057322e-01  -4.6500810e-01
  -4.1390249e-01  -1.3181580e-01
  -6.3424997e-02  -2.3029974e+00
  -5.6937384e-01  -1.0910511e+00
  -7.3491278e-01  -4.8151142e-01
   2.6442690e+00   1.0977198e+00
  -3.4357924e-01  -1.5066731e-01
  -4.8460638e-01  -3.1971085e-01
   7.2940288e-02  -5.0657615e-01
  -2.7902195e-01  -1.2418730e-01
  -2.1600192e-01  -2.6705735e-01
   2.3144532e+00   1.2601612e+00
  -1.7445538e-01   8.3520293e-01
  -3.9354363e-01  -2.1286820e-01
  -1.4528664e-01  -5.4388259e-01
   1.3201011e+00   1.0007232e+00
  -1.6385820e-01  -3.4587063e-01
   1.4213180e-01  -9.4444748e-02
   8.4541927e-02  -1.4984175e-01
   1.6608226e+00   6.2248412e-01
  -3.8305723e-01   1.5721794e+00
  -6.3354572e-01  -6.1438110e-01
  -3.2427442e-01   3.8545266e-01
   1.3289811e-01   1.9344821e+00
   5.2696649e-02  -1.5110772e+00
   2.2319627e+00   1.0021742e+00
  -5.0095117e-01   7.3709839e-02
  -8.0346990e-01  -1.1471170e-01
   7.5105622e-01   3.6201465e-01
  -8.2172190e-01  -4.8752775e-02
  -7.0449786e-01  -3.0662141e-01
  -3.7138017e-01  -1.9940369e-01
  -2.3611981e-01  -3.5576793e-01
  -3.7360842e-01  -8.0811158e-01
  -7.2891385e-01  -9.4453619e-01
  -5.6034692e-01   1.0672146e-01
  -5.3919946e-01  -7.3820616e-01
  -5.5105268e-01  -3.6322677e-02
  -2.2699595e-01   1.9218898e-01
  -6.3951509e-01  -6.6333581e-01
  -6.8306528e-01  -1.0992150e-01
  -3.1973066e-01  -4.0431951e-01
  -5.7851834e-02   1.7811325e-01
   1.4255310e+00   1.0941824e+00
  -5.2557171e-01  -7.9678890e-02
  -6.7728530e-01  -6.0752430e-01
  -2.4736901e-01  -1.1113895e+00
  -8.1613114e-01  -4.1648670e-01
  -1.9814270e-01  -4.7979222e-03
   9.0697538e-03   1.0393742e-01
  -4.9165951e-01  -1.6804646e+00
  -2.9973955e-01   1.0224091e-01
   2.3620379e+00   1.5565251e+00
  -3.2854140e-01   1.5105443e+00
   1.7107696e+00   1.4495453e+00
   5.2220605e-01   3.7883433e-01
  -6.8091262e-01  -2.6767865e-01
   2.2801936e+00   9.9807775e-01
   2.1761054e-01   7.0143054e-03
  -9.5554965e-01  -8.9186765e-01
  -6.4408854e-01  -2.2849682e-01
   2.2499612e+00   1.1929249e+00
  -6.5296565e-01  -7.4133040e-01
  -4.3299384e-01  -6.5102094e-02
  -5.0382145e-01   9.7142424e-03
  -4.0181188e-01  -2.2401537e-01
  -5.0490381e-01  -4.0343236e-01
  -2.0435221e-01  -6.9967191e-01
   7.5255750e-01   2.4610878e-01
  -1.2725434e-01  -2.3941226e+00
  -9.4773682e-01  -5.9799304e-01
  -3.2965195e-01   4.0759666e-01
  -8.4215009e-02  -7.3088937e-02
  -2.4239808e-01   3.4694674e-01
  -4.5029262e-01   1.2673472e-01
   8.1399988e-02   2.7359817e-01
  -1.1236795e-01  -2.4670795e+00
  -4.5506114e-01   2.7872245e+00
   3.7692957e-01   2.8141271e-01
   5.7429053e+00  -5.4135144e+00
   6.4069578e+00  -1.6092062e+00
  -3.1356627e-01  -8.8554519e-01
   9.0859246e-01   4.4147915e-01
  -4.5040228e-01   1.5310991e+00
  -2.0420723e-01  -1.1781734e+00
  -6.3827758e-01   2.1479059e-01
  -5.4735210e-01  -4.4417101e-01
   1.7526972e+00   1.2363697e+00
  -9.7005200e-02   9.6617895e-02
  -4.2802759e-01   3.1567495e-01
  -1.3762016e-01  -1.9861821e+00
  -3.0012872e-01  -5.4014154e-01
  -4.5240195e-01   6.0136638e-02
  -8.8583206e-01  -1.0435135e+00
  -3.7774039e-01  -3.9514200e-01
  -3.2530462e-01  -2.1510982e-02
  -6.5649812e-01  -5.5820569e-01
   2.3961629e-01   1.4243708e+00
   2.8354540e-01   1.7449147e-01
   5.7853773e-02   1.7772528e-01
  -1.1633860e-01  -2.8344812e-01
   2.0663698e+00   8.8702801e-01
  -3.1152034e-01   3.4568079e-01
   5.6427584e-01   1.6946344e-01
   2.9098304e-01   2.1978389e+00
   6.3261648e-01   5.3130294e-01
   5.1827793e-01   5.3049576e-01
  -2.4773377e-01   5.4730144e-01
  -6.1691044e-01   5.7723408e-02
  -4.9641814e-01   7.3166093e-01
  -1.1939007e-01  -9.4030166e-02
   4.8906860e-02   1.6006376e-01
   4.5077718e-01   4.7005259e-02
   4.2426728e-01  -4.2812988e-01
  -5.5363026e-01  -2.0815749e-01
  -6.3180060e-01  -9.3982710e-01
   1.4554585e-01  -2.2129820e+00
  -5.7047104e-01   1.6464386e+00
  -2.9323010e-01  -1.1277798e+00
  -8.3818604e-01   3.1989181e-01
  -1.5233097e-01  -6.3177849e-01
   8.5630820e-02  -7.9373947e-01
  -3.4487587e-01   2.1849039e+00
   1.6333377e-01  -4.5056657e-01
  -1.9213143e-01  -1.8266403e-01
   8.1969194e-02  -2.1610192e-01
  -9.1776329e-02  -4.7025308e-01
  -1.4320961e-01  -4.1845491e-01
   2.4884671e-01   1.5734581e-01
  -3.5905273e-01  -1.4749182e-01
  -3.7499491e-01  -2.4195424e-01
  -8.7613717e-01  -5.4549166e-01
  -8.1867024e-01   8.9862799e-01
  -3.7113155e-01  -9.8363639e-02
  -7.5526431e-01  -1.1026324e-01
  -5.9388334e-01  -3.2686426e-01
  -4.1415074e-01  -2.4425569e-01
  -2.4555235e-01  -7.8281938e-01
  -3.0336819e-01   1.4721481e-01
   3.1315875e-01   9.3156994e-02
   2.3446127e-01  -4.5246059e-01
   1.4167964e-02  -7.6528833e-01
  -1.9001764e-01  -7.5150785e-03
  -1.2677573e-01  -6.9833169e-01
  -4.3358907e-01  -1.1813116e-01
  -1.8455432e-01   1.0420836e+00
  -6.6271254e-03   3.2905553e-01
  -1.0952699e-01  -2.0408188e+00
  -1.5354511e-01  -5.1918052e-01
  -7.0444469e-01  -3.7091574e-01
  -3.7040316e-01  -2.3427702e-01
  -7.4153878e-01  -3.0295954e-01
  -4.4612885e-01  -5.4567550e-01
  -6.1483485e-01  -1.3223353e-01
   9.8444360e-03   7.2746247e-03
  -4.9778706e-01  -3.1980646e-01
   1.0183614e-01   1.7523745e-01
  -6.1669108e-01  -7.9084116e-01
  -4.8276557e-01  -2.5666630e-01
   2.8249189e-04  -5.7701182e-01
   2.3129329e-01   1.6118073e+00
  -3.7995598e-01  -6.8242080e-02
  -6.3326409e-01  -8.6439793e-01
  -5.6652874e-01  -3.9936912e-01
   1.3181773e-01  -1.8085392e-01
  -3.9335265e-01  -1.0400899e+00
  -3.2135550e-01  -1.4924918e-01
   4.5099707e-02  -2.9948348e-02
  -5.8944313e-01   6.9563419e-01
  -9.9607901e-02   9.1420432e-02
  -5.7743565e-01  -8.4296101e-02
   3.2137056e-02   1.2254351e+00
  -7.3708182e-01   2.4379219e-01
  -4.8265849e-01  -5.5396855e-01
  -6.4491101e-01   2.0797712e-01
   7.2967464e-02  -3.2517249e-01
  -4.2588498e-01  -9.5465841e-02
   6.5595115e-01   4.8580036e-01
  -6.7293557e-01  -2.6465056e+00
   1.2961747e+00   8.7652072e-01
  -7.3828083e-01  -5.8592873e-01
   2.9869419e-01   1.6613057e+00
  -4.2544441e-01  -5.9645230e-01
   1.3197403e-01   1.0792155e+00
  -6.6829777e-02  -4.8482565e-01
  -2.3867936e-01  -6.0475504e-01
  -4.1860410e-01   1.1306009e-01
  -8.8098671e-01  -7.6855450e-01
  -5.0966883e-01  -4.2182258e-02
  -2.2746319e-01  -1.9738133e-01
  -2.9184289e-01  -7.7402927e-01
  -3.0508341e-01   1.3993677e-02
   4.6887990e-01   1.0535164e-01
  -1.3495094e-01   2.0487308e-01
  -6.3015070e-01  -6.5860195e-02
   1.6885991e+00   1.2054790e+00
  -9.0737506e-01  -6.2227509e-01
   7.1245847e-01   1.4890781e-02
   2.8854717e-01   3.2061572e-01
   1.2552577e-01   6.0080795e-01
   9.9426164e-01   7.1312028e-01
  -2.2617060e-02  -5.9671062e-01
   2.3051651e-01  -7.5099834e-01
  -4.0892880e-01  -4.9615368e-02
  -5.6192959e-01  -1.3957850e-01
   2.3223792e-01  -7.8995907e-01
   3.3460590e-01   1.5175649e-01
  -1.1726928e-01   9.8003681e-02
  -4.2114112e-02  -1.0678594e+00
  -2.1960163e-01  -4.7754902e-01
  -7.1303647e-01  -5.4762222e-01
  -6.4327959e-02  -3.2483014e-01
   4.8739834e-01   2.2086033e-01
  -6.9101027e-01  -4.0407748e-01
  -5.4328547e-01  -4.5637541e-02
  -5.7959607e-01  -5.4956546e-02
  -8.6885547e-01  -2.9248631e-01
  -2.5580292e-01  -2.4795305e-01
  -7.3358372e-01  -1.9347455e-01
   8.6062819e-02   1.2668153e-01
  -3.3377677e-01  -6.9893234e-01
   4.4214928e-01   3.4561546e-01
  -4.1120650e-01  -4.5237986e-01
  -3.9060137e-01  -5.2219526e-01
  -4.1923756e-01  -3.7500344e-01
  -3.1269819e-01  -2.4311719e+00
  -1.6844647e-01   5.7605859e-01
  -8.9514704e-01   1.1347517e+00
  -6.9606419e-02   1.1379500e+00
  -4.4337182e-01  -1.5102057e-01
  -5.7806451e-01  -1.8331329e-01
  -3.7131117e-01  -6.0240532e-01
  -4.3787101e-01  -2.9532691e-01
   8.3682889e-03  -7.7613298e-02
  -3.8007753e-01  -8.8780686e-01
   6.1182478e-01   2.5002213e-01
   2.5188957e-01  -2.6171013e-01
   2.0760712e-01   1.6644104e+00
  -5.6820573e-01  -5.2937525e-01
  -1.4225842e-01  -1.8561894e+00
   3.4945655e-02   1.1792937e+00
  -6.9180683e-02  -2.4134591e-01
  -1.5677120e-01   1.9343207e-01
   1.6965714e+00   1.2258047e+00
  -2.1191294e-02  -1.2723701e+00
  -5.3055156e-01  -1.7180877e-01
   1.4133603e+00   5.4864561e-01
   3.5569461e+00  -2.3701423e-01
   2.0174770e-02   2.0408439e+00
  -7.0012145e-01   4.7797512e-01
  -4.0345042e-01  -5.5073498e-01
  -6.4656392e-01   1.7701634e-01
  -7.9539397e-01  -2.8592554e-01
  -3.1623005e-01   2.0204710e+00
   1.8717001e+00   1.2012670e+00
  -1.6950694e-01  -3.3237996e-01
  -1.9842886e-01  -1.5412558e-01
  -8.7247723e-01  -5.5749317e-01
   4.7295866e-01  -1.8624804e+00
   1.9298200e-01  -4.0148189e-01
   3.0691927e-01   9.2793842e-02
  -3.3041438e-01   8.1787338e-02
   1.9187083e+00   1.1295412e+00
  -7.0482128e-01   2.7725105e-01
  -6.1859232e-01  -6.8192831e-01
  -3.0562423e-01  -1.4668583e-01
  -7.5702938e-01   1.2678629e-01
   3.2718781e-01  -7.1964237e-02
   9.7827598e-02  -2.0737102e+00
  -2.7096963e-01  -3.1446024e-01
  -4.4383297e-01   1.0137372e+00
  -2.7750599e-01  -4.3626670e-01
  -5.8601732e-01  -1.4522421e-01
  -2.6595769e-01  -2.4359070e-01
  -2.4082792e-01  -1.8157641e-01
  -3.8309506e-01  -1.2161975e+00
   8.1638424e-02   2.3203226e+00
  -2.9922358e-02   7.0037143e-02
  -2.3485626e-01   1.3247159e-01
   1.4726250e-01  -4.0808993e-01
  -3.7217726e-01  -2.1802170e-01
  -4.0635930e-02   2.8822997e-02
  -2.7156027e-03   1.8901452e-01
  -9.4542888e-01  -4.4364511e-01
   1.1168579e-01   1.9937367e+00
  -1.3675601e-01   9.3085602e-02
  -6.8828068e-01  -5.5510683e-01
  -5.2948271e-01  -2.6730868e-01
  -8.8014003e-02  -7.5535148e-01
  -1.0644000e+00   1.8555652e+00
   4.5379392e-02  -2.5048692e-01
   2.4325757e+00   2.0875593e-01
   3.0701905e-01   2.9003332e-01
  -5.5929116e-01   8.4485966e-01
  -6.6992482e-01   2.6364146e-01
  -1.6410681e-01  -2.2197586e+00
  -3.7177334e-01  -4.9088030e-01
  -8.7511855e-01  -2.6207287e+00
  -7.2638804e-01  -3.0959386e-01
  -1.6720457e-01  -1.7693454e-01
  -3.7946834e-01   1.7339181e+00
  -4.2905084e-01  -2.2189279e-01
   2.5874156e+00   1.5490343e+00
  -7.0543313e-01  -4.3347455e-01
  -3.7079343e-01  -2.6815850e-01
   5.9053384e+00  -5.2954792e+00
  -4.5849773e-01  -2.1184536e-01
   2.8123704e+00   1.8904525e+00
  -7.5673118e-01  -2.6085637e-01
  -3.2867034e-01  -3.3208212e-01
  -7.7060356e-01  -2.4988290e+00
   1.0118684e+00   2.4016179e-01
  -1.4116019e-01  -4.7349995e-02
  -1.4404667e-01   1.7060230e-01
   7.3926285e-01   4.5026302e-01
  -6.3771663e-01  -7.1171158e-01
  -4.7965131e-01  -2.2005677e+00
  -1.0549878e+00  -3.0435872e-01
  -2.9629108e-01  -2.9922364e-01
  -4.9290536e-01  -1.1692899e-01
  -6.7729747e-01  -5.0128410e-01
  -7.4262983e-01   4.5367362e-02
   3.6850853e+00   6.2676988e-01
   2.4421487e+00   1.4326249e+00
  -3.0929277e-01   4.8745825e-01
  -1.1863685e-02  -1.6198780e-01
  -1.0953615e-01  -1.2401963e-01
   1.1923774e+00   1.0090503e-02
  -3.5173059e-01  -5.3973750e-02
  -6.8387931e-01  -1.7649979e-01
   2.8222251e-01   1.1072593e-01
  -5.6752526e-01   1.6895285e+00
  -4.9968989e-01   2.8551226e-01
   1.5664818e+00   1.0753503e+00
  -3.0004127e-01  -5.6016074e-01
  -8.5382917e-01  -4.4867933e-01
   1.3506228e+00   1.3217223e+00
  -2.6052137e-01  -7.3600153e-01
  -7.5603612e-01  -7.1609947e-01
   1.7418583e-01   3.8837170e-01
  -5.9940753e-01  -4.2575901e-01
  -3.1846258e-01  -8.2248983e-01
  -3.4141538e-01  -4.3985376e-01
   3.2517298e-01  -1.1433691e+00
  -6.9403167e-01  -8.8948953e-01
  -3.4845458e-01   1.7946795e+00
  -5.0002458e-01  -2.6431339e-01
   7.7199746e-01   4.8014086e-01
  -6.4041235e-01  -4.1181237e-01
  -5.7319312e-01   7.3478090e-01
   2.1097111e+00   9.9251881e-01
  -3.6291715e-01   1.9040027e+00
   1.8778035e-01   1.9894584e+00
  -7.7066941e-01   1.9764316e+00
  -2.0566811e-01   3.1288761e-01
   1.8538731e-01  -9.6333411e-03
   3.3517454e-01  -6.9246159e-01
  -2.1841791e-01  -4.8314666e-01
  -2.1607074e-01  -3.0293069e-01
   1.6899837e-01  -1.8826473e-01
   2.4717230e-01  -3.7745642e-02
  -2.5449493e-01   3.0371006e-01
   1.1237791e-01   1.6340556e+00
  -3.4680616e-01   2.3509749e+00
  -3.7131183e-01   1.4586098e-01
  -5.1118280e-01  -1.5195726e-01
  -5.4372940e-01  -5.7704828e-01
   7.2457918e+00  -9.4064931e+00
  -9.7806489e-01  -4.8158124e-02
  -3.9271330e-01   7.3952268e-02
  -2.3847327e-01  -3.3816424e-01
  -2.5427906e-01  -1.9328502e-01
  -6.4599933e-01  -5.1512001e-01
  -6.3693623e-01  -9.9536928e-02
  -1.1933031e-01   8.7883071e-02
  -2.4179580e-01  -5.6167226e-01
  -6.2892611e-01  -2.4145500e-01
  -8.4999859e-01  -1.3720284e-01
  -4.6654431e-01  -4.6577010e-01
  -3.8598450e-01  -1.0387189e+00
  -8.2042071e-01  -4.5740516e-01
   4.4752160e+00  -7.6399072e-01
   8.6354629e-02   5.0227907e-02
  -1.9250993e-01  -3.1179127e-01
  -3.6059004e-01   1.9551436e+00
  -2.9037119e-01  -4.7924041e-01
   2.3391583e+00   1.2569377e+00
   1.0511871e-01  -1.1816006e-02
   2.0603810e-01   7.4169643e-03
  -5.2561089e-01  -5.3393734e-01
  -3.8726916e-02  -8.4339173e-02
   9.8561548e-01   7.0088158e-01
  -6.4128831e-01  -8.0810881e-01
  -3.9486777e-02   1.5818064e+00
  -1.9586224e-01  -6.5536580e-01
  -3.0770122e-01   1.3920065e+00
  -6.5533503e-01  -6.8655626e-01
  -5.7889957e-01  -5.8226689e-01
  -5.9429245e-01  -7.0034815e-01
  -4.5671529e-01  -7.9804308e-02
   2.5465338e+00   9.0949983e-01
  -2.9786723e-01  -2.0795661e-01
   3.5578728e+00  -8.2201436e-01
   2.3072147e+00   1.4373357e+00
   4.0447721e-02   1.1221357e-01
  -2.7731750e-01   4.8225251e-01
  -8.7602789e-01  -2.4310168e-01
  -5.4403256e-01  -2.1359153e-01
  -8.1655422e-01   1.1609518e+00
  -8.4883179e-01   1.1109824e+00
  -5.0043612e-01   3.1489935e-01
   2.8161295e+00   9.2184566e-01
  -4.1926315e-01  -2.7523461e-01
   1.9319266e-01   4.4424021e-01
  -4.8100963e-01  -7.1058961e-02
   3.4796088e-01  -8.3585476e-02
  -5.8335520e-01   1.2495543e+00
   1.7199645e+00   1.1790246e+00
  -8.9112826e-01  -1.0330784e+00
  -9.4001125e-01  -9.7432717e-02
   5.3222452e-01  -6.7830794e-02
  -9.9336694e-01  -4.0883889e-01
  -2.6512074e-01  -9.2701242e-01
  -4.0568086e-01  -9.4113667e-01
  -3.2035632e-01   1.4802883e+00
  -2.8573480e-01  -9.4489023e-01
   1.4546309e+00   8.5019072e-01
  -2.5545262e-01  -2.9593643e-01
  -5.7399661e-01  -3.5950939e-01
  -2.7126345e-01  -4.8282314e-01
  -2.5158228e-01  -2.5765080e-01
   1.8349503e-02  -2.1181072e+00
   1.7987613e-01   7.1768998e-01
   9.3313640e-02   3.9948974e-01
  -2.6015551e-01  -5.0362443e-01
  -4.7567653e-01  -5.0417862e-01
   1.9672499e+00   1.3923378e+00
  -2.1241037e-01  -2.5040797e-01
   5.0643715e-01   3.5868120e-01
  -2.9262110e-01  -2.2636133e-01
  -1.1313072e+00  -6.3288603e-01
   2.7368366e-01   1.1838156e+00
   1.0504772e-01   1.9781665e-02
  -5.4297667e-01  -7.5659797e-01
   7.1925448e-02   5.4229185e-01
  -2.9403278e-01   1.8362894e+00
  -4.4194172e-01   1.7535223e+00
  -5.6979808e-01   4.8990593e-01
   2.2119188e+00   1.1730116e+00
  -2.0530021e-01   5.3683959e-02
  -8.0043194e-01  -2.1895213e-01
  -9.8006154e-01   1.4799046e+00
  -4.2038834e-01   1.2777072e+00
  -6.0916541e-01  -7.6355630e-01
   6.6682930e-02  -5.7718761e-02
  -5.6088701e-01  -4.7645969e-01
  -5.3142357e-01  -8.0970106e-01
  -5.1772220e-01  -3.0311243e-01
  -2.0574662e-01  -4.2000120e-02
  -3.9051489e-02   4.5866760e-01
  -9.5057613e-01   2.1356647e+00
  -6.8779144e-01   7.5761954e-01
  -2.3158128e-01  -5.7643977e-01
  -2.1943127e-01  -7.3724041e-01
   1.7194387e+00   1.0138910e+00
  -7.5436306e-01   1.5701926e+00
  -6.2118683e-01  -1.1754808e-01
  -1.4582058e-01  -4.6794977e-01
   1.6864605e-01  -5.1292165e-01
  -2.4926578e-03  -5.8493346e-02
  -9.5294071e-02  -2.3054503e-02
  -3.4016439e-01  -2.8104581e-02
  -7.6252421e-01  -8.8287413e-01
  -6.9609662e-01  -5.8126488e-01
  -3.1143243e-01  -5.6683098e-01
  -3.6344008e-01  -7.0181824e-01
   4.9676922e-01  -7.3421368e-02
  -1.3917848e-01  -3.3354939e-01
   1.3096227e-01   1.7018835e-02
  -3.0383504e-01  -1.4375973e+00
   4.3605547e-01  -2.9037805e-02
  -4.4750017e-01  -2.0840498e-01
  -4.5765460e-01  -1.2129226e-01
  -3.9570108e-01  -8.0538382e-01
   4.2481024e-01   1.4719919e-01
  -5.4916173e-01  -1.1126667e-01
   4.1372234e-02  -1.6676295e-01
   4.7969363e-01   3.0746696e-01
  -5.3616683e-01   2.8269648e-01
  -5.3507582e-01   2.7768247e-01
  -9.7654198e-01   2.3421525e-01
  -5.3040650e-01  -4.2675451e-01
  -4.0433916e-01  -3.4042394e-01
  -2.8149605e-01   1.3157109e+00
  -1.0882056e-01  -5.4233079e-01
   2.5821771e-01  -1.3982829e-01
  -1.2804231e-01   1.9428343e-01
  -7.3556479e-02   4.4753384e-01
  -4.8819692e-01  -6.8593276e-01
  -4.1388104e-01  -5.9723073e-01
   5.5618397e-03  -1.1621105e-01
  -5.2258133e-01  -1.7547819e-01
  -6.2660848e-01  -2.6166506e-01
   3.1690528e-01  -1.8224654e-01
  -6.7714270e-01  -4.9702142e-01
   2.0194661e+00   1.2121750e+00
  -6.5355846e-01  -1.0337460e+00
  -6.8596745e-01  -5.6144703e-01
  -6.6017410e-01  -9.2604250e-01
  -9.7431842e-01  -5.8404336e-01
   2.7831071e-02  -8.3062561e-01
  -5.6157305e-01   2.1782366e+00
   1.9118775e-01   2.4694682e-01
  -6.8385167e-01   3.1647711e-01
  -6.1752251e-01  -4.3788853e-02
  -3.7112689e-01   4.2577529e-02
  -5.4049981e-01   3.9315832e-02
   2.3932282e+00   1.4153219e+00
   1.6143442e+00   9.3385461e-01
  -2.5379161e-01  -2.4756919e-01
   1.1566324e-01   1.1172923e+00
  -4.8427340e-01   1.5030130e-01
   2.8995098e-01   1.4916427e+00
  -9.1282229e-01   8.8684271e-01
  -6.4788986e-01   2.9274953e+00
  -3.9130780e-01  -6.4892507e-01
  -1.3752162e-01   2.0235897e-01
  -2.1628327e-01  -1.1562341e-01
  -4.6734564e-01  -1.9151762e-01
   2.0275014e+00   1.2785224e+00
   6.7810597e-02  -4.7385292e-02
  -7.6836651e-01   1.1103337e+00
   6.5827547e-01   1.1826255e+00
   2.3387330e+00   9.8907859e-01
   1.6194716e-01   8.3168805e-02
  -2.8957342e-01  -1.0100982e-01
  -2.7991206e-01   1.8380982e+00
  -4.0888559e-01   1.6940855e+00
  -7.2691048e-01  -5.3788760e-01
  -5.0174487e-01  -2.2822801e-02
  -3.1611130e-01   9.1635056e-01
  -3.0747016e-01  -2.8942243e-02
   1.9068924e+00   8.0193828e-01
  -8.1929686e-02  -8.1137136e-02
   1.2382605e-01   5.0261344e-01
  -4.3157782e-01  -1.8328316e+00
   4.5827401e-01   6.5493564e-01
  -2.4420565e-01  -6.8637442e-02
   4.0791587e-01   5.6265381e-01
  -1.0227359e-01  -3.6248222e-01
  -2.4620434e-01  -2.4692936e-01
   1.2604442e+00   5.6784738e-01
  -6.6774092e-01  -5.3449949e-01
   2.3630491e+00   5.5296202e-01
   3.2009042e+00   7.0178645e-01
  -7.5907052e-01  -1.5584957e-01
  -2.4825934e-01   7.7264854e-01
   2.1439009e-01   4.2955970e-01
   5.1987478e+00  -2.9348993e+00
  -1.0840768e-02  -4.9675328e-02
  -5.7792160e-01   3.0854605e-01
  -1.2897671e-01  -5.3581445e-01
   2.9655703e+00   1.2589717e+00
  -9.0493338e-01  -9.3584906e-02
   6.7454862e+00  -7.6068850e+00
  -5.3254151e-01  -3.6868927e-01
   1.1880191e-01   1.4730455e-01
   1.4181772e+00   1.0961231e+00
  -9.1841489e-01  -4.6939891e-01
  -7.8216021e-01  -1.8931635e-01
  -6.4677737e-01   1.9530428e+00
  -2.2802329e-01  -5.7495239e-01
  -3.6114865e-01  -2.7423664e-01
  -5.3487766e-01  -8.8231941e-01
  -8.2334835e-01  -3.8574531e-01
  -6.3232845e-01   1.3044437e+00
  -5.3022781e-01  -1.4791879e-01
  -2.7882186e-01  -4.9621099e-03
  -1.1139419e-01  -6.2872522e-01
  -6.8104492e-01  -7.3748212e-01
  -3.0324375e-01  -1.6427586e-01
  -4.7908131e-01  -4.9233638e-01
  -3.5696140e-01   1.3325490e+00
  -9.1778444e-01   1.8377119e+00
  -6.2261303e-01  -6.9359242e-02
  -5.7515288e-02  -3.4136952e-01
  -3.5294081e-01  -4.5917410e-01
   1.8283659e-01  -1.3049142e-02
  -1.2062900e-01   1.9539156e-01
  -1.7792569e-01   1.2822261e-01
   2.4008518e+00   1.6129955e+00
   2.1511059e+00   1.2792637e+00
  -5.0679616e-01   3.2224547e-02
  -6.4728360e-01  -1.5351695e-01
  -7.0911592e-01   1.1672869e-01
  -2.2541789e-01   1.3235449e-02
  -6.0049284e-01  -1.5929191e-01
  -4.0129712e-01   9.1523701e-01
