  -2.5430089e-01  -9.6465123e-02
   3.0465221e-01  -4.5604407e-01
   8.5912582e-02   6.9490036e-01
   1.7131632e-02  -1.2483655e-01
  -2.5159361e-01  -9.8218361e-01
  -4.1708135e-01  -2.4943746e-01
   7.4764009e-01   4.9177613e-01
   4.9152063e-01  -4.1862963e-01
   1.1051636e+00   2.4090941e+00
   3.2536496e-02   3.4674354e-03
  -6.1828611e-02  -2.3723518e-01
  -6.8886340e-01   1.1192626e-01
  -1.9124722e-01  -5.9320007e-01
  -4.8686047e-01  -8.5888792e-01
  -1.2188655e-01  -3.0958477e-01
   1.1615300e-01  -2.3731075e-01
  -3.3701836e-01   1.9604664e-01
   4.5676635e-03   1.1185078e+00
   3.8999063e-01   7.9298451e-01
  -9.3148091e-02  -5.0225760e-01
   1.1496634e-01  -4.1728291e-03
   1.7584251e+00   2.8769833e+00
   8.7434999e-01   2.0310332e+00
  -2.0890125e-01  -5.0066376e-03
  -5.7868212e-01  -2.6661579e-01
  -1.1820804e-01  -1.0205891e+00
   4.9752274e-02  -3.8558575e-01
  -2.5186010e-01  -5.5527544e-01
  -6.4090401e-01  -5.0131559e-01
  -7.4127163e-01  -1.3490743e+00
   1.7093261e+00   2.3047880e+00
  -1.7336401e-01   1.7092430e-01
   1.0610753e-01  -5.3438475e-01
   4.0173919e-01  -1.8334305e-01
   1.0299878e-01  -2.5755073e-02
  -8.9856007e-01  -1.1321283e-01
   1.0529392e+01   7.0967531e+00
   2.5900857e-02   3.1548883e-01
   4.5473219e-02  -7.0006708e-02
   4.9252260e-02   2.1143640e-02
   3.7960779e-01   8.7495355e-01
  -6.9610878e-01  -8.8944306e-01
   1.3857042e-03   4.2845746e-02
  -8.5036691e-01  -8.6895005e-01
   5.2496529e-01   1.0932466e-01
  -3.2114128e-01  -5.5064826e-02
   2.6217813e-01   6.5936718e-01
  -5.2753955e-01  -8.9827949e-01
   6.0133596e-01   8.6789625e-01
  -2.0419387e-01   6.3711350e-02
  -1.8437599e-01  -6.4807421e-01
  -3.4280076e-01  -9.2973653e-01
   2.1243500e-02   1.0025558e-01
  -1.5950620e-01   5.0576826e-01
  -2.9568865e-02  -4.7612983e-01
  -7.7311972e-02  -4.3056718e-02
  -9.7351858e-02  -2.6731415e-01
  -3.7539634e-01  -8.8390102e-01
   8.1412095e-01   2.3363075e+00
   3.7047045e-02   2.0454968e-01
  -5.1939060e-01  -7.7714385e-01
  -2.2140548e-01   6.1323282e-01
   4.0473888e-02  -2.0334723e-01
  -2.1396275e-02  -7.5161977e-01
  -1.7290261e-01  -3.0903194e-01
   3.9697310e-02  -3.3712229e-01
  -5.6397180e-03  -5.5472475e-01
  -1.1891175e+00  -1.4771825e+00
   2.3768584e-01   5.5443353e-01
  -6.1113613e-01  -1.1049972e+00
  -5.6749761e-01  -1.2449834e+00
   8.4711357e-02  -1.9784041e-01
  -3.3155796e-01  -3.6561294e-01
  -1.6517512e-01  -6.7950637e-01
   3.0430030e-01  -2.3172181e-01
   6.4650632e-01   1.0319257e-01
   1.2088076e-01   4.7007735e-01
   1.0003787e+00   2.5149328e+00
   2.3730453e-02   1.3944194e-01
   4.7236763e-01   2.8759231e+00
  -1.8792469e-01   5.2289593e-01
   1.0773516e-02   8.5580363e-01
  -9.6168551e-02  -1.7547582e-01
  -4.4059288e-01  -2.7074256e-01
  -5.5177256e-02   9.2071518e-03
  -1.5664658e-01  -1.4248804e+00
  -4.5895102e-02   3.7165286e-02
   8.9469231e-01   2.0731712e-01
  -1.0302032e-01   1.3180651e-03
   8.1299488e-02   2.9104838e-01
  -1.6673230e-03   9.8765288e-01
  -3.5788022e-03  -2.0128362e-01
  -5.4222653e-01  -9.1107889e-01
  -4.9629431e-02   2.3639424e-01
  -4.0796290e-01  -6.0904439e-01
  -1.5374378e-01   2.9202527e-02
   6.4143831e-01   4.7841992e-02
  -3.9577718e-01   3.9582359e-01
  -6.3739929e-02  -6.0726665e-01
  -3.9736446e-02   1.5195489e-01
  -7.4699759e-02   1.9245530e-01
  -6.4616438e-01  -1.0688424e+00
   1.5173656e-01   5.1370425e-01
   3.2017240e-01   2.9603404e-01
   4.9530613e-01   2.7592062e-01
  -3.4804424e-01  -2.3570100e-01
  -5.3601399e-01  -8.5884194e-01
  -1.3033806e-01   2.2636490e-01
  -1.0686926e-01  -8.4097954e-01
   1.0084403e+00   2.1003105e+00
  -2.0547941e-01   4.9850914e-01
  -2.8492137e-01  -4.0673485e-01
  -3.8820383e-01  -3.9992429e-01
  -1.4792321e-01  -3.6203426e-01
  -8.2971067e-02   5.9586568e-01
  -5.5043340e-01  -1.4987686e+00
   6.6520182e-02   2.8531430e-01
   4.9522164e-01   1.4906819e+00
  -6.7492007e-02  -2.3018615e-01
  -2.4109991e-01   8.7848648e-01
  -9.2091424e-02   3.9687005e-01
  -1.9407928e-01  -6.7638954e-01
  -3.7890878e-01  -1.2838490e+00
   1.5571700e-01   4.2162586e-01
   1.0169684e-01   1.7896670e-02
  -5.3493208e-01  -1.4604249e-01
  -1.7349583e-01   2.5218738e-01
  -7.7550673e-01  -1.4532905e+00
   4.3801730e-01   4.9977712e-02
  -5.4642209e-03   2.2340930e-01
  -3.4707841e-01   9.0129476e-01
   1.2067585e-01   5.1407431e-02
   5.0792284e-01  -1.0880824e-02
  -2.2475877e-01  -4.6195040e-01
  -3.4738963e-01  -1.0842890e+00
  -4.2589596e-01  -1.3796729e+00
   8.7185057e-01   1.8607923e+00
  -4.3679859e-01   8.6885417e-01
   2.5750045e+00   2.8998436e+00
   5.8732659e-02   7.1557251e-02
   2.5978482e-01   3.3718604e-01
   1.6749348e-01   7.0607317e-02
  -6.8195354e-01  -1.5150657e+00
   4.1903497e-01  -4.4385089e-01
   5.7078932e-01   4.3435908e-01
  -1.9446311e-01  -1.9808546e-01
   2.9037310e-01   5.0974250e-01
  -8.8827020e-01  -6.9027823e-01
   1.1138154e-01  -2.3773367e-01
  -5.2615439e-01  -1.4147057e+00
   2.9231717e-02   4.5247121e-01
  -1.9660008e-01   2.5381509e-01
   6.4424938e-01   5.1240722e-01
   2.5585666e-01   1.4946613e-01
  -2.4029327e-01   3.4133200e-01
  -2.8004525e-01  -8.0225876e-01
  -8.3005064e-02  -9.1847807e-02
  -1.3816243e-01  -9.7060026e-02
  -3.3965013e-02   8.7110198e-01
  -4.3955650e-01  -7.0030221e-01
   1.3362346e+00   2.1313087e+00
   3.6527185e-02  -2.5117043e-01
   4.3319889e-01  -1.1705985e-01
   3.9356687e-01   2.1177716e-01
  -1.6662337e-02  -4.5266115e-02
  -2.0853326e-01   3.4020219e-01
   2.1676245e-01   4.9742172e-01
   4.4833933e-01   1.6333446e-01
   1.7553501e-01   5.7534212e-02
   2.3849872e-01   4.4019758e-01
   2.6317723e-01  -2.1213471e-01
  -3.4814439e-01  -1.2421432e+00
  -6.9610384e-01   4.1049594e-01
  -5.0024163e-01  -1.1960118e+00
   8.0786876e-01   1.9118361e-01
  -1.9276603e-02   1.2643385e-01
   2.4617996e-01   4.4923637e-01
  -1.1352194e-01  -9.3241563e-02
   2.9894871e-01   6.3706517e-01
  -5.0857019e-01   1.7118239e-01
  -6.7217261e-02  -3.5456643e-01
  -6.0916233e-01  -7.8733922e-02
  -3.3575457e-01  -1.2945774e+00
  -3.4739631e-01  -1.2814347e+00
  -9.9858771e-02   2.6690840e-01
   7.5274780e-02   3.6609722e-01
  -5.0899074e-01   2.6733406e-01
  -1.0473200e-01   6.1778535e-01
   2.8733672e-01   1.5244777e-01
   5.0677305e-01   3.8834236e-01
  -4.9745062e-01  -2.1228253e-01
  -3.1495539e-01   1.6988771e-02
   8.2185149e-01   2.1239995e+00
   4.1035082e-01   2.6114933e-02
   1.9422194e-01   1.7310699e-02
   1.5156529e-01   1.4173264e+00
   3.9894125e-01   1.8070954e+00
  -1.7662190e-02  -2.9897989e-01
   2.4902978e-01   2.4539228e-01
   2.5821340e-01   3.5876189e-01
  -5.4912586e-01  -9.0879924e-01
   5.0372787e-01   1.2965951e-01
  -3.0862550e-01  -1.6119878e-01
  -1.4946452e-01   5.3071927e-01
  -4.2049813e-01  -1.1040743e+00
  -2.2649305e-01   8.8936927e-02
   9.4222321e-02   7.2447467e-01
  -1.0253821e-01   2.2002118e-01
   4.8510549e-01   1.1729132e+00
   7.7353308e-02  -5.5466108e-01
  -5.3174189e-01  -1.2599404e+00
  -5.8633282e-01  -3.5115695e-01
  -1.1465988e+00  -8.9453629e-01
   2.2756653e-01   1.0335365e+00
  -5.0182691e-01  -1.2373102e+00
  -4.8659818e-01  -6.3998928e-01
  -5.5589847e-01  -6.5271461e-02
  -2.2696746e-01  -1.0176094e+00
   4.1130419e-04  -7.8897074e-01
  -5.3103804e-01  -8.9391471e-01
   7.2195816e+00   5.5774190e+00
   3.5399648e-01   1.1077770e-01
  -4.9839189e-03   2.1291378e-01
  -1.1309672e-01  -1.1863867e+00
  -3.2794498e-01   5.0034714e-01
  -4.4582162e-01  -3.8864030e-01
  -4.5758241e-01  -5.4651016e-01
  -3.9959894e-01  -4.3824136e-01
  -1.5203613e-01  -1.2694442e+00
   3.2850374e-01   4.9743852e-01
   2.1220917e-01  -2.7384814e-03
   4.8870607e-01  -2.1927763e-01
  -3.9646827e-01  -6.8402946e-01
   3.5896143e-01   6.3279944e-02
  -4.4741709e-01  -6.0581499e-01
   1.9813215e-01  -4.3378568e-01
   1.6072198e-02   1.8401012e-01
   1.7007516e-01   1.0619431e+00
  -1.3120825e-01  -1.1460052e-01
   1.3205554e+00   2.2371185e+00
  -3.7033945e-01  -1.8922514e-01
   1.2072559e-01  -4.3234214e-01
  -1.0528048e+00  -4.2801030e-01
  -5.2391748e-01  -3.0490987e-02
  -3.3371060e-02  -4.7481584e-01
  -1.6548973e-01  -1.9282259e-01
  -3.9320503e-01   6.7341040e-03
   3.5877968e-01   2.0678058e-01
   5.5967544e-01  -8.7533414e-02
  -1.0539092e-01  -2.1108369e-01
   6.6523926e-01   4.3651215e-01
  -9.7837725e-01  -1.1393803e+00
  -4.0419988e-01  -1.3433304e+00
   2.5619188e-01   4.1401774e-02
   8.6669592e-01   1.3767982e+00
   1.1366198e-01   3.5905394e-01
  -2.3946261e-01  -1.0901504e+00
   1.3134156e-01  -9.4459798e-02
  -3.9694324e-01  -6.8862053e-01
  -9.1944876e-01  -6.3037123e-01
  -6.0043197e-01  -1.4543050e-01
  -2.4568274e-01  -1.7997317e-01
  -6.4546686e-01  -1.3143817e+00
   2.8295028e-01   8.6088267e-01
   5.5119321e-01   6.3473757e-01
   2.0939778e-01   5.2547128e-01
  -1.0787853e+00   1.1697715e-01
  -2.6760824e-01  -4.3861574e-01
  -8.4112302e-03  -2.0712006e-01
   1.2259455e+00   2.1707189e+00
   1.8326206e+00   3.3787499e+00
  -2.8268268e-02  -4.5390842e-01
   6.9225405e-02   5.6027975e-01
  -1.5297111e-01  -2.1934638e-01
   1.2663271e-01  -7.6395711e-02
  -3.9025121e-01  -3.6470716e-01
   1.6380482e+00   2.4713186e+00
  -8.4650839e-01  -1.3034399e+00
  -2.0936108e-01  -4.0029606e-01
   6.5135833e+00   5.7979207e+00
   1.1504920e-01  -1.8738253e-01
  -4.8906307e-01   6.0990900e-02
   1.0748624e-01   2.7938035e-01
  -4.6499099e-01  -1.2690349e+00
   5.8384693e-02  -1.0431025e-01
   2.4981489e-01   1.6810598e+00
   3.9568310e-01   7.6735521e-01
   3.5702167e-01   6.1991068e-01
  -3.1435697e-01  -4.9127946e-01
  -7.4792208e-01  -8.1445529e-01
   1.2101889e-02  -9.2702359e-01
  -4.1193607e-01  -4.3411910e-01
   2.2347507e+00   3.4741844e+00
  -6.3810055e-02  -1.3377236e-01
  -7.2161413e-01  -1.0026134e+00
   2.5326819e-01   2.5919006e-01
   3.2398690e-01   1.6175131e+00
  -3.7487492e-01  -1.2944513e+00
  -5.8973538e-01  -1.2264105e+00
   1.2438620e-01  -2.3873980e-01
  -3.5848305e-01   3.7984380e-01
   1.5573652e-01   7.0507985e-01
   1.6888254e-01   3.3424086e-01
  -6.2247531e-01  -1.8718475e-01
  -7.2580169e-01  -9.7986457e-01
  -6.5013233e-01  -1.0566276e+00
  -4.1066261e-01  -1.0542725e+00
   9.6540385e-03   2.4320769e-01
   2.1687668e-02  -2.4137944e-01
  -2.5240424e-01  -1.3235355e+00
  -5.0865187e-02   1.7095550e-01
   4.1653515e-01   9.6391107e-01
  -5.9028311e-01  -1.3361974e+00
  -1.0087186e-01  -5.8240844e-01
   6.3520028e-02   2.2593359e-01
  -5.8891062e-01  -4.7526128e-01
  -4.7741697e-01  -6.8119624e-01
  -2.9612797e-01  -6.4447480e-01
   6.7746577e-01   1.1647171e+00
  -4.9454798e-02   4.0695433e-01
  -3.0343174e-02  -8.9141569e-01
  -5.5670182e-01  -1.6616269e-01
  -2.1610310e-01   2.1063943e-01
   4.7026552e-01  -2.7832625e-01
  -4.5794356e-01  -6.8229381e-01
  -8.0433162e-01  -1.0501030e-01
  -4.6491166e-02   1.3410493e-02
  -1.4312782e+00  -1.0401258e+00
  -4.7524581e-01  -3.7878369e-01
  -5.0539182e-01   4.2338646e-01
   2.0794666e+00   3.4093854e+00
  -2.6622420e-01  -6.6729187e-01
   5.9137135e-02   5.3998191e-01
  -6.9321341e-01  -7.5572308e-01
  -6.5290316e-01  -4.4213348e-01
  -5.2188586e-02  -4.8075807e-01
   1.0296411e-01  -4.1434822e-01
  -2.9857899e-01  -7.2652959e-01
   1.4579386e-01   2.1748721e-01
  -2.9275010e-01  -3.6134523e-01
   9.4541612e-01   1.7789166e+00
   3.1290860e-01  -8.0442575e-03
   8.0054111e-01   1.8068244e+00
  -2.0796846e-01   2.7366193e-01
  -6.1936225e-01  -1.4366443e+00
  -4.8090516e-01  -2.6645536e-01
  -5.6073995e-02  -1.0176976e+00
  -2.3640736e-01  -1.8905294e-01
  -2.5408538e-01  -6.3566080e-01
  -3.2003670e-01  -1.9500900e-01
   3.1872643e-01   4.1784794e-01
   4.4161623e-02   3.7281568e-02
   3.7883023e-02   5.4324457e-03
   3.4411890e-01  -1.1207747e-01
   9.9386835e-02  -3.4109132e-01
   1.9448576e-01   4.0417665e-01
   5.9390216e-02   4.9324618e-02
   4.7024454e-01   1.3605099e-01
  -4.4442439e-01   2.6300265e-02
   4.9511657e-02  -2.3339652e-01
  -9.2560733e-01  -1.3486872e+00
  -4.8271803e-01  -1.4240994e-01
  -4.2855705e-01  -8.4450523e-01
   2.0554502e-01   4.6472034e-01
   2.5776128e-01  -2.0817249e-01
  -5.5488739e-01  -7.6015708e-01
   1.1376064e+01   6.5747814e+00
  -1.2550098e-01   7.3127838e-01
  -7.7312964e-01  -4.4242524e-01
   9.8459293e-02  -7.6527574e-01
  -3.8239009e-01  -6.7755916e-01
   3.8217686e-02  -6.0532987e-01
  -4.2084118e-01  -1.0765147e+00
  -6.1508621e-02  -8.5443353e-01
  -7.9717012e-02   3.2806020e-01
   7.6340870e-01   1.9653543e+00
  -9.8315458e-01  -1.0759223e+00
   4.6778384e-02  -1.5703118e-01
  -1.9958009e-01  -7.1232077e-02
  -1.2648602e-01   3.1831426e-01
  -4.2003935e-01  -9.9328579e-01
  -1.6292902e-01  -1.0243819e+00
  -7.5041483e-02   8.4403816e-01
  -9.6195141e-02   5.2027145e-02
  -3.9365341e-01  -5.6943864e-01
   5.3207474e-01  -1.6785416e-01
  -6.2188863e-02  -4.1941262e-01
  -7.1764465e-01  -8.1813053e-01
   1.2275659e-01  -9.9357944e-02
  -3.3238518e-02  -1.0221608e-01
  -5.5382100e-01  -7.8272961e-01
  -4.2339044e-01   3.6345575e-01
   8.6126271e-01   1.6339484e+00
  -4.6877328e-01   2.2169733e-01
   4.2490991e-01   1.3692771e+00
  -8.6433775e-02   8.6959067e-01
  -1.1318452e-01  -7.0181921e-01
  -2.9186925e-01  -5.8069365e-01
  -1.9396590e-01  -7.2016700e-01
  -8.6793462e-02  -1.1095020e+00
   3.5657338e-01   1.0046088e+00
  -1.9831082e-01  -2.3746655e-01
   1.2526030e-01  -1.5564057e-02
   2.1195519e+00   3.0061515e+00
  -2.3395121e-01  -2.0667251e-01
   4.6986742e-01   1.7403917e-01
  -8.0354052e-01  -5.7344670e-01
   4.1480428e+00   4.4380470e+00
  -9.1974847e-01  -8.6782003e-01
   4.7043008e-01   1.5180894e-01
  -5.3657598e-01  -1.4787822e+00
  -3.1920139e-01  -1.2372633e-01
   6.2643806e-01  -2.3186898e-01
  -1.4411461e-01  -4.2331101e-01
   3.8727895e-01   3.9559990e-01
  -1.1652184e-01  -2.6970539e-01
  -3.0419051e-01  -3.0717158e-01
  -4.8459684e-01  -1.0176373e+00
   2.8191319e-02  -1.4248786e-01
  -7.9279098e-02  -5.1406436e-01
   6.5214847e-02   5.4401773e-03
   1.1822990e-01  -4.8772193e-02
  -4.3143234e-01  -4.9813575e-01
   5.9803449e-02   6.5213561e-01
  -3.7934596e-01  -1.5527003e+00
  -1.1461635e-01  -5.1281321e-01
   2.2491188e-02   1.3212947e+00
  -2.1046481e-01  -3.1736190e-01
   3.3061620e-01   1.4929556e-01
  -1.6121689e-01   4.3607136e-01
   1.3836429e-01  -4.6258378e-01
  -4.9755460e-01  -5.0953565e-01
  -1.3631268e-01   1.7298139e-01
   3.2074529e-01  -2.1583780e-01
  -3.1985007e-01  -1.9060063e-01
   1.6265320e-01  -4.9381151e-01
  -6.0001379e-03  -3.8286387e-01
  -1.1811967e-01  -6.8327051e-01
   3.6334886e-01   2.9957277e-02
   9.8372742e-02   7.1741750e-02
   4.7623316e-01   2.3963431e-01
  -3.5111251e-01   3.1220191e-02
  -1.3894562e-01   2.1203167e-02
   1.5432790e-01   8.5750235e-01
  -3.2550734e-01  -4.0572381e-01
  -3.5356029e-01  -1.1795935e+00
  -1.6591280e-01  -7.9253819e-01
   4.9557327e-01   1.1050725e+00
   2.1639780e-01  -2.0015066e-01
   2.0211292e-01   1.5341204e+00
   6.5153375e-01   6.5845164e-01
   5.2401583e-01   1.9258732e-01
  -3.4839722e-01  -6.4406171e-01
  -1.3428356e-01   1.6562246e-01
   1.3343327e-01  -6.5171647e-01
  -3.0793453e-01  -4.9419344e-01
   2.9231181e-01   1.6728683e-01
   6.1418882e-01   1.7148509e+00
  -8.7809888e-02  -5.8762362e-01
  -4.6294266e-01   9.8456466e-03
   5.1795805e-02   4.2494316e-01
  -5.1056231e-01  -8.3290345e-01
  -4.8877458e-01  -1.2663090e+00
  -3.9577737e-01  -7.7977631e-01
  -5.3431392e-01  -1.0713941e+00
  -2.6744653e-01   1.0803602e+00
  -4.2855717e-01  -7.6569767e-01
  -2.3479513e-01  -2.8791012e-01
  -4.1233079e-01  -1.2242452e+00
  -2.0815873e-01  -9.0248381e-01
  -1.9671191e-01   1.7219267e-01
  -4.3541800e-01  -8.4760335e-01
  -9.7955487e-01  -5.7061969e-01
  -2.3074359e-01  -9.7869887e-01
  -3.4054440e-01  -1.1901601e-01
   5.7897834e-01   1.2450466e+00
   8.7742134e-02  -4.9168567e-01
  -4.4363401e-01  -4.9597289e-01
  -1.6273783e-01   2.9725384e-01
  -2.9355599e-01  -2.6364625e-02
  -8.2459852e-02   1.1261564e-01
   5.7349966e-02   3.7321975e-01
   2.5320832e-01   1.3439718e-01
   1.3607676e-01  -1.3088430e-01
  -2.2062602e-01  -1.9935053e-01
   2.9361621e-01   1.3368717e-01
   1.5090700e-01   1.1966708e-01
  -3.2493622e-01   2.3065185e-01
  -1.8990756e-01  -1.8759946e-01
  -1.0081198e+00  -1.4743100e+00
   3.9043999e-01   1.2068057e+00
  -1.8921308e-02  -4.9069568e-01
   2.4835309e-01   6.8427825e-01
  -2.7795697e-01  -5.5063199e-01
  -8.1964672e-03   1.5798727e-01
  -9.1716275e-01  -1.6695926e+00
  -2.8887449e-01  -9.4121060e-01
  -5.4754422e-01  -6.3303846e-01
  -7.1072276e-02  -8.3246120e-01
   3.8658310e-01   6.5997618e-01
   3.0987861e-01  -1.8660254e-01
  -8.0574278e-01  -1.6104474e+00
  -1.7035490e-01  -1.1373078e+00
   2.6318467e-01   6.8302779e-01
   8.6975184e-01   1.8237068e+00
  -2.1279101e-01   2.6641006e-02
   2.3354020e-02   4.9010513e-01
   2.7927415e-02  -8.9648696e-02
   8.3912832e-02   9.7719746e-02
  -6.1420448e-01  -4.6940746e-01
   4.5495536e-01  -2.4477652e-01
   1.2932234e-01  -7.8807229e-01
   2.8670842e-01  -9.3131156e-01
  -8.2625862e-01  -9.5145977e-01
   2.2544837e+00   3.5421528e+00
  -2.3227139e-01  -1.2362778e+00
  -6.4789777e-01  -4.4886246e-02
  -3.9425235e-01   7.4067567e-03
  -2.5662144e-01  -3.0913737e-01
   1.4453392e-01  -8.0682309e-02
  -5.1436654e-01  -3.0633448e-01
  -6.7302138e-01  -5.0960178e-01
  -2.2808960e-01  -9.3824709e-02
  -3.5487418e-01   2.5352954e-01
   8.9129830e-01   2.7356075e+00
  -5.6495651e-02   2.8890085e-01
   3.7888792e-01   3.1667772e-01
  -6.3935519e-01  -9.8087897e-01
   1.4064510e+01   7.6502919e+00
   3.8923149e-01   1.2071829e+00
  -1.0400289e+00  -1.1005901e+00
   5.2701930e-01   4.3472610e-02
  -4.5049503e-01  -7.1380201e-02
  -6.3305278e-02  -1.5619500e-01
  -7.6727748e-01  -6.1177919e-01
  -4.0857388e-01  -2.5183168e-01
  -1.0527517e-01   6.3161647e-01
  -6.9904706e-01  -3.0886960e-01
  -2.7050594e-01  -1.7810347e-01
  -3.4326467e-01  -4.9492273e-01
  -8.1535349e-01  -4.6645480e-01
  -9.9788174e-01  -5.5855409e-01
  -4.4609873e-01  -2.9792210e-01
   8.1505080e-01   9.7412229e-01
   9.5246042e-02   8.8041621e-02
  -1.1481256e+00  -1.0099749e+00
   8.7350062e-02   1.1032128e+00
  -4.6119037e-01  -2.5278927e-01
  -6.4374331e-01  -1.4610406e+00
  -2.3925021e-01  -1.3038338e+00
  -9.3069447e-02  -5.9997707e-01
  -9.9391267e-01  -1.2501216e+00
   7.1922895e-02   1.7115542e+00
  -1.8904544e-01   4.9004258e-01
  -4.9261993e-01  -3.5775367e-01
  -7.6179106e-01  -8.6012351e-01
   6.4607023e-02   3.5063271e-01
  -6.5755116e-01  -6.6466143e-01
  -2.8800474e-01  -8.0776691e-02
  -7.5010153e-01  -9.8611453e-01
  -3.8573387e-01  -1.0510709e+00
  -8.6808373e-01  -8.2893165e-01
  -3.3044056e-01  -1.5408629e-01
   3.7185950e-01   9.0792184e-02
   3.3346380e-01  -8.3498294e-01
   1.2183813e+00   2.2984776e+00
  -6.3384746e-01  -1.2756114e+00
   8.0572264e+00   5.9913679e+00
  -1.2368953e-01  -4.6793012e-01
  -3.0131831e-01  -8.5499627e-01
   2.3670040e+00   3.6593476e+00
  -2.9528633e-01   5.7372864e-01
  -2.1695333e-01   4.6489339e-01
  -2.6780886e-02   1.3357758e-01
   1.5750578e-01   9.3617142e-01
  -9.1833616e-01  -2.0860322e-01
   4.7753293e-02   1.2200637e+00
   1.0500266e-01  -4.3546356e-01
   3.0186781e-01  -3.2990217e-01
  -3.7843546e-01  -1.2964284e+00
   5.1474448e-02   2.2848072e-03
  -5.2515412e-02  -5.1079657e-01
  -2.6167398e-01  -2.3352744e-01
  -1.7120797e-01   4.8088740e-01
  -6.2634972e-01  -1.2137745e+00
  -3.0563233e-01  -2.4550765e-01
  -2.2281205e-01  -1.9410077e-01
   6.7210646e-02   4.3504394e-01
  -6.4497292e-02  -1.1469675e+00
  -2.1426529e-01  -3.6016904e-01
   1.3574330e+00   1.7854280e+00
  -1.9735990e-01   1.3805804e-01
  -6.4073045e-01  -3.8765352e-01
  -5.4409799e-01  -1.2123880e-01
  -4.5172237e-01   8.0809062e-02
  -6.1771250e-01  -1.5644479e+00
   1.1776987e-01  -6.2730040e-01
   1.4389428e-01  -1.0148122e-01
  -9.7835237e-01  -8.4987643e-03
  -8.2055397e-02   3.7169402e-01
   2.1920928e-02  -3.7210497e-01
  -1.6928167e-01  -4.1927943e-01
  -5.6879809e-01  -4.5618664e-01
  -2.3800418e-01   9.3250676e-02
  -1.2519492e-01  -5.5193972e-02
  -4.1906654e-01  -6.8721134e-01
  -7.0828453e-02  -1.9177716e-01
   4.9189316e-01   3.3332896e-01
  -2.8302294e-01   2.2644707e-01
  -2.8786323e-01  -1.2143520e-01
  -1.2361788e+00  -7.8891085e-01
  -1.8317160e-01  -3.2781326e-01
  -5.4612694e-01  -3.3691777e-01
  -3.1101439e-01   3.8106925e-01
  -4.4024035e-01  -3.1864859e-01
  -3.1966659e-01  -2.8516197e-01
  -2.1949457e-01  -1.8968934e-01
  -7.9233683e-01  -1.1125839e+00
  -4.5659621e-01   1.3081330e+00
  -1.0285609e-01  -4.3961720e-02
  -4.8027337e-01  -1.3106061e+00
  -1.9590538e-01  -7.7045802e-01
  -7.8496058e-01  -1.7352891e-01
  -5.1873903e-01  -7.2338025e-01
  -3.0748675e-01  -4.1217685e-01
   2.2538141e-01  -4.2445931e-01
  -2.9280988e-01  -8.1024982e-01
  -7.1195841e-02  -3.8160695e-02
  -1.2612925e-01  -4.5034911e-01
   4.9476938e-01   1.1667008e+00
  -4.9113890e-02   1.1005405e+00
  -7.8023371e-01  -7.3816848e-01
  -1.1999223e-01  -3.0495891e-02
  -3.9012164e-01  -2.0809931e-01
  -7.4945318e-01  -5.8651441e-01
   6.8758351e-01   1.4131211e+00
  -3.5949804e-01  -3.8427980e-01
  -3.3184976e-01  -1.2186885e+00
   3.2499203e-01   3.9608844e-01
   1.3275251e+00   1.9677864e+00
   1.9243796e-02   8.8738613e-01
  -4.6852387e-01   3.9897142e-01
  -6.3864769e-02  -5.7570617e-01
  -1.0668440e-01   1.7603770e+00
   3.1732733e-01   2.3236422e-01
   3.1638200e-01  -3.5163058e-01
   3.6578239e-01   2.1250018e+00
  -2.3593663e-01   8.8439399e-02
  -6.9471076e-01  -1.5408781e+00
   7.8799398e-02  -1.9726782e-01
  -1.0768969e-03  -8.8161406e-01
   1.9153610e-01  -4.2290195e-01
   3.3237320e-01  -5.2915682e-02
  -4.1146812e-01  -9.6388414e-01
  -4.0679173e-01   1.6998751e-01
  -4.8970441e-01  -6.7789687e-01
  -4.0414991e-01   1.6105616e-01
  -9.0147454e-01  -6.9413106e-01
  -3.4999447e-02   3.3440566e-01
  -3.1241337e-02  -7.5222303e-02
   2.7643884e-01  -5.6830224e-01
   4.8177964e-01   2.1085634e+00
  -3.8110596e-01   2.2438742e-01
   9.3798552e-02  -2.8059472e-01
  -7.7240500e-01  -4.0302004e-01
   3.7411304e-01  -7.2398597e-02
  -1.3851815e-01  -5.7178752e-01
   5.3746767e-01   1.2357633e+00
  -8.8499658e-01  -1.1036812e+00
  -1.2306278e-01  -4.2591127e-04
  -1.1779444e-01  -3.1119814e-01
  -2.8149317e-01  -1.3365335e+00
  -5.3301020e-01  -1.1098185e+00
  -2.2042194e-01  -3.3152945e-02
   2.4737228e-01   2.3503862e-01
   4.8709301e-02   4.1145360e-01
  -6.6720262e-01   7.1606328e-01
   4.2291320e-01  -2.3852556e-01
   1.5622769e-01  -3.2509501e-01
  -6.4197486e-01  -1.9682074e-01
  -6.9266405e-01  -9.6766292e-01
   3.3877246e-01   3.0057646e-02
  -4.4070895e-01  -1.0482816e+00
  -1.3377624e-01  -3.8727339e-01
  -3.5627998e-01  -2.4882699e-01
  -2.2910134e-01  -2.6393620e-02
  -5.1162628e-02  -4.5315341e-01
   7.3148719e-01   1.1232562e+00
   8.5690889e-01   1.7644749e+00
   7.4145950e-01  -1.4095019e-01
  -2.1106952e-01  -2.3028146e-02
  -5.9481387e-01  -1.1782924e+00
   2.6143330e-02  -2.1967338e-01
   1.1856227e-01   6.4154595e-01
  -1.1721757e-02   4.0689821e-01
  -2.7826880e-02   5.3140339e-02
   3.2560619e+00   3.9268106e+00
  -3.0753929e-01  -9.1547948e-01
   1.8856661e-01  -6.9108263e-01
   2.9800700e-01  -1.2970446e-01
   1.5007364e-02  -3.0872601e-01
  -3.6378893e-01   7.2086349e-01
  -1.8781206e-01   2.3902890e-01
   5.8931063e-01   1.0727557e+00
  -9.3355139e-02   9.7379346e-01
  -5.8004032e-02   5.9232414e-01
  -7.1810102e-01  -7.1423683e-01
  -4.4756205e-02  -3.5649886e-01
  -1.5680439e-01  -1.0666927e-01
  -5.1245413e-01  -5.9173949e-01
  -2.1141032e-01  -9.6689157e-01
   2.1516112e-01   1.4600948e+00
  -1.3177006e-01   3.7024139e-02
   2.1479307e-01  -5.7028906e-02
  -2.3219496e-01   6.7331891e-01
   3.8488547e-01   4.3453163e-01
  -1.3676012e-01  -7.3139744e-01
  -2.3491289e-01  -5.6524312e-01
   1.6997574e+00   1.9078320e+00
  -3.1481173e-01   2.4110641e-01
   6.7031984e-01   1.2893082e+00
  -2.0072535e-01  -1.4031443e+00
  -4.0205537e-02  -3.2344691e-01
   3.9032610e-01  -3.3616795e-02
  -2.3915267e-02  -3.5874888e-03
  -1.1941324e-01  -2.9568267e-02
  -4.6518933e-01  -5.7784905e-01
  -1.8649997e-01   1.5317567e-01
   1.1421805e-02   5.1357904e-02
  -6.1350245e-01  -1.1002069e+00
   2.0868236e-01   1.8313121e-02
  -3.6068823e-01   1.1510694e-02
   2.5214850e-02  -1.6697557e-02
  -2.0699688e-01  -4.8315132e-02
   2.3739902e-02   4.6276586e-01
   4.4822754e-01   2.3856427e-01
  -8.4496903e-01  -1.1553118e+00
  -4.2331162e-01  -6.0695282e-01
  -1.5261701e-02  -1.2672082e-01
  -2.1897569e-01  -9.7892088e-01
  -2.0852940e-01   5.3224677e-01
   3.1717370e-01  -1.9765243e-02
   7.4782777e-01   5.5745080e-01
  -2.6818493e-01  -3.4040846e-02
  -2.8803426e-01  -6.1066756e-01
  -5.3864112e-01  -9.9404730e-01
  -3.6423249e-02   1.3178985e+00
   1.6403975e-01   1.1958581e+00
  -3.4586507e-01  -6.1632103e-01
  -5.1876510e-01  -3.4297890e-01
   1.1010745e-01   2.5607094e-01
  -4.8668352e-02  -2.2916102e-02
  -7.6782784e-02   3.2904544e-01
  -6.4302215e-01   1.2558442e+00
  -3.4220699e-01  -7.3671019e-01
   2.9192459e-02   5.3802119e-02
  -6.9661867e-02   8.5616582e-01
  -5.1932364e-03   1.4340205e-01
  -2.1405905e-01   3.5049999e-01
  -8.0203559e-01  -1.1673549e+00
  -6.5394615e-01  -8.1292786e-01
  -2.2525326e-01  -1.1881310e+00
  -4.1308936e-01   2.5022059e-01
  -2.7527316e-01  -4.4623605e-01
  -3.4268164e-01  -7.8682019e-01
   4.7727007e-02  -2.9139583e-01
  -3.6844552e-01  -3.8897522e-01
  -2.8402122e-01   1.3843372e-01
  -1.6150871e-01  -4.3888574e-01
  -2.6665139e-01   2.1351153e-01
  -6.5313330e-01  -7.5343332e-01
  -1.4173696e-01  -1.4186837e-01
   8.7916438e-02   3.3585418e-02
  -5.8740177e-01   4.7541885e-01
  -5.7181173e-01  -3.8232925e-01
  -4.0081967e-01  -1.0392677e+00
  -2.4633954e-01  -1.9731654e-01
  -1.1495267e-01   3.5432389e-01
  -1.4089867e-01  -1.0543718e+00
  -4.1310510e-01  -2.1429725e-01
   1.7742484e-01   1.6611878e-01
  -6.5634425e-01   1.3332157e-01
  -4.8692273e-01   2.3810470e-01
   5.1276947e-01   8.0740023e-01
  -6.5441991e-01   1.3516255e-01
  -3.6734354e-02   6.9279412e-01
  -4.1107484e-01   4.8455768e-01
  -1.7883324e-01  -3.1034610e-01
  -3.7059318e-01  -9.5487537e-01
   1.3209196e+00   2.3044162e+00
  -1.0579357e+00  -1.3805769e+00
  -1.9699724e-01  -6.8685504e-01
   1.1377604e-01   2.1927980e-01
   4.0628452e-01   5.8418714e-01
  -4.3145164e-01  -1.1654011e-01
  -2.9968398e-01  -2.3866757e-01
  -1.0772571e+00  -9.2478478e-01
   1.8883493e-01   9.3871136e-01
  -1.9128064e-01  -3.8107225e-01
  -2.5555347e-02  -2.2180475e-01
   2.0972518e-01  -3.7384424e-01
   7.5534581e-01   1.2473540e+00
   4.2679361e-01   1.7701954e-01
   1.6842533e-01  -5.1982297e-01
  -4.5369044e-01   2.5087574e-01
   2.3986592e-01   1.2181330e+00
  -1.5239514e-01  -2.5047047e-01
  -2.6926015e-01  -7.5866605e-02
  -3.0851582e-01  -1.2428592e+00
   9.0192797e-01   1.6064049e+00
   2.9342608e-01   5.6929411e-02
  -1.1390226e-01  -2.2463802e-01
  -1.5131411e-01   5.1551449e-01
  -5.1065557e-01  -9.7496603e-01
  -2.8333937e-01   5.0845654e-02
  -1.5769545e-01  -3.6893759e-01
  -1.3399848e-03   6.1528180e-02
   6.0000442e-01  -8.2195417e-02
  -7.4322175e-01  -3.6698026e-01
  -2.2566764e-01   2.2450395e-01
   3.2698303e-01   1.3957669e-01
   4.1442981e-01   1.6356452e+00
  -6.8218086e-01  -1.0055322e+00
   1.3065899e-01   4.0596343e-01
   1.1248173e+01   7.2723765e+00
  -6.5362266e-01  -1.2805020e+00
   1.9867546e-01  -3.3537729e-01
  -2.6605881e-02   3.1429040e-01
   2.6170070e-01  -7.8353754e-02
  -6.8139020e-01  -6.6825202e-01
  -7.2708328e-01  -2.1408703e-01
  -1.3851138e-01  -2.0798437e-02
  -9.9720520e-02   5.6768189e-02
  -6.3746850e-01   1.3391329e+00
  -6.7027398e-01  -1.1190188e+00
   9.7155514e-02  -7.3821210e-01
  -1.4373891e-01   3.9803248e-01
  -5.3022080e-01  -5.2528753e-01
  -3.4094771e-01  -1.6213532e+00
  -3.8625733e-01  -6.1339929e-01
   3.4168635e-02  -1.4728016e-01
  -1.9355319e-02  -1.1197675e+00
  -2.1996587e-01  -1.6316857e+00
   3.9911956e-01   3.5485639e-01
  -4.3516011e-01  -1.1669440e+00
   1.5621165e-01  -2.4147085e-01
   5.7346522e-01   1.4565660e-01
  -2.7975131e-01  -4.6496560e-01
  -5.8454393e-02  -3.3537659e-01
  -6.9961419e-01  -9.7657814e-01
  -2.3481241e-01   3.7252612e-02
   2.5584083e-01  -3.4646830e-01
  -4.1700634e-01   4.5246465e-01
  -7.2679044e-01  -8.4922431e-01
  -2.1349415e-01  -2.8116076e-01
   3.3371530e-01   1.0414732e-01
   2.5391301e-01   2.4634634e-01
   5.1746726e-03  -2.0537167e-01
   1.0328483e-01  -1.7758710e-01
  -2.2180135e-01  -1.7613951e-01
   3.5257304e-01   7.7326595e-01
   2.2315472e-02   7.0385277e-02
  -9.7171023e-01  -1.0298773e+00
   1.4269488e-02  -3.7745406e-01
   6.3669293e-01   3.6766137e-01
  -4.7234598e-01  -1.3367849e+00
   5.1085429e-01   1.5455960e+00
  -2.0808707e-01  -1.0381953e-01
  -9.3383369e-01  -1.1060607e+00
  -5.1052368e-01  -3.1641990e-01
   6.1353108e-02  -3.7640550e-01
  -2.7465220e-01  -5.1870111e-01
  -3.6311039e-01   8.1155228e-01
  -3.5816263e-01  -3.4162995e-01
   1.4016158e+00   2.1706683e+00
   5.5784863e-01   1.3004662e-01
  -1.2386422e-01   1.8107084e+00
   1.0798494e-01   3.6763580e-02
   2.7828905e-01  -3.7805102e-01
   5.5256321e-01   1.8677858e+00
  -6.1448012e-02   1.5616776e-01
  -1.0495003e-02  -8.3884398e-02
  -1.7252408e-02  -6.2571628e-01
  -4.8086837e-02  -5.8383952e-01
  -1.2310311e-01   6.4856389e-01
   2.2433568e-01   6.7620884e-02
   2.5775767e-02  -4.4608311e-01
   9.2345219e-02   6.5287318e-01
  -1.1249535e-01  -6.3568515e-01
  -6.6037213e-01  -8.5219846e-01
  -5.1269019e-01  -1.6506993e+00
  -5.2732967e-01  -1.5085292e-01
   1.4940063e-01   1.1086879e-01
   5.3989453e-01   3.3969270e-01
   1.1413705e-02  -2.9096286e-02
   3.1591652e-01  -9.3604000e-02
  -4.3102923e-01  -8.9663910e-01
  -2.5217817e-01   2.9802248e-01
   8.0843788e-01   4.5179301e-01
   1.9353259e-02   1.8521875e-01
   1.6312206e-01   2.0965306e-01
  -2.2384741e-01  -3.3245827e-01
  -4.2233974e-01   1.4841266e-01
  -3.3885214e-01  -5.3468450e-01
   1.1863624e-01  -5.8834999e-01
  -4.3473979e-02   1.3016523e-02
   2.8781210e-01   2.6745093e-01
   8.7589025e+00   7.3379996e+00
  -1.3481732e+00  -1.2399536e+00
  -1.5424655e-01  -3.6400844e-02
  -1.9132569e-01   1.2511188e-01
  -3.4509172e-01  -9.5190427e-01
  -4.1111324e-02  -5.0936772e-02
  -3.2167359e-01  -3.5881493e-01
  -6.2533862e-02  -5.6112272e-01
  -1.3932400e-01  -2.2309386e-01
  -2.2692842e-01  -3.5072626e-01
   1.5357245e-01   5.7364244e-02
  -1.9724983e-01  -5.8625404e-01
  -7.6732009e-02   8.4340110e-01
  -9.0245725e-01  -5.8291202e-01
  -3.1024014e-02  -6.3859777e-01
   3.7461057e+00   4.2204523e+00
  -4.3628931e-01  -5.8580749e-01
  -2.8175177e-01   1.2209770e-01
  -3.4991970e-02   6.2840865e-01
  -2.2083638e-01   2.9325329e-01
  -1.7175894e-01  -2.4015871e-01
  -5.0575765e-01  -3.9697747e-01
  -2.3919420e-01   3.1830916e-01
   5.1737651e-01   7.2943721e-01
   2.5178826e-01   1.9203646e-01
  -2.0263048e-01  -1.1361902e+00
  -6.0917135e-01  -1.0498887e+00
   4.4431786e-01   2.7290535e-01
   2.8283257e-01  -4.9165000e-02
  -2.1041226e-01   1.3215115e-01
  -2.9449084e-01   5.7302406e-02
  -2.5292309e-01  -4.0835087e-02
   8.5904618e-02   6.2500460e-02
   1.4645982e-01  -4.3923571e-01
  -2.2250391e-01  -2.9642349e-01
  -2.9147504e-01   2.4528176e-02
  -2.0948033e-01  -7.4187404e-01
   1.5686287e-02   5.2252904e-02
   4.4105172e-01  -3.2625722e-01
   4.2272462e-01   3.1200339e-01
  -1.0680130e-01   3.9972151e-01
   9.9864364e-01   1.7788357e+00
   4.2031486e-01   2.8579131e-01
  -8.2354325e-01  -1.0386083e+00
  -4.3994601e-03   7.5021695e-01
  -3.4113697e-01  -2.0136745e-01
  -3.1527109e-01  -5.0798000e-02
   3.8083611e-01   2.1030400e+00
   4.7718331e-01  -1.6821288e-01
  -2.0601730e-01  -6.7601802e-01
  -3.2226452e-01  -6.5272476e-01
  -1.4559501e-01   3.4209881e-01
  -4.9840483e-01   1.1275536e-01
   2.6361825e-01  -3.9609140e-01
   3.6072405e-01  -1.1895282e-02
   5.5109609e-01   1.3610841e+00
   2.7211699e-01  -3.3838422e-01
  -1.4647355e-01  -4.7469124e-01
  -1.9985369e-01   7.8505002e-01
  -9.2069594e-01  -2.7550233e-01
  -2.1684921e-01  -3.3637917e-01
   1.0438661e-01   2.8162896e-01
   9.2104409e-02   4.2363307e-01
   2.5214264e-01   1.6225346e-01
  -8.1856108e-03  -6.4085218e-01
   2.1726369e-01   5.0359260e-01
   9.2359437e-02   5.8058844e-01
  -4.2562985e-02  -1.8736184e-01
  -5.8761183e-01  -1.2244906e+00
  -3.7073775e-01  -6.0063712e-01
   2.6939454e-01   5.9134126e-01
   9.5796608e-02   2.2235720e-01
  -9.2789822e-02  -3.0134491e-01
   1.1669165e-01   4.6143185e-02
  -4.6537039e-01  -3.8433439e-01
  -2.9357054e-02  -1.0088348e-01
  -6.4124474e-01  -8.2812134e-03
  -4.8988298e-01   2.4039318e-01
  -5.1134789e-01  -1.1740117e+00
  -4.3672789e-01  -7.9850563e-01
   2.1976799e-01   6.5608801e-01
  -7.9646522e-02   2.4517393e-01
  -3.0449275e-01  -5.5778000e-02
  -1.7112036e-01  -6.2559146e-02
  -3.8178416e-01  -3.4822486e-01
  -4.3694786e-02  -6.3817765e-01
  -5.1647564e-01   6.8042708e-02
   6.8156420e-01   2.6164742e-01
   9.4387534e-02  -2.1147888e-01
  -1.2867647e-01  -2.6031260e-01
  -6.4594983e-02  -2.5768086e-01
  -6.7167126e-01   9.8207380e-02
  -6.1259356e-01   4.5545775e-01
