  -2.2794581e-01   6.1006879e-01
   5.0080142e-01   9.2654128e-01
  -8.5460913e-02   3.5809472e-01
  -1.5678500e+00  -1.3743122e-01
  -1.3084880e-01   1.9276300e+00
   5.5219103e-02   1.3104736e+00
  -1.6809478e+00  -1.7491197e+00
   1.5578795e-01   1.7746069e-01
  -2.2478644e-01  -3.8996265e-02
  -9.8218131e-01  -1.2722457e+00
   1.0854340e+00  -1.2013790e-01
   1.8474642e-01   1.7783242e-01
   1.2497736e+00  -1.6451253e+00
  -2.4687161e+00  -2.0093248e+00
   1.2815087e-01   1.2064343e+00
  -1.2418459e-01   6.3409430e-01
   1.6703918e-01   1.2720824e-01
  -5.1450905e-02  -3.5230336e-01
   4.3036810e-01   6.1650222e-01
   1.2180668e-01  -2.6042366e-01
  -5.5390983e-01  -1.3028819e+00
   4.0298901e-01   1.0739362e+00
  -5.5408049e-01  -6.4287668e-01
  -1.0286755e+00   1.5146380e-01
  -1.0524637e+00  -4.3687606e-03
   3.1213304e-01   6.7148546e-03
   1.4593912e+00   5.6141256e-01
  -1.2874784e+00  -7.6830651e-01
   5.8601969e-01  -1.3967874e+00
   4.9223961e-01   1.9030128e+00
  -5.7040812e-01  -7.3992194e-02
   1.9831250e+00   4.6934812e-01
  -4.0509577e-02   1.0304096e+00
   1.7772763e+00   8.3351286e-01
   9.9518571e-01   1.8736793e+00
  -9.1574390e-01  -1.4334865e+00
  -4.2382312e-01   9.3636958e-01
  -1.4519225e+00  -1.5588339e+00
  -7.0583743e-01   2.2915583e-01
   2.4720872e-01   6.5837014e-01
   3.9264076e-01   3.1296568e-01
  -3.0361372e-02   3.9373753e-01
   7.5625243e-01   9.2647919e-01
  -1.7119998e+00  -1.7841185e+00
  -8.8732788e-01   3.4043937e-01
   1.3532985e+00   1.3545039e+00
  -2.6312258e-01   2.9984933e-01
   1.5487781e-02  -6.1864729e-01
   5.1387988e-01  -4.8316234e-01
   1.7487538e-01   6.3613592e-01
   6.3153937e-01  -1.2927177e+00
  -1.3555011e+00  -7.7335594e-01
  -8.4443463e-01  -5.0735404e-01
   1.9009448e+00   1.5181506e+00
  -1.0608529e+00  -6.3223499e-01
  -8.4931460e-01  -1.0077770e+00
   1.7304359e+00   1.1511873e-01
  -7.8052929e-01  -1.7363872e+00
   8.9135416e-02   1.2289960e+00
  -1.6641602e+00  -1.5934350e+00
   1.9859613e+00   1.4718911e+00
  -1.4667033e+00  -1.6115146e+00
  -1.1639606e+00  -9.7047970e-01
   2.0513613e+00   5.9383160e-02
  -5.8818548e-01  -2.6969950e-01
  -8.3881838e-01   7.1462375e-01
  -3.8037245e-01  -5.5235686e-02
  -3.5444183e-01  -1.3807053e+00
   1.7961111e-01   1.2831202e-01
  -1.1714470e+00  -6.2299608e-01
   9.9862812e-02   1.1988124e+00
  -1.1266377e-01   1.5897620e-01
   1.0537481e+00   1.8634309e+00
   1.8830997e+00  -4.5732783e-01
   1.3317412e+00   1.1140487e+00
  -5.0018078e-01  -5.3253208e-01
  -1.7727144e-01   3.3055938e-01
   1.1398591e+00  -1.6036841e-01
  -6.7709180e-01   1.3301125e+00
  -4.1140022e-01  -2.0023601e-01
  -2.2928554e-01   1.1807400e+00
  -1.0744388e+00  -1.0878556e+00
  -4.2155462e-01  -1.1290063e+00
  -3.9020392e-01  -1.0232866e+00
  -1.5443872e+00  -6.9610607e-01
  -3.9319269e-01  -1.7224547e+00
  -1.6087169e+00  -1.6715591e+00
  -7.0716884e-01  -1.1423443e+00
   1.3943313e+00   1.9698551e-01
   2.2106235e+00  -8.9514658e-01
   1.7319663e-02   2.3646630e-01
  -8.5046768e-01  -1.0593287e+00
   2.1706184e+00   2.0088302e+00
  -3.1259005e-01  -1.4092536e-01
  -4.0384849e-01   7.8121305e-01
   2.5169589e-01   1.4581797e+00
   2.9339549e-01   1.1655901e+00
  -6.8127851e-01  -3.5757409e-01
   8.5259001e-01  -4.5225586e-01
  -2.2566535e-01   4.7323718e-01
   1.2580405e+00  -6.0435356e-01
  -1.3691630e+00  -8.6697059e-01
  -1.7093280e+00  -1.6095226e+00
  -1.4035619e+00  -1.6385904e+00
   6.0679268e-01   1.5866794e+00
   2.6963775e-01   1.5630873e+00
   9.5003840e-01   1.7176632e+00
  -4.2729248e-01  -1.0146312e-01
  -3.3000684e-01   1.0538307e+00
  -4.6941622e-01   4.8518284e-02
   3.3995475e-01  -8.2524145e-01
   1.0664530e+00   1.6049349e+00
  -2.9374092e-01  -1.6089212e+00
   1.0735392e+00   1.7490754e+00
   1.5236018e+00   1.0124658e+00
   6.4295498e-01   1.0637542e+00
   7.2327850e-02   4.6987623e-01
   9.6892249e-01   9.0543401e-03
  -1.2612930e+00  -1.1801136e+00
   1.3715207e-01  -2.6613004e-01
   1.0195905e+00   4.6229704e-02
   9.9503297e-02  -2.2304441e-01
  -6.7572570e-01   8.5131268e-01
   2.6101737e+00   2.9799947e-01
   6.6430570e-01   1.6648032e+00
  -2.1968578e-01  -2.3438820e-01
  -4.3459458e-01  -1.4134139e+00
   1.1870202e+00  -1.8422793e+00
   6.2736051e-01   9.4860365e-01
  -1.1307600e+00  -1.1954908e+00
  -1.7260704e-01   4.5498427e-01
  -3.8967209e-01   8.3496785e-02
  -5.5413526e-02  -1.5464381e+00
   4.6597733e-01   1.1191729e+00
  -1.4086480e+00  -1.9635503e+00
  -6.7409129e-01   5.4117627e-01
  -6.4886709e-01  -1.9637940e+00
  -4.9915832e-01  -1.1644843e-01
  -1.2539110e+00  -1.7113334e+00
   5.7284304e-02   1.1008885e+00
  -9.4825438e-01  -9.1802770e-01
   1.2515843e+00   1.1205199e+00
  -1.2403736e+00  -1.6425370e+00
   1.0438230e-01   1.0956817e+00
   4.2806710e-02   8.5453848e-01
  -6.5483680e-01   7.2707249e-01
  -1.7507337e-01   6.5952326e-01
  -4.4542414e-01   1.0395528e+00
  -7.1751218e-01  -8.2735506e-01
   8.5039850e-01   8.6210571e-01
   1.2817569e-01   8.1945085e-01
  -9.3521190e-01  -1.1251125e+00
   1.7398192e+00   1.5469761e+00
  -1.3008599e+00  -1.1606584e+00
   7.6574899e-01  -7.6909178e-01
  -1.1196681e+00  -1.5989446e+00
   1.1416096e+00   5.9952271e-01
   3.1675606e-01   1.2984155e-01
  -1.5331031e-01   3.5232076e-01
   3.2682528e-02  -1.4883668e+00
  -1.4815471e+00  -1.1100720e+00
  -4.3669077e-01  -3.4511904e-02
  -9.2837946e-01  -1.2290509e+00
  -1.2606461e+00  -9.9220468e-01
  -1.8082009e-01  -2.5872372e-01
  -8.5654213e-01  -1.2468468e+00
   1.1592948e+00   5.0086291e-01
  -8.9496349e-01  -1.7673828e-01
   1.9660157e-01   7.5924662e-01
   1.5161856e+00  -4.6433235e-01
  -1.0487949e+00  -1.0833300e+00
  -1.1988439e-01  -1.4424936e+00
   1.4937453e+00  -3.2572882e-01
  -1.2960795e+00  -1.0390793e+00
  -5.8605360e-01   1.2581894e+00
  -4.9552748e-02   4.8891541e-01
  -1.8308243e+00  -5.7079493e-01
   1.4241860e+00  -2.3092132e-01
   4.1501052e-01  -4.3506692e-01
  -4.1415960e-01   5.6765555e-01
   1.1883679e+00   1.4164697e+00
  -4.3155587e-01  -8.1300284e-01
   1.7313345e-02  -1.9449172e-01
   5.6410197e-01  -9.8067716e-02
   2.4139583e-01   1.1953986e+00
  -4.3493711e-01   1.0566965e+00
   5.8418583e-01   1.7242794e-01
  -6.7442306e-01  -1.1132061e+00
  -6.3201155e-01  -5.1944373e-01
  -1.4795662e+00  -1.7728860e+00
   1.7977993e+00  -8.5165688e-01
   1.0570430e-01  -6.7039870e-02
   1.2680794e+00   1.0101151e+00
  -1.6509362e-01   1.1460235e+00
  -1.7794680e+00  -1.7910980e+00
   1.5999924e+00  -1.3763279e+00
  -4.4681289e-02  -7.9748469e-02
  -1.2474511e+00  -1.5416321e+00
  -7.9342087e-02   8.3163371e-01
  -6.0111980e-02   1.4500137e+00
   2.5077286e-02   2.9999795e-01
   2.2978861e-01  -3.7137536e-01
  -2.6362085e-02   1.2101893e+00
   8.8794310e-01   4.6953105e-01
   3.7249284e-01   8.5817459e-01
  -8.4636700e-01  -9.4363250e-01
  -1.2099896e-01  -1.3860730e-01
  -1.2961716e+00  -1.0922920e+00
  -8.6966773e-01  -8.3580797e-01
   5.7352305e-01   1.5703207e+00
  -9.6862616e-01  -1.3013216e+00
  -1.8131562e+00  -1.2190520e+00
  -4.4083764e-01   3.1902785e-01
  -1.4438521e+00  -9.1497107e-01
   1.0664355e+00  -7.8038569e-01
   4.2001443e-01  -1.4319537e+00
  -1.3634156e+00  -1.1575969e+00
   4.4109019e-02   5.4351558e-01
   2.2262406e+00   8.6517046e-01
  -1.3891286e+00  -1.0018884e+00
  -2.5388575e-01   8.3570123e-01
   8.6194105e-02   1.0646679e+00
   2.4173325e+00   4.2263660e-01
  -1.2022492e-01   1.4684646e-01
   2.2097760e-01  -5.8543138e-01
   1.2262443e+00  -4.3486738e-01
  -1.0394267e+00  -7.7884243e-01
   9.1389533e-02   4.8725345e-01
   1.5235837e+00   1.9181514e-01
   6.8904216e-01  -1.5204506e+00
  -9.6998683e-01  -4.4257957e-01
   1.4477735e+00   2.0342089e-01
   4.5064297e-01   1.1782002e+00
  -2.0020453e+00  -1.5423416e+00
  -3.5683369e-01  -7.7172886e-01
  -6.6114799e-01  -7.6671356e-01
  -8.5726339e-02   4.3466026e-01
  -1.9754315e-02   5.2811172e-01
  -3.0577147e-01  -6.6756370e-01
  -3.0320272e-02   9.1909474e-01
  -2.4684641e-01   6.8727579e-01
   1.5769236e+00   1.1391886e+00
  -6.4511230e-01  -1.0414062e+00
  -5.5525548e-02   1.0095013e+00
   2.4936707e-01  -3.1356504e-01
  -5.0894136e-02  -9.1511082e-02
   5.8728526e-01   6.3876692e-01
   6.9684816e-01  -1.4263963e+00
   1.2351656e+00   1.1136453e+00
  -5.8976279e-01   2.6511370e-01
   2.2862203e-02   5.8552270e-01
   2.2175364e+00   1.5243333e+00
   5.1122470e-02   1.2342365e+00
   2.6163375e-01   2.8481884e-02
   2.6198511e+00   6.1039003e-01
   7.2772922e-02   4.6052996e-01
  -4.8585130e-01   2.2932067e-01
  -5.4959977e-02   4.3899295e-03
   2.5002385e-01  -9.7057208e-02
   3.9084144e-02   2.0867277e-01
  -8.0226148e-01  -1.1401709e+00
  -1.4949844e-01   4.6777403e-01
  -7.4951586e-01   4.8524642e-01
   7.3283221e-01   1.0805844e+00
   8.2918760e-02  -2.4021710e-01
  -1.1667008e+00  -7.9700770e-04
   3.8250482e-01   8.7858068e-01
  -1.8271293e+00   5.7473635e-01
   1.2743877e+00  -1.5644308e+00
  -1.4971484e+00  -1.8149209e+00
   5.4947883e-01   1.8207436e+00
  -3.4867592e-01  -6.1892447e-01
  -2.6042869e-01   3.1288674e-01
  -2.4919142e-01   9.9034701e-01
  -1.9501709e-01   9.5745230e-01
  -1.7141961e+00  -1.4515869e-01
  -1.4348736e+00  -1.9989581e+00
   2.1061727e+00   7.9299613e-01
  -2.3279068e+00  -1.7634037e+00
   1.0530459e+00   9.8574110e-01
   2.0415451e+00   1.1412240e+00
  -2.4777015e-03   3.0418026e-01
   1.7925003e-01   7.1340546e-01
   2.4909648e+00   1.4224302e+00
  -2.3124842e+00  -1.1698420e+00
  -3.9673567e-01   4.5641042e-01
  -1.4415418e-01  -1.8679609e-01
  -1.4176058e+00  -1.7554687e+00
   1.0458812e+00  -1.5038646e+00
  -1.0568900e+00  -1.1838921e+00
   5.1244366e-01   4.6157759e-01
   2.0430974e-01   2.1582851e-01
  -1.4411626e+00  -2.6536576e-02
  -6.6367457e-01   6.7342229e-02
  -4.1719574e-02   8.8541977e-01
  -4.7821222e-02  -7.5387802e-01
  -8.8132999e-01  -1.6514084e+00
  -1.9506447e+00  -2.0515296e+00
   3.2733325e-02   9.4331433e-01
  -5.5216987e-01  -1.9061735e+00
  -2.6071372e-01  -8.7623108e-01
   7.5108930e-02   3.1829656e-01
   4.3201042e-02   3.5194964e-01
   3.4725724e-01   4.8200670e-01
   2.4071805e+00   1.9703052e+00
   1.7734396e-01   1.3864424e-01
   9.5908775e-01   1.5529119e-01
   2.2852978e+00  -2.0506800e-01
  -6.7022623e-01  -3.4825141e-01
   3.1383303e-01   1.0626447e+00
   1.1374547e+00  -4.8991827e-01
   5.3033227e-01   1.2482699e+00
  -1.0551768e+00  -9.9525842e-01
  -2.9542695e-02   9.0543189e-01
   2.1664467e+00  -3.2587837e-01
  -1.6677261e+00  -8.6356781e-01
  -4.2587303e-01   1.0786134e-01
  -7.7184956e-01  -1.2494863e+00
   8.6464206e-01  -8.4294994e-01
   1.2269845e+00   2.1365085e-01
  -6.4998639e-01   7.0058369e-01
   2.0100656e-01  -7.7787411e-02
   4.3805341e-01  -8.1249120e-01
  -1.2599937e+00  -9.0699428e-01
   5.8771631e-01   1.1766783e+00
   2.0190792e+00   5.0787774e-01
  -2.5091823e+00  -1.3038316e+00
   6.1981640e-01   1.1713933e+00
   1.0479303e+00   1.1605128e+00
  -2.5165762e-01  -1.0274010e+00
  -1.4001793e+00   3.0332703e-01
   1.9092235e+00   5.2717810e-01
   1.3945310e+00  -8.4675014e-01
   5.0961296e-01   1.5010726e+00
   1.7640885e-01   4.2814199e-01
   1.0780709e-01   3.1659067e-01
  -2.1346384e+00  -1.1365646e+00
   1.0035515e+00  -1.4023339e+00
  -2.8054993e-01  -6.2843107e-01
   2.8652202e-02  -3.4749571e-02
   4.7869519e-02   1.1222638e+00
  -3.1293458e-01   1.0362100e+00
   2.8104792e-01  -1.6492873e+00
   1.5242308e+00  -1.2676190e+00
  -1.1499505e+00  -1.3309978e+00
   9.2162324e-01   1.5799268e+00
   1.4464148e+00   4.9638737e-01
  -3.8766642e-01   1.4046266e+00
   7.0458618e-01   1.8893124e-01
  -1.2520428e+00  -1.0272835e+00
   4.5855047e-01   1.0995698e+00
   1.6988820e+00   8.9111585e-03
   4.6506228e-01   3.7473151e-01
   2.3792145e+00   1.8750453e+00
  -1.8856633e+00  -1.6496067e+00
   3.2084808e-01   8.8452313e-01
  -9.7468107e-01  -6.6220536e-01
   2.1663969e+00   2.4017238e-01
   1.4070111e+00  -6.8870158e-01
   2.6196397e-01  -1.8581867e-01
   4.0617682e-01   1.3832269e-01
   2.8342957e+00   1.3863711e+00
  -3.6104952e-01  -1.9508515e-01
  -7.2874374e-01  -3.2410506e-01
  -1.1914766e+00  -8.9970006e-01
  -2.2576907e-01   5.7781201e-02
  -5.6711471e-01  -6.1299634e-01
   2.0803510e+00   1.2369273e+00
  -4.8242233e-01  -1.4293387e+00
  -1.4907613e+00  -1.1780286e+00
  -8.2304871e-01   2.6654171e-01
   1.5056149e+00   5.6427552e-01
   3.8498873e-01  -3.5599505e-01
  -1.8131180e-01   7.1797819e-01
  -2.7180859e-01  -1.0045063e+00
  -9.8466137e-01  -1.6725327e+00
   1.0462103e+00  -8.8746464e-01
  -3.1959291e-01  -4.2649498e-01
  -1.9377560e+00  -1.3237061e-01
   8.2606343e-01   1.1166294e+00
   7.4546105e-01   1.2900646e+00
  -4.9662433e-01   7.0805750e-01
   4.5289491e-01   1.1754250e-01
  -9.3725852e-01  -2.9120164e-03
  -6.9012598e-01   1.1375115e-02
  -4.6045566e-01  -1.1239236e+00
   7.6876070e-01   9.1530847e-01
   1.0823661e-03   1.1575285e+00
   3.1093617e-01   7.4965345e-01
  -2.0478643e-01   1.1383769e+00
   1.3845424e+00  -5.3068809e-01
   1.3233958e+00   5.9588326e-01
   3.6776604e-03   6.7583834e-01
  -5.6744012e-01   3.4314781e-01
   1.0338893e+00   1.5369797e+00
   5.4636231e-01   1.7523802e+00
   6.8470181e-01   1.2243579e+00
   1.2861874e+00   1.4671835e+00
  -6.7439699e-02   3.5467582e-01
   2.3498880e-01   7.5045894e-01
   2.6113366e+00   1.1787260e+00
  -1.1880148e-01  -3.0882656e-01
   2.5618171e-02   2.3524797e-01
  -6.7311319e-01  -5.0685054e-01
   1.1733707e+00   1.8207538e+00
  -1.1062153e+00   1.4589223e-01
  -3.0648760e-02   3.2184023e-01
  -1.1589778e+00  -1.1664475e+00
   4.7597914e-01  -1.3606373e+00
   4.1652457e-01   1.8103638e+00
   2.2954574e-01   3.0256898e-01
  -1.3551466e+00  -1.1384180e+00
   1.1613380e+00   2.0135040e+00
   3.6411371e-03   7.7815833e-01
  -6.8253060e-01  -3.3728459e-01
   2.0339733e-02   9.4761181e-01
  -1.2487915e+00  -1.8865942e+00
  -1.1712705e-01   8.7303528e-01
  -1.1777656e+00   3.7777395e-01
  -1.4284794e+00  -1.0999713e+00
  -7.5387683e-01  -1.2346433e+00
  -2.2867817e-01   4.0154997e-01
   1.2923130e+00   1.2872880e-01
  -4.3227263e-01  -5.1154092e-01
  -1.5722761e+00  -1.1028965e+00
  -1.2713551e-01   7.3817339e-01
  -4.3795566e-01   1.0014839e+00
   1.2336348e+00   1.5322253e+00
   6.3995981e-01   1.2432560e+00
   4.7672114e-02  -1.1457346e-01
   2.7349617e-01  -5.9612096e-01
  -3.0943361e-01   4.4417389e-01
  -7.7823779e-01  -5.3479733e-02
   6.1683067e-01   5.6967532e-01
  -6.9007409e-03   1.0536655e+00
  -6.5933413e-01   6.5608904e-02
   9.3769723e-01   1.8785436e+00
  -1.0397135e+00  -1.3018957e+00
   9.2582774e-01  -5.8556610e-01
   8.6344560e-02   1.2858255e+00
  -1.4373574e+00   2.3126347e-01
  -1.9087345e+00  -1.6922391e+00
  -2.1999417e-01  -4.7309135e-02
   9.2152395e-01   1.4154266e+00
  -3.4261365e-01   2.6256466e-01
  -2.4056566e-01   1.0474933e+00
   5.9730387e-02   5.0484381e-01
   2.2896231e-01  -7.6316829e-01
  -1.2572556e+00  -9.0120596e-01
  -3.8705896e-01   7.9824396e-02
  -3.4559822e+00  -2.2443607e+00
  -8.1265520e-01  -6.4980929e-01
   1.4009517e+00  -4.1799971e-01
  -6.0264484e-02  -1.7724931e-01
   1.4361051e-01   1.7932793e+00
   6.7756491e-01   1.9737203e+00
   8.1776566e-01   1.0282750e-01
   1.3479235e+00   1.8029178e+00
   9.4391001e-01   1.2354348e+00
  -8.3378854e-01  -2.4715602e-02
  -2.1844623e+00  -1.9100575e+00
  -4.9401008e-01  -9.8159920e-01
  -7.8753609e-01  -1.6313787e+00
  -1.0380500e+00   1.4301081e-01
  -1.1455681e-01   1.0842763e+00
   3.3312630e-01   3.6422836e-01
   1.6567265e-01  -5.4146783e-01
   1.4003111e+00   1.4591132e+00
  -1.0605540e+00  -1.5467080e+00
   3.7210602e-01   5.5986438e-01
  -2.5949815e-01   9.9252704e-01
  -1.7598377e-02   1.3407662e+00
   6.9597368e-01   1.1649113e+00
  -1.6765326e+00  -1.3815152e+00
  -1.7395662e+00  -1.8422655e+00
  -5.3815897e-01  -1.4746767e+00
  -2.8663956e-01   2.6501177e-01
  -1.0977586e+00  -1.7696667e+00
   1.9702052e+00  -2.1448853e-01
  -9.9285743e-01  -6.5571474e-01
   2.5156297e-01  -4.9388632e-01
   3.9118885e-01   1.7755964e+00
  -5.7267964e-01   1.0997865e-01
  -1.0002413e+00  -1.1040538e+00
   2.5988587e-01   1.1416693e+00
  -7.2766746e-01  -9.4264799e-01
  -1.7936554e-01  -6.4981721e-02
   6.8496124e-02   5.8575275e-01
  -2.8927752e+00  -1.9064775e+00
  -9.8799349e-01   6.5137161e-01
  -3.5306395e-01  -5.5009105e-02
  -5.8182671e-01  -1.2981058e+00
   3.0344023e-01   9.1887711e-01
   9.7256113e-02   5.7566584e-03
  -5.6885691e-01   4.5919500e-01
   1.1041467e+00  -1.0772630e+00
  -1.4460985e+00  -1.4384237e+00
  -4.4208882e-01   4.7631503e-02
   5.2835756e-02   1.0200593e+00
   6.6977614e-01   7.1911165e-01
   1.6210454e+00  -1.9876909e-01
  -1.2301457e-01  -3.7096105e-02
  -8.5731188e-01   6.9795654e-01
   1.2286965e+00  -2.6875103e-01
  -5.8195000e-01   5.9725005e-01
  -1.6245923e-01   4.0792906e-01
  -8.5211262e-01   4.6401184e-01
  -1.7969985e-02   7.4952587e-01
   1.0401713e+00  -5.1408362e-01
  -1.2121313e-01  -3.1449181e-01
   1.5198111e+00  -4.4782576e-01
  -1.3189033e+00  -2.1902117e-01
   8.0470178e-01   1.0283208e+00
  -6.8410787e-01  -7.5926997e-01
  -1.8670829e+00  -1.9736945e+00
  -7.0841329e-01  -8.4002868e-01
   5.0848587e-01   1.1268994e+00
  -6.3966781e-01  -9.3645391e-01
  -6.9419374e-01  -1.7191435e-01
  -5.7444823e-01   7.3985671e-02
  -5.3594609e-01  -6.7839930e-01
   2.0642244e+00   9.9725336e-01
  -4.3575791e-01  -9.9964670e-01
   9.1023759e-02   3.3910378e-01
   2.3256399e+00   1.9220123e+00
   1.2621730e-02   7.5157777e-02
  -7.3175735e-02   8.8990694e-01
   2.2882285e-01   1.4088494e-01
  -1.0724583e+00  -1.0800348e+00
  -6.1725140e-01  -1.2913374e+00
  -1.8322262e-01   2.8369761e-01
   8.6327308e-01   1.0997092e+00
  -4.7217962e-03   1.0381008e+00
  -1.8198135e+00  -1.3268212e+00
   3.6128218e-01   1.3449365e+00
  -1.0698403e+00  -1.6738825e+00
   2.5445149e-01   1.2701711e+00
   1.8647702e-01  -7.7628500e-01
  -9.0530688e-01  -7.4368408e-01
   1.2406179e-01  -2.8968820e-01
  -1.1948173e+00  -1.4570991e+00
   3.2251738e-01   8.8870828e-01
  -8.4724771e-01  -1.7587996e+00
   1.0006151e+00   6.8287322e-01
  -1.3184168e+00  -9.9531039e-01
   1.0588274e+00  -3.5861561e-01
   1.5343719e+00  -8.0440063e-01
  -8.0062328e-01   8.4734151e-02
  -1.8038548e-01   2.8014379e-01
   1.4120070e+00  -8.9554109e-01
   7.5648462e-01   1.4750431e+00
   2.6874026e-01   1.0588376e+00
  -1.4330086e+00  -1.0442064e+00
  -9.1835405e-02   5.4858862e-02
   6.1589296e-01   1.0145927e+00
  -7.3174572e-01  -7.8837981e-01
   2.2291694e-01   7.4128113e-01
   1.4124685e-02   1.0032220e+00
   4.2404191e-01   9.3149296e-01
  -4.6784782e-01  -3.3535168e-01
   6.4819246e-01   8.8597530e-01
  -1.2594110e+00  -8.6901105e-01
  -2.3700694e+00  -1.2248041e+00
  -1.3769337e+00  -1.0946941e+00
  -3.0727237e-01  -6.6098913e-01
   3.1751093e-01   1.2098120e+00
  -8.4542518e-01  -4.5139805e-01
   4.6202613e-01   1.7691917e+00
   4.7637678e-01   3.4893770e-01
   3.9628064e-01   1.2414055e+00
   1.5124673e+00   5.8899925e-01
   1.2593149e+00   1.0273029e+00
   3.8274519e-01   1.1621475e+00
   1.7198062e+00  -7.2611539e-01
   1.9626744e-01   7.3930356e-01
   3.4798887e-01   7.8362289e-01
  -4.9155268e-01  -7.3958870e-01
   7.7384476e-01   1.5582768e+00
  -2.1471477e+00  -1.2350093e+00
  -8.6603701e-01  -6.9270705e-01
  -9.5813235e-01  -1.4353462e+00
  -1.3366304e-01   4.2655544e-01
   1.8868982e+00   9.5511921e-01
   5.4429432e-01   6.7928314e-01
  -4.3115521e-02  -1.1518092e+00
  -7.2170787e-01  -7.4130354e-01
  -1.4597222e+00  -1.1823847e+00
  -8.3414037e-02   5.7512747e-02
   1.6377173e+00  -1.2644155e+00
  -1.0571061e-02   1.9996478e-01
   2.4183939e+00  -9.3554547e-01
   2.5586194e-01   1.8718336e+00
   8.9034610e-01   1.2584838e+00
  -6.0947204e-01   4.1703905e-02
   1.2004463e+00  -6.7639657e-01
   9.3520054e-01   1.7540982e+00
   1.1857956e+00  -3.2354052e-01
   2.0549889e-01   6.8487158e-01
   4.1883565e-01   1.0347519e+00
  -2.1738535e+00  -2.0810899e+00
  -1.3831542e+00  -9.5713510e-01
  -5.5947274e-01   2.7469455e-01
  -1.8473119e-01   1.3210394e+00
  -1.9793406e-01   1.2643023e-01
   6.6102804e-01   1.4924841e+00
  -9.0924285e-01  -7.0312487e-01
   2.2165251e+00   1.7221958e+00
  -1.5126088e+00  -1.7992567e+00
  -4.1677699e-01   1.7711060e-01
   6.6021676e-01   1.0085902e+00
  -9.3303820e-02  -1.8460973e+00
  -3.4494121e-01   2.4977410e-01
  -6.4313394e-02   5.5204040e-01
   5.7900907e-01   1.6225852e+00
   1.8094408e+00   1.0242071e+00
   6.2216324e-02   1.0996015e+00
   4.3402423e-01   1.2403897e+00
  -1.2397125e+00  -1.5360257e+00
   2.8764982e+00   1.1826172e+00
   2.8115084e-01   1.0941776e+00
   3.3201992e-01   1.8531827e+00
   1.4984681e-01   1.0403252e+00
   1.0699069e+00   5.3866719e-01
  -2.5118376e-01  -1.5616184e-01
  -5.5192910e-01  -1.1505003e+00
   9.8056012e-02   1.2534247e-01
  -4.1821126e-01   7.1446275e-02
   5.9918042e-01  -8.7308138e-01
  -5.4208219e-01  -1.5532185e+00
  -2.0090719e+00  -1.6849022e+00
  -1.2915249e+00  -1.9484575e+00
   3.7121368e-01   1.3328086e+00
   6.4120656e-01   1.0796502e+00
  -9.2238801e-01   1.9022756e-01
   4.0544318e-01   1.1636033e+00
  -1.6116779e+00  -1.4815234e+00
   1.2855699e+00  -1.4527491e-02
  -5.5436626e-01   9.5069169e-01
   3.7412837e-01   4.1674668e-01
   3.8374028e-01   2.0226150e+00
   5.2041615e-02   9.9521276e-01
   1.8635411e+00   2.1970572e+00
   9.4003938e-01  -6.9285002e-01
  -4.3308180e-01  -1.9489514e-01
  -2.5222494e-01  -1.3266278e+00
  -7.3004385e-02   3.5421739e-01
  -1.5206184e-01   1.0113443e+00
  -1.0780668e+00  -3.9760270e-01
  -7.1958656e-02  -6.3239631e-01
   6.2848075e-01  -1.7211456e+00
   7.5987804e-01   1.0132958e+00
   1.1851671e-01   1.2524944e+00
  -4.9418583e-01  -1.0916424e-01
  -1.6397829e+00  -2.0120158e+00
  -1.5774985e+00  -1.5495149e+00
  -1.4499242e+00  -1.2182363e+00
   2.3111993e+00  -5.1044172e-03
  -8.5291587e-02  -8.5241107e-03
   2.5561782e-01   4.3506026e-01
   6.1669381e-01   4.1153926e-01
   2.9002011e-01  -4.0032614e-01
   2.5564911e-01  -7.3332530e-01
   1.1971218e-01   8.9415365e-01
  -5.9208518e-01  -1.1061332e+00
   2.3474687e-02   9.4405844e-02
  -4.0889861e-02   1.7642304e-01
   1.3309572e-01   1.1732988e+00
   1.2745068e+00   1.3238825e+00
   1.7738847e-01   8.5821293e-01
   1.9895528e+00   2.1252397e+00
  -1.7397561e+00  -5.8267483e-01
  -5.2573140e-01  -9.2459236e-01
  -1.2117158e+00  -1.2866919e+00
   1.0017072e+00  -1.4576892e+00
  -1.1700521e+00  -1.0764495e+00
   1.4558728e+00   6.8443158e-01
  -7.3270355e-01   1.4484728e-02
  -6.8339142e-01  -1.7760125e+00
   1.8064517e+00  -6.1825370e-01
   2.2546083e-01   9.3806509e-01
  -6.7448067e-01  -1.0880407e+00
   9.4665396e-01   1.1330411e+00
   1.7597201e+00  -9.0347361e-01
  -2.2165303e+00  -1.0574334e+00
   7.2269391e-01   1.0121043e+00
  -2.9684627e-02   6.6602085e-01
  -9.0009730e-01  -6.8979784e-01
   6.8623804e-01  -2.1131517e-01
  -1.0414900e+00   7.9331128e-01
  -1.3129428e-01   1.0633876e+00
   1.3920885e+00  -1.0420225e-02
   3.8758527e-01   9.3844347e-01
   4.8935412e-02  -7.6837910e-01
   1.4426238e+00   6.4108670e-02
   1.5071405e+00  -2.4210763e-01
   1.1281326e+00  -1.4729212e+00
  -5.2035123e-01  -1.5754714e-01
   6.1095275e-01  -5.2212393e-01
  -4.2419108e-01  -2.0021924e-02
   2.9539300e+00   1.8298454e+00
  -1.7758582e+00  -1.6782943e+00
  -1.5811593e+00  -2.0082671e+00
   1.0033385e+00   1.5133037e+00
   7.4764133e-02  -1.4537813e-01
  -6.0779662e-02   4.8494201e-01
  -7.2908533e-01   6.7396551e-01
  -1.0921836e+00  -1.3184458e+00
   7.2157806e-01   8.3324339e-01
   2.5449086e+00  -4.7466652e-01
   2.4494660e-01   1.0472456e+00
  -1.8143712e+00  -1.9889144e+00
  -5.8379557e-01  -2.4605016e-01
  -6.1602531e-01   9.8872093e-02
   6.7371300e-01  -1.3944977e+00
  -1.1330940e-03   6.8062790e-01
   3.4423133e-01   1.0521705e+00
   1.6025880e-01   4.0454476e-01
   4.8124389e-01   8.9954483e-01
  -1.8745783e+00  -1.5442983e+00
  -1.4233776e+00  -1.2537712e+00
  -1.0812897e-01   1.0687130e+00
  -1.5221769e-01   7.8208298e-01
   2.5115881e-01   1.0377037e+00
  -5.7842829e-01  -6.9861779e-01
  -1.9690338e-01   5.7585786e-02
  -5.7892103e-01   7.8688459e-01
  -4.2320057e-01  -7.9833774e-01
  -8.1072663e-01   9.5084403e-01
   2.2860840e+00   1.1725269e+00
  -2.9124957e-02   2.9983854e-01
   2.2511409e+00   3.8825956e-01
   5.0318377e-01   8.0351781e-01
   6.4497869e-01   1.7279681e+00
  -2.5349468e-01  -1.6098253e+00
  -3.5046182e-01   7.3401056e-01
  -7.0095629e-01   1.1131270e+00
  -8.4705045e-01  -4.3407618e-01
   9.5902234e-01  -1.1477853e+00
   1.6016132e+00   6.1404619e-01
  -1.3881996e+00  -7.3786613e-01
   1.1448376e+00   1.3215839e+00
  -6.5048837e-01   1.0250755e+00
  -5.3889381e-01  -3.0472563e-01
  -1.9098777e-01   9.2390569e-01
   4.5214141e-01   3.3580891e-01
   1.3080658e+00   3.0036319e-02
   2.6074964e+00   2.0187247e+00
   2.5292090e+00   1.0822296e+00
   2.0557730e+00  -1.3571709e+00
  -7.7710215e-01  -8.3759154e-01
   2.6606032e-01   2.3133904e-01
  -4.6161223e-01  -1.7789058e+00
  -1.4978978e+00  -9.3924025e-01
  -1.2931587e+00  -1.2213220e+00
   1.9470885e+00   5.7792369e-01
   9.3680459e-01  -6.4585958e-01
  -1.1511926e+00   5.4387200e-01
  -1.5008683e+00  -7.5063415e-01
  -3.4350993e-01  -5.3748797e-01
  -2.4641490e-02   1.1851123e+00
  -1.5020174e-01   1.4598596e-02
  -1.0981387e+00  -2.6620736e-01
   1.8335660e+00   5.1263981e-02
   2.0134890e+00   8.8266098e-01
   9.4238086e-01  -5.7899252e-01
  -2.8882424e-01   1.0668511e+00
  -6.4412368e-01   1.2884617e-01
  -1.1017388e+00   2.3613227e-01
  -2.8082324e-01  -2.0539372e-01
  -2.1467534e-01  -7.4275206e-01
  -1.3742500e+00   9.8316961e-02
  -5.7232615e-01   3.4565851e-01
   3.3439704e-01   8.1251381e-01
  -4.3733405e-01  -5.3555058e-01
  -4.7964050e-02   4.3886069e-01
   6.2187359e-01   1.7397929e+00
   4.5089343e-01   1.0528275e+00
  -9.9081627e-01  -1.6469113e+00
  -9.6223099e-01   2.2767497e-01
   8.4030777e-01  -1.3250513e+00
   2.1075865e+00   4.0066697e-01
  -1.0533004e+00   3.1033716e-01
   2.4427968e+00  -4.7460243e-01
  -3.7327167e-01  -3.8806048e-02
  -7.3041439e-02  -9.3874026e-01
   3.6200812e-01   1.1867489e+00
   1.0532517e+00  -8.6415089e-01
  -1.3030819e+00  -7.3825621e-02
  -1.0360871e+00  -1.6120968e+00
  -9.7889611e-01   4.2237180e-01
  -8.2204754e-01  -4.2003497e-01
  -8.7367867e-01  -1.8671706e+00
  -8.4799896e-02   2.5008568e-01
   2.1710167e-01  -2.2637502e-01
   8.9228151e-01   1.2489387e+00
   6.3979502e-01   1.4258709e+00
   3.3344830e-01   1.1867229e+00
   2.9593911e-01   1.3282040e+00
  -7.5834357e-01  -9.9814661e-01
  -6.2384923e-02  -9.9766502e-01
   1.6411915e-01   1.1537466e+00
  -4.5808062e-02   1.2206295e+00
  -4.2605041e-01   4.9418450e-01
   1.4187280e+00   1.4645576e+00
   2.6590375e-01  -2.1686348e-01
  -8.4076285e-01  -1.0353611e+00
   1.6785754e-01  -1.3452614e+00
   1.6022295e-02   2.4619510e-01
   7.7097462e-02   1.3478658e+00
  -1.0417705e+00  -7.6415866e-01
  -3.1010140e-02   9.4942597e-01
  -5.0901356e-01   2.9380149e-01
   1.8362944e+00   1.1834871e+00
   2.0931503e-01   5.3404698e-01
  -1.5288720e-01   4.0285568e-01
   7.2792972e-01   1.9748826e-01
   1.4925022e+00  -7.1302078e-01
   2.9046807e-01   7.8714224e-01
   1.4378389e+00  -1.6281798e-01
  -6.3548719e-02   6.8955554e-01
   2.6833922e-01   2.5604599e-01
   9.8991993e-02  -3.5782845e-01
  -7.6134166e-01   1.0095949e+00
  -4.2507789e-01  -4.6946462e-01
   3.2273865e-01   7.0159874e-01
  -3.9231002e-01   2.1536938e-01
  -2.8202459e-01   4.7817145e-01
   9.1001291e-01   6.4030761e-01
  -4.3446784e-01   9.1459736e-02
   4.8617363e-01   1.0101783e+00
   2.0244761e-01  -1.4715953e+00
  -2.2392937e+00  -1.6020096e+00
   3.0341798e+00   1.4109534e+00
  -4.6037699e-01  -4.5916574e-01
   1.2057005e+00  -4.1161634e-01
   1.3603362e+00   1.0940174e-02
  -1.0136803e-01   9.1202129e-01
   2.1639001e+00   1.4523037e+00
   1.6892728e+00   2.3231225e-01
   3.0534742e-01   1.4380003e+00
  -2.3652826e+00  -1.6730907e+00
   5.8270654e-01  -1.4937740e+00
   4.2723045e-01   8.5500901e-01
  -1.6939172e-02   5.3401896e-01
   2.1315438e+00   1.0622870e+00
  -8.3987922e-01  -5.9540466e-01
   2.2473099e-01   1.3842019e+00
   2.1566710e-01   1.1181405e+00
   4.8125530e-01  -4.0202212e-01
  -5.9443648e-01  -2.2546167e-01
   2.4231476e+00   3.4266496e-01
   1.2810618e+00  -5.8431555e-01
   1.5592110e-01  -1.1257702e+00
   1.1790683e+00   5.4264615e-02
  -2.7806566e+00  -2.1582309e+00
   7.9625737e-01   1.8718587e+00
  -1.0162803e+00  -1.8793003e+00
   9.4061333e-01   1.0194487e+00
  -1.4222036e+00  -1.6078549e+00
   2.8344162e-01   2.1989826e-01
  -4.1264032e-01   8.9361382e-01
   6.8182292e-01   1.9003507e+00
  -1.1548845e-02   4.5325321e-01
  -7.9675204e-02   7.8836029e-01
  -1.8157066e+00  -1.9338111e+00
   6.8012270e-01   1.1576195e+00
  -4.0147434e-01   5.7594888e-01
  -5.2454932e-01  -1.5343291e+00
   4.9505054e-01   8.2202899e-01
   2.3129369e+00   1.3190875e+00
   7.5895494e-01  -7.8245309e-01
   9.5650884e-01   1.5478782e+00
  -4.5654551e-01   2.9139671e-01
   9.5501385e-02   1.0667321e+00
   1.3939688e+00   7.2532468e-01
  -7.8447218e-01  -1.0514830e+00
  -7.0700696e-01   4.0359299e-01
  -1.6603713e-01  -1.5141949e+00
  -6.8372199e-01  -9.6231689e-01
   7.8367345e-01  -1.5209500e+00
   3.1160399e-01   1.1424177e+00
  -7.2416769e-01  -3.4541446e-01
  -4.4910593e-01  -6.3809530e-01
  -1.9565123e-01   2.1485311e-01
  -9.1963651e-01  -1.7088294e+00
   1.8967697e-01   9.1813122e-01
  -8.1080620e-02   2.3928762e-01
  -9.8677406e-01  -1.5863647e+00
   1.5354186e+00   1.6821289e+00
  -9.9445546e-01  -5.3919875e-01
  -2.1153512e+00  -9.7193681e-01
  -7.5367823e-01  -9.6545254e-01
  -9.4935604e-01   3.4462244e-01
  -9.2750938e-01  -4.7380776e-01
  -2.0261016e-01   1.4732646e-01
  -1.3005358e-01  -1.6838828e+00
  -9.3358512e-01  -1.2559766e+00
  -1.5912270e-03   1.8749770e-01
   4.3159567e-01  -1.4940796e+00
   1.3336571e-01   1.1445257e-01
  -3.5672798e-01   2.9627683e-01
  -7.7123369e-01   1.0854549e+00
   3.5250837e-02   2.3426201e-01
  -9.2962958e-01  -1.3545190e-03
   1.2006110e-01   1.2911360e+00
   8.8013627e-01  -1.4674903e+00
  -9.2443480e-01   2.3203603e-01
   6.1595502e-02   1.2712957e+00
   3.9616644e-02  -3.9962919e-01
  -5.8797995e-01  -1.1556175e-01
  -4.4551284e-03   4.3254688e-01
  -4.5703506e-01  -5.4196096e-02
   4.0973991e-01   3.5783780e-01
   4.6328095e-01   1.5373058e-01
   2.3945818e+00  -1.4130585e+00
  -2.7665177e-01  -1.2624754e-01
   3.3974306e-01   1.2471440e+00
   6.4191293e-01  -4.9940180e-01
   3.7983511e-01  -1.0926604e-01
   6.3802838e-01   1.5612885e+00
  -1.0941334e-01   2.8304687e-03
  -1.8794543e+00  -2.0195774e+00
   2.3037248e+00   6.9165243e-01
   1.9984631e+00   3.2508584e-01
  -1.1753027e+00  -1.1452985e+00
   1.7013805e-01   9.9175218e-01
  -1.5618935e+00  -1.1858041e+00
  -1.9001516e-01   6.2557425e-01
   6.6632697e-01   6.2258978e-01
  -6.1716306e-01   4.2606592e-02
  -1.5467664e+00  -6.5271236e-01
   6.1043345e-02  -9.7707798e-01
  -8.2284899e-01  -7.4770742e-01
  -1.2994135e+00  -5.6896474e-01
   1.3441028e+00  -4.1231434e-01
  -1.3412604e+00  -8.3594879e-01
   7.7798852e-01  -1.4068773e+00
   5.3256193e-01   1.1062151e+00
  -9.4900919e-01   4.3147038e-01
   1.9919205e+00   1.3898750e+00
   1.1170581e+00   5.8436308e-01
  -9.9240019e-01  -1.0268893e+00
   6.0702613e-03   3.0671574e-01
  -1.4500539e+00  -1.6197610e+00
   6.8113193e-01  -8.4648768e-01
  -8.1195031e-01  -1.6949335e-01
   2.3306962e-01   1.0918496e+00
  -1.1882213e-01   9.4033848e-01
  -1.8490690e-01   7.7304791e-01
   1.7435669e+00   4.2283894e-01
  -7.8835002e-01   8.5644859e-01
  -6.7214475e-01  -1.7950233e+00
  -4.4160373e-02   1.0720238e+00
   2.1769019e+00  -2.7946560e-02
  -2.5477010e-01   2.7580192e-01
   3.5162788e-01   5.2739721e-01
   5.2944226e-01   1.1139984e+00
   2.6823803e-01  -2.4351471e-02
  -1.0228227e+00  -5.3975046e-01
  -9.4993380e-01  -6.1286421e-01
  -8.4007400e-01  -8.2053597e-01
   1.6969883e+00   2.7886490e-01
   3.9119896e-01   5.0662127e-01
  -1.2601778e+00   7.0893105e-02
   2.3303414e-01   1.1303831e+00
  -1.6471385e+00  -1.8718707e+00
   6.1277693e-02  -3.3761552e-01
   1.8061648e-01   1.0404354e+00
   8.9894236e-02   4.1108476e-01
  -9.9082740e-01  -1.0401223e+00
  -7.7017357e-01  -1.2499532e+00
   1.7084402e+00   5.2687188e-01
  -1.5094370e+00  -9.9451231e-01
   4.9264827e-02  -6.9293271e-01
  -2.2781442e+00  -1.4980853e+00
  -5.4720643e-01  -1.0542317e+00
  -4.0909342e-01  -1.2335611e+00
   2.7085334e-01   1.1795561e+00
  -1.7220049e+00  -1.7494146e+00
  -5.3573936e-01  -1.3508891e+00
  -8.2027683e-02   8.0601380e-01
  -5.4936486e-01   1.9905506e-01
   6.4482243e-01   9.0905557e-01
   5.3155607e-01   1.3252225e+00
   2.1439341e-01  -2.3177409e-01
  -2.9846579e-01  -2.5038389e-01
   7.0733606e-01  -9.0343158e-01
  -5.8759894e-01  -5.6139841e-01
  -6.8152572e-01  -5.6783454e-01
  -2.8613472e-01  -1.1311018e-01
   4.3175024e-01  -8.6543445e-01
  -1.4543129e+00  -1.7312262e+00
  -4.5411786e-01   4.3448965e-02
  -3.1381967e-01   7.5547330e-02
   6.5975978e-01  -7.1717495e-01
  -1.3816310e+00  -1.4970980e+00
  -2.1187352e-01  -6.9934563e-01
  -1.4136090e-01   4.5494008e-01
  -5.9827187e-01  -3.6776380e-01
   1.0606531e-01   4.2419965e-01
