  -1.4995471e+00  -2.1916268e+00
  -1.7045763e+00  -1.0457344e+00
   4.0742400e-01   1.2856704e-02
   4.7448590e-01   5.2890477e-01
   2.9046606e-01  -2.4466452e-01
   5.0867806e-01   9.4292306e-01
   6.0363267e-02   7.4270454e-01
   6.8228353e-01   3.8017932e-01
   7.5078339e-02   7.2678236e-01
   3.0122443e-01   2.0319282e-02
   9.9092838e-01   1.0107805e+00
  -9.0822123e-01  -8.4999618e-01
   1.4684160e+00   1.0240583e+00
  -7.3005381e-01  -5.8927499e-01
  -1.2669518e+00  -2.1014833e+00
   3.1416407e-01   9.1703126e-01
   4.6946967e-01   8.1398100e-01
   1.0907929e+00   7.8936842e-01
   5.4182765e-01   1.0503003e+00
  -1.5469090e+00  -9.3726316e-01
   4.3732189e-01   1.1214659e+00
   6.3913152e-01   7.4783968e-01
  -6.5255982e-01  -5.3019042e-01
  -1.2391765e+00  -1.1774160e+00
  -1.6656359e+00  -1.2466748e+00
  -6.1707278e-01   2.0151046e-02
   3.8169131e-01   8.7730146e-01
  -2.6915668e+00  -1.8663863e+00
   3.7495424e-01   9.4274653e-01
  -5.1942368e-01   3.4925553e-01
   1.1579595e+00   8.7218340e-01
  -2.0892954e+00  -1.7883785e+00
   7.1228812e-01   9.5945756e-01
   6.8439672e-01   1.0712876e+00
  -1.3405525e+00  -1.6283254e+00
   8.6346117e-01   1.8737954e-01
   2.9603924e-01   2.4532452e-01
  -1.7234230e+00  -6.3439360e-01
   8.8756104e-01   7.3211935e-01
   1.2422125e-01   1.4316861e-02
   1.8071001e-02  -1.3921991e-01
  -4.3630105e-01   3.9286791e-01
  -2.1357617e+00  -1.4548879e+00
  -2.1301720e+00  -1.7801184e+00
  -1.3270344e+00  -7.7425138e-01
   1.2067763e-01  -2.1555449e-01
   1.9401148e-01   9.5388839e-01
   5.4504233e-01   5.1408406e-01
   3.2286429e-01  -1.4884534e-02
   1.0224834e+00   7.0130250e-01
  -1.1685759e+00  -1.3608760e+00
  -2.2400545e+00  -2.5126136e+00
   9.5023808e-01   7.4953043e-01
  -2.2594987e+00  -1.4711858e+00
  -1.5226410e+00  -7.2160294e-01
   4.4319079e-01   4.7157402e-01
   2.2366829e-01   1.4793967e-01
   8.5191667e-01   7.8995160e-01
   5.2220985e-01   8.6850150e-01
   4.4957068e-01   7.9325807e-01
   1.0179771e+00   9.4402340e-01
  -3.6034616e-02   2.3687034e-01
   3.0535945e-01   4.3970783e-01
   1.9185767e-01   5.1232902e-01
  -1.2710952e+00  -8.2035625e-01
   8.0992261e-01   8.4158176e-01
  -1.7449090e+00  -1.3883677e+00
  -1.6449799e+00  -9.8670928e-01
  -1.2113393e+00  -9.1460132e-01
   6.7881906e-01   7.0725835e-01
  -1.2114413e+00  -2.0762360e+00
   1.1937756e+00   8.7092567e-01
  -2.3031469e+00  -1.6867266e+00
  -6.5366056e-01  -5.4733675e-01
   2.1363627e-01   4.0530316e-01
  -6.9697224e-01  -7.2321704e-01
   1.7744391e-01  -9.3115362e-01
   1.3026462e+00   8.2169454e-01
   7.7121589e-01   7.1896988e-01
   1.0403849e+00   5.1167482e-01
   8.7750092e-01   6.3129145e-01
   4.0288828e-01   2.6551217e-01
   1.2524450e+00   8.3784098e-01
   1.0215823e+00   8.6837811e-01
  -1.1296167e-01  -7.4745084e-01
   1.6257211e+00   7.6892863e-01
   6.4905204e-01   5.8868105e-01
   4.4743081e-01   1.2693469e+00
  -1.7386519e+00  -1.3280603e+00
  -6.1211522e-01  -4.6843517e-01
   3.6082251e-01   2.2491035e-01
  -1.8349547e-02   7.3073177e-01
  -1.2023613e+00  -9.9755520e-01
  -1.0787955e+00  -4.9225968e-01
  -6.3299211e-01  -3.2180198e-01
   7.7537773e-01   9.1037204e-01
  -8.7011719e-01  -4.2207408e-01
   1.1834115e+00   1.4437673e+00
  -1.6764642e+00  -1.7161470e+00
   1.9161669e-01  -2.8163820e-02
  -9.4147392e-01  -5.7711547e-01
   7.6770467e-01   7.3766397e-01
  -1.7653797e+00  -1.3561095e+00
   1.8074644e-01   9.8847304e-01
   1.4180742e+00   5.8856409e-01
   6.4751656e-01   8.8313366e-01
   1.2552824e+00   5.6887729e-01
  -3.6759051e-01  -5.1330695e-01
   1.0150685e-01  -9.2306537e-02
   3.2477215e-01   4.4812736e-01
  -2.5466025e-01   2.1886124e-02
  -1.3732928e+00  -8.6979033e-01
  -1.5842438e-01  -2.6916266e-01
   1.4267161e-01   2.1677914e-01
   7.4777132e-01   1.1637522e+00
  -6.8198210e-01  -4.2259907e-01
  -1.7793925e-01  -5.8539135e-01
  -1.6965925e+00  -1.4314193e+00
   7.0192795e-01   1.4696812e+00
  -1.7977669e-01  -6.8931584e-02
   1.4370989e+00   6.9077912e-01
  -3.4056389e-01   4.8706332e-01
  -8.3083690e-01   2.8125950e-01
   1.2031892e+00   9.6466106e-01
   2.2651212e-02   5.0270995e-01
  -3.9940571e-02   5.3822553e-02
  -7.5486668e-01  -7.8678391e-01
   1.7101705e+00   9.0627573e-01
   1.4136556e-01   2.8520669e-01
  -2.1456925e+00  -1.9458820e+00
   8.0218725e-01   9.1249786e-01
   6.4014085e-01   1.1752629e+00
  -9.5190326e-01  -5.7208838e-01
   7.8678265e-01   9.7430967e-01
  -8.3344167e-01  -5.1879350e-01
  -1.1069938e+00  -9.2461959e-02
   8.7142640e-01   5.8703562e-01
   1.4017836e+00   7.8559244e-01
  -1.9237768e+00  -1.3041819e+00
  -1.4452836e-01   2.1153989e-01
  -5.0746743e-01  -4.7593005e-01
   6.1766923e-01   8.7952563e-01
  -1.5828338e-01  -7.3332983e-01
   7.8852359e-01   4.6498793e-01
  -1.3563374e+00  -1.5864519e+00
   4.1599065e-01   5.5883098e-01
   1.3624500e+00   7.9481205e-01
   1.1981005e+00   9.1382734e-01
  -1.5071882e-01  -1.1630697e-01
   5.8480964e-01   4.1197168e-01
   5.0267694e-01   3.3553405e-01
  -2.3264132e-01   2.1652786e-01
   1.1588582e+00   1.2186843e+00
  -9.4332816e-01  -6.4433571e-01
   7.2051807e-01   7.8251157e-01
   1.0018777e+00   4.1479995e-01
  -2.1933483e-02   8.9374059e-01
  -9.0526476e-01  -7.3603096e-01
   5.9631124e-01   1.4471947e+00
  -1.6682991e+00  -1.3684134e+00
  -1.0454181e-01   1.6630783e-01
  -1.2332373e-01  -4.8335950e-01
   2.6527921e-01   1.7041921e-02
   8.0450923e-01   1.1104524e+00
   1.5584509e+00   1.3445636e+00
   4.6454351e-01   7.3347294e-01
   5.1649672e-01   6.9366469e-01
   4.0344320e-01  -1.2444721e-01
   1.3831858e+00   3.4528493e-01
  -5.3556479e-01  -4.6210315e-01
   4.5020261e-01   7.5391725e-01
  -4.8385937e-01  -2.0370987e-01
  -1.3950187e-01  -7.3883835e-01
  -2.0372374e-01  -1.9972313e-01
  -1.6793046e+00  -1.2980004e+00
   7.8225305e-01   1.4411236e-01
  -1.0966530e+00  -3.2144638e-01
   7.0264598e-01   8.8877460e-01
   5.6600286e-01   8.3442308e-01
   6.7413397e-02   3.5442298e-01
   1.7574847e-01   7.7170147e-01
   1.1433901e-01  -5.5581965e-01
   2.5153625e-01   6.9432321e-01
   1.3327919e+00   9.1765502e-01
   5.9935210e-01   4.6497822e-01
  -1.4081463e+00  -6.2224763e-01
   1.3556917e+00   1.0739659e+00
   7.5853296e-01   9.8638647e-01
  -1.3821065e+00  -1.1913726e+00
  -1.9257411e+00  -2.0136859e+00
  -9.3440409e-01  -4.6337355e-01
  -1.1671169e+00  -1.0010123e+00
   1.5888592e-02   6.9930372e-01
   5.5776166e-01   4.0597314e-01
  -2.2895049e-01  -1.7739630e-02
  -1.2606830e+00  -1.4955195e+00
  -6.4611080e-01  -1.0465275e-01
   6.9724787e-01   8.9144572e-01
  -2.9368472e-01  -1.5896837e-01
  -2.3414676e-01   6.4426830e-02
   9.3094829e-01   1.6479590e-01
  -3.5566194e-01  -2.1670615e-01
   1.0999754e+00   1.2652252e+00
  -1.5773983e+00  -1.5926250e+00
   5.6241339e-01   4.6608142e-01
   8.9350247e-01   1.0121940e+00
  -1.3609633e+00  -1.6613441e+00
   1.1804668e+00   7.9962775e-01
   5.8893198e-01   9.7551402e-01
   7.9714917e-01   8.8257432e-01
  -5.3567863e-02   2.0363230e-01
   5.4089866e-02   4.5599047e-01
   7.5369422e-01   9.1536067e-01
   8.2585824e-01   9.8327851e-01
   2.4246282e-01   4.6976517e-01
  -5.5280960e-01  -2.5189801e-01
   7.6691232e-01   7.1040466e-01
   1.2026088e+00   6.7192518e-01
  -1.4891249e+00  -1.5356185e+00
   1.0282921e+00   7.5569605e-01
  -1.2962103e+00  -1.4383608e+00
   1.0369663e+00   6.1611213e-01
   2.7434102e-01   7.5418369e-01
   9.7179459e-01   8.0423009e-01
   1.7726996e+00   8.0928124e-01
   1.7919601e+00   7.6237901e-01
   6.1585158e-01   8.9708361e-01
   1.1392510e+00   1.0397260e+00
  -3.6294628e-01  -7.1371365e-01
  -1.6643372e+00  -3.0531232e+00
  -6.1488667e-01  -9.1600155e-01
  -8.9712594e-01  -6.0674475e-01
  -1.0288116e+00  -1.7914058e+00
   4.8243024e-01   6.2064713e-01
   1.0986093e-01   2.4843626e-01
  -6.9091140e-01  -7.7906124e-01
  -6.3199927e-01  -7.8204912e-01
   1.2337036e+00   1.0262514e+00
  -5.1932711e-01  -2.7577157e-01
  -1.8910193e+00  -1.0273431e+00
  -1.2050705e+00  -3.6084210e-01
   5.9249009e-01   3.5225390e-01
   6.6428014e-01   4.2571147e-01
   6.5237717e+00  -6.9001076e+00
   1.0901665e-01   2.7218360e-01
  -5.0835173e-01  -5.4730506e-01
   8.4652498e-01   1.0574307e+00
   5.9072613e-01   7.9402819e-01
  -1.1458873e+00  -8.4154007e-01
  -1.4545300e+00  -1.2296932e+00
  -7.8294567e-01  -4.3703456e-01
   1.0756050e+00   1.2700148e+00
  -1.5700194e+00  -8.7952979e-01
  -9.2498820e-01  -8.7039167e-01
   8.9939449e-01   7.7743145e-01
   3.5478859e-01   5.6940229e-02
   1.2697297e+00   8.7010377e-01
  -1.7814264e+00  -1.7257643e+00
   1.1767527e+00   1.0523987e+00
   1.3057556e+00   1.0089331e+00
   4.6681975e-01   1.5656725e+00
   4.7429712e-01   5.4778390e-01
   4.3000124e-01   8.4299237e-01
   3.0024327e-01   5.9656823e-01
  -1.8703252e+00  -1.9163678e+00
  -1.1897152e+00  -1.6589984e+00
  -1.7741779e+00  -1.7869574e+00
   3.0655907e-01   1.1271606e+00
  -9.0565750e-02  -2.0396530e-01
  -1.1601378e+00  -1.6645296e+00
   1.2318271e+00   7.8887914e-01
   3.1206086e-01   7.2825088e-01
  -6.5242447e-02  -6.5388270e-02
  -1.5550037e+00  -6.5333778e-01
  -7.5441765e-01  -7.8339800e-01
  -1.7803327e+00  -1.3275418e+00
   7.2866261e-01   7.9034657e-01
   6.0575849e-01   3.7807480e-01
  -1.7014827e-01  -1.8813026e-01
  -8.0905268e-01  -3.3292986e-01
   1.4757087e+00   9.5701502e-01
   1.3788238e+00   6.4403277e-01
   6.0845299e-01   5.7929894e-01
  -2.0190393e+00  -1.1380537e+00
  -1.6596196e+00  -1.2243635e+00
   1.0985333e+00   1.2879646e+00
  -9.6837847e-01  -7.3789298e-01
   3.8534462e-01   2.4197048e-02
  -2.1125297e+00  -1.1557922e+00
   8.3160058e-01   8.5570949e-01
  -7.5089516e-01  -8.9021436e-01
   1.2254178e+00   9.5039641e-01
   1.3905087e+00   1.1386321e+00
  -4.9991745e-01  -5.7864996e-01
  -3.1025560e-01   2.4295251e-01
  -1.4864278e+00  -9.3077751e-01
   9.6281092e-01   7.9530485e-01
   2.0837716e-01  -2.3843317e-01
  -4.1082934e-01  -1.2059507e+00
  -5.2370915e-01  -1.9965863e-01
   1.4472642e+00   1.2370214e+00
   9.7081179e-01   9.7832536e-01
   5.3323612e-01   4.4190639e-01
  -1.5062189e+00  -1.2436206e+00
  -6.5992330e-01  -7.0407881e-01
   9.2363748e-01   9.6352877e-01
  -1.7659338e+00  -1.3921757e+00
   1.0469917e+00   1.0951391e+00
   1.2561921e-01   2.1456957e-01
   1.5159436e+00   1.0847150e+00
   1.4004514e+00   7.3829014e-01
  -5.2702268e-02   1.7117010e-02
   6.8122181e-01   2.9330404e-01
   5.1774355e-01   9.1776843e-01
   8.3354907e-01   3.2987706e-01
   5.8668823e-03   4.7926712e-01
   4.1878255e-01   3.9837691e-01
   9.5388410e-01   8.4315888e-01
  -3.9553787e-01  -1.9792996e-01
  -2.0150463e+00  -1.5998694e+00
   6.8991860e-01   7.2672786e-01
   1.3091505e+00   1.3927122e+00
   1.4326168e+00   1.1252505e+00
   1.5145432e+00   7.3055040e-01
   8.6491210e-01   5.1152989e-01
   8.4662182e-01   4.7845453e-01
  -3.3342246e-02   2.3168842e-01
  -6.5396518e-01  -2.0584783e-01
  -1.6190840e+00  -8.8306461e-01
   7.1760491e-01   5.8275991e-01
  -1.0040771e+00  -4.9919907e-01
   7.0061103e-01   5.5106621e-01
   4.8128973e-01   6.2640679e-01
   5.3832085e-01   9.9557508e-01
  -1.3962500e-01   5.1486590e-01
   6.0542354e-02   3.8087456e-02
   6.9812301e-01   1.2746715e+00
  -1.4353789e+00  -9.5906324e-01
   1.7032156e-01   3.3225577e-01
   1.2098007e+00   8.9902258e-01
  -1.4379996e-01  -8.9977934e-01
   1.0666567e+00   5.6374633e-01
   7.8069407e-01   7.8665473e-01
  -4.0574325e-01   4.3412864e-01
   6.5443194e-01   9.2888187e-01
  -1.2218484e+00  -5.2717413e-01
  -1.4900604e+00  -1.7819731e+00
  -1.6472001e+00  -1.0981281e+00
  -1.3822764e+00  -8.7323831e-01
  -1.0941547e+00  -6.9811575e-01
   1.2872759e+00   1.0692671e+00
   7.8944675e-02   1.0223196e+00
  -1.2597957e-01   2.8335265e-01
  -7.6728281e-01   4.3503135e-02
   1.5131020e+00   1.5217609e+00
   2.4619471e-01   6.3057424e-01
  -1.2027744e+00  -7.6717105e-01
  -9.3517646e-01  -1.0664634e+00
   3.8045728e-01  -4.9798547e-02
  -2.0140100e+00  -1.9751871e+00
  -7.7841796e-01  -1.2700039e+00
   6.5588618e-03   2.6344227e-01
   3.3652583e-01   3.6904922e-01
   5.6635533e-01   4.9800454e-01
   6.3175584e-01   8.8961340e-01
   1.2071730e+00   9.7106960e-01
  -6.6389048e-02   6.4768943e-01
  -7.3750367e-01  -2.8376515e+00
   1.3529193e+00   9.0059417e-01
   5.8564919e-01   5.9579744e-01
  -1.5451400e+00  -1.2504336e+00
   2.6079847e-01   3.1291212e-01
  -8.6767530e-01  -6.8171930e-01
   1.4466138e+00   5.5570123e-01
   5.8914893e-01   9.5093762e-01
   1.1404623e+00   7.0613567e-01
   4.1207760e-01   1.8898970e-01
   5.0006144e-01   5.9067116e-01
  -8.8722040e-01  -7.2013523e-01
   4.1313903e-01   8.6720976e-01
   2.0393485e-01   5.7371762e-01
  -1.4724849e+00  -1.3365837e+00
   1.1742553e+00   1.3084742e+00
  -6.4176848e-01  -7.0630309e-01
   5.0818479e-01  -6.8811408e-02
   7.5914712e-01   8.9847233e-03
   7.2230951e-01   9.2500194e-02
   1.0007588e+00   5.7281074e-01
   9.3195741e-01   8.3574887e-01
  -1.3318476e-01   6.2021857e-02
  -7.9055067e-01  -5.3509910e-01
   3.8123884e-01   9.9828131e-01
  -2.1341011e+00  -1.7923224e+00
   1.0805326e+00   8.6835262e-01
  -5.6758691e-01  -3.2159286e-02
  -1.0013658e-01   3.7286763e-01
  -1.1631991e+00  -6.6025829e-01
   6.8558812e-01   5.4571947e-01
  -8.1638088e-01  -8.4601690e-01
   6.3249844e-01   7.9090754e-01
   4.3580500e-01   9.9391107e-01
  -4.7079542e-01  -6.3065288e-01
   2.1475421e-01   7.4002137e-01
  -6.9256897e-01   4.5802721e-01
   1.7742071e-02  -1.9264801e-01
   1.1392067e+00   9.5601188e-01
  -6.9570329e-01  -1.9850671e-01
   1.3814464e+00   9.4017435e-01
  -1.1807135e+00  -4.7394523e-01
  -1.3180490e+00  -1.2395350e+00
   7.1321614e-01   8.4660795e-01
  -5.0591619e-01  -6.0931031e-01
  -6.0936096e-01  -1.9492298e-01
  -1.1523253e+00  -1.1899915e+00
  -8.3014400e-01  -6.5635286e-01
   7.8872912e-01   6.6343947e-01
  -6.5033992e-01  -1.0784815e+00
  -1.4315893e+00  -7.9469295e-01
  -1.2604603e+00  -1.3778917e+00
  -2.2248297e-02   1.9537482e-01
   1.2944497e+00   1.2183062e+00
   1.0667914e+00   6.7794779e-01
  -9.7870042e-01  -1.2022455e+00
  -1.1073260e+00  -6.2807083e-01
  -2.7549613e+00  -1.8119187e+00
  -8.3097526e-01   6.5194879e-02
   5.0515736e-01   1.1244332e+00
   8.1131569e-01   7.0810506e-01
  -1.6819963e+00  -1.5119600e+00
   2.6283378e-01  -1.5547344e-02
   1.5248708e+00   9.6585683e-01
   1.0663903e+00   1.0127412e+00
   4.7825558e-01   2.5699555e-01
   7.4165622e-01   9.5850807e-01
   9.2897142e-01   9.0530785e-01
   6.7561285e-01   3.1400477e-01
   8.5847859e-01   3.8008677e-01
   3.1880252e-01   5.1191468e-01
   2.8275962e-02   2.8566852e-01
  -1.1381593e+00  -1.1400554e+00
   1.4707744e-02   7.8443996e-01
   3.4972863e-01   7.8481478e-01
  -1.6911867e-01   4.7718755e-01
  -1.1324009e+00  -1.0228250e+00
  -2.3983817e-01  -3.9292289e-01
   1.5313837e-01  -1.2084791e-01
   7.6217852e-01   1.9829137e-01
   1.1202719e+00   1.1633973e+00
   4.8042363e-01   4.2803970e-01
   5.0072445e-01   3.6097047e-01
  -1.3576556e+00  -5.6707730e-01
  -1.4960019e+00  -1.8154616e+00
   6.7465232e-01   3.9272793e-01
   3.2004965e-01   1.9755911e-01
  -1.3185569e+00  -3.9082281e-01
   1.2564788e+00   1.5653890e+00
  -7.8362026e-01  -9.9092194e-01
  -1.4312541e+00  -1.2035068e+00
  -1.7042546e-01  -3.5663436e-02
   1.0189035e+00   9.0476170e-01
   5.1041796e-01   1.3213982e+00
  -1.7808959e+00  -1.5661547e+00
  -1.1269188e+00  -6.5180066e-01
  -8.7407415e-01  -2.5016644e-01
  -1.9012099e+00  -1.5484699e+00
   5.2129263e-01   4.0062965e-01
   1.5322009e-01  -3.2881978e-01
  -4.1348043e-01  -4.7358532e-01
  -1.3690582e+00  -1.3658059e+00
   8.4220331e-01   6.1179227e-01
  -8.0454111e-01  -7.2026177e-01
  -1.1299164e+00  -9.3177493e-01
   6.3024400e-01   6.0152608e-01
   5.6477356e-01  -1.3378773e-02
   9.0352236e-01   9.3502144e-01
  -1.8285879e-02   2.4385404e-01
  -2.6756237e-02  -6.2684442e-01
  -2.1757016e-01   3.9495318e-02
  -7.6541632e-02   1.0615483e+00
   1.0507144e+00   5.5772834e-01
  -6.5195442e-01  -4.5397194e-01
   1.0575520e+00   7.4997421e-01
   1.3908687e+00   7.4731827e-01
   1.1403743e+00   9.0234196e-01
  -1.0206914e-01   2.2692962e-01
   1.0683771e+00   9.4557275e-01
  -1.5634164e+00  -7.7949869e-01
  -4.0800167e-01   3.6228718e-01
  -1.3904266e+00  -1.2602049e+00
   3.6906999e-01   9.0816379e-01
   9.2142034e-01   6.4802274e-01
   1.3977770e+00   9.3967173e-01
  -8.0823118e-01  -7.2722433e-01
   7.6210314e-01   7.4033676e-01
  -1.0389827e+00  -8.3249484e-01
   1.2377234e+00   1.0069141e+00
  -1.2122567e+00  -7.9442065e-01
  -5.3760773e-01   7.9465162e-02
   1.1548101e+00   7.2787209e-01
   1.0987908e+00   6.3154396e-01
   7.6753467e-01   9.5691694e-01
   1.2286700e-01   1.4526126e-01
  -1.4020324e+00  -7.1808002e-01
  -6.6822002e-01  -7.4911664e-01
  -8.4280822e-01  -8.5071971e-01
  -1.1584609e+00  -1.3949137e+00
  -4.3954630e-01   1.2692865e-02
   7.3231960e-01   6.5031874e-01
  -3.1755169e-01  -2.8652027e-01
   4.4109855e-01   4.5933665e-01
   7.1568298e-01   8.7104130e-01
  -3.5252944e-01  -4.0466778e-01
   2.1810695e-01   3.5710836e-01
   5.3575967e-02  -3.4773996e-01
  -5.8695156e-01  -8.3426767e-01
   8.6498076e-01   6.2883336e-01
   5.0654342e-01   7.8802430e-01
  -1.8276104e-01  -4.7879598e-01
   1.0593960e+00   8.3700968e-01
  -3.0104589e-01  -3.3389999e-01
   2.6274708e-01   1.1879660e+00
   4.2980091e-01   1.1279104e-01
   6.3579371e-01   1.2507637e+00
  -3.4953688e-01  -2.5458963e-01
   1.7817608e-01  -1.1457338e-01
  -1.3954480e+00  -1.6562461e+00
  -1.0993634e+00  -1.3567791e+00
   2.5231099e-01   6.1184084e-01
   3.2338250e-01   6.4349762e-01
   1.0067440e+00   9.0052024e-01
  -1.3440588e+00  -1.0888724e+00
   5.8232045e-01   1.1455107e+00
   4.3565870e-01   4.7610570e-01
  -8.7812470e-01  -5.6872294e-01
   8.0539778e-01   8.6223043e-01
   9.5993287e-02   5.1272481e-01
   2.0536910e-01   5.2320886e-01
  -4.4546597e-01  -9.0545080e-01
   9.3725020e-01   5.5442500e-01
   3.3974886e-01   9.6107733e-01
  -5.3762498e-01  -4.9483650e-01
  -3.7377458e-01  -8.2475737e-01
   9.3698063e-01   7.3795903e-01
   2.5745283e-01   2.6671570e-01
  -1.5977357e+00  -1.6553907e+00
  -1.0278538e+00  -8.8295348e-01
  -1.0966578e+00  -8.8971599e-01
   6.8536908e-01   9.7491370e-01
  -5.4359240e-01   2.8102407e-01
   1.1087860e+00   1.2783909e+00
   1.9674311e-01   3.1593109e-01
   7.5291772e-01   8.3434895e-01
   8.4725176e-01   8.6623530e-01
   7.8222374e-01   2.7471995e-01
   8.9240691e-01   9.5340190e-01
  -1.9463449e+00  -1.7138437e+00
   4.5136869e-01   6.6588545e-01
   6.9958507e-01   9.2344117e-01
   2.4814306e-01   6.2858136e-02
   1.3289638e+00   1.0379614e+00
  -5.9267464e-01  -1.0068810e+00
  -9.8256780e-01  -5.3994933e-01
   4.2897531e-01  -2.5278136e-01
  -1.1506684e-01   8.2218867e-01
  -6.4205164e-01  -9.9067502e-01
   8.4861753e-02   4.3619862e-01
   5.4426789e-01   5.5875991e-01
   1.3131088e+00   8.6894102e-01
   1.0954980e+00   1.1817127e+00
   1.1968679e+00   1.9395364e-01
   4.4301815e-01   2.5440447e-01
   4.0684447e-01   5.3980414e-01
   9.0525834e-01   4.5944152e-01
  -9.0667126e-01  -5.3934776e-01
   8.0712575e-01   8.5180349e-01
   9.2146094e-01   7.8254085e-01
  -2.0618179e+00  -1.0817687e+00
  -1.5549010e+00  -2.1766004e+00
  -5.3390484e-01  -3.4497766e-01
   7.5470263e-01   4.1146388e-01
   4.6497029e-01   2.6883928e-01
  -7.6454449e-01  -9.2513288e-01
   1.7865441e+00   8.6360300e-01
   3.8083177e-01   5.3526810e-01
   9.4575868e-01   1.0889506e+00
  -8.7593539e-01  -5.9886173e-01
  -1.3456386e+00  -8.5570035e-01
  -1.6718195e-01  -3.5009951e-02
  -2.2349899e-01  -9.1739099e-01
   9.4927971e-01   5.7529230e-01
  -2.1621558e-01  -6.1173896e-01
  -1.4465108e+00  -3.3233021e-01
   6.2131834e-01   8.1475380e-01
   4.2362388e-01   6.0812132e-01
   8.2405769e-01   1.0427227e+00
   4.9232327e-01   6.5782844e-01
  -1.9476702e+00  -1.5634164e+00
  -1.0678460e+00  -8.4927412e-01
   7.4859082e-01   7.5348482e-01
  -2.7861250e+00  -2.2044885e+00
  -1.2190039e+00  -1.0022171e+00
  -3.0283888e-01  -5.2076594e-01
  -1.3648889e+00  -1.2751896e+00
  -1.2991492e+00  -1.2508534e+00
  -1.9602826e+00  -1.2759143e+00
   6.4966205e-01   4.4401614e-01
  -3.2776727e-01   3.7428902e-01
   1.1078718e+00   1.0077296e+00
  -7.0853577e-01  -9.2605614e-01
   4.3006219e-01   8.7853131e-01
  -1.2204936e-01   5.4789476e-01
  -6.5076534e-02   2.2746350e-01
  -1.6705541e+00  -4.9780894e-01
   1.9347743e-01   9.8650608e-01
   4.8890509e-01  -1.4708535e-01
   1.4186221e+00   8.2077174e-01
   1.2978001e+00   8.0376389e-01
   8.0697521e-01   5.4938665e-01
  -9.3008573e-01  -2.5248755e-01
   5.8771167e-01   8.3539779e-01
   1.9999085e-01  -4.6130013e-01
   8.6432570e-02   2.8662673e-01
   6.9191286e-01   4.6468864e-01
  -9.3114403e-01  -6.3142790e-01
   4.8144197e-01   3.6355119e-01
  -1.0302622e+00  -5.0027518e-01
   4.1761104e-01   8.3174621e-01
   4.4893160e-01   7.2004708e-01
   1.5090884e+00   9.9052713e-01
   7.5885345e-01   8.3370750e-01
  -5.9125225e-01   2.8303099e-02
  -7.6623790e-01  -7.7401416e-01
   6.6109998e-01   6.1546945e-01
  -5.8749685e-01  -6.5737738e-01
  -1.5828521e+00  -1.8366041e+00
   8.9228849e-03   1.5772162e-01
   4.9419280e-01   8.0928567e-01
  -2.3081450e+00  -1.7407463e+00
   1.2603586e-01   7.0941484e-01
  -1.5439152e+00  -5.4978854e-01
   2.0654922e-01   6.7053789e-01
   7.4456209e-01   8.6219018e-01
   7.1229509e-02   4.1783100e-01
   2.7226686e-01   9.0234798e-01
  -9.3751044e-01  -4.1076353e-01
   8.9932229e-01   4.8868908e-01
   5.9042762e-01   3.9835953e-01
   1.7605273e-02   3.1408635e-02
   5.5426289e-01   3.6832217e-01
  -1.0167538e+00  -7.1235278e-01
   4.8323725e-01   2.8093998e-01
  -1.1217574e+00  -9.5864461e-01
  -1.2652685e+00  -7.3408910e-01
   9.3073848e-01   3.9074355e-01
  -1.8760897e+00  -1.2977600e+00
   1.2154954e-01  -2.1515675e-01
   7.6810480e-02  -3.3202909e-01
   4.1158654e-01   7.7189814e-01
   3.9696884e-01   2.8385734e-01
   1.0332027e+00   7.1606566e-01
   9.8022365e-01   9.7026856e-01
   7.6281112e-01   7.7480477e-01
   2.1239558e-02   4.8244875e-01
  -1.5226217e+00  -1.1322564e+00
   5.3278032e-01   9.3793291e-01
  -1.1095550e+00  -1.8662980e+00
  -9.5327396e-01  -5.3924688e-01
   2.3507930e-01  -3.3355406e-01
  -6.9267567e-01  -6.4761036e-01
  -4.6574452e-01   2.8309682e-01
   9.3949361e-01   9.6423952e-01
  -1.6902096e+00  -1.3214681e+00
   1.5181150e+00   1.0642525e+00
   9.8716285e-01   7.2226766e-01
   4.7723507e-01   6.7397256e-01
   2.4916328e-01   5.2597989e-01
  -1.1485925e+00  -1.3012713e+00
  -5.4429186e-01  -1.0645039e+00
   1.1634604e+00   1.0141198e+00
  -7.1943706e-01  -2.5917969e-01
  -2.1023491e-03  -6.7289667e-01
  -5.1209949e-02  -3.2114464e-01
  -1.6447168e+00  -1.6615400e+00
  -1.5542811e+00  -1.0587795e+00
  -7.3378212e-01  -8.0393976e-01
   3.8821272e-01   8.6711359e-01
  -6.2578742e-01  -3.9056559e-01
   3.1215793e-01   4.3589872e-01
   2.6148814e-01   8.6234157e-01
   3.2844343e-02  -6.4684436e-01
   7.3809609e-01   6.6966809e-01
   6.2589692e-01   7.9664024e-01
  -6.9826791e-01  -2.9162117e-01
  -1.5602106e+00  -1.4219961e+00
  -9.1378243e-01  -1.5252082e+00
   4.1441568e-01   9.9972213e-01
   1.3139205e-01   4.1078190e-01
   6.3083055e-01   7.3938218e-01
   7.7647077e-01   8.9680153e-01
  -1.9347218e+00  -9.5760125e-01
   1.7248788e-01   2.3685869e-01
  -2.3218953e+00  -1.8104286e+00
   7.5486667e-01   8.0868581e-01
  -2.0158621e+00  -1.2456758e+00
   5.6313118e-01   8.7063787e-01
  -5.3120189e-01  -6.7739445e-01
  -9.4125491e-01  -1.9371841e+00
   6.2213476e-01   4.0835564e-01
   1.6612088e-01   6.0231737e-01
   3.1855376e-01  -3.2525517e-01
   3.6027430e-01   4.0773961e-01
   1.1848420e+00   1.7608180e-01
   1.2061445e+00   7.7610116e-01
   1.2544886e+00   1.0484080e+00
   1.7047253e+00   9.0606165e-01
   5.6448287e-01   1.0153960e+00
   5.1841288e-01   7.4491760e-01
   1.0518032e+00   8.0402907e-01
  -3.5605733e-01   6.6679066e-02
   4.8295008e-01   9.6530336e-01
   2.9932062e-01   3.1671683e-01
   1.4332027e+00   8.1716716e-01
  -1.9031518e+00  -9.8709209e-01
   4.0244866e-01   2.5175419e-01
  -1.7603998e+00  -1.7955599e+00
   7.1470011e-01   2.3479692e-01
   1.1137155e+00   2.7595585e-01
   1.3168219e+00   9.7620761e-01
   1.1959822e+00   9.0894163e-01
  -1.7613562e+00  -1.5976629e+00
   1.1475412e+00   6.6898592e-01
   7.8780426e-01   6.6573938e-01
   7.3089156e-01   3.8180227e-01
  -5.1729221e-01   2.3738448e-01
   3.9239371e-01   5.9501129e-01
  -1.1018517e-01  -3.5713007e-02
  -9.9160748e-01  -8.8540787e-01
  -5.0083889e-01  -5.1748368e-01
  -1.9964960e-01   3.7381699e-01
  -1.4007267e-02  -2.4989012e-01
   2.6400744e-01   1.0539778e+00
  -1.3901968e+00  -1.1122544e+00
  -2.1273422e+00  -1.8910113e+00
   9.4809008e-01   9.1100871e-01
   5.5249442e-01   9.4804039e-01
   5.4598049e-01   1.0927082e+00
  -4.8274891e-01  -1.0839693e-02
   1.5019851e+00   1.3808637e+00
  -2.5418417e+00  -1.5475855e+00
  -4.5264404e-02  -2.3692506e-01
  -1.6662847e+00  -5.8765084e-01
   1.1546312e+00   7.1164949e-01
  -4.5929786e-01  -4.2788130e-01
   1.2260419e+00   8.5491570e-01
  -1.1276785e-01  -6.1271161e-01
   3.7689687e-01   4.0717790e-01
   6.1264923e-02  -3.5606709e-01
  -1.5805431e+00  -7.1231255e-01
   6.8643475e-01   6.3122083e-01
   6.2918028e+00  -6.9682704e+00
  -1.2150555e+00  -1.4908844e+00
   1.0627522e-01  -3.2552530e-01
   1.0400286e+00   6.8980322e-01
  -3.6590653e-02  -3.8604629e-01
   8.7267196e-01   1.0771020e+00
   3.0359823e-01   5.3768928e-01
  -7.3248966e-01  -2.2723920e-01
  -2.0454904e+00  -1.4161030e+00
  -9.8880073e-02  -4.5577333e-01
  -1.2460660e+00  -1.0331882e+00
   4.0328390e-01   9.7136793e-01
  -5.6621406e-01  -5.4424983e-01
   2.8351105e-01   1.9783294e-01
  -5.9565920e-01  -4.2570500e-01
   1.3700912e+00   1.1135640e+00
  -1.8238261e-01   8.5615117e-02
   1.1224706e+00   7.5966908e-01
  -6.2655340e-01  -6.5768937e-01
  -1.6935584e+00  -1.2884456e+00
   1.6758240e+00   8.6025922e-01
   6.6766813e-01   6.6861989e-01
   8.6835064e-01   9.3503717e-01
  -1.1766041e+00  -5.6367507e-01
   2.0571416e-01   6.2637898e-01
  -1.3142160e+00  -1.5911236e+00
   1.4346000e+00   7.5833013e-01
   2.4567691e-01   3.9100925e-02
   1.2459228e+00   5.0642695e-01
  -1.4652721e+00  -1.7073684e+00
  -2.0651853e+00  -1.2109794e+00
  -1.1304143e+00  -7.2829489e-01
  -6.6312002e-01  -1.0765406e+00
   1.8970647e-01   2.1405064e-01
  -1.9614342e+00  -1.5631069e+00
   2.3795276e-01   3.7384025e-01
  -6.0063890e-01  -8.5849572e-01
   4.5869328e-01   2.3945292e-01
  -9.2827517e-02  -3.3453695e-01
   6.9320447e-01   1.5617287e-01
   5.5280371e-01   7.0152264e-01
   6.3300688e-01   7.9954325e-01
  -1.2544855e+00  -1.3002895e+00
   1.5303996e+00   1.5839124e+00
   8.7023575e-01   8.1309881e-01
  -1.9534715e+00  -1.0097466e+00
  -1.5710872e+00  -2.1572158e+00
   4.4579892e+00  -6.1319835e+00
  -1.0482455e+00  -5.8334363e-01
   1.4443023e-01   2.8958374e-01
   1.1123108e+00   6.1949005e-01
  -7.5689436e-01  -7.0473108e-01
   9.4853513e-01   7.3233395e-01
  -1.2867674e+00  -1.0772517e+00
   7.1798788e-01   6.6160406e-01
   6.0286449e-01   9.6771421e-01
   3.0565225e-01   3.7780626e-01
   8.4871098e-01  -8.8168928e-04
   9.0895933e-01   9.2382782e-01
   1.4787283e-01   3.6861067e-01
   4.5182266e-01   2.9402121e-01
   1.2047652e+00   9.0708951e-01
  -1.5928465e+00  -1.2950247e+00
  -1.3378936e+00  -6.9088940e-01
  -3.7489237e-01  -1.9835239e-01
   6.6981221e-01   9.5323535e-01
  -2.3269748e-01   1.7110931e-02
  -1.1141120e+00  -7.2861674e-01
  -7.9210234e-01  -1.0587156e+00
   2.6031536e-01   2.2875730e-01
   5.8048024e+00  -6.3181413e+00
   1.9528980e-01   8.5070705e-02
   5.0168684e-01   1.3732875e-01
   3.2440829e-01  -4.8851625e-02
   2.2079314e-01   5.8194305e-01
  -4.2453815e-01   1.4522749e-02
  -6.0232787e-02  -1.6329491e-03
  -1.4096539e+00  -1.1939120e+00
   7.8079583e-01   8.6918950e-01
  -2.3905340e+00  -1.2033616e+00
   6.6346522e-01   9.3471563e-01
  -7.4322799e-01  -5.1924889e-01
  -1.9528414e+00  -2.0669153e+00
   2.7960840e-01   3.2258171e-01
  -1.6128457e+00  -1.7553930e+00
  -4.7373589e-01  -3.0275165e-01
  -9.6601707e-01  -1.6039753e+00
   9.8244132e-01   1.1424181e+00
  -1.0065473e+00  -4.5108710e-01
  -1.1702564e+00  -1.0603085e+00
   1.1062046e+00   7.0067585e-01
  -3.1521862e-01   3.1328423e-01
   9.8536429e-01   8.0153240e-01
  -6.0763232e-01  -1.2795573e+00
   1.0075856e+00   9.9067400e-01
   9.5952140e-01   5.7817561e-01
  -2.8105951e-01  -4.4310065e-02
  -9.5275593e-01  -5.4357964e-01
   4.5364057e-01   1.3623053e-01
  -3.2679614e-01   1.2646138e-01
  -1.5858737e+00  -1.4568786e+00
  -1.4986321e+00  -1.3864750e+00
   7.6447376e-02   1.1785466e+00
   1.6448221e+00   7.7300254e-01
  -8.7369815e-01  -5.4855331e-01
   8.5163973e-01   1.4300470e+00
  -4.0435388e-02   6.7202645e-01
   5.1553027e-01   8.8448057e-02
  -1.1619806e+00  -1.0314150e+00
   6.6339940e-01   7.9740181e-01
   7.2344222e-01   8.1640695e-01
  -5.3830262e-01  -3.5933013e+00
   1.2567369e+00   1.0893599e+00
   8.3867997e-01   7.1406367e-01
  -7.9429514e-01  -6.1534463e-01
   2.2472710e-01   6.0121518e-03
   1.3657226e+00   1.0175448e+00
  -7.3722509e-01   6.0427505e-02
  -1.1098809e+00  -8.0189822e-01
  -1.8989548e+00  -1.9614936e+00
   1.0542547e-01  -3.3436175e-02
   5.3449473e-01   3.0312241e-01
  -7.2619350e-01  -2.2237402e-02
  -1.8589006e+00  -1.2556408e+00
   7.2978862e-01   6.1692792e-01
   3.5662909e-01   2.9090353e-01
   1.2123848e+00   8.4064390e-01
  -5.0381573e-01  -6.4038942e-01
   1.1578975e+00   8.0390352e-01
   1.0742849e+00   5.5204548e-01
  -1.4547753e-01  -2.8092228e-01
   2.4067274e-01  -6.0715231e-01
   3.2510814e-01   8.0224763e-01
  -8.9199014e-01  -8.8076320e-01
   5.1803598e-01   1.0151994e+00
  -1.9837920e+00  -6.5698839e-01
  -2.1357119e+00  -1.7954530e+00
   8.7654815e-01   1.5313905e+00
   5.4823294e-01   8.9621833e-01
  -1.9450285e+00  -1.6820015e+00
   9.2569362e-01   4.7475356e-01
   6.4899531e-02   3.0668937e-01
  -3.6764664e-01  -6.0841128e-01
  -3.1444315e-01   5.2748887e-01
  -1.9058168e+00  -1.6513057e+00
  -5.4112838e-01  -3.0473487e-01
  -7.9166194e-01  -4.8462751e-02
   6.1545026e-01   4.2537255e-01
  -2.5882854e-01  -6.1362975e-01
   9.7129026e-01   6.4564462e-01
   2.7096328e-01   1.4509112e+00
   3.6755121e-01   9.7714297e-01
  -6.0063359e-01   3.2038437e-02
   7.6399076e-01   6.4058659e-01
  -1.3114048e+00  -7.0842376e-01
  -4.7961954e-02  -1.4332490e-01
   3.7261974e-01   4.1358208e-01
   4.0645672e-01   7.1743505e-01
   7.3363675e-01   1.5844768e-01
   7.0772185e-01   9.1033381e-01
  -4.1866134e-01   2.9558353e-01
  -1.9863149e+00  -1.9807979e+00
  -6.3848375e-03  -2.0473109e-02
  -8.5512977e-01  -5.7527799e-01
  -4.4415205e-01  -5.5888864e-01
  -3.2777182e-01   3.5211839e-01
  -4.1876474e-01  -3.5751966e-01
   6.2509184e-01   8.0471870e-02
  -5.8954856e-01   3.5104592e-01
   1.7076422e-01   6.7392306e-01
  -1.6868618e+00  -1.2076827e+00
   4.5632383e-01   5.0921939e-01
   8.6130013e-01   7.5009044e-01
  -1.5431820e+00  -1.5317531e+00
   5.0297808e-01   1.3657646e+00
   6.4028691e-01   6.3387475e-01
  -1.2349772e-01   1.7904659e-01
   7.9685575e-01   7.7930381e-01
   1.1368089e+00   5.6883619e-01
   7.2988262e-01   8.4772514e-01
   7.5114618e-01   5.7574825e-01
  -8.9554636e-01  -8.0289496e-01
   9.7918421e-01   8.1567020e-01
   4.0113368e-01   8.2327543e-01
   6.6540902e-01   8.8124816e-01
  -1.2046776e+00  -1.4367046e+00
   1.1673037e+00   9.8356476e-01
  -5.4271845e-01  -5.3226780e-01
   1.3858124e-01   2.4190767e-02
   1.3516539e+00   7.8979576e-01
   3.4999818e-01   2.7345007e-01
   1.4884884e-01   4.8057344e-01
   6.6831803e-01   9.6050277e-01
   3.8172779e-01   8.7283075e-01
  -6.6900515e-01   1.7605208e-01
   6.8658975e-01   3.8653360e-01
   6.9113994e-01   8.5074417e-01
   7.6737310e-01   4.8973403e-01
   4.4400757e-01   4.8563443e-01
   8.1629159e-01   9.0523300e-01
  -1.2280218e+00  -6.3811911e-01
   1.2378893e+00   1.1587825e+00
   5.0008511e-01   1.5342054e-01
   9.7435715e-01   9.5318620e-01
   2.3561923e-01   4.0249896e-01
  -1.6417621e+00  -1.5013575e+00
   7.5069970e-01   8.2428024e-01
   1.4275405e+00   1.5657954e+00
   1.4059820e+00   9.4652372e-01
   3.6761144e-01   2.7491869e-01
  -1.2277785e+00  -8.0953477e-01
  -5.1173313e-01  -8.3299628e-01
   8.2022030e-01   9.2013182e-01
  -1.9094471e+00  -1.2242990e+00
  -1.1895388e+00  -1.7776326e+00
  -2.5390801e-02  -5.9371995e-01
   1.0416909e+00   7.1054963e-01
  -1.8793012e+00  -9.2115075e-01
  -1.0527505e+00  -5.7921938e-01
   9.2322361e-01   9.7259380e-01
   1.0609765e+00   9.0694646e-01
   9.1244824e-01   3.2737072e-01
   3.9934686e-01   1.0625133e+00
   9.3434548e-01   3.6665559e-01
  -1.2160922e+00  -2.1418247e+00
   6.9557011e-01   5.9163232e-01
   8.9992828e-01   9.3979185e-01
   6.2153606e-01   5.9901132e-01
   1.1002370e-01   9.7286015e-02
  -6.5654585e-01  -7.2606228e-01
   5.6576657e-01   7.2545933e-01
   1.4978416e+00   9.5917668e-01
   4.7583950e-01   5.3005577e-01
   4.3268068e-01   4.5537265e-01
  -1.6740651e+00  -1.3321506e+00
  -4.1056967e-01  -2.2656491e-01
  -3.2631237e-01  -1.2756758e-01
   5.2156642e-01   3.6385457e-01
   7.2070507e-01   9.1800505e-01
  -3.4004972e-01   2.1693641e-01
   6.0873400e+00  -6.8941699e+00
