   2.1818462e-01  -4.9952009e-01
  -1.9057704e-01  -9.2466469e-01
   1.4035891e+00  -2.1854070e+00
  -7.4785282e-01   4.6716470e-02
  -3.4950873e-01   1.2721444e+00
   5.5852790e-02   3.6894202e-01
  -1.2193100e+00   9.9706521e-01
   6.7061136e-01   2.6875817e-01
  -5.1451547e-01  -5.1042411e-01
  -9.2386820e-01   4.3111008e-01
   6.8053911e-01   3.9412216e-01
  -7.4946481e-01   7.0453603e-01
  -6.2994111e-01   4.5861997e-01
  -1.5083381e+00   9.4147953e-01
   6.8185099e-01   2.6078102e-02
  -3.0860912e-01   9.0750868e-01
   7.8088242e-01   3.3916531e-01
   3.3464650e-01  -6.2885453e-01
  -1.0794064e+00  -2.0196364e-01
  -9.0684836e-01   1.0894284e+00
  -7.1125314e-01   1.2682519e+00
   5.1582293e-01  -4.3646397e-01
  -1.0843026e+00   1.2010005e+00
  -3.0577279e-01   3.5075895e-01
  -6.7831242e-01   2.7091644e-01
   7.8111850e-01  -4.4554780e-01
  -3.7712717e-01   2.0766907e-01
   1.2465499e+00  -3.9327585e-01
   5.4982490e-01  -5.5575761e-01
   8.6421762e-01  -2.6881755e-01
   9.0806630e-02   4.7774254e-02
  -5.1756537e-01   4.6393830e-01
  -5.1784684e-02  -4.5244279e-01
   5.1108597e-01  -5.9620606e-02
   2.4386821e-01   2.0739511e-01
   5.0933711e-01  -7.2128086e-02
  -7.1241217e-01   5.7815948e-01
   1.1472281e-01   2.6090903e-01
  -7.5706020e-01   1.0115130e+00
   1.1896365e+00  -6.8896310e-01
  -8.7629352e-01   1.1149992e+00
   1.9454461e+00  -1.6180046e+00
   1.8009134e-01  -5.7644522e-01
   1.6997712e-01  -8.2203291e-01
   6.1056054e-01  -5.6208052e-01
  -8.5939191e-01   7.7368729e-01
  -1.2367597e+00   4.2910076e-01
  -1.0171587e+00   6.2983608e-01
   9.9443143e-01  -2.0489532e+00
  -9.9247136e-01   1.3135606e+00
   2.8840835e-01  -1.1929631e+00
  -3.4093732e-01   1.6260460e-01
  -6.9581430e-01   2.8085355e-01
   7.2447686e-02   9.0776621e-01
   7.3005875e-01   1.8977129e-02
  -1.7759725e-01  -6.0710549e-01
   1.3116391e-01  -1.0539651e-01
   1.2212778e+00  -7.8181295e-01
  -1.7086468e-01  -1.7210463e+00
  -1.3276260e+00   6.8425740e-01
  -6.3594669e-01  -5.8055271e-01
  -4.9854341e-01   1.6374655e-02
  -6.4577484e-01   6.3191543e-01
   1.0601871e+00  -3.2872392e+00
  -1.0807524e+00   1.3292967e+00
   1.9790818e+00  -2.6895748e+00
  -1.0091239e+00   9.2437205e-01
  -1.3443420e+00   6.8602261e-01
  -5.2303198e-01   5.6210769e-01
  -1.6096093e+00   1.3620894e+00
  -9.1261187e-01   8.7482399e-01
  -1.0573915e+00  -6.4545311e-02
   3.6385468e-01   2.4772621e-01
   6.3864277e-01  -1.2596423e+00
   2.6508008e-01  -2.0379269e-01
   7.7352741e-01  -7.5269692e-01
   6.4190274e-01  -7.9850037e-02
   1.5077611e-02  -1.0603909e+00
   1.8030638e+00  -1.5671861e+00
  -2.6456770e-01  -8.1290585e-04
  -1.4543472e-01   9.1421330e-01
   2.1137333e+00  -7.5596574e-01
   1.4716736e+00  -8.2716851e-01
  -5.1197073e-01   3.1227875e-01
  -4.7702703e-01   6.1403623e-01
  -1.0499785e+00   3.1270063e-01
  -8.3181596e-01   4.9018563e-01
  -6.0629966e-01  -1.5620857e-01
   8.3771463e-01  -1.4180363e+00
  -1.8549956e-01  -1.3392972e-01
  -1.6952495e-01   2.2502717e-01
  -4.2776391e-01   5.5377924e-01
  -1.7195558e-01   4.0409298e-01
  -4.8641002e-01   1.0684550e+00
   1.9194241e-01  -2.8377282e-01
  -1.5182683e+00   3.3102970e-01
  -1.4354326e+00   1.1234684e+00
   6.8866200e-01  -3.2391368e-01
   2.5856514e-01   2.4477384e-01
  -4.6446591e-01  -4.5089680e-01
   3.9823089e-01   1.5844156e-01
  -8.1170667e-01   1.1910057e+00
  -1.6230876e-01  -8.2331256e-01
  -2.9846687e-01   3.2289207e-01
  -1.0150388e+00   2.2408797e-01
   1.4660528e+00  -1.5054805e+00
  -4.1583201e-01   3.1922465e-01
   3.6919542e-01  -2.9895684e-01
  -9.9915049e-01   1.0727416e+00
   8.2720755e-01   7.8691936e-01
   9.8264547e-01  -6.8066236e-01
   1.1222311e+00  -5.6662588e-01
  -1.3511265e-01  -9.9671343e-02
   3.9711883e-01  -8.2577373e-01
  -1.8622963e-01   3.9461205e-01
  -1.3085541e+00   8.9555741e-01
   1.2864195e-01  -7.2610845e-01
  -9.7080658e-01   1.0622204e+00
   1.4711843e-01   7.1959741e-01
   5.2749637e-01   5.4890720e-01
  -1.5420276e-01   2.3644558e-01
  -1.0430826e+00   1.0461057e+00
  -2.4509002e-01   5.4708479e-01
  -1.0307383e-01   9.8869283e-01
  -1.2029002e+00   1.0022381e+00
   4.2890438e-01  -4.7709107e-01
  -7.2809703e-01   4.8388605e-01
  -2.6995124e-01   3.9059764e-01
   3.2789026e-01   4.4734850e-02
   5.2598588e-01  -3.9934135e-01
  -6.0746130e-01   5.4080428e-01
  -5.2691641e-02   1.5218606e-01
  -6.3719986e-01   1.2507021e+00
   6.1688058e-01  -5.5044834e-01
   2.0897698e-01  -3.5008374e-01
  -9.7653464e-01   1.0805675e+00
  -8.7202031e-01   9.5836760e-01
  -7.0529188e-01   1.0966075e+00
  -3.9932379e-01   4.8623268e-01
  -1.6308634e+00   9.9938528e-01
  -5.4266218e-01   1.2612375e+00
   1.3245592e-01  -5.2258347e-01
   3.3030791e-01  -2.0267513e-01
  -1.5499927e+00   1.4282959e+00
   6.9106601e-02  -1.2388717e+00
  -2.9234081e-01   8.6957011e-01
  -2.5785883e-01   6.7823295e-01
   2.0264897e-01   5.7865475e-01
  -3.6319191e-01   1.0366546e+00
   3.0106882e-01   7.8084731e-01
  -3.9467774e-01   8.4568863e-01
  -1.3934335e+00  -1.9252299e+00
   9.0529342e-01  -3.5905743e-01
  -1.0673302e+00   1.0419494e+00
   1.9204382e+00  -1.7954806e+00
   1.8744548e-01  -3.1722081e-01
   4.8061882e-01  -9.0244513e-01
   2.5672465e+00  -2.1100524e+00
   1.3098892e+00  -5.7405201e-01
   3.3116648e-01  -2.5992255e-01
  -7.7389004e-01   9.8286815e-01
  -4.7072044e-01   1.4413180e-01
  -1.2757149e-01   5.9620012e-01
  -3.3355933e-01   9.9504203e-03
   3.1990649e-01  -5.7541767e-01
   7.4198306e-01  -1.0717501e+00
   1.1863795e+00  -6.2974688e-01
   2.1149349e+00  -2.1091865e+00
   3.0543352e+00  -2.4099796e+00
   9.2632717e-02   8.0721021e-01
   5.9916300e+00  -6.8430389e+00
   1.1566495e+00  -9.6120381e-01
  -1.4090420e+00   6.3890751e-01
   1.4722576e+00  -9.9795217e-01
  -3.6079578e-01   7.3704683e-01
   1.9086009e+00  -1.7299966e+00
  -6.5171076e-01   7.8538900e-01
   1.1989934e+00  -4.6053667e-01
  -8.8538310e-01  -1.2959680e-01
   2.0366458e+00  -1.3151621e+00
   3.7399367e-02  -3.9565023e-01
  -5.2725950e-01   7.6098988e-01
   2.5159535e+00  -2.8382800e+00
  -6.2587764e-01   6.5037403e-01
  -8.2315578e-01   1.0214225e+00
  -1.6750321e+00   8.3202166e-02
  -1.7190660e-01   4.7981800e-01
   7.4772632e-01  -8.2043904e-03
  -3.3753322e-01   2.7748107e-01
  -1.1703720e+00   4.5324557e-01
  -4.4985953e-01   1.3888112e-01
   3.6524624e+00  -2.9475841e+00
   6.5680615e-02   3.8959496e-01
   7.5438534e-01  -7.2955047e-01
   1.0337008e+00  -2.5732066e-01
   1.1099182e-01   9.4588320e-01
  -6.9913410e-01   1.1329669e+00
  -5.4135705e-01   1.0858537e+00
  -2.3866538e-01  -1.8142595e-01
  -1.1978564e+00   1.0323181e+00
  -6.1937472e-01  -3.6680861e-01
   3.4732453e-01  -3.1506235e-01
  -2.9043647e-01   8.8730474e-01
  -1.6305022e-01  -5.5086978e-01
   8.7310040e-01  -6.3509338e-01
   2.2980052e-01  -2.1681192e+00
  -1.3396803e+00  -3.7672826e-01
   8.2930830e-01   2.9660007e-01
  -3.4487934e-01  -7.0328966e-01
  -5.3585159e-01   5.3938965e-01
   2.1524374e-03   5.7843354e-01
  -7.6524741e-01   9.8070739e-01
  -7.1219338e-02  -2.1436954e-01
  -5.3336825e-01   1.4335291e+00
  -8.2656226e-01   8.3037367e-01
  -6.2947364e-01  -1.7470224e-01
   4.1726118e-01  -1.6088240e+00
   1.8555628e+00  -1.1394980e+00
  -5.1893470e-01   6.8881856e-01
   1.3175329e+00  -1.0985948e+00
  -9.4765641e-01   4.4238713e-01
   1.0099481e+00  -2.6119570e-01
  -1.6690320e+00   1.0950242e+00
   2.0086547e+00  -2.1237063e+00
   4.8804696e-02  -7.1818530e-01
  -6.8606553e-01   9.0345356e-01
  -1.2097616e+00   1.1116472e+00
   3.0136532e-01   1.3841313e-01
   7.9963545e-02   5.7140185e-01
  -7.8869739e-02   1.0056170e+00
  -2.2557969e-02   3.5855140e-01
   2.3934496e-01  -2.5507399e-01
   2.3970751e-02   3.5967968e-01
   1.8986386e-01  -1.6928360e+00
  -9.6058949e-01   1.1423604e+00
  -7.9061235e-01   7.6982682e-01
  -2.3460806e-01   8.2203269e-01
   2.7003355e-01   2.8651822e-01
   1.1710218e+00  -1.0556634e+00
  -1.2653727e+00   8.0065758e-01
  -3.5253659e-01   5.0184052e-01
  -5.0988187e-01  -3.8955024e-01
  -1.0400396e+00   3.0088682e-01
   9.3227047e-01  -3.6801879e-01
  -5.6003787e-01   4.0878511e-01
   2.1514878e-02   4.0251557e-02
   6.0674595e-02   2.5353305e-01
  -6.4973250e-01   4.2089310e-01
  -4.6257485e-01   5.9049626e-01
  -1.3920481e+00   9.3443010e-01
  -1.1216587e+00   6.9688809e-01
  -2.8756909e-02   1.4736510e+00
   1.3011573e+00  -1.4499440e+00
   2.3709510e-01   1.4722578e-01
  -1.1318152e+00   5.0237691e-01
   8.0066331e-01  -4.3072629e-01
   2.5810422e-02  -7.9545541e-01
  -6.2640092e-01   9.5918298e-01
   1.4423082e+00  -1.7883745e-01
   1.0013129e+00  -6.9851375e-01
  -1.4780993e-02  -2.4098203e-01
   3.0737021e+00  -2.3530747e+00
  -4.1383707e-01  -1.8507937e-01
  -4.7344425e-02  -2.6895816e-01
   1.0313531e+00  -3.4825919e-01
   7.4251429e-01  -6.7762080e-01
   9.0257873e-01  -2.1354514e-01
   5.1802411e-01  -8.9996244e-01
   1.0660764e+00  -1.8056362e+00
  -9.6885719e-01   7.7990322e-01
  -7.1278657e-01   8.7227065e-01
  -3.6974731e-01   7.7568500e-01
  -2.0906584e-01   5.3246974e-01
  -9.7636861e-02  -1.0469425e-01
   1.0090595e+00  -8.4306899e-02
  -1.2334132e-01   6.9287926e-01
  -3.4062156e-01   1.3379727e+00
  -5.4281813e-01  -7.9334995e-01
  -5.7355672e-01   6.8786615e-01
   4.1277574e-01  -1.2855757e-01
  -1.5044522e+00  -1.4339060e-01
   3.8077358e-01  -1.3801901e+00
  -7.4468297e-01  -7.7842971e-02
  -1.9940023e-01  -7.4379624e-02
  -4.7729428e-01   1.4833280e-01
   1.5076742e-01  -2.2397374e-01
  -3.0677280e-01   7.5174497e-01
  -6.4701120e-01   3.9890430e-01
  -9.5586154e-01   9.6989976e-01
   2.6249783e-01  -1.2723440e+00
   7.2273488e-01  -6.7986845e-01
  -6.4048883e-01   7.4605950e-01
   6.7450714e-01  -1.7171135e-01
  -2.5062486e-01  -4.0935738e-02
  -1.0116685e-01   7.5293277e-02
  -7.5814381e-01   4.7397659e-01
   2.8152771e-02   2.2634933e-01
  -5.6817593e-01   6.6308082e-01
  -7.1637978e-01   1.0923343e-02
   1.5473783e-01   6.5886885e-01
  -7.9428706e-01   3.7497998e-01
   3.5573243e-01  -1.4167502e-01
  -5.5138733e-01  -7.8140082e-02
  -1.3631303e-01  -2.4343292e-01
  -9.5410231e-01   3.6081348e-01
   3.1279731e-01   1.8868502e-01
   5.9428473e-01  -8.1629048e-01
   1.5542094e+00  -1.2334622e+00
   1.6142676e+00  -1.8545561e+00
  -3.7319955e-01  -1.0601558e-01
  -1.0198338e+00   1.2778053e+00
  -8.5202288e-02   9.4069042e-01
  -7.8614284e-01   7.2325555e-01
   8.7857908e-01   7.0017322e-01
  -1.2650439e+00   1.0200777e+00
   2.3955106e-01  -5.2309910e-01
   3.8882178e-01  -6.6801494e-01
  -1.0227764e+00   1.1168918e+00
   5.7438175e-02   2.5496854e-01
   5.5895912e-01  -2.6527396e-01
   6.2202565e-01   6.2766986e-01
   7.8731932e-02   5.7264285e-01
   4.1391020e-01  -5.0347195e-02
   3.9265525e-01   7.8288473e-02
  -1.1771521e+00  -1.0746089e+00
  -1.0518133e+00   1.2553562e+00
  -4.6427417e-01  -2.9094806e-01
  -1.1454567e+00  -9.4611354e-01
  -7.7791530e-01   8.7056372e-01
  -5.6580990e-01   1.0731632e+00
   5.6928128e-01  -1.0288228e+00
  -3.3459754e-01   5.9525922e-01
  -5.5579491e-01   7.8170121e-01
  -4.9772291e-01   4.0137104e-01
   1.0536513e+00  -6.5063372e-01
   7.0532004e-01  -7.9055886e-01
  -4.2192968e-01   1.1072204e+00
   1.2974712e-01   3.7846165e-01
  -7.4699319e-01   1.0192724e+00
  -3.2585199e-01   5.7402938e-02
   1.2985857e+00  -7.5667537e-01
   1.6348307e+00  -2.0880731e+00
   1.2566608e+00   3.3502204e-01
  -6.0302421e-01   4.5141895e-01
   7.9721728e-01  -9.2111095e-01
  -7.5860782e-01   5.5867531e-01
   6.5381385e-01  -1.3170466e-01
  -2.9389337e-01   8.8491827e-01
   7.0716158e-01  -2.2779957e+00
   3.8004257e-01  -3.9809844e-02
  -4.9111174e-01  -3.8762225e-02
   4.5517809e-01  -8.4799059e-01
  -7.7179625e-01   7.7604149e-01
   2.2488378e-01   2.1731492e-01
  -1.0152479e+00   4.4999689e-01
  -1.8074939e-01   8.4862987e-01
   1.2086348e+00  -2.3069451e-01
  -3.0166486e-01   1.1459396e+00
   1.0961081e+00   5.0079159e-01
  -5.7908213e-01   7.6059148e-01
   1.8925272e-01  -3.6254188e-01
  -4.3091044e-01  -3.8389171e-01
   9.1105313e-01  -6.8227293e-01
   1.2607599e-01  -9.8932992e-01
  -7.3641823e-01   8.2730176e-01
   2.0355550e+00  -2.5774217e+00
   9.3726631e-01   8.2836421e-01
  -4.2407067e-02   5.3372060e-01
  -1.2033934e-01  -3.6812204e-01
   4.9084804e-01   4.4256560e-01
   1.2268659e-01   3.3682371e-01
  -7.3966055e-02  -1.2818233e+00
  -1.0424124e+00   9.0050161e-01
   3.4831199e-01   3.9565616e-01
   1.6923524e-01  -7.0948637e-01
  -1.5063953e+00   1.4716230e+00
  -9.3350755e-02  -7.4301467e-01
  -4.6967139e-02  -4.6112778e-01
   1.8997883e+00  -2.9168150e+00
  -9.4526569e-01   9.3905756e-01
   7.6873025e-01  -7.8118622e-01
  -1.4161846e-01   7.7243727e-01
  -3.3839714e-01  -8.6347614e-01
  -2.7510886e-01   8.4376096e-01
  -7.8116125e-01   1.0427746e+00
   5.5353573e-01  -1.5267448e-01
  -2.6993573e-03   5.9434065e-01
   2.3420882e-01  -2.0940885e-01
   6.6864518e+00  -5.5306002e+00
  -1.3587677e-01   5.7421361e-01
   9.1530739e-01   3.7718098e-01
  -6.2947962e-01  -4.2603490e-01
  -8.0121733e-01   3.0153011e-01
   2.2663405e+00  -2.3907761e+00
   4.8428084e-01  -3.8723653e-01
   1.3103565e+00  -2.0276368e+00
   1.2269817e+00   3.1209822e-01
  -4.0211104e-01   8.9791480e-01
   5.8720875e-01  -1.4680271e-01
   2.1456957e-01   4.2523316e-01
   3.4786091e+00  -3.3852123e+00
  -4.6303094e-01  -1.3161564e+00
  -5.5356556e-01   7.3381243e-01
  -4.4052957e-01   5.1757020e-01
  -6.5075803e-01   7.4325077e-01
  -7.6197596e-01  -1.9100956e+00
  -5.5620920e-01   7.2339271e-01
   9.6049972e-01  -1.1291405e-01
   4.8573498e-01  -1.4984680e-01
  -1.0580602e+00   7.1534866e-01
   7.2060323e-01  -3.3706919e-01
   1.3746605e+00  -1.9829641e+00
   8.2278208e-01  -9.0956676e-01
  -3.6478175e-01   1.2251274e+00
   5.3852398e-01  -8.5251815e-01
   7.7893032e-01  -3.2291306e-01
   4.4189886e-01   3.3316314e-01
   9.9694845e-01  -9.4220244e-01
   1.1006836e+00  -2.5105573e-01
  -1.3156578e+00   1.3272357e+00
  -7.4957625e-01   1.2417108e+00
  -1.0356381e+00   1.0009356e+00
  -3.7403923e-01   5.2160459e-01
  -2.7460384e-01   9.3061814e-01
  -7.8984588e-02   2.2017656e-01
   9.7940033e-02  -6.9867564e-01
  -1.5482657e+00   8.6947307e-01
  -6.2132320e-01   1.1037031e+00
   1.1135120e+00   1.2830922e-01
  -1.0950436e+00   8.6618449e-01
   4.1934705e-01  -1.4769230e-01
   1.3499127e-01  -1.4353946e-01
   9.7480723e-02   5.2849271e-02
  -1.2825657e+00   1.6012389e+00
   6.7099390e-02  -2.2644078e-01
  -1.3021128e+00   1.3074699e+00
  -1.1430244e+00   7.4338598e-01
  -8.8246238e-01   1.3927693e+00
  -6.5317300e-01   7.3424837e-01
  -7.8573191e-01   8.6739556e-01
  -9.2562874e-02   6.0781274e-01
  -2.9911893e-01  -5.9173438e-01
  -2.7583825e-01   1.0532297e+00
   6.1086905e-01  -7.0463043e-01
   1.3518121e-01  -1.0900086e+00
  -1.0703715e-01   2.6582904e-01
   1.5214775e-01  -1.1854803e-01
   6.2710294e-02  -3.3419808e-01
   1.2078341e+00  -7.1774762e-01
  -8.6737142e-01   5.8846583e-01
   8.7227456e-01  -6.2635595e-01
  -7.8060764e-01   1.8451026e-01
   4.8247994e-01   4.1307085e-01
  -1.2318484e+00   5.1479945e-01
  -1.1348145e+00   4.0529813e-01
   2.6263885e-02   2.6852026e-01
  -1.3465696e+00   1.1335059e+00
  -9.8617022e-01   8.5823517e-01
  -8.0261309e-01   8.0894861e-01
  -2.1382627e-01   7.2806566e-01
   2.6565080e-01   5.5926105e-01
   4.2698326e-01  -5.3646208e-01
  -7.7579513e-01   2.3409731e-01
   1.5004899e+00  -5.8969768e-01
  -4.9826968e-02  -7.6173053e-03
  -5.7787316e-01   1.0079778e+00
  -7.1516705e-01   5.5820300e-02
  -2.1347090e-01   3.5298865e-01
   1.3094943e+00  -1.7810714e+00
   4.9751501e-01  -5.0467389e-01
  -1.5755373e+00   4.1222339e-01
   2.1791430e-01   2.5492373e-01
   3.3908172e-01   6.4325156e-01
   6.7402318e-01  -1.2054936e-01
   6.1441907e+00  -5.4735484e+00
  -4.9831872e-01   3.3229362e-01
   4.3952865e-02   3.5675001e-01
  -1.2479244e+00   1.4388005e+00
  -2.9623597e-01   2.2189331e-02
   1.3502826e+00  -3.5630979e-01
  -1.0464303e+00   9.0417149e-01
   7.5547028e-01  -4.0738893e-01
   1.1221325e+00  -4.0680642e-01
   2.3861284e-01   3.0726269e-01
   2.1481251e-01  -9.7079082e-01
   1.0326693e+00  -1.6076889e+00
   4.5950901e-01  -6.1407661e-01
  -1.8587564e-01   3.7560523e-01
   7.6710804e-01  -4.2684274e-01
  -7.4894294e-01   9.2702406e-01
  -1.1894444e+00   6.0732987e-01
  -2.2310506e-01   3.8646413e-01
  -1.6263304e+00   1.0752126e+00
   9.1341425e-02   3.9045337e-01
   8.5954055e-02   5.2703376e-01
   7.5383977e-02   1.5950775e-02
   2.6163178e-01   2.8309723e-01
   5.5783063e-01  -4.2354634e-01
  -3.3604717e-01  -8.9777360e-01
  -6.5275310e-01   3.1638494e-01
  -3.2657787e-02  -3.1597169e-01
  -6.9573304e-01   1.0130548e+00
   1.1012209e+00  -1.7404703e+00
   2.3178080e-01   5.8500964e-01
  -1.0223932e+00   7.6348513e-01
   6.6713357e-01   1.1103616e-01
  -1.0449365e-01   6.9205378e-01
   6.0754677e-01  -4.9353022e-01
  -4.2656572e-01   1.0755562e-02
  -1.2869214e+00   2.9282773e-01
   2.0846041e+00  -1.5443254e+00
   2.1074087e-01   8.6283568e-01
  -2.8131653e-01   4.4217744e-01
   3.0721380e-02  -1.6631276e-01
   3.3015698e-01  -7.5427318e-01
  -1.1945454e+00   1.4790570e+00
  -5.8120282e-01   7.8805653e-01
  -6.9594461e-01   1.1367129e+00
  -2.1717526e-01  -1.6974034e-01
  -5.8919562e-01   1.1652297e+00
  -9.1750329e-01   9.3107067e-01
   3.3616140e-01  -3.9455387e-01
  -1.3804483e-03   9.5537592e-01
  -6.0043299e-01   3.0941808e-01
  -4.6110202e-01   8.0907253e-01
   3.7440390e-01  -4.1277874e-01
  -6.6350030e-01   3.5936142e-01
   5.4602810e+00  -5.3713048e+00
  -5.4173741e-01   2.7531657e-01
  -5.4112122e-01   1.0815581e+00
  -2.0024831e-02   4.9725565e-02
   4.2558097e-01   4.2835217e-01
  -7.1895648e-01   1.4133216e+00
   9.2543526e-01  -4.7958265e-01
  -7.8730067e-01   6.5847894e-01
   1.6155839e-01  -3.0133836e-01
   1.4770478e+00  -1.4865002e+00
   4.9471233e-02   1.1393816e+00
   1.3672283e+00  -1.0252756e+00
   9.3512695e-01  -3.7588404e-01
  -1.6454621e-01   1.6408923e-01
  -1.8140325e-01   9.0984340e-01
  -3.5822148e-01   5.4453781e-01
   4.2789430e-01  -3.8318178e-01
  -4.4095591e-01   3.5461225e-01
   1.4761988e-01  -1.2625365e+00
  -3.9093119e-01   3.8565462e-01
  -5.6618397e-01   2.8648886e-01
   2.5432524e-01   7.3789280e-01
   4.9219207e+00  -4.2353258e+00
   1.0468121e-01   6.9625541e-01
  -9.3808360e-01   6.5752940e-01
  -8.6915026e-01   1.4642949e+00
  -6.5038099e-01   6.8629841e-01
   1.5289980e+00  -1.7944857e+00
  -1.3674921e+00   1.1750681e+00
  -4.9880435e-01   1.1899924e+00
   2.2132230e+00  -1.9860988e+00
   1.7264647e-01  -6.1103089e-01
  -9.5467336e-01   6.8463107e-01
   1.8960855e+00  -1.2612553e+00
  -3.4393186e-01   7.5366283e-01
  -1.0648013e-01   7.3015489e-01
  -2.3703019e-01   7.2391506e-01
   3.6712402e-02  -7.8548794e-01
  -9.0670742e-01   6.2251829e-01
   2.3065201e+00  -1.3242740e+00
   9.8526683e-02  -1.1318916e+00
  -6.1549094e-01   6.3636130e-01
  -3.4072388e-01   6.8941636e-01
  -3.1851582e-01   3.6858346e-01
  -1.5776473e+00   1.2170361e+00
   7.6511197e-01  -2.1959798e+00
   2.5209947e+00  -2.3992874e+00
   7.7510559e-01  -2.0588449e-01
  -1.1674267e+00   2.2862017e-01
   3.2191165e-01  -9.6277025e-01
  -4.5260785e-01   6.9206431e-01
  -1.0135787e+00  -9.3349899e-02
   1.4496310e+00  -1.3529335e+00
   2.9374181e-01  -1.3105715e+00
  -6.2290990e-01   7.2487499e-01
  -1.0497737e+00   1.4021255e+00
   9.8373155e-01  -1.8223391e+00
  -7.7577798e-01   4.0799560e-01
   9.3113481e-01  -2.8163366e-01
  -1.0492804e+00   8.7359672e-01
   3.5332655e-01  -4.3880764e-01
   1.9539547e+00  -1.6140175e+00
   3.3802515e-02  -2.0840004e+00
  -6.5572375e-02   4.8414834e-01
  -7.7191584e-01   8.7917319e-01
  -1.5183764e-01   1.1445328e+00
  -3.9442733e-01   8.8999586e-02
  -4.0259696e-01  -3.9783929e-01
  -7.7012148e-01  -5.4286990e-02
  -2.8656556e-01   4.9136299e-01
   8.2364014e-02  -4.3888700e-01
   2.3581548e+00  -2.1419325e+00
   5.8322840e-01  -2.3503575e-01
  -8.1005836e-01  -1.0617639e+00
  -9.9405022e-02  -2.7460954e-01
   8.8185706e-01  -4.7932778e-01
  -9.4683944e-01   1.0381314e+00
   9.0769389e-02   7.0694259e-02
  -1.1051384e+00   1.0976725e+00
  -4.0423298e-01   3.5638663e-01
   2.6445001e+00  -2.0820124e+00
  -2.7141034e-01   9.7922236e-01
  -6.0865622e-01  -1.0513783e+00
   3.5749869e-01  -1.7483523e+00
   1.2784049e-01  -4.1605153e-01
  -1.1773160e+00   9.2001019e-01
   3.6487152e-01   3.7639353e-01
   2.8883962e-01  -3.5125817e-01
   1.1171478e+00  -6.6661579e-01
  -7.0670530e-01   6.0812500e-01
   3.3681655e-01   2.4922394e-01
   1.7470434e+00  -1.7247928e+00
  -9.7841473e-01   9.8992003e-01
   1.0971523e+00  -5.0318881e-01
  -4.6524923e-01   9.2148003e-01
  -9.0684633e-01   4.5929056e-01
  -1.7381775e+00   3.9041110e-02
   8.0021639e-01  -8.2857500e-02
  -1.2674757e+00   1.0002529e+00
  -8.6721303e-02   7.2355094e-01
   3.1727703e-01  -5.8275892e-01
   1.2576803e+00  -1.8167291e+00
  -7.4734083e-01  -1.8043200e-01
  -8.6653578e-01   6.7810983e-01
  -1.2321363e+00   6.8185306e-01
  -8.3458560e-01   6.5755123e-01
   5.5693638e-01   1.0754497e-02
   1.5090374e+00  -5.1185851e-01
  -9.8127321e-01  -2.7549364e-03
  -9.3127267e-01  -3.3731424e-01
  -4.9419331e-01  -1.3477558e-01
   2.1737137e-01   3.3420357e-01
  -1.3828128e+00   3.4304443e-01
   1.2464678e+00  -5.4190589e-01
  -9.7559985e-01  -4.8485537e-01
  -1.2227663e+00   5.6466754e-01
  -8.9232319e-01   1.4949780e+00
   2.5162877e-01   4.7982814e-02
  -2.0417740e-01   7.1636739e-01
  -1.1041264e+00   5.8738000e-01
   9.9473576e-01  -1.2977972e+00
   8.2866054e-01  -3.0264375e-01
   2.4553720e-03  -2.0131698e+00
  -7.9135281e-01   1.1739711e+00
  -3.8843233e-02  -2.4455518e-01
  -1.0450739e+00  -1.6258773e+00
  -1.1061595e+00   2.4488053e-01
  -9.2501852e-01   5.9422548e-01
   9.8714442e-01   5.1806261e-02
  -1.6389925e+00   8.9526819e-01
   6.2972973e-01  -2.5744009e-02
  -8.6691095e-01   6.9236889e-01
   1.5258013e-01  -8.2175922e-01
  -9.1222661e-02   3.7277916e-01
  -2.2966197e-01   7.7846389e-01
  -1.0597438e+00   2.4351634e-01
  -1.3454779e-01   6.3875965e-01
  -9.5768135e-01   8.9756776e-01
   1.4264735e+00  -7.5178332e-01
  -4.5906900e-01   6.8292875e-01
   1.2764235e-01   2.2395973e-01
  -1.0422369e+00   5.5335090e-01
   5.9600327e-01   8.0354086e-01
  -1.2728491e+00   8.5870083e-01
  -1.0106498e-01   7.8214816e-01
  -5.6748828e-01   8.2440739e-01
  -6.0754203e-02   5.0409530e-01
   8.8118304e-02  -2.0608565e-01
   3.2146050e-02   2.5050846e-01
  -9.8455916e-01   4.9482956e-01
   4.9999901e-02  -6.4465553e-01
   1.8349676e-01   5.1503129e-01
  -8.8185259e-01   1.4037790e+00
  -2.7637547e-01   5.1793438e-01
   1.3310556e+00  -8.0993587e-01
   1.4448417e+00  -1.7478888e+00
  -3.1817983e-01   2.3612995e-01
  -6.4909776e-02   8.9885099e-01
  -1.4439640e-01   9.0752464e-01
   9.7725637e-01  -1.8687937e-02
   3.8382624e-01  -2.3823455e-01
  -7.3656184e-01   1.2268573e+00
   3.3598802e-01   1.8876456e-01
   6.9615760e-01   1.0685123e-01
   7.9160193e-01  -2.2452503e-01
  -1.1682050e+00  -5.3326155e-01
  -7.1470822e-01  -9.8982151e-01
  -1.4344861e+00   1.1197447e+00
  -7.2180855e-01   2.9734555e-01
  -3.2856553e-01   2.4518047e-01
   1.9033073e+00  -1.9368460e+00
  -5.3661685e-01  -1.2837468e+00
   5.4085814e-01  -2.6134391e-01
   1.1174965e-01   6.9619531e-01
   3.2405023e-01   2.4988873e-02
   1.4030214e+00  -5.2615635e-02
  -7.8137973e-02   8.0565025e-01
   4.5814364e-01  -8.9876661e-01
   2.0690019e+00  -7.7609704e-01
   1.3373130e-01  -3.9370187e-01
   9.9349288e-01  -6.2209168e-01
   9.0510512e-01  -4.1464964e-01
  -7.9567257e-01   8.9382888e-01
  -1.5992299e-01  -1.0672604e+00
   5.0516569e-01  -1.8458600e+00
  -1.6584597e-01  -2.8126879e-01
   1.9435652e+00  -1.5105945e+00
   3.8049542e-01  -4.6490299e-01
  -6.2466737e-01   9.3216112e-01
  -8.1070952e-01   1.1168787e+00
  -1.1945624e+00   1.0643522e+00
   9.7716942e-01  -9.0250070e-01
  -2.3369112e-01  -2.9356602e-01
   4.1682048e-01   9.9433521e-01
   2.7076763e+00  -3.0474366e+00
  -1.0556673e+00   6.5004972e-01
   7.3295625e-02   8.7739640e-01
  -6.5188673e-01   6.6134378e-01
  -1.2796900e+00   9.0292795e-01
  -1.5403367e+00   1.2232977e+00
   9.8547481e-02  -1.6027869e-01
  -3.5953850e-01   4.2518747e-01
  -5.6496761e-01   3.4589680e-01
  -8.7571100e-01   6.3529963e-01
  -4.5003000e-01   5.9182507e-01
  -1.2106548e+00   1.1496940e+00
   1.4890635e-01  -1.8539555e+00
  -9.9260072e-01   1.2357084e+00
   1.1506067e+00  -1.7593579e+00
  -3.8272008e-01   1.1218450e+00
  -9.8900606e-01  -1.3931263e+00
   3.9558757e-02   5.8006811e-01
   1.1024986e+00  -1.7183642e-01
  -6.6107412e-01   6.3908412e-01
   8.2285599e-02  -1.7683782e-01
  -3.3034941e-01   1.1083866e+00
   3.5485963e-01   2.1892023e-01
  -1.0293825e-01   6.8461799e-01
   6.6655034e-01  -5.7655433e-01
  -7.3930802e-02   2.8871324e-01
   1.0762355e+00  -5.0436593e-01
   9.1781951e-01  -9.3852683e-01
  -3.4112669e-01   5.5591442e-01
   2.5186943e+00  -1.9508526e+00
   6.3028127e-01  -7.6346953e-01
   8.9146197e-01  -1.0267193e+00
   9.1407106e-01  -4.5977361e-02
  -1.6483800e-01   1.2321809e+00
  -8.5064589e-02  -1.1534569e-03
  -7.1089361e-01   5.0731928e-01
   3.7272227e-01   2.1659847e-01
  -9.2612922e-01   6.5524185e-01
   2.0485736e-01  -1.1420104e+00
  -6.5137979e-02   7.0344692e-01
  -3.6139752e-01   3.0654058e-01
   2.9156219e+00  -2.8597039e+00
  -8.0779111e-01   1.1394240e+00
  -6.6738711e-01   6.3813513e-01
   1.0521292e+00  -3.6188896e-01
   7.2825633e-01  -5.5924498e-01
  -5.4181214e-01   8.5775335e-01
   3.6404519e-01  -7.9393242e-02
  -1.2792792e+00   6.7089462e-01
   1.3135444e+00  -1.9921818e+00
   9.2633427e-03  -2.6448116e+00
  -4.0901459e-01   1.2230843e-02
  -3.8508556e-02  -1.3908649e+00
   3.6544490e-01  -6.6593763e-01
  -8.8062509e-02   6.6513549e-01
  -8.8597332e-01   3.7714649e-01
   9.9729178e-02   7.6431494e-02
  -1.0611115e+00   1.0219330e+00
  -2.8771402e-01   6.2688810e-01
   1.8402160e-01   4.4921029e-01
   3.5508431e-01   2.3487307e-01
  -7.2443368e-01   1.1527287e+00
  -7.4649420e-01   1.5927085e+00
  -1.0200789e+00   1.1656573e+00
   2.7279732e-01  -2.3049481e-01
  -6.2757749e-01   6.9348218e-01
  -4.9948159e-02   6.2453109e-02
   1.6450196e-01  -3.3606657e-01
  -1.1250313e+00   1.3240763e+00
  -3.1748531e-01   7.2491329e-01
   4.9201739e-02  -1.7160549e-01
  -5.8924979e-01   6.2235967e-01
  -3.5280318e-01   6.6532056e-01
   6.7213861e-01   2.6245168e-01
   8.2056311e-01  -3.5420376e-01
  -1.0384535e+00   8.5729926e-01
  -1.0108881e+00   1.3901258e+00
   2.3677043e-01  -2.8358520e-01
   2.1509664e-01  -1.2574347e+00
  -4.6524684e-01   4.4481005e-01
   8.0407372e+00  -6.7079497e+00
  -1.0558935e+00   6.9388968e-01
   5.4965609e-01  -3.0880056e-01
   1.3982096e+00  -6.4265032e-01
  -3.8565569e-01  -3.3592829e-01
  -1.1875160e+00   6.3539237e-01
   3.2251273e-01  -5.0229312e-01
  -7.5881291e-01   3.8177468e-01
  -1.5632549e-01   5.0428358e-01
   1.2263865e+00   6.7290838e-02
  -4.6317637e-01   1.3279611e+00
  -8.4023112e-01   8.7715154e-01
  -1.3070134e+00   5.2308741e-02
  -4.9993906e-01   6.5414060e-01
  -2.8855789e-01  -1.2272238e+00
   1.3663571e-01   5.0296646e-02
   1.7502450e-01  -1.9679890e-01
  -4.3401907e-01   9.7891941e-01
  -6.2383816e-01   4.8360652e-01
  -6.0115950e-01   4.6604045e-01
  -3.5715482e-01   7.1283216e-01
   1.4374497e+00  -4.1925491e-01
   1.9074732e+00  -2.2896506e+00
  -1.2679900e+00   1.1355747e+00
   4.7792195e-01  -8.0412643e-01
  -1.7329306e+00   1.1072649e+00
   7.9746325e-01  -2.2832839e-01
   7.1585513e-01  -1.0170390e+00
   1.7912036e+00  -1.3247626e+00
   3.3828015e-03   2.2179950e-01
  -7.9468345e-01   1.1183638e+00
  -6.4811609e-01   5.6298122e-01
  -1.0556056e+00  -3.8404135e-01
  -1.4869054e+00   4.4329311e-01
  -1.6962874e+00   1.3852336e+00
   1.2883945e+00  -2.0609696e+00
   9.7180511e-01  -1.0471640e+00
  -6.5129401e-01   6.3382697e-01
   7.4588485e-01  -1.0103841e+00
   2.4950694e-01   6.5560763e-01
  -1.9793468e-03  -9.9627199e-02
  -5.0074046e-01   3.2677511e-01
  -5.6372691e-01   1.1213697e+00
   5.2685311e-01  -4.1769404e-01
  -1.0604349e+00  -1.1145994e-01
   1.7618188e+00  -1.5838692e+00
   3.6224561e-01   5.5596902e-01
   9.2187680e-01  -2.4915726e-01
  -1.1226738e+00   7.6132604e-01
  -1.4256603e-01  -6.5920305e-02
  -8.3730193e-01   7.4050411e-01
  -6.1661975e-02   7.5560594e-01
   7.6027769e-01  -7.5154912e-01
  -9.3826817e-01   1.3316224e+00
  -1.6973044e+00   8.0967195e-01
  -1.0353754e+00   1.2162446e+00
  -2.8080074e-01  -1.6760969e+00
  -5.8209524e-01   3.5791144e-01
  -1.0812333e+00  -1.3491595e-01
  -1.1176491e+00  -4.6723613e-01
   2.1108309e-01   5.9408259e-02
  -3.8595178e-01   6.0881461e-01
   4.2994462e-01  -2.2438989e-01
  -6.3649665e-01   8.4436590e-01
   4.2010075e-01  -2.3777461e-01
   5.8318305e-01  -3.4729870e-01
  -3.2818721e-01   6.3010412e-01
  -1.2508095e+00   8.6057732e-01
  -1.1186488e+00   1.2236871e+00
  -5.4162166e-01   1.7219351e-01
  -6.8190753e-01   7.5025283e-01
  -5.4441603e-01   6.1275197e-01
   5.9763296e-01   4.5708498e-01
  -3.5748417e-01   1.2988685e+00
  -5.0725182e-01  -6.0896609e-01
  -6.8337771e-01   1.1513329e+00
  -5.8639452e-01   4.5789794e-01
  -1.2239696e+00   9.9680916e-01
  -6.7691912e-01   5.8264468e-01
   4.6788807e-02   3.7497016e-01
  -6.4466318e-01   5.8298084e-01
   9.0221875e-02  -2.5926846e-01
  -2.2963400e-01   4.8423445e-02
   9.8172157e-01  -3.1452440e-01
   4.5087457e+00  -3.6213045e+00
  -1.2626085e+00   1.1130014e+00
  -4.0495476e-01   7.6759836e-01
  -1.4379416e-01   9.0410450e-01
  -6.9042550e-01   8.4060797e-01
   1.3778854e+00  -1.2107175e+00
   2.6861999e-01  -7.3102472e-02
  -1.5771849e+00  -5.0344189e-01
   2.3839157e-01   2.0276868e-01
   4.5373267e-03   6.0723250e-01
  -5.4587992e-01   3.4735353e-01
  -1.9051570e-01  -4.5218858e-01
   9.1795033e-01  -1.6632846e+00
   2.0507718e+00  -2.2156151e+00
   2.2547589e-01  -4.9054545e-02
  -8.5472209e-01   9.4954989e-01
   5.8165474e-01  -4.5598146e-01
   2.8490834e+00  -2.8086022e+00
  -5.1330578e-02   2.7459764e-01
  -1.4303779e+00  -1.2333347e+00
   1.7789072e+00  -1.6941418e+00
  -1.1816158e+00   8.2464308e-01
   1.1433257e+00  -9.6023767e-01
   1.3849863e+00  -1.0184665e+00
   4.8929732e-01  -1.6294009e-01
  -5.9953801e-01   3.4799347e-01
   2.0999684e+00  -1.3185765e+00
  -3.8037187e-01   9.5091283e-01
  -1.5399287e+00   9.8561187e-01
  -9.8820335e-01   2.0528581e-01
  -9.5758699e-01   8.5847950e-01
  -5.9761706e-01   5.5819147e-01
   1.2314475e+00  -1.9349631e+00
   5.7898398e-01  -1.0275746e+00
  -6.0532202e-01   5.2243817e-01
   3.8102835e-01  -3.8673680e-01
   7.5716274e+00  -6.1154048e+00
  -9.3306379e-01   1.1555849e+00
   8.0989171e-01  -3.0996032e-01
  -4.8697590e-01   9.8846908e-01
  -1.7867827e-01   1.1713857e-01
   1.3981563e-01  -1.3354467e+00
  -1.1336969e-01   3.9022233e-01
  -2.1784889e-02  -1.5017014e-01
  -1.2624654e+00   1.6323441e+00
   1.0009886e+00  -1.0239986e+00
   5.0874319e-02  -2.2395649e-01
   8.7662039e-01   2.0964361e-01
  -4.2124449e-01   5.8056036e-01
   9.2657293e-01  -1.5118357e+00
  -6.3465467e-01   5.2136751e-01
  -1.2714124e+00   1.3319802e+00
  -5.6474111e-01   5.5451713e-01
   3.0983152e-01  -4.4451812e-01
  -1.2915715e+00   8.9918122e-01
  -1.0801807e+00   1.0576270e+00
   6.4113539e-01  -2.6523914e-01
  -3.9664589e-01   1.0653421e+00
   1.0831286e+00   7.0457957e-02
  -3.0411992e-01   5.7625983e-01
  -9.6867264e-01   7.3071069e-01
  -8.2366909e-03   8.2227132e-02
   1.6847827e+00  -2.1998948e+00
   9.3493329e-01  -4.5450517e-01
  -8.4152000e-01   1.3337530e+00
  -1.7615959e-01  -4.2178567e-01
  -1.7140351e+00   3.0326134e-01
  -6.1244547e-03   6.4633409e-01
   5.5313466e-02  -7.0129926e-01
   1.6292134e+00  -1.4637052e+00
   5.8614054e-01   7.8165779e-01
  -1.5585457e-01   1.1645742e+00
   3.9897845e-01  -7.9270477e-01
   3.2971222e-01  -8.9280689e-01
  -3.3253125e-01  -8.0649157e-02
  -9.0383883e-01   9.2206881e-01
  -1.8685374e-01   3.3777769e-01
   7.5109063e-01  -5.4572322e-01
  -3.1497198e-01   6.2058962e-01
  -2.3421251e-01  -4.2746146e-01
  -1.2773728e+00   3.8673175e-01
  -7.9151223e-01   4.3939408e-01
  -6.0112739e-02   3.7782853e-01
   2.2772958e-01   3.8156986e-01
   1.9126606e+00  -5.7599060e-01
  -9.3134447e-01   7.5286936e-01
  -8.5719740e-01   2.5599389e-01
  -7.4489459e-01   1.1585564e+00
  -6.8221077e-01   4.9818009e-01
  -1.3721800e+00   1.0223041e+00
   1.6702288e-01   6.4857975e-02
   3.2185654e-01   4.2072135e-01
   1.9331405e-01   8.6757107e-02
  -4.0160437e-01   8.4720994e-01
  -4.9404392e-01   2.4384215e-01
  -1.2522525e+00   9.5557914e-01
  -6.4179099e-01  -1.5287153e-01
  -6.7002772e-01   7.2204444e-01
   7.7037230e-01  -6.8075509e-01
   8.0170763e-01  -7.1479927e-02
   8.8146084e-02  -1.3372264e+00
   3.8791417e-01   7.7954211e-01
   8.1936416e-01  -6.3664535e-01
  -9.3756470e-01  -5.8370733e-03
  -6.9840274e-01   9.4793917e-01
  -6.7796871e-01  -2.3693303e-01
   1.9342781e+00  -2.2800547e+00
  -1.0883022e+00   1.1971730e+00
  -4.0408916e-02   4.7431379e-01
   1.4024376e+00  -1.4688271e+00
  -2.2725191e-01   8.1748773e-01
   1.3705506e+00  -1.6995211e+00
   2.3094183e+00  -2.2174776e+00
  -6.0968888e-02   4.9599297e-01
  -7.8958639e-01   3.2197117e-02
