  -2.9421942e-01   9.3103335e-01
   8.8792163e-01  -1.1511248e+00
  -7.3123370e-01   7.1872329e-01
  -2.6713318e-01  -3.9767513e-01
  -8.9212577e-02   1.1515832e+00
  -7.1135034e-01   8.2876422e-04
   9.3551711e-01  -9.2078401e-01
  -8.6896854e-01   6.6743708e-01
  -6.5620470e-01   7.0813659e-01
   6.6979578e-01  -9.4043895e-01
   1.1850883e+00  -9.5406329e-01
  -6.3991112e-01   8.8789757e-01
  -5.4660354e-01   4.1316111e-01
   1.2061892e-02  -5.9410048e-02
  -1.8953126e-01   7.1552250e-01
  -2.7565319e-02   5.7249704e-02
  -1.8336566e-01  -2.2681845e-01
  -1.4256835e-01   4.7017766e-01
   5.7708329e-01  -8.4481757e-01
  -2.0341093e-01   9.3072886e-01
  -4.6291652e-01   1.2108016e+00
   9.2351629e-02   1.1432308e+00
  -3.3492587e-01  -5.8504697e-01
  -6.9005869e-01   5.1226786e-01
   5.5594727e-01  -8.8341105e-01
  -2.4615655e-01   8.2840587e-01
  -4.2247161e-01   7.3595070e-01
  -5.4438697e-01   1.5992387e+00
  -2.8873216e-01   1.2660026e+00
  -1.6605569e-01   6.2576428e-01
  -6.9953301e-01   8.4077038e-01
   1.9882076e-01   4.4540441e-01
  -8.0148651e-01   9.2801671e-02
  -2.7175695e-01   7.6187424e-02
   2.3820999e-01  -5.3096417e-01
  -3.9149056e-01   1.0210190e+00
   3.7673079e-01  -6.7836987e-01
  -4.9174088e-01  -2.6720682e-01
   3.6225728e-01  -1.0332752e+00
   3.0845285e-01  -4.4326101e-01
  -1.1591799e-01   1.0631069e+00
  -9.1070321e-01   6.4640979e-01
  -4.9085989e-01   7.8940963e-01
  -7.3708871e-01   1.0488271e+00
   5.1131614e-01  -7.8991064e-01
  -4.8632311e-01   9.9235284e-02
   2.9037701e-01  -8.2935721e-01
  -9.3228062e-01   7.4319211e-01
  -3.0141450e-01  -4.8316175e-01
   1.5775097e+00  -9.0624854e-01
  -2.8525177e-01   1.2003469e+00
  -2.7134001e-01  -4.1952609e-01
  -7.2060462e-01   4.3958200e-01
  -1.4708457e-02   1.7090439e-03
  -3.0276234e-01  -9.3079715e-01
  -9.5821262e-01   1.2015607e+00
  -4.3773977e-01   1.3207967e+00
  -6.9833516e-01   9.9488774e-01
   1.6196333e-01  -3.8450717e-01
  -5.4975885e-01   8.9557415e-01
   9.9943876e-01   4.9620176e-01
  -6.1857832e-01  -1.0809391e-01
  -5.1594524e-01  -4.3839877e-01
  -8.2617046e-01   6.3235001e-01
  -2.6776655e-01   7.0107025e-01
   3.7422240e-01  -1.0623342e+00
  -1.8922881e-01   6.6052304e-01
  -2.5121685e-01   1.0307025e+00
  -4.3238593e-01   4.7754453e-01
   9.8401995e-01  -8.6315471e-01
  -7.9422262e-01   8.6788823e-01
   4.9382869e-01  -9.4087031e-01
   6.3498898e-02  -1.0083150e+00
   1.8580549e+00  -1.4124199e+00
  -8.6762835e-02   8.0501864e-01
   6.2945752e-01  -7.7263280e-01
   6.3055093e-01  -7.5654348e-01
   1.0587637e+00  -1.0786417e+00
  -2.9361258e-01  -4.2520684e-01
  -2.6212724e-01  -2.9593154e-01
   1.2362870e+00  -1.1613473e+00
  -7.5714945e-02   4.2513083e-01
   1.0717547e+00  -1.2872171e+00
  -6.5880785e-01   1.2438280e+00
   8.4230162e-01  -9.7853963e-01
   4.3117862e-01  -7.3903377e-01
  -5.7552957e-01  -4.3068173e-03
  -8.9225043e-01   9.0487123e-01
   3.6243403e-02   2.4701794e-01
   5.6795418e-01  -6.5222727e-01
   5.5166495e-01  -4.4627057e-01
   4.3815134e-01  -8.3717902e-01
  -9.1651685e-02  -4.6637184e-01
  -3.6630180e-01  -9.1991229e-01
  -9.9083830e-02   5.5992339e-01
   1.1275842e+00  -1.0038576e+00
   2.9481997e-01  -2.9670606e-01
   1.1135535e+00  -9.5635515e-01
   2.5984873e-01  -5.4029211e-01
   4.3759531e-04  -1.2005358e+00
  -1.1108254e-01   2.8680284e-01
  -7.6133291e-01   7.9530064e-01
   1.1938709e+00  -9.1768743e-01
  -4.7164402e-01  -5.0350596e-01
   1.8453218e-01  -6.7514444e-01
   5.3317345e-01  -1.1093557e+00
  -2.9932849e-01  -6.9102515e-01
   1.0874130e-01  -7.7663295e-01
  -7.3247252e-02   1.3426687e+00
  -2.9054815e-01   6.0477160e-01
  -5.7933041e-01   5.1488107e-01
  -1.1550920e-01   9.8507599e-01
   1.2594518e+00  -1.0463374e+00
   1.2663986e+00  -1.0998266e+00
   7.3676536e-01  -7.8855699e-01
   5.9857185e-01  -5.3842561e-01
  -6.5170694e-01   9.0969182e-01
  -8.6012374e-01   8.3412741e-01
  -4.1880870e-01   1.1671423e+00
   6.6258744e-01  -6.7034890e-01
  -6.4613930e-01   1.1128915e+00
  -6.3991366e-01   4.8842782e-01
   5.4154218e-01  -7.5251602e-01
  -3.6191001e-01   8.1005776e-01
  -2.1765485e-02   1.1822665e+00
  -1.9232947e-01   7.4844847e-01
  -1.1020212e+00   5.2284294e-01
   7.6083690e-02  -8.5481784e-01
  -3.0542599e-01  -7.6352190e-01
  -1.0942061e-01  -5.4864583e-01
   5.8894429e-01  -6.7587802e-01
   7.5986320e-01  -9.0155035e-01
  -6.8850246e-01   7.9361805e-01
  -6.2124305e-01   8.6824203e-01
  -1.1928844e-01  -2.9072597e-01
   6.1580105e-01  -9.5970730e-01
   8.8852320e-01  -1.0319486e+00
  -6.1097505e-01   1.2270055e+00
  -4.1665873e-01  -1.3335290e-01
  -1.8340660e-01   4.1458192e-01
  -2.1006271e-01  -7.2446894e-01
   7.6889202e-02  -8.7934838e-01
   1.1979978e+00  -8.2849095e-01
  -1.4451348e-01  -6.7797877e-01
  -4.7190944e-01   2.9502795e-01
  -1.4326963e+00   6.9930599e-01
   1.8720175e-01  -7.2682746e-01
   1.5054655e+00  -1.0639975e+00
  -7.2461536e-01   9.5148172e-01
   1.8365268e+00  -1.0276104e+00
  -2.9866767e-01   1.4744480e+00
   9.4124834e-01  -9.3988044e-01
  -8.9633498e-01   6.1072831e-01
  -1.1576652e-01   1.3045288e+00
  -1.6677262e-01   1.1896623e+00
  -4.3473571e-01   6.8176531e-02
   1.2657177e+00  -8.4622549e-01
   5.8786985e-01  -5.1568170e-01
  -1.1404431e+00   1.0796052e+00
  -9.2391187e-01   7.1625730e-01
  -5.1594804e-01  -3.9487968e-01
   6.2007969e-01  -7.1161812e-01
  -2.9751799e-01   8.7689284e-01
  -8.8311304e-02   7.4759980e-01
  -1.2306773e-01   1.0000806e+00
   4.5265034e-01  -7.6392179e-01
  -3.3706711e-01   4.5954980e-01
  -7.6047559e-01   8.1530706e-01
  -2.9161825e-01  -4.1419593e-01
   2.1809051e-01  -6.2541756e-01
  -3.5453772e-01   9.6351275e-01
  -3.1500327e-01  -5.7229450e-01
   1.7275802e-01  -7.7068452e-01
  -1.4873877e-01   1.0661017e+00
   1.1819821e+00  -8.8464355e-01
  -2.2672903e-02  -7.7748884e-01
   4.9552545e-01  -8.5071446e-01
  -3.0569907e-01   8.3955366e-01
  -8.2757460e-01  -1.0098219e+00
  -2.1505013e-02  -4.7298234e-01
   1.2797204e+00  -1.0678515e+00
  -4.7821031e-02   1.2409925e+00
  -2.2170783e-02   5.2776092e-01
   2.5531891e-01  -8.6252677e-01
   2.3398000e-01  -1.1856863e+00
  -1.2621505e-01   4.0100398e-01
   1.0933395e-01  -8.6440493e-01
   8.9248051e-01  -1.1050463e+00
  -9.3650136e-01   5.4654411e-01
   6.7861346e-01  -5.3516437e-01
   8.5120448e-01  -9.6527208e-01
  -7.7394357e-01   1.1630590e+00
  -3.9434876e-01  -5.6850122e-01
  -7.7587710e-01   1.5108758e-01
  -2.9829873e-02   6.6259056e-01
  -5.1221576e-02   1.6791891e-01
  -5.3168041e-01  -4.6861877e-01
  -5.7580623e-01   1.1147964e+00
   9.8973233e-01  -1.0876939e+00
  -3.5823847e-01  -3.3721729e-01
   2.0532755e-01  -7.3820040e-01
  -2.5204144e-01   7.6142529e-01
   4.8944260e-01  -1.0659459e+00
   3.6250618e-01  -8.3496035e-01
   4.0659647e-01  -7.9582171e-01
  -5.6279524e-01  -4.1064924e-01
  -7.6599908e-01   8.0054294e-01
  -5.9120108e-01   9.0443659e-01
  -7.1925809e-01   8.6335206e-01
   2.5095360e-03   1.1790681e+00
  -7.6660047e-01   1.2192031e+00
  -9.7438234e-01   1.1212363e+00
  -7.3050824e-01   6.7185162e-01
  -1.0693500e-01   6.3326491e-01
  -1.4184844e-01  -1.8471904e-01
   1.3224513e-01  -1.1204650e+00
   8.0024969e-02  -8.1057928e-01
  -3.4729003e-01   1.5586842e+00
   6.1512025e-01  -7.9675015e-01
   9.9795578e-03   1.5370593e+00
  -7.2675875e-01   9.4804900e-01
   5.7735131e-01  -8.8768094e-01
   4.4938587e-01  -1.0135955e+00
  -8.1812745e-02   1.1671248e+00
   1.7257016e-01  -7.0423175e-01
  -6.2358276e-01   1.0205545e+00
  -1.0276373e+00   9.3944381e-01
  -7.2825500e-01   7.0003169e-01
  -5.0573693e-02  -3.7279157e-01
   2.5877174e-02   6.6855795e-01
  -2.0358123e-01  -7.5033072e-01
  -4.4952159e-01   2.9022453e-01
   1.2351307e+00  -1.2710290e+00
  -9.2108306e-01   6.3147437e-01
  -5.1304911e-01   1.2271448e+00
  -3.8300883e-01   7.4016314e-01
  -6.6433097e-01  -3.1532125e-01
  -1.2606248e-01   8.3913476e-01
   2.3144730e+01  -1.5808514e+01
  -8.3021864e-01   6.4931998e-01
  -8.3183782e-02  -3.0550595e-01
  -7.2505549e-01   7.3712153e-01
   1.4920379e+00  -1.0453753e+00
   1.0155303e+00  -8.5150561e-01
  -8.4087982e-01   6.9230600e-01
  -2.6054577e-01   2.1842117e-01
   1.0046284e+00  -8.5328501e-01
  -4.1032699e-02  -3.0241933e-01
  -1.7385537e-01   7.6025578e-01
  -1.4435057e-01  -5.0315629e-01
  -7.0319699e-01   4.1236520e-01
   2.4922686e-03  -3.9850443e-01
  -3.9762119e-01   7.1769673e-01
  -3.0388609e-01   1.5578349e+00
  -1.0706512e+00   1.5573882e-01
  -7.4715261e-01   8.8783295e-01
   1.2299400e+00  -1.2003873e+00
   7.0472459e-01  -8.1980249e-01
  -1.8776660e-01   4.5851140e-01
  -7.1666268e-01   4.8511311e-01
  -3.0025462e-01   5.9042585e-01
  -7.1692703e-01   7.7766446e-01
  -4.7212923e-01   1.3880334e+00
  -4.9049913e-01  -5.2540405e-01
   4.2309519e-01  -5.3433148e-01
   1.8931670e-01  -8.6053607e-01
  -8.4343312e-01   7.8064153e-01
   5.6740158e-02  -6.7536610e-01
  -4.8507515e-02   1.0586540e+00
   8.3421887e-01  -7.6328325e-01
   8.0256657e-01  -7.0322378e-01
  -6.3822984e-01   7.7106578e-02
  -5.7721196e-01   7.0881955e-01
   6.0649227e-01  -6.9460963e-01
  -1.3655363e-01   1.6559688e+00
   3.8920952e+00  -1.5038940e+00
   1.1321615e+00  -8.8788394e-01
  -8.8250818e-01   6.8436286e-01
  -6.8977078e-01   5.8383416e-01
  -6.9904238e-02  -7.5787525e-01
   6.9994187e-01  -7.5688125e-01
  -5.4428788e-01   5.8601518e-01
  -1.6690600e-01   1.2537993e+00
   8.3728888e-01  -1.0262263e+00
  -1.6461504e-01  -9.6735929e-01
  -3.3183179e-01   3.0359345e-01
   8.1811537e-02  -7.4916990e-01
   2.0537659e-01  -7.5756519e-01
  -2.8340664e-01   8.5101821e-01
  -7.1639143e-01   2.5316477e-01
   2.0072828e-01  -1.0939942e+00
   9.3116622e-01  -1.4212302e+00
  -4.3825161e-01   1.2075476e+00
  -4.2730179e-01  -4.4938656e-01
  -6.2036433e-01   3.1310988e-01
  -2.8404864e-01   1.0395320e+00
   8.3565197e-01  -1.0351567e+00
   1.5612621e+00  -8.5994367e-01
   2.6968219e-01   1.5624485e+00
  -8.1794904e-02   7.2587453e-01
   7.0350529e-01  -6.0326788e-01
   1.0330247e-01   7.3518361e-01
   3.0157942e-01  -4.9486109e-01
  -3.3554686e-01   9.9447741e-01
   1.9369156e-01   4.8485985e-01
  -4.1847216e-02   1.0904510e+00
  -9.5194935e-01   2.3965273e-01
  -2.3277844e-01   9.2730852e-01
  -5.2119610e-01   2.5692637e-01
  -1.8881725e-01   1.1882138e+00
  -1.6263067e-02   8.4496509e-01
  -5.1800504e-01   1.0894940e+00
   5.3618604e-01  -7.2339822e-01
   3.1836638e-01  -9.0431004e-01
  -2.9564648e-01  -6.6063218e-01
   1.3326789e+00  -1.1000873e+00
   6.0473778e-01  -4.6488005e-01
  -1.3559751e-01  -3.1636324e-01
   9.0060894e-01   5.1364763e-01
  -3.1999778e-01  -5.9357568e-01
  -8.6120737e-01   7.0848144e-01
  -7.4902833e-01   1.4605599e+00
  -3.2533387e-01  -5.0130294e-01
  -1.3025323e-01   9.5504691e-01
   9.0475514e-01  -9.4833221e-01
  -3.9808223e-01   7.7595350e-01
   6.5946006e-01  -1.2070726e+00
   2.3881303e-01  -9.1673127e-01
   2.8632852e-01   3.6647717e-01
  -1.2372831e-01  -4.2301499e-01
   2.2095568e-01   4.7004531e-01
   1.0034638e-01  -6.3130447e-01
   1.7111855e+00  -1.2704866e+00
  -2.5738795e-01   1.3300181e+00
  -3.9169784e-01   1.2479972e+00
   1.9695759e-01  -5.3282347e-01
   3.4386187e-01  -7.2796226e-01
   2.1098643e-01  -6.5158188e-01
  -1.9030521e-01   7.8174789e-01
   8.9059175e-01  -8.2937055e-01
   6.9462995e-01  -6.0718940e-01
  -1.7945468e-01   1.1167301e+00
  -9.4398835e-01   6.1546119e-01
   2.3450976e-01  -1.0441852e+00
  -7.4652338e-01   7.6121193e-01
   1.5741708e+00  -9.8404919e-01
   2.8472783e-01  -9.0206872e-01
  -2.1484349e-01  -6.6709733e-01
  -9.8874500e-01   5.9911218e-01
   1.2495901e+00  -9.0039009e-01
   8.8064144e-01  -8.1350258e-01
  -3.5061704e-01   8.9050873e-01
  -3.0822377e-03  -3.2010260e-01
   8.4316076e-01  -9.3525464e-01
   5.5958524e-01  -8.5266650e-01
  -2.0329797e-01  -9.3863775e-01
  -1.8860236e-01  -5.0281617e-01
  -2.9276241e-01   6.8209593e-01
   7.8025847e-01  -1.0650396e+00
  -2.9524166e-01   3.9485561e-01
  -2.4688256e-01  -4.6536492e-01
  -3.0015385e-01   5.6840774e-01
  -1.1908833e-01   9.3515425e-01
  -4.6623331e-01   7.9244562e-01
  -3.5306513e-01   1.5746189e+00
  -7.7802936e-01   1.2680201e+00
  -5.5489714e-02  -9.4493024e-01
   3.1787591e-01  -2.3092347e-01
   9.1133087e-01  -9.6209763e-01
   2.3672992e-02  -7.3182246e-01
   2.7737950e-02  -6.0541967e-01
  -5.0704835e-01   1.0016489e+00
   1.2778507e-01   1.4638731e+00
   4.4594166e-01  -1.1638508e+00
   2.1926296e-01  -9.5159432e-01
  -2.1352551e-01   5.1123346e-01
  -1.8061079e-01   1.4004515e+00
   6.8333440e-01  -8.6697935e-01
  -4.4762793e-01  -7.2674094e-01
  -5.9952826e-01   7.8784588e-01
  -3.0469130e-02  -1.5908605e-01
  -7.2548748e-01   1.1525115e+00
  -5.9195854e-01   8.2585790e-01
   9.0002399e-01  -9.0153054e-01
  -5.1233111e-02  -2.9445689e-01
  -9.1409555e-01   9.0498933e-01
   2.5339422e+00  -1.1181645e+00
  -8.9959786e-01   1.3706068e-01
  -7.0227638e-01   7.1518461e-01
  -3.4820663e-01  -2.4452818e-01
  -7.6879604e-01   4.5440501e-01
  -3.5126290e-01   1.3611746e+00
   1.1286494e-01  -7.4340921e-01
   2.7591080e-01  -9.0756014e-01
  -5.9088051e-01  -4.8466246e-01
   2.9845083e-01  -6.4335018e-01
  -7.4643180e-01   1.1869150e+00
  -2.1320794e-01   8.3023815e-01
  -6.5588338e-01   1.2530874e+00
   1.3077369e+00   2.5453496e-02
   7.0222278e-01  -8.6509788e-01
  -5.6344622e-01   5.3244106e-01
  -3.3332046e-01   9.7985960e-01
   1.5841763e+00  -1.2491889e+00
  -1.2995837e-01   1.0648834e+00
  -6.9886776e-01  -3.6055813e-02
   8.7824822e-01  -7.8380034e-01
  -1.1182322e-01  -6.7241207e-01
   3.7498398e-01  -1.0420025e+00
  -2.0618561e-02  -7.3630769e-01
  -9.1039096e-01   1.0143948e+00
  -6.0882869e-01   5.5511921e-01
  -6.8647592e-01   2.0932247e-01
   6.4801601e-01  -9.1273017e-01
  -3.2474427e-01  -9.0561463e-01
  -6.0936935e-01   9.9215486e-01
  -4.5057527e-02   7.6024613e-01
   3.0885569e-02  -5.7028430e-01
  -1.8450422e-01  -9.4684174e-01
  -4.0217005e-01   1.3862530e+00
  -7.6243659e-01   1.1219792e+00
  -1.8377866e-01   1.4731998e-01
  -6.7904707e-01  -1.5867179e-01
  -8.0408715e-01   4.8725896e-01
   7.5208136e-01  -8.0781245e-01
   2.5926130e-01  -6.1107741e-01
  -4.1910367e-01  -1.6620283e-01
  -6.8500524e-01   7.5103293e-01
  -2.4743603e-01  -1.0259291e+00
   5.9496793e-01  -6.7571164e-01
  -4.4368079e-02  -7.8984622e-01
  -5.5578520e-01   7.3712977e-01
   8.9553046e-01  -8.1372198e-01
  -2.1103904e-01  -6.5363001e-02
  -9.4201795e-02   9.4256658e-01
   7.6955994e-02  -6.2861590e-01
   3.0721204e-03  -8.5088021e-01
  -6.6025546e-01   4.3255120e-01
   9.9948406e-01  -1.1861039e+00
  -1.6754215e-01   9.6656252e-01
   3.4744367e-02  -3.1909610e-01
  -6.7586627e-01   1.2023563e+00
  -5.3694567e-01   6.5522362e-01
   3.7768098e-01  -7.6069403e-01
   2.6640892e-01  -8.4768081e-01
  -5.9412326e-01   9.7955522e-01
   1.3009831e+00  -9.9820303e-01
   1.1428598e+00  -1.2668707e+00
   1.2495877e-01  -7.6824306e-01
  -6.6777643e-01   1.2155255e+00
  -6.2483420e-01   3.7773080e-01
   6.7529181e-02  -5.5286654e-01
  -5.5284793e-01   8.8898600e-01
  -1.3835172e-01  -5.7660625e-01
   8.4282405e-02  -2.3651527e-01
  -1.4214580e-01  -6.3558955e-01
   7.9897305e-01  -4.7066097e-01
  -6.9127172e-01   9.8001945e-01
  -6.8231721e-01   1.2592283e+00
  -8.5077232e-01   3.2369979e-01
  -1.7196634e-01   6.7920308e-01
   4.5575655e-01  -8.6895048e-01
   1.0179239e+00  -8.1234840e-01
  -1.5800645e-01   3.0082054e-01
  -9.6746596e-01   9.7358605e-01
  -9.7653511e-01   6.2668524e-01
  -7.8944292e-01   1.0769934e+00
  -2.7928026e-01   6.8966547e-01
   1.4767591e+00  -1.4847640e+00
   6.3051530e-01  -1.2774630e+00
   6.5351830e-01  -9.1948785e-01
   7.5165578e-01  -1.2248693e+00
  -5.7382420e-01   4.3166174e-01
   1.9117735e-01  -1.0018246e+00
   1.0126446e+00  -9.0723809e-01
   1.4975916e-01  -8.2589256e-01
  -6.9111040e-02   1.7119576e+00
   2.3180565e-01  -6.7015904e-01
  -6.5139813e-01   1.0733335e+00
  -7.2503130e-01   7.1711863e-01
  -4.7670719e-01   1.0209898e+00
   6.9870803e-01  -6.8722833e-01
   2.8972743e-01  -8.7601316e-01
  -6.2819283e-01   8.2885102e-01
   5.7801436e-01  -8.8352057e-01
  -2.0434458e-01  -3.6164388e-01
   3.7113535e-01  -8.5551803e-01
   2.1085717e-01  -6.3753619e-01
  -7.7121470e-01  -3.8339133e-01
  -4.5794816e-01   6.6942111e-02
   2.6919580e-03  -1.0887623e+00
   4.0123726e-01  -1.1104405e+00
  -5.5769427e-01  -2.9417615e-01
   4.2090533e-01  -1.1510349e+00
  -7.3130676e-01   6.3475639e-01
  -1.3082637e-01  -5.9928386e-01
   7.1731709e-02  -4.4777200e-01
  -5.7816443e-01   9.6339636e-01
   6.3440547e-01  -8.4004821e-01
   8.7394468e-01  -9.6200059e-01
  -3.0047747e-01   6.5256912e-01
  -4.8725896e-01  -5.7611659e-02
  -4.3455596e-01   1.0556733e+00
  -6.8793507e-01   1.0972304e+00
  -3.8111388e-01  -6.4911355e-01
   8.9880607e-02  -2.5730562e-01
   5.0739200e-01  -2.0540191e-01
   1.2406735e+00  -1.3047053e+00
  -5.6132983e-01   5.9419524e-01
   2.9531021e-01  -3.8725558e-01
   2.7009928e-01  -8.8425732e-01
  -6.8235293e-01   9.8575359e-01
   1.9257185e+00  -5.1239892e-01
  -2.9524681e-01  -4.5525239e-01
   1.2702370e-01  -5.4130405e-01
  -3.7109786e-01   9.5429118e-01
  -1.7651646e-01  -4.5557655e-01
  -1.4497664e-01  -3.0517012e-02
   9.4457400e-01  -1.2184169e+00
   7.4724013e-01  -9.9725917e-01
   9.0122419e-01  -8.1112030e-01
  -9.7403076e-02   5.3789451e-01
  -4.9937142e-01   6.8521102e-01
  -5.8059608e-01   5.5371579e-01
   3.7354368e-01  -1.2532223e+00
  -6.4969638e-01   6.0156491e-02
  -6.3381193e-01   1.1913467e+00
  -1.4498064e-01  -8.4390236e-01
  -2.7352560e-01   1.6433982e+00
  -1.0023013e-01  -6.1793799e-01
   1.0550756e+00  -1.0957670e+00
   1.1112258e-03  -7.9957356e-01
   4.5788085e-01  -6.3619676e-01
  -1.0301141e+00   6.5118057e-01
   6.8233764e+00  -7.9608063e+00
  -3.7134340e-01   1.1402410e+00
   5.8643183e-01  -8.6429078e-01
   1.2587336e+00  -1.1926241e+00
  -2.1542167e-02   2.9579281e-01
   4.3187403e-01  -7.7614573e-01
   3.3178745e-01  -6.6022946e-01
   9.6786944e-01  -9.6325084e-01
  -1.7801548e-01   5.2455331e-01
  -6.8404968e-01   1.2117275e+00
  -2.1664134e-01  -2.5820652e-01
  -8.5443679e-01   8.0035158e-01
  -3.7301112e-01   9.2190573e-01
   8.6330810e-01  -9.7080526e-01
  -8.5349658e-02   4.9847012e-01
  -5.6570619e-01   8.4471489e-01
  -3.9488069e-02   1.0010808e+00
  -5.3890317e-02  -5.2727546e-01
   3.5424097e-01  -9.1028515e-01
  -9.0548183e-01   1.3299696e+00
  -8.4644932e-01   5.1199396e-01
  -3.9537326e-01   1.5189743e+00
   1.9550601e-01  -1.0081537e+00
   6.5279814e-01  -7.2438699e-01
   1.0372924e-01   5.7796176e-01
  -4.6691841e-01   7.9815023e-01
   1.2610852e+00  -1.0616630e+00
   1.3260449e-01  -8.9934608e-01
   1.0544444e+00  -9.6400220e-01
  -1.8944634e-01   7.5485500e-01
  -6.3288247e-01   8.5573170e-01
   4.7156465e-01  -8.8704798e-01
  -6.6470075e-01   8.2342783e-01
  -3.2910571e-01   1.0942727e+00
   9.3121449e-01  -7.1862375e-01
   8.9796315e-01  -9.5902064e-01
   4.3114980e-01  -7.1350840e-01
   1.1228506e+00  -8.5616595e-01
   1.0496557e+00  -9.0210820e-01
  -1.6953567e-01  -1.7904708e-01
  -5.9754541e-02  -7.1005152e-01
   2.0522397e+00  -1.1244496e+00
  -6.2888285e-01   7.4697303e-01
   2.6044847e-01  -6.5567084e-01
  -4.5544956e-01   1.3772311e+00
  -1.9086787e-01  -6.5423922e-01
  -6.1555230e-01   6.5526221e-01
  -4.4776580e-01  -1.4952326e-01
  -2.2678819e-01   1.0373494e+00
   4.4336798e-01  -9.2910365e-01
   5.2018565e-01  -9.5347746e-01
   6.4671733e-01  -4.7715870e-01
  -1.4082803e-01   1.3935162e+00
   1.1232469e+00  -1.1433490e+00
  -1.9398978e-01   6.9380237e-01
  -5.9336036e-02  -7.7504946e-01
  -6.4542351e-01   5.6828242e-01
   2.6500655e-02   3.4065329e-01
  -6.1080095e-03  -5.3086246e-01
  -1.3501832e-01  -6.3741033e-01
   4.1026553e+00  -1.4251530e+00
  -7.2835300e-01   4.3975723e-01
  -9.1613246e-02   1.1624103e+00
  -9.6518402e-02  -3.6148895e-01
   1.2466111e+00  -1.0984724e+00
  -2.5110996e-01   5.3453131e-02
  -7.9007511e-01   8.6399571e-01
   1.1960032e+00  -1.0004040e+00
  -2.8055363e-01   6.2539856e-01
  -1.4172634e-01   9.4963309e-01
  -2.3227907e-01   9.8570533e-01
   1.0117390e+00  -9.1786523e-01
  -4.6143280e-01   2.5147902e-01
   1.1266207e-01  -8.4846771e-02
  -1.4178490e+00  -1.1437396e-01
   5.6996830e-01  -8.0475732e-01
  -2.1378569e-01  -5.2107799e-01
  -5.9302530e-01   5.4889551e-01
  -5.5630359e-01   7.7252481e-01
  -8.2946702e-01   7.0336814e-01
  -5.5265194e-01   2.5900564e-01
  -8.0879384e-01   8.3738735e-01
   6.1927834e-01  -5.9936115e-01
  -4.5357420e-01   1.1755957e+00
  -1.2395498e-02  -3.6767633e-01
  -2.2534887e-01   8.4472165e-01
   4.5079817e-01  -7.7844727e-01
  -3.3696576e-01   8.7503700e-01
  -4.0309582e-02  -8.0161030e-01
  -1.7985816e-01   1.4619270e+00
  -1.4388420e-01   1.2638361e+00
  -7.5141816e-01   7.5215638e-01
   4.6891576e-01  -9.0610005e-01
   9.0392243e-01  -1.1060049e+00
  -7.2624323e-01   6.4123518e-01
   7.7517418e-01  -9.5204920e-01
  -2.0617203e-01   5.3225873e-01
  -1.0280750e-01   1.0247087e+00
  -8.3658032e-02  -5.7099903e-01
  -6.4668959e-01   3.8879543e-01
  -2.5684850e-01   1.2977889e+00
  -1.2260478e+00  -3.5592319e-01
   4.4157019e-01  -1.0203377e+00
  -7.1851797e-01   4.4041600e-01
  -6.0263472e-01   9.7967211e-01
  -1.7774808e-01  -5.8938949e-01
  -8.7395940e-01   5.1482167e-01
   1.4378261e-01  -1.0122024e+00
   9.4134089e-01  -8.6195035e-01
  -4.1507277e-01   1.2109863e+00
  -4.1621341e-01  -3.6030543e-01
   2.5895502e-01  -4.4317966e-01
  -9.0607516e-01   1.3859300e-01
   2.3900802e-01   9.3106971e-02
   3.6305268e-01  -6.9744711e-01
   2.3641828e-01  -5.6044507e-01
  -4.8505668e-01   8.4480763e-01
  -7.1593101e-01   7.7558315e-01
  -9.1990287e-02   6.8275012e-01
   6.0688639e-01  -8.1121497e-01
  -7.2229650e-01   9.5833506e-01
   1.0699609e+00  -9.1735512e-01
  -1.0433424e+00   6.5422762e-01
  -6.4625965e-01  -2.2941582e-01
  -8.7199651e-02   3.3370626e-01
   3.1189574e-01   1.1018935e+00
   3.0740370e-01  -3.3433158e-01
  -5.7090838e-01   1.0288438e+00
  -3.1367232e-01   5.6808422e-01
  -4.2533762e-01   6.1694306e-01
   8.7011389e-01  -7.4769576e-01
   6.2131920e-01  -1.0727221e+00
   9.3322194e-01  -8.1865177e-01
  -7.8027017e-01   6.5219300e-01
  -7.8539341e-01   9.7698414e-02
  -3.9161368e-01   1.5782222e+00
  -5.6233236e-01   7.2897945e-01
  -1.0019214e+00   5.3513327e-01
  -7.6431750e-01   6.8904130e-01
  -1.2960907e-01  -6.0630885e-02
   1.4372060e-01  -7.8946750e-01
   3.0489517e-01   8.6508603e-01
   6.5600627e-01  -6.4759907e-01
  -4.8837435e-01   1.2091886e-01
  -1.0736492e+00   3.6831106e-01
   6.7964108e-01  -5.3290150e-01
   3.8967273e-01  -5.4025771e-01
  -6.3034303e-03  -7.6010341e-01
   4.9146309e-01  -6.5346099e-01
  -6.4391232e-01   8.0676070e-01
  -2.9418718e-01   9.5655494e-02
  -5.4562648e-02   1.3827807e+00
  -6.9459484e-01   6.2784320e-01
  -6.6537376e-01   9.1723369e-01
   1.6525380e+00  -1.1024210e+00
   2.4966726e-01  -6.9284727e-01
   1.1052629e+00  -1.0316823e+00
   4.3739794e-01  -9.5737825e-01
   8.4318730e-01  -1.2494904e+00
   1.2741313e+00  -9.8065101e-01
  -9.3403318e-01   7.8884232e-01
  -8.0717250e-01   8.2886689e-01
  -3.2790062e-01   6.4239188e-01
   3.7877913e-01  -8.7060745e-01
  -2.5133777e-01   5.2409346e-01
  -6.9423658e-01   1.3625119e+00
  -5.4832814e-01   1.1574494e+00
  -7.0404822e-01   6.4715471e-01
  -5.5303514e-01  -3.3142055e-01
   1.4582797e-01  -8.0268956e-01
  -7.1825294e-01   6.8442613e-01
   7.4709756e-01  -1.1394981e+00
  -3.7712867e-01   1.0005052e+00
  -5.3701951e-01   5.9619668e-01
  -4.5425061e-01   1.1967786e+00
  -6.4651588e-01   4.2723159e-01
   1.0771018e+00  -1.2463976e+00
  -3.1937701e-01  -3.0016679e-01
   4.5295671e-01  -1.1250590e+00
  -4.6421803e-01   1.1228845e+00
  -2.5559026e-01   8.4016767e-01
   2.6235053e-01  -4.1363985e-01
  -6.0030155e-01   8.7263417e-01
   1.0837380e+00  -1.0183375e+00
   3.3353484e-01  -6.6996104e-01
   3.3724468e-01  -4.0764146e-01
  -2.2034457e-01  -7.9570068e-01
  -3.8800704e-01   3.2490731e-01
  -9.1787058e-01   7.2086240e-01
  -1.6094552e-01   1.4001588e+00
  -5.2781113e-01   5.4152617e-01
  -1.0379396e-01   1.2241308e+00
   3.7588672e-02  -1.0838396e+00
  -9.6070785e-01   6.1078160e-01
  -3.3337996e-01  -3.5338045e-01
  -3.4002408e-01   1.1133513e+00
   3.8778981e-03   4.4163659e-01
   8.8882602e-01  -9.7916858e-01
   2.8490783e-01  -4.8230278e-01
  -4.7524554e-01   6.7561204e-01
  -7.7335084e-01   2.8414449e-01
  -7.5628791e-01   6.8104508e-01
   7.1094867e-01  -7.4233112e-01
   1.9011282e-02   1.3526720e+00
  -1.6116434e+00  -3.0543644e-01
   7.8346735e-01  -1.1746483e+00
   1.0833326e+00  -1.0140475e+00
   5.4328456e-02   1.3911193e+00
   3.5227435e-01  -7.0886774e-01
  -7.2397843e-01   6.2886619e-01
  -7.4836322e-01   1.0791209e+00
   3.4149042e-01  -9.5054028e-01
  -2.4340646e-01   4.0723900e-01
  -2.2410666e-01  -7.4812400e-01
   5.0249532e-01  -3.8408761e-01
  -2.9112851e-01   1.2168923e+00
  -6.8706994e-01   9.9304990e-01
   1.0210884e+00  -7.0855177e-01
  -3.5042711e-01   1.2925786e+00
   8.0421730e-01  -9.5060312e-01
   5.7970169e-01  -6.2883892e-01
   3.4030573e-01  -8.6967511e-01
   9.1255526e-01  -8.2997113e-01
   1.1935063e+00  -1.1055848e+00
   4.9059009e-01  -8.6946338e-01
  -1.2492189e-01   1.0673230e+00
  -7.9837413e-01   7.6123930e-01
   9.7451313e-01  -9.3483248e-01
  -4.7794463e-01   5.1081901e-01
  -1.3713347e+00  -2.4371388e-01
  -8.9102056e-01   7.9356715e-01
   6.3494752e-02  -8.5496379e-01
   2.5708977e-01  -7.2890509e-01
  -5.2148782e-01   1.0848810e+00
  -2.8732183e-03   3.1475683e-01
  -9.6319754e-01   6.5993922e-01
   4.5152922e-01  -9.1445805e-01
  -3.5604557e-01   9.6979849e-01
  -7.0175560e-01   9.8928025e-01
   8.4839197e-01  -8.4046881e-01
  -7.5284522e-01   1.0888789e+00
  -7.4906250e-01  -1.8024842e-01
  -4.2038384e-01   9.3269911e-01
   2.8822057e-01  -3.3662347e-01
  -8.4184556e-02   1.0699704e+00
  -1.5191030e-01  -7.2454957e-01
  -8.4289557e-01   1.0455101e+00
  -2.1275509e-01  -1.0506039e+00
  -6.5898134e-01   1.0271567e+00
  -3.5247037e-01   5.0884807e-01
  -7.6135842e-01   3.3484030e-01
   7.3469233e-01  -5.5507078e-01
   7.0922290e-01  -9.1271194e-01
   7.3880703e-01  -9.6465988e-01
  -2.3403715e-01   1.4440752e+00
  -4.9240956e-01   6.1660892e-01
   1.6099062e+00  -1.2413958e+00
  -1.4617775e-01   2.8901183e-01
   6.3365791e-01  -8.3940136e-01
  -1.6044781e-01  -7.2757457e-01
  -2.9397679e-01   8.4146484e-01
  -4.6232977e-02   7.7158203e-01
  -5.9378341e-01   6.2107540e-01
  -5.6714589e-01   1.0158618e+00
   4.4765527e-01  -2.9312567e-01
  -2.6196849e-01  -5.3756665e-01
  -3.0055678e-01  -7.0129307e-01
  -6.2818307e-01   9.3742029e-01
  -1.0160425e-01  -6.9091300e-01
  -1.0448575e+00   7.7144755e-01
   1.8707762e-01  -5.7872733e-01
  -2.7132517e-01   6.8871607e-01
  -9.6616400e-02  -8.1097655e-01
  -4.3918933e-01   1.1929845e+00
  -3.5697008e-01   6.1894956e-01
  -1.2373821e-01   1.1552112e+00
  -6.2897826e-01   1.3398521e+00
   3.0183021e-01  -9.6662209e-01
  -2.8357969e-01  -4.8532445e-01
   4.7308615e-01  -8.0415235e-01
   3.0558970e-02  -7.9616805e-01
   8.2136312e-01  -9.1132154e-01
  -4.0894982e-01  -6.6025419e-01
  -2.9384314e-01   6.3987325e-01
  -4.6162863e-01   1.2012372e+00
  -4.5714645e-01   1.0479644e-01
  -1.9811169e-01   7.5996884e-01
  -1.2063013e-01  -7.0348603e-01
  -6.0948658e-02  -9.4014562e-01
   5.9246077e-01  -6.6565862e-01
   7.7152101e-01  -8.8318012e-01
  -2.0522890e-01  -4.4111697e-01
  -7.9441626e-01   7.5195156e-01
  -3.6864259e-01   5.1982957e-01
  -1.2181772e-01  -5.8161067e-01
  -2.7085701e-01  -6.1917577e-01
  -7.1005816e-01   1.1654763e+00
  -7.4494982e-01   1.1910860e+00
  -5.0339992e-01   5.0754510e-01
  -9.6371714e-01   2.3911358e-02
  -5.9813288e-01   5.2653163e-01
  -8.7314747e-01   4.4170937e-01
  -6.8808100e-01   7.4054219e-01
  -7.4785863e-01   8.1080007e-01
  -2.1911189e-01   9.2531158e-01
  -1.8990010e-01   7.2040258e-01
  -1.5818355e-01  -9.7809876e-01
  -6.0009641e-01   1.0064336e+00
  -6.3207114e-01   1.1539955e+00
  -6.4184462e-01   3.0121939e-01
   1.0596417e-01  -7.4225027e-01
   1.5446041e-03  -9.1403497e-01
   1.4489746e+00  -1.1283260e+00
   9.5179346e-01  -7.4708570e-01
  -4.4257577e-01  -6.9595579e-01
   6.0025156e-01  -1.1865112e+00
   2.7591593e-01  -7.7121475e-01
  -2.9010408e-01   6.4973947e-01
  -1.6703681e-01   3.5962895e-01
  -8.2904729e-01   7.7193827e-01
   8.3815582e-01  -9.1405486e-01
  -1.0007074e+00   9.3178117e-01
  -5.6991589e-01   6.9278802e-01
  -7.6492027e-02  -4.3620401e-01
   4.9393748e-01  -3.8654294e-01
  -7.1122854e-01   1.1590885e+00
   6.8616288e-01  -5.9818394e-01
  -3.8612012e-01   1.0405713e+00
   1.0503610e+00  -8.4731188e-01
  -1.6762074e-01  -7.4926339e-01
   5.0151926e-01  -9.0674381e-01
   1.6526711e+00  -1.2491431e+00
   1.3448582e-02   1.4834295e+00
  -8.4635901e-01   6.1120168e-01
   5.0869124e-02  -2.8149113e-01
   6.4347016e-01  -6.9378510e-01
  -1.1734381e-01  -5.2565401e-01
  -3.0731420e-01   9.4783899e-01
   1.4758205e-02   8.1534261e-02
  -3.3114051e-01   3.0250763e-01
  -1.7759121e-01   6.4898222e-01
  -2.1912555e-01   8.3666354e-01
   5.9582530e-01  -8.8528361e-01
   4.8998265e-01  -7.6178901e-01
   1.3918473e+00  -1.0691442e+00
   8.3124328e-01  -9.6613478e-01
   2.7161208e-01  -8.6780253e-01
  -6.6828286e-01   8.6053402e-01
   1.5012998e-01  -5.7770555e-01
   5.5713053e-01  -9.4109837e-01
   1.2643733e-01  -6.9667583e-01
  -7.9901254e-01   9.0491988e-01
   4.4386191e-01  -7.6694999e-01
  -2.0322286e-01   4.7273516e-01
  -8.3699161e-02   6.2086837e-01
  -1.1635825e-01   3.4935391e-01
   8.4248727e-01  -1.1554320e+00
  -5.8272966e-01   1.2077656e+00
   6.9361986e-01  -7.9284989e-01
   6.7580868e-02   9.2381821e-01
  -8.0549634e-01   7.4838749e-01
  -2.1795642e-01   7.9353166e-01
   1.7354871e+00  -1.1214518e+00
   5.5357128e-01  -7.4824049e-01
  -1.2959341e-01   8.9118937e-01
  -7.5700364e-01   6.1735629e-01
  -4.1833096e-01   4.5727013e-01
  -3.5172807e-01   1.3001529e+00
  -2.2400888e-01   1.0121790e+00
  -5.4280824e-01   9.0922353e-01
  -1.0158667e-01  -6.0510572e-01
  -4.0665449e-01  -1.2382609e-01
  -1.2072678e-01   8.3104250e-01
   5.5374892e-01  -8.2457290e-01
  -7.2015824e-01   4.6053030e-01
   2.2009080e-01  -1.0153700e+00
  -1.1587846e-01  -2.2985480e-01
  -2.4634465e-01   4.8939970e-01
   4.8312361e-01  -3.1447985e-01
  -4.4578726e-01   2.6109750e-01
  -6.2445736e-01   6.8400161e-01
   1.2695615e-02  -9.0814803e-01
  -9.6639984e-02   8.1680210e-01
   8.9243836e-02  -7.2768421e-01
  -2.6842422e-01   6.9049770e-01
   2.1599495e-01  -5.6216673e-01
  -5.6687084e-01   7.7489078e-01
  -1.5836909e-01   4.5580567e-01
   4.6381134e-01  -1.2480756e+00
   7.0398914e-01  -1.0915863e+00
   6.7201796e-02  -7.5417841e-01
  -7.8844028e-01   9.7434076e-01
  -8.0870520e-02  -9.1750388e-01
   8.9462298e-01  -1.0720664e+00
   9.0797867e-01  -1.3559841e+00
  -3.2507659e-02  -5.5144992e-01
  -1.4681997e-01   1.3266889e+00
   1.2027705e+00  -1.1831578e+00
  -1.8132654e-01   8.8376546e-01
  -1.5953333e-01  -6.4631268e-01
  -7.0190238e-01   1.0727911e+00
   5.3125069e-01   4.7609417e-01
   8.4887437e-01  -1.2357059e+00
   3.1154095e-01  -7.0309795e-01
  -8.9451987e-01   7.3402084e-01
  -2.4931821e-01   4.7709355e-01
   6.2979803e-01  -8.5344323e-01
  -7.1843656e-02  -7.9534546e-01
   1.0201737e-01  -3.9253002e-01
  -3.3195217e-01   1.5464232e+00
   1.3203462e+00  -8.6910515e-01
  -5.0442542e-01   6.1738867e-01
  -3.0064460e-01   5.3376569e-01
  -3.5088563e-01   1.2758571e-01
  -5.7186322e-01   9.9866843e-01
  -7.0864069e-02   1.2214668e+00
  -8.4476020e-01  -1.2636367e-01
  -5.3640656e-01   9.2787096e-01
   3.6018069e-01  -8.5678598e-01
  -3.5303694e-01   1.0121586e+00
  -8.0621862e-01   7.3008999e-01
  -9.4731479e-02   3.0596553e-01
  -6.6258475e-01   7.3567435e-01
   1.5949215e+00  -1.2343842e+00
  -7.1596292e-01   6.0729434e-01
   7.0506413e-01  -1.2078900e+00
  -2.6163916e-01   1.0051131e+00
  -4.2894258e-01   7.2238563e-01
   1.1439957e+00  -1.2089997e+00
  -2.6311794e-01   1.0745421e+00
  -9.7288556e-01   7.0869568e-01
  -7.4932955e-01   6.6239959e-01
  -9.7955976e-02  -5.6868323e-01
  -5.7065836e-01   1.4879721e+00
   1.0495540e+00  -1.4245691e+00
  -6.9963053e-01   4.7107494e-01
   7.0313686e-01  -6.5179916e-01
  -3.8200093e-01   1.0624721e+00
  -6.9515060e-01   8.3305522e-01
  -8.7174104e-01   4.2532607e-01
   9.4067518e-01  -7.8980900e-01
  -9.2291931e-01   5.9618934e-01
   4.9525081e-01  -8.6993484e-01
   5.6059739e-01  -9.2455367e-01
  -1.2117997e-01  -5.4001151e-01
  -8.5609106e-01   6.1380438e-01
   7.4457024e-02  -2.3183083e-01
  -5.4559738e-01   1.0967623e+00
  -5.3769760e-03  -6.1215553e-01
  -6.8598871e-01   7.6599309e-01
   7.3135350e-01  -7.6203607e-01
  -1.2669289e-01   8.1509594e-01
  -5.2869176e-01   8.3149882e-01
   1.0531403e-01  -7.6948866e-01
  -6.1286524e-01   9.4905556e-01
  -7.4652699e-01   9.2726315e-01
   6.6481903e-01  -1.0301122e+00
   4.9220397e-01  -9.8905851e-01
  -5.5371122e-01   1.1086935e+00
  -7.2662469e-01   5.6864875e-01
  -3.4022400e-01   4.9901239e-01
  -6.5659724e-01   5.9247429e-01
   5.9302898e-01  -9.3680437e-01
   4.1976460e-02   5.5368823e-01
   5.9476238e-01  -3.6956081e-01
  -6.1580158e-01   6.2189919e-01
