  -6.3999033e-02  -5.8187633e-01
  -1.2888453e-01  -4.2982984e-01
   1.9046218e-01  -5.0732155e-01
  -9.6742059e-01  -7.9128656e-02
  -3.9549085e-01  -1.3295940e+00
  -2.0453972e-01  -6.1125139e-02
   5.5385172e-01  -3.9903595e-01
  -1.0008244e+00  -4.8268694e-01
  -7.1567909e-01  -1.5680073e-01
  -7.8020350e-01  -8.1508468e-02
   6.5784701e-01  -4.2003052e-01
  -1.5626670e-01  -1.1865970e+00
  -4.1557581e-01  -3.0126833e-01
   1.5801868e+00   1.1266880e+00
   8.0268062e-01  -2.7125303e-01
   3.6633196e+00   5.0124895e+00
  -4.4579878e-01  -3.3655012e-01
  -9.9333859e-01   3.3124619e-01
  -2.7335044e-01   3.7485988e-02
   2.2829557e-01  -1.6847437e-01
  -3.3620947e-01   2.1379890e-01
   8.6876633e-02  -8.3558392e-01
   1.0158632e+00   1.6189020e-01
  -2.0424813e-01  -5.1710849e-01
  -4.2701218e-02  -1.4413203e-01
  -3.3732346e-01  -4.3877401e-01
  -1.0805757e-01  -7.0907639e-01
   6.8993601e-01  -7.8546934e-01
   2.7126889e+00   2.4356546e+00
   1.9452737e+00   2.1436765e+00
  -6.6929473e-01  -2.3548252e-01
  -3.8082662e-01   3.6919895e-01
   1.3282787e+00   1.2123095e+00
  -2.2578982e-01  -6.1562864e-01
   8.3178836e-01   4.0609280e-01
  -4.9876895e-01  -4.4502387e-01
  -1.1274312e+00   3.4140640e-01
  -3.1716468e-01  -2.6911304e-01
  -4.6597612e-01   3.0851389e-02
  -1.9830495e-01   7.0347798e-02
  -1.8048695e-01  -1.3531215e-01
  -2.0624211e-01  -6.4536521e-01
  -2.5338657e-01  -2.0864194e-01
  -1.7334707e-01  -5.9746296e-01
  -2.4572172e-01  -9.1824368e-01
  -2.9346728e-01  -2.4851189e-01
   1.5347726e+00   1.1152357e+00
   2.8975321e+00   2.5440848e+00
  -9.8526644e-01   1.5626856e-01
  -9.8661834e-01  -1.5500374e-01
   1.3219487e+00   9.0676298e-02
  -4.5270104e-01  -4.6134830e-01
   1.7595492e+00   1.3675965e+00
  -3.3361674e-01  -3.2663693e-01
  -2.6952686e-01   3.7713723e-01
  -1.3682069e+00  -1.7315534e-01
  -3.9655402e-01  -8.3745583e-01
   7.6473170e-01   1.8431997e-01
  -2.3431725e-01  -1.3913783e-01
   1.7893210e+00   1.0916805e+00
  -1.0097799e+00   9.4708887e-01
  -5.9777584e-01   1.5849403e-01
  -6.2614378e-02  -7.7254326e-01
  -4.1223035e-01  -5.4923250e-01
  -2.9084402e-01   5.0999340e-02
   3.4900032e-01   3.3398598e-01
  -1.2100888e-01  -5.2119186e-01
  -9.2854240e-01  -1.7121360e-01
  -1.1146571e-01  -2.3131065e-04
   6.5705658e-01  -6.5655782e-02
   8.2476750e-01  -4.2578218e-01
  -1.5093157e-01  -2.6668304e-01
  -6.4613027e-01   4.0094833e-02
  -1.8966062e-01  -3.0362311e-01
  -2.8055817e-01  -7.8303564e-01
  -1.3673954e-01  -1.1033292e-01
  -5.9461285e-01  -5.9049553e-01
  -1.6551260e-01   4.7029151e-01
   1.3857492e+00   3.2948342e-01
   1.7421260e+00   1.5770705e+00
  -1.1112615e+00   1.2747157e-01
  -9.2569638e-01   1.9111609e-01
  -2.4252097e-01  -6.2014116e-01
  -6.0105356e-01  -9.4297683e-01
  -1.4594609e-01   5.3822591e-01
   3.8801613e+00   5.1433585e+00
  -1.4618505e-01  -6.9902965e-01
  -9.0660854e-01  -9.3306163e-01
  -1.0933198e+00  -1.1318519e+00
  -3.6324679e-01  -5.8174158e-01
  -2.3803513e-01  -3.2617030e-01
  -1.6769893e-01  -2.6679040e-01
  -5.5180732e-01  -2.9676966e-01
   1.5893575e+00   3.5454759e-01
  -1.7266279e-01  -5.1561719e-01
  -3.9706817e-01  -3.0270140e-01
  -1.8529360e-01  -8.3764474e-01
  -4.4142248e-01  -6.6354706e-01
  -3.8130522e-01  -4.4474718e-01
  -8.1412310e-01   4.1945785e-01
  -2.4913271e-01   9.1508786e-02
   4.2228708e-01   1.9503200e-01
  -3.6548096e-01  -3.5083929e-01
  -9.3802936e-01   3.4538605e-01
  -3.4500807e-01  -1.3063179e-01
  -9.4509493e-01  -3.3777909e-01
  -6.2920634e-01   6.8140040e-02
  -4.7197136e-01  -1.1246129e+00
  -2.7986557e-01  -7.5113247e-02
  -2.4853564e-01  -4.5363967e-01
  -1.1655344e-01  -4.0753095e-01
   1.2542510e+00  -3.0526424e-01
  -2.5200319e-01  -5.6470909e-01
   4.5476271e-01   1.2100842e-01
  -1.5756144e-01  -9.6812823e-01
  -1.3592746e-01  -4.2949265e-01
  -1.0316972e-01   2.8797192e-01
  -3.5930940e-02  -9.6374018e-01
  -1.0859927e+00  -4.7363248e-01
   2.6956149e-02  -1.1478707e+00
  -4.0010777e-01  -3.1671311e-02
  -3.6445958e-01  -2.7172875e-01
  -6.2559831e-01  -5.7227689e-01
  -1.1239020e+00  -2.0025720e-01
  -9.7561416e-01  -8.7734950e-01
   1.5811324e+00   1.4461304e+00
   2.8114363e+00   2.3091804e+00
  -1.0674036e+00  -3.0483161e-01
  -5.1369145e-01  -6.9113164e-01
  -6.4662667e-01  -4.3970140e-01
   2.9075342e+00   2.4296301e+00
  -6.6889006e-01   6.8780709e-02
   4.6582127e-02  -4.9905286e-01
  -5.8950965e-01  -5.9372515e-01
  -1.8121329e-01  -2.2854491e-01
  -3.0520509e-01  -5.1310503e-01
  -3.1542572e-01  -8.6281782e-01
  -1.3862815e-01  -7.9222997e-01
  -4.1138186e-01  -6.1506247e-01
  -1.4570351e-01  -1.2748193e+00
   2.2217023e+00   1.5682531e+00
  -5.2793643e-01  -8.5648347e-01
  -2.7248196e-01  -2.7315818e-01
   1.3380657e+00   1.0529049e+00
  -3.9151032e-01  -3.1145981e-01
  -4.2535089e-01   4.1404005e-01
  -1.1317141e-01  -1.2208500e+00
  -3.9036493e-01  -5.3330048e-01
   1.2662838e+00   7.7488587e-01
  -2.6106679e-01  -4.9314257e-01
  -6.3651674e-01  -3.4616750e-01
  -2.6079130e-01  -6.0931046e-02
  -2.5243749e-01  -8.1825695e-01
  -8.5080933e-01  -7.2867742e-01
  -7.4023391e-01  -4.3239825e-01
  -1.0032851e-01  -8.9802011e-01
  -1.8667768e-01  -8.0983846e-01
  -1.1253835e-01  -1.2675347e+00
  -3.2430467e-01  -1.6867662e-01
   4.1347155e-01   2.2061634e-01
  -2.3693940e-01  -2.1891385e-02
   1.8142915e+00   7.5149187e-01
  -3.0342820e-01  -3.7063584e-01
  -2.5800035e-02  -4.3766336e-01
  -7.4137845e-01  -6.4577547e-01
  -4.5452311e-01  -2.4080172e-01
  -4.0426651e-01  -4.1069210e-01
   2.0956301e-01  -5.3241252e-01
  -8.6088769e-01  -3.9670454e-01
  -2.5752024e-01   2.1082992e-01
  -1.8277049e-01   2.3946893e-02
  -1.0831373e-01  -5.2717763e-01
   3.5635360e-01   4.2321609e-01
  -1.1578820e-01  -1.2282040e+00
  -9.8178717e-01   3.8554791e-01
   1.0686673e+00   7.6170608e-01
   2.2595245e-01  -2.8771498e-01
  -2.8115271e-01  -5.4004046e-01
  -6.6135680e-01   1.4813926e-02
   3.5817003e-01   6.1737462e-01
  -1.7832366e-01  -8.2640745e-02
  -5.6392666e-01  -4.5891219e-01
  -1.1208660e-01   2.2809761e-01
  -3.5917977e-01  -3.9633510e-01
   6.5383204e-01  -8.0504529e-01
   6.8212276e-02  -3.3076660e-01
  -1.0710039e+00  -6.3739403e-01
  -2.4605472e-01   2.6290350e-01
  -7.9992627e-01   3.7579918e-01
  -1.1188445e+00  -6.2698805e-01
  -3.8108998e-01   3.6575159e-01
  -1.6921674e-01  -2.4622743e-01
  -2.5561491e-01  -1.5048764e-01
  -2.5856840e-01  -4.3862039e-01
  -8.4122554e-01   3.1932700e-01
  -2.5199071e-01  -4.4066833e-01
  -1.3098522e-01  -5.1181396e-02
   3.9296565e-01   1.8147118e-01
  -6.1724449e-01   1.7994787e-01
  -1.0101478e-01   3.6336053e-01
  -4.3113203e-01  -4.6475346e-01
  -2.5659929e-01  -3.5098228e-01
  -2.4386003e-01  -1.8345462e-01
   2.5668739e+00   2.6918317e+00
  -4.9887192e-01  -1.1864660e+00
  -4.2866027e-01  -5.7116911e-01
   2.3882230e+00   2.3820081e+00
  -9.8737552e-02  -6.5509236e-01
  -8.3625712e-01  -6.7005779e-01
  -1.2937442e-01  -5.7158777e-01
  -2.3295682e-01  -4.9749848e-01
   2.2738267e+00   2.3330902e+00
  -2.7812902e-01  -5.2975480e-01
  -1.0111104e-01  -2.8307818e-01
   1.5158250e+00   1.1889846e+00
  -1.9365935e-01  -1.0653238e-01
   2.5464182e+00   3.1554821e+00
  -4.7071361e-01  -6.4917868e-01
  -1.6955920e-01  -6.6744094e-01
   9.9552621e-01   2.6729867e-01
   2.1811270e+00   1.7593510e+00
  -8.7320788e-01   1.2725897e-01
  -1.0561917e+00  -1.6834709e-01
  -3.7755042e-01   4.7200684e-01
  -3.8939366e-01  -6.4010586e-01
  -7.9455406e-01   3.1525105e-02
  -5.6204034e-01  -6.8465334e-02
  -1.0298533e+00  -8.3348567e-02
  -3.5928822e-01  -5.4643104e-01
  -1.7093136e-01   3.3261009e-01
   1.0686540e+00   9.6779156e-02
  -7.4817249e-01  -2.9288029e-01
   1.3969034e+00  -2.5045094e-03
  -5.4029569e-01  -6.2544220e-01
   3.2983701e-05  -6.8530956e-01
   1.7028371e+00   8.3326480e-01
   1.1415694e+00   8.0893243e-01
  -3.9505163e-01  -2.8190862e-02
  -6.1373414e-01  -4.2474704e-01
  -6.1977864e-01   7.9081076e-02
   5.4697835e-01   2.4296019e-01
  -2.2991198e-01   5.0714419e-01
  -1.6174339e-01   1.1766148e-02
  -8.5067245e-01  -7.2449050e-01
  -2.0709478e-01   5.3372261e-01
  -1.4274077e+00   4.8953439e-01
  -8.1680686e-02  -6.5768365e-01
  -9.1975656e-01  -6.3440885e-01
  -1.2097622e-01   3.9764670e-01
   2.3068727e+00   2.2546158e+00
  -9.5627499e-01   1.1039454e-01
   2.6708376e-01   5.6908336e-02
   1.7293582e+00   5.0855008e-01
   1.3553390e+00   7.4176483e-01
  -2.7386310e-01  -4.3133813e-01
  -3.6954702e-01  -4.3634430e-01
  -3.1988723e-01  -4.1526871e-01
  -7.2852048e-01  -4.1109264e-02
  -7.3974367e-01  -2.8121850e-01
  -1.5112791e-01  -1.0050160e+00
  -3.9628970e-01  -6.7530106e-01
  -8.1403464e-01  -3.4291410e-01
   9.2402270e-01  -3.3664398e-01
  -2.8908171e-01  -4.4751881e-01
  -2.4810600e-01  -6.4679864e-01
  -2.0036311e-01  -5.1779121e-01
  -3.5522875e-01   1.2645889e-01
  -2.2605021e-01   1.3586089e-01
   1.4740130e+00  -9.2148122e-02
  -1.4243557e-01  -1.0668374e+00
  -1.5474429e-01  -2.4428864e-02
   1.5357356e+00   4.6704700e-01
  -2.1180599e-01   4.9737745e-01
  -2.6883355e-01  -8.0742181e-01
  -2.9918964e-01  -1.4557306e-01
   5.0527831e-01   1.1335906e-01
  -9.4097061e-01   2.4436328e-01
  -3.6880875e-01  -5.0490909e-01
   3.6035650e-01  -9.6300175e-01
   5.1412540e-01  -3.3768347e-01
  -6.2113227e-02  -3.3653026e-01
   9.8515913e-01  -2.6889966e-01
  -1.5468478e-01  -2.5550544e-01
   2.1713990e+00   2.2416907e+00
   4.9038289e-01   2.3209702e-01
   1.1701435e+00   2.6454887e-01
  -2.0459347e-01  -4.5789680e-01
  -7.0956907e-01   2.5760298e-02
  -9.9304599e-01   3.9464036e-01
   1.3077362e+00   3.7325193e-01
   5.9309577e-01  -5.9846561e-01
   1.3257710e+00   3.8398983e-01
   6.7350222e-01   4.6900341e-01
  -3.6007074e-01  -5.6689480e-01
  -2.1960367e-01  -1.0340127e+00
  -3.3639638e-01  -7.4492833e-01
  -3.4234470e-01  -8.5352658e-01
   4.3767755e-01  -7.4995394e-01
  -1.4588545e-01  -6.2994221e-01
  -2.9134852e-01  -6.3478695e-01
   1.0109876e-01  -1.7475663e-01
  -7.4544876e-02  -4.4253370e-01
  -9.4098970e-01   2.2945896e-02
  -4.1051469e-01  -8.7083216e-01
   1.3723399e+00  -2.9137092e-01
  -1.9171185e-01  -5.0496514e-02
  -7.4443621e-01  -2.0502251e-01
  -1.3314059e-01   6.7459001e-02
   1.7078055e+00   1.2782723e+00
  -8.1486695e-01  -3.6726053e-01
  -1.4190865e+00   3.6823538e-01
  -4.6413536e-01  -1.0640008e+00
  -2.0289776e-01  -4.1877465e-01
  -2.9124938e-01  -1.9464362e-01
  -1.3308758e+00  -2.5135239e-01
  -1.2356818e+00  -3.7450449e-01
  -1.9742453e-01  -5.8047688e-01
   3.2844064e-02  -4.5723890e-01
  -1.1545540e+00  -2.1854328e-02
  -4.8639748e-01  -1.0172371e+00
  -2.7164820e-01   2.7158779e-01
  -1.2372779e+00  -1.7100771e-01
  -3.5979210e-01  -2.5783102e-01
   1.2110606e+00  -1.4500708e-01
   1.8828094e+00   1.2196404e+00
  -2.1320612e-01  -7.8237840e-01
  -2.2446809e-01  -1.9463976e-01
  -1.2118528e-01  -6.2755305e-01
  -8.3649587e-01   3.8461786e-02
   1.1483839e+00   1.1246696e+00
  -7.4310802e-01  -1.9881225e-01
  -8.6574272e-01  -5.9392688e-01
  -1.4191884e-01   1.1213406e-01
  -1.2503662e-01  -1.3519545e-01
  -2.5323277e-02  -6.0388501e-01
   7.0500638e-01   1.7887635e-01
  -5.4559083e-01  -4.8404282e-01
  -3.0591157e-01  -4.2568074e-01
  -3.1842436e-01   2.5947807e-01
  -3.8365374e-01  -1.0339674e+00
  -4.0661175e-01   4.3873360e-01
  -4.9859538e-01  -1.7192413e-01
  -1.1200232e+00  -3.5964812e-03
  -6.5443803e-01  -4.2885854e-01
  -1.6267479e-01   4.6788032e-01
  -1.3088175e-01  -4.3248707e-01
  -1.9933117e-01  -4.8306494e-01
   1.9348561e+00   1.6422943e+00
  -1.8961731e-01  -3.5014919e-01
   8.6789522e-01  -5.4579731e-01
  -2.8749763e-01  -4.5244627e-01
  -4.6742731e-01  -9.2626959e-01
   2.1672414e+00   2.6625123e+00
   2.6050226e+00   2.4962602e+00
   1.6931671e+00   1.1472307e+00
  -9.1379899e-01  -3.2692066e-01
  -1.0218556e+00  -6.0584373e-01
   5.6979493e-01   3.8762901e-01
  -3.7136226e-01  -8.0961485e-01
   9.9962289e-01   4.8237871e-01
  -9.4802105e-01  -2.2678084e-01
  -3.5098715e-01  -7.0708104e-01
  -1.3729688e-01   2.5154217e-01
  -2.2053662e-01  -5.5461292e-01
  -2.7231328e-01  -2.0422632e-01
  -8.6485143e-01  -5.0601976e-01
  -1.5184426e-01  -7.1757240e-01
  -1.0235563e-01   6.7984850e-01
  -3.4199608e-01  -6.9332473e-01
  -9.0889842e-01  -8.6812534e-02
   6.5203431e+00   9.4030716e+00
  -2.2374909e-01  -1.0607031e+00
  -9.5482146e-01   5.4782148e-01
  -4.1280707e-01   1.2489588e-01
   1.1343272e+00  -5.5281255e-02
  -9.5679675e-02  -5.3140213e-01
   1.1797522e+00   8.1008836e-01
  -2.2669111e-01  -1.0942180e-01
  -5.9666592e-01   1.7300920e-01
   1.8902409e+00   1.8269875e+00
  -1.2994199e+00   3.4391653e-01
   9.4702375e-01   5.2888863e-03
  -9.2172447e-01   1.0754204e-01
  -3.7608778e-01  -1.1212960e-02
  -1.4365880e+00   5.1141341e-01
  -1.3976981e-01  -4.8120855e-01
  -1.2091869e+00   4.6257790e-01
  -1.5281235e-01  -1.2455553e+00
   9.8704901e-01   1.9820497e-01
   1.5487726e-02  -2.5146327e-01
  -1.1784697e-01  -2.6567647e-01
  -1.1692299e-01   1.2123399e-02
  -6.1678272e-01   2.6897329e-01
  -4.1676156e-01  -3.3017590e-01
  -7.4884293e-01  -5.8414606e-01
  -9.3853222e-01   6.0715998e-01
   1.2553509e+00   9.0932758e-03
   4.5055838e-01   3.1546525e-01
   5.9580020e-01  -6.4102685e-01
   8.0347107e-01  -2.3011972e-01
   1.3239806e+00   6.7864491e-01
  -4.3034158e-01  -7.0309089e-01
  -2.9738865e-01  -7.3080469e-02
  -3.1111534e-01  -8.2826754e-01
   1.0433352e+00   4.9298543e-01
  -2.1242307e-01  -1.9404161e-01
   1.2542516e+00   5.2498278e-01
   2.1643033e+00   1.4590674e+00
  -4.5135727e-01  -7.4540876e-01
  -3.7949674e-01  -4.0380780e-01
  -1.1468146e+00  -7.3986236e-03
  -1.6356837e-01  -4.4970026e-01
  -5.8851347e-01   1.1983661e-01
  -3.2972098e-01  -7.6067376e-01
  -1.8349090e-01  -4.8611517e-01
  -1.0355865e+00  -1.1622926e-01
  -1.1063042e-01  -6.3278414e-01
  -2.8849701e-01  -9.8359807e-02
  -1.7732401e-01   1.9626375e-01
  -1.1525219e-01  -6.0987211e-01
  -8.8874421e-01   8.6615368e-04
   1.5820633e+00   1.2574005e+00
   7.4704414e-01  -5.8467939e-02
  -1.7421552e-01  -5.0446739e-01
   6.2576157e-01  -1.6122063e-01
  -9.5150983e-01   1.5817010e-01
  -9.8185421e-01  -5.7476687e-01
  -4.0393765e-02  -7.7655822e-01
  -1.5982744e-01  -3.9194134e-01
   6.6118368e+00   7.9400283e+00
  -2.8615757e-01  -4.2104862e-01
  -4.0345464e-01   9.2431930e-02
  -2.2852658e-01  -3.2236968e-01
  -2.4645974e-01  -1.6265357e-01
   7.1397932e+00   9.2693972e+00
  -7.0774752e-02  -1.5944154e-01
  -8.5605463e-01  -6.1346519e-01
  -1.4244450e-01  -8.7809043e-01
  -2.7238691e-01   1.5353041e-01
  -1.1312646e+00  -1.9768363e-01
  -3.5659377e-01  -4.9013534e-01
   1.6542756e-01  -9.6472882e-01
  -2.6374584e-01  -1.3313329e+00
  -3.4938424e-01   1.0867647e-01
  -5.7231970e-01   1.4096518e-01
   1.2811956e+00   9.6337107e-01
  -7.1777975e-01  -3.3947835e-01
  -7.6217486e-01  -4.9757437e-01
  -4.9434494e-01  -3.7021169e-02
  -2.1281795e-01  -5.6509909e-01
  -2.0208878e-01   4.2936364e-01
   3.2828353e+00   4.6925287e+00
  -1.0817421e+00  -8.6665267e-02
   8.5110971e-01  -2.6288333e-01
   5.8685991e-02   1.9369387e-02
  -3.1224914e-01  -8.0619478e-01
  -7.0088984e-01  -1.3212828e-01
  -1.2651903e+00  -8.6824923e-02
  -1.1662073e+00  -7.0785814e-02
  -1.1495593e+00  -7.5713418e-01
  -7.0268981e-01  -3.2235619e-01
  -1.2835881e-01  -1.2922635e+00
  -2.1308680e-01  -9.4966040e-01
  -1.3368438e+00   1.8125687e+00
  -5.8798855e-01   4.5412756e-02
   4.3381545e+00   6.4970930e+00
  -2.8236803e-01   1.0501103e-01
  -8.8633113e-02  -9.4926858e-01
  -1.6920959e-01  -4.1447252e-01
  -2.2335347e-01  -1.3557286e+00
   1.9560063e+00   8.0254961e-01
  -9.9467279e-02  -1.1973766e+00
  -9.8199892e-01  -5.4487868e-02
  -8.5974163e-01  -2.9337340e-01
  -2.9275579e-01   4.1598922e-01
  -4.2946310e-01  -7.0746970e-01
  -1.0671618e-01  -5.7755623e-01
  -1.6726418e-01  -1.0445288e+00
   4.8379550e-02   1.5443690e-03
   6.5376013e-02  -2.1863336e-01
   1.1132101e+00   8.0389085e-01
   6.1898807e-01  -1.1368521e-01
  -3.0685346e-01  -1.7525132e-03
  -9.1608452e-01   7.5122968e-01
  -3.1565729e-01  -9.7550246e-01
  -3.9852981e-01  -1.2923448e+00
   1.6152999e-02  -3.4390775e-01
   1.3044036e+00   8.6957202e-02
  -3.1262154e-01   2.8593881e-01
   2.9940150e-01  -2.7973605e-01
  -1.0945380e+00  -2.4210308e-01
  -1.8094852e-01  -3.1314672e-02
   1.4715993e+00   1.0749787e+00
   1.2300014e+00   1.3170169e+00
   6.7375637e-02   3.4620183e-01
   1.7675131e+00   1.3403489e+00
  -5.0230030e-01  -6.4457140e-01
   1.1549117e+00   2.5747218e-01
  -8.3380850e-01   1.1165184e-01
  -9.6357031e-01   1.2617206e-01
  -3.9891003e-01  -6.2122451e-01
  -9.8504858e-01  -4.8090868e-01
   2.4971728e-01  -1.8995763e-01
  -3.5533463e-01   6.9129551e-02
  -3.7311626e-01  -2.2963897e-01
  -2.6860477e-02   2.5150924e-01
   3.1888588e-01   3.2463525e-01
  -1.2110954e-01  -1.1110640e+00
  -1.6788487e-01  -7.5791942e-01
  -9.9651179e-02   3.2782217e-01
   3.5917845e-02  -4.0927360e-01
  -2.7482617e-01   4.4844577e-02
  -2.9765538e-01  -5.2443479e-01
  -3.4974306e-01  -6.0630768e-01
  -2.2621263e-01  -9.1590965e-01
  -1.6190700e-01  -1.5059483e-01
  -8.6396362e-01  -1.3499072e-01
  -1.2099172e+00   1.3269927e-02
  -9.7661031e-01   9.9741678e-02
  -4.8337322e-01  -3.2021162e-01
  -1.3953079e-01  -6.0335621e-01
  -3.6763662e-01  -1.1154974e+00
   1.0879803e+00   2.2177990e-01
   2.6528355e+00   3.1307319e+00
  -7.5754295e-01  -3.4665738e-02
   5.3873826e-01   1.6317699e-01
  -2.0101508e-01  -9.1729417e-01
  -7.5194016e-01  -7.6242998e-01
   1.8197035e-02  -8.2416569e-02
  -9.6475961e-01  -1.9355048e-01
  -1.1401823e+00  -2.4562246e-01
  -6.4893384e-01  -3.7732533e-01
  -5.1787543e-01   1.8218625e-01
   8.9210106e-03   8.2726448e-02
   1.9320225e+00   2.0133578e+00
  -7.7811350e-01   3.0959435e-02
   2.0457115e-02  -1.6137326e-01
  -1.0051431e+00  -6.6723779e-01
  -3.0580328e-01   3.4098442e-01
   9.7082990e-01  -1.3047685e-01
  -6.8671483e-01   2.7426351e-01
  -3.1317630e-02  -1.4259592e-01
  -1.8300279e-01  -3.6367481e-01
  -1.2288013e-01  -8.6271291e-01
  -1.3118672e-01  -8.4389895e-02
  -2.2513072e-01  -1.1277237e-01
  -5.4127988e-02  -9.0041762e-01
  -1.7552447e-01  -8.7473404e-01
  -7.2904235e-01  -3.9191665e-01
  -5.7521270e-01  -6.2062876e-01
  -1.4725891e-01   3.2684252e-01
  -1.2986885e-01   3.5706696e-01
  -1.1081775e-01  -5.2495292e-01
   1.4587789e+00   1.2025295e+00
  -3.6826205e-01   1.3814720e-02
  -4.6258401e-01  -6.3918953e-01
  -2.4833865e-01  -1.7829825e-01
  -8.3199592e-01  -4.3998523e-01
  -9.5393234e-01  -3.4183051e-01
   1.5841834e+00   2.3103394e-01
  -1.1492385e+00   4.4276208e-02
   1.6923054e+00   8.6893279e-01
  -1.1190389e+00  -5.2800750e-01
  -7.1424379e-01  -6.5059459e-01
  -4.6612873e-01   5.1673292e-01
  -9.2937729e-02  -7.0441327e-01
   1.6961339e+00   1.0750618e+00
  -1.3415677e-01  -9.6343697e-01
  -1.6873717e-01  -2.4002257e-01
   1.4314156e+00   9.6801364e-01
   9.3817627e-01   1.6273483e-01
  -7.2915340e-01   2.6218529e-01
   6.5213846e-02  -4.3055217e-01
   7.4932969e-01   5.0679385e-01
  -3.2416981e-01  -6.6839938e-01
  -1.0279612e+00  -6.6290620e-01
  -9.6713892e-01  -3.2019176e-01
  -1.3763179e-01  -9.4000214e-01
  -2.0359956e-01  -6.9105233e-01
  -4.2716140e-01  -2.7775175e-01
  -1.2534817e-01  -9.7910359e-01
  -9.4752305e-01  -1.8032354e-01
  -9.3411208e-02  -4.2630456e-01
  -3.1260676e-01   2.5478550e-02
  -2.8370404e-01  -4.3676147e-01
   1.3974294e+00   4.9650415e-01
  -3.5972872e-01   2.3265531e-01
  -1.8943708e-01  -2.2085057e-01
  -1.6298400e-01  -2.7085034e-01
  -2.7102408e-01  -4.1617927e-02
   1.3414008e+00   8.5129182e-01
  -3.9565590e-01  -4.8959745e-01
  -8.2905179e-01   9.6318206e-02
  -3.6503255e-01  -3.6900911e-01
  -6.4515215e-01  -2.4198490e-01
   8.8032509e-03  -1.0109600e+00
  -3.5884228e-01  -5.5276268e-01
  -1.2578458e+00   3.1540452e-01
  -2.3398720e-01  -5.0995787e-02
  -1.0017446e+00  -4.5857184e-01
   1.5351458e+00   4.7112492e-01
  -3.1297847e-01  -6.4745009e-01
  -3.7830420e-02  -1.3295792e-01
  -5.7598138e-01  -5.3849845e-01
  -3.5796228e-01  -4.4897056e-01
  -9.3717843e-01  -6.9149626e-01
  -6.9728654e-01   4.6464689e-02
  -2.5368190e-01   4.8093665e-01
  -3.3982170e-01  -8.2654710e-02
  -8.1000936e-01  -5.2715021e-01
  -1.7881696e-01  -2.9711159e-01
   8.4982018e-01  -1.1149849e+00
   1.3043697e+00   2.1063337e+00
   1.0294689e+00   4.4758198e-01
  -1.4908222e-01  -9.0319049e-01
  -1.9222064e-01  -5.4221514e-01
  -5.5488633e-02  -8.5196453e-01
  -8.8902037e-01   2.6446425e-01
   4.7917804e-02   3.4304151e-01
  -1.5683062e-01  -4.3920146e-01
   1.1625081e+00   8.6755711e-01
   2.5456435e+00   2.6630237e+00
   1.3481600e+00  -4.0645888e-01
  -3.9638952e-01  -2.0467380e-01
   2.0054401e+00   1.7736381e+00
  -5.0221726e-01  -8.6445744e-01
  -4.4855886e-01   3.1140356e-02
  -2.0998251e-01  -1.0244900e+00
  -2.9184723e-01  -1.1076096e+00
  -2.6303083e-01  -4.8504710e-01
  -8.6259967e-02  -4.2653685e-01
  -2.3988105e-01  -1.0707645e+00
  -4.2029870e-01  -1.1972843e-01
  -2.0550651e-01  -7.3639015e-01
  -4.3440372e-01   5.7289955e-01
  -4.0081322e-02   5.0580279e-02
  -8.8393581e-01  -2.8313375e-01
   1.0715216e+00  -1.7284992e-01
  -4.2118855e-01  -5.5025934e-01
   7.9501993e-01   3.9725691e-01
   6.2688276e-01   3.5860889e-01
  -2.7698367e-01  -1.7471544e-01
  -1.8123062e-01   7.0602252e-02
  -3.0048496e-01  -1.5731332e-02
   1.9573486e+00   1.2489881e+00
  -3.3990239e-01  -2.4546891e-01
  -4.3285519e-02  -2.8672732e-01
  -1.1708512e+00  -2.6594900e-01
   2.3587854e+00   1.8416446e+00
  -1.0777475e+00   1.4376656e-01
   5.0275825e-01  -1.9343893e-01
  -6.8390278e-01   2.2511280e-01
   1.8650929e+00   2.7704079e+00
  -2.6046935e-01  -4.8604666e-02
   3.1688964e+00   3.7162877e+00
   2.8906841e-02  -6.9916791e-01
  -2.1548159e-01  -3.4901128e-01
   4.9606350e+00   6.6583092e+00
   7.0816999e-01  -5.3743658e-01
  -4.4750505e-02   2.9356018e-01
   1.6771562e+00   1.2081463e+00
  -2.6642609e-01   4.2326067e-01
   3.2258235e+00   4.3871377e+00
  -3.3465487e-01  -7.8154177e-01
  -1.1211391e+00  -1.2447170e-01
   1.7013489e+00   4.0633744e-01
   1.4483194e+00   6.5884055e-01
  -1.2547244e-01  -2.6436520e-01
  -4.2919317e-01   4.1990702e-01
  -5.3399471e-01   4.5119064e-01
  -3.2319629e-01  -5.3177207e-01
  -3.2804965e-01  -5.8027237e-01
  -4.8455782e-01  -2.2759440e-01
  -2.1826391e-01  -1.4055718e-01
  -8.6433756e-02   5.5750481e-02
   1.5484212e+00   4.2031719e-01
   1.1566359e+00  -2.4442936e-01
   1.9614347e+00   1.8255679e+00
  -4.2189379e-01  -3.6009920e-02
   6.6399541e-01  -3.1676115e-01
   1.7448186e+00   2.1864270e+00
  -1.5079891e-01   4.5768692e-03
  -3.3525837e-01  -6.3144956e-01
  -4.2634231e-01  -4.6072938e-01
   2.6991241e-02  -1.1827269e+00
  -5.8080116e-01  -5.2689902e-01
  -1.1423074e+00  -5.3781581e-01
  -3.0638778e-01  -6.4512432e-01
  -8.7089026e-01   7.9575061e-02
   1.4065293e+00  -2.4061203e-01
  -2.7957581e-01  -3.8653167e-01
  -3.8888487e-01  -1.6113311e-01
  -1.9531301e-01  -8.1454513e-01
   3.2117127e+00   4.7424179e+00
  -3.2121839e-01  -8.5540594e-01
  -7.0291341e-01   2.5102716e-01
   7.4532139e-02  -6.4635599e-01
  -2.5650474e-01  -4.4091472e-01
   1.1085101e+00  -1.0499362e-02
  -1.8447698e-01  -7.8632769e-01
   1.6699408e+00   1.4712491e+00
   6.1634698e+00   8.1141492e+00
  -2.6918141e-01  -9.5827366e-01
   2.9158451e-02  -6.8287275e-01
   8.1241926e-01   2.8363655e-01
  -2.2970187e-01  -1.0231366e+00
  -8.5826787e-01  -1.0990931e-01
  -3.7490977e-01  -6.9162711e-01
   2.4142639e+00   2.3736248e+00
  -1.0656401e+00  -1.0140844e+00
  -1.2008305e-01   1.4172815e-01
   7.7425347e-02   4.9359863e-02
  -2.2950792e-01   3.4910754e-03
  -8.4559660e-01  -2.9656925e-01
  -3.0565163e-01  -6.0901370e-01
   4.1170975e-03  -3.5403215e-01
  -8.1377527e-01  -3.6350596e-01
   1.2422901e+00   9.3138102e-01
  -2.5110214e-01  -4.8484497e-01
  -8.4585921e-01  -6.8763247e-01
   7.5323885e-01   4.8528315e-01
  -4.6370698e-01  -7.3426225e-02
  -2.9510652e-01  -3.2335349e-01
  -1.3568366e+00  -1.1947538e-02
  -1.6849380e-01  -3.1085504e-01
  -2.7436390e-01   4.4709812e-02
  -2.0890819e-01  -4.1039315e-01
  -1.1080221e+00  -7.9362049e-01
   1.6010937e-01  -1.9007460e-01
  -4.2572118e-01  -7.9631040e-01
   2.8168959e+00   3.2258805e+00
  -1.6717688e-01  -4.3214699e-01
  -1.2465628e+00  -6.2117112e-01
  -2.9379404e-01  -2.1405942e-01
   1.8456395e+00   4.7692850e-01
  -2.5405210e-01  -3.9040859e-01
   1.4563855e+00   7.6125222e-01
  -7.1245164e-02  -4.8204593e-01
  -9.6852549e-01  -1.0213843e-01
  -4.3162724e-02  -3.7805582e-01
   6.9507327e-01   3.0373830e-02
  -8.7444641e-02  -1.0458404e-01
  -4.1424781e-01  -2.7056602e-01
  -1.8781768e-01  -2.6213001e-01
  -6.1386384e-01  -5.5259703e-01
   2.0641567e+00   1.6732067e+00
  -3.7778321e-01  -5.5557872e-01
   1.1118961e+00   4.0953098e-01
  -1.7417369e-01   1.9983051e-01
  -1.1267650e+00  -1.6766908e-01
  -7.8286153e-04   2.4919262e-01
  -3.9579167e-01  -5.0146599e-01
   1.8702814e+00   1.6825930e+00
  -1.0196345e+00  -7.4734990e-01
  -2.8437437e-01  -4.2223266e-01
  -6.8661355e-01  -1.9584964e-01
  -4.6525189e-01  -4.0522973e-01
   2.1301914e+00   1.3197953e+00
  -2.7755182e-01   7.6495921e-02
  -6.5558080e-01  -7.2035444e-01
  -3.4737818e-01  -3.4617099e-01
  -8.6072652e-01  -6.1732555e-02
  -4.2734029e-01  -5.3118806e-01
  -6.4853435e-01  -2.9277911e-01
  -4.1754545e-03  -1.3076472e+00
  -8.4824439e-01  -1.1016045e+00
  -4.9154608e-01  -5.1713126e-01
  -2.7888831e-01   1.2724167e-02
  -4.2889997e-01   6.5321680e-01
  -3.4465268e-01  -6.7110012e-01
  -4.2390381e-01  -2.5760027e-01
  -4.0008909e-01  -1.1463882e+00
  -2.8722409e-01  -6.9739647e-01
  -4.0774915e-02  -5.6546237e-01
  -7.8341773e-02  -4.3150615e-01
  -5.9416265e-01   8.2847383e-02
  -4.9357740e-01  -4.3315581e-01
  -1.5590280e-01  -1.2320008e-01
   7.1192243e-01   4.2120354e-01
   1.0490238e+00   3.4789045e-01
  -3.9937826e-01  -1.1541075e+00
  -3.7287216e-01  -5.1658027e-01
  -4.5506791e-01   1.1702644e-01
   9.7922997e-01   2.5751590e-01
  -2.6750679e-01  -1.9191222e+00
  -5.0432034e-01  -1.2983646e-01
  -8.3165595e-01  -8.4290036e-02
   1.2354500e+00  -2.3397424e-01
  -7.9763988e-03  -1.8791889e-01
  -2.1843452e-01  -3.4914506e-01
  -1.8833357e-01  -4.9531458e-03
  -2.5156085e-01  -6.7172136e-02
  -1.0147577e-01  -1.1964993e+00
   8.2760793e-01   2.8700796e-01
  -5.7214725e-01  -1.0272995e+00
  -1.9957645e-01  -9.0028180e-01
  -2.8289117e-01  -7.0498482e-02
  -1.9554279e-01  -3.0451484e-01
  -1.0274823e+00  -3.2759810e-04
   1.3067926e+00   6.7856810e-01
  -2.2356800e-01  -4.7890807e-01
  -5.9204767e-01  -4.7161627e-01
  -7.4399693e-01  -2.4026513e-01
  -3.5669301e-01  -9.7869454e-01
   6.7950436e-01  -3.9477911e-01
  -1.4283523e-01  -6.7847127e-01
  -1.4108296e-01  -6.3506765e-01
   1.2081892e+00   4.9839644e-01
   1.6226352e+00   9.0506850e-01
  -6.7377394e-01  -6.7435574e-01
  -1.1028584e+00  -2.7846675e-01
   2.6251167e-01  -2.7813425e-01
  -2.6552954e-01  -9.4171450e-02
  -6.8368336e-02  -6.9498969e-01
  -1.9713924e-01  -3.2638116e-01
  -7.3935149e-01  -1.3946681e-01
  -9.0447713e-01  -2.6318572e-01
  -2.8103164e-01  -4.8941286e-01
  -9.5344902e-01  -5.4181167e-01
  -3.3307558e-01  -4.9848552e-01
  -6.2414987e-02  -1.3755327e-01
  -6.6014951e-01  -1.2418889e+00
  -9.3240098e-02  -5.3435376e-02
   9.7926876e-01  -3.4969198e-01
  -2.4456697e-01  -1.8093477e-01
  -2.7913944e-01  -5.0820977e-01
  -3.1750575e-01   1.5771022e-01
   7.1009065e-01  -2.3418662e-01
   3.4140573e-02   1.6417843e-02
  -2.9955417e-01  -4.4162222e-01
  -3.7044643e-01  -4.6044007e-01
  -2.6395166e-01   3.8711864e-01
  -1.1286978e-01  -7.0853512e-01
  -2.6693279e-01   8.8141668e-02
  -7.5871791e-01   4.4019876e-01
  -8.1722011e-01   1.0491572e-02
   1.3849733e+00   1.1228281e+00
  -6.1800438e-01  -7.2396212e-01
   8.3614905e-01   7.9515320e-01
  -8.6102255e-01   6.9367725e-01
  -4.2519519e-01  -1.8140093e-01
   2.6266070e+00   2.6677520e+00
  -4.4429933e-01  -3.8799959e-01
  -1.0227271e+00   3.9422022e-01
  -1.1185756e+00   1.2730991e-01
  -3.7653429e-01   3.4370919e-01
   3.7751688e-01   5.8474021e-01
  -3.3383422e-01  -9.5746744e-01
  -1.5869793e-01  -3.7198190e-01
  -2.1290472e-01  -3.6989095e-01
   1.3081604e+00   4.4533739e-01
  -2.6182780e-01  -8.6058106e-01
  -1.2893979e+00  -4.6928389e-01
  -1.2883382e+00  -3.7567881e-01
   2.1569079e+00   1.6146182e+00
  -3.6425796e-01   5.1946607e-02
   2.4445180e-01   7.3800930e-01
   4.8527448e+00   6.3001866e+00
  -1.4560127e+00  -5.0490880e-01
   5.5941514e-01   1.0827706e-01
  -8.5351843e-01   5.5882324e-01
  -2.1627195e-02  -3.8275041e-01
  -5.8244572e-01  -1.0277754e+00
  -1.1651432e+00  -1.4050104e-01
  -7.3010954e-01  -1.0105092e-01
  -4.1314552e-01  -3.8392174e-01
  -2.4026091e-01  -3.9530071e-01
  -2.2653669e-01   2.4945207e-01
   1.6360775e+00   4.7791522e-01
  -1.5773266e-01   1.1930250e-01
   5.0128541e+00   7.0571952e+00
   9.1669970e-01  -1.3709580e-01
  -2.0844289e-01  -9.2006870e-01
  -1.9213439e-01   1.9721313e-02
  -7.2369936e-01  -1.9664606e-01
  -1.0419153e+00  -1.8637907e-01
  -8.7018954e-02  -9.1512999e-01
   2.0108004e+00   1.5902871e+00
  -6.6397343e-01  -2.8464211e-01
  -1.2854875e-01  -4.8368403e-01
  -4.0384608e-01  -7.0634919e-01
  -1.1758967e+00  -3.5279203e-01
  -9.1091656e-01  -1.3508666e-02
  -2.0330733e-01  -6.0858063e-01
  -2.3213597e-01  -2.8869389e-01
   4.9149774e+00   7.6281753e+00
  -3.0424636e-01  -6.3345713e-01
  -1.3993068e-01  -3.0005794e-01
  -4.9024257e-01  -4.5074273e-01
  -7.7916574e-01   2.9732663e-01
  -4.0413913e-01   5.3611772e-01
  -8.8083739e-01  -3.9060652e-02
  -8.8709729e-01   5.1555168e-02
  -1.1664043e+00  -3.9246287e-01
  -1.4349598e-01  -5.4343852e-01
  -2.6922013e-01  -2.7918928e-01
  -6.7875442e-01  -3.7036781e-01
  -1.5594917e-01  -5.6530680e-01
  -6.9139594e-01  -2.6980863e-01
   1.3143651e+00   4.5986246e-01
  -2.3340140e-01  -8.0345230e-01
  -1.0165848e+00   8.8680769e-01
  -6.4809808e-01  -2.2605529e-01
  -3.2362883e-01   5.0333764e-02
  -1.6561079e-02  -5.3490026e-01
   1.4500152e+00   4.5470781e-01
  -8.0925740e-01  -7.6644927e-01
  -3.0331838e-02  -2.6229082e-01
  -4.9266259e-01  -3.1412035e-01
  -3.9693863e-01  -3.9615606e-01
   1.5490981e+00   1.0123460e+00
  -1.2305052e+00   1.5067592e-01
   1.4337827e+00   9.7088565e-01
  -3.6682892e-01   1.6551502e-01
  -3.1175752e-01   7.5055399e-02
  -1.6390000e-01  -5.1545528e-01
   7.0800332e-01  -4.4646857e-01
  -6.9865074e-02   3.8157884e-01
  -5.2493091e-01  -1.1200442e+00
  -9.7539700e-01   5.2164863e-01
  -3.8743375e-01  -7.1460212e-01
  -3.8954357e-01  -7.2586724e-01
  -1.7905855e-03   3.0498995e-01
  -8.1715958e-01  -4.6396111e-01
   1.8732644e+00   1.9243081e+00
  -5.5896891e-01  -6.6023827e-01
  -7.9833609e-01  -1.6945432e-01
  -4.8450618e-01  -4.1297589e-01
  -4.4213482e-02   4.9439811e-02
   1.3566297e+00   1.5484542e+00
  -1.4860380e-01  -8.7519551e-01
  -2.0886036e-01   6.6159753e-01
   2.5843490e+00   1.9618550e+00
  -1.2615668e+00  -3.3017752e-01
  -7.0500351e-01  -1.4529375e-01
   2.3873127e+00   2.4713344e+00
   8.6431111e-01   1.4515716e-02
  -2.4251428e-01  -5.0115549e-01
  -4.3318763e-01   1.9212806e-01
  -1.0078158e+00  -1.0192560e+00
  -4.0196837e-01  -2.4131675e-01
  -1.1381187e+00   9.0833452e-01
  -2.6968216e-01  -2.9324661e-01
  -7.8184715e-01  -1.3386311e+00
  -6.2082415e-01   2.7638437e-01
  -3.8874132e-01  -7.1186862e-01
  -4.2181231e-01  -7.8247287e-01
  -9.9792335e-01  -5.3317811e-01
  -3.1077880e-01  -1.0662192e+00
  -6.1295522e-01   1.0596148e-01
   8.0937208e-01  -2.7091225e-01
  -3.8725771e-01  -6.4968605e-01
   1.8259344e-02   9.4148312e-01
  -1.0255102e+00   5.4214473e-02
  -2.2196985e-01   3.2916952e-02
  -2.2862333e-01  -9.6574104e-02
  -4.6315723e-01  -5.3084618e-01
  -1.1188532e-01   2.9294453e-02
  -7.4633100e-01  -5.8193910e-03
  -3.1388002e-01  -6.2896185e-01
  -2.5968949e-01  -4.5328023e-01
  -3.4362112e-01  -4.4384274e-01
  -9.7599747e-01  -1.2810900e-01
  -1.1954119e-01  -3.8653443e-01
   1.6360310e+00   9.6578311e-01
  -2.4860831e-01  -1.0552801e+00
  -7.2422591e-01   1.8726648e-01
  -1.0526492e+00  -8.7872033e-01
  -8.8447855e-02  -1.7409013e-01
  -1.1377923e+00   1.5801452e+00
  -6.3576339e-01  -1.8369252e-01
  -2.0135132e-01  -1.2422701e+00
  -1.9735923e-01  -8.8102210e-01
  -1.2153598e-01  -9.4725121e-01
  -4.8223930e-01  -1.6401330e-02
  -3.3652202e-01  -5.1808616e-01
  -4.8417050e-02   5.3250136e-01
  -1.3562818e-01  -5.2656534e-01
  -9.8392830e-02  -5.1094076e-01
   2.5828051e-02  -5.9125206e-01
   1.8011616e+00   8.1544594e-01
   4.4171033e-01   1.1296834e-01
  -3.7929960e-01  -1.1611771e-01
  -5.5134243e-01  -7.2721131e-01
  -4.4879646e-01   1.2646810e-01
   1.1124141e+00   9.6012061e-01
   4.1255154e-01   3.8137510e-02
  -1.2674598e-01  -6.9019706e-01
  -3.4846982e-01   1.1704142e-01
  -4.9273102e-01  -5.5601079e-01
  -5.8183880e-01   4.4414048e-01
  -9.5377151e-01  -2.5041429e-01
  -2.0272835e-02   3.2345863e-01
  -1.5100466e-01  -3.2042512e-01
   6.4181406e-01  -6.0635670e-01
  -2.4863970e-01  -1.2882576e+00
   8.8017245e-02  -4.0064631e-01
  -5.6148806e-01  -1.7795705e-02
  -2.3786872e-01  -2.7976578e-01
   4.6263763e-01  -4.5715623e-01
