1.720000000000000000e+02
4.520000000000000000e+02
4.380000000000000000e+02
4.460000000000000000e+02
6.640000000000000000e+02
1.210000000000000000e+02
5.280000000000000000e+02
1.190000000000000000e+02
6.570000000000000000e+02
2.890000000000000000e+02
1.160000000000000000e+02
4.820000000000000000e+02
3.580000000000000000e+02
6.650000000000000000e+02
2.420000000000000000e+02
2.980000000000000000e+02
4.800000000000000000e+02
5.110000000000000000e+02
1.880000000000000000e+02
4.870000000000000000e+02
3.570000000000000000e+02
5.430000000000000000e+02
7.480000000000000000e+02
5.010000000000000000e+02
2.160000000000000000e+02
1.430000000000000000e+02
4.720000000000000000e+02
5.730000000000000000e+02
8.900000000000000000e+01
4.490000000000000000e+02
3.560000000000000000e+02
4.200000000000000000e+01
7.520000000000000000e+02
2.580000000000000000e+02
1.250000000000000000e+02
3.140000000000000000e+02
2.700000000000000000e+01
5.700000000000000000e+02
2.940000000000000000e+02
1.360000000000000000e+02
1.500000000000000000e+02
2.180000000000000000e+02
5.040000000000000000e+02
6.720000000000000000e+02
1.110000000000000000e+02
9.500000000000000000e+01
7.060000000000000000e+02
7.350000000000000000e+02
2.900000000000000000e+01
3.690000000000000000e+02
4.680000000000000000e+02
1.810000000000000000e+02
5.370000000000000000e+02
1.490000000000000000e+02
2.070000000000000000e+02
2.730000000000000000e+02
6.400000000000000000e+01
8.000000000000000000e+01
5.810000000000000000e+02
1.200000000000000000e+01
5.480000000000000000e+02
2.260000000000000000e+02
6.790000000000000000e+02
3.950000000000000000e+02
1.100000000000000000e+01
2.010000000000000000e+02
3.720000000000000000e+02
5.100000000000000000e+01
3.390000000000000000e+02
3.820000000000000000e+02
4.900000000000000000e+02
3.300000000000000000e+02
1.730000000000000000e+02
8.800000000000000000e+01
7.230000000000000000e+02
5.870000000000000000e+02
3.800000000000000000e+01
5.490000000000000000e+02
4.530000000000000000e+02
1.990000000000000000e+02
5.330000000000000000e+02
6.670000000000000000e+02
4.310000000000000000e+02
5.170000000000000000e+02
5.500000000000000000e+01
6.510000000000000000e+02
7.290000000000000000e+02
7.360000000000000000e+02
2.650000000000000000e+02
5.940000000000000000e+02
4.620000000000000000e+02
3.230000000000000000e+02
3.810000000000000000e+02
4.100000000000000000e+01
7.500000000000000000e+02
7.380000000000000000e+02
5.510000000000000000e+02
6.490000000000000000e+02
2.020000000000000000e+02
2.790000000000000000e+02
1.300000000000000000e+01
2.800000000000000000e+02
3.850000000000000000e+02
5.220000000000000000e+02
1.500000000000000000e+01
