1359
1879
227
1917
1959
91
1839
61
1021
653
983
297
1289
749
889
287
1761
1212
1106
1410
583
1365
1821
1683
1121
1454
951
1571
812
1756
702
1534
1779
1744
1643
1361
1032
1347
349
1145
1674
291
621
1442
1949
247
1320
90
463
1874
1075
1861
151
845
1778
1395
1072
624
1041
616
248
1594
246
1318
1922
1099
158
1645
822
161
1727
1185
78
215
959
883
641
128
577
41
913
1501
1205
642
942
4
25
367
284
1728
1340
1760
1884
546
817
824
365
700
442
1451
70
1945
1991
1817
27
279
1526
1924
1537
1497
1011
1018
120
503
1296
116
334
1750
1560
892
1754
1342
1137
645
823
1027
1885
737
292
1782
664
1159
1349
969
1049
338
1798
568
1564
1307
964
245
1523
1934
1323
1866
548
317
825
1613
421
1133
101
207
1013
1203
1314
1322
1723
1684
62
152
1657
880
1311
1489
613
1663
497
1354
383
402
843
1587
633
765
1899
322
675
1826
927
125
726
662
208
1351
150
1339
1588
1681
325
1735
64
1285
1112
931
240
1848
1542
1385
1632
188
881
214
631
508
1150
1797
1482
1591
1248
934
298
320
1577
1706
138
1700
1039
523
446
965
1548
1994
935
1941
13
405
346
1619
357
1435
1881
559
1535
331
458
1144
1488
1956
1985
15
1425
1927
1492
351
1908
788
1511
42
234
550
1376
764
478
658
1906
1527
586
230
1838
88
294
1375
877
53
115
1747
558
1167
1649
461
628
1710
1496
1096
748
741
1029
1614
1849
850
693
862
1697
1053
1805
587
904
1682
1790
462
136
1478
1568
1580
139
560
878
1197
