7.000000000000000000e+00
1.580000000000000000e+02
1.760000000000000000e+02
1.200000000000000000e+01
6.400000000000000000e+01
2.070000000000000000e+02
2.270000000000000000e+02
2.590000000000000000e+02
2.500000000000000000e+01
2.040000000000000000e+02
7.200000000000000000e+01
2.510000000000000000e+02
3.300000000000000000e+01
2.130000000000000000e+02
2.370000000000000000e+02
1.390000000000000000e+02
7.700000000000000000e+01
3.800000000000000000e+01
1.840000000000000000e+02
2.420000000000000000e+02
1.540000000000000000e+02
2.200000000000000000e+01
8.500000000000000000e+01
2.570000000000000000e+02
1.850000000000000000e+02
3.000000000000000000e+00
1.420000000000000000e+02
2.560000000000000000e+02
1.490000000000000000e+02
1.710000000000000000e+02
