5.690000000000000000e+02
1.190000000000000000e+02
1.600000000000000000e+01
1.000000000000000000e+02
3.450000000000000000e+02
6.590000000000000000e+02
4.100000000000000000e+01
5.710000000000000000e+02
4.380000000000000000e+02
6.260000000000000000e+02
1.700000000000000000e+02
5.220000000000000000e+02
1.990000000000000000e+02
6.400000000000000000e+02
7.500000000000000000e+01
7.800000000000000000e+01
7.240000000000000000e+02
6.300000000000000000e+02
2.130000000000000000e+02
2.820000000000000000e+02
2.040000000000000000e+02
5.250000000000000000e+02
6.340000000000000000e+02
4.200000000000000000e+02
1.090000000000000000e+02
3.520000000000000000e+02
6.520000000000000000e+02
6.420000000000000000e+02
8.000000000000000000e+00
1.170000000000000000e+02
4.000000000000000000e+00
4.950000000000000000e+02
3.700000000000000000e+02
4.570000000000000000e+02
5.100000000000000000e+02
4.660000000000000000e+02
4.350000000000000000e+02
5.000000000000000000e+01
3.460000000000000000e+02
5.480000000000000000e+02
3.310000000000000000e+02
6.720000000000000000e+02
7.060000000000000000e+02
1.230000000000000000e+02
6.300000000000000000e+01
2.200000000000000000e+01
6.410000000000000000e+02
1.420000000000000000e+02
3.620000000000000000e+02
2.530000000000000000e+02
4.710000000000000000e+02
4.850000000000000000e+02
5.490000000000000000e+02
7.100000000000000000e+01
9.100000000000000000e+01
4.530000000000000000e+02
2.140000000000000000e+02
5.200000000000000000e+01
4.840000000000000000e+02
2.810000000000000000e+02
6.150000000000000000e+02
1.110000000000000000e+02
3.880000000000000000e+02
9.200000000000000000e+01
1.200000000000000000e+01
1.500000000000000000e+02
2.570000000000000000e+02
2.490000000000000000e+02
1.360000000000000000e+02
4.450000000000000000e+02
6.940000000000000000e+02
9.600000000000000000e+01
5.440000000000000000e+02
3.000000000000000000e+02
7.280000000000000000e+02
5.550000000000000000e+02
6.000000000000000000e+00
4.800000000000000000e+01
4.430000000000000000e+02
2.900000000000000000e+02
1.800000000000000000e+02
3.440000000000000000e+02
5.910000000000000000e+02
6.890000000000000000e+02
7.080000000000000000e+02
5.150000000000000000e+02
4.000000000000000000e+01
4.920000000000000000e+02
3.580000000000000000e+02
3.710000000000000000e+02
4.510000000000000000e+02
6.690000000000000000e+02
5.520000000000000000e+02
2.600000000000000000e+01
6.440000000000000000e+02
3.060000000000000000e+02
5.860000000000000000e+02
2.800000000000000000e+01
1.790000000000000000e+02
6.280000000000000000e+02
1.100000000000000000e+01
5.610000000000000000e+02
4.640000000000000000e+02
3.840000000000000000e+02
3.300000000000000000e+02
