1.406583190902484626e+00 -3.274557136424161019e-02
-1.996388572853557142e-01 -5.176446382327009044e-01
-1.151008547491536027e-01 -6.792776605221872988e-01
-1.045018882647376968e+00 -5.176446382327009044e-01
-3.056285221295147736e-02 -2.618873927996024253e+00
-2.841768598215578256e-01 1.288874509252448120e-01
-6.223288699663662715e-01 -1.810708816548592281e+00
1.660197198511090821e+00 -1.943785936537280323e-01
1.744735201047292961e+00 1.906850696109595455e+00
-2.841768598215578256e-01 1.583584651530622667e+00
5.397515032325064105e-02 1.288874509252448120e-01
1.998349208655899378e+00 6.137865177937040784e-01
2.167425213728303657e+00 -1.002543705101160088e+00
1.491121193438686543e+00 -3.274557136424161019e-02
-1.996388572853557142e-01 9.370525623726769782e-01
-1.996388572853557142e-01 1.288874509252448120e-01
-3.056285221295147736e-02 -3.427039039443456669e+00
-1.151008547491536027e-01 -1.943785936537280323e-01
-5.377908674301641323e-01 1.260318606951649878e+00
1.406583190902484626e+00 9.370525623726769782e-01
6.457411680766654838e-01 1.421951629241136272e+00
-3.687148623577599649e-01 6.137865177937040784e-01
1.491121193438686543e+00 1.745217673820109061e+00
6.457411680766654838e-01 -1.943785936537280323e-01
8.148171731490696512e-01 2.905204732147312341e-01
-9.604808801111748284e-01 -5.176446382327009044e-01
1.998349208655899378e+00 7.754195400831904728e-01
3.921271604680591216e-01 1.583584651530622667e+00
2.251963216264505796e+00 2.097039620699880091e-01
-4.532528648939620486e-01 2.905204732147312341e-01
-9.604808801111748284e-01 -1.164176727390646482e+00
-4.532528648939620486e-01 1.583584651530622667e+00
9.838931782214739297e-01 4.521534955042176840e-01
-3.056285221295147736e-02 -1.002543705101160088e+00
1.385131528594527595e-01 2.905204732147312341e-01
1.068431180757676069e+00 2.905204732147312341e-01
-5.377908674301641323e-01 -3.560116159432144545e-01
1.913811206119697239e+00 -3.274557136424161019e-02
-6.223288699663662715e-01 -6.792776605221872988e-01
3.075891579318569824e-01 9.370525623726769782e-01
1.237507185830080347e+00 1.583584651530622667e+00
1.744735201047292961e+00 3.038281852136000438e+00
5.612031655404633446e-01 -6.792776605221872988e-01
-7.068668725025684108e-01 -5.176446382327009044e-01
-3.687148623577599649e-01 -1.325809749680133098e+00
-9.604808801111748284e-01 -1.943785936537280323e-01
-1.996388572853557142e-01 -5.176446382327009044e-01
-9.604808801111748284e-01 6.137865177937040784e-01
-6.223288699663662715e-01 -1.810708816548592281e+00
-2.841768598215578256e-01 -5.176446382327009044e-01
2.082887211192101518e+00 1.421951629241136272e+00
7.302791706128676230e-01 -5.176446382327009044e-01
-1.045018882647376968e+00 -1.810708816548592281e+00
6.457411680766654838e-01 -3.560116159432144545e-01
-1.996388572853557142e-01 1.260318606951649878e+00
8.993551756852717904e-01 7.754195400831904728e-01
-9.604808801111748284e-01 -6.792776605221872988e-01
4.766651630042612053e-01 -3.274557136424161019e-02
2.230511553956548709e-01 -8.409106828116736931e-01
-7.914048750387705500e-01 -1.164176727390646482e+00
7.302791706128676230e-01 -5.176446382327009044e-01
-1.151008547491536027e-01 1.288874509252448120e-01
3.921271604680591216e-01 1.260318606951649878e+00
1.744735201047292961e+00 1.583584651530622667e+00
-7.068668725025684108e-01 -5.176446382327009044e-01
-5.377908674301641323e-01 1.017869073517420064e+00
-4.532528648939620486e-01 -5.176446382327009044e-01
-6.223288699663662715e-01 -6.792776605221872988e-01
7.302791706128676230e-01 1.421951629241136272e+00
-8.759428775749726892e-01 1.098685584662163262e+00
-9.604808801111748284e-01 2.097039620699880091e-01
-9.604808801111748284e-01 -1.972341838838078676e+00
6.457411680766654838e-01 4.521534955042176840e-01
-5.377908674301641323e-01 -3.274557136424161019e-02
-7.914048750387705500e-01 -5.176446382327009044e-01
-9.604808801111748284e-01 -2.295607883417051465e+00
2.230511553956548709e-01 4.521534955042176840e-01
-9.604808801111748284e-01 -5.984611493774441016e-01
3.075891579318569824e-01 2.876648829846514044e+00
-5.377908674301641323e-01 1.288874509252448120e-01
9.838931782214739297e-01 -3.274557136424161019e-02
-6.223288699663662715e-01 -3.560116159432144545e-01
8.148171731490696512e-01 -1.943785936537280323e-01
-7.914048750387705500e-01 -3.560116159432144545e-01
-1.045018882647376968e+00 -1.406626260824876296e+00
5.397515032325064105e-02 6.137865177937040784e-01
7.302791706128676230e-01 4.521534955042176840e-01
2.251963216264505796e+00 -3.274557136424161019e-02
-1.045018882647376968e+00 7.754195400831904728e-01
5.612031655404633446e-01 -3.274557136424161019e-02
-7.914048750387705500e-01 -8.409106828116736931e-01
-9.604808801111748284e-01 -1.972341838838078676e+00
-8.759428775749726892e-01 -1.810708816548592281e+00
-1.996388572853557142e-01 1.421951629241136272e+00
-3.056285221295147736e-02 -3.274557136424161019e-02
-9.604808801111748284e-01 -1.002543705101160088e+00
-1.045018882647376968e+00 1.906850696109595455e+00
-7.914048750387705500e-01 -3.274557136424161019e-02
-5.377908674301641323e-01 -5.984611493774441016e-01
-1.045018882647376968e+00 -1.325809749680133098e+00
-5.377908674301641323e-01 4.008079985872918805e+00
3.075891579318569824e-01 -1.164176727390646482e+00
-7.068668725025684108e-01 -1.164176727390646482e+00
-7.914048750387705500e-01 1.017869073517420064e+00
-7.914048750387705500e-01 -3.274557136424161019e-02
1.068431180757676069e+00 -8.409106828116736931e-01
-8.759428775749726892e-01 2.905204732147312341e-01
-7.068668725025684108e-01 -8.409106828116736931e-01
4.766651630042612053e-01 -1.487442771969619493e+00
2.336501218800707935e+00 1.583584651530622667e+00
3.921271604680591216e-01 1.288874509252448120e-01
-7.068668725025684108e-01 -1.972341838838078676e+00
-9.604808801111748284e-01 -1.002543705101160088e+00
-1.045018882647376968e+00 2.905204732147312341e-01
-7.068668725025684108e-01 2.905204732147312341e-01
-7.914048750387705500e-01 -6.792776605221872988e-01
-8.759428775749726892e-01 1.288874509252448120e-01
3.012805239090324605e+00 6.137865177937040784e-01
-8.759428775749726892e-01 2.905204732147312341e-01
-6.223288699663662715e-01 -3.427039039443456669e+00
-2.841768598215578256e-01 -1.943785936537280323e-01
-8.759428775749726892e-01 -1.164176727390646482e+00
5.612031655404633446e-01 1.260318606951649878e+00
2.421039221336910074e+00 9.370525623726769782e-01
-3.056285221295147736e-02 -1.943785936537280323e-01
-3.056285221295147736e-02 -1.325809749680133098e+00
-2.841768598215578256e-01 -6.792776605221872988e-01
4.766651630042612053e-01 1.288874509252448120e-01
-6.223288699663662715e-01 -3.560116159432144545e-01
-1.996388572853557142e-01 -1.002543705101160088e+00
-1.045018882647376968e+00 -1.943785936537280323e-01
-9.604808801111748284e-01 -1.002543705101160088e+00
-3.687148623577599649e-01 6.137865177937040784e-01
-4.532528648939620486e-01 -3.274557136424161019e-02
1.829273203583495100e+00 4.521534955042176840e-01
3.921271604680591216e-01 7.754195400831904728e-01
-9.604808801111748284e-01 -1.649075794259105887e+00
7.302791706128676230e-01 -5.176446382327009044e-01
-8.759428775749726892e-01 -8.409106828116736931e-01
-1.045018882647376968e+00 2.097039620699880091e-01
6.457411680766654838e-01 6.137865177937040784e-01
5.397515032325064105e-02 -6.792776605221872988e-01
2.674653228945516492e+00 4.521534955042176840e-01
-9.604808801111748284e-01 -1.943785936537280323e-01
-7.914048750387705500e-01 1.288874509252448120e-01
3.075891579318569824e-01 -5.984611493774441016e-01
7.302791706128676230e-01 1.098685584662163262e+00
-8.759428775749726892e-01 7.754195400831904728e-01
8.148171731490696512e-01 4.521534955042176840e-01
2.230511553956548709e-01 1.260318606951649878e+00
-1.045018882647376968e+00 -1.649075794259105887e+00
-8.759428775749726892e-01 -1.325809749680133098e+00
-9.604808801111748284e-01 1.288874509252448120e-01
1.152969183293878208e+00 -3.274557136424161019e-02
2.230511553956548709e-01 1.421951629241136272e+00
9.838931782214739297e-01 1.288874509252448120e-01
-5.377908674301641323e-01 6.137865177937040784e-01
-1.045018882647376968e+00 -6.792776605221872988e-01
-1.151008547491536027e-01 1.260318606951649878e+00
6.457411680766654838e-01 1.288874509252448120e-01
-9.604808801111748284e-01 -5.176446382327009044e-01
5.397515032325064105e-02 -3.560116159432144545e-01
-3.687148623577599649e-01 -5.176446382327009044e-01
-3.687148623577599649e-01 1.421951629241136272e+00
2.230511553956548709e-01 7.754195400831904728e-01
-3.687148623577599649e-01 -1.943785936537280323e-01
-8.759428775749726892e-01 -1.002543705101160088e+00
-3.056285221295147736e-02 -6.792776605221872988e-01
2.230511553956548709e-01 -3.274557136424161019e-02
7.302791706128676230e-01 4.521534955042176840e-01
-6.223288699663662715e-01 3.038281852136000438e+00
1.152969183293878208e+00 4.521534955042176840e-01
3.075891579318569824e-01 7.754195400831904728e-01
-1.151008547491536027e-01 6.137865177937040784e-01
-8.759428775749726892e-01 -6.792776605221872988e-01
-1.045018882647376968e+00 1.288874509252448120e-01
-5.377908674301641323e-01 -1.002543705101160088e+00
5.612031655404633446e-01 1.288874509252448120e-01
6.457411680766654838e-01 -3.560116159432144545e-01
2.251963216264505796e+00 -3.560116159432144545e-01
-3.056285221295147736e-02 2.068483718399082072e+00
-1.996388572853557142e-01 2.905204732147312341e-01
-7.068668725025684108e-01 6.137865177937040784e-01
-1.045018882647376968e+00 -8.409106828116736931e-01
5.612031655404633446e-01 -1.943785936537280323e-01
2.230511553956548709e-01 -5.176446382327009044e-01
7.302791706128676230e-01 -1.406626260824876296e+00
-3.687148623577599649e-01 9.370525623726769782e-01
-1.045018882647376968e+00 -1.164176727390646482e+00
-8.759428775749726892e-01 -8.409106828116736931e-01
-6.223288699663662715e-01 -6.792776605221872988e-01
-3.687148623577599649e-01 -1.002543705101160088e+00
-1.045018882647376968e+00 6.137865177937040784e-01
-4.532528648939620486e-01 7.754195400831904728e-01
-1.151008547491536027e-01 -3.560116159432144545e-01
-5.377908674301641323e-01 -1.943785936537280323e-01
1.829273203583495100e+00 -3.274557136424161019e-02
-5.377908674301641323e-01 -3.274557136424161019e-02
1.998349208655899378e+00 2.905204732147312341e-01
1.575659195974888682e+00 2.553382785267541255e+00
-1.045018882647376968e+00 -6.792776605221872988e-01
6.457411680766654838e-01 9.370525623726769782e-01
-7.068668725025684108e-01 -1.002543705101160088e+00
-7.914048750387705500e-01 1.017869073517420064e+00
2.251963216264505796e+00 1.826034184964852258e+00
-7.914048750387705500e-01 -5.984611493774441016e-01
2.230511553956548709e-01 7.754195400831904728e-01
3.921271604680591216e-01 -1.943785936537280323e-01
-7.068668725025684108e-01 -8.409106828116736931e-01
-1.151008547491536027e-01 -3.560116159432144545e-01
-1.151008547491536027e-01 1.288874509252448120e-01
6.457411680766654838e-01 -5.176446382327009044e-01
-1.045018882647376968e+00 -1.002543705101160088e+00
2.759191231481718631e+00 1.421951629241136272e+00
2.336501218800707935e+00 -1.002543705101160088e+00
-6.223288699663662715e-01 -5.176446382327009044e-01
-9.604808801111748284e-01 4.521534955042176840e-01
-6.223288699663662715e-01 2.905204732147312341e-01
-7.914048750387705500e-01 -1.649075794259105887e+00
-1.996388572853557142e-01 -1.943785936537280323e-01
-7.914048750387705500e-01 6.137865177937040784e-01
-9.604808801111748284e-01 1.098685584662163262e+00
1.068431180757676069e+00 6.137865177937040784e-01
-9.604808801111748284e-01 6.137865177937040784e-01
-3.687148623577599649e-01 -3.560116159432144545e-01
-8.759428775749726892e-01 -3.560116159432144545e-01
-6.223288699663662715e-01 -3.274557136424161019e-02
1.491121193438686543e+00 9.370525623726769782e-01
-8.759428775749726892e-01 1.421951629241136272e+00
-1.151008547491536027e-01 9.370525623726769782e-01
-5.377908674301641323e-01 2.905204732147312341e-01
-1.045018882647376968e+00 -6.792776605221872988e-01
-9.604808801111748284e-01 -1.943785936537280323e-01
-9.604808801111748284e-01 -1.487442771969619493e+00
-3.056285221295147736e-02 -1.810708816548592281e+00
-3.687148623577599649e-01 2.905204732147312341e-01
1.322045188366282487e+00 1.017869073517420064e+00
6.457411680766654838e-01 -3.560116159432144545e-01
-8.759428775749726892e-01 1.421951629241136272e+00
5.397515032325064105e-02 -1.943785936537280323e-01
-8.759428775749726892e-01 1.098685584662163262e+00
7.302791706128676230e-01 -1.649075794259105887e+00
-5.377908674301641323e-01 9.370525623726769782e-01
-7.914048750387705500e-01 6.137865177937040784e-01
-7.068668725025684108e-01 -3.560116159432144545e-01
8.993551756852717904e-01 -8.409106828116736931e-01
-1.045018882647376968e+00 -6.792776605221872988e-01
-2.841768598215578256e-01 -1.325809749680133098e+00
-7.068668725025684108e-01 -3.560116159432144545e-01
-7.914048750387705500e-01 -1.810708816548592281e+00
1.491121193438686543e+00 2.905204732147312341e-01
5.397515032325064105e-02 -3.560116159432144545e-01
-7.914048750387705500e-01 -1.943785936537280323e-01
2.505577223873112214e+00 6.137865177937040784e-01
1.385131528594527595e-01 -8.409106828116736931e-01
8.148171731490696512e-01 1.288874509252448120e-01
-7.914048750387705500e-01 -6.792776605221872988e-01
-1.045018882647376968e+00 -1.649075794259105887e+00
3.921271604680591216e-01 1.098685584662163262e+00
-1.045018882647376968e+00 -8.409106828116736931e-01
5.612031655404633446e-01 4.521534955042176840e-01
-1.045018882647376968e+00 4.521534955042176840e-01
1.575659195974888682e+00 -1.943785936537280323e-01
-7.068668725025684108e-01 -1.943785936537280323e-01
-3.687148623577599649e-01 -1.002543705101160088e+00
-8.759428775749726892e-01 -6.792776605221872988e-01
1.998349208655899378e+00 1.288874509252448120e-01
-9.604808801111748284e-01 -8.409106828116736931e-01
-4.532528648939620486e-01 -1.943785936537280323e-01
4.766651630042612053e-01 2.905204732147312341e-01
3.075891579318569824e-01 1.260318606951649878e+00
1.152969183293878208e+00 1.098685584662163262e+00
1.575659195974888682e+00 6.137865177937040784e-01
1.491121193438686543e+00 1.288874509252448120e-01
5.397515032325064105e-02 9.370525623726769782e-01
-3.687148623577599649e-01 1.098685584662163262e+00
-6.223288699663662715e-01 -1.325809749680133098e+00
-3.056285221295147736e-02 -3.274557136424161019e-02
-1.045018882647376968e+00 1.260318606951649878e+00
-7.068668725025684108e-01 -8.409106828116736931e-01
-1.996388572853557142e-01 4.521534955042176840e-01
-7.914048750387705500e-01 -1.972341838838078676e+00
2.674653228945516492e+00 -1.810708816548592281e+00
-4.532528648939620486e-01 -8.409106828116736931e-01
-3.687148623577599649e-01 -1.943785936537280323e-01
-7.914048750387705500e-01 9.370525623726769782e-01
1.068431180757676069e+00 4.521534955042176840e-01
2.082887211192101518e+00 -3.274557136424161019e-02
-7.068668725025684108e-01 -1.164176727390646482e+00
1.385131528594527595e-01 7.754195400831904728e-01
-4.532528648939620486e-01 2.068483718399082072e+00
3.075891579318569824e-01 2.905204732147312341e-01
-3.687148623577599649e-01 2.905204732147312341e-01
1.152969183293878208e+00 -3.560116159432144545e-01
-1.045018882647376968e+00 -3.560116159432144545e-01
-7.068668725025684108e-01 -3.560116159432144545e-01
-2.841768598215578256e-01 -3.560116159432144545e-01
6.457411680766654838e-01 -5.176446382327009044e-01
-9.604808801111748284e-01 -1.943785936537280323e-01
-5.377908674301641323e-01 1.288874509252448120e-01
-7.068668725025684108e-01 -1.810708816548592281e+00
8.148171731490696512e-01 6.137865177937040784e-01
-6.223288699663662715e-01 -3.560116159432144545e-01
-2.841768598215578256e-01 6.137865177937040784e-01
-3.687148623577599649e-01 1.288874509252448120e-01
-4.532528648939620486e-01 -5.176446382327009044e-01
2.167425213728303657e+00 4.521534955042176840e-01
-1.996388572853557142e-01 -1.002543705101160088e+00
-7.068668725025684108e-01 1.288874509252448120e-01
2.230511553956548709e-01 -1.943785936537280323e-01
8.148171731490696512e-01 1.421951629241136272e+00
-1.045018882647376968e+00 2.097039620699880091e-01
-7.914048750387705500e-01 -3.274557136424161019e-02
-2.841768598215578256e-01 -6.792776605221872988e-01
3.075891579318569824e-01 -1.943785936537280323e-01
-8.759428775749726892e-01 1.098685584662163262e+00
3.075891579318569824e-01 -1.943785936537280323e-01
1.068431180757676069e+00 -3.274557136424161019e-02
-7.068668725025684108e-01 -1.164176727390646482e+00
8.993551756852717904e-01 6.137865177937040784e-01
-9.604808801111748284e-01 -1.002543705101160088e+00
-6.223288699663662715e-01 2.905204732147312341e-01
8.993551756852717904e-01 2.905204732147312341e-01
-3.056285221295147736e-02 4.521534955042176840e-01
6.457411680766654838e-01 9.370525623726769782e-01
-9.604808801111748284e-01 -1.943785936537280323e-01
2.230511553956548709e-01 1.288874509252448120e-01
-9.604808801111748284e-01 -3.560116159432144545e-01
-3.056285221295147736e-02 1.098685584662163262e+00
1.998349208655899378e+00 -3.274557136424161019e-02
1.322045188366282487e+00 1.260318606951649878e+00
-9.604808801111748284e-01 -2.133974861127565070e+00
-6.223288699663662715e-01 -8.409106828116736931e-01
3.075891579318569824e-01 6.137865177937040784e-01
-3.687148623577599649e-01 6.137865177937040784e-01
-2.841768598215578256e-01 9.370525623726769782e-01
1.068431180757676069e+00 7.754195400831904728e-01
-7.914048750387705500e-01 -8.409106828116736931e-01
-1.045018882647376968e+00 4.521534955042176840e-01
1.322045188366282487e+00 1.260318606951649878e+00
-4.532528648939620486e-01 -1.810708816548592281e+00
1.237507185830080347e+00 1.288874509252448120e-01
-3.687148623577599649e-01 2.905204732147312341e-01
-3.687148623577599649e-01 -6.792776605221872988e-01
2.505577223873112214e+00 -1.943785936537280323e-01
2.674653228945516492e+00 2.876648829846514044e+00
2.843729234017920326e+00 4.521534955042176840e-01
-2.841768598215578256e-01 1.288874509252448120e-01
-2.841768598215578256e-01 -1.487442771969619493e+00
-3.687148623577599649e-01 -3.274557136424161019e-02
-1.045018882647376968e+00 -6.792776605221872988e-01
-9.604808801111748284e-01 1.098685584662163262e+00
9.838931782214739297e-01 2.391749762978054861e+00
-7.068668725025684108e-01 7.754195400831904728e-01
-1.045018882647376968e+00 -6.792776605221872988e-01
-1.045018882647376968e+00 -6.792776605221872988e-01
-7.068668725025684108e-01 -1.164176727390646482e+00
-4.532528648939620486e-01 -1.649075794259105887e+00
2.082887211192101518e+00 7.754195400831904728e-01
-9.604808801111748284e-01 7.754195400831904728e-01
-9.604808801111748284e-01 -1.002543705101160088e+00
-1.151008547491536027e-01 2.097039620699880091e-01
1.385131528594527595e-01 2.230116740688568466e+00
-7.914048750387705500e-01 -3.274557136424161019e-02
-9.604808801111748284e-01 -3.560116159432144545e-01
-1.045018882647376968e+00 -1.002543705101160088e+00
-7.068668725025684108e-01 -8.409106828116736931e-01
-7.068668725025684108e-01 -1.943785936537280323e-01
-7.914048750387705500e-01 -1.487442771969619493e+00
1.385131528594527595e-01 1.288874509252448120e-01
9.838931782214739297e-01 2.230116740688568466e+00
2.082887211192101518e+00 7.754195400831904728e-01
-4.532528648939620486e-01 -3.560116159432144545e-01
7.302791706128676230e-01 -5.176446382327009044e-01
-5.377908674301641323e-01 2.905204732147312341e-01
-1.045018882647376968e+00 -6.792776605221872988e-01
3.075891579318569824e-01 -3.274557136424161019e-02
-1.996388572853557142e-01 4.521534955042176840e-01
-7.068668725025684108e-01 -1.164176727390646482e+00
4.766651630042612053e-01 -1.325809749680133098e+00
-9.604808801111748284e-01 -5.176446382327009044e-01
-7.068668725025684108e-01 -1.943785936537280323e-01
-7.068668725025684108e-01 -1.943785936537280323e-01
-1.996388572853557142e-01 -6.792776605221872988e-01
1.829273203583495100e+00 -9.217271939564168903e-01
1.385131528594527595e-01 9.370525623726769782e-01
3.921271604680591216e-01 4.521534955042176840e-01
6.457411680766654838e-01 -6.792776605221872988e-01
-6.223288699663662715e-01 -1.972341838838078676e+00
1.068431180757676069e+00 -3.274557136424161019e-02
-7.068668725025684108e-01 -8.409106828116736931e-01
4.766651630042612053e-01 1.288874509252448120e-01
-4.532528648939620486e-01 -3.560116159432144545e-01
-4.532528648939620486e-01 1.421951629241136272e+00
-7.068668725025684108e-01 -3.274557136424161019e-02
-9.604808801111748284e-01 9.370525623726769782e-01
-1.045018882647376968e+00 1.288874509252448120e-01
-1.045018882647376968e+00 -1.002543705101160088e+00
-9.604808801111748284e-01 9.370525623726769782e-01
-9.604808801111748284e-01 -3.560116159432144545e-01
3.075891579318569824e-01 7.754195400831904728e-01
-5.377908674301641323e-01 -3.560116159432144545e-01
-4.532528648939620486e-01 -6.792776605221872988e-01
-6.223288699663662715e-01 1.260318606951649878e+00
-1.045018882647376968e+00 -3.560116159432144545e-01
-1.045018882647376968e+00 -6.792776605221872988e-01
-1.045018882647376968e+00 -6.792776605221872988e-01
2.230511553956548709e-01 4.521534955042176840e-01
-1.996388572853557142e-01 4.521534955042176840e-01
3.921271604680591216e-01 -6.792776605221872988e-01
-6.223288699663662715e-01 1.745217673820109061e+00
8.148171731490696512e-01 7.754195400831904728e-01
3.921271604680591216e-01 1.288874509252448120e-01
-9.604808801111748284e-01 1.288874509252448120e-01
-3.687148623577599649e-01 2.097039620699880091e-01
2.230511553956548709e-01 -3.560116159432144545e-01
6.457411680766654838e-01 1.017869073517420064e+00
-4.532528648939620486e-01 2.097039620699880091e-01
-1.045018882647376968e+00 -1.943785936537280323e-01
-1.996388572853557142e-01 1.260318606951649878e+00
6.457411680766654838e-01 2.553382785267541255e+00
-9.604808801111748284e-01 -5.176446382327009044e-01
-7.914048750387705500e-01 -6.792776605221872988e-01
-3.056285221295147736e-02 -1.943785936537280323e-01
-2.841768598215578256e-01 -8.409106828116736931e-01
-7.068668725025684108e-01 4.521534955042176840e-01
-4.532528648939620486e-01 -3.274557136424161019e-02
-6.223288699663662715e-01 6.137865177937040784e-01
-9.604808801111748284e-01 -6.792776605221872988e-01
-6.223288699663662715e-01 1.288874509252448120e-01
-8.759428775749726892e-01 -6.792776605221872988e-01
-8.759428775749726892e-01 -1.943785936537280323e-01
-7.068668725025684108e-01 -3.560116159432144545e-01
-7.914048750387705500e-01 -1.487442771969619493e+00
3.921271604680591216e-01 -8.409106828116736931e-01
2.421039221336910074e+00 -1.487442771969619493e+00
-7.914048750387705500e-01 -3.560116159432144545e-01
1.491121193438686543e+00 9.370525623726769782e-01
4.027261269524750276e+00 1.288874509252448120e-01
1.237507185830080347e+00 -3.274557136424161019e-02
-6.223288699663662715e-01 -8.409106828116736931e-01
4.766651630042612053e-01 -1.943785936537280323e-01
3.075891579318569824e-01 4.521534955042176840e-01
5.397515032325064105e-02 2.068483718399082072e+00
-1.045018882647376968e+00 -1.325809749680133098e+00
-9.604808801111748284e-01 -1.649075794259105887e+00
-7.068668725025684108e-01 -6.792776605221872988e-01
-5.377908674301641323e-01 4.521534955042176840e-01
-4.532528648939620486e-01 7.754195400831904728e-01
-9.604808801111748284e-01 -1.943785936537280323e-01
-9.604808801111748284e-01 -5.176446382327009044e-01
1.406583190902484626e+00 1.421951629241136272e+00
-7.914048750387705500e-01 -6.792776605221872988e-01
2.167425213728303657e+00 9.370525623726769782e-01
-3.687148623577599649e-01 6.137865177937040784e-01
-1.996388572853557142e-01 2.905204732147312341e-01
4.766651630042612053e-01 1.288874509252448120e-01
2.505577223873112214e+00 1.098685584662163262e+00
1.385131528594527595e-01 -1.943785936537280323e-01
-3.687148623577599649e-01 1.260318606951649878e+00
-4.532528648939620486e-01 -1.164176727390646482e+00
-8.759428775749726892e-01 7.754195400831904728e-01
-7.914048750387705500e-01 -3.560116159432144545e-01
-1.045018882647376968e+00 -8.409106828116736931e-01
2.082887211192101518e+00 4.521534955042176840e-01
-4.532528648939620486e-01 -3.274557136424161019e-02
2.843729234017920326e+00 6.137865177937040784e-01
-7.914048750387705500e-01 -5.984611493774441016e-01
7.302791706128676230e-01 1.421951629241136272e+00
-3.056285221295147736e-02 -3.560116159432144545e-01
9.838931782214739297e-01 -1.943785936537280323e-01
2.759191231481718631e+00 1.288874509252448120e-01
-2.841768598215578256e-01 -3.560116159432144545e-01
-7.068668725025684108e-01 -3.274557136424161019e-02
1.829273203583495100e+00 -1.943785936537280323e-01
4.766651630042612053e-01 1.288874509252448120e-01
-1.045018882647376968e+00 1.421951629241136272e+00
-4.532528648939620486e-01 -3.274557136424161019e-02
6.457411680766654838e-01 -3.560116159432144545e-01
6.457411680766654838e-01 -6.792776605221872988e-01
5.612031655404633446e-01 4.521534955042176840e-01
3.921271604680591216e-01 7.754195400831904728e-01
1.385131528594527595e-01 1.421951629241136272e+00
-1.045018882647376968e+00 -1.002543705101160088e+00
-1.045018882647376968e+00 -1.810708816548592281e+00
2.590115226409314353e+00 4.521534955042176840e-01
1.068431180757676069e+00 -3.274557136424161019e-02
-1.045018882647376968e+00 -8.409106828116736931e-01
2.082887211192101518e+00 -3.560116159432144545e-01
-9.604808801111748284e-01 -8.409106828116736931e-01
-7.914048750387705500e-01 -1.487442771969619493e+00
-4.532528648939620486e-01 -1.943785936537280323e-01
1.660197198511090821e+00 1.260318606951649878e+00
1.491121193438686543e+00 1.098685584662163262e+00
6.457411680766654838e-01 -1.002543705101160088e+00
2.251963216264505796e+00 1.421951629241136272e+00
-7.068668725025684108e-01 -1.943785936537280323e-01
-6.223288699663662715e-01 6.137865177937040784e-01
9.838931782214739297e-01 -1.943785936537280323e-01
-7.914048750387705500e-01 -1.164176727390646482e+00
-1.045018882647376968e+00 -1.002543705101160088e+00
-1.045018882647376968e+00 -6.792776605221872988e-01
-7.914048750387705500e-01 1.288874509252448120e-01
-9.604808801111748284e-01 -5.176446382327009044e-01
-1.996388572853557142e-01 -5.984611493774441016e-01
-9.604808801111748284e-01 -1.002543705101160088e+00
-7.914048750387705500e-01 2.905204732147312341e-01
-3.687148623577599649e-01 -5.176446382327009044e-01
-7.914048750387705500e-01 -1.325809749680133098e+00
1.068431180757676069e+00 1.421951629241136272e+00
2.843729234017920326e+00 -1.002543705101160088e+00
-8.759428775749726892e-01 6.137865177937040784e-01
-1.151008547491536027e-01 1.583584651530622667e+00
8.148171731490696512e-01 1.288874509252448120e-01
-5.377908674301641323e-01 -3.274557136424161019e-02
1.913811206119697239e+00 1.017869073517420064e+00
-7.068668725025684108e-01 1.421951629241136272e+00
-3.687148623577599649e-01 4.521534955042176840e-01
3.075891579318569824e-01 1.421951629241136272e+00
1.660197198511090821e+00 2.905204732147312341e-01
-4.532528648939620486e-01 -3.560116159432144545e-01
1.406583190902484626e+00 7.754195400831904728e-01
3.075891579318569824e-01 3.038281852136000438e+00
-1.045018882647376968e+00 -1.943785936537280323e-01
-7.068668725025684108e-01 -3.560116159432144545e-01
2.759191231481718631e+00 1.260318606951649878e+00
-8.759428775749726892e-01 -8.409106828116736931e-01
-4.532528648939620486e-01 -6.792776605221872988e-01
3.075891579318569824e-01 -1.943785936537280323e-01
-2.841768598215578256e-01 -1.943785936537280323e-01
2.082887211192101518e+00 2.905204732147312341e-01
7.302791706128676230e-01 -3.560116159432144545e-01
1.385131528594527595e-01 1.288874509252448120e-01
1.744735201047292961e+00 2.905204732147312341e-01
-4.532528648939620486e-01 -5.176446382327009044e-01
-7.914048750387705500e-01 -3.560116159432144545e-01
-1.151008547491536027e-01 -1.002543705101160088e+00
-5.377908674301641323e-01 6.137865177937040784e-01
-9.604808801111748284e-01 -1.487442771969619493e+00
-1.045018882647376968e+00 -3.274557136424161019e-02
1.068431180757676069e+00 -8.409106828116736931e-01
3.075891579318569824e-01 -3.274557136424161019e-02
-3.056285221295147736e-02 -5.176446382327009044e-01
4.766651630042612053e-01 -1.943785936537280323e-01
-1.045018882647376968e+00 1.906850696109595455e+00
-9.604808801111748284e-01 -1.164176727390646482e+00
-9.604808801111748284e-01 -1.002543705101160088e+00
-8.759428775749726892e-01 1.098685584662163262e+00
-7.068668725025684108e-01 -2.295607883417051465e+00
1.385131528594527595e-01 -2.295607883417051465e+00
-1.045018882647376968e+00 6.137865177937040784e-01
2.230511553956548709e-01 -3.560116159432144545e-01
2.421039221336910074e+00 -1.943785936537280323e-01
-1.045018882647376968e+00 1.421951629241136272e+00
-5.377908674301641323e-01 -1.002543705101160088e+00
2.421039221336910074e+00 4.521534955042176840e-01
7.302791706128676230e-01 2.905204732147312341e-01
1.575659195974888682e+00 2.905204732147312341e-01
-9.604808801111748284e-01 -1.325809749680133098e+00
6.457411680766654838e-01 -5.176446382327009044e-01
-3.687148623577599649e-01 -5.176446382327009044e-01
1.575659195974888682e+00 1.098685584662163262e+00
9.838931782214739297e-01 9.370525623726769782e-01
-7.914048750387705500e-01 4.521534955042176840e-01
8.993551756852717904e-01 6.137865177937040784e-01
-7.068668725025684108e-01 -1.649075794259105887e+00
5.397515032325064105e-02 -3.274557136424161019e-02
-9.604808801111748284e-01 7.754195400831904728e-01
1.068431180757676069e+00 2.905204732147312341e-01
-1.045018882647376968e+00 -3.911938106311915853e+00
3.921271604680591216e-01 1.288874509252448120e-01
-6.223288699663662715e-01 -2.780506950285510648e+00
-7.914048750387705500e-01 1.260318606951649878e+00
-2.841768598215578256e-01 1.288874509252448120e-01
1.744735201047292961e+00 4.521534955042176840e-01
-1.045018882647376968e+00 -1.002543705101160088e+00
-9.604808801111748284e-01 4.521534955042176840e-01
-7.068668725025684108e-01 -8.409106828116736931e-01
-5.377908674301641323e-01 7.754195400831904728e-01
-8.759428775749726892e-01 -8.409106828116736931e-01
-7.914048750387705500e-01 -1.487442771969619493e+00
2.230511553956548709e-01 -1.164176727390646482e+00
5.612031655404633446e-01 1.260318606951649878e+00
-6.223288699663662715e-01 6.137865177937040784e-01
1.406583190902484626e+00 1.288874509252448120e-01
-5.377908674301641323e-01 -3.274557136424161019e-02
-2.841768598215578256e-01 1.906850696109595455e+00
-8.759428775749726892e-01 -8.409106828116736931e-01
1.406583190902484626e+00 7.754195400831904728e-01
-4.532528648939620486e-01 1.098685584662163262e+00
-4.532528648939620486e-01 2.905204732147312341e-01
9.838931782214739297e-01 1.745217673820109061e+00
-1.045018882647376968e+00 -1.943785936537280323e-01
-1.045018882647376968e+00 -6.792776605221872988e-01
-3.687148623577599649e-01 1.260318606951649878e+00
-1.045018882647376968e+00 -3.560116159432144545e-01
-1.045018882647376968e+00 4.521534955042176840e-01
9.838931782214739297e-01 6.137865177937040784e-01
-1.045018882647376968e+00 -5.984611493774441016e-01
5.397515032325064105e-02 -6.792776605221872988e-01
-7.914048750387705500e-01 4.521534955042176840e-01
-8.759428775749726892e-01 -1.002543705101160088e+00
-9.604808801111748284e-01 7.754195400831904728e-01
-1.996388572853557142e-01 -8.409106828116736931e-01
3.921271604680591216e-01 -3.274557136424161019e-02
1.237507185830080347e+00 1.288874509252448120e-01
-8.759428775749726892e-01 2.905204732147312341e-01
-1.151008547491536027e-01 2.905204732147312341e-01
-4.532528648939620486e-01 1.288874509252448120e-01
-5.377908674301641323e-01 1.098685584662163262e+00
-7.914048750387705500e-01 -1.943785936537280323e-01
1.406583190902484626e+00 6.137865177937040784e-01
-5.377908674301641323e-01 -3.274557136424161019e-02
-2.841768598215578256e-01 1.288874509252448120e-01
-3.056285221295147736e-02 1.288874509252448120e-01
-9.604808801111748284e-01 -1.810708816548592281e+00
7.302791706128676230e-01 9.370525623726769782e-01
-8.759428775749726892e-01 -1.002543705101160088e+00
-8.759428775749726892e-01 -1.487442771969619493e+00
-5.377908674301641323e-01 -1.002543705101160088e+00
-4.532528648939620486e-01 1.288874509252448120e-01
-5.377908674301641323e-01 -1.487442771969619493e+00
-9.604808801111748284e-01 -1.943785936537280323e-01
-7.068668725025684108e-01 -1.649075794259105887e+00
-9.604808801111748284e-01 -1.164176727390646482e+00
6.457411680766654838e-01 6.137865177937040784e-01
1.491121193438686543e+00 2.715015807557027649e+00
-5.377908674301641323e-01 7.754195400831904728e-01
1.744735201047292961e+00 9.370525623726769782e-01
-9.604808801111748284e-01 2.905204732147312341e-01
8.148171731490696512e-01 2.715015807557027649e+00
5.612031655404633446e-01 6.137865177937040784e-01
5.612031655404633446e-01 -1.002543705101160088e+00
-7.914048750387705500e-01 6.137865177937040784e-01
3.097343241626526744e+00 7.754195400831904728e-01
5.612031655404633446e-01 -1.943785936537280323e-01
8.148171731490696512e-01 -1.164176727390646482e+00
9.838931782214739297e-01 4.521534955042176840e-01
1.322045188366282487e+00 -3.560116159432144545e-01
-1.045018882647376968e+00 -1.164176727390646482e+00
1.152969183293878208e+00 2.715015807557027649e+00
-9.604808801111748284e-01 2.230116740688568466e+00
2.928267236554122466e+00 7.754195400831904728e-01
-1.996388572853557142e-01 -1.943785936537280323e-01
1.660197198511090821e+00 1.098685584662163262e+00
-7.068668725025684108e-01 -1.002543705101160088e+00
-7.068668725025684108e-01 -1.649075794259105887e+00
-8.759428775749726892e-01 -1.164176727390646482e+00
-9.604808801111748284e-01 -1.325809749680133098e+00
-6.223288699663662715e-01 2.905204732147312341e-01
-9.604808801111748284e-01 -6.792776605221872988e-01
-5.377908674301641323e-01 6.137865177937040784e-01
3.012805239090324605e+00 7.754195400831904728e-01
-7.068668725025684108e-01 1.288874509252448120e-01
-9.604808801111748284e-01 -6.792776605221872988e-01
-3.687148623577599649e-01 -1.810708816548592281e+00
-8.759428775749726892e-01 1.288874509252448120e-01
1.068431180757676069e+00 7.754195400831904728e-01
5.397515032325064105e-02 6.137865177937040784e-01
8.993551756852717904e-01 3.361547896714973227e+00
-8.759428775749726892e-01 -1.943785936537280323e-01
8.148171731490696512e-01 -3.560116159432144545e-01
-7.068668725025684108e-01 -1.002543705101160088e+00
8.148171731490696512e-01 1.421951629241136272e+00
-1.996388572853557142e-01 1.288874509252448120e-01
-4.532528648939620486e-01 1.260318606951649878e+00
-6.223288699663662715e-01 -1.943785936537280323e-01
-6.223288699663662715e-01 2.905204732147312341e-01
1.322045188366282487e+00 4.521534955042176840e-01
1.575659195974888682e+00 1.260318606951649878e+00
-5.377908674301641323e-01 2.905204732147312341e-01
-4.532528648939620486e-01 6.137865177937040784e-01
-9.604808801111748284e-01 -2.133974861127565070e+00
9.838931782214739297e-01 4.521534955042176840e-01
-8.759428775749726892e-01 -6.792776605221872988e-01
-7.914048750387705500e-01 -6.792776605221872988e-01
5.612031655404633446e-01 4.521534955042176840e-01
3.921271604680591216e-01 -8.409106828116736931e-01
-1.045018882647376968e+00 -1.164176727390646482e+00
-1.151008547491536027e-01 1.288874509252448120e-01
5.397515032325064105e-02 -1.810708816548592281e+00
-1.996388572853557142e-01 4.521534955042176840e-01
1.913811206119697239e+00 -3.274557136424161019e-02
-7.914048750387705500e-01 -1.002543705101160088e+00
1.575659195974888682e+00 2.905204732147312341e-01
5.397515032325064105e-02 1.098685584662163262e+00
-1.045018882647376968e+00 -5.176446382327009044e-01
7.302791706128676230e-01 -3.560116159432144545e-01
7.302791706128676230e-01 1.098685584662163262e+00
9.838931782214739297e-01 1.745217673820109061e+00
3.921271604680591216e-01 4.521534955042176840e-01
-7.068668725025684108e-01 4.521534955042176840e-01
-9.604808801111748284e-01 9.370525623726769782e-01
-9.604808801111748284e-01 1.260318606951649878e+00
-9.604808801111748284e-01 -1.649075794259105887e+00
5.397515032325064105e-02 4.521534955042176840e-01
-9.604808801111748284e-01 1.098685584662163262e+00
-7.914048750387705500e-01 1.260318606951649878e+00
-9.604808801111748284e-01 -1.325809749680133098e+00
1.660197198511090821e+00 2.097039620699880091e-01
-4.532528648939620486e-01 -1.002543705101160088e+00
-1.045018882647376968e+00 1.098685584662163262e+00
7.302791706128676230e-01 -3.274557136424161019e-02
-1.045018882647376968e+00 -1.002543705101160088e+00
7.302791706128676230e-01 1.288874509252448120e-01
1.237507185830080347e+00 6.137865177937040784e-01
-6.223288699663662715e-01 -2.295607883417051465e+00
-9.604808801111748284e-01 -1.164176727390646482e+00
9.838931782214739297e-01 1.745217673820109061e+00
4.766651630042612053e-01 1.260318606951649878e+00
1.068431180757676069e+00 9.370525623726769782e-01
-5.377908674301641323e-01 1.745217673820109061e+00
-1.151008547491536027e-01 1.288874509252448120e-01
2.230511553956548709e-01 -1.943785936537280323e-01
1.406583190902484626e+00 -8.409106828116736931e-01
-9.604808801111748284e-01 -1.943785936537280323e-01
-4.532528648939620486e-01 4.521534955042176840e-01
-7.068668725025684108e-01 -8.409106828116736931e-01
-6.223288699663662715e-01 1.260318606951649878e+00
9.838931782214739297e-01 4.521534955042176840e-01
3.075891579318569824e-01 1.260318606951649878e+00
4.766651630042612053e-01 1.421951629241136272e+00
1.575659195974888682e+00 -3.274557136424161019e-02
-6.223288699663662715e-01 2.905204732147312341e-01
2.759191231481718631e+00 1.583584651530622667e+00
-9.604808801111748284e-01 -1.164176727390646482e+00
8.148171731490696512e-01 1.288874509252448120e-01
-3.056285221295147736e-02 -8.409106828116736931e-01
2.505577223873112214e+00 2.905204732147312341e-01
-5.377908674301641323e-01 -1.943785936537280323e-01
-2.841768598215578256e-01 -3.274557136424161019e-02
1.152969183293878208e+00 -1.002543705101160088e+00
-8.759428775749726892e-01 -1.943785936537280323e-01
