5.540000000000000000e+02
6.250000000000000000e+02
5.570000000000000000e+02
5.790000000000000000e+02
3.810000000000000000e+02
4.590000000000000000e+02
5.900000000000000000e+02
5.910000000000000000e+02
6.170000000000000000e+02
5.840000000000000000e+02
3.910000000000000000e+02
3.310000000000000000e+02
4.840000000000000000e+02
3.680000000000000000e+02
2.170000000000000000e+02
2.180000000000000000e+02
2.200000000000000000e+02
3.320000000000000000e+02
5.400000000000000000e+01
1.040000000000000000e+02
4.980000000000000000e+02
1.620000000000000000e+02
1.900000000000000000e+02
4.660000000000000000e+02
4.670000000000000000e+02
3.590000000000000000e+02
1.540000000000000000e+02
3.550000000000000000e+02
3.570000000000000000e+02
3.000000000000000000e+02
2.060000000000000000e+02
2.080000000000000000e+02
3.040000000000000000e+02
1.760000000000000000e+02
9.000000000000000000e+00
1.250000000000000000e+02
2.320000000000000000e+02
2.960000000000000000e+02
3.480000000000000000e+02
5.310000000000000000e+02
3.940000000000000000e+02
6.230000000000000000e+02
1.490000000000000000e+02
2.780000000000000000e+02
2.600000000000000000e+01
2.700000000000000000e+01
1.500000000000000000e+01
1.140000000000000000e+02
5.340000000000000000e+02
5.350000000000000000e+02
1.720000000000000000e+02
1.770000000000000000e+02
7.000000000000000000e+00
3.100000000000000000e+01
1.240000000000000000e+02
2.740000000000000000e+02
3.970000000000000000e+02
1.190000000000000000e+02
1.920000000000000000e+02
2.280000000000000000e+02
2.970000000000000000e+02
1.730000000000000000e+02
6.600000000000000000e+01
6.300000000000000000e+02
6.320000000000000000e+02
6.590000000000000000e+02
6.600000000000000000e+02
6.620000000000000000e+02
3.060000000000000000e+02
2.240000000000000000e+02
2.140000000000000000e+02
1.030000000000000000e+02
2.020000000000000000e+02
8.700000000000000000e+01
8.900000000000000000e+01
1.270000000000000000e+02
3.240000000000000000e+02
3.250000000000000000e+02
3.950000000000000000e+02
3.140000000000000000e+02
3.160000000000000000e+02
6.470000000000000000e+02
5.300000000000000000e+02
2.700000000000000000e+02
4.040000000000000000e+02
3.930000000000000000e+02
4.250000000000000000e+02
2.290000000000000000e+02
4.230000000000000000e+02
4.510000000000000000e+02
