-5.972165768863125779e-01 -3.165277117509731619e-01
-7.130087865533530911e-01 -3.165277117509731619e-01
4.449133101170518745e-01 1.026194938097104270e+00
-8.288009962203934933e-01 -3.165277117509731619e-01
4.449133101170518745e-01 1.026194938097104270e+00
-8.288009962203934933e-01 -3.165277117509731619e-01
-3.656321575522315515e-01 -5.992061643505683932e-01
7.922899391181733586e-01 2.086239135345586693e+00
-1.060385415554474520e+00 3.682035399852092578e-02
7.922899391181733586e-01 2.510256814244979484e+00
-7.130087865533530911e-01 6.728468723476102031e-01
-9.445932058874340065e-01 -3.384925915137788205e-02
-7.130087865533530911e-01 6.021772591977114786e-01
-7.130087865533530911e-01 -1.093893456399860131e+00
-7.130087865533530911e-01 -7.405453906503660644e-01
1.371250987453375814e+00 1.803560682745991128e+00
4.449133101170518745e-01 1.096864551247003217e+00
4.449133101170518745e-01 1.096864551247003217e+00
2.133288907829709036e-01 1.096864551247003217e+00
-1.060385415554474520e+00 -3.165277117509731619e-01
-1.825552855111008468e-02 3.682035399852092578e-02
6.764977294511328454e-01 3.682035399852092578e-02
-9.445932058874340065e-01 -1.023223843249961185e+00
-3.656321575522315515e-01 3.682035399852092578e-02
7.922899391181733586e-01 1.096864551247003217e+00
2.133288907829709036e-01 1.096864551247003217e+00
1.139666568119294787e+00 1.973167754305748423e+00
1.139666568119294787e+00 1.973167754305748423e+00
-5.972165768863125779e-01 -7.405453906503660644e-01
2.133288907829709036e-01 8.141860986474078743e-01
7.922899391181733586e-01 9.555253249472054344e-01
7.922899391181733586e-01 2.086239135345586693e+00
4.449133101170518745e-01 1.096864551247003217e+00
-1.176177625221515033e+00 -1.051491688509920808e+00
-7.130087865533530911e-01 -7.405453906503660644e-01
-4.814243672192720647e-01 1.640256576683387923e-01
-9.445932058874340065e-01 3.901684197480149718e-01
-1.340477382181505805e-01 3.901684197480149718e-01
-1.060385415554474520e+00 3.901684197480149718e-01
-5.972165768863125779e-01 -7.122775453904064413e-01
-3.656321575522315515e-01 -1.751884854511755185e-01
2.133288907829709036e-01 3.901684197480149718e-01
1.023874358452254274e+00 2.488291934482173562e-01
5.607055197840923322e-01 1.238203777546800666e+00
6.764977294511328454e-01 3.682035399852092578e-02
1.023874358452254274e+00 9.555253249472054344e-01
-1.407762044555596059e+00 -7.405453906503660644e-01
-7.130087865533530911e-01 -6.698757775004672288e-01
2.133288907829709036e-01 3.682035399852092578e-02
-2.498399478851910660e-01 3.194988065981161918e-01
-1.176177625221515033e+00 -1.729919974748949318e+00
-2.498399478851910660e-01 7.922212188846021463e-02
-4.814243672192720647e-01 3.901684197480149718e-01
-1.825552855111008468e-02 -5.426704738306493692e-01
-4.814243672192720647e-01 -3.496660303496419875e+00
4.449133101170518745e-01 -3.165277117509731619e-01
-4.814243672192720647e-01 3.194988065981161918e-01
-1.176177625221515033e+00 -1.023223843249961185e+00
-7.130087865533530911e-01 -1.235232682699657802e+00
-3.656321575522315515e-01 -5.285365512006695576e-01
-8.288009962203934933e-01 -3.165277117509731619e-01
-7.130087865533530911e-01 3.682035399852092578e-02
-4.814243672192720647e-01 3.194988065981161918e-01
3.291211004500114168e-01 3.901684197480149718e-01
-9.445932058874340065e-01 5.315076460478126430e-01
-8.288009962203934933e-01 5.315076460478126430e-01
1.371250987453375814e+00 1.450212616996497283e+00
-1.407762044555596059e+00 -7.405453906503660644e-01
-2.498399478851910660e-01 -7.405453906503660644e-01
-8.288009962203934933e-01 -1.305902295849556527e+00
-5.972165768863125779e-01 3.682035399852092578e-02
-2.498399478851910660e-01 -3.384925915137788205e-02
-8.288009962203934933e-01 -1.305902295849556527e+00
-5.972165768863125779e-01 3.682035399852092578e-02
-2.498399478851910660e-01 -3.384925915137788205e-02
-7.130087865533530911e-01 -6.698757775004672288e-01
3.291211004500114168e-01 -3.165277117509731619e-01
-7.130087865533530911e-01 -1.235232682699657802e+00
-7.130087865533530911e-01 -1.772321742638888642e+00
-7.130087865533530911e-01 -6.698757775004672288e-01
-2.498399478851910660e-01 -3.165277117509731619e-01
-7.130087865533530911e-01 -6.698757775004672288e-01
-2.498399478851910660e-01 -3.165277117509731619e-01
-7.130087865533530911e-01 -6.698757775004672288e-01
-2.498399478851910660e-01 -3.165277117509731619e-01
-1.060385415554474520e+00 -1.108027379029839832e+00
-7.130087865533530911e-01 6.021772591977114786e-01
-1.523554254222636573e+00 -1.941928814198645714e+00
-7.130087865533530911e-01 6.021772591977114786e-01
-1.523554254222636573e+00 -1.941928814198645714e+00
-3.656321575522315515e-01 -1.136295224289799455e+00
-7.130087865533530911e-01 6.021772591977114786e-01
-2.498399478851910660e-01 -8.818846169501636245e-01
-9.445932058874340065e-01 -4.578669380507707776e-01
-1.176177625221515033e+00 -1.729919974748949318e+00
-9.445932058874340065e-01 -8.818846169501636245e-01
-1.825552855111008468e-02 -6.698757775004672288e-01
-7.130087865533530911e-01 -5.285365512006695576e-01
-1.825552855111008468e-02 3.682035399852092578e-02
-7.130087865533530911e-01 3.901684197480149718e-01
-7.130087865533530911e-01 -6.698757775004672288e-01
-2.498399478851910660e-01 3.682035399852092578e-02
2.133288907829709036e-01 9.555253249472054344e-01
5.607055197840923322e-01 1.803560682745991128e+00
-4.814243672192720647e-01 -3.496660303496419875e+00
-8.288009962203934933e-01 -6.274740096105279052e-01
-4.814243672192720647e-01 -3.165277117509731619e-01
4.449133101170518745e-01 -1.023223843249961185e+00
2.133288907829709036e-01 -3.165277117509731619e-01
-3.656321575522315515e-01 3.194988065981161918e-01
-9.445932058874340065e-01 -6.698757775004672288e-01
-2.498399478851910660e-01 7.922212188846021463e-02
-4.814243672192720647e-01 -3.165277117509731619e-01
-4.814243672192720647e-01 -3.165277117509731619e-01
1.371250987453375814e+00 1.803560682745991128e+00
-7.130087865533530911e-01 -6.698757775004672288e-01
4.449133101170518745e-01 3.682035399852092578e-02
-5.972165768863125779e-01 1.781595802983185484e-01
-2.498399478851910660e-01 5.315076460478126430e-01
2.133288907829709036e-01 2.156908748495485195e+00
-2.498399478851910660e-01 3.619005744880554598e-01
-1.060385415554474520e+00 3.682035399852092578e-02
-1.060385415554474520e+00 3.901684197480149718e-01
-7.130087865533530911e-01 6.021772591977114786e-01
7.922899391181733586e-01 2.086239135345586693e+00
7.922899391181733586e-01 2.510256814244979484e+00
-1.291969834888555546e+00 -3.165277117509731619e-01
7.922899391181733586e-01 1.676355379076173380e+00
-1.523554254222636573e+00 -3.165277117509731619e-01
-1.523554254222636573e+00 -3.165277117509731619e-01
6.764977294511328454e-01 3.682035399852092578e-02
-1.060385415554474520e+00 -1.588580748449151647e+00
-3.656321575522315515e-01 -1.751884854511755185e-01
4.449133101170518745e-01 7.152486402375495267e-01
7.922899391181733586e-01 -1.751884854511755185e-01
5.607055197840923322e-01 1.498917350383590363e-01
7.922899391181733586e-01 -1.751884854511755185e-01
4.449133101170518745e-01 3.194988065981161918e-01
-1.176177625221515033e+00 -7.405453906503660644e-01
-7.130087865533530911e-01 -1.751884854511755185e-01
-1.825552855111008468e-02 1.096864551247003217e+00
-9.445932058874340065e-01 5.315076460478126430e-01
-3.656321575522315515e-01 -8.536167716902041125e-01
2.133288907829709036e-01 -3.165277117509731619e-01
2.133288907829709036e-01 -3.165277117509731619e-01
6.764977294511328454e-01 1.074899671484197405e-01
-5.972165768863125779e-01 1.096864551247003217e+00
-2.498399478851910660e-01 -1.376571908999455252e+00
-7.130087865533530911e-01 -4.578669380507707776e-01
1.371250987453375814e+00 2.086239135345586693e+00
-2.498399478851910660e-01 3.901684197480149718e-01
-9.445932058874340065e-01 -1.574446825819171947e+00
-9.445932058874340065e-01 -1.574446825819171947e+00
-9.445932058874340065e-01 -8.818846169501636245e-01
2.529173084123780946e+00 1.096864551247003217e+00
-8.288009962203934933e-01 -1.023223843249961185e+00
2.133288907829709036e-01 3.682035399852092578e-02
7.922899391181733586e-01 9.555253249472054344e-01
-1.176177625221515033e+00 -1.871259201048746990e+00
-4.814243672192720647e-01 -3.384925915137788205e-02
-7.130087865533530911e-01 6.021772591977114786e-01
-3.656321575522315515e-01 3.901684197480149718e-01
3.108134132458983068e+00 6.021772591977114786e-01
-1.060385415554474520e+00 -1.305902295849556527e+00
1.023874358452254274e+00 9.555253249472054344e-01
-1.825552855111008468e-02 5.597754913077721550e-01
-1.060385415554474520e+00 -1.376571908999455252e+00
-9.445932058874340065e-01 -7.405453906503660644e-01
-4.814243672192720647e-01 -3.165277117509731619e-01
-4.814243672192720647e-01 -3.165277117509731619e-01
-4.814243672192720647e-01 -3.165277117509731619e-01
-7.130087865533530911e-01 -1.164563069549758856e+00
1.950212035788578380e+00 1.096864551247003217e+00
9.080821487852138718e-01 1.803560682745991128e+00
-7.130087865533530911e-01 -7.829471585403052769e-01
-1.176177625221515033e+00 -8.112150038002647889e-01
2.529173084123780946e+00 3.901684197480149718e-01
1.950212035788578380e+00 1.096864551247003217e+00
-2.498399478851910660e-01 -1.751884854511755185e-01
-1.060385415554474520e+00 -1.376571908999455252e+00
-1.060385415554474520e+00 -3.165277117509731619e-01
-9.445932058874340065e-01 -7.405453906503660644e-01
-4.814243672192720647e-01 -6.557418548704874173e-01
-1.407762044555596059e+00 -1.376571908999455252e+00
-1.176177625221515033e+00 -1.376571908999455252e+00
-7.130087865533530911e-01 -1.376571908999455252e+00
-7.130087865533530911e-01 -1.023223843249961185e+00
-7.130087865533530911e-01 -1.023223843249961185e+00
-4.814243672192720647e-01 3.901684197480149718e-01
1.487043197120416327e+00 5.597754913077721550e-01
1.371250987453375814e+00 2.863604879994473329e+00
-5.972165768863125779e-01 8.141860986474078743e-01
6.764977294511328454e-01 2.015569522195687746e+00
1.023874358452254274e+00 8.141860986474078743e-01
-7.130087865533530911e-01 6.021772591977114786e-01
1.371250987453375814e+00 3.901684197480149718e-01
-1.407762044555596059e+00 -1.729919974748949318e+00
-1.340477382181505805e-01 -5.285365512006695576e-01
1.371250987453375814e+00 3.901684197480149718e-01
-1.407762044555596059e+00 -1.729919974748949318e+00
-1.340477382181505805e-01 -5.285365512006695576e-01
-4.814243672192720647e-01 -1.447241522149354198e+00
5.607055197840923322e-01 1.803560682745991128e+00
-4.814243672192720647e-01 1.096864551247003217e+00
-5.972165768863125779e-01 -3.165277117509731619e-01
-3.656321575522315515e-01 -1.751884854511755185e-01
1.602835406787456840e+00 2.171042671125464896e+00
-1.825552855111008468e-02 1.781595802983185484e-01
1.602835406787456840e+00 2.171042671125464896e+00
-1.825552855111008468e-02 1.781595802983185484e-01
-5.972165768863125779e-01 3.901684197480149718e-01
-7.130087865533530911e-01 3.901684197480149718e-01
-7.130087865533530911e-01 3.901684197480149718e-01
-1.176177625221515033e+00 -1.023223843249961185e+00
1.371250987453375814e+00 1.294739468066719690e+00
5.607055197840923322e-01 1.096864551247003217e+00
6.764977294511328454e-01 1.357578124083792526e-01
1.371250987453375814e+00 3.216952945743967618e+00
1.371250987453375814e+00 3.216952945743967618e+00
7.922899391181733586e-01 1.357578124083792526e-01
1.371250987453375814e+00 3.216952945743967618e+00
7.922899391181733586e-01 1.357578124083792526e-01
-7.130087865533530911e-01 -6.698757775004672288e-01
-9.445932058874340065e-01 3.901684197480149718e-01
7.922899391181733586e-01 1.732891069596092404e+00
-1.060385415554474520e+00 1.074899671484197405e-01
-1.060385415554474520e+00 -1.023223843249961185e+00
-1.060385415554474520e+00 -1.376571908999455252e+00
-1.825552855111008468e-02 2.086239135345586693e+00
7.922899391181733586e-01 1.520882230146396008e+00
-1.060385415554474520e+00 3.682035399852092578e-02
-7.130087865533530911e-01 -3.165277117509731619e-01
7.922899391181733586e-01 2.510256814244979484e+00
-7.130087865533530911e-01 6.021772591977114786e-01
-8.288009962203934933e-01 -1.023223843249961185e+00
-8.288009962203934933e-01 -1.023223843249961185e+00
-1.291969834888555546e+00 -9.384203074700826486e-01
-4.814243672192720647e-01 -3.384925915137788205e-02
-1.825552855111008468e-02 3.682035399852092578e-02
-4.814243672192720647e-01 -3.384925915137788205e-02
-1.176177625221515033e+00 -1.376571908999455252e+00
-1.407762044555596059e+00 -1.729919974748949318e+00
-5.972165768863125779e-01 -6.698757775004672288e-01
-5.972165768863125779e-01 1.074899671484197405e-01
-7.130087865533530911e-01 -7.405453906503660644e-01
-8.288009962203934933e-01 -8.112150038002647889e-01
-2.498399478851910660e-01 -1.023223843249961185e+00
9.080821487852138718e-01 -1.023223843249961185e+00
3.291211004500114168e-01 1.096864551247003217e+00
-7.130087865533530911e-01 3.901684197480149718e-01
-3.656321575522315515e-01 3.901684197480149718e-01
3.291211004500114168e-01 1.096864551247003217e+00
-7.130087865533530911e-01 3.901684197480149718e-01
-3.656321575522315515e-01 3.901684197480149718e-01
3.291211004500114168e-01 1.096864551247003217e+00
-7.130087865533530911e-01 3.901684197480149718e-01
-3.656321575522315515e-01 3.901684197480149718e-01
3.291211004500114168e-01 1.096864551247003217e+00
-7.130087865533530911e-01 3.901684197480149718e-01
-3.656321575522315515e-01 3.901684197480149718e-01
6.764977294511328454e-01 5.880433365677316671e-01
-2.498399478851910660e-01 -1.588580748449151647e+00
-2.498399478851910660e-01 -7.405453906503660644e-01
-2.498399478851910660e-01 -7.405453906503660644e-01
-9.445932058874340065e-01 -3.165277117509731619e-01
-1.825552855111008468e-02 -4.578669380507707776e-01
6.764977294511328454e-01 -6.698757775004672288e-01
-5.972165768863125779e-01 -9.525542301000624601e-01
-5.972165768863125779e-01 -9.384203074700826486e-01
7.922899391181733586e-01 6.728468723476102031e-01
-3.656321575522315515e-01 1.775292837486031727e+00
-3.656321575522315515e-01 3.901684197480149718e-01
-3.656321575522315515e-01 -1.164563069549758856e+00
-9.445932058874340065e-01 3.901684197480149718e-01
1.718627616454497353e+00 1.379543003846598337e+00
1.023874358452254274e+00 6.728468723476102031e-01
-5.972165768863125779e-01 -1.023223843249961185e+00
5.607055197840923322e-01 7.435164854975090387e-01
2.181796455122659406e+00 8.141860986474078743e-01
-7.130087865533530911e-01 -3.165277117509731619e-01
6.764977294511328454e-01 1.379543003846598337e+00
-7.130087865533530911e-01 -3.165277117509731619e-01
2.133288907829709036e-01 1.096864551247003217e+00
-7.130087865533530911e-01 -1.023223843249961185e+00
-9.445932058874340065e-01 -1.164563069549758856e+00
-5.972165768863125779e-01 -5.285365512006695576e-01
-7.130087865533530911e-01 3.682035399852092578e-02
5.607055197840923322e-01 3.194988065981161918e-01
-3.656321575522315515e-01 -1.164563069549758856e+00
-8.288009962203934933e-01 -1.517911135299252923e+00
7.922899391181733586e-01 7.435164854975090387e-01
9.753668111593040424e-02 3.682035399852092578e-02
2.133288907829709036e-01 3.682035399852092578e-02
4.449133101170518745e-01 2.770970387081768682e-01
-4.814243672192720647e-01 -7.405453906503660644e-01
-7.130087865533530911e-01 3.194988065981161918e-01
7.922899391181733586e-01 2.510256814244979484e+00
-1.825552855111008468e-02 2.086239135345586693e+00
-1.060385415554474520e+00 3.682035399852092578e-02
-7.130087865533530911e-01 -3.165277117509731619e-01
-1.825552855111008468e-02 2.722265653694675880e+00
-7.130087865533530911e-01 6.021772591977114786e-01
-3.656321575522315515e-01 7.435164854975090387e-01
-7.130087865533530911e-01 1.781595802983185484e-01
1.371250987453375814e+00 2.298247974795283088e+00
-7.130087865533530911e-01 -5.992061643505683932e-01
1.950212035788578380e+00 -3.165277117509731619e-01
2.133288907829709036e-01 -6.557418548704874173e-01
9.753668111593040424e-02 2.268643136854116629e-02
-7.130087865533530911e-01 -7.405453906503660644e-01
9.753668111593040424e-02 2.268643136854116629e-02
-7.130087865533530911e-01 -7.405453906503660644e-01
-3.656321575522315515e-01 -1.164563069549758856e+00
-1.407762044555596059e+00 -1.729919974748949318e+00
2.133288907829709036e-01 1.803560682745991128e+00
-1.407762044555596059e+00 -1.729919974748949318e+00
2.133288907829709036e-01 1.803560682745991128e+00
-1.407762044555596059e+00 -1.729919974748949318e+00
-1.407762044555596059e+00 -1.729919974748949318e+00
-1.825552855111008468e-02 -8.818846169501636245e-01
-1.825552855111008468e-02 -8.818846169501636245e-01
-1.825552855111008468e-02 -8.818846169501636245e-01
-3.656321575522315515e-01 -1.447241522149354198e+00
-3.656321575522315515e-01 -1.447241522149354198e+00
7.922899391181733586e-01 1.662221456446193679e+00
7.922899391181733586e-01 1.662221456446193679e+00
-1.176177625221515033e+00 1.238203777546800666e+00
-7.130087865533530911e-01 -5.992061643505683932e-01
-1.176177625221515033e+00 1.238203777546800666e+00
-7.130087865533530911e-01 -5.992061643505683932e-01
1.371250987453375814e+00 -3.165277117509731619e-01
1.950212035788578380e+00 3.216952945743967618e+00
1.371250987453375814e+00 3.146283332594068671e+00
9.753668111593040424e-02 -3.871973249008719420e-01
4.449133101170518745e-01 -6.211710441133740795e-02
-2.498399478851910660e-01 -7.122775453904064413e-01
-9.445932058874340065e-01 -9.384203074700826486e-01
1.023874358452254274e+00 8.848557117973067099e-01
1.023874358452254274e+00 8.848557117973067099e-01
2.133288907829709036e-01 -3.384925915137788205e-02
2.133288907829709036e-01 -3.384925915137788205e-02
2.133288907829709036e-01 -3.384925915137788205e-02
-3.656321575522315515e-01 3.901684197480149718e-01
-3.656321575522315515e-01 3.901684197480149718e-01
7.922899391181733586e-01 3.901684197480149718e-01
7.922899391181733586e-01 3.901684197480149718e-01
-3.656321575522315515e-01 9.555253249472054344e-01
5.607055197840923322e-01 1.167534164396901941e+00
7.922899391181733586e-01 2.510256814244979484e+00
2.133288907829709036e-01 3.901684197480149718e-01
9.080821487852138718e-01 8.141860986474078743e-01
9.080821487852138718e-01 8.141860986474078743e-01
7.922899391181733586e-01 -1.751884854511755185e-01
-3.656321575522315515e-01 -6.698757775004672288e-01
9.080821487852138718e-01 3.901684197480149718e-01
2.529173084123780946e+00 1.096864551247003217e+00
4.449133101170518745e-01 1.074899671484197405e-01
2.529173084123780946e+00 1.096864551247003217e+00
7.922899391181733586e-01 3.901684197480149718e-01
1.718627616454497353e+00 2.510256814244979484e+00
-1.060385415554474520e+00 -1.659250361599050594e+00
-1.639346463889677086e+00 -3.165277117509731619e-01
2.133288907829709036e-01 3.901684197480149718e-01
2.133288907829709036e-01 3.901684197480149718e-01
2.133288907829709036e-01 3.901684197480149718e-01
2.133288907829709036e-01 3.901684197480149718e-01
2.133288907829709036e-01 3.901684197480149718e-01
2.133288907829709036e-01 3.901684197480149718e-01
2.529173084123780946e+00 2.510256814244979484e+00
-1.825552855111008468e-02 -7.405453906503660644e-01
-1.825552855111008468e-02 -7.405453906503660644e-01
-1.825552855111008468e-02 -3.384925915137788205e-02
2.133288907829709036e-01 3.682035399852092578e-02
2.133288907829709036e-01 3.682035399852092578e-02
7.922899391181733586e-01 -7.405453906503660644e-01
-1.825552855111008468e-02 -1.164563069549758856e+00
-9.445932058874340065e-01 -1.023223843249961185e+00
2.133288907829709036e-01 1.662221456446193679e+00
7.922899391181733586e-01 9.555253249472054344e-01
-3.656321575522315515e-01 -5.992061643505683932e-01
6.764977294511328454e-01 3.901684197480149718e-01
3.687095180794185634e+00 1.803560682745991128e+00
-9.445932058874340065e-01 -1.023223843249961185e+00
7.922899391181733586e-01 -7.405453906503660644e-01
5.607055197840923322e-01 7.922212188846021463e-02
2.133288907829709036e-01 6.021772591977114786e-01
-1.825552855111008468e-02 -1.235232682699657802e+00
-7.130087865533530911e-01 -1.235232682699657802e+00
-5.972165768863125779e-01 -8.112150038002647889e-01
-2.498399478851910660e-01 -4.578669380507707776e-01
-5.972165768863125779e-01 -3.589294796409124300e-01
3.687095180794185634e+00 1.074899671484197405e-01
2.133288907829709036e-01 3.901684197480149718e-01
1.371250987453375814e+00 1.068596705987043594e+00
2.297588664789699919e+00 1.096864551247003217e+00
1.023874358452254274e+00 1.520882230146396008e+00
-8.288009962203934933e-01 -9.525542301000624601e-01
1.950212035788578380e+00 9.555253249472054344e-01
-1.825552855111008468e-02 -3.384925915137788205e-02
-4.814243672192720647e-01 5.315076460478126430e-01
-5.972165768863125779e-01 -5.992061643505683932e-01
-8.288009962203934933e-01 -1.206964837439698179e+00
-7.130087865533530911e-01 -5.992061643505683932e-01
-4.814243672192720647e-01 -6.416079322405077168e-01
1.371250987453375814e+00 1.096864551247003217e+00
-4.814243672192720647e-01 -7.405453906503660644e-01
-7.130087865533530911e-01 -8.818846169501636245e-01
-9.445932058874340065e-01 -1.305902295849556527e+00
4.449133101170518745e-01 3.901684197480149718e-01
-8.288009962203934933e-01 -1.277634450589596904e+00
-1.291969834888555546e+00 -7.405453906503660644e-01
1.139666568119294787e+00 1.096864551247003217e+00
-9.445932058874340065e-01 -1.023223843249961185e+00
-7.130087865533530911e-01 -8.818846169501636245e-01
6.764977294511328454e-01 -1.045188723012766968e-01
6.764977294511328454e-01 -1.045188723012766968e-01
6.764977294511328454e-01 -1.045188723012766968e-01
6.764977294511328454e-01 -1.045188723012766968e-01
2.133288907829709036e-01 2.488291934482173562e-01
5.607055197840923322e-01 -1.045188723012766968e-01
-2.498399478851910660e-01 -1.751884854511755185e-01
2.133288907829709036e-01 -1.751884854511755185e-01
-2.498399478851910660e-01 -4.578669380507707776e-01
1.371250987453375814e+00 9.555253249472054344e-01
-7.130087865533530911e-01 -7.405453906503660644e-01
1.371250987453375814e+00 1.068596705987043594e+00
-1.407762044555596059e+00 -1.588580748449151647e+00
-1.825552855111008468e-02 -3.165277117509731619e-01
4.449133101170518745e-01 1.357578124083792526e-01
6.764977294511328454e-01 1.074899671484197405e-01
-4.814243672192720647e-01 -8.960185395801434360e-01
-3.656321575522315515e-01 3.194988065981161918e-01
-1.340477382181505805e-01 -1.023223843249961185e+00
-1.340477382181505805e-01 -1.023223843249961185e+00
-3.656321575522315515e-01 -3.165277117509731619e-01
7.922899391181733586e-01 -8.394828490602243010e-01
1.139666568119294787e+00 1.096864551247003217e+00
-1.340477382181505805e-01 -3.165277117509731619e-01
-2.498399478851910660e-01 5.315076460478126430e-01
-7.130087865533530911e-01 -4.578669380507707776e-01
-9.445932058874340065e-01 -6.698757775004672288e-01
7.922899391181733586e-01 8.141860986474078743e-01
1.023874358452254274e+00 7.922212188846021463e-02
-5.972165768863125779e-01 -8.112150038002647889e-01
2.133288907829709036e-01 3.901684197480149718e-01
-5.972165768863125779e-01 -1.588580748449151647e+00
4.449133101170518745e-01 7.435164854975090387e-01
2.133288907829709036e-01 1.074899671484197405e-01
-1.291969834888555546e+00 -7.405453906503660644e-01
4.449133101170518745e-01 7.435164854975090387e-01
2.133288907829709036e-01 1.074899671484197405e-01
1.371250987453375814e+00 9.555253249472054344e-01
-1.340477382181505805e-01 -4.578669380507707776e-01
-7.130087865533530911e-01 -8.253489264302446005e-01
-1.060385415554474520e+00 -1.093893456399860131e+00
-8.288009962203934933e-01 -8.818846169501636245e-01
-4.814243672192720647e-01 -4.295990927908112100e-01
-7.130087865533530911e-01 3.682035399852092578e-02
6.764977294511328454e-01 3.901684197480149718e-01
3.687095180794185634e+00 1.591551843296294733e+00
-4.814243672192720647e-01 -3.165277117509731619e-01
9.080821487852138718e-01 3.901684197480149718e-01
-5.972165768863125779e-01 -1.164563069549758856e+00
-5.972165768863125779e-01 -1.164563069549758856e+00
-5.972165768863125779e-01 -1.164563069549758856e+00
5.607055197840923322e-01 1.074899671484197405e-01
2.529173084123780946e+00 1.662221456446193679e+00
2.529173084123780946e+00 1.662221456446193679e+00
-7.130087865533530911e-01 -7.405453906503660644e-01
-4.814243672192720647e-01 -3.165277117509731619e-01
-4.814243672192720647e-01 -4.578669380507707776e-01
-1.340477382181505805e-01 -3.384925915137788205e-02
3.291211004500114168e-01 7.152486402375495267e-01
7.922899391181733586e-01 6.728468723476102031e-01
-1.340477382181505805e-01 -5.992061643505683932e-01
7.922899391181733586e-01 1.308873390696699612e+00
-1.176177625221515033e+00 -8.112150038002647889e-01
6.764977294511328454e-01 9.555253249472054344e-01
2.133288907829709036e-01 -1.376571908999455252e+00
-1.407762044555596059e+00 -1.729919974748949318e+00
-1.176177625221515033e+00 -8.112150038002647889e-01
6.764977294511328454e-01 9.555253249472054344e-01
2.133288907829709036e-01 -1.376571908999455252e+00
-1.407762044555596059e+00 -1.729919974748949318e+00
3.108134132458983068e+00 1.803560682745991128e+00
-4.814243672192720647e-01 -3.165277117509731619e-01
2.133288907829709036e-01 2.488291934482173562e-01
-5.972165768863125779e-01 -8.677506943201839240e-01
-4.814243672192720647e-01 -3.165277117509731619e-01
2.133288907829709036e-01 2.488291934482173562e-01
-5.972165768863125779e-01 -8.677506943201839240e-01
-4.814243672192720647e-01 -3.165277117509731619e-01
2.133288907829709036e-01 2.488291934482173562e-01
-5.972165768863125779e-01 -8.677506943201839240e-01
-3.656321575522315515e-01 -7.405453906503660644e-01
-2.498399478851910660e-01 -3.165277117509731619e-01
-2.498399478851910660e-01 -3.165277117509731619e-01
7.922899391181733586e-01 3.682035399852092578e-02
3.108134132458983068e+00 1.096864551247003217e+00
2.133288907829709036e-01 -1.305902295849556527e+00
1.139666568119294787e+00 1.096864551247003217e+00
-3.656321575522315515e-01 -5.992061643505683932e-01
-1.340477382181505805e-01 -1.023223843249961185e+00
-4.814243672192720647e-01 -5.992061643505683932e-01
-1.176177625221515033e+00 -8.112150038002647889e-01
-2.498399478851910660e-01 -1.305902295849556527e+00
-1.176177625221515033e+00 -8.112150038002647889e-01
1.371250987453375814e+00 2.488291934482173562e-01
7.922899391181733586e-01 3.619005744880554598e-01
-1.825552855111008468e-02 3.901684197480149718e-01
7.922899391181733586e-01 1.074899671484197405e-01
4.449133101170518745e-01 3.901684197480149718e-01
-3.656321575522315515e-01 -7.405453906503660644e-01
-1.060385415554474520e+00 -1.023223843249961185e+00
-1.060385415554474520e+00 -1.023223843249961185e+00
-3.656321575522315515e-01 -7.405453906503660644e-01
-4.814243672192720647e-01 -4.578669380507707776e-01
-2.498399478851910660e-01 -3.165277117509731619e-01
1.371250987453375814e+00 2.488291934482173562e-01
-1.825552855111008468e-02 3.901684197480149718e-01
6.764977294511328454e-01 8.141860986474078743e-01
4.449133101170518745e-01 8.141860986474078743e-01
-9.445932058874340065e-01 -1.376571908999455252e+00
-7.130087865533530911e-01 2.488291934482173562e-01
3.291211004500114168e-01 3.901684197480149718e-01
-1.825552855111008468e-02 -1.023223843249961185e+00
9.753668111593040424e-02 -8.818846169501636245e-01
4.449133101170518745e-01 7.152486402375495267e-01
7.922899391181733586e-01 5.315076460478126430e-01
-1.176177625221515033e+00 -7.405453906503660644e-01
1.602835406787456840e+00 7.435164854975090387e-01
7.922899391181733586e-01 2.510256814244979484e+00
-2.498399478851910660e-01 -5.992061643505683932e-01
-8.288009962203934933e-01 -3.165277117509731619e-01
1.371250987453375814e+00 1.803560682745991128e+00
1.371250987453375814e+00 1.803560682745991128e+00
-2.498399478851910660e-01 -7.405453906503660644e-01
-2.498399478851910660e-01 -3.165277117509731619e-01
9.753668111593040424e-02 1.096864551247003217e+00
-1.407762044555596059e+00 -1.376571908999455252e+00
-1.407762044555596059e+00 -1.376571908999455252e+00
9.080821487852138718e-01 2.205613481882578442e-01
-1.340477382181505805e-01 -6.698757775004672288e-01
6.764977294511328454e-01 7.435164854975090387e-01
-1.825552855111008468e-02 3.682035399852092578e-02
-5.972165768863125779e-01 -4.578669380507707776e-01
2.133288907829709036e-01 3.901684197480149718e-01
-1.060385415554474520e+00 -1.136295224289799455e+00
-5.972165768863125779e-01 -6.557418548704874173e-01
-1.340477382181505805e-01 -1.023223843249961185e+00
9.080821487852138718e-01 -3.384925915137788205e-02
3.291211004500114168e-01 3.901684197480149718e-01
-4.814243672192720647e-01 3.901684197480149718e-01
2.133288907829709036e-01 1.074899671484197405e-01
7.160861470805400586e+00 1.096864551247003217e+00
7.922899391181733586e-01 3.901684197480149718e-01
-4.814243672192720647e-01 -5.992061643505683932e-01
3.108134132458983068e+00 3.216952945743967618e+00
3.291211004500114168e-01 -4.578669380507707776e-01
1.139666568119294787e+00 3.901684197480149718e-01
-2.498399478851910660e-01 -1.305902295849556527e+00
-7.130087865533530911e-01 -4.578669380507707776e-01
-7.130087865533530911e-01 -4.578669380507707776e-01
4.449133101170518745e-01 1.074899671484197405e-01
-3.656321575522315515e-01 3.682035399852092578e-02
6.764977294511328454e-01 1.074899671484197405e-01
-7.130087865533530911e-01 -8.818846169501636245e-01
-7.130087865533530911e-01 -4.295990927908112100e-01
-3.656321575522315515e-01 3.682035399852092578e-02
-2.498399478851910660e-01 -1.751884854511755185e-01
-2.498399478851910660e-01 -1.751884854511755185e-01
-5.972165768863125779e-01 -1.023223843249961185e+00
-4.814243672192720647e-01 -5.992061643505683932e-01
9.080821487852138718e-01 3.901684197480149718e-01
9.080821487852138718e-01 3.901684197480149718e-01
-7.130087865533530911e-01 -7.405453906503660644e-01
-4.814243672192720647e-01 -1.045188723012766968e-01
-4.814243672192720647e-01 -4.578669380507707776e-01
-7.130087865533530911e-01 -5.992061643505683932e-01
3.687095180794185634e+00 2.227578361645384142e+00
-4.814243672192720647e-01 -1.751884854511755185e-01
7.922899391181733586e-01 3.682035399852092578e-02
-8.288009962203934933e-01 -1.037357765879941107e+00
7.922899391181733586e-01 -3.165277117509731619e-01
3.687095180794185634e+00 3.901684197480149718e-01
-4.814243672192720647e-01 -3.165277117509731619e-01
-4.814243672192720647e-01 -3.165277117509731619e-01
4.449133101170518745e-01 -9.101524622101231365e-01
-4.814243672192720647e-01 -3.165277117509731619e-01
4.449133101170518745e-01 -9.101524622101231365e-01
3.802887390461226147e+00 6.021772591977114786e-01
3.802887390461226147e+00 6.021772591977114786e-01
2.133288907829709036e-01 -5.285365512006695576e-01
2.133288907829709036e-01 -5.285365512006695576e-01
2.133288907829709036e-01 -5.285365512006695576e-01
2.133288907829709036e-01 3.901684197480149718e-01
1.371250987453375814e+00 7.435164854975090387e-01
4.449133101170518745e-01 3.901684197480149718e-01
2.133288907829709036e-01 3.901684197480149718e-01
4.449133101170518745e-01 3.682035399852092578e-02
2.133288907829709036e-01 3.901684197480149718e-01
4.449133101170518745e-01 3.682035399852092578e-02
5.607055197840923322e-01 -5.992061643505683932e-01
-7.130087865533530911e-01 -3.165277117509731619e-01
-7.130087865533530911e-01 -3.165277117509731619e-01
-1.291969834888555546e+00 -7.405453906503660644e-01
-1.291969834888555546e+00 -7.405453906503660644e-01
-1.291969834888555546e+00 -7.405453906503660644e-01
-1.291969834888555546e+00 -7.405453906503660644e-01
-1.340477382181505805e-01 -5.992061643505683932e-01
-7.130087865533530911e-01 -3.165277117509731619e-01
-3.656321575522315515e-01 7.435164854975090387e-01
-7.130087865533530911e-01 -3.165277117509731619e-01
-3.656321575522315515e-01 7.435164854975090387e-01
-7.130087865533530911e-01 -3.165277117509731619e-01
-2.498399478851910660e-01 -3.871973249008719420e-01
-1.340477382181505805e-01 1.781595802983185484e-01
3.687095180794185634e+00 6.021772591977114786e-01
-1.825552855111008468e-02 1.781595802983185484e-01
-2.498399478851910660e-01 7.435164854975090387e-01
3.291211004500114168e-01 -4.578669380507707776e-01
4.449133101170518745e-01 -4.578669380507707776e-01
-7.130087865533530911e-01 -1.164563069549758856e+00
2.297588664789699919e+00 1.096864551247003217e+00
-9.445932058874340065e-01 -3.871973249008719420e-01
3.687095180794185634e+00 2.863604879994473329e+00
-5.972165768863125779e-01 -9.525542301000624601e-01
-1.060385415554474520e+00 -5.992061643505683932e-01
-7.130087865533530911e-01 -8.394828490602243010e-01
2.133288907829709036e-01 3.682035399852092578e-02
1.371250987453375814e+00 1.450212616996497283e+00
-7.130087865533530911e-01 -1.751884854511755185e-01
1.371250987453375814e+00 1.450212616996497283e+00
-1.340477382181505805e-01 -5.992061643505683932e-01
-7.130087865533530911e-01 -5.992061643505683932e-01
-7.130087865533530911e-01 -7.405453906503660644e-01
-4.814243672192720647e-01 -3.165277117509731619e-01
2.133288907829709036e-01 6.021772591977114786e-01
-1.825552855111008468e-02 3.901684197480149718e-01
-9.445932058874340065e-01 -5.285365512006695576e-01
-7.130087865533530911e-01 -4.578669380507707776e-01
7.922899391181733586e-01 2.488291934482173562e-01
7.922899391181733586e-01 1.012061015467124570e+00
1.371250987453375814e+00 2.488291934482173562e-01
7.922899391181733586e-01 2.488291934482173562e-01
7.922899391181733586e-01 1.012061015467124570e+00
1.371250987453375814e+00 2.488291934482173562e-01
1.139666568119294787e+00 1.379543003846598337e+00
-7.130087865533530911e-01 1.238203777546800666e+00
-9.445932058874340065e-01 -1.800589587898848265e+00
4.449133101170518745e-01 6.728468723476102031e-01
-9.445932058874340065e-01 -1.800589587898848265e+00
4.449133101170518745e-01 6.728468723476102031e-01
-9.445932058874340065e-01 -1.376571908999455252e+00
-1.291969834888555546e+00 -7.405453906503660644e-01
-5.972165768863125779e-01 -8.394828490602243010e-01
-9.445932058874340065e-01 -1.376571908999455252e+00
-1.291969834888555546e+00 -7.405453906503660644e-01
-5.972165768863125779e-01 -8.394828490602243010e-01
1.371250987453375814e+00 1.450212616996497283e+00
1.371250987453375814e+00 1.450212616996497283e+00
1.371250987453375814e+00 3.682035399852092578e-02
1.371250987453375814e+00 1.450212616996497283e+00
1.371250987453375814e+00 3.682035399852092578e-02
-1.825552855111008468e-02 -6.698757775004672288e-01
-1.825552855111008468e-02 -6.698757775004672288e-01
