3.180000000000000000e+02
6.000000000000000000e+01
0.000000000000000000e+00
4.000000000000000000e+00
4.220000000000000000e+02
3.770000000000000000e+02
3.990000000000000000e+02
2.090000000000000000e+02
4.010000000000000000e+02
2.960000000000000000e+02
4.270000000000000000e+02
1.130000000000000000e+02
1.970000000000000000e+02
4.280000000000000000e+02
4.300000000000000000e+02
3.440000000000000000e+02
8.200000000000000000e+01
4.040000000000000000e+02
3.840000000000000000e+02
2.220000000000000000e+02
3.680000000000000000e+02
3.100000000000000000e+02
2.300000000000000000e+02
3.450000000000000000e+02
2.100000000000000000e+02
3.040000000000000000e+02
4.460000000000000000e+02
4.490000000000000000e+02
4.500000000000000000e+01
5.000000000000000000e+01
2.970000000000000000e+02
5.000000000000000000e+00
3.710000000000000000e+02
2.150000000000000000e+02
2.180000000000000000e+02
1.270000000000000000e+02
8.500000000000000000e+01
1.260000000000000000e+02
3.300000000000000000e+02
4.320000000000000000e+02
3.870000000000000000e+02
2.490000000000000000e+02
1.450000000000000000e+02
1.800000000000000000e+02
1.160000000000000000e+02
3.720000000000000000e+02
3.910000000000000000e+02
4.210000000000000000e+02
9.500000000000000000e+01
1.080000000000000000e+02
1.660000000000000000e+02
3.190000000000000000e+02
1.480000000000000000e+02
3.800000000000000000e+02
1.020000000000000000e+02
1.910000000000000000e+02
4.440000000000000000e+02
3.670000000000000000e+02
4.030000000000000000e+02
1.620000000000000000e+02
