3.200000000000000000e+02
3.270000000000000000e+02
3.230000000000000000e+02
3.880000000000000000e+02
4.300000000000000000e+01
1.020000000000000000e+02
2.420000000000000000e+02
3.240000000000000000e+02
2.800000000000000000e+01
4.100000000000000000e+01
8.900000000000000000e+01
9.400000000000000000e+01
1.030000000000000000e+02
2.500000000000000000e+01
3.070000000000000000e+02
6.600000000000000000e+01
4.200000000000000000e+01
9.300000000000000000e+01
3.220000000000000000e+02
1.350000000000000000e+02
3.390000000000000000e+02
1.040000000000000000e+02
2.600000000000000000e+01
1.570000000000000000e+02
1.370000000000000000e+02
1.050000000000000000e+02
2.700000000000000000e+01
3.400000000000000000e+02
6.800000000000000000e+01
1.540000000000000000e+02
6.700000000000000000e+01
2.450000000000000000e+02
9.000000000000000000e+01
6.900000000000000000e+01
3.800000000000000000e+01
1.360000000000000000e+02
9.100000000000000000e+01
8.000000000000000000e+00
1.560000000000000000e+02
6.200000000000000000e+01
1.550000000000000000e+02
7.300000000000000000e+01
6.000000000000000000e+00
6.100000000000000000e+01
7.000000000000000000e+00
