3.200000000000000000e+02
3.270000000000000000e+02
3.230000000000000000e+02
2.420000000000000000e+02
3.880000000000000000e+02
3.390000000000000000e+02
3.240000000000000000e+02
3.070000000000000000e+02
3.400000000000000000e+02
3.220000000000000000e+02
1.020000000000000000e+02
4.300000000000000000e+01
2.800000000000000000e+01
4.100000000000000000e+01
8.900000000000000000e+01
9.400000000000000000e+01
1.030000000000000000e+02
2.500000000000000000e+01
6.600000000000000000e+01
2.450000000000000000e+02
5.300000000000000000e+01
4.200000000000000000e+01
9.300000000000000000e+01
2.600000000000000000e+01
1.350000000000000000e+02
1.040000000000000000e+02
2.700000000000000000e+01
1.050000000000000000e+02
6.800000000000000000e+01
1.570000000000000000e+02
1.370000000000000000e+02
6.700000000000000000e+01
9.000000000000000000e+01
6.900000000000000000e+01
3.080000000000000000e+02
3.770000000000000000e+02
3.790000000000000000e+02
2.430000000000000000e+02
2.460000000000000000e+02
2.160000000000000000e+02
3.410000000000000000e+02
3.440000000000000000e+02
3.430000000000000000e+02
3.100000000000000000e+02
3.720000000000000000e+02
