-2.448460748360313799e-01 -1.220503077508335199e+00
-4.356420127419912691e-01 -1.442455001424375993e+00
-2.830052624172239017e-01 -1.729686902962781270e+00
-4.801610649200487302e-01 -1.390231019326483741e+00
-5.819188984698936418e-01 -1.716630907438308151e+00
-1.001669961863005831e+00 -1.808022876109619315e+00
-8.108740239570459973e-01 -1.468566992473321786e+00
-5.310399816949711305e-01 -1.298839050655173022e+00
-3.084447208046846578e-01 -1.155223099885970495e+00
-1.748875642705131073e-01 -9.724391625433487230e-01
-3.084447208046846578e-01 -9.463271714944028190e-01
-5.246801170981062468e-01 -7.374312431028352544e-01
-4.928807941137795523e-01 -8.157672162496730772e-01
-3.402440437890112968e-01 -1.024663144641240642e+00
-4.928807941137795523e-01 -1.181335090934916510e+00
-5.755590338730286470e-01 -9.854951580678217304e-01
-7.312973072066730751e-02 -9.593831670188757155e-01
-2.384862102391664129e-01 -7.635432341517811583e-01
-3.656835021764729965e-01 -7.374312431028352544e-01
-3.338841791921463575e-01 -8.679911983475649961e-01
-9.444311804912175479e-01 -1.181335090934916510e+00
-9.856918910812899337e-02 -1.455510996948848668e+00
5.406756121663926912e-02 -1.024663144641240642e+00
-5.501195754855670028e-01 -1.246615068557281436e+00
4.770769661977340009e-02 -1.298839050655173022e+00
4.134783202290843312e-02 -1.324951041704119037e+00
-7.312973072066730751e-02 -1.377175023802011067e+00
-1.567697910984020115e+00 -1.468566992473321786e+00
-5.691991692761636523e-01 -1.429399005899902875e+00
-5.564794400824328857e-01 -9.985511535922947379e-01
-1.812474288673780742e-01 -1.272727059606227229e+00
-3.211644499984154799e-01 -1.377175023802011067e+00
-7.727148363758534755e-01 -6.590952699559973205e-01
-5.691991692761636523e-01 -4.763113326133756598e-01
-2.194066164485705961e-01 -5.415913102357404751e-01
2.862810282917759366e-02 -3.457513773686459180e-01
-2.575658040297622020e-01 -4.501993415644297003e-01
-7.917944301664502360e-01 -6.721512654804703280e-01
-2.089206807926976772e+00 -1.155223099885970495e+00
-2.384862102391664129e-01 -1.246615068557281436e+00
-1.430882412861864683e-01 -7.504872386273081508e-01
-8.999121283131600313e-01 -1.494678983522267801e+00
-7.854345655695843531e-01 -1.768854889536200403e+00
-1.147946847590908259e+00 -1.964694822403294960e+00
-7.472753779883927194e-01 -2.029974800025660109e+00
-3.338841791921463575e-01 -2.108310773172497488e+00
7.314715500723507902e-02 -1.573014956669105846e+00
-1.275144139528214815e+00 -1.285783055130700125e+00
-2.003270226579738911e-01 -1.821078871634092211e+00
1.113063425884266849e-01 -2.108310773172497488e+00
-9.856918910812899337e-02 -1.520790974571213594e+00
-5.056005233075103744e-01 -1.168279095410443391e+00
-2.003270226579738911e-01 -1.129111108837024258e+00
-1.876072934642439571e-01 -1.063831131214659331e+00
-8.744726699256992752e-01 -1.194391086459389184e+00
1.939845823476757936e-01 -1.377175023802011067e+00
1.749049885570799767e-01 -8.157672162496730772e-01
-1.558079704799173182e-01 -8.549352028230919887e-01
-4.738012003231837355e-01 -3.196393863196999585e-01
8.045315836467479276e-01 -2.674154042218080396e-01
2.130641761382724986e-01 -5.154793191867945712e-01
-8.935522637162951476e-01 -7.113192520538891284e-01
4.928982184003464218e-01 -5.154793191867945712e-01
-2.257664810454355631e-01 -8.549352028230919887e-01
-1.421421025256117243e+00 -1.116055113312551583e+00
6.646145625157104941e-01 -1.259671064081754110e+00
8.236111774373436889e-01 -1.129111108837024258e+00
4.610988954160197828e-01 -1.155223099885970495e+00
4.356594370285590267e-01 -1.168279095410443391e+00
1.590837363544675420e-02 -1.089943122263605568e+00
7.472928022749595334e-01 -1.220503077508335199e+00
1.049464779915617180e-01 -5.677033012846864901e-01
1.020766979940168628e+00 -2.674154042218080396e-01
3.021022804943865325e-01 -4.501993415644297003e-01
9.253690109871886005e-01 -7.635432341517811583e-01
9.762479277621120000e-01 -3.718633684175918219e-01
3.402614680755790544e-01 -5.285353147112675787e-01
2.830226867037907712e-01 -8.679911983475649961e-01
1.812648531539458596e-01 -1.442455001424375993e+00
6.582546979188454994e-01 -1.703574911913835477e+00
9.508084693746502447e-01 -1.076887126739132672e+00
1.230642511636725223e+00 -6.721512654804703280e-01
2.766628221069257765e-01 -1.129111108837024258e+00
7.472928022749595334e-01 -1.142167104361497376e+00
5.119778121909421831e-01 -9.202151804454568040e-01
1.065286032118226034e+00 -3.979753594665378369e-01
8.744900942122662002e-01 -1.107434579281323245e-01
1.812648531539458596e-01 -8.810471938720378926e-01
1.876247177508108266e-01 -7.374312431028352544e-01
1.116164948893148434e+00 -2.674154042218080396e-01
4.356594370285590267e-01 2.548244167571109831e-01
2.257839053320024325e-01 4.898323361976245072e-01
1.421438449542685056e+00 7.204047941448926684e-02
1.497756824705068324e+00 6.760501792124389009e-03
1.084365625908821906e+00 4.592848836554341146e-02
1.058926167521361039e+00 1.634324480858001249e-01
1.510476553898798979e+00 1.634324480858001249e-01
2.121023555197871335e+00 1.764884436102731602e-01
2.248220847135177891e+00 2.156564301836920716e-01
2.031985450841756080e+00 2.156564301836920716e-01
2.063784773826082830e+00 2.026004346592190364e-01
1.612234387448644890e+00 2.809364078060569425e-01
2.235501117941447013e+00 2.678804122815838795e-01
2.712490962706346487e+00 2.809364078060569425e-01
2.801529067062460854e+00 3.331603899039488059e-01
1.949307211082507152e+00 1.112084659879082893e-01
8.426907712279395612e-01 -3.588073728931189255e-01
8.744900942122662002e-01 -2.021354265994431687e-01
8.935696880028619615e-01 7.204047941448926684e-02
1.090725490505687789e+00 2.678804122815838795e-01
6.900540209031721384e-01 2.026004346592190364e-01
1.885708565113853874e+00 1.764884436102731602e-01
1.459597637123876579e+00 -3.457513773686459180e-01
1.605874522851779007e+00 -3.457513773686459180e-01
1.841189512935796246e+00 1.503764525613272007e-01
1.796670460757738841e+00 2.939924033305298945e-01
1.230642511636725223e+00 1.634324480858001249e-01
1.590837363544675420e-02 -3.457513773686459180e-01
7.536526668718254163e-01 -6.068712878581054015e-01
-1.367283766893206132e-01 -4.371433460399566928e-01
1.268801699217916745e+00 1.981649731659743466e-02
1.726711950192220568e+00 -1.935148925682152882e-02
1.256081970024185868e+00 1.895444391347460844e-01
1.812648531539458596e-01 -2.151914221239161762e-01
8.681302296154012055e-01 -3.718633684175918219e-01
6.900540209031721384e-01 1.503764525613272007e-01
2.057424909229217835e+00 6.334482869668273120e-01
1.726711950192220568e+00 7.770642377360299502e-01
1.535916012286260734e+00 7.640082422115570537e-01
5.437771351752689331e-01 7.640082422115570537e-01
4.992580829972123047e-01 8.162322243094489727e-01
8.108914482436129223e-01 8.945681974562867955e-01
6.518948333219796165e-01 9.729041706031246184e-01
7.409329376780946497e-01 8.554002108828677731e-01
9.190091463903236058e-01 6.334482869668273120e-01
-3.171220155149052661e-03 5.681683093444623855e-01
8.586688420096591501e-02 9.467921795541788255e-01
-2.702855332234930241e-01 5.159443272465704666e-01
5.628567289658655826e-01 7.248402556381380313e-01
1.981106534066833680e+00 1.064296139274435227e+00
1.701272491804759035e+00 1.273192067666003124e+00
1.109805084296283439e+00 1.220968085568111317e+00
8.108914482436129223e-01 1.508199987106516815e+00
-2.066868872548397740e-01 1.612647951302300209e+00
1.176662071852925540e-01 1.717095915498084047e+00
9.444486047777853610e-01 1.286248063190476243e+00
5.819363227564613439e-01 2.678804122815838795e-01
-4.928807941137795523e-01 2.287124257081649958e-01
1.497756824705068324e+00 3.201043943794758539e-01
8.299710420342086836e-01 3.853843720018407248e-01
1.580435064464318140e+00 2.026004346592190364e-01
3.339016034787132270e-01 3.984403675263136768e-01
1.058926167521361039e+00 5.028883317220975702e-01
2.152822878182197641e+00 6.203922914423544155e-01
1.332400345186570023e+00 4.506643496242055957e-01
1.529556147689394852e+00 6.856722690647192309e-01
7.663723960655554057e-01 1.895444391347460844e-01
2.321437699288682877e-01 4.245523585752596363e-01
-7.312973072066730751e-02 5.028883317220975702e-01
-7.027563258103352029e-01 5.420563182955163706e-01
2.067043115414066157e-01 6.856722690647192309e-01
3.148220096881174102e-01 7.117842601136651348e-01
8.935696880028619615e-01 5.812243048689353930e-01
1.090725490505687789e+00 1.012072157176543641e+00
7.282132084843637720e-01 1.482087996057570800e+00
1.516836418495664862e+00 1.455976005008624563e+00
-4.610814711294529133e-01 8.684562064073407806e-01
8.744900942122662002e-01 1.103464125847854360e+00
3.021022804943865325e-01 1.547367973679935726e+00
1.046206438327630162e+00 9.598481750786517219e-01
2.512233637194641322e-01 2.548244167571109831e-01
-4.738012003231837355e-01 8.509647493896231596e-02
6.678729041036920999e-02 -1.237994534526053042e-01
-1.453220348240443771e+00 6.760501792124389009e-03
-1.077988337025389987e+00 4.506643496242055957e-01
2.512233637194641322e-01 9.337361840297055959e-01
3.084621450912524154e-01 9.076241929807598030e-01
7.536526668718254163e-01 7.770642377360299502e-01
6.900540209031721384e-01 1.090408130323381686e+00
8.808499588091320831e-01 1.116520121372327479e+00
-3.593236375796071136e-01 1.155688107945746390e+00
1.249722105427320873e+00 1.234024081092583991e+00
1.803030325354604724e+00 1.247080076617057109e+00
2.146463013585331758e+00 1.155688107945746390e+00
7.600125314686904110e-01 1.325416049763894710e+00
-1.049290537049939603e-01 1.234024081092583991e+00
-6.264379506479511583e-01 1.038184148225489434e+00
-7.981542947633152307e-01 5.942803003934082895e-01
-9.889502326692750644e-01 3.853843720018407248e-01
-5.628393046792977694e-01 5.028883317220975702e-01
2.385036345257332546e-01 4.114963630507866843e-01
-2.257664810454355631e-01 4.898323361976245072e-01
-3.784032313702038186e-01 9.206801885052326995e-01
-1.748875642705131073e-01 1.651815937875719120e+00
1.256081970024185868e+00 1.795431888644922092e+00
8.363309066310745665e-01 1.442920009484151889e+00
8.808499588091320831e-01 1.651815937875719120e+00
1.039846573730765167e+00 9.467921795541788255e-01
-1.249704681140753726e+00 -1.107434579281323245e-01
-1.485019671224770521e+00 4.637203451486785477e-01
-3.402440437890112968e-01 8.945681974562867955e-01
-9.220932451126402640e-02 1.534311978155462608e+00
4.420193016254239660e-01 1.638759942351246446e+00
1.033486709133899284e+00 1.834599875218341003e+00
4.865383538034814825e-01 1.168744103470219065e+00
-8.935522637162951476e-01 6.073362959178811860e-01
-1.112889183018598294e-01 9.598481750786517219e-01
1.008047250746438639e+00 1.560423969204408401e+00
8.554105004216703279e-01 1.038184148225489434e+00
1.465957501720741574e+00 1.521255982630989489e+00
1.173403730264936717e+00 1.194856094519165080e+00
1.008047250746438639e+00 1.194856094519165080e+00
2.362698409878753569e+00 1.690983924449138254e+00
1.237002376233589995e+00 1.077352134798908345e+00
-4.420018773388570965e-01 6.726162735402461124e-01
-9.889502326692750644e-01 6.726162735402461124e-01
-3.171220155149052661e-03 1.064296139274435227e+00
1.097085355102552784e+00 1.442920009484151889e+00
1.230642511636725223e+00 1.482087996057570800e+00
3.911403848505015102e-01 1.129576116896800153e+00
-6.963964612134703192e-01 1.207912090043638198e+00
-3.211644499984154799e-01 1.012072157176543641e+00
9.548509038581785499e-03 1.064296139274435227e+00
3.275417388818482323e-01 1.116520121372327479e+00
-1.294223733318810687e+00 1.194856094519165080e+00
-6.645971382291436802e-01 1.155688107945746390e+00
-1.748875642705131073e-01 1.521255982630989489e+00
9.858661339469584894e-02 1.638759942351246446e+00
1.014407115343303634e+00 1.534311978155462608e+00
1.160684001071206062e+00 1.495143991582043475e+00
1.644033710432971418e+00 1.795431888644922092e+00
1.370559532767761546e+00 1.939047839414124619e+00
1.376919397364627429e+00 1.469032000533097682e+00
-1.014389691056736709e+00 9.337361840297055959e-01
-9.571509096849484255e-01 1.155688107945746390e+00
4.038601140442323878e-01 1.573479964728881519e+00
1.217922782442994345e+00 1.469032000533097682e+00
3.466213326724440491e-01 1.194856094519165080e+00
7.918118544530170499e-01 1.403752022910732755e+00
1.020766979940168628e+00 1.403752022910732755e+00
-1.497739400418501399e+00 5.942803003934082895e-01
-2.893651270140888410e-01 5.551123138199894891e-01
-6.676986612380234054e-02 1.338472045288367829e+00
6.773342917094413718e-01 1.547367973679935726e+00
6.678729041036920999e-02 1.234024081092583991e+00
2.862810282917759366e-02 1.155688107945746390e+00
-9.953100972661400592e-01 6.073362959178811860e-01
-8.681128053288333923e-01 8.509647493896231596e-02
-1.008029826459870826e+00 2.678804122815838795e-01
2.130641761382724986e-01 8.031762287849758541e-01
6.010159165470572162e-01 9.859601661275975149e-01
4.992580829972123047e-01 8.554002108828677731e-01
2.067043115414066157e-01 7.117842601136651348e-01
-8.584945991439814350e-02 6.726162735402461124e-01
-6.963964612134703192e-01 5.681683093444623855e-01
-4.165624189513954523e-01 5.028883317220975702e-01
-9.889502326692750644e-01 1.981649731659743466e-02
7.345730730812287668e-01 5.551123138199894891e-01
5.564968643689996997e-01 9.337361840297055959e-01
-7.091161904072001976e-01 8.162322243094489727e-01
4.547390308191547881e-01 1.064296139274435227e+00
1.590837363544675420e-02 9.206801885052326995e-01
-3.020848562078197186e-01 7.509522466870841573e-01
-7.154760550040660805e-01 8.684562064073407806e-01
-4.610814711294529133e-01 9.206801885052326995e-01
-1.303685120924556184e-01 9.598481750786517219e-01
-1.112889183018598294e-01 9.337361840297055959e-01
-4.038426897576645747e-01 8.292882198339219801e-01
-3.211644499984154799e-01 7.901202332605029577e-01
-5.246801170981062468e-01 7.378962511626110388e-01
-1.367283766893206132e-01 6.987282645891922384e-01
3.911403848505015102e-01 7.248402556381380313e-01
-5.946386276636245194e-01 8.162322243094489727e-01
3.784206556567706881e-01 7.509522466870841573e-01
-1.812474288673780742e-01 3.984403675263136768e-01
-5.691991692761636523e-01 3.592723809528947654e-01
-6.137182214542202807e-01 4.767763406731516107e-01
-7.790747009727193584e-01 8.031762287849758541e-01
-1.077988337025389987e+00 1.090408130323381686e+00
-8.681128053288333923e-01 1.403752022910732755e+00
-7.854345655695843531e-01 1.038184148225489434e+00
-1.306943462512541565e+00 6.726162735402461124e-01
-1.065268607831659109e+00 3.723283764773678284e-01
-5.819188984698936418e-01 1.895444391347460844e-01
-9.253515867006217865e-01 -3.849193639420648294e-01
-1.039829149444197576e+00 -7.504872386273081508e-01
-1.077988337025389987e+00 -1.037719140165713538e+00
-1.103427795412850854e+00 -1.324951041704119037e+00
-4.420018773388570965e-01 -9.463271714944028190e-01
-1.739414255099383633e+00 -8.549352028230919887e-01
-1.694895202921326671e+00 -9.985511535922947379e-01
5.564968643689996997e-01 -1.116055113312551583e+00
5.501369997721347049e-01 -6.329832789070513055e-01
-3.593236375796071136e-01 1.634324480858001249e-01
-6.009984922604902913e-01 7.204047941448926684e-02
-7.281957841977969581e-01 -2.413034131728620801e-01
-9.889502326692750644e-01 -1.368554489770782978e-01
-1.395981566868655932e+00 4.245523585752596363e-01
-2.311802068817263134e+00 4.592848836554341146e-02
-2.257664810454355631e-01 9.815247046343524018e-02
-1.685276996736472521e-01 6.334482869668273120e-01
-1.176487828987247963e-01 4.767763406731516107e-01
1.113063425884266849e-01 1.895444391347460844e-01
2.130641761382724986e-01 2.156564301836920716e-01
-3.911229605639337525e-01 3.462163854284218134e-01
-3.593236375796071136e-01 -1.107434579281323245e-01
-8.871923991194301529e-01 -7.765992296762540548e-01
-1.001669961863005831e+00 -6.068712878581054015e-01
-9.889502326692750644e-01 -8.549352028230919887e-01
-1.535898587999693365e+00 -7.635432341517811583e-01
-4.928807941137795523e-01 -6.721512654804703280e-01
-1.593137369371481205e+00 -7.896552252007270623e-01
-3.354819862703177780e+00 -8.027112207252001808e-01
-3.074985820441102913e+00 -8.679911983475649961e-01
-8.235937531507768750e-01 -9.593831670188757155e-01
-2.957249916109538357e-01 -6.329832789070513055e-01
-1.440500619046713560e+00 -4.546348030576744664e-02
-1.020749555653601703e+00 1.981649731659743466e-02
-1.109787660009716737e+00 -9.768746240365940026e-02
-1.402341431465521371e+00 1.503764525613272007e-01
-1.612216963162077077e+00 3.070483988550029020e-01
-1.701255067518192110e+00 8.509647493896231596e-02
-4.356420127419912691e-01 2.026004346592190364e-01
-1.275144139528214815e+00 5.942803003934082895e-01
-9.507910450880834308e-01 3.984403675263136768e-01
-1.090708066219119976e+00 1.634324480858001249e-01
-7.218359196009310752e-01 -1.499114445015512775e-01
-6.264379506479511583e-01 -3.065833907952269510e-01
-1.071628472428524104e+00 5.898448389001633568e-02
-1.230625087350157409e+00 -3.065833907952269510e-01
-2.194066164485705961e-01 -3.588073728931189255e-01
-7.790747009727193584e-01 -5.677033012846864901e-01
-1.685276996736472521e-01 -7.157547135471341304e-02
-1.186106035172099782e+00 -6.721512654804703280e-01
-1.917490463811613255e+00 -1.024663144641240642e+00
-4.801610649200487302e-01 -1.168279095410443391e+00
-6.391576798416819249e-01 -9.332711759699299225e-01
-5.882787630667595247e-01 -1.011607149116767745e+00
-8.999121283131600313e-01 -1.063831131214659331e+00
-8.235937531507768750e-01 -5.285353147112675787e-01
-1.230625087350157409e+00 -3.326953818441729105e-01
-4.928807941137795523e-01 -7.635432341517811583e-01
-1.240086474955906654e-01 -1.076887126739132672e+00
9.858661339469584894e-02 -6.721512654804703280e-01
-7.345556487946618418e-01 -9.724391625433487230e-01
-3.984446457792845120e+00 -1.272727059606227229e+00
-2.273642881236071833e+00 -1.651350929815943225e+00
-1.256064545737618943e+00 -1.781910885060673078e+00
-7.727148363758534755e-01 -2.173590750794862192e+00
-9.189917221037567918e-01 -2.473878647857740809e+00
-1.345102650093733532e+00 -2.526102629955633283e+00
-7.790747009727193584e-01 -2.369430683661957193e+00
-2.095566672523842211e+00 -2.356374688137484075e+00
-9.253515867006217865e-01 -2.304150706039592045e+00
-7.599951071821235971e-01 -1.142167104361497376e+00
-4.928807941137795523e-01 -3.849193639420648294e-01
-8.299536177476418697e-01 -5.807592968091594976e-01
-1.116147524606581731e+00 -1.629674400260242850e-01
-7.027563258103352029e-01 -6.460392744315244240e-01
-1.621678350767822852e-01 -1.546902965620159609e+00
-3.338841791921463575e-01 -1.364119028277537948e+00
-4.738012003231837355e-01 -1.311895046179646140e+00
-6.391576798416819249e-01 -6.329832789070513055e-01
-8.617529407319685086e-01 -4.501993415644297003e-01
-4.738012003231837355e-01 -7.243752475783622469e-01
