3.450000000000000000e+02
3.120000000000000000e+02
3.130000000000000000e+02
3.520000000000000000e+02
2.120000000000000000e+02
3.460000000000000000e+02
3.500000000000000000e+02
1.040000000000000000e+02
3.490000000000000000e+02
1.030000000000000000e+02
2.300000000000000000e+02
2.310000000000000000e+02
1.830000000000000000e+02
3.800000000000000000e+01
3.530000000000000000e+02
3.510000000000000000e+02
2.980000000000000000e+02
4.300000000000000000e+01
3.340000000000000000e+02
3.480000000000000000e+02
3.470000000000000000e+02
2.700000000000000000e+01
4.400000000000000000e+01
5.000000000000000000e+00
2.900000000000000000e+02
2.890000000000000000e+02
4.500000000000000000e+01
4.200000000000000000e+01
3.110000000000000000e+02
1.940000000000000000e+02
6.400000000000000000e+01
4.700000000000000000e+01
3.090000000000000000e+02
2.030000000000000000e+02
3.210000000000000000e+02
2.870000000000000000e+02
4.900000000000000000e+01
4.100000000000000000e+01
4.000000000000000000e+00
3.200000000000000000e+02
6.000000000000000000e+00
9.800000000000000000e+01
1.020000000000000000e+02
4.800000000000000000e+01
1.390000000000000000e+02
