3.450000000000000000e+02
3.120000000000000000e+02
3.130000000000000000e+02
3.520000000000000000e+02
3.500000000000000000e+02
2.120000000000000000e+02
3.460000000000000000e+02
1.040000000000000000e+02
1.030000000000000000e+02
3.490000000000000000e+02
3.510000000000000000e+02
3.530000000000000000e+02
3.800000000000000000e+01
2.980000000000000000e+02
1.830000000000000000e+02
2.300000000000000000e+02
3.480000000000000000e+02
4.300000000000000000e+01
2.310000000000000000e+02
9.800000000000000000e+01
1.020000000000000000e+02
1.530000000000000000e+02
1.390000000000000000e+02
3.340000000000000000e+02
3.470000000000000000e+02
4.400000000000000000e+01
2.700000000000000000e+01
4.500000000000000000e+01
4.900000000000000000e+01
9.700000000000000000e+01
1.260000000000000000e+02
1.820000000000000000e+02
1.940000000000000000e+02
1.000000000000000000e+02
5.000000000000000000e+00
9.900000000000000000e+01
1.400000000000000000e+02
2.090000000000000000e+02
1.650000000000000000e+02
2.030000000000000000e+02
1.050000000000000000e+02
2.320000000000000000e+02
1.110000000000000000e+02
2.900000000000000000e+02
2.890000000000000000e+02
