278
416
409
28
0
1
84
420
2
29
412
421
418
190
209
135
172
475
99
243
177
50
216
291
417
415
426
232
311
481
519
200
922
434
202
431
294
22
182
105
414
295
17
187
289
158
530
319
61
614
670
96
802
547
225
506
10
406
361
188
234
207
124
104
459
196
208
11
125
365
288
984
307
100
624
154
142
111
112
173
68
228
309
257
23
318
281
256
233
169
197
43
26
247
902
140
1010
302
215
1011
773
245
210
405
253
1114
193
252
45
435
176
694
194
178
321
56
518
702
652
163
198
44
160
121
282
793
464
285
413
117
46
88
82
51
186
149
808
650
317
661
221
462
148
424
483
925
1068
240
329
1152
136
123
113
630
557
1030
436
91
162
352
296
684
222
218
15
618
551
473
146
254
13
201
292
427
55
878
47
349
138
62
18
937
916
928
199
442
378
255
469
537
87
881
33
1016
58
