278
416
409
28
0
420
1
2
421
84
412
190
135
243
50
209
99
475
417
29
172
177
418
311
481
922
415
414
431
294
182
200
22
232
802
105
519
506
225
547
434
10
187
624
154
100
614
124
289
111
158
216
142
319
291
169
43
234
61
426
196
188
1011
140
670
215
208
207
1010
193
202
295
902
1114
228
104
406
194
361
530
459
288
245
518
56
17
88
210
321
82
773
51
405
652
220
303
192
173
162
123
436
221
296
650
96
326
197
462
125
808
5
279
424
352
684
222
186
198
469
218
18
365
793
621
26
46
287
605
636
349
129
4
661
1030
149
618
557
58
14
937
113
551
281
653
537
241
378
199
630
916
353
176
694
68
925
15
1068
984
442
91
16
993
144
569
702
307
131
240
160
87
47
23
55
363
302
256
1056
252
45
483
163
257
669
499
39
138
44
255
146
11
247
430
254
772
410
