-4.214684127478978581e+00 -3.783281626731463287e+00
-4.697930448087309863e+00 -2.536218046305851903e+00
4.674403877528725992e+00 2.594255580571473097e+00
-7.345413140510536065e-01 -3.742402168982817412e-01
-1.677419844802958249e+00 -1.469706923413220290e+00
-1.975780061967052914e+00 -1.304685669844254159e+00
7.178399837423495855e-01 3.573215073820062426e-01
6.971437616429095874e-01 -1.634524156589945570e-02
-5.236797645288525649e-01 -2.060140700551707504e-01
4.558224639454325766e-01 -3.890711593603428109e-01
-2.463194489744953586e+00 -2.096045262884849159e+00
1.218291063320341205e+00 -1.378156318627274945e+00
-1.027662812616060739e+00 -8.025420745877576145e-01
2.226020973644395051e-01 1.784154263780481475e+00
-1.281053448545101947e+00 -1.773217670094207499e+00
1.987744768138126839e+00 5.838212529655674166e-01
1.694073985845084396e+00 1.174133679880685843e+00
-1.975780061967052914e+00 1.542681180021123977e+00
-1.273136841287527021e+00 -1.929918356156991255e+00
2.243160021855540864e-01 -2.073196094117430999e-01
-2.944382361886826449e-01 -4.152592022751719902e-01
-5.277904509799425936e-01 -2.088832360146315736e-01
-3.077255432448380290e+00 -1.810107361039280605e+00
-1.354403844689491709e+00 1.410527893758681373e+00
-8.378647080604869624e-01 -8.171209768540274032e-01
1.040784390826247074e+00 3.926034369561527404e-01
-2.971919619505442589e-01 -2.228548901043400310e+00
2.270886319817239929e-01 1.933811314663646252e-01
5.052901808725642319e+00 3.906773769998189927e+00
-4.042191024325697768e+00 3.804294191310587103e-01
-3.088099730300782331e-01 -1.381713927512721707e+00
-5.696486994228261436e-01 -1.407918538185882973e+00
-8.351089555057490399e-01 -6.232323004389304089e-01
1.316205884344229471e+00 -4.298652655141823042e-01
7.584983936610479871e-01 1.630586877973999371e+00
-8.213149536878773249e-01 -6.181947593201477797e-01
-1.089358463964914536e+00 -4.264040614054461775e-01
-5.771400916305773343e-01 1.898502992686729729e-01
-3.550259211153061062e-02 -1.634524156589945570e-02
-1.672048538899961745e+00 -1.027950523319428378e+00
5.219866678394357029e-01 -6.335646650995404583e-01
-3.550259211153061062e-02 -6.472763304123790862e-01
-3.550259211153061062e-02 -8.479986379626642812e-01
2.163299395267666458e+00 1.889464083708211284e+00
-1.896404757314680056e+00 1.927762451473893357e-01
1.871985788328769607e+00 -2.248653150264016409e-01
-8.641855851724573601e-01 -2.082465501580578859e+00
-1.990356817289357316e+00 -4.382456654675228047e-01
-1.181975888450090828e+00 4.080244961425621986e-01
1.419481496330628589e+00 6.208104954738355996e-01
2.819939598930905067e+00 3.355062342075982862e+00
-2.237341644801074558e+00 -1.223429262244144278e+00
-3.189225570324359937e-01 -8.374563956947534971e-01
8.179318089010135795e-01 1.434961240675624916e+00
-3.168296800410695391e-01 3.866519718835448871e-01
8.116063864417518703e-01 1.807565847675908888e+00
1.654784910719490520e+00 1.954289697945504223e+00
-5.962902136439179879e-01 -1.165887516131708157e+00
-1.962111782263686433e+00 -9.949909801758215488e-01
2.468670597867081429e-01 -4.083593073573153487e-01
5.271515837475472255e-01 -2.174396529925982924e-01
-3.147674868651645363e-01 -2.807232349503921753e+00
-8.763791825702854643e-01 1.023897537351278419e+00
5.313373453498022592e-01 -1.240364484030229031e+00
-3.168296800410695391e-01 -1.634524156589945570e-02
-3.178722440097693780e-01 -6.472763304123790862e-01
-3.550259211153061062e-02 6.201242204952199799e-01
1.381597232492996152e+00 1.855527097652380497e-01
1.926857471887932327e+00 -6.371353034211898470e-01
-3.550259211153061062e-02 1.951922811038011851e-01
-8.492795141053696151e-01 -1.265004402253466997e+00
1.061246769792707045e+00 8.249579858534721311e-01
1.045684276897459020e+00 1.035950962197562886e+00
-8.350474659624728124e-01 -1.634524156589945570e-02
7.725211335320986139e-01 -1.634524156589945570e-02
-5.685324851535924484e-01 1.927762451473893357e-01
2.328899151358514996e-01 -6.335646650995404583e-01
1.034299110793511334e+00 -1.634524156589945570e-02
-8.267446251300930582e-01 -6.472763304123790862e-01
-8.350474659624728124e-01 -2.200154717456689335e-01
2.338386523095198621e-01 -2.290993524940461157e-01
-1.645857650834867458e+00 -2.297254687457988276e-01
-2.243432309784705314e+00 -1.283284693994997783e+00
-1.164981230182573935e+00 -2.341612775827503767e-01
4.852094256700439701e+00 1.067277584179690431e+00
-8.435263177551598490e-01 -1.634524156589945570e-02
5.089536657904263350e-01 1.989100788228724548e-01
-1.941805755890538832e+00 -6.516150094066097687e-01
-2.253364280635412165e+00 -1.306775672618537776e+00
5.355858460969564749e-01 6.361524427078765198e-01
-1.736022427354095621e+00 -6.630233720262959096e-01
1.993725331027539127e+00 4.245315737003081957e-01
-1.164981230182573935e+00 -8.840054885337679247e-01
5.377340712967936254e-01 2.054146097467095533e-01
-3.199807181628566144e-01 1.958950803367883464e-01
5.355858460969564749e-01 8.565908757182907340e-01
-1.736022427354095621e+00 1.490941702148385506e+00
1.413945913531344578e+00 6.152602311766290910e-01
-6.044588518337046246e-01 1.951922811038011851e-01
3.705620884166659135e+00 2.270050942414337136e+00
2.423335473583801747e+00 1.807565847675908888e+00
7.584878025253412037e-01 -6.067378970350419953e-01
4.883653970799750610e-01 1.767053963039954545e-01
-2.956480029501526441e-01 -1.634524156589945570e-02
-2.645868950706987466e+00 -1.634524156589945570e-02
3.208057938720218161e+00 1.178994812439196682e+00
4.966631709301639330e-01 3.703776767683604754e-01
1.251807740900055421e+00 -1.634524156589945570e-02
-2.886871352070480845e-01 -1.570731023168101537e+00
-5.435598672366221962e-01 -4.094436508261684038e-01
-2.912364215716796156e-01 -6.132401657529273908e-01
-2.614957997292034264e+00 -1.423371797553803830e+00
7.612553653393204778e-01 -1.658567477317006489e+00
2.081031339053355467e+00 4.079677307246268314e-01
4.759650591892453653e-01 1.945769175809791418e-01
-5.435598672366221962e-01 1.855527097652380497e-01
-2.912364215716796156e-01 -2.176825573566617267e-01
-2.920976256755638545e-01 1.640900434422305709e+00
-2.929646587138478031e-01 -4.193424550153437846e-01
-5.657691206962853769e-01 3.889043821934441425e-01
4.984800916899519985e-01 5.922627977355445772e-01
1.514507223163182426e+00 -6.198872519050219188e-01
9.772355955095833879e-01 1.892655842861003246e-01
2.226419744857140337e+00 7.955712054749244366e-01
1.420457023743969760e+00 2.587079674775529359e+00
-3.550259211153061062e-02 2.301110087545317207e+00
-5.117227228138689910e-01 5.450745012032941483e-01
6.833202494159784646e-01 -5.734513056168927259e-01
1.151338856071184580e+00 1.296163086963079136e+00
-1.671596320263846636e+00 -1.491813606010163884e+00
-3.550259211153061062e-02 -1.634524156589945570e-02
1.397636326495050874e+00 1.489771735634392691e+00
4.333910785582434921e-01 1.086530116934243839e+00
-5.015284118175605821e-01 7.103356356110613889e-01
4.333910785582434921e-01 7.031248903933291494e-01
3.937980648586012933e+00 2.113662107242522570e+00
-1.807213374742607570e+00 -1.634524156589945570e-02
-1.622654377381747670e+00 -1.050955417689757310e+00
-1.900164915271484567e+00 -3.709354240292571658e-01
-7.476074610211597138e-01 -3.655514028668599424e-01
2.120965940090519197e+00 1.752457785626571729e+00
-5.015284118175605821e-01 -7.084155785421408780e-01
2.555751871612917725e+00 1.381134297759638363e+00
4.179693563336311923e-01 1.347784306569560941e+00
-1.838658990022702389e+00 -1.022248604215536982e+00
-1.201941931747527503e+00 3.213756203610367845e-01
1.852411388466822739e+00 3.266701828791006568e-01
8.796106973012667307e-01 9.941997036543726018e-01
6.426872277448880677e-01 -1.349707121106464180e+00
8.607730290303214904e-01 2.021166378912334860e+00
1.976172501145128102e-01 3.106217603274009642e-01
-7.094880739708357975e-01 -1.324984762877871036e+00
4.100149333879176128e-01 -1.634524156589945570e-02
8.853207671564400361e-01 9.848654938659879843e-01
1.979939329707863349e+00 2.285769358422172992e+00
-9.106648985146682529e-01 -6.501555095334402568e-01
1.915053647618580879e-01 1.595202569079218202e+00
-1.144537442850016795e+00 -1.280104626981041216e+00
-3.550259211153061062e-02 -2.900499620575519355e+00
1.089912859609139417e+00 1.316347474553889230e+00
-2.027238656800666394e+00 -1.634524156589945570e-02
-2.679113805360197609e-01 3.157967667110496701e-01
2.015952010334224997e+00 1.286326913975861519e+00
-3.550259211153061062e-02 1.906424320271646877e+00
-4.781681076336625202e-01 -1.579369387106536404e+00
1.083336450092192482e+00 9.473050443549163591e-01
6.170849477613421508e-01 -3.354764115834494853e-01
1.876166502283299620e-01 -9.651495834089039993e-01
-6.917825981069496422e-01 3.019510729462331344e-01
-2.447808922152664213e+00 -1.607338373408819132e+00
-1.611316147533881971e+00 -3.469726957075276452e-01
-7.335643998846917979e-01 3.157967667110496701e-01
-1.898291274789249305e+00 -3.613571951327606335e+00
2.351335637730083583e+00 -1.634524156589945570e-02
-3.550259211153061062e-02 3.315417201348572762e-01
-7.238706305336010116e-01 -3.625710117814406885e-01
-2.750348793586396834e-01 -2.075836078036491728e+00
9.016193058857013831e-01 3.872156943475162372e+00
-1.649606989070302676e+00 6.565225414558686357e-01
9.102687587780113887e-01 3.136281450292844331e-01
4.315853737349736874e-01 -6.733022413166764863e-01
8.929815870574119296e-01 6.466186400526419131e-01
3.175069294021426458e+00 1.639454507784846360e+00
1.901941516832653944e-01 -6.586345764694431226e-01
1.782760838237784917e-01 3.076696613176981843e-01
-4.730837453130994352e-01 -9.906485598409784377e-01
-2.236045868874238618e+00 -6.769520423453151414e-01
-9.418968623953249963e-01 -3.013042336487591566e+00
2.716416200086098964e+00 -1.634524156589945570e-02
-4.781681076336625202e-01 -1.400166277418463778e+00
1.745506445717925237e+00 4.230214188580618817e+00
3.995799293082691883e-01 -1.024320915379172803e+00
-1.765951605347592324e+00 -1.710841473852434458e+00
1.735159439498908274e+00 2.069923007725879671e+00
1.694946421124531089e+00 2.004744648874644763e+00
-2.415821905254476876e-01 -1.634524156589945570e-02
2.716051910734916586e+00 3.157967667110496701e-01
-4.448721523698871971e-01 -2.304287266279795077e+00
-2.293920482284778739e+00 -3.577455669719498133e-01
1.867746591018088598e+00 1.005840710954078565e+00
1.216556479116271072e+00 3.318769017924265263e+00
1.185875787658915437e+00 -6.501555095334402568e-01
-6.416943438433565516e-01 2.560826339666485651e+00
5.755505594854244400e-01 -3.313721826836037998e-01
-3.550259211153061062e-02 3.000564029550863432e-01
-4.362056165090487103e-01 -3.313721826836037998e-01
-1.450541945552144885e+00 -6.364924671472428352e-01
-2.708649850587296459e+00 -1.634524156589945570e-02
-1.093466605495626132e+00 -2.537481473828554268e+00
4.056852126974419548e+00 1.610341874864739786e+00
-2.491719923183581376e+00 -6.501555095334402568e-01
1.814233045649978338e-01 9.492785290213674454e-01
8.081066637500256000e-01 -3.382820182564597600e-01
1.419298780190880738e+00 6.239324774497186921e-01
-4.448721523698871971e-01 -6.510184033414705418e-01
-2.293920482284778739e+00 -1.607338373408819132e+00
1.661108123517345714e+00 -2.304287266279795077e+00
-3.550259211153061062e-02 -3.577455669719498133e-01
1.836929510115300035e+00 1.341995814584056479e+00
3.694597451349891370e-01 6.503356837030624948e-01
-1.853363372340035120e+00 -1.664525852268691208e+00
-1.273502959324011030e+00 -2.044263151130713219e+00
1.846790390824895933e+00 1.374500233793086501e+00
-4.448721523698871971e-01 6.659887422607426721e-01
-3.550259211153061062e-02 1.328772060690774248e+00
2.032954897685600226e+00 2.631593652337229194e+00
-6.416943438433565516e-01 3.070273470912784908e-01
1.176246845201776692e+00 2.991528039412457152e-01
2.553952369080629836e+00 6.183279202096715332e-01
-4.200281672248612486e-01 2.950600890896413198e-01
7.374493114935628535e-01 9.265316856440541926e-01
-3.550259211153061062e-02 -3.286852113111757845e-01
-6.142998151125540485e-01 -3.423032507077296227e+00
1.318771606018011688e+00 -9.906485598409784377e-01
1.100869732376338783e+00 2.619409135556308055e+00
-3.550259211153061062e-02 -6.537800637636049794e-01
-4.087271130252785878e-01 -1.296026351498125617e+00
1.089682445261100474e+00 6.316845714519557786e-01
-3.550259211153061062e-02 -3.374899053923412495e-01
7.037047721057102523e-01 9.579580767091794291e-01
6.966022650664516203e-01 1.906424320271646877e+00
-1.485777663510863489e+00 -1.579369387106536404e+00
-1.144313657486197178e+00 -9.735280836892979961e-01
3.340052443811141636e+00 2.900172676326977061e+00
6.827989826706728493e-01 1.224860893096640924e+00
-2.526079167516144697e+00 -6.234060625082650242e-01
1.435775310956193485e+00 9.081810624995375614e-01
3.253490897667148940e-01 -1.848285711804209974e+00
-1.472105726436893303e+00 -6.364924671472428352e-01
-1.133659889307787161e+00 -1.634524156589945570e-02
-4.069078683112526407e-01 -1.280104626981041216e+00
-1.155176124374686086e+00 6.267432248407409645e-01
1.858451307433325539e+00 -3.382820182564597600e-01
-1.144313657486197178e+00 1.264210225467977233e+00
1.839805727314300476e+00 2.950600890896413198e-01
1.794759569882230288e+00 6.101300193710880171e-01
-1.465366030561531252e+00 1.225872215167611134e+00
-1.128409429025157396e+00 1.507187748691813933e+00
-7.747099563287714874e-01 -3.184057329653466883e-01
3.377219288022172972e-01 2.869788948760531588e-01
-3.550259211153061062e-02 -9.104442955282104899e-01
-3.550259211153061062e-02 -3.221770333053076141e-01
-1.521123712149462737e+00 -3.173299452754135275e-01
1.100869732376338783e+00 8.965409252790438321e-01
7.109464420964430875e-01 -1.634524156589945570e-02
-7.747099563287714874e-01 -1.634524156589945570e-02
-7.819516263195043226e-01 -3.148265896193981894e-01
-7.893365890426852216e-01 -6.218921899349937332e-01
1.106547190676961723e+00 5.943015890975307247e-01
3.395590793931576590e-01 2.833699150637865594e-01
-1.155176124374686086e+00 -1.634524156589945570e-02
-3.550259211153061062e-02 -6.193993912400862500e-01
-4.142933644009797467e-01 -6.244571979538527939e-01
1.106547190676961723e+00 2.933796688538364839e-01
-3.550259211153061062e-02 -9.292314084108428407e-01
3.395590793931576590e-01 -1.253211493624632800e+00
-3.550259211153061062e-02 9.242259757317481395e-01
-4.087271130252785878e-01 -3.237626874135847155e-01
-5.103643635899267395e+00 -5.617524254058630540e+00
-1.642648917691805543e+00 -1.702862847476643404e+00
-1.066874397201986735e+00 -7.084155785421408780e-01
2.055545180586479947e+00 -3.621861322419280271e-01
1.376673725903301504e+00 -7.184338083538495123e-01
-8.306895564976104485e-01 -1.634524156589945570e-02
-2.312447772847437966e-01 -1.634524156589945570e-02
-1.254295591841198876e+00 1.043504337358395651e+00
7.937331972771154431e-01 6.823945135955491459e-01
-1.458062566246638214e+00 -1.743025776417979067e+00
-6.809557905818476309e-01 -2.494101717026547149e+00
-3.550259211153061062e-02 -2.945081029276163775e+00
6.154649840280903561e-01 3.622591344045889006e-01
1.879694611218916345e+00 -2.099382306690005695e+00
-1.697305730727995288e+00 -1.634524156589945570e-02
-4.575783226383150493e-01 3.714329160875657343e-01
-3.027711547321073837e+00 -1.960665142850794407e+00
2.405306769973283298e+00 -1.011248410255609631e+00
1.901482634638809621e+00 1.402458271598615580e+00
-4.529534632169861519e-01 -6.115847022891921503e-01
5.941232512561249735e-01 9.812287802788327573e-01
-6.599682741528596353e-01 -8.083736354942655522e-01
3.842479726734137624e-01 7.844304937222283947e-01
-8.704043343224416862e-01 5.756759991699816892e-01
1.874390052329438561e+00 -4.051844100640108470e-01
-1.692815546359629275e+00 -1.795501486317433004e+00
5.958623081196627869e-01 1.398617161903196404e+00
-3.550259211153061062e-02 1.842151732456374091e-01
1.732228472509582118e-01 -2.163524165103646868e-01
-4.518130493455906893e-01 1.965191645461054959e+00
6.028586904552345471e-01 7.567461683355343194e-01
5.871769596587810280e-01 -1.731654856207057502e+00
1.210055579063248343e+00 9.570570371783546637e-01
1.382459762393724256e+00 3.458661513765944218e+00
-3.550259211153061062e-02 5.350924231828519950e-01
-4.332330961703372285e-01 -1.658171591275459544e+00
3.643149142871101032e-01 9.143907453303434796e-01
-1.427559333458787494e+00 -3.824269952242693171e-01
-3.550259211153061062e-02 -1.634524156589945570e-02
-1.261027211023144412e+00 9.072579084554029949e-01
-1.075183409847260130e+00 1.451729914799176457e+00
-2.442280314740194191e-01 -2.886958360276388191e+00
-1.081996481720361114e+00 -1.143822162297343237e+00
1.449991205712257036e+00 2.074378320838504486e+00
1.830603969839106615e-01 -7.559797855473583406e-01
-1.291239682847993508e+00 3.610574317513314813e-01
-2.465404573749228057e-01 -2.040694575172441461e-01
5.993694065087733502e-01 1.097866886536086994e+00
-1.724998578987714026e+00 -1.662368925901669847e+00
-3.550259211153061062e-02 -2.060140700551707504e-01
8.337668521014649503e-01 1.738210402116218412e-01
1.767108054005755713e-01 1.857582786228312077e+00
-6.809557905818476309e-01 -1.480676809613922895e+00
1.886010010482527532e-01 1.478169301846427031e+00
8.157217665184500754e-01 5.309302035035138312e-01
-3.550259211153061062e-02 -3.760155627761366803e-01
-6.668674923427240220e-01 1.606980414911112487e-01
-6.827534568093112100e-01 -1.634524156589945570e-02
1.785289300448541228e-01 -5.608990281049587301e-01
-8.892305733102502385e-01 -5.650197957604961019e-01
-6.830540469558105121e-01 -5.692034048871340568e-01
-2.532032265552518480e-01 -7.616627804283846448e-01
-9.197165097829538283e-01 -1.634524156589945570e-02
-2.563903202555746774e-01 1.738210402116218412e-01
8.506171204253528684e-01 7.347433151912451388e-01
-4.734690874038196551e-01 1.638700022670745993e-01
-2.557518195433731711e-01 7.251995613259245577e-01
8.590926958235407529e-01 -2.017082655538407487e-01
-1.356365338261438902e+00 -7.448306630289444064e-01
-7.020302533774186449e-01 -1.690845240891260648e+00
-9.432556517698553744e-01 -1.153944808865175142e+00
-2.088395531742448963e+00 -7.816276180313184163e-01
-7.348621264091830252e-01 -1.634524156589945570e-02
-3.550259211153061062e-02 -2.136528507413401889e-01
2.093775599312717173e+00 9.570570371783546637e-01
-1.649129245035182212e+00 -1.367302878027804036e+00
8.998384711825373472e-01 9.703556178838854684e-01
-9.595010062349199620e-01 -2.126060729424734397e-01
-7.370083857723205290e-01 -5.988540295361186594e-01
9.085299076415700448e-01 -2.147325682890484644e-01
-1.445877655103994019e+00 -7.961572158088973117e-01
2.020136838830684234e-01 5.788942191573931417e-01
1.397005430065896503e+00 7.735044015085393854e-01
2.532614507025887196e+00 -4.109604671674410570e-01
-2.603335753282318699e-01 -1.190798246509740421e+00
-1.625251948657871370e+00 -1.210135104441275367e+00
1.588122321505021750e+00 1.804829902169245714e-01
1.899937734913100529e-01 -2.232847092351624152e+00
2.005699444567428658e-01 -1.634524156589945570e-02
4.127705106936473967e-01 3.970621868816657796e-01
4.101486483810967698e-01 1.933811314663646252e-01
-2.570325240555125235e-01 -4.262233532037342787e-01
-7.020302533774186449e-01 -1.634524156589945570e-02
-3.550259211153061062e-02 3.958630727140646233e-01
6.369070659059974382e-01 -1.634524156589945570e-02
-2.576784766603192334e-01 -2.254667282791882332e-01
-9.379463687766811386e-01 4.031074972479685714e-01
1.899937734913100529e-01 -1.259124914483687574e+00
1.324724891018337569e+00 1.035950962197562886e+00
-2.563903202555746774e-01 -2.254667282791882332e-01
1.747813408421488912e+00 1.225234882144681237e+00
-3.550259211153061062e-02 1.006384655474899859e+00
-6.848936815109525345e-01 3.821767412076209625e-01
-1.138040885924585854e+00 -1.634524156589945570e-02
1.083223604970021237e+00 -2.104726894688019323e-01
6.194706506061969931e-01 3.810623002486861477e-01
-9.121805738490572635e-01 7.822033809654235226e-01
-6.924523312402030006e-01 -1.396587569112121230e+00
1.300868167350673010e+00 1.187353808443917247e+00
3.986582109599363655e-01 -6.083664823017806977e-01
-3.550259211153061062e-02 9.757909302158412901e-01
1.803478928365626899e-01 1.360261677511985345e+00
-3.550259211153061062e-02 -2.037613334655669350e-01
1.266703830393203889e+00 1.715565430513332490e-01
1.761214048887300154e-01 -1.367302878027804036e+00
1.019686696107819701e+00 7.714240421121907332e-01
1.830603969839106615e-01 -9.845693163854002394e-01
4.752135117231976597e-02 3.745904407992668439e-01
-6.782377851395497981e-01 -9.924109052852713164e-01
-2.550552352142701484e-01 7.719448570272879895e-01
-8.952807786315764016e-01 -1.634524156589945570e-02
-2.475978489336121691e-01 -1.634524156589945570e-02
8.365152899149952415e-01 9.703556178838854684e-01
-6.873728377942565082e-01 -1.759141383586179996e+00
-3.550259211153061062e-02 -4.185340644192971360e-01
6.219927047988744739e-01 1.382990104212640681e+00
-1.339243052998893901e+00 -9.924109052852713164e-01
-2.453040105044403063e+00 -4.185340644192971360e-01
-2.675019607554913192e-01 -2.612799808325264372e+00
-4.898371009355089178e-01 -1.634524156589945570e-02
-2.584586166686748121e-01 -1.634524156589945570e-02
-2.808270682607412638e+00 -6.232634873856343738e+00
-1.706297757333527398e+00 -9.155665968635807728e-01
1.186373113865810458e+00 6.711853193581935884e-01
-1.716794639552078783e+00 -4.342075426934304261e+00
-1.504009655970776294e+00 7.177253633734012039e-01
2.971402592526707576e+00 2.134725927397054690e+00
-1.721963037581786038e+00 -3.272319778659412037e+00
-3.736276431984246305e+00 -5.859043234496430941e+00
2.293279146327225515e+00 3.423592536078981841e+00
-2.920110298069968913e-01 3.779329787471731095e+00
1.226859901668926112e+00 9.461317425372768319e-01
4.437349801744181477e+00 3.293801297357834557e+00
2.310367296130801940e+00 4.516464303850161954e+00
1.854491857352124073e-01 -6.553981790771570282e-01
1.958259690465617153e-01 -1.088000127747802859e+00
1.545949104877452740e+00 1.725794063155777991e+00
-4.766214894200609953e-01 -1.717607789859239453e+00
-9.228776971081663616e-01 2.601285458072971402e+00
-1.842114367095857741e+00 -2.297254687457988276e-01
-7.308372510158844815e-01 -1.069274645476034014e+00
2.021830353810682990e-01 8.436228526067915956e-01
1.589273326512123941e+00 1.039576147235156567e+00
-2.996256407638364649e+00 -2.106335979753835908e+00
-9.780290933232983486e-01 -1.088000127747802859e+00
-2.799045540247599995e-01 -1.112920283983967140e+00
6.883870334990770390e-01 3.090439133224461621e+00
-9.838948300147957182e-01 1.257966247014891126e+00
2.131130687341113550e+00 1.032880887697347205e+00
-1.675334000630482212e+00 -8.420847095574023333e-01
-1.234236057007702669e+00 -1.475926539648365177e+00
-3.550259211153061062e-02 -6.535009786056346082e-01
-3.550259211153061062e-02 8.436228526067915956e-01
6.975985404384471567e-01 1.254194308616841003e+00
1.885188515232361306e+00 8.189065124260830331e-01
-1.440601898008021298e+00 1.838340350467371487e-01
-7.570702902771871967e-01 5.991748302584112285e-01
1.421429960519799973e+00 1.006384655474899859e+00
-2.776117788713299284e-01 -8.215222725488953159e-01
4.386935344596239461e-01 1.892655842861003246e-01
1.148402673233326121e+00 1.197428890681482505e+00
-3.550259211153061062e-02 7.822033809654235226e-01
-1.201293967588888512e+00 -4.152592022751719902e-01
1.389781361171194218e+00 7.778740118187632557e-01
4.271072205919895226e-01 1.820420851572495391e-01
4.243154886539368675e-01 3.714329160875657343e-01
-7.266662636669642961e-01 5.661635464043196508e-01
-2.604995513779452820e-01 1.788798547671425210e-01
-4.981124048150508132e-01 3.652684483731534204e-01
-3.550259211153061062e-02 -9.692581699554707608e-01
6.569748298233522021e-01 -1.634524156589945570e-02
2.518212924516459950e+00 -2.126060729424734397e-01
-2.640882548486530035e-01 9.597505848994948296e-01
-1.160034407855280003e+00 -9.794752201178251738e-01
2.247251289668920293e+00 5.661635464043196508e-01
6.315552583600320125e-01 1.334612394896004917e+00
-1.134061895293320799e+00 1.118247404482645146e+00
8.518725128851051265e-01 7.309120663935643192e-01
-4.740824132150316950e-01 -7.559797855473583406e-01
4.056163051969997047e-01 -1.133457126162315420e+00
1.891358534014471737e-01 1.753089191684290005e-01
-1.358040033021872039e+00 -1.904896400653000699e+00
1.924318300724537356e-01 -4.010164696138524554e-01
8.518725128851051265e-01 5.676852859438010768e-01
-1.351242047802511781e+00 3.672875686942839724e-01
1.760527647763811654e+00 -1.634524156589945570e-02
4.005063489017323120e-01 -5.926597906113291181e-01
-2.869296577964446371e+00 -3.117266370065108205e+00
1.951257806835095532e-01 5.905418173071314003e-01
1.092261120122437923e+00 1.187353808443917247e+00
6.226549403223902157e-01 -1.634524156589945570e-02
-6.880237888055550366e-01 -4.083593073573153487e-01
-2.620814175007408209e-01 -4.185340644192971360e-01
1.522814635708816811e+00 3.380885060481593207e+00
3.992926809449516279e-01 -1.634524156589945570e-02
-2.463944292340441988e-01 -1.924820344532961469e+00
-9.131327855247992620e-01 -8.019590490089887336e-01
-4.740824132150316950e-01 -1.203662875208191041e+00
4.056163051969997047e-01 -1.634524156589945570e-02
8.523541428764922490e-01 -8.237865811920213055e-01
-9.131327855247992620e-01 -1.030827295221335760e+00
6.277156745049481401e-01 1.927762451473893357e-01
-3.550259211153061062e-02 -2.248653150264016409e-01
-2.475978489336121691e-01 1.927762451473893357e-01
-4.821458943804371455e-01 -2.248653150264016409e-01
-3.550259211153061062e-02 -8.444663338809720310e-01
1.891358534014471737e-01 4.067298037735018190e-01
-2.594807069815154854e-01 -2.266556045147259668e-01
-3.550259211153061062e-02 1.232313919121667878e+00
-3.550259211153061062e-02 -2.236965376206655198e-01
4.137742989144249095e-01 5.991748302584112285e-01
-1.354163753548396798e+00 -1.434970606011718441e+00
-7.064447454133305770e-01 1.855527097652380497e-01
1.937708925042898878e-01 1.933811314663646252e-01
-2.640882548486530035e-01 -8.444663338809720310e-01
-3.550259211153061062e-02 -4.309587810680638453e-01
-1.160034407855280003e+00 -1.275849577100422128e+00
1.560208811885540614e+00 8.323942628536642463e-01
2.200425516657221081e+00 2.526094010128039358e+00
1.050590334781565049e+00 1.821443702193027148e-01
-4.617550246288035787e-01 -1.634524156589945570e-02
-8.928033672188314673e-01 -8.246317906400638664e-01
-2.575536079322880423e-01 -8.420847095574023333e-01
3.992926809449516279e-01 -2.272674007127780671e-01
-1.553923849871716945e+00 -8.540337974048247682e-01
-4.766214894200609953e-01 -2.217948779931807612e-01
1.917520086919514422e-01 1.039576147235156567e+00
8.492337961896886389e-01 4.067298037735018190e-01
-1.134061895293320799e+00 -6.472763304123790862e-01
1.917520086919514422e-01 -8.479986379626642812e-01
1.733970108295687096e+00 1.889464083708211284e+00
8.396984976590514682e-01 3.287774186148386679e+00
-6.818432287002919034e-01 -6.083664823017806977e-01
-2.562973544665395065e-01 5.805496826211283823e-01
1.482918665648655709e+00 7.756831523624665437e-01
-4.593837379197453497e-01 3.714329160875657343e-01
-3.550259211153061062e-02 -4.020605211645209565e-01
6.090742546449847694e-01 -6.019693916593289451e-01
1.242836896565937099e+00 5.740474139032429868e-01
1.672791018922908102e-01 -4.120372336964879256e-01
2.274138941407547465e-01 7.714240421121907332e-01
-4.688307871455218989e-01 3.772417824279556409e-01
4.003040734487762209e-01 -2.529531632573366551e+00
-1.325409810642252273e+00 -8.192707250675481667e-01
-3.550259211153061062e-02 3.855124073873580359e-01
1.797671023846802163e-01 -6.198872519050219188e-01
-9.043774974706420000e-01 -4.193424550153437846e-01
4.091160126496818372e-01 5.956643941675854315e-01
-3.550259211153061062e-02 3.855124073873580359e-01
-1.998978992292580470e+00 -8.237865811920213055e-01
-3.550259211153061062e-02 -1.634524156589945570e-02
-2.570923525429729128e-01 -4.204885088523214742e-01
-9.350295395249346164e-01 -4.227537818332409714e-01
-3.550259211153061062e-02 1.838340350467371487e-01
-9.457758087015322168e-01 -2.159733737522337715e-01
4.197177852093411654e-01 8.010534295777377300e-01
-4.880194563211221470e-01 -6.266840496868940624e-01
-3.550259211153061062e-02 -2.159733737522337715e-01
1.921075965489053017e-01 -1.634524156589945570e-02
2.720103896387815912e+00 1.835313036285683763e+00
-3.550259211153061062e-02 5.855042761883487712e-01
6.215325694793066846e-01 3.788959915274933143e-01
-1.782957083336478732e+00 -6.100040656377052617e-01
1.985787312912887792e+00 7.844304937222283947e-01
3.974833720877326559e-01 -4.083593073573153487e-01
-3.550259211153061062e-02 5.788942191573931417e-01
1.797671023846802163e-01 -1.634524156589945570e-02
1.893826878195928043e-01 -1.634524156589945570e-02
8.308154302194241669e-01 5.740474139032429868e-01
2.100906176671360370e+00 5.692789085275299366e-01
7.977141689841242833e-01 9.492580096532799994e-01
-2.391294206471458184e-01 3.710177287888284381e-01
9.950822687373424014e-01 -2.089974919165124567e-01
-8.508863951191906194e-01 7.485901183070572396e-01
-2.391294206471458184e-01 -5.821459854323366434e-01
-4.535700273250870551e-01 -7.792481689057791927e-01
-3.550259211153061062e-02 1.525685560236393012e+00
1.697963100689182658e-01 3.573215073820062426e-01
1.789945133227170693e-01 5.450745012032941483e-01
3.728423481526509931e-01 -1.634524156589945570e-02
1.675815131045699236e-01 -2.045567453800317126e-01
-1.877690830082496154e+00 -9.447557967543600554e-01
-2.430651323929326757e-01 5.494555023005377459e-01
-4.517616023324306229e-01 -7.674337983230442584e-01
-4.640135119328230306e-01 1.753089191684290005e-01
-6.768933738032056890e-01 -3.986430457868576638e-01
-2.477455457498287106e-01 7.446166115581831502e-01
-4.611742189378768564e-01 -1.332295965991310727e+00
-2.597260860709416641e-01 1.773362472367945308e-01
-1.548367160996240388e+00 -2.095107371424637099e-01
6.215325694793066846e-01 9.443149446356210452e-01
-4.697812310921386514e-01 -5.821459854323366434e-01
8.484326796370159629e-01 1.686009202208210433e-01
3.962566214115214036e-01 -1.634524156589945570e-02
-6.794922480176068813e-01 -9.617827393907301126e-01
-3.550259211153061062e-02 -9.742734515477415869e-01
-4.787977468416718674e-01 5.676852859438010768e-01
-4.710223598065361172e-01 -2.120762672088501721e-01
-7.029668907500060682e-01 -7.935381323670005482e-01
-2.564497906254967763e-01 -1.778024712728360379e+00
-9.324135290053501279e-01 -8.215222725488953159e-01
6.478626204958750634e-01 7.978736525901847232e-01
-4.905573819783157208e-01 -6.181947593201477797e-01
1.880686859959147250e-01 1.804829902169245714e-01
-9.377865112032069961e-01 -1.226833302148639282e+00
-3.550259211153061062e-02 8.071207819507492109e-01
-2.610911463121531328e-01 -4.193424550153437846e-01
-1.177568985458181894e+00 -1.447124525007010831e+00
1.123942331025594044e+00 1.021391781726769477e+00
-3.550259211153061062e-02 1.214694887581401872e+00
-2.617610242163263545e-01 -6.215892863585896766e-01
1.336897534730414838e+00 1.898502992686729729e-01
8.667813269801457610e-01 3.866519718835448871e-01
1.848057704312620342e-01 1.881291013204567097e-01
-6.945222125138982294e-01 -1.634524156589945570e-02
6.292666815632741439e-01 1.190738779112345158e+00
-2.551757989123197845e-01 -8.025420745877576145e-01
-1.588152038424311074e+00 -1.622196136062595828e+00
-3.550259211153061062e-02 5.974145947562080616e-01
-3.550259211153061062e-02 -1.233561334670107978e+00
-7.208847607921856637e-01 -6.353448326663629908e-01
-3.550259211153061062e-02 -2.272674007127780671e-01
1.109965232091869813e+00 1.447494441700831969e+00
-2.590738702189759324e-01 -4.227537818332409714e-01
-4.946385961179567969e-01 -1.259124914483687574e+00
1.113924792941802355e+00 8.237944724269697927e-01
-1.390084314152675526e+00 -2.709231847518004610e+00
-2.617610242163263545e-01 -2.341612775827503767e-01
-9.540381136763864678e-01 8.488052619144039745e-01
8.942410178638725560e-01 1.477656897697047667e+00
2.028500677461504864e+00 8.213433142730257597e-01
1.079754741342764390e+00 6.026543495345639823e-01
-9.169116875059484251e-01 -8.374563956947534971e-01
-1.588152038424311074e+00 -1.668989068600826853e+00
1.893884329392495902e-01 -4.455815715799285037e-01
1.887266164894489118e-01 -2.236056505962920882e-01
2.221502714861223193e+00 2.122824693906302684e+00
-6.869205505824427238e-01 -1.634524156589945570e-02
-3.550259211153061062e-02 1.228692141894321965e+00
-3.550259211153061062e-02 -4.298652655141823042e-01
1.069985142507821729e+00 3.995466980720770445e-01
-6.934213896792887910e-01 -8.351148675215456230e-01
1.063666349032779346e+00 1.840653509983510627e+00
1.893826878195928043e-01 1.875540877211000212e-01
3.925604445817167387e-01 -1.634524156589945570e-02
1.773332213016425019e-01 1.187353808443917247e+00
-4.599884993881268036e-01 -1.000380540842536359e+00
6.149568076217374335e-01 1.783033547824649789e-01
-1.768815402725583796e+00 -1.415680587344439800e+00
-4.789177390755646746e-01 1.898502992686729729e-01
-9.378963085165417102e-01 -4.193424550153437846e-01
1.954238259096303942e-01 -2.231052535400408765e-01
-3.550259211153061062e-02 -1.634524156589945570e-02
-7.157236241670313914e-01 -6.301050778880070702e-01
-2.678050958223690547e-01 -1.053587769839640087e+00
4.199317261506189114e-01 -6.443284440361952692e-01
-2.566024477505947088e-01 -2.217948779931807612e-01
-2.678050958223690547e-01 -4.455815715799285037e-01
-4.909369103736802020e-01 1.995510226745329518e-01
8.808432311947452797e-01 1.257966247014891126e+00
1.961258277189402710e-01 4.067298037735018190e-01
8.777064263402247768e-01 3.958630727140646233e-01
-1.166087813375884519e+00 -2.082465501580578859e+00
1.961258277189402710e-01 -2.316005619546713801e-01
1.559988988673208565e+00 1.909449440679232612e+00
-1.372080450184174127e+00 -1.682003350923773954e+00
-2.657312523971865348e-01 -4.382456654675228047e-01
1.954238259096303942e-01 -2.328604149019435909e-01
-4.959599050633203832e-01 -1.634524156589945570e-02
-3.550259211153061062e-02 -1.301954056157580419e+00
-1.404215936994409830e+00 -1.325160591385334818e+00
8.972375473166934734e-01 6.500922790434522369e-01
-3.550259211153061062e-02 1.978281063198726042e-01
-9.569627148406660844e-01 -1.991614005441629143e+00
-3.550259211153061062e-02 4.318474462388532387e-01
-2.606467681642700707e-01 -1.134488677574968962e+00
1.903088178712164236e-01 4.360708324868085017e-01
-2.606467681642700707e-01 -1.374352984870985228e+00
8.892488593801357588e-01 1.367582669016562003e+00
1.345615487126324838e+00 -1.634524156589945570e-02
-7.137673652067608732e-01 -2.365627107097176551e-01
1.112110965707983290e+00 1.575891596004245887e+00
6.386996041950936398e-01 2.649404826370187038e+00
-2.616926923422121520e-01 8.436228526067915956e-01
4.079125548525033840e-01 6.189245262748106491e-01
-1.142752874581028033e+00 -1.634524156589945570e-02
1.088075183271174806e+00 -2.290993524940461157e-01
-7.019032054660694353e-01 6.152602311766290910e-01
6.367777626161090776e-01 6.098058206059655539e-01
-1.142752874581028033e+00 -4.274089303889258007e-01
1.933743649551398214e-01 -6.406748291603432399e-01
-3.550259211153061062e-02 4.006528152732152237e-01
-2.636941045903953840e-01 -8.540337974048247682e-01
4.118478322855310680e-01 -1.634524156589945570e-02
-7.077829468391704237e-01 -4.358049192614846801e-01
-4.842008261517892209e-01 4.055551823357239072e-01
1.780418791159091407e+00 1.464604259382163098e+00
6.308980212430082002e-01 1.933811314663646252e-01
1.880928246418997751e-01 1.012532490175039213e+00
-9.171337203796871007e-01 -2.142929607670889802e-01
-2.508012484112102092e-01 -4.298652655141823042e-01
-7.037915363868966212e-01 -1.654959476343853542e+00
6.386996041950936398e-01 1.878987043450685290e-01
-3.550259211153061062e-02 8.237944724269697927e-01
4.065962443136317273e-01 1.933811314663646252e-01
-6.999363706091361603e-01 -8.444663338809720310e-01
1.913609671987070437e-01 2.073645496622036788e+00
4.065962443136317273e-01 5.922627977355445772e-01
1.893826878195928043e-01 -2.202445708528989188e-01
-3.550259211153061062e-02 5.970777798425087601e-01
1.785289300448541228e-01 3.810623002486861477e-01
-3.550259211153061062e-02 -4.115864746592922119e-01
-4.725300041646409155e-01 -8.192707250675481667e-01
-2.603878720426540117e-01 -6.232323004389304089e-01
1.900483826061379611e-01 2.026443699360676920e+00
-1.139484861556096407e+00 1.767053963039954545e-01
1.312901830979806173e+00 3.847755880571742670e-01
-9.222045885266265675e-01 -1.197130538002864286e+00
-3.550259211153061062e-02 -1.634524156589945570e-02
-3.550259211153061062e-02 -6.246220924658831830e-01
-2.623661514217682234e-01 -2.126406078365373487e-01
-4.802419053417125161e-01 -6.232323004389304089e-01
1.933743649551398214e-01 -2.231052535400408765e-01
1.823165792373640515e-01 3.900632987014420738e-01
-7.077829468391704237e-01 -4.204885088523214742e-01
-3.550259211153061062e-02 -1.243864885207474291e+00
4.236304859984125204e-01 1.443236056516566057e+00
-7.097047884181548749e-01 -8.351148675215456230e-01
4.144897872778363079e-01 -1.634524156589945570e-02
-3.550259211153061062e-02 -2.254667282791882332e-01
-2.643795491782010010e-01 -6.371353034211898470e-01
-2.546342870968176242e-01 -2.278827642356001104e-01
-2.657312523971865348e-01 -4.321719542656020652e-01
-9.487116105632860119e-01 -8.613309342376673783e-01
1.982250822502970855e-01 1.995510226745329518e-01
1.975103177414843647e-01 6.208104954738355996e-01
8.725890029133077652e-01 1.246865703919157742e+00
4.236304859984125204e-01 8.141711788203347400e-01
-4.918856170692602059e-01 1.910060544888666223e-01
6.427621809836996380e-01 -1.634524156589945570e-02
-3.550259211153061062e-02 -4.298652655141823042e-01
4.195794908833852532e-01 1.916007318784188340e-01
4.065962443136317273e-01 1.910060544888666223e-01
-4.750510906780127662e-01 -4.298652655141823042e-01
4.065962443136317273e-01 3.995466980720770445e-01
-4.750510906780127662e-01 -8.351148675215456230e-01
-9.299816061394897693e-01 -4.262233532037342787e-01
-2.643795491782010010e-01 -1.634524156589945570e-02
-3.550259211153061062e-02 -2.266556045147259668e-01
-2.546342870968176242e-01 -6.406748291603432399e-01
1.842611269921803907e-01 -4.418534634221927826e-01
-2.546342870968176242e-01 -6.498149532791285266e-01
-7.157236241670313914e-01 -1.294451145591054786e+00
-3.550259211153061062e-02 -2.361154899946515118e-01
-2.678050958223690547e-01 -8.804638311005446027e-01
-3.550259211153061062e-02 -2.394424771342469893e-01
1.975103177414843647e-01 6.460607452617850299e-01
-7.218508933347883572e-01 -4.509945518787715768e-01
-2.699166406428590292e-01 -2.394424771342469893e-01
1.353945986823895664e+00 -1.634524156589945570e-02
1.954238259096303942e-01 6.460607452617850299e-01
-1.395944640983487917e+00 -4.509945518787715768e-01
1.882562710102789194e-01 4.209253346375600446e-01
-4.923339497491086014e-01 -2.381050928785084508e-01
1.996348538471399425e-01 8.645178773941585293e-01
6.570843680729357983e-01 4.144044462245337623e-01
4.185432054008885738e-01 2.021271024513672243e-01
1.954238259096303942e-01 2.014707944509514792e-01
1.842611269921803907e-01 2.008184163083107932e-01
-4.842008261517892209e-01 -6.658907615740319308e-01
-3.550259211153061062e-02 2.021271024513672243e-01
-3.550259211153061062e-02 -6.610806954146164482e-01
-2.664290101326916016e-01 -2.361154899946515118e-01
1.961258277189402710e-01 -1.634524156589945570e-02
1.329062608749657981e+00 2.040931624418743373e-01
6.347761141627410453e-01 1.073715227764090230e+00
-1.139484861556096407e+00 -4.493755882379877331e-01
1.823165792373640515e-01 -4.432646666484255649e-01
-7.077829468391704237e-01 -6.648993933196616357e-01
-2.546342870968176242e-01 -2.374289108187542519e-01
-4.959599050633203832e-01 2.054146097467095533e-01
4.277542399298890352e-01 -8.918365639764915809e-01
1.842611269921803907e-01 2.074405674403158872e-01
-4.842008261517892209e-01 -8.998102599034135674e-01
1.098136152630886597e+00 1.546530627975659655e+00
-2.507425739289365740e+00 -4.585125873222691828e-01
-3.550259211153061062e-02 1.522940822854935261e+00
6.593191510437294012e-01 -3.822761742434961363e-01
-3.550259211153061062e-02 2.025756572878920914e-01
-2.685478925529554139e-01 -1.634524156589945570e-02
-2.692628551693425076e-01 -6.711309223893535680e-01
-4.938036793652873513e-01 -4.480370366259728288e-01
-3.550259211153061062e-02 -1.634524156589945570e-02
-1.204272514969574326e+00 -8.937628468456814135e-01
4.327544446289542934e-01 -1.634524156589945570e-02
-1.215229768712878355e+00 -1.128794951716992179e+00
-5.082185807993297999e-01 2.114337234780652997e-01
2.078619337713663584e-01 1.109900372067092134e+00
-5.206820007134528305e-01 1.983036336119753662e-01
9.299771860335432905e-01 6.524525791756631277e-01
6.877657224287133664e-01 1.079294320685860731e+00
-5.131475124887536765e-01 -2.339520887881593736e-01
-9.858945735876408767e-01 -6.711309223893535680e-01
-7.545341475881630622e-01 -2.277861201871059782e-01
-2.811855556982609250e-01 1.957140386047117042e-01
-2.231394836394526404e+00 -4.480370366259728288e-01
7.143368246461601068e-01 6.395022694267921137e-01
4.671345435934812773e-01 6.424064343225632800e-01
-5.348457169822354862e-01 -6.691657759820192064e-01
-3.550259211153061062e-02 -2.359291335287204139e-01
-2.868211599640365650e-01 6.444075005000409195e-01
-2.876528384198172028e-01 -8.806623541741261940e-01
-5.299780691089914786e-01 -8.910897459860277481e-01
7.168427483105704878e-01 -2.399378204804074044e-01
2.210926894393806297e+00 2.648151259745223474e+00
-1.249015034446308681e+00 6.326576317895696855e-01
7.111766354783414235e-01 1.894932260106498845e-01
6.927269837503703398e-01 6.250790388329034997e-01
2.086417232817056600e-01 -1.634524156589945570e-02
-5.222316438773245695e-01 6.109771574947174821e-01
1.422938930674748415e+00 1.857883543609326393e+00
6.745603972680885851e-01 -2.211661515037914583e-01
-2.627894692105911534e-01 -4.189314658488053067e-01
1.924643044756065846e-01 5.950367625278714101e-01
-2.627894692105911534e-01 3.932965710592244979e-01
-3.550259211153061062e-02 -4.236856946747783459e-01
4.312867646642181141e-01 5.981174809971164796e-01
-7.368179891543048532e-01 -8.287441475298833460e-01
4.327544446289542934e-01 3.944570319578240558e-01
4.407175385908077558e-01 -2.205891874768674266e-01
6.636348102585959419e-01 9.995664247417673787e-01
9.024159269203402278e-01 7.835381549835254145e-01
-3.550259211153061062e-02 -4.079272405218615227e-01
-3.550259211153061062e-02 1.373685984663677750e+00
1.855972635275335292e-01 3.778409117228102576e-01
-2.559627279148585788e-01 -1.634524156589945570e-02
4.172256757384822934e-01 -2.123726016872022060e-01
-2.657628734138651749e-01 -1.634524156589945570e-02
-3.550259211153061062e-02 5.654687301481042816e-01
-3.550259211153061062e-02 3.736429317878510181e-01
4.264138745597752522e-01 5.577493946282061632e-01
-3.550259211153061062e-02 -7.783572802990967876e-01
1.940639469434409792e-01 -3.975085785047222653e-01
1.933743649551398214e-01 1.141007734087747361e+00
6.386996041950936398e-01 -1.634524156589945570e-02
-4.878828001924158109e-01 3.685093266733824313e-01
6.471205323808432164e-01 1.124466150638578021e+00
-4.865438596729331211e-01 -2.047915507567616700e-01
1.913609671987070437e-01 -2.052826017121419100e-01
-2.616926923422121520e-01 -3.876299601532697259e-01
-1.159508432245321963e+00 -1.341570937886665593e+00
-4.855567810641016613e-01 -2.102961358953281956e-01
-3.550259211153061062e-02 1.781258513725179349e-01
-2.671310119420015061e-01 -7.843907720894338631e-01
-3.550259211153061062e-02 -1.634524156589945570e-02
-5.001719921144006653e-01 -4.083999690591650911e-01
4.320179416236152870e-01 -7.968338474095778556e-01
-2.678372883032045237e-01 5.813679993708540383e-01
-3.550259211153061062e-02 1.733591514111701426e-01
1.352176276622984785e+00 9.612363901675129441e-01
-2.643795491782010010e-01 3.725969370602752462e-01
1.940639469434409792e-01 -2.097787070384983243e-01
-2.643795491782010010e-01 -5.904398777600051718e-01
-4.946356702214738110e-01 -1.634524156589945570e-02
4.264138745597752522e-01 9.533288927673184698e-01
-3.550259211153061062e-02 1.688568032664662932e-01
-3.550259211153061062e-02 3.685093266733824313e-01
-4.946356702214738110e-01 -5.829226906437393607e-01
4.264138745597752522e-01 1.688568032664662932e-01
-3.550259211153061062e-02 -2.010754351908339288e-01
-4.946356702214738110e-01 -2.092640406831671462e-01
1.954556450338834073e-01 -5.966456452343562589e-01
-3.550259211153061062e-02 -1.634524156589945570e-02
1.947576891908039398e-01 3.736429317878510181e-01
4.236304859984125204e-01 1.139602048613851837e+00
-3.550259211153061062e-02 -1.634524156589945570e-02
-4.918856170692602059e-01 -1.634524156589945570e-02
1.940639469434409792e-01 -2.072525625577836816e-01
1.933743649551398214e-01 9.330548145110517666e-01
-7.200771371676469856e-01 -7.645371596124583835e-01
1.105332410269955767e+00 7.396477341905626224e-01
-4.789177390755646746e-01 -9.534745705133216287e-01
4.105080917162288179e-01 1.750660583083261668e-01
-2.623661514217682234e-01 1.745620794259847841e-01
4.195794908833852532e-01 7.376625034547468207e-01
6.327863521638353861e-01 1.721010676249627447e-01
6.371678973862245909e-01 1.284322759017180626e+00
3.989172594719943010e-01 1.084142039523183776e+00
4.065000097496193621e-01 1.067688841620652695e+00
-3.550259211153061062e-02 -3.747565146521357748e-01
4.039507691021203550e-01 -1.442704595115681832e+00
3.915004700050384034e-01 7.111457518642121389e-01
-1.638771232130843969e-01 -1.634524156589945570e-02
1.408675261515172972e+00 -3.801150642455961015e-01
-3.550259211153061062e-02 -1.991472816513379929e-01
-2.587781794251812761e-01 -5.588069226392455846e-01
1.884291808250953548e-01 5.302054855250395438e-01
4.110485825157707551e-01 1.259172756855795772e+00
6.304214429947674336e-01 -1.089716649020253447e+00
1.845489011025222281e-01 3.492588386049775839e-01
6.132109465249723224e-01 7.039190044396358426e-01
-2.530680867114417087e-01 -3.765370012480027118e-01
1.826859127121705229e-01 3.456447760799797875e-01
-3.550259211153061062e-02 3.438465181162037587e-01
-4.706335889308748688e-01 -3.747565146521357748e-01
-4.636190797522479756e-01 -1.089716649020253447e+00
1.845489011025222281e-01 3.492588386049775839e-01
8.326287240866968586e-01 3.401491817599392453e-01
-4.693946622583617945e-01 3.456447760799797875e-01
6.190629299790948448e-01 3.438465181162037587e-01
3.971575918011996942e-01 3.348978114241005777e-01
8.155794338457857950e-01 6.898878822933812716e-01
8.154272719896237254e-01 -3.625231066701494753e-01
7.968821933669819613e-01 -3.712825856349213915e-01
2.452763134633253905e+00 1.046571294074768010e+00
-8.416157987860030110e-01 6.796843836147566931e-01
-3.550259211153061062e-02 -3.645329171437096116e-01
-2.303299850819919281e-01 -7.090834658467388696e-01
9.766455397188378296e-01 6.830753505790886360e-01
1.567961675613374739e+00 6.833903410058820294e-01
1.618721213868627440e-01 1.355888296858508424e+00
5.550916854991265748e-01 3.237420037970729636e-01
-2.308531719468646382e-01 6.538838449783970219e-01
-1.210618891114586759e+00 -1.634524156589945570e-02
-4.246949797348243960e-01 -3.517444493789662618e-01
1.644392298136657382e-01 6.508314040835483372e-01
-3.550259211153061062e-02 -3.435531466410752244e-01
3.546641038015697078e-01 -1.634524156589945570e-02
1.344689334216135013e+00 1.647234828606858770e+00
5.491154733568284207e-01 -6.720981676975659180e-01
3.512751765805721127e-01 3.145236160531511560e-01
-3.550259211153061062e-02 3.130206194700321243e-01
-2.279147642085556646e-01 9.541690992598909071e-01
-4.213011760196884725e-01 6.242753321632825703e-01
-2.732976927353652830e+00 -2.556385394845423153e+00
1.654940916910208337e-01 3.093628137126415156e-01
1.359056476485709375e+00 -1.634524156589945570e-02
7.433971104379828443e-01 1.955633172755728122e+00
-3.550259211153061062e-02 6.214293900681271410e-01
-3.550259211153061062e-02 6.158683802926500084e-01
-1.001393291082985026e+00 9.269433056180214070e-01
3.592468348852560500e-01 1.221054079023502492e+00
1.330462162567376483e+00 2.908861160902784793e-01
5.431952875604671993e-01 -3.222802682038340971e-01
-4.183931473159572811e-01 -1.841299555783124875e+00
-3.550259211153061062e-02 6.076792310008092279e-01
-6.127391160221279387e-01 2.961293366841629138e-01
-2.293835642430393229e-01 -9.435236920832966723e-01
-6.101781717886967105e-01 2.925153539164263017e-01
1.522803815987447074e+00 1.540236909994276537e+00
-2.274301016473762316e-01 -3.174319765643630609e-01
-1.566434266998098845e+00 -6.271999341531222516e-01
1.134104716224340059e+00 -1.634524156589945570e-02
-1.187427656506371276e+00 -3.274789552433745587e-01
-4.282174543195151339e-01 -6.350449018606005858e-01
3.592468348852560500e-01 -6.403697141326082365e-01
3.572122700964538433e-01 9.246383207717254749e-01
-3.550259211153061062e-02 1.232686385531086559e+00
7.374062611937473033e-01 -2.508147169653071051e-01
-3.550259211153061062e-02 -1.634524156589945570e-02
5.446640647363845122e-01 5.964912231922703256e-01
9.157902454614265109e-01 2.905739969248852805e-01
-3.550259211153061062e-02 -1.634524156589945570e-02
-3.550259211153061062e-02 -6.214837965047715906e-01
7.227408146343009543e-01 -1.634524156589945570e-02
-7.862748212417191018e-01 -3.245429817017376761e-01
-7.855042284945438213e-01 -6.291817063240694452e-01
1.104845370417883776e+00 1.219775570127789033e+00
3.417420724722971537e-01 -1.634524156589945570e-02
1.082495178658098967e+00 -1.634524156589945570e-02
-7.754181832876299030e-01 -1.634524156589945570e-02
-7.745523769924025359e-01 5.974932354156700098e-01
-1.175437576543600038e+00 -1.227629134601390115e+00
-2.269897085095468892e-01 -3.258586067265113462e-01
-3.550259211153061062e-02 6.053352956084475656e-01
1.316630825091257728e+00 9.020840549267105102e-01
-3.550259211153061062e-02 5.862532693768430780e-01
-4.127472566953584443e-01 -3.181793963596153962e-01
-3.550259211153061062e-02 2.867506585973752520e-01
-4.146242954844464035e-01 5.812863859407505496e-01
1.488567474546215630e+00 -1.634524156589945570e-02
3.461637573370631715e-01 2.830214048353434375e-01
3.361814138258109042e-01 8.720990950897815619e-01
-4.053823028371892900e-01 2.722909934364762252e-01
7.078654197631524259e-01 -3.038370251271798606e-01
3.325902644885119219e-01 1.149980788496471673e+00
-7.681489458659708225e-01 -3.062093251018589424e-01
-3.550259211153061062e-02 5.657098363484625025e-01
3.343771186141279994e-01 -3.050551287735870365e-01
3.325902644885119219e-01 -1.634524156589945570e-02
-3.550259211153061062e-02 -1.164207030639962337e+00
-7.681489458659708225e-01 -8.940350366258951187e-01
-4.053823028371892900e-01 -6.126166307361707863e-01
7.078654197631524259e-01 2.842625583302136327e-01
7.086851355692499466e-01 8.757673490483784962e-01
-3.550259211153061062e-02 8.649243493994538401e-01
1.795084618694642531e+00 -8.870322040865761259e-01
-3.550259211153061062e-02 -3.120732819577006767e-01
-1.467161723332772949e+00 -1.192224233831920444e+00
-1.131780000817437015e+00 2.794522311470346021e-01
1.444870810671724515e+00 -1.634524156589945570e-02
-1.487662428495351907e+00 -1.206752091451074982e+00
3.325902644885119219e-01 -1.634524156589945570e-02
3.387841358988683549e-01 2.892802906455987366e-01
6.935624414891081724e-01 -3.206879289869433158e-01
1.416657244272290672e+00 1.499557371520702231e+00
3.188221309481399923e-01 1.175133980948301460e+00
3.171820669156116268e-01 -1.634524156589945570e-02
-3.550259211153061062e-02 5.668177662146259843e-01
6.742485607069825804e-01 2.699880460256688930e-01
3.123172077874529773e-01 -1.634524156589945570e-02
-3.817418669236067874e-01 5.657098363484625025e-01
-3.550259211153061062e-02 -3.050551287735870365e-01
-3.550259211153061062e-02 1.421380609292142383e+00
3.123172077874529773e-01 -8.633450951072884072e-01
-3.817418669236067874e-01 -1.634524156589945570e-02
3.123172077874529773e-01 -2.981811477149335365e-01
6.569759575126217221e-01 5.553003319150315864e-01
-1.064865357812190050e+00 -5.835191879489771694e-01
-3.550259211153061062e-02 -1.634524156589945570e-02
1.007956822824464416e+00 8.440102553760195914e-01
-1.064865357812190050e+00 -3.016694982950899329e-01
-2.485363794050292174e+00 -1.156422141902085698e+00
-2.199562454173080273e+00 -1.745048855599524940e+00
3.343771186141279994e-01 -1.634524156589945570e-02
-7.716882976920935722e-01 -3.144809361510350620e-01
3.361814138258109042e-01 5.764007098977957932e-01
-1.523062270959915310e+00 -6.042847522002301464e-01
1.104432392320538803e+00 -6.090911930295948018e-01
-7.869506880902560342e-01 -6.139768690725495581e-01
7.234302061345497803e-01 -6.250306091573269995e-01
-7.627104281586071233e-01 2.905739969248852805e-01
-2.231353656401723617e-01 -1.634524156589945570e-02
1.525933721650374608e-01 -1.752705171557729091e-01
-4.189260795495846623e-01 -3.226421341481843230e-01
1.612783472693368192e-01 -1.634524156589945570e-02
-6.161466501160721698e-01 -1.240578523516428167e+00
1.622786457489965306e-01 -1.634524156589945570e-02
-2.327717752289603093e-01 2.965338510112307535e-01
-8.101458010352161621e-01 -9.447188183878419965e-01
3.557971648341471393e-01 -1.634524156589945570e-02
3.537979165302378437e-01 -1.634524156589945570e-02
2.098886546145856791e+00 6.084940239297255138e-01
-1.165805205301520431e+00 6.094129435883608448e-01
-3.550259211153061062e-02 -3.265471801643791139e-01
1.516492752803227095e-01 6.067242900627891622e-01
5.408115353132677550e-01 -1.634524156589945570e-02
-6.074904006100568798e-01 2.863576148145882128e-01
-3.550259211153061062e-02 -1.634524156589945570e-02
9.223152232042577392e-01 -1.634524156589945570e-02
-1.165805205301520431e+00 -1.542022904575062636e+00
-6.132322667309169084e-01 -3.305530828625871664e-01
-4.208652707803708926e-01 -3.319206298643482822e-01
-2.250429434738020207e-01 3.006096500728180354e-01
1.545104286841486319e-01 -1.634524156589945570e-02
-2.250429434738020207e-01 -6.474960181627972267e-01
1.545104286841486319e-01 -1.634524156589945570e-02
7.391406168121548159e-01 9.386943054314684787e-01
-1.185773077284258958e+00 -6.447609169086148118e-01
-3.550259211153061062e-02 3.006096500728180354e-01
-2.260113542535099052e-01 2.992301467325493847e-01
-3.550259211153061062e-02 -1.266892474143921365e+00
1.135326354201228183e+00 -1.634524156589945570e-02
1.525933721650374608e-01 -3.360674418909706529e-01
5.437116168554577689e-01 3.047930416796528763e-01
-6.103469975396722536e-01 -1.634524156589945570e-02
5.437116168554577689e-01 2.969825146076570666e-01
-7.965642010151599006e-01 -3.283248245014863120e-01
-1.188612644582000444e+00 -1.608561777287760286e+00
1.554836854799065415e-01 3.105555763019936522e-01
-2.260113542535099052e-01 -3.417788158556345213e-01
-8.243589527633267133e-01 -6.636088555788394183e-01
-3.550259211153061062e-02 -1.634524156589945570e-02
-1.017205170936279268e+00 -1.005881254128608626e+00
-2.395058631360633961e-01 6.524731420477112298e-01
9.702061292090913280e-01 7.258848212121260524e-01
-6.327492992110391734e-01 -6.657755775876580406e-01
1.159949297010387292e+00 6.389545110587573351e-01
3.651734134606519078e-01 -1.634524156589945570e-02
2.385211991326014191e-01 -1.634524156589945570e-02
7.505269258444163816e-01 1.945065553177461659e+00
7.425010546400533373e-01 9.417229786625043175e-01
7.346374030610125505e-01 1.238116042348163193e+00
-2.200918161165264231e-01 -9.458375952415175592e-01
3.426175022239256740e-01 9.252174309940397467e-01
-7.960138353149877055e-01 -9.458375952415175592e-01
3.526296990227313910e-01 6.113631898891863647e-01
7.287827146765476494e-01 1.222073231807382365e+00
3.388623883907453394e-01 -3.222802682038340971e-01
-3.550259211153061062e-02 -3.235765992220773768e-01
-3.550259211153061062e-02 6.007322140429522950e-01
-7.884981139731991329e-01 -6.282152948417687455e-01
-6.038846751269972835e-01 -1.244329362493582281e+00
-2.290757126919870379e-01 -3.239223759516621226e-01
3.526296990227313910e-01 6.077334804396893331e-01
-3.550259211153061062e-02 -3.288467560182392058e-01
-6.147503879318972908e-01 -9.516308001560879193e-01
-3.550259211153061062e-02 3.016103861800397135e-01
-2.300642771076263082e-01 -6.494800742916764236e-01
7.447364700311805974e-01 1.574047970660214180e+00
1.495348959976147973e-01 -1.634524156589945570e-02
-2.200918161165264231e-01 2.961562728864403082e-01
-2.285851907183194531e-01 -6.386660845338182346e-01
5.371512311934686368e-01 9.252174309940397467e-01
-3.550259211153061062e-02 -9.458375952415175592e-01
-3.550259211153061062e-02 -1.634524156589945570e-02
-4.117555225585292633e-01 -1.634524156589945570e-02
1.495348959976147973e-01 -1.634524156589945570e-02
-7.979363550314382270e-01 -6.377765880538751597e-01
5.481824704962785511e-01 3.002221747969889831e-01
-3.550259211153061062e-02 2.925422103614425673e-01
-4.216677893251083442e-01 -3.239223759516621226e-01
-6.096149443352344433e-01 -3.315365188948063979e-01
1.518894197580722416e-01 -3.329126579287878807e-01
1.595571734241471862e-01 3.016103861800397135e-01
-3.550259211153061062e-02 3.002221747969889831e-01
-3.550259211153061062e-02 -6.467277889730533857e-01
1.318322511385954243e+00 9.311625372377385634e-01
-4.178327848028013936e-01 -3.239223759516621226e-01
-3.550259211153061062e-02 2.925422103614425673e-01
-6.038846751269972835e-01 -3.239223759516621226e-01
1.580705284689258583e-01 -3.315365188948063979e-01
1.495348959976147973e-01 -1.634524156589945570e-02
-6.053214960272640388e-01 -1.634524156589945570e-02
5.386097601121733192e-01 -1.634524156589945570e-02
-6.053214960272640388e-01 -3.329126579287878807e-01
1.500854411089661333e+00 2.196625900283355026e+00
-4.080372186365716636e-01 -3.187131972069546793e-01
1.103522773773286891e+00 9.069504804670955878e-01
-4.122015922403165500e-01 -3.222802682038340971e-01
-4.140731983101534897e-01 2.908861160902784793e-01
-4.080372186365716636e-01 -3.222802682038340971e-01
-3.550259211153061062e-02 -3.235765992220773768e-01
1.103522773773286891e+00 2.921934826131964424e-01
-3.550259211153061062e-02 -6.246633342205410999e-01
-7.889005923691023714e-01 -3.261760261244387449e-01
-4.080372186365716636e-01 5.997523888394636904e-01
3.388623883907453394e-01 -6.272519213860505705e-01
1.097953817467243187e+00 5.997523888394636904e-01
4.259829413442826895e-02 -1.634524156589945570e-02
3.389977796787845277e-01 2.921934826131964424e-01
-3.550259211153061062e-02 5.981174809971164796e-01
1.082503483937178324e+00 2.883043445452644349e-01
3.317770405152362101e-01 -1.634524156589945570e-02
3.300151555635131295e-01 8.877119414865380920e-01
-3.550259211153061062e-02 -3.159840559953758232e-01
-3.992752787396287029e-01 -1.634524156589945570e-02
7.031478612360616554e-01 8.863014705769755031e-01
-3.550259211153061062e-02 -3.135278006273803930e-01
-4.050528042238757953e-01 -1.634524156589945570e-02
1.063394103508459532e+00 5.744979119166750969e-01
-3.550259211153061062e-02 -1.634524156589945570e-02
-7.527043955531731445e-01 -3.064190069413367801e-01
-7.670611828922258013e-01 -1.634524156589945570e-02
-3.550259211153061062e-02 -1.634524156589945570e-02
3.300151555635131295e-01 2.748936686345631597e-01
3.358486921546528503e-01 2.796483977560831891e-01
-7.670611828922258013e-01 -3.111354525775204549e-01
1.068665593672061265e+00 2.796483977560831891e-01
-7.636019351018481505e-01 2.784449694457215574e-01
3.358486921546528503e-01 -3.099417764049954838e-01
3.265057789372972641e-01 -1.634524156589945570e-02
-3.957991765663853023e-01 -3.111354525775204549e-01
6.885141576056472701e-01 2.796483977560831891e-01
-1.835977984979679567e+00 -1.634524156589945570e-02
-4.027822247382975007e-01 -1.634524156589945570e-02
-4.045611774195049803e-01 -3.111354525775204549e-01
7.062071222142597415e-01 5.756420298274055325e-01
1.441267614869999214e+00 8.585724086174547631e-01
-7.636019351018481505e-01 -3.006393462598361266e-01
-3.992752787396287029e-01 2.690679517600971238e-01
7.031478612360616554e-01 -1.634524156589945570e-02
-4.050528042238757953e-01 -1.634524156589945570e-02
-3.550259211153061062e-02 2.737507833360497411e-01
-3.992752787396287029e-01 -3.052852284719110298e-01
-3.550259211153061062e-02 -1.634524156589945570e-02
-4.010203397865744201e-01 -5.907353784124456109e-01
-3.550259211153061062e-02 -1.634524156589945570e-02
-4.027822247382975007e-01 2.760672459772864906e-01
7.026145861239401214e-01 5.603059048734262415e-01
-4.010203397865744201e-01 -3.052852284719110298e-01
3.317770405152362101e-01 -1.634524156589945570e-02
-7.665380950811402361e-01 -5.907353784124456109e-01
-4.045611774195049803e-01 -1.634524156589945570e-02
-3.550259211153061062e-02 -1.634524156589945570e-02
1.077062002235721128e+00 8.550439473856162875e-01
-3.550259211153061062e-02 -1.634524156589945570e-02
-3.550259211153061062e-02 2.725947453401121323e-01
7.031478612360616554e-01 8.412782791563411244e-01
6.885141576056472701e-01 2.680836021447050577e-01
-3.550259211153061062e-02 5.502896544919253508e-01
6.816992113301119094e-01 5.402733606064638039e-01
3.197543870955249501e-01 8.205912758072887447e-01
-3.891108896065726408e-01 -2.921406082829776096e-01
6.750113663025806288e-01 5.318146317720459093e-01
-7.394522789073862956e-01 -1.634524156589945570e-02
3.197543870955249501e-01 1.082739181806727791e+00
3.181057053835114057e-01 1.060914259861331921e+00
-3.874774393192194633e-01 -1.344539430638857835e+00
-3.891108896065726408e-01 2.553371664565706189e-01
-3.550259211153061062e-02 -8.283498566335588675e-01
3.197543870955249501e-01 -2.900790135949719017e-01
-3.550259211153061062e-02 -1.634524156589945570e-02
1.025322323232161770e+00 8.079680940902213004e-01
-3.550259211153061062e-02 -4.890726332651558206e-01
-3.842553948710641931e-01 -1.104737334006513194e+00
3.148538228868468236e-01 2.612876309380845474e-01
-3.550259211153061062e-02 5.312709845282885812e-01
-7.330081900110756443e-01 -1.634524156589945570e-02
6.684470946843249495e-01 5.326560563755152744e-01
6.692686925123788599e-01 5.285303945244093082e-01
-7.338148002391762237e-01 -8.275625074531269831e-01
3.132502106480029580e-01 5.305854418663432659e-01
-3.550259211153061062e-02 -1.634524156589945570e-02
-1.076993960686579932e+00 -8.305992289168755427e-01
3.164722550961582281e-01 -1.634524156589945570e-02
-3.550259211153061062e-02 -5.598565209448918001e-01
-3.550259211153061062e-02 -8.460667720851962059e-01
3.148538228868468236e-01 8.229810208701722196e-01
-3.188642448298717458e-01 -1.634524156589945570e-02
-3.550259211153061062e-02 -2.929190899061051012e-01
-3.550259211153061062e-02 -2.939781140698834450e-01
3.218448258398222128e-01 8.141808947048707612e-01
3.201767295855202367e-01 -1.634524156589945570e-02
-3.550259211153061062e-02 -2.863781824205383630e-01
3.112990948651439549e-01 5.312709845282885812e-01
-3.807329660035060348e-01 -5.598565209448918001e-01
-3.895293156622129938e-01 2.546971361880829843e-01
3.201767295855202367e-01 2.591985780002741269e-01
-3.895293156622129938e-01 -1.634524156589945570e-02
-3.550259211153061062e-02 2.581554037794778766e-01
3.201767295855202367e-01 -2.898105869073508423e-01
-1.090357764287180453e+00 -5.598565209448918001e-01
-1.105166305471500188e+00 -5.694929454969709370e-01
-3.921800483439673024e-01 -1.634524156589945570e-02
-4.013232691263557417e-01 -5.737453126333521558e-01
3.320828957515005730e-01 -8.533055411042210769e-01
-3.550259211153061062e-02 2.621110231498813281e-01
-3.550259211153061062e-02 -1.634524156589945570e-02
-3.550259211153061062e-02 -1.634524156589945570e-02
-3.550259211153061062e-02 -5.767882044088471494e-01
3.228523552459465762e-01 5.484634379827977302e-01
-3.550259211153061062e-02 -5.767882044088471494e-01
-3.921800483439673024e-01 8.337203360796442420e-01
-7.671439461411807548e-01 -8.565601449040223248e-01
-3.973318967716923389e-01 -1.634524156589945570e-02
-3.550259211153061062e-02 -3.016021469134062549e-01
3.280531362445415766e-01 8.370778992528881135e-01
7.032322398237000893e-01 -1.634524156589945570e-02
-3.550259211153061062e-02 2.667067597966937265e-01
-3.550259211153061062e-02 -1.634524156589945570e-02
3.228523552459465762e-01 -1.634524156589945570e-02
-3.921800483439673024e-01 -2.982965564717705576e-01
-3.550259211153061062e-02 2.667067597966937265e-01
-4.013232691263557417e-01 -5.746088517501314330e-01
-3.550259211153061062e-02 5.462500652268853507e-01
6.921666440957807698e-01 8.295087176530339113e-01
3.286056430304213904e-01 2.623547903424968686e-01
6.818551143716208296e-01 8.110006826777118594e-01
-3.944993089561865118e-01 -1.634524156589945570e-02
-3.550259211153061062e-02 2.581554037794778766e-01
-3.888375925882041617e-01 -1.634524156589945570e-02
3.194785375372559133e-01 2.571201037755519447e-01
-3.550259211153061062e-02 -2.887830596110538273e-01
-3.888375925882041617e-01 -1.634524156589945570e-02
3.194785375372559133e-01 -5.632759249981421634e-01
-3.550259211153061062e-02 5.347423975664477025e-01
3.251935524622664442e-01 -1.634524156589945570e-02
-3.550259211153061062e-02 2.571201037755519447e-01
-3.944993089561865118e-01 -1.645523394781041482e+00
-3.550259211153061062e-02 -1.131145398202125119e+00
-3.550259211153061062e-02 2.667067597966937265e-01
-7.495337447815233478e-01 -5.746088517501314330e-01
-3.550259211153061062e-02 2.621110231498813281e-01
3.286056430304213904e-01 2.667067597966937265e-01
3.194785375372559133e-01 -2.982965564717705576e-01
-3.550259211153061062e-02 -2.937362030462539741e-01
3.251935524622664442e-01 2.621110231498813281e-01
-1.087672274869746214e-01 -2.937362030462539741e-01
-3.550259211153061062e-02 -1.634524156589945570e-02
-3.550259211153061062e-02 -1.283605390691291204e+00
-3.948448238049357406e-01 2.728482864225446614e-01
-3.550259211153061062e-02 -3.043898952105862921e-01
-3.550259211153061062e-02 -1.634524156589945570e-02
3.255423589445590737e-01 -1.634524156589945570e-02
-7.615205788278837096e-01 -8.839258037792514511e-01
-3.550259211153061062e-02 -1.634524156589945570e-02
-7.685049146990292623e-01 -8.944325903192653637e-01
-3.550259211153061062e-02 2.799386779332503905e-01
-3.550259211153061062e-02 5.738110423839311025e-01
3.382965702997721702e-01 -3.090410341512349057e-01
-3.550259211153061062e-02 -3.102273799063971493e-01
-3.550259211153061062e-02 -3.114233835408147799e-01
-4.074769170795924933e-01 2.799386779332503905e-01
3.382965702997721702e-01 2.787329004090158824e-01
3.290322448332655969e-01 -1.634524156589945570e-02
-3.550259211153061062e-02 2.775368967745981963e-01
-3.550259211153061062e-02 5.690463363541111708e-01
3.347005978049893971e-01 -3.066968377351095842e-01
-7.649607549544669149e-01 -3.078642230141062086e-01
-1.143986094231494777e+00 -1.187128397405921021e+00
3.419630843300756062e-01 5.786539467829465710e-01
7.081952155378274938e-01 2.787329004090158824e-01
-4.074769170795924933e-01 2.775368967745981963e-01
1.078418886729728854e+00 -1.634524156589945570e-02
-3.550259211153061062e-02 2.763505510194360082e-01
6.865873100006488761e-01 2.751737398823073111e-01
3.294520043052718838e-01 -1.634524156589945570e-02
3.204480074305344761e-01 -1.634524156589945570e-02
-3.550259211153061062e-02 -1.634524156589945570e-02
-3.897980790649371863e-01 -3.066968377351095842e-01
-3.550259211153061062e-02 8.582116882774004640e-01
3.204480074305344761e-01 2.716994120787873945e-01
-3.550259211153061062e-02 -1.634524156589945570e-02
-3.897980790649371863e-01 2.705596373134576127e-01
-3.550259211153061062e-02 -3.021193292477926673e-01
-7.546680835474828264e-01 -3.032501204452565102e-01
-3.550259211153061062e-02 -3.043898952105862921e-01
-3.550259211153061062e-02 -3.055387695543435589e-01
-3.948448238049357406e-01 -3.066968377351095842e-01
-3.550259211153061062e-02 -8.092768502231207917e-01
6.865873100006488761e-01 2.783970425824500161e-01
-3.550259211153061062e-02 2.772037506949104335e-01
-3.931580978191206444e-01 -1.634524156589945570e-02
3.238396395818744500e-01 -3.087105708157846240e-01
-3.931580978191206444e-01 -3.098942338267093310e-01
-3.288431900342712599e-01 2.783970425824500161e-01
7.006831134690323371e-01 -1.634524156589945570e-02
3.290678432404758325e-01 5.707527429557202048e-01
-3.983369803112254415e-01 -3.075364134202531741e-01
-4.000730274635371231e-01 -1.634524156589945570e-02
-3.550259211153061062e-02 -1.634524156589945570e-02
3.308205847656894849e-01 -1.634524156589945570e-02
3.290678432404758325e-01 -1.634524156589945570e-02
-3.550259211153061062e-02 -1.634524156589945570e-02
-3.550259211153061062e-02 2.760200876839857265e-01
3.273317960881641508e-01 -1.634524156589945570e-02
-3.550259211153061062e-02 2.748459302884542765e-01
-3.550259211153061062e-02 -3.063716456295532131e-01
-3.550259211153061062e-02 -3.075364134202531741e-01
-3.966173837071086949e-01 2.760200876839857265e-01
-3.550259211153061062e-02 -3.075364134202531741e-01
3.273317960881641508e-01 2.760200876839857265e-01
