3.150000000000000000e+02
1.400000000000000000e+02
3.190000000000000000e+02
3.780000000000000000e+02
4.020000000000000000e+02
4.320000000000000000e+02
5.900000000000000000e+01
3.860000000000000000e+02
2.420000000000000000e+02
3.470000000000000000e+02
1.670000000000000000e+02
3.010000000000000000e+02
1.010000000000000000e+02
1.970000000000000000e+02
2.960000000000000000e+02
4.290000000000000000e+02
3.730000000000000000e+02
2.090000000000000000e+02
3.800000000000000000e+02
4.230000000000000000e+02
4.280000000000000000e+02
4.000000000000000000e+02
4.160000000000000000e+02
9.200000000000000000e+01
4.190000000000000000e+02
1.120000000000000000e+02
1.480000000000000000e+02
7.800000000000000000e+01
3.050000000000000000e+02
2.220000000000000000e+02
2.100000000000000000e+02
4.500000000000000000e+01
4.000000000000000000e+00
1.660000000000000000e+02
4.310000000000000000e+02
2.150000000000000000e+02
3.070000000000000000e+02
3.040000000000000000e+02
2.970000000000000000e+02
1.870000000000000000e+02
2.570000000000000000e+02
3.580000000000000000e+02
1.070000000000000000e+02
1.170000000000000000e+02
2.490000000000000000e+02
9.300000000000000000e+01
1.940000000000000000e+02
4.400000000000000000e+01
2.440000000000000000e+02
3.120000000000000000e+02
1.220000000000000000e+02
2.300000000000000000e+02
3.460000000000000000e+02
3.110000000000000000e+02
3.880000000000000000e+02
3.450000000000000000e+02
2.180000000000000000e+02
2.530000000000000000e+02
3.100000000000000000e+02
3.020000000000000000e+02
