1.742181187244836504e+00 -8.273668775336481263e-01
5.844649721613931481e-01 -1.549112451552361991e+00
4.626001074157674586e-01 3.872781128880869311e-02
5.235325397885802756e-01 -2.499704183186769180e-01
-2.035629619869558038e+00 6.882988279056513337e-01
-3.904539458036119792e-01 -3.221449757205482878e-01
1.579379455517033737e-01 -5.386686479261625360e-01
-1.467242163123607113e-01 -7.551923201317767287e-01
2.188703779245161907e-01 -8.273668775336481263e-01
9.500595663982699390e-01 -3.221449757205482878e-01
-8.579178393954788040e-02 -1.777958609168054926e-01
4.626001074157674586e-01 -1.056213035149341090e-01
-9.997782695317400936e-01 -1.332588779346747909e+00
-1.467242163123607113e-01 -1.777958609168054926e-01
3.607308080607774664e-02 1.109023686906800976e-01
3.607308080607774664e-02 -5.386686479261625360e-01
-2.485935156673506688e-02 -3.221449757205482878e-01
1.620316322499210981e+00 -6.108432053280339336e-01
6.453974045342059096e-01 -6.108432053280339336e-01
-1.121643134277365839e+00 1.109023686906800976e-01
-8.579178393954788040e-02 -6.108432053280339336e-01
-6.341836752948631917e-01 1.830769260925514952e-01
6.453974045342059096e-01 -3.943195331224196853e-01
-3.904539458036119792e-01 -4.664940905242910829e-01
-1.467242163123607113e-01 -8.273668775336481263e-01
-7.560485400404888257e-01 6.161242705037799361e-01
-9.388458371589273321e-01 -5.386686479261625360e-01
5.844649721613931481e-01 3.274260408962942903e-01
2.798028102973290077e-01 -2.499704183186769180e-01
4.016676750429546416e-01 -1.693461566356105008e+00
7.063298369070186711e-01 4.717751557000370854e-01
2.188703779245161907e-01 1.337869844522493912e+00
3.407352426701418247e-01 -3.943195331224196853e-01
1.376586593007959713e+00 3.996005982981656879e-01
-1.467242163123607113e-01 -8.273668775336481263e-01
2.188703779245161907e-01 -3.221449757205482878e-01
-6.951161076676760642e-01 -8.995414349355195238e-01
9.500595663982699390e-01 3.872781128880869311e-02
-8.579178393954788040e-02 -1.549112451552361991e+00
-2.076566486851735005e-01 -3.221449757205482878e-01
-3.904539458036119792e-01 5.439497131019085385e-01
-9.997782695317400936e-01 1.193520729718751117e+00
-7.560485400404888257e-01 -7.551923201317767287e-01
-3.904539458036119792e-01 3.274260408962942903e-01
1.742181187244836504e+00 1.049171614915008321e+00
1.376586593007959713e+00 1.698742631531850789e+00
-9.997782695317400936e-01 -5.386686479261625360e-01
-3.295215134307991622e-01 -1.549112451552361991e+00
-7.560485400404888257e-01 2.552514834944228928e-01
1.742181187244836504e+00 -6.830177627299053311e-01
-1.121643134277365839e+00 -1.056213035149341090e-01
-4.513863781764247962e-01 -1.056213035149341090e-01
-1.365372863768617107e+00 -7.551923201317767287e-01
3.407352426701418247e-01 -1.116065107141133605e+00
1.559383890126398109e+00 -1.260414221944876401e+00
-5.123188105492375577e-01 -3.221449757205482878e-01
-2.685890810579863452e-01 -2.499704183186769180e-01
-2.485935156673506688e-02 -1.332588779346747909e+00
-8.779134047861144596e-01 -6.108432053280339336e-01
-2.766818808343311620e+00 2.131789975943079174e+00
-6.951161076676760642e-01 1.265695287120622403e+00
-6.341836752948631917e-01 -6.830177627299053311e-01
-1.182575566650178489e+00 -3.221449757205482878e-01
9.700551317889057057e-02 -5.386686479261625360e-01
-1.467242163123607113e-01 -1.056213035149341090e-01
4.626001074157674586e-01 -1.476937894150490704e+00
-1.243507999022991362e+00 -3.221449757205482878e-01
-8.579178393954788040e-02 -1.332588779346747909e+00
1.071924431143895573e+00 -6.830177627299053311e-01
-5.732512429220504302e-01 -1.549112451552361991e+00
-5.732512429220504302e-01 -3.943195331224196853e-01
-9.388458371589273321e-01 3.996005982981656879e-01
-2.485935156673506688e-02 -1.043890549739262319e+00
-6.951161076676760642e-01 -6.108432053280339336e-01
-7.560485400404888257e-01 -1.043890549739262319e+00
-8.579178393954788040e-02 -8.273668775336481263e-01
-5.732512429220504302e-01 -3.221449757205482878e-01
5.844649721613931481e-01 -6.830177627299053311e-01
1.498451457753585236e+00 1.698742631531850789e+00
-5.732512429220504302e-01 2.552514834944228928e-01
6.453974045342059096e-01 8.326479427093941288e-01
1.985910916736087772e+00 -3.344674611306270445e-02
2.798028102973290077e-01 4.717751557000370854e-01
1.010991998771082701e+00 -1.765636123757976295e+00
1.742181187244836504e+00 -1.777958609168054926e-01
-1.670035025632681025e+00 -5.386686479261625360e-01
-3.904539458036119792e-01 1.109023686906800976e-01
1.315654160635146841e+00 -8.273668775336481263e-01
1.620316322499210981e+00 3.996005982981656879e-01
3.407352426701418247e-01 -4.664940905242910829e-01
1.071924431143895573e+00 7.604733853075227312e-01
1.010991998771082701e+00 3.872781128880869311e-02
9.500595663982699390e-01 2.059615418541207887e+00
-1.304440431395804234e+00 1.337869844522493912e+00
5.235325397885802756e-01 -7.551923201317767287e-01
-8.169809724133016982e-01 3.274260408962942903e-01
-5.732512429220504302e-01 -1.056213035149341090e-01
3.407352426701418247e-01 -6.108432053280339336e-01
-6.341836752948631917e-01 -1.777958609168054926e-01
2.798028102973290077e-01 -1.056213035149341090e-01
-4.513863781764247962e-01 -8.273668775336481263e-01
-1.670035025632681025e+00 1.915266303737465092e+00
-1.182575566650178489e+00 -6.830177627299053311e-01
-6.341836752948631917e-01 -1.260414221944876401e+00
1.010991998771082701e+00 1.049171614915008321e+00
-2.485935156673506688e-02 -8.273668775336481263e-01
6.453974045342059096e-01 -1.777958609168054926e-01
-1.791899890378306770e+00 8.326479427093941288e-01
2.188703779245161907e-01 -4.664940905242910829e-01
1.498451457753585236e+00 -4.664940905242910829e-01
-2.076566486851735005e-01 7.604733853075227312e-01
-8.169809724133016982e-01 1.830769260925514952e-01
-2.279359349360809084e+00 2.552514834944228928e-01
-1.060710701904552966e+00 -1.260414221944876401e+00
-4.513863781764247962e-01 -6.830177627299053311e-01
1.681248754872023854e+00 -9.717159923373909214e-01
-1.121643134277365839e+00 8.326479427093941288e-01
-1.365372863768617107e+00 1.337869844522493912e+00
7.063298369070186711e-01 -3.221449757205482878e-01
1.376586593007959713e+00 4.717751557000370854e-01
2.188703779245161907e-01 3.996005982981656879e-01
1.559383890126398109e+00 -2.499704183186769180e-01
1.498451457753585236e+00 1.265695287120622403e+00
-5.732512429220504302e-01 4.717751557000370854e-01
-1.304440431395804234e+00 -1.056213035149341090e-01
7.063298369070186711e-01 -3.221449757205482878e-01
8.891271340254571776e-01 3.996005982981656879e-01
4.016676750429546416e-01 -1.777958609168054926e-01
-2.485935156673506688e-02 1.109023686906800976e-01
5.844649721613931481e-01 -8.273668775336481263e-01
9.700551317889057057e-02 -9.717159923373909214e-01
-4.513863781764247962e-01 4.717751557000370854e-01
-2.485935156673506688e-02 -8.273668775336481263e-01
-3.295215134307991622e-01 -3.221449757205482878e-01
-3.904539458036119792e-01 -1.188239664543005114e+00
3.607308080607774664e-02 -8.995414349355195238e-01
3.607308080607774664e-02 -4.664940905242910829e-01
-6.951161076676760642e-01 3.996005982981656879e-01
2.798028102973290077e-01 7.604733853075227312e-01
-6.951161076676760642e-01 3.872781128880869311e-02
-2.766818808343311620e+00 4.585724927606706913e+00
1.579379455517033737e-01 -1.043890549739262319e+00
-9.388458371589273321e-01 1.109023686906800976e-01
-7.560485400404888257e-01 -3.943195331224196853e-01
-6.341836752948631917e-01 -1.043890549739262319e+00
-1.730967458005493897e+00 -8.995414349355195238e-01
-7.560485400404888257e-01 -8.995414349355195238e-01
-4.513863781764247962e-01 -6.830177627299053311e-01
-1.791899890378306770e+00 1.337869844522493912e+00
9.700551317889057057e-02 -3.344674611306270445e-02
-8.779134047861144596e-01 -3.344674611306270445e-02
-6.341836752948631917e-01 -9.717159923373909214e-01
-7.560485400404888257e-01 -1.476937894150490704e+00
-1.182575566650178489e+00 -1.188239664543005114e+00
-8.579178393954788040e-02 -6.830177627299053311e-01
-8.579178393954788040e-02 1.830769260925514952e-01
8.281947016526443051e-01 3.996005982981656879e-01
7.672622692798315436e-01 -3.943195331224196853e-01
-2.485935156673506688e-02 -1.056213035149341090e-01
-2.685890810579863452e-01 -7.551923201317767287e-01
-2.685890810579863452e-01 7.604733853075227312e-01
4.626001074157674586e-01 -9.717159923373909214e-01
-1.365372863768617107e+00 -4.664940905242910829e-01
-3.904539458036119792e-01 -1.777958609168054926e-01
-1.304440431395804234e+00 -1.043890549739262319e+00
1.315654160635146841e+00 8.326479427093941288e-01
-1.670035025632681025e+00 1.265695287120622403e+00
1.620316322499210981e+00 2.059615418541207887e+00
-3.904539458036119792e-01 1.049171614915008321e+00
-1.467242163123607113e-01 -3.221449757205482878e-01
2.188703779245161907e-01 -1.056213035149341090e-01
-8.779134047861144596e-01 -1.777958609168054926e-01
5.844649721613931481e-01 3.872781128880869311e-02
5.235325397885802756e-01 -2.499704183186769180e-01
4.626001074157674586e-01 -1.332588779346747909e+00
1.071924431143895573e+00 2.552514834944228928e-01
-1.182575566650178489e+00 -5.386686479261625360e-01
1.193789295889521318e+00 -1.260414221944876401e+00
5.844649721613931481e-01 3.872781128880869311e-02
1.010991998771082701e+00 -7.551923201317767287e-01
-1.730967458005493897e+00 -1.777958609168054926e-01
-1.467242163123607113e-01 3.274260408962942903e-01
6.453974045342059096e-01 1.265695287120622403e+00
1.132856863516708446e+00 5.439497131019085385e-01
8.891271340254571776e-01 6.882988279056513337e-01
3.607308080607774664e-02 1.830769260925514952e-01
9.500595663982699390e-01 -6.108432053280339336e-01
-1.487237728514242630e+00 1.337869844522493912e+00
1.193789295889521318e+00 -7.551923201317767287e-01
1.579379455517033737e-01 -2.499704183186769180e-01
8.281947016526443051e-01 6.882988279056513337e-01
1.132856863516708446e+00 -8.273668775336481263e-01
-6.341836752948631917e-01 6.882988279056513337e-01
-1.467242163123607113e-01 1.830769260925514952e-01
-1.182575566650178489e+00 1.410044401924365198e+00
-1.548170160887055502e+00 5.439497131019085385e-01
-2.485935156673506688e-02 -1.549112451552361991e+00
-2.035629619869558038e+00 1.554393516728107993e+00
7.063298369070186711e-01 -3.344674611306270445e-02
1.437519025380772586e+00 1.049171614915008321e+00
1.071924431143895573e+00 -4.664940905242910829e-01
2.188703779245161907e-01 4.717751557000370854e-01
-6.951161076676760642e-01 -1.056213035149341090e-01
-8.169809724133016982e-01 -3.221449757205482878e-01
-2.485935156673506688e-02 -1.043890549739262319e+00
4.016676750429546416e-01 -3.943195331224196853e-01
9.500595663982699390e-01 -7.551923201317767287e-01
-2.685890810579863452e-01 -7.551923201317767287e-01
3.607308080607774664e-02 -1.188239664543005114e+00
-2.157494484615183783e+00 1.193520729718751117e+00
-1.730967458005493897e+00 1.265695287120622403e+00
1.010991998771082701e+00 -1.116065107141133605e+00
4.016676750429546416e-01 -3.344674611306270445e-02
1.579379455517033737e-01 1.698742631531850789e+00
-9.997782695317400936e-01 3.274260408962942903e-01
-1.791899890378306770e+00 1.049171614915008321e+00
1.193789295889521318e+00 4.717751557000370854e-01
2.188703779245161907e-01 -3.221449757205482878e-01
1.864046051990462249e+00 -1.116065107141133605e+00
3.607308080607774664e-02 4.717751557000370854e-01
-2.685890810579863452e-01 3.872781128880869311e-02
5.844649721613931481e-01 -1.693461566356105008e+00
2.229640646227339040e+00 6.882988279056513337e-01
-2.685890810579863452e-01 -6.108432053280339336e-01
1.254721728262333968e+00 4.717751557000370854e-01
-5.732512429220504302e-01 -1.332588779346747909e+00
-2.076566486851735005e-01 4.717751557000370854e-01
-6.341836752948631917e-01 -8.995414349355195238e-01
1.579379455517033737e-01 -1.777958609168054926e-01
1.559383890126398109e+00 6.882988279056513337e-01
2.046843349108900867e+00 3.996005982981656879e-01
-1.487237728514242630e+00 -1.043890549739262319e+00
6.453974045342059096e-01 -5.386686479261625360e-01
-2.485935156673506688e-02 -3.344674611306270445e-02
-8.579178393954788040e-02 8.326479427093941288e-01
-2.076566486851735005e-01 -6.108432053280339336e-01
-6.341836752948631917e-01 1.830769260925514952e-01
5.844649721613931481e-01 3.274260408962942903e-01
-5.123188105492375577e-01 9.769970575131369239e-01
-2.076566486851735005e-01 2.552514834944228928e-01
9.500595663982699390e-01 1.049171614915008321e+00
-2.485935156673506688e-02 -8.273668775336481263e-01
1.579379455517033737e-01 2.925710107363664658e+00
1.559383890126398109e+00 -9.717159923373909214e-01
8.281947016526443051e-01 1.698742631531850789e+00
9.700551317889057057e-02 -1.777958609168054926e-01
3.407352426701418247e-01 1.698742631531850789e+00
-1.467242163123607113e-01 2.552514834944228928e-01
-2.485935156673506688e-02 8.326479427093941288e-01
-1.913764755123932293e+00 3.996005982981656879e-01
7.063298369070186711e-01 1.109023686906800976e-01
-2.485935156673506688e-02 1.626568074129979502e+00
7.672622692798315436e-01 -1.043890549739262319e+00
1.193789295889521318e+00 1.410044401924365198e+00
1.315654160635146841e+00 -3.943195331224196853e-01
4.016676750429546416e-01 1.410044401924365198e+00
-8.579178393954788040e-02 -7.551923201317767287e-01
9.700551317889057057e-02 1.987440861139336379e+00
-1.467242163123607113e-01 8.326479427093941288e-01
-8.169809724133016982e-01 9.048225001112655264e-01
-6.951161076676760642e-01 1.554393516728107993e+00
-4.513863781764247962e-01 -1.777958609168054926e-01
-5.123188105492375577e-01 1.337869844522493912e+00
-7.560485400404888257e-01 -1.056213035149341090e-01
-6.951161076676760642e-01 9.048225001112655264e-01
7.063298369070186711e-01 -1.777958609168054926e-01
2.188703779245161907e-01 9.048225001112655264e-01
-2.076566486851735005e-01 -4.664940905242910829e-01
2.188703779245161907e-01 -1.056213035149341090e-01
1.559383890126398109e+00 -4.664940905242910829e-01
9.700551317889057057e-02 -8.995414349355195238e-01
8.891271340254571776e-01 -1.549112451552361991e+00
1.010991998771082701e+00 -8.273668775336481263e-01
8.891271340254571776e-01 -1.056213035149341090e-01
1.071924431143895573e+00 2.552514834944228928e-01
-8.779134047861144596e-01 -4.664940905242910829e-01
7.063298369070186711e-01 -2.499704183186769180e-01
9.700551317889057057e-02 -2.499704183186769180e-01
-9.388458371589273321e-01 -3.943195331224196853e-01
-3.295215134307991622e-01 5.439497131019085385e-01
1.579379455517033737e-01 -3.344674611306270445e-02
6.453974045342059096e-01 2.552514834944228928e-01
-6.951161076676760642e-01 -1.404763336748619196e+00
1.620316322499210981e+00 -7.551923201317767287e-01
1.132856863516708446e+00 2.552514834944228928e-01
-8.169809724133016982e-01 -1.056213035149341090e-01
-6.951161076676760642e-01 -4.664940905242910829e-01
6.453974045342059096e-01 -1.777958609168054926e-01
2.188703779245161907e-01 1.109023686906800976e-01
8.281947016526443051e-01 1.109023686906800976e-01
-8.579178393954788040e-02 -9.717159923373909214e-01
-3.904539458036119792e-01 6.882988279056513337e-01
5.235325397885802756e-01 -1.549112451552361991e+00
-1.467242163123607113e-01 2.552514834944228928e-01
-8.169809724133016982e-01 -1.056213035149341090e-01
7.672622692798315436e-01 -1.777958609168054926e-01
-2.401224214106434829e+00 9.048225001112655264e-01
-2.096562052242370910e+00 -4.664940905242910829e-01
2.798028102973290077e-01 -1.056213035149341090e-01
7.672622692798315436e-01 3.872781128880869311e-02
1.010991998771082701e+00 -6.830177627299053311e-01
1.681248754872023854e+00 -2.198683468169204680e+00
1.254721728262333968e+00 1.337869844522493912e+00
-9.388458371589273321e-01 -6.108432053280339336e-01
-1.974697187496745165e+00 6.161242705037799361e-01
-5.732512429220504302e-01 2.059615418541207887e+00
4.016676750429546416e-01 -1.765636123757976295e+00
9.500595663982699390e-01 1.843091746335593584e+00
-3.904539458036119792e-01 8.326479427093941288e-01
-3.295215134307991622e-01 -4.664940905242910829e-01
2.046843349108900867e+00 -5.386686479261625360e-01
1.376586593007959713e+00 -1.765636123757976295e+00
1.437519025380772586e+00 1.337869844522493912e+00
1.071924431143895573e+00 -3.221449757205482878e-01
6.453974045342059096e-01 4.717751557000370854e-01
-2.827751240716124492e+00 6.390088862653492185e+00
3.407352426701418247e-01 -3.344674611306270445e-02
5.235325397885802756e-01 3.274260408962942903e-01
-5.732512429220504302e-01 1.049171614915008321e+00
-2.644953943597686319e+00 3.575281123980507125e+00
-1.243507999022991362e+00 -1.116065107141133605e+00
7.672622692798315436e-01 -6.108432053280339336e-01
4.626001074157674586e-01 1.109023686906800976e-01
-5.123188105492375577e-01 1.109023686906800976e-01
9.700551317889057057e-02 -5.386686479261625360e-01
7.063298369070186711e-01 -1.056213035149341090e-01
1.254721728262333968e+00 -8.273668775336481263e-01
1.071924431143895573e+00 -8.995414349355195238e-01
7.672622692798315436e-01 3.872781128880869311e-02
7.672622692798315436e-01 -6.830177627299053311e-01
1.132856863516708446e+00 -8.273668775336481263e-01
-2.685890810579863452e-01 2.552514834944228928e-01
-5.732512429220504302e-01 6.882988279056513337e-01
-1.670035025632681025e+00 -1.777958609168054926e-01
3.607308080607774664e-02 1.109023686906800976e-01
-9.388458371589273321e-01 3.872781128880869311e-02
-8.169809724133016982e-01 1.265695287120622403e+00
-4.513863781764247962e-01 3.996005982981656879e-01
-2.685890810579863452e-01 4.717751557000370854e-01
4.626001074157674586e-01 4.717751557000370854e-01
-1.467242163123607113e-01 -2.499704183186769180e-01
9.700551317889057057e-02 2.552514834944228928e-01
1.559383890126398109e+00 -1.188239664543005114e+00
-6.341836752948631917e-01 -1.777958609168054926e-01
-8.779134047861144596e-01 -1.777958609168054926e-01
-1.609102593259868375e+00 -1.260414221944876401e+00
2.107775781481713295e+00 1.109023686906800976e-01
-7.560485400404888257e-01 2.709186435158050354e+00
9.500595663982699390e-01 -3.221449757205482878e-01
1.071924431143895573e+00 -8.273668775336481263e-01
4.016676750429546416e-01 -6.830177627299053311e-01
9.700551317889057057e-02 -1.188239664543005114e+00
-1.243507999022991362e+00 -1.056213035149341090e-01
-8.579178393954788040e-02 1.337869844522493912e+00
3.607308080607774664e-02 1.265695287120622403e+00
3.607308080607774664e-02 1.337869844522493912e+00
5.844649721613931481e-01 -1.777958609168054926e-01
-3.904539458036119792e-01 -1.549112451552361991e+00
4.626001074157674586e-01 1.915266303737465092e+00
9.500595663982699390e-01 9.048225001112655264e-01
-3.904539458036119792e-01 -4.664940905242910829e-01
3.607308080607774664e-02 -5.386686479261625360e-01
6.453974045342059096e-01 -1.765636123757976295e+00
-5.123188105492375577e-01 -1.332588779346747909e+00
-2.485935156673506688e-02 -1.777958609168054926e-01
-2.076566486851735005e-01 3.996005982981656879e-01
7.672622692798315436e-01 3.872781128880869311e-02
1.071924431143895573e+00 4.717751557000370854e-01
-9.997782695317400936e-01 -6.108432053280339336e-01
1.315654160635146841e+00 -9.717159923373909214e-01
-2.485935156673506688e-02 -3.943195331224196853e-01
9.700551317889057057e-02 1.049171614915008321e+00
1.559383890126398109e+00 -8.273668775336481263e-01
-1.913764755123932293e+00 1.554393516728107993e+00
1.437519025380772586e+00 9.769970575131369239e-01
1.254721728262333968e+00 -3.943195331224196853e-01
4.626001074157674586e-01 2.552514834944228928e-01
1.254721728262333968e+00 -9.717159923373909214e-01
-2.340291781733621956e+00 3.503106566578635839e+00
1.193789295889521318e+00 9.769970575131369239e-01
6.453974045342059096e-01 2.348313648148693478e+00
-6.341836752948631917e-01 7.604733853075227312e-01
3.607308080607774664e-02 -6.830177627299053311e-01
-6.951161076676760642e-01 -1.476937894150490704e+00
1.742181187244836504e+00 1.830769260925514952e-01
1.924978484363275122e+00 3.872781128880869311e-02
4.016676750429546416e-01 3.070059222167407675e+00
-1.467242163123607113e-01 1.830769260925514952e-01
1.437519025380772586e+00 1.265695287120622403e+00
1.193789295889521318e+00 -2.499704183186769180e-01
-6.341836752948631917e-01 7.604733853075227312e-01
2.798028102973290077e-01 3.872781128880869311e-02
-1.852832322751119642e+00 -3.943195331224196853e-01
7.672622692798315436e-01 -8.273668775336481263e-01
8.891271340254571776e-01 -1.332588779346747909e+00
-8.579178393954788040e-02 9.048225001112655264e-01
-9.997782695317400936e-01 -6.108432053280339336e-01
3.607308080607774664e-02 8.326479427093941288e-01
1.498451457753585236e+00 6.161242705037799361e-01
5.235325397885802756e-01 -5.386686479261625360e-01
-2.279359349360809084e+00 5.439497131019085385e-01
1.193789295889521318e+00 -1.116065107141133605e+00
-2.401224214106434829e+00 3.430932009176764552e+00
9.500595663982699390e-01 1.830769260925514952e-01
-1.548170160887055502e+00 -3.943195331224196853e-01
1.803113619617649377e+00 -8.273668775336481263e-01
-1.304440431395804234e+00 2.552514834944228928e-01
7.063298369070186711e-01 -2.499704183186769180e-01
1.193789295889521318e+00 -6.108432053280339336e-01
6.453974045342059096e-01 1.830769260925514952e-01
1.071924431143895573e+00 -9.717159923373909214e-01
-3.295215134307991622e-01 -8.273668775336481263e-01
4.016676750429546416e-01 3.996005982981656879e-01
1.254721728262333968e+00 4.717751557000370854e-01
-9.997782695317400936e-01 -4.664940905242910829e-01
-1.182575566650178489e+00 1.049171614915008321e+00
1.132856863516708446e+00 1.987440861139336379e+00
2.188703779245161907e-01 -4.664940905242910829e-01
-1.182575566650178489e+00 2.552514834944228928e-01
7.063298369070186711e-01 2.131789975943079174e+00
1.010991998771082701e+00 -1.116065107141133605e+00
-1.060710701904552966e+00 -2.499704183186769180e-01
2.798028102973290077e-01 -2.499704183186769180e-01
-2.401224214106434829e+00 -3.221449757205482878e-01
-6.341836752948631917e-01 3.996005982981656879e-01
-6.951161076676760642e-01 4.717751557000370854e-01
7.063298369070186711e-01 -3.221449757205482878e-01
1.071924431143895573e+00 -6.830177627299053311e-01
-2.340291781733621956e+00 3.996005982981656879e-01
-2.157494484615183783e+00 1.337869844522493912e+00
3.607308080607774664e-02 -1.837810681159847803e+00
-2.157494484615183783e+00 -3.344674611306270445e-02
1.437519025380772586e+00 3.286582894373021535e+00
-1.609102593259868375e+00 -2.499704183186769180e-01
-4.513863781764247962e-01 4.717751557000370854e-01
-8.779134047861144596e-01 4.717751557000370854e-01
-6.951161076676760642e-01 -8.995414349355195238e-01
-5.732512429220504302e-01 -8.995414349355195238e-01
1.579379455517033737e-01 -1.777958609168054926e-01
-5.732512429220504302e-01 -1.404763336748619196e+00
-5.732512429220504302e-01 -6.830177627299053311e-01
1.132856863516708446e+00 -4.664940905242910829e-01
-3.295215134307991622e-01 -8.995414349355195238e-01
-1.060710701904552966e+00 2.552514834944228928e-01
-8.579178393954788040e-02 -3.221449757205482878e-01
-1.609102593259868375e+00 3.872781128880869311e-02
4.016676750429546416e-01 -8.273668775336481263e-01
-5.732512429220504302e-01 -1.056213035149341090e-01
-6.341836752948631917e-01 6.882988279056513337e-01
-8.779134047861144596e-01 3.996005982981656879e-01
1.924978484363275122e+00 3.872781128880869311e-02
