1.700000000000000000e+01
3.000000000000000000e+01
3.400000000000000000e+01
3.100000000000000000e+01
2.400000000000000000e+01
6.000000000000000000e+00
4.100000000000000000e+01
5.600000000000000000e+01
6.600000000000000000e+01
3.000000000000000000e+00
4.000000000000000000e+00
6.100000000000000000e+02
4.200000000000000000e+01
6.040000000000000000e+02
7.920000000000000000e+02
7.690000000000000000e+02
6.220000000000000000e+02
6.200000000000000000e+02
8.140000000000000000e+02
6.160000000000000000e+02
7.560000000000000000e+02
8.200000000000000000e+02
7.980000000000000000e+02
6.500000000000000000e+01
6.000000000000000000e+01
2.500000000000000000e+01
6.100000000000000000e+01
6.300000000000000000e+01
7.550000000000000000e+02
1.810000000000000000e+02
1.200000000000000000e+01
3.300000000000000000e+01
2.600000000000000000e+01
2.000000000000000000e+00
6.880000000000000000e+02
3.500000000000000000e+01
7.050000000000000000e+02
1.750000000000000000e+02
1.770000000000000000e+02
1.790000000000000000e+02
1.820000000000000000e+02
3.810000000000000000e+02
1.530000000000000000e+02
1.590000000000000000e+02
1.780000000000000000e+02
0.000000000000000000e+00
1.740000000000000000e+02
3.830000000000000000e+02
7.950000000000000000e+02
1.520000000000000000e+02
1.550000000000000000e+02
1.570000000000000000e+02
1.600000000000000000e+02
1.670000000000000000e+02
1.800000000000000000e+02
4.040000000000000000e+02
5.140000000000000000e+02
8.280000000000000000e+02
1.510000000000000000e+02
1.300000000000000000e+02
1.360000000000000000e+02
1.680000000000000000e+02
1.560000000000000000e+02
6.520000000000000000e+02
6.680000000000000000e+02
7.170000000000000000e+02
6.510000000000000000e+02
1.440000000000000000e+02
7.540000000000000000e+02
1.580000000000000000e+02
7.630000000000000000e+02
7.080000000000000000e+02
6.050000000000000000e+02
4.300000000000000000e+01
6.910000000000000000e+02
7.000000000000000000e+02
6.490000000000000000e+02
6.720000000000000000e+02
2.890000000000000000e+02
2.940000000000000000e+02
5.090000000000000000e+02
6.900000000000000000e+01
1.730000000000000000e+02
2.700000000000000000e+01
3.580000000000000000e+02
1.830000000000000000e+02
1.290000000000000000e+02
1.320000000000000000e+02
1.340000000000000000e+02
1.370000000000000000e+02
3.330000000000000000e+02
7.970000000000000000e+02
5.800000000000000000e+01
1.650000000000000000e+02
1.630000000000000000e+02
1.450000000000000000e+02
5.290000000000000000e+02
4.050000000000000000e+02
6.400000000000000000e+01
1.640000000000000000e+02
1.690000000000000000e+02
1.720000000000000000e+02
1.620000000000000000e+02
3.630000000000000000e+02
1.280000000000000000e+02
5.100000000000000000e+01
1.210000000000000000e+02
3.570000000000000000e+02
5.300000000000000000e+02
4.000000000000000000e+02
1.330000000000000000e+02
3.790000000000000000e+02
7.530000000000000000e+02
1.500000000000000000e+02
1.220000000000000000e+02
5.110000000000000000e+02
2.300000000000000000e+01
1.660000000000000000e+02
3.280000000000000000e+02
1.400000000000000000e+02
1.420000000000000000e+02
1.350000000000000000e+02
8.460000000000000000e+02
1.003000000000000000e+03
1.900000000000000000e+01
1.410000000000000000e+02
1.460000000000000000e+02
1.490000000000000000e+02
2.000000000000000000e+01
3.200000000000000000e+01
7.910000000000000000e+02
3.530000000000000000e+02
4.700000000000000000e+01
1.390000000000000000e+02
3.380000000000000000e+02
5.000000000000000000e+01
3.820000000000000000e+02
7.680000000000000000e+02
1.710000000000000000e+02
6.090000000000000000e+02
2.240000000000000000e+02
5.740000000000000000e+02
2.200000000000000000e+01
6.770000000000000000e+02
6.970000000000000000e+02
5.510000000000000000e+02
6.270000000000000000e+02
5.880000000000000000e+02
4.150000000000000000e+02
7.140000000000000000e+02
