3.810000000000000000e+02
4.040000000000000000e+02
5.140000000000000000e+02
5.090000000000000000e+02
6.270000000000000000e+02
7.560000000000000000e+02
1.670000000000000000e+02
7.550000000000000000e+02
6.900000000000000000e+01
5.900000000000000000e+02
6.280000000000000000e+02
7.460000000000000000e+02
7.540000000000000000e+02
7.360000000000000000e+02
6.290000000000000000e+02
9.180000000000000000e+02
9.810000000000000000e+02
5.930000000000000000e+02
7.740000000000000000e+02
8.080000000000000000e+02
1.440000000000000000e+02
5.110000000000000000e+02
8.460000000000000000e+02
1.003000000000000000e+03
0.000000000000000000e+00
1.810000000000000000e+02
7.530000000000000000e+02
8.200000000000000000e+02
1.680000000000000000e+02
2.940000000000000000e+02
5.880000000000000000e+02
5.740000000000000000e+02
8.000000000000000000e+02
2.140000000000000000e+02
3.830000000000000000e+02
6.410000000000000000e+02
7.370000000000000000e+02
5.750000000000000000e+02
7.800000000000000000e+02
2.890000000000000000e+02
5.860000000000000000e+02
7.440000000000000000e+02
1.530000000000000000e+02
2.240000000000000000e+02
6.300000000000000000e+02
7.950000000000000000e+02
6.520000000000000000e+02
6.680000000000000000e+02
6.880000000000000000e+02
1.450000000000000000e+02
5.070000000000000000e+02
5.060000000000000000e+02
1.760000000000000000e+02
3.950000000000000000e+02
1.590000000000000000e+02
1.750000000000000000e+02
1.770000000000000000e+02
1.790000000000000000e+02
1.820000000000000000e+02
7.520000000000000000e+02
1.210000000000000000e+02
1.730000000000000000e+02
1.540000000000000000e+02
8.280000000000000000e+02
8.190000000000000000e+02
1.800000000000000000e+02
9.650000000000000000e+02
9.020000000000000000e+02
1.220000000000000000e+02
1.780000000000000000e+02
1.310000000000000000e+02
4.000000000000000000e+02
1.500000000000000000e+02
8.180000000000000000e+02
1.580000000000000000e+02
5.000000000000000000e+02
1.520000000000000000e+02
1.550000000000000000e+02
1.570000000000000000e+02
1.600000000000000000e+02
3.330000000000000000e+02
7.980000000000000000e+02
1.640000000000000000e+02
1.690000000000000000e+02
1.720000000000000000e+02
1.080000000000000000e+02
1.410000000000000000e+02
1.460000000000000000e+02
1.490000000000000000e+02
7.510000000000000000e+02
8.500000000000000000e+01
7.970000000000000000e+02
1.740000000000000000e+02
3.840000000000000000e+02
3.960000000000000000e+02
8.560000000000000000e+02
8.870000000000000000e+02
1.013000000000000000e+03
5.200000000000000000e+02
9.500000000000000000e+02
1.660000000000000000e+02
1.300000000000000000e+02
1.360000000000000000e+02
9.740000000000000000e+02
9.110000000000000000e+02
1.560000000000000000e+02
8.470000000000000000e+02
1.004000000000000000e+03
1.510000000000000000e+02
3.940000000000000000e+02
3.580000000000000000e+02
1.180000000000000000e+02
1.230000000000000000e+02
1.260000000000000000e+02
3.570000000000000000e+02
1.430000000000000000e+02
4.050000000000000000e+02
8.170000000000000000e+02
3.850000000000000000e+02
7.960000000000000000e+02
1.710000000000000000e+02
1.350000000000000000e+02
3.630000000000000000e+02
1.480000000000000000e+02
7.500000000000000000e+02
7.470000000000000000e+02
3.320000000000000000e+02
3.890000000000000000e+02
3.800000000000000000e+02
8.160000000000000000e+02
7.990000000000000000e+02
1.630000000000000000e+02
1.700000000000000000e+02
3.620000000000000000e+02
1.290000000000000000e+02
1.320000000000000000e+02
1.340000000000000000e+02
1.370000000000000000e+02
3.900000000000000000e+02
7.490000000000000000e+02
7.480000000000000000e+02
8.150000000000000000e+02
5.910000000000000000e+02
8.010000000000000000e+02
8.090000000000000000e+02
1.200000000000000000e+02
3.560000000000000000e+02
1.250000000000000000e+02
1.400000000000000000e+02
9.800000000000000000e+01
