381
756
404
514
755
69
509
754
181
0
167
753
820
383
153
144
159
175
177
179
182
511
846
1003
168
828
152
155
157
160
178
145
180
795
121
507
173
506
158
174
752
122
400
176
130
965
902
150
136
819
627
333
154
164
169
172
151
500
156
918
981
141
146
149
395
818
131
798
405
166
358
357
129
132
134
137
628
590
751
746
363
135
384
396
856
887
1013
950
118
123
126
143
847
1004
385
163
171
108
797
394
148
332
736
362
529
380
128
629
140
356
817
170
133
183
593
796
774
808
120
379
125
165
530
1012
855
98
127
147
520
99
901
964
1
750
162
389
382
85
652
974
911
800
668
816
737
575
799
780
142
503
