8.631542435217113285e-01 2.645407626868277351e+00
1.056164194709745319e+00 1.561421482936226734e+00
-5.265174050321336230e-01 2.666269839411475884e-01
-5.265174050321336230e-01 3.133401989835229440e-01
7.052671064285130631e-02 5.079785949934215727e-01
-5.265174050321336230e-01 6.714748476417365941e-01
-5.265174050321336230e-01 4.720453526531329103e-01
-5.265174050321336230e-01 3.785200770797445685e-02
-5.265174050321336230e-01 6.008061377058350194e-01
-5.265174050321336230e-01 2.079360214520087069e-01
7.052671064285130631e-02 1.348717620267545214e-01
7.052671064285130631e-02 -4.670100471730858072e-01
-5.265174050321336230e-01 4.307221239618002628e-01
-5.265174050321336230e-01 3.899977826428061567e-01
-5.265174050321336230e-01 7.181880626841122828e-01
-5.265174050321336230e-01 1.023620622576568273e+00
9.532255540761271906e-01 2.121282330583757758e-01
-5.265174050321336230e-01 1.217061243841790930e+00
-5.265174050321336230e-01 2.839947177389539057e-01
-5.265174050321336230e-01 4.073655164406124185e-01
-5.265174050321336230e-01 3.606523013982371184e-01
9.532255540761271906e-01 -4.538345249816466143e-01
9.532255540761271906e-01 -1.662389242360032160e+00
9.532255540761271906e-01 5.025886086423784205e-01
-5.265174050321336230e-01 1.000264015055380762e+00
-5.265174050321336230e-01 1.046977230097756228e+00
-5.265174050321336230e-01 3.193290727069045265e-01
-5.265174050321336230e-01 9.763085201618545428e-01
-5.265174050321336230e-01 9.654297019711292893e-02
-5.265174050321336230e-01 1.666127927606765313e-01
-5.265174050321336230e-01 1.164359155076033492e+00
-5.265174050321336230e-01 1.023620622576568273e+00
7.052671064285130631e-02 3.534656529301790640e-01
-5.265174050321336230e-01 3.780200351960433802e-01
-5.265174050321336230e-01 1.070333837618943962e+00
-5.265174050321336230e-01 1.552339326862514080e-01
-5.265174050321336230e-01 -3.436392484714270723e-01
-5.265174050321336230e-01 1.139107039949192046e-01
-5.265174050321336230e-01 3.840089089194245742e-01
-5.265174050321336230e-01 2.587426026121129180e-02
-5.265174050321336230e-01 8.768932163537218605e-01
-5.265174050321336230e-01 4.720453526531329103e-01
-5.265174050321336230e-01 1.905682876542024173e-01
-5.265174050321336230e-01 1.034999482650993397e+00
-5.265174050321336230e-01 3.426856802280923708e-01
-5.265174050321336230e-01 -4.419556230235231059e-02
9.532255540761271906e-01 -1.243766969095665864e+00
-5.265174050321336230e-01 2.959724651857166267e-01
-5.265174050321336230e-01 -5.724142247046000165e-01
-5.265174050321336230e-01 -1.795441084507740093e-01
-5.265174050321336230e-01 2.372815026965781615e-01
-5.265174050321336230e-01 6.654859739183550671e-01
-5.265174050321336230e-01 -1.615774872806296780e-01
-5.265174050321336230e-01 8.008345200667766894e-01
9.532255540761271906e-01 -1.271315788223220666e+00
7.052671064285130631e-02 -1.268321351361529903e+00
-5.265174050321336230e-01 3.660422877492802152e-01
7.052671064285130631e-02 -1.598308293519850265e+00
-5.265174050321336230e-01 9.062386975982913428e-01
-5.265174050321336230e-01 -1.675663610040108442e-01
-5.265174050321336230e-01 1.111657066310276720e+00
-5.265174050321336230e-01 9.529519126406666985e-01
-2.469153194324519296e-02 -1.553990627966827409e+00
-5.265174050321336230e-01 8.888709638004845814e-01
-5.265174050321336230e-01 7.714890388222076512e-01
-5.265174050321336230e-01 1.152381407629270882e+00
9.532255540761271906e-01 5.319340898869479028e-01
-5.265174050321336230e-01 -3.316615010246639628e-01
-5.265174050321336230e-01 3.019613389090982092e-01
1.892540649857892943e+00 2.166297728997757410e+00
-6.024346524994267371e-01 -8.491990362134646531e-02
9.519388210682081519e-01 -4.202968321307101185e-01
-1.554617078360394755e+00 -1.448086408551614301e-01
-4.750480847153246144e-01 2.886869712290186796e-02
-1.554617078360394755e+00 -4.083190846839471755e-01
-1.554617078360394755e+00 1.187018029736243013e-01
-1.554617078360394755e+00 2.624347723347805195e-01
-1.554617078360394755e+00 -1.448086408551614301e-01
-1.554617078360394755e+00 -4.622189481943805300e-01
-1.554617078360394755e+00 3.283123832919766505e-01
-1.554617078360394755e+00 -1.448086408551614301e-01
-1.554617078360394755e+00 -6.358962861724439808e-01
-3.360809198599407077e-01 3.163346358452139295e-01
-3.631023130262642784e-01 -3.102004011091308647e-02
-3.888369731846688104e-01 -4.502412007476175870e-01
2.076543469990484780e+00 -4.322745795774730615e-01
-3.631023130262642784e-01 -3.102004011091308647e-02
4.076507587179513115e-01 -6.838072759594960859e-01
-3.631023130262642784e-01 -3.102004011091308647e-02
-1.132568651762560830e+00 2.085349088243467486e-01
-3.631023130262642784e-01 2.863902672283064610e-01
-3.631023130262642784e-01 -3.102004011091308647e-02
-3.631023130262642784e-01 -7.017738971296403339e-01
-6.024346524994267371e-01 6.217671957376702530e-01
9.519388210682081519e-01 4.181454891426991116e-01
-1.554617078360394755e+00 8.014334074391151752e-01
-4.750480847153246144e-01 6.577004380779589710e-01
-1.554617078360394755e+00 5.918228271207628399e-01
-1.554617078360394755e+00 1.184721325735530906e+00
-1.554617078360394755e+00 1.142799209671860217e+00
-1.554617078360394755e+00 8.014334074391151752e-01
-1.554617078360394755e+00 -5.497553500443898289e-02
-1.554617078360394755e+00 6.636893118013404980e-01
-1.554617078360394755e+00 8.014334074391151752e-01
-1.554617078360394755e+00 -1.448086408551614301e-01
-3.360809198599407077e-01 1.094888219884808445e+00
-3.631023130262642784e-01 1.202687946905675043e+00
-3.888369731846688104e-01 8.373666497794037822e-01
2.076543469990484780e+00 6.756670592481036630e-01
-3.631023130262642784e-01 1.202687946905675043e+00
4.076507587179513115e-01 1.306795504203874803e-01
-3.631023130262642784e-01 1.202687946905675043e+00
-1.132568651762560830e+00 1.214665694352438319e+00
-3.631023130262642784e-01 1.393733018681545088e+00
-3.631023130262642784e-01 -7.736403818102184360e-01
-3.631023130262642784e-01 -4.299778755767582478e-02
-6.024346524994267371e-01 1.513510493149174962e+00
9.519388210682081519e-01 1.436254022117553264e+00
-1.554617078360394755e+00 1.465599503362122746e+00
-4.750480847153246144e-01 1.556031496585183360e+00
-1.554617078360394755e+00 1.250598936692727259e+00
-1.554617078360394755e+00 1.945308288604980618e+00
-1.554617078360394755e+00 1.861464056477640128e+00
-1.554617078360394755e+00 1.465599503362122746e+00
-1.554617078360394755e+00 8.912665132898376363e-01
-1.554617078360394755e+00 1.232632315522582678e+00
-1.554617078360394755e+00 1.465599503362122746e+00
-1.554617078360394755e+00 1.178732452012149157e+00
-3.360809198599407077e-01 1.957286036051743672e+00
-3.631023130262642784e-01 2.124974500306425540e+00
-3.888369731846688104e-01 2.328596206901396570e+00
2.076543469990484780e+00 9.810996191405599864e-01
-3.631023130262642784e-01 2.124974500306425540e+00
4.076507587179513115e-01 1.909375046264691900e+00
-3.631023130262642784e-01 2.124974500306425540e+00
-1.132568651762560830e+00 1.807564192967206385e+00
-3.631023130262642784e-01 2.316618459454633516e+00
-3.631023130262642784e-01 2.124974500306425540e+00
-3.631023130262642784e-01 8.433555235027854202e-01
-6.024346524994267371e-01 1.651853476159287348e+00
9.519388210682081519e-01 1.741686582010010254e+00
-1.554617078360394755e+00 1.705753339669720647e+00
-4.750480847153246144e-01 1.741686582010010254e+00
-1.554617078360394755e+00 1.460209517011079594e+00
-1.554617078360394755e+00 2.184863237540240366e+00
-1.554617078360394755e+00 2.005197025838795444e+00
-1.554617078360394755e+00 1.705753339669720647e+00
-1.554617078360394755e+00 1.160765830842004798e+00
-1.554617078360394755e+00 1.376365284883738438e+00
-1.554617078360394755e+00 1.705753339669720647e+00
-1.554617078360394755e+00 1.813553066690587467e+00
-3.360809198599407077e-01 2.268707469667581744e+00
-3.631023130262642784e-01 2.484306923709314940e+00
-3.888369731846688104e-01 2.657984261687378780e+00
2.076543469990484780e+00 1.142799209671860217e+00
-3.631023130262642784e-01 2.484306923709314940e+00
4.076507587179513115e-01 2.226186466231572680e+00
-3.631023130262642784e-01 2.484306923709314940e+00
-1.132568651762560830e+00 2.148929995199951648e+00
-3.631023130262642784e-01 2.610073271900327008e+00
-3.631023130262642784e-01 2.484306923709314940e+00
-3.631023130262642784e-01 1.441644008468596860e+00
-6.024346524994267371e-01 1.741686582010010254e+00
9.519388210682081519e-01 1.843497435307494881e+00
-1.554617078360394755e+00 1.759653203180154390e+00
-4.750480847153246144e-01 1.849486309030876852e+00
-1.554617078360394755e+00 1.597953612648853827e+00
-1.554617078360394755e+00 2.298052950912150560e+00
-1.554617078360394755e+00 2.089041257966136822e+00
-1.554617078360394755e+00 1.759653203180154390e+00
-1.554617078360394755e+00 1.304498800203160780e+00
-1.554617078360394755e+00 1.400320779777264768e+00
-1.554617078360394755e+00 1.759653203180154390e+00
-1.554617078360394755e+00 1.933330541158217342e+00
-3.360809198599407077e-01 2.376507196688448342e+00
-3.631023130262642784e-01 2.604084398176945037e+00
2.076543469990484780e+00 1.238621189245964205e+00
-3.631023130262642784e-01 2.604084398176945037e+00
4.076507587179513115e-01 2.454362555092407749e+00
-3.631023130262642784e-01 2.604084398176945037e+00
-1.132568651762560830e+00 2.244751974774055192e+00
-3.631023130262642784e-01 2.801717231048534096e+00
-3.631023130262642784e-01 2.604084398176945037e+00
-3.631023130262642784e-01 1.915363919988072983e+00
-7.487411925213374730e-02 -1.451580887297003741e+00
-7.487411925213374730e-02 -6.808128390978052114e-01
-7.487411925213374730e-02 -6.544617947149266035e-01
-7.487411925213374730e-02 -3.813691529287304705e-01
-7.487411925213374730e-02 2.929780283240260297e-01
-3.335074538440996328e-01 -1.523447371977581399e+00
-3.335074538440996328e-01 -8.191558221079177082e-01
-3.335074538440996328e-01 -7.772337060442473522e-01
-3.335074538440996328e-01 -4.885699925772591934e-01
-3.335074538440996328e-01 -7.533770566393585555e-02
4.308119528605148241e-01 -1.399477685903584678e+00
4.308119528605148241e-01 -6.484729209915451875e-01
4.308119528605148241e-01 -6.047541428108602624e-01
4.308119528605148241e-01 -1.112709480042249066e-01
4.308119528605148241e-01 9.115298384606980442e-02
1.506520747481824740e+00 -1.244365856468004017e+00
1.506520747481824740e+00 -8.838356583204379779e-01
1.506520747481824740e+00 -5.640298014918661007e-01
1.506520747481824740e+00 -2.862449062156011484e-02
1.506520747481824740e+00 2.845936051112919474e-01
1.089619252915670078e+00 -1.398279911158908373e+00
1.089619252915670078e+00 -8.922200815331718937e-01
1.089619252915670078e+00 -6.538629073425885618e-01
1.089619252915670078e+00 -9.689765106810920015e-02
1.089619252915670078e+00 2.271004173668295101e-01
7.267605446821684412e-01 -1.544408430009416744e+00
7.267605446821684412e-01 -9.425266208095767206e-01
7.267605446821684412e-01 -6.790161769807907532e-01
7.267605446821684412e-01 -2.562016921100572220e-01
7.267605446821684412e-01 -2.862449062156011484e-02
1.482072820331339358e+00 -1.579143897605029601e+00
1.482072820331339358e+00 -7.844203545123051846e-01
1.482072820331339358e+00 -4.400601154178691576e-01
1.482072820331339358e+00 1.642172432713239760e-01
1.482072820331339358e+00 2.738136324092052543e-01
1.102486582994872455e+00 -1.500689651828732041e+00
1.102486582994872455e+00 -6.191274397469758162e-01
1.102486582994872455e+00 -8.550890644482067593e-01
1.102486582994872455e+00 -4.304779174604587699e-01
1.102486582994872455e+00 -1.364242176424272923e-01
1.103773316002794269e+00 -1.680954750902514894e+00
1.103773316002794269e+00 -1.077875166957998454e+00
1.103773316002794269e+00 -6.933894739169064181e-01
1.103773316002794269e+00 -1.777474463337594679e-01
1.103773316002794269e+00 2.043426972179796797e-01
1.195131359565129392e+00 -1.067095194255911705e+00
1.195131359565129392e+00 -3.250737399289443386e-01
1.195131359565129392e+00 5.924217144931008816e-01
1.195131359565129392e+00 8.954587248962047052e-01
1.195131359565129392e+00 1.082910472438045169e+00
1.197704825580970356e+00 -1.355758907722899753e+00
1.197704825580970356e+00 -1.076677392213322149e+00
1.197704825580970356e+00 2.642314344517946445e-01
1.197704825580970356e+00 6.774637213651182321e-01
1.197704825580970356e+00 8.475477351091524891e-01
7.100330155792031750e-01 -1.344978935020813227e+00
7.100330155792031750e-01 -8.083758494058310706e-01
7.100330155792031750e-01 -6.754228527467619481e-01
7.100330155792031750e-01 -2.675805521844819013e-01
7.100330155792031750e-01 3.019613389090982092e-01
-2.961921966144133722e-01 -9.515099313946487891e-01
-2.961921966144133722e-01 -6.065508049278746094e-01
-2.961921966144133722e-01 -3.346559378863547263e-01
-2.961921966144133722e-01 2.259026426221534545e-01
-2.961921966144133722e-01 5.079785949934215727e-01
-2.061208860599974824e-01 -1.317430115893258202e+00
-2.061208860599974824e-01 -6.526651325979120344e-01
-2.061208860599974824e-01 -3.951435624925079271e-01
-2.061208860599974824e-01 1.504428337075462974e-01
-2.061208860599974824e-01 3.911955573874826286e-01
4.488262149713976856e-01 -1.334198962318726478e+00
4.488262149713976856e-01 -5.694197878429094750e-01
4.488262149713976856e-01 -2.502128183866756395e-01
4.488262149713976856e-01 4.031733048342453496e-01
4.488262149713976856e-01 4.253321376107571661e-01
3.973568946545886216e-01 -1.346775597137827685e+00
3.973568946545886216e-01 -6.257152008426953849e-01
3.973568946545886216e-01 9.474630808009840144e-02
3.973568946545886216e-01 5.139674687168030998e-01
3.973568946545886216e-01 7.139958510777453249e-01
1.447331029117495449e+00 -9.760643136605129389e-01
1.447331029117495449e+00 -2.675805521844819013e-01
1.447331029117495449e+00 1.606239190372949488e-01
1.447331029117495449e+00 5.546918100357972614e-01
1.447331029117495449e+00 7.187869500564503245e-01
1.074178456820629624e+00 -1.220410361574478131e+00
1.074178456820629624e+00 -5.418709687153545618e-01
1.074178456820629624e+00 -1.250453575680025853e-01
1.074178456820629624e+00 4.121566154193179177e-01
1.074178456820629624e+00 6.002072503334969777e-01
7.138932146029661752e-01 -1.113808409298287394e+00
7.138932146029661752e-01 -3.526225590564992518e-01
7.138932146029661752e-01 -3.693914054819675274e-01
7.138932146029661752e-01 6.899415106955798793e-02
7.138932146029661752e-01 4.648587041850748558e-01
7.138932146029661752e-01 -1.359352231956928891e+00
7.138932146029661752e-01 -6.820106138424815168e-01
7.138932146029661752e-01 -1.891263064081846190e-01
7.138932146029661752e-01 4.923086778239915695e-02
7.138932146029661752e-01 5.025886086423784205e-01
1.063884592757265546e+00 -1.329407863340021256e+00
1.063884592757265546e+00 -8.514957402141777321e-01
1.063884592757265546e+00 -4.819822314815395692e-01
1.063884592757265546e+00 -1.485008105778286291e-02
1.063884592757265546e+00 5.720595438336035787e-01
1.112780447058236533e+00 -1.706706907913055460e+00
1.112780447058236533e+00 -8.574846139375593701e-01
1.112780447058236533e+00 -2.723716511631872339e-01
1.112780447058236533e+00 4.600676052063697452e-01
1.112780447058236533e+00 7.696923767051931931e-01
1.388141310753163271e+00 -1.701915808934350238e+00
1.388141310753163271e+00 -7.371082520975911212e-01
1.388141310753163271e+00 -2.813549617482593579e-01
1.388141310753163271e+00 1.995515982392745968e-01
1.388141310753163271e+00 7.385502333436092526e-01
-1.507913667194268337e-01 -7.975958767037443220e-01
-1.507913667194268337e-01 -6.874994456821624522e-02
-1.507913667194268337e-01 -6.455773296184917631e-02
-1.507913667194268337e-01 5.546918100357972614e-01
-1.507913667194268337e-01 7.876589978753374410e-01
1.262372528644109364e-02 -7.592670848741027712e-01
1.262372528644109364e-02 3.636467382599276599e-01
1.262372528644109364e-02 7.463357691840053487e-01
1.262372528644109364e-02 9.116286839493344951e-01
1.262372528644109364e-02 1.187116875224883294e+00
-2.292820802025609672e-01 -7.706459449485276725e-01
-2.292820802025609672e-01 -3.521225171728015191e-02
-2.292820802025609672e-01 2.468637006539883549e-01
-2.292820802025609672e-01 7.726868135668837345e-01
-2.292820802025609672e-01 9.715174211831494322e-01
4.256650208288342285e-01 -8.862312078097905887e-01
4.256650208288342285e-01 -1.472041903445139577e-01
4.256650208288342285e-01 -1.124687227489013924e-01
4.256650208288342285e-01 4.983963970360113516e-01
4.256650208288342285e-01 5.720595438336035787e-01
1.914796133873523376e-01 -1.225201460553183130e+00
1.914796133873523376e-01 -4.274834805987679509e-01
1.914796133873523376e-01 -2.975249208013893698e-01
1.914796133873523376e-01 3.720311614726617977e-01
1.914796133873523376e-01 9.128264586940109115e-01
1.914796133873523376e-01 -8.407157675120910945e-01
1.914796133873523376e-01 3.876022331534536014e-01
1.914796133873523376e-01 8.852776395664559983e-01
1.914796133873523376e-01 1.198495735299307974e+00
1.914796133873523376e-01 1.505126069936440825e+00
1.465345291228376867e+00 -7.365093647252531905e-01
1.465345291228376867e+00 3.834100215470865325e-01
1.465345291228376867e+00 9.990662403107043454e-01
1.465345291228376867e+00 1.467396165479137427e+00
1.465345291228376867e+00 1.832717462605408576e+00
1.038149932598861014e+00 -7.197405182997849149e-01
1.038149932598861014e+00 1.767938780904251828e-01
1.038149932598861014e+00 9.289964177471407014e-01
1.038149932598861014e+00 1.259582247277799549e+00
1.038149932598861014e+00 1.364986424809313759e+00
6.418361661594317313e-01 -8.329302316716952204e-01
6.418361661594317313e-01 7.019192581423447375e-02
6.418361661594317313e-01 6.936336804182480220e-01
6.418361661594317313e-01 9.667263222044443216e-01
6.418361661594317313e-01 1.252994486182079870e+00
1.036863199590942086e+00 -1.092847351266452050e+00
1.036863199590942086e+00 -1.250453575680025853e-01
1.036863199590942086e+00 2.594403354730895339e-01
1.036863199590942086e+00 6.481182401205487498e-01
1.036863199590942086e+00 8.541354962048720578e-01
1.021422403495898745e+00 -1.104825098713215104e+00
1.021422403495898745e+00 -1.268420196850166826e-01
1.021422403495898745e+00 6.061961240568780607e-01
1.021422403495898745e+00 9.349852914705223395e-01
1.021422403495898745e+00 1.406309653500645851e+00
1.142375306240401178e+00 -3.214804156949154779e-01
1.142375306240401178e+00 7.121991889607307558e-01
1.142375306240401178e+00 1.636282404478495600e+00
1.142375306240401178e+00 1.856672957498934240e+00
1.142375306240401178e+00 1.864458493339330669e+00
1.322517927349232902e+00 -5.029432895133746362e-01
1.322517927349232902e+00 8.506526463405005706e-03
1.322517927349232902e+00 1.179331339384487309e+00
1.322517927349232902e+00 1.567410356659608484e+00
1.322517927349232902e+00 1.659639011999683333e+00
5.324638604862124147e-01 -1.065897419511235400e+00
5.324638604862124147e-01 1.666127927606765313e-01
5.324638604862124147e-01 9.810996191405599864e-01
5.324638604862124147e-01 1.086503796672074307e+00
5.324638604862124147e-01 1.246406725086360190e+00
1.361119917586839811e+00 -1.226399235297859436e+00
1.361119917586839811e+00 -5.849908595237012232e-01
1.361119917586839811e+00 -3.352548252586929900e-01
1.361119917586839811e+00 8.696077223970273551e-02
1.361119917586839811e+00 6.235638578546843780e-01
3.934966956308285635e-01 -1.170103822298073304e+00
3.934966956308285635e-01 -6.107430165342416784e-01
3.934966956308285635e-01 -2.304495350995167946e-01
3.934966956308285635e-01 2.886869712290186796e-02
3.934966956308285635e-01 4.337165608234913039e-01
-8.902818233925653690e-02 1.901589510424295248e+00
1.609459388115442868e+00 1.282339967426648908e+00
2.021213950649915603e+00 2.750811804399791782e+00
7.344809427296886684e-01 1.688984493244252372e+00
7.344809427296886684e-01 2.574140029560037402e+00
-2.212137645407630693e+00 3.325045948983437194e-01
-1.517301821130708328e+00 1.465000615989784816e+00
-6.809253659825609262e-01 1.258384472533123022e+00
-1.324291869942674227e+00 9.104309092046584118e-01
-8.996699773289994484e-01 1.181726888873839698e+00
1.949156902206383934e+00 4.977975096636733099e-01
1.949156902206383934e+00 2.133260078030522755e-01
-7.616085226005427089e-02 1.187715762597221447e+00
2.969917200368115129e-01 6.864470319501903006e-01
-7.616085226005427089e-02 5.097752571104360308e-01
1.892540649857892943e+00 9.870884928639411804e-01
2.214223901837949704e+00 8.044278443008057167e-01
-2.212137645407630693e+00 3.325045948983437194e-01
-1.800383082873158180e+00 -3.987368867265367323e-01
-1.916189053585978685e+00 2.145237825477283311e-01
1.039817688487774949e-01 2.085349088243467486e-01
-1.452965170734697109e+00 1.919556131594440496e+00
9.146235638385203925e-01 1.359596438458270606e+00
7.473482728088909344e-01 1.063746076523224504e+00
1.133368175184958915e+00 1.388343032330501492e+00
-1.838985073110765089e+00 2.420824862241471198e+00
7.730829329672954664e-01 2.037536943945056134e+00
4.205180887971535775e-01 -1.282694648297645568e+00
4.230915548129931536e-01 -9.820531873838943548e-01
4.423925499317965526e-01 -9.035989416075967950e-01
4.295252198525942866e-01 -1.250354730191385544e+00
4.295252198525942866e-01 -8.700612487566605768e-01
4.282384868446752479e-01 -7.628604091081317984e-01
4.423925499317965526e-01 -1.215619262595772909e+00
4.411058169238775140e-01 -1.197652641425628328e+00
1.364980116610599925e+00 -1.393488812180203151e+00
-3.090595266936156382e-01 -1.636637085349491816e+00
9.094766318068383537e-01 -1.210229276244729535e+00
3.227263801952160449e-01 -1.415647644956714801e+00
9.094766318068383537e-01 -1.427625392403477633e+00
4.205180887971535775e-01 -1.134170579957784586e+00
4.230915548129931536e-01 -1.633741493976437753e-01
4.423925499317965526e-01 -9.450210157875665873e-02
4.295252198525942866e-01 -2.400317330569272101e-01
4.295252198525942866e-01 -3.634025317585859449e-01
4.282384868446752479e-01 -1.681652483763493022e-01
4.423925499317965526e-01 -1.747530094720688987e-01
4.411058169238775140e-01 -3.753802792053488879e-01
1.364980116610599925e+00 -9.820531873838943548e-01
-3.090595266936156382e-01 -6.682362042787040046e-01
9.094766318068383537e-01 -3.729847297159963326e-01
3.227263801952160449e-01 -6.909939244275536963e-01
9.094766318068383537e-01 -9.035989416075967950e-01
4.205180887971535775e-01 -5.760075489386290437e-01
4.230915548129931536e-01 6.331460558120950433e-01
4.423925499317965526e-01 2.001504856116126108e-01
4.295252198525942866e-01 3.223235095685955121e-01
4.295252198525942866e-01 -1.274409070573551406e-01
4.282384868446752479e-01 1.426572978671506176e-01
4.423925499317965526e-01 3.349001443876962747e-01
4.411058169238775140e-01 1.193006903459627593e-01
1.364980116610599925e+00 -6.568573442042791033e-01
-3.090595266936156382e-01 -5.149210369601378012e-01
9.094766318068383537e-01 5.283407656529187646e-01
3.227263801952160449e-01 8.696077223970273551e-02
9.094766318068383537e-01 -1.525941766955570822e-01
4.205180887971535775e-01 4.443976880369406718e-02
4.230915548129931536e-01 1.072130499735958642e+00
4.423925499317965526e-01 7.649012777264880825e-01
4.295252198525942866e-01 9.523530252683286568e-01
4.295252198525942866e-01 1.918765367685393861e-03
4.282384868446752479e-01 1.075124936597649628e+00
4.423925499317965526e-01 1.056559428055166672e+00
4.411058169238775140e-01 7.888567726200139685e-01
1.364980116610599925e+00 -2.454217194079705289e-01
-3.090595266936156382e-01 2.288970794838440237e-01
9.094766318068383537e-01 9.248042061407736325e-01
3.227263801952160449e-01 4.534798441106501210e-01
9.094766318068383537e-01 2.067382467073326513e-01
4.205180887971535775e-01 1.282840009310349250e-01
4.230915548129931536e-01 1.149985858139918271e+00
4.423925499317965526e-01 8.487455098538289056e-01
4.295252198525942866e-01 1.068537175501929504e+00
4.295252198525942866e-01 1.115151545055666632e-01
4.282384868446752479e-01 1.212270144863085708e+00
4.423925499317965526e-01 1.257186697788446939e+00
4.411058169238775140e-01 9.056398102259528571e-01
1.364980116610599925e+00 -1.352264428977508204e-01
-3.090595266936156382e-01 3.199279600792425127e-01
9.094766318068383537e-01 1.026615059438259259e+00
3.227263801952160449e-01 5.067808202487454894e-01
9.094766318068383537e-01 2.594403354730895339e-01
-7.616085226005427089e-02 1.270362219979886076e+00
-7.616085226005427089e-02 5.151652434614796272e-01
-7.616085226005427089e-02 9.104309092046584118e-01
-7.616085226005427089e-02 1.052367216448799603e+00
-7.616085226005427089e-02 -2.742671587688405577e-02
-7.616085226005427089e-02 -6.466762588745307294e-01
-7.616085226005427089e-02 -7.466904500550015644e-01
-7.616085226005427089e-02 9.697207590661348631e-01
-7.616085226005427089e-02 1.318773251650639522e-01
-7.616085226005427089e-02 2.085349088243467486e-01
-7.616085226005427089e-02 1.512312718404498657e+00
-7.616085226005427089e-02 1.217061243841790930e+00
-7.616085226005427089e-02 1.163760267703695561e+00
-7.616085226005427089e-02 1.135013673831464454e+00
-4.493134245569200824e-01 8.637176941622826121e-01
-4.493134245569200824e-01 6.505137896099012496e-01
-4.493134245569200824e-01 6.505137896099012496e-01
-4.493134245569200824e-01 -7.826236923952906155e-01
-4.493134245569200824e-01 -6.173307776299612470e-01
-4.493134245569200824e-01 -6.276107084483466270e-02
-4.493134245569200824e-01 6.120861522916232200e-02
-4.493134245569200824e-01 6.038005745675255609e-01
-4.493134245569200824e-01 3.504712160684884670e-01
-4.493134245569200824e-01 1.229038991288553984e+00
-4.493134245569200824e-01 7.277702606415225040e-01
-4.493134245569200824e-01 1.535669325925686390e+00
-7.616085226005427089e-02 4.918086359402917274e-01
-7.616085226005427089e-02 1.175738015150458615e+00
-1.169883908992247035e+00 1.181726888873839698e+00
-1.941923713744383218e+00 1.323663196117981444e+00
-1.169883908992247035e+00 -6.113419039065799421e-01
-1.169883908992247035e+00 -1.394186545041178615e-01
-1.169883908992247035e+00 1.423677387298452501e+00
-1.941923713744383218e+00 -3.753802792053488879e-01
-1.941923713744383218e+00 1.258884514416823697e-01
-1.941923713744383218e+00 1.559624820819212276e+00
-1.941923713744383218e+00 1.571003680893636956e+00
-1.169883908992247035e+00 -2.280539856101642393e-01
-1.941923713744383218e+00 2.172885490093477312e+00
-1.941923713744383218e+00 1.905682876542024173e-01
-1.941923713744383218e+00 1.789597571797062026e+00
-1.941923713744383218e+00 -2.220651118867826568e-01
-1.941923713744383218e+00 2.678247586858236717e-01
-1.941923713744383218e+00 2.308234036241899378e+00
-3.978441042401109629e-01 -8.293369074376664152e-01
-3.978441042401109629e-01 -1.555188402711503493e+00
-3.978441042401109629e-01 -1.242569194350989559e+00
-3.978441042401109629e-01 -7.526793237783832025e-01
-1.684577112160337897e+00 4.738420147701469798e-01
-1.684577112160337897e+00 -1.342583385531460616e+00
-1.684577112160337897e+00 -6.999772350126260978e-01
-1.684577112160337897e+00 5.211541171848611542e-01
-3.978441042401109629e-01 1.624304657031732324e+00
-3.978441042401109629e-01 1.417688513575070974e+00
-3.978441042401109629e-01 -6.406873851511490914e-01
-3.978441042401109629e-01 -7.293227162571952471e-01
-3.978441042401109629e-01 -4.070108355696187147e-03
-3.978441042401109629e-01 1.672116801330145452e-01
-3.978441042401109629e-01 1.972258220360197489e+00
-3.978441042401109629e-01 1.854277408009582073e+00
-1.730899500445466366e+00 -7.167460814380941514e-01
-7.684232105211357133e-01 -2.244606613761352121e-01
-7.684232105211357133e-01 -1.447388675690636672e+00
-4.158583663509938799e-01 -9.952287095753338253e-01
-4.158583663509938799e-01 7.804723494072798307e-01
-4.158583663509938799e-01 2.265015299944914962e-01
-4.724746186994835395e-01 4.864186495892481865e-01
-4.724746186994835395e-01 -7.473881829159781387e-02
-4.724746186994835395e-01 1.108063742076247582e+00
-4.724746186994835395e-01 -6.838072759594960859e-01
-5.368112690954949251e-01 -1.209630388872391382e+00
-1.069518734374470093e+00 -8.359246685333859839e-01
-1.069518734374470093e+00 -1.533029569934992065e+00
-7.684232105211357133e-01 -1.270716900850882514e+00
-1.069518734374470093e+00 -1.022178641330550475e+00
-5.368112690954949251e-01 -2.304495350995167946e-01
-5.368112690954949251e-01 -7.436960131933110230e-01
-7.684232105211357133e-01 -6.137374533959324419e-01
-5.368112690954949251e-01 3.510701034408265087e-01
-4.158583663509938799e-01 -4.837788935985540828e-01
-1.069518734374470093e+00 -1.654004819147298244e+00
8.708746415692315557e-01 -1.568962812275281227e+00
-4.029910362717916139e-01 -6.227207639810046214e-01
8.708746415692315557e-01 -1.205438177266024313e+00
5.080159333357284757e-01 -4.718011461517909177e-01
3.252998462110571198e-01 -1.909229685251986885e-01
6.907320204603998315e-01 -1.112610634553611089e+00
5.080159333357284757e-01 -9.610921293520592323e-01
-4.029910362717916139e-01 2.169193320370808586e-01
1.056164194709745319e+00 -6.029574806938458043e-01
8.708746415692315557e-01 -1.639730367699822333e-01
9.635194181394884927e-01 -7.035705592466549030e-01
5.251244853196841700e-02 -8.383202180227384837e-01
8.708746415692315557e-01 -8.832367709480997142e-01
1.524535009592709045e+00 -1.256343603914766849e+00
6.907320204603998315e-01 -2.256584361208117118e-01
1.328951592388833980e+00 -1.428823167148153939e+00
8.708746415692315557e-01 -6.209241018639902743e-01
1.694383766638176692e+00 -7.981947640760825857e-01
1.524535009592709045e+00 -6.346985114277677864e-01
-2.202749491471202581e-01 2.324904037178730787e-01
1.056164194709745319e+00 -1.361148894073943127e+00
5.251244853196841700e-02 1.726016664840581138e-01
1.328951592388833980e+00 -1.695328047838630781e+00
1.877099853762849602e+00 -1.092248463894114119e+00
1.238880281834418229e+00 -8.766490098523801455e-01
1.328951592388833980e+00 -1.055117446809148651e+00
3.252998462110571198e-01 -1.115006184042963699e+00
1.328951592388833980e+00 -7.898103408633484479e-01
3.252998462110571198e-01 -8.359246685333859839e-01
5.080159333357284757e-01 -1.404268784882290122e+00
6.907320204603998315e-01 -6.041552554385219986e-01
5.251244853196841700e-02 1.193006903459627593e-01
-2.202749491471202581e-01 -8.323313442993569566e-01
3.252998462110571198e-01 -1.663685862593347609e-01
1.694383766638176692e+00 -1.274310225084911430e+00
8.708746415692315557e-01 -5.334865455026204240e-01
1.421596368959090917e+00 -1.665982566594061298e+00
1.238880281834418229e+00 -2.346417467058838635e-01
1.877099853762849602e+00 -1.525842921466934232e+00
1.784455077192592665e+00 -9.610921293520592323e-01
9.635194181394884927e-01 9.714185756945095673e-02
1.784455077192592665e+00 -1.457569761020385268e+00
5.251244853196841700e-02 -6.814117264701432530e-01
1.421596368959090917e+00 -1.091050689149437591e+00
6.907320204603998315e-01 -1.502486313945746499e+00
5.080159333357284757e-01 -2.657838900674676097e-01
-6.329352218085200488e-02 -1.353363358233547142e+00
-6.329352218085200488e-02 -8.892256446714813523e-01
-6.329352218085200488e-02 -5.257010096622245499e-01
-6.329352218085200488e-02 -2.262573234931497257e-01
-6.329352218085200488e-02 -3.880557595130876281e-02
-6.329352218085200488e-02 3.785200770797445685e-02
-6.329352218085200488e-02 1.839805265584828209e-01
-6.329352218085200488e-02 -1.757612334561798217e+00
-6.329352218085200488e-02 -1.376121078382396945e+00
-6.329352218085200488e-02 -1.041941924617709292e+00
-6.329352218085200488e-02 -8.305346821823426096e-01
-6.329352218085200488e-02 -7.017738971296403339e-01
-6.329352218085200488e-02 -6.430829346405019242e-01
-6.329352218085200488e-02 -8.718579108736748129e-01
-6.329352218085200488e-02 -5.897819585024065558e-01
-6.329352218085200488e-02 -1.464756409488443101e+00
-6.329352218085200488e-02 -2.735694259078634838e-01
-6.329352218085200488e-02 -2.088895896953434361e-01
-6.329352218085200488e-02 -1.268420196850166826e-01
-6.329352218085200488e-02 -1.587528320817763516e+00
-6.329352218085200488e-02 -5.316898833856058548e-01
-6.329352218085200488e-02 -4.903666546942737070e-01
-6.329352218085200488e-02 -3.610069822692333896e-01
-6.329352218085200488e-02 -7.952991727030291058e-02
-6.329352218085200488e-02 1.988538653782970927e-02
-6.329352218085200488e-02 -1.394087699552541304e+00
-6.329352218085200488e-02 -4.963555284176550675e-01
-6.329352218085200488e-02 -1.735552347273924267e-01
-6.329352218085200488e-02 -1.546803979498769355e+00
1.956877300253904162e+00 -1.675564764551471741e+00
1.956877300253904162e+00 -1.411455433350347732e+00
1.802469339303476970e+00 -1.476135269562867780e+00
1.802469339303476970e+00 -1.106621760830229562e+00
1.159102835343363447e+00 -1.094644013383466508e+00
1.159102835343363447e+00 -3.142937672268576454e-01
1.480786087323420208e+00 -1.294672395744408622e+00
1.480786087323420208e+00 -6.778184022361144478e-01
1.313510796293790861e+00 -1.212025938361743993e+00
1.313510796293790861e+00 -5.370798697366492291e-01
8.374195833633067965e-01 -5.843919721513631815e-01
8.374195833633067965e-01 1.432561852394886592e-01
6.701442923336773383e-01 4.720453526531329103e-01
6.701442923336773383e-01 -3.400459242373980451e-01
1.635194048273847400e+00 -1.382708839478116403e+00
1.635194048273847400e+00 -8.952145183948626572e-01
9.918275443137339886e-01 -9.305488733628135556e-01
9.918275443137339886e-01 -9.150766471706607563e-02
-1.224832405451827255e-01 -9.748665389158367445e-01
6.023284657949007359e-02 7.121991889607307558e-01
-4.827684827628462294e-01 4.528809567383120793e-01
-1.439766787988396371e-02 -3.550181085458518071e-01
3.449818642108553463e-02 -1.731860177551257873e+00
-1.893933569570336595e-01 -1.573852756742626091e-01
-1.765260268778313935e-01 -1.851637652018887747e+00
-1.105547258596235816e+00 -1.871400935306046565e+00
-1.105547258596235816e+00 -6.203252144916520106e-01
-1.893933569570336595e-01 -6.903950370552156546e-01
3.449818642108553463e-02 -1.118698353765629344e-01
-9.674858038677819350e-02 -1.461761972626752337e+00
-4.467399585410790075e-01 -9.119833648203309329e-01
-9.674858038677819350e-02 -5.945730574811116664e-01
-4.467399585410790075e-01 -3.945446751201696634e-01
-8.121721327904246612e-01 -2.873438354716409404e-01
-1.439766787988396371e-02 -1.522848484605243469e+00
-4.827684827628462294e-01 -1.292375691743696542e-01
-5.857071233964643575e-01 -4.759933577581579867e-01
6.023284657949007359e-02 -9.862453989902614238e-01
-3.360809198599407077e-01 -1.462959747371428421e+00
-5.548255312063792299e-01 -1.379115515244087709e+00
-5.548255312063792299e-01 2.097326835690232205e-01
-1.092679928517033439e+00 -1.858824300486945358e+00
-5.265174050321336230e-01 -1.180284907627821900e+00
-9.674858038677819350e-02 4.528809567383120793e-01
-4.103803816521271221e-03 -9.221644501500794178e-01
-3.360809198599407077e-01 -1.729464628061905040e+00
6.190060246839958029e-03 -1.244964743840341947e+00
-4.103803816521271221e-03 -1.332402300201712020e+00
-1.765260268778313935e-01 -1.969118422485802711e-01
3.449818642108553463e-02 -1.201844853031995397e+00
-1.105547258596235816e+00 -1.685146962508881963e+00
-5.265174050321336230e-01 1.785905402074392523e-01
6.190060246839958029e-03 -1.687641357486873162e-01
-1.105547258596235816e+00 -1.110215085064258478e+00
-3.360809198599407077e-01 -6.909939244275536963e-01
-1.765260268778313935e-01 -7.047683339913310974e-01
-5.857071233964643575e-01 4.623643092070858079e-02
-5.548255312063792299e-01 8.930631754068516504e-01
-5.857071233964643575e-01 -1.327012313850668646e+00
-9.674858038677819350e-02 -1.298265719978437316e+00
-4.103803816521271221e-03 7.163914005670978247e-01
-4.467399585410790075e-01 -2.005551706709792104e+00
-4.827684827628462294e-01 -1.133571692585446211e+00
-5.265174050321336230e-01 -7.365093647252531905e-01
6.190060246839958029e-03 -1.737250163902301026e+00
6.190060246839958029e-03 2.324904037178730787e-01
-1.092679928517033439e+00 -1.069490743745264316e+00
-4.103803816521271221e-03 -1.759507842167449543e-01
-8.121721327904246612e-01 -8.065791872888165015e-01
-1.765260268778313935e-01 -1.498892989711717583e+00
-4.467399585410790075e-01 -1.682751413019529574e+00
-1.224832405451827255e-01 3.510701034408265087e-01
-1.224832405451827255e-01 -1.572556136509309699e+00
-5.857071233964643575e-01 -1.733057952295934179e+00
-5.265174050321336230e-01 8.810854279600889294e-01
-9.674858038677819350e-02 -1.116802846159977936e+00
-9.674858038677819350e-02 -3.220793030672535195e-01
6.023284657949007359e-02 -1.562375051179561325e+00
-1.893933569570336595e-01 -1.946261856848315208e+00
-1.092679928517033439e+00 -5.688209004705712113e-01
-9.674858038677819350e-02 4.450954208979159832e-01
-8.121721327904246612e-01 -1.768991194636222897e+00
-3.360809198599407077e-01 -2.226639992591206985e-01
6.023284657949007359e-02 6.839526369721996013e-02
-9.674858038677819350e-02 1.124832588501715858e+00
-5.548255312063792299e-01 -8.586823886822355645e-01
-4.827684827628462294e-01 -1.564770600668914158e+00
-1.092679928517033439e+00 -1.643823733817549870e+00
-1.439766787988396371e-02 2.300948542285200793e-01
-8.121721327904246612e-01 -1.540815105775388050e+00
-1.439766787988396371e-02 -1.855829863625254816e+00
-1.893933569570336595e-01 -1.525244034094596079e+00
3.449818642108553463e-02 4.642598168127368141e-01
-1.224832405451827255e-01 9.607374484810627946e-01
5.028690013040477691e-01 -1.435410928243873618e+00
5.028690013040477691e-01 -1.112610634553611089e+00
5.028690013040477691e-01 -4.783889072475107640e-01
5.028690013040477691e-01 -3.471220983358156743e-03
5.028690013040477691e-01 1.726016664840581138e-01
6.701442923336773383e-01 -1.288084634648688720e+00
6.701442923336773383e-01 -1.100632887106848035e+00
6.701442923336773383e-01 -2.442239446632942512e-01
6.701442923336773383e-01 1.252895640693439117e-01
6.701442923336773383e-01 2.133260078030522755e-01
1.069031524788947696e+00 -1.194658204563937787e+00
1.069031524788947696e+00 -1.605494941987908319e+00
1.069031524788947696e+00 -1.322320060360602234e-01
1.069031524788947696e+00 2.899835914623350441e-01
1.069031524788947696e+00 3.019613389090982092e-01
1.879673319778690566e+00 -1.423433180797110564e+00
1.879673319778690566e+00 -1.094644013383466508e+00
1.506520747481824740e+00 -1.012596443373140032e+00
1.506520747481824740e+00 -6.370940609171202862e-01
8.631542435217113285e-01 -2.909371597056698011e-01
-4.750480847153246144e-01 4.834242127275575895e-01
-4.750480847153246144e-01 1.105668192586894971e+00
8.631542435217113285e-01 6.719748895254347432e-02
1.686663368590656464e+00 -1.276705774574264041e+00
1.686663368590656464e+00 -8.011892009377732382e-01
1.956877300253904162e+00 -1.388098825829159777e+00
1.956877300253904162e+00 -5.843919721513631815e-01
1.956877300253904162e+00 -1.561875009295861372e-01
1.956877300253904162e+00 6.719748895254347432e-02
1.956877300253904162e+00 4.954019601743207546e-01
1.956877300253904162e+00 1.005654001406423914e+00
1.956877300253904162e+00 1.433858472628200875e+00
1.956877300253904162e+00 1.886018438743503944e+00
1.956877300253904162e+00 2.026756971242968941e+00
1.956877300253904162e+00 2.144138896221246426e+00
1.956877300253904162e+00 2.296855176167474699e+00
1.391045829436161202e-02 -1.059309658415515720e+00
1.391045829436161202e-02 -7.957992145867298639e-01
1.391045829436161202e-02 -5.077343884920799688e-01
1.391045829436161202e-02 -3.496281221948084883e-01
1.391045829436161202e-02 -2.675805521844819013e-01
1.391045829436161202e-02 -1.855329821741555640e-01
-8.902818233925653690e-02 -1.769590082008561271e+00
-8.902818233925653690e-02 -1.264728027127500987e+00
-8.902818233925653690e-02 -7.544759858953976606e-01
-8.902818233925653690e-02 -4.729989208964672232e-01
-8.902818233925653690e-02 -2.675805521844819013e-01
6.537977861117068301e-02 1.905682876542024173e-01
6.537977861117068301e-02 3.247190590579480673e-01
9.532255540761271906e-01 -1.247360293329694558e+00
6.537977861117068301e-02 -1.335396737063402783e+00
9.532255540761271906e-01 -7.077627708530219719e-01
9.532255540761271906e-01 9.594408282477490113e-02
1.776734679145072437e+00 -1.458168648392723421e+00
1.686663368590656464e+00 -8.011892009377732382e-01
1.236306815818577043e+00 -8.778467845970564509e-01
1.236306815818577043e+00 -2.382350709399126687e-01
1.236306815818577043e+00 -1.258739153404119460e+00
1.236306815818577043e+00 -6.370940609171202862e-01
1.866805989699488411e+00 -1.094644013383466508e+00
1.442184097085813521e+00 -1.294672395744408622e+00
1.442184097085813521e+00 -8.485013033524871906e-01
1.442184097085813521e+00 -3.849624771627592756e-01
-1.208485899229853944e+00 -1.335396737063402783e+00
6.537977861117068301e-02 -1.171301597042749609e+00
6.537977861117068301e-02 -2.615916784611005408e-01
6.537977861117068301e-02 8.456522275034976388e-02
9.532255540761271906e-01 -1.059309658415515720e+00
9.532255540761271906e-01 -1.855329821741555640e-01
9.532255540761271906e-01 2.199137688987718720e-01
9.532255540761271906e-01 3.133401989835229440e-01
9.532255540761271906e-01 3.780200351960433802e-01
1.391045829436161202e-02 -1.059309658415515720e+00
1.391045829436161202e-02 -5.436676308323690199e-01
1.956877300253904162e+00 1.563218145053241415e+00
1.956877300253904162e+00 6.828537077161612734e-01
1.956877300253904162e+00 9.116286839493344951e-01
1.956877300253904162e+00 1.158370281352651965e+00
1.956877300253904162e+00 3.486745539514739534e-01
1.776734679145072437e+00 -1.324017876988977882e+00
1.776734679145072437e+00 -9.658832283307643429e-01
1.120500845105756760e+00 -2.496139310143375978e-01
-4.235787643985155504e-01 -1.000618695926377200e+00
-4.235787643985155504e-01 2.253037552498149965e-01
-4.235787643985155504e-01 7.768790251732508034e-01
9.532255540761271906e-01 -7.077627708530219719e-01
9.532255540761271906e-01 9.594408282477490113e-02
1.776734679145072437e+00 -1.458168648392723421e+00
1.776734679145072437e+00 -9.658832283307643429e-01
-3.755886202244746591e-02 -1.247360293329694558e+00
-3.755886202244746591e-02 -4.729989208964672232e-01
-3.755886202244746591e-02 -6.815105719587820354e-02
-3.755886202244746591e-02 9.055409647373134641e-02
-3.755886202244746591e-02 1.372673115161070767e-01
1.956877300253904162e+00 -1.208531459616355302e-01
1.956877300253904162e+00 3.953877689938496975e-01
1.956877300253904162e+00 7.535224176520629591e-01
1.956877300253904162e+00 1.205083496395027653e+00
1.956877300253904162e+00 1.375167510139062355e+00
1.956877300253904162e+00 1.874040691296740890e+00
1.391045829436161202e-02 -9.012033921182442953e-01
1.391045829436161202e-02 -6.370940609171202862e-01
1.391045829436161202e-02 -3.729847297159963326e-01
1.391045829436161202e-02 -8.425124296291055526e-01
8.631542435217113285e-01 1.959582740052459859e-01
-4.750480847153246144e-01 -6.844061633318340165e-01
-9.897412878834153105e-01 8.798876532154125130e-01
-9.897412878834153105e-01 2.345963940699202332e+00
-8.868026472497971824e-01 8.097189851632115298e-02
-1.736046432477146961e+00 -1.232486954509880717e-01
-6.423233757449541281e-01 -1.156928300106634167e+00
-1.452965170734697109e+00 -9.479166071606199839e-01
-3.721094440817064308e-01 3.186313398459287433e-02
-7.581293464577745222e-01 -1.274409070573551406e-01
-3.849767741609086968e-01 -1.221608136319154214e+00
-1.002608617962617688e+00 -1.436108661104849304e-01
5.157363313832501461e-01 1.935627245158930143e-01
-2.563034733688860367e-01 -4.873722178325828880e-01
3.741957005120251090e-01 -5.364809823643111875e-01
-7.581293464577745222e-01 5.678673322272365098e-01
-1.790994928936724129e-01 -3.412436989820743505e-01
2.326550696408001828e-01 -1.212624825734081924e+00
-1.157016578913044880e+00 5.265441035359043065e-01
-1.221353229309056099e+00 1.060152752289195810e+00
-1.324291869942674227e+00 1.281142192681972825e+00
-1.916189053585978685e+00 1.802174206616162788e+00
-1.903321723506776530e+00 1.018230636225525121e+00
-1.774648422714753648e+00 -1.448086408551614301e-01
6.444096321752728063e-01 -1.065298532138897247e+00
6.315423020960705403e-01 9.235075859074586002e-02
-1.851852403189967244e+00 -1.783463337060975096e-01
-1.208485899229853944e+00 4.085632911852888904e-01
-1.440097840655494732e+00 2.540503491220464372e-01
-8.868026472497971824e-01 3.666411751216182568e-01
-1.169883908992247035e+00 1.521894916361908656e+00
-2.212137645407630693e+00 3.025602262814362509e-01
-1.362893860180281136e+00 -1.507975145785430127e-01
-2.820381335272905687e-01 9.942751413319992349e-01
-1.594505801605921924e+00 -1.241371419606313253e+00
-6.165887155865495961e-01 1.582283695479423935e-01
-1.324291869942674227e+00 8.636188486736427750e-02
-1.337159200021876604e+00 -3.521225171728015191e-02
-8.353333269329881183e-01 3.780200351960433802e-01
-1.195618569150651567e+00 -2.364384088228981551e-01
-1.800383082873158180e+00 3.426856802280923708e-01
9.789602142345317226e-01 2.175182194094193167e-01
-1.465832500813899264e+00 1.252895640693439117e-01
-1.324291869942674227e+00 5.067808202487454894e-01
-1.993393034061192282e+00 -2.777616375142305527e-01
-1.041210608200224375e+00 -7.263282793955044836e-01
2.197877395615979168e-01 -1.831374326848030365e-01
-1.401495850417888045e+00 -2.046973780889763672e-01
-1.543036481289112860e+00 -4.304779174604587699e-01
3.741957005120251090e-01 5.881306573980935037e-02
9.532255540761271906e-01 -1.050326347830443430e+00
-1.877587063348371998e+00 -1.651708115146582889e-01
-1.980525703981990127e+00 -2.633883405781148324e-01
-3.077727936856951008e-01 -2.867449480993027322e-01
-1.362893860180281136e+00 5.133685813444650581e-01
2.455223997200024488e-01 -1.415647644956714801e+00
3.741957005120251090e-01 -6.143363407682707056e-01
-7.323946862993699902e-01 3.725312033563599884e-02
-1.620240461764326456e+00 -1.711596852380398714e-01
-1.221353229309056099e+00 -7.173449688104323041e-01
-1.362893860180281136e+00 -5.742108868216145856e-01
3.741957005120251090e-01 -1.070089631117602469e+00
-2.212137645407630693e+00 2.911813662070115161e-01
3.484610403536205769e-01 -1.006607569649758505e+00
-1.002608617962617688e+00 -1.256442449403406270e-01
-9.640066277250107785e-01 -1.633642648487801274e+00
1.300643466214588484e+00 -1.338990061297431478e+00
-5.393847351113358890e-01 -2.142795760463865606e-01
-2.563034733688860367e-01 -7.365093647252531905e-01
-7.616085226005427089e-02 -3.651991938756004585e-01
-4.750480847153246144e-01 8.355699876623896571e-01
-7.195273562201677242e-01 9.954729160766753182e-01
-3.755886202244746591e-02 3.061535505154652781e-01
1.683184192447888250e-01 5.415162878443580130e-01
7.824710869037294902e-02 -1.354561132978223448e+00
1.236306815818577043e+00 9.654297019711292893e-02
-2.044862354378001346e+00 -3.562158832905280570e-01
-2.083464344615608255e+00 1.245208950341683884e+00
9.532255540761271906e-01 -1.398878798531246526e+00
-1.234220559388258476e+00 -7.203394056721231786e-01
-1.533648327352678808e-01 -1.349171146627180295e+00
-8.095986667745835863e-01 2.157215572924048030e-01
-1.337159200021876604e+00 6.235638578546843780e-01
3.484610403536205769e-01 5.211541171848611542e-01
1.683184192447888250e-01 -7.233338425338139421e-01
-4.107114343193132289e-01 -5.796008731726578489e-01
-1.723179102397944584e+00 -1.215619262595772909e+00
-3.463747839233018988e-01 4.642598168127368141e-01
-2.563034733688860367e-01 2.517652740023424481e-03
3.741957005120251090e-01 3.133401989835229440e-01
-1.195618569150651567e+00 -4.089179720562853837e-01
-6.294560456657518621e-01 6.241627452270228638e-01
3.484610403536205769e-01 -5.328876581302821602e-01
-1.916189053585978685e+00 -1.513865174020171400e+00
3.484610403536205769e-01 -6.418851598958253968e-01
-6.423233757449541281e-01 -4.041268730775801066e-01
-1.234220559388258476e+00 -1.561776163807223172e+00
-6.937926960617631922e-01 -1.208531459616355302e-01
-1.941923713744383218e+00 2.408748269306071887e-01
-1.620240461764326456e+00 -5.298932212685916188e-01
-1.533648327352678808e-01 -5.143221495877996485e-01
-1.967658373902787750e+00 -3.095026682481525349e-01
-1.980525703981990127e+00 -1.657696988869967469e-01
-4.879154147945268805e-01 -6.730273032574093373e-01
-1.018955124184588029e-01 -8.329302316716952204e-01
-1.607373131685124301e+00 -2.957282586843750782e-01
6.186749720168682742e-01 -1.226399235297859436e+00
-1.645975121922730988e+00 -6.874006001935248911e-01
-9.640066277250107785e-01 -7.143505319487415406e-01
-6.423233757449541281e-01 -7.718437196932039779e-01
-1.530169151209910705e+00 -3.837647024180830257e-01
-1.544323214297033342e+00 -4.304779174604587699e-01
3.729089675041046270e-01 5.881306573980935037e-02
9.583724861078093404e-01 -1.049727460458105499e+00
-1.877587063348371998e+00 -1.855329821741555640e-01
-1.977952237966148941e+00 -2.633883405781148324e-01
-3.026258616540145052e-01 -4.119124089179759807e-01
-1.360320394164440172e+00 3.061535505154652781e-01
2.455223997200024488e-01 -1.415647644956714801e+00
3.729089675041046270e-01 -6.143363407682707056e-01
-7.323946862993699902e-01 3.725312033563599884e-02
-1.622813927780167642e+00 -1.711596852380398714e-01
-1.218779763293215135e+00 -7.173449688104323041e-01
-1.360320394164440172e+00 -5.742108868216145856e-01
3.716222344961840895e-01 -1.069490743745264316e+00
-2.210850912399710211e+00 1.684094548776910449e-01
3.446008413298605189e-01 -1.006607569649758505e+00
-1.000035151946776502e+00 -1.256442449403406270e-01
-9.678668267487708921e-01 -1.633642648487801274e+00
1.307077131254189561e+00 -1.338990061297431478e+00
-5.355245360875758864e-01 -2.136806886740485467e-01
-2.511565413372054412e-01 -7.365093647252531905e-01
-7.101392022837364759e-02 -3.646003065032621948e-01
-4.789082837390846725e-01 8.355699876623896571e-01
-7.246742882518483198e-01 9.960718034490138040e-01
-3.241192999076684955e-02 3.061535505154652781e-01
1.657449532289478056e-01 5.421151752166960547e-01
8.468077372997409591e-02 -1.354561132978223448e+00
1.240167014842337156e+00 9.654297019711292893e-02
-2.043575621370080864e+00 -3.562158832905280570e-01
-2.083464344615608255e+00 1.245807837714021815e+00
9.583724861078093404e-01 -1.398878798531246526e+00
-1.231647093372417512e+00 -7.203394056721231786e-01
-1.533648327352678808e-01 -1.349171146627180295e+00
-8.134588657983436999e-01 2.157215572924048030e-01
-1.335872467013956122e+00 6.235638578546843780e-01
3.446008413298605189e-01 5.211541171848611542e-01
1.657449532289478056e-01 -7.233338425338139421e-01
-4.042777692797120959e-01 -5.790019858003199182e-01
-1.724465835405865288e+00 -1.215020375223434534e+00
-3.399411188837007658e-01 4.648587041850748558e-01
-2.537300073530450173e-01 3.116540112361454885e-03
3.729089675041046270e-01 3.133401989835229440e-01
-1.200765501182332162e+00 -4.089179720562853837e-01
-6.281693126578312691e-01 6.247616325993609054e-01
3.484610403536205769e-01 -5.328876581302821602e-01
-1.916189053585978685e+00 -1.513865174020171400e+00
3.446008413298605189e-01 -6.418851598958253968e-01
-6.474703077766347237e-01 -4.041268730775801066e-01
-1.231647093372417512e+00 -1.561776163807223172e+00
-6.937926960617631922e-01 -1.208531459616355302e-01
-8.868026472497971824e-01 8.097189851632115298e-02
-1.734759699469226479e+00 -1.232486954509880717e-01
-6.397499097291130532e-01 -1.156928300106634167e+00
-1.452965170734697109e+00 -9.479166071606199839e-01
-3.721094440817064308e-01 3.186313398459287433e-02
-7.594160794656950042e-01 1.438550726118267009e-01
-3.888369731846688104e-01 -1.221608136319154214e+00
-9.961749529230164990e-01 -1.436108661104849304e-01
5.183097973990911100e-01 1.941616118882314723e-01
-2.524432743451259231e-01 -4.873722178325828880e-01
3.716222344961840895e-01 -5.364809823643111875e-01
-7.542691474340144087e-01 5.678673322272365098e-01
-1.739525608619918173e-01 -3.412436989820743505e-01
2.352285356566412300e-01 -1.212624825734081924e+00
-1.162163510944725475e+00 5.265441035359043065e-01
-1.216206297277375503e+00 1.060152752289195810e+00
-1.324291869942674227e+00 1.281741080054310977e+00
-1.912328854562218572e+00 1.802174206616162788e+00
-1.902034990498855827e+00 1.018829523597863274e+00
-1.768214757675152571e+00 -1.448086408551614301e-01
6.482698311990329199e-01 -1.065298532138897247e+00
6.315423020960705403e-01 9.235075859074586002e-02
-1.855712602213727358e+00 -3.042115273857463192e-02
-1.208485899229853944e+00 4.085632911852888904e-01
-1.446531505695095809e+00 2.540503491220464372e-01
-8.816557152181165868e-01 4.780342263765140487e-01
-1.175030841023927630e+00 1.522493803734247253e+00
-2.206990713375950097e+00 3.025602262814362509e-01
-1.364180593188201618e+00 -1.501986272062045547e-01
-2.820381335272905687e-01 9.948740287043372765e-01
-1.590645602582161811e+00 -1.241371419606313253e+00
-6.127285165627894825e-01 1.582283695479423935e-01
-1.323005136934753745e+00 8.696077223970273551e-02
-1.342306132053557199e+00 -3.521225171728015191e-02
-8.366200599409086003e-01 3.786189225683814219e-01
-1.200765501182332162e+00 -2.358395214505601412e-01
-1.805530014904838998e+00 3.426856802280923708e-01
9.828204132582918362e-01 2.181171067817573583e-01
-1.468405966829740228e+00 1.258884514416823697e-01
-1.323005136934753745e+00 5.067808202487454894e-01
-1.994679767069112764e+00 -2.777616375142305527e-01
-1.036063676168543779e+00 -7.257293920231664419e-01
2.146408075299172935e-01 -1.825385453124645785e-01
-1.395062185378286745e+00 -2.046973780889763672e-01
