224
1485
1001
523
1003
516
249
225
166
990
1000
369
223
513
514
1390
991
1533
10
1532
897
988
1004
1592
9
1267
1016
987
1534
1491
519
1002
1012
998
1395
898
524
1405
981
657
248
1497
286
80
1490
1011
992
994
1487
128
30
1401
1544
1489
984
1388
876
1023
887
997
989
1549
1020
1527
1511
1398
1535
31
1495
1488
200
120
1412
1406
1557
393
1538
1530
1522
1509
1540
1492
240
995
1304
1542
1520
1375
1381
1007
1272
119
1407
201
1528
1413
1536
667
982
1539
216
244
1280
1010
1006
1015
879
1264
1265
1018
899
241
164
231
1524
1523
67
1507
1537
1550
1551
1526
1504
1554
1553
621
1521
1496
1364
1486
1555
1558
1548
1493
1565
1566
1573
1574
1483
92
1541
1547
1480
1552
1294
1266
1503
1572
1559
1556
1283
1377
1514
1291
1510
1397
1403
1281
1529
1013
441
165
468
1366
1385
8
18
1305
1545
871
1137
1128
1032
1384
242
1387
358
396
983
530
1030
908
1391
1571
1449
1568
1630
1484
1623
1606
1575
1414
773
715
1005
215
1589
1578
1525
1501
1282
1369
1502
1500
517
228
528
1505
1516
1278
1394
227
515
1402
1409
1400
1515
1389
1303
1399
1531
1372
1373
1392
1408
1513
1149
1512
1404
1371
1393
1506
1029
1370
1378
891
511
130
395
1561
