224
1001
1003
1000
1485
1016
1002
1004
990
249
166
225
1395
1592
1390
1267
997
1012
876
516
1011
1023
991
523
1381
1007
1533
1405
513
1010
1388
1006
1532
223
10
369
1265
887
879
1264
1401
1375
897
998
1272
1018
1015
1406
1266
1407
514
9
1013
1384
1534
988
1623
1606
1514
1487
1491
1497
1630
1412
1413
1279
1008
1589
1490
1377
987
995
1528
888
1386
1595
1398
1511
1383
1387
1593
1577
1020
1005
1557
1571
1283
1009
1578
1591
889
1021
1271
1291
1385
1288
880
1535
881
1397
1488
1613
1601
877
1489
1510
992
1527
770
1403
1277
1281
1256
1287
1624
1600
1631
1376
1293
1544
996
1019
1614
1555
1586
1566
286
30
1626
1391
1522
519
898
1289
1509
1268
1573
80
1558
1449
1594
1269
1536
1273
1540
1530
1617
1549
1501
1262
994
1581
692
1525
1278
1394
1282
1574
1570
1565
1538
1529
999
1276
878
891
657
989
1014
1576
1486
1402
1495
1539
1568
1619
1483
1610
31
248
1400
1409
1628
128
1515
1294
1548
1492
1280
1389
200
1261
1022
875
1399
1531
1590
1484
1556
1303
46
1542
92
1520
1392
1353
1559
1629
1493
1496
1028
1304
1286
524
1523
1448
1618
1373
899
1411
1585
1580
1263
981
1024
1506
1149
1505
1582
1408
1553
1017
759
758
904
984
1502
1513
1587
1372
