3.200000000000000000e+02
9.400000000000000000e+01
3.270000000000000000e+02
3.230000000000000000e+02
3.880000000000000000e+02
3.240000000000000000e+02
2.420000000000000000e+02
3.220000000000000000e+02
3.070000000000000000e+02
3.390000000000000000e+02
2.450000000000000000e+02
3.400000000000000000e+02
6.600000000000000000e+01
3.080000000000000000e+02
3.770000000000000000e+02
3.790000000000000000e+02
3.440000000000000000e+02
3.100000000000000000e+02
3.430000000000000000e+02
3.020000000000000000e+02
2.160000000000000000e+02
3.700000000000000000e+02
3.720000000000000000e+02
5.300000000000000000e+01
2.460000000000000000e+02
3.410000000000000000e+02
2.430000000000000000e+02
3.730000000000000000e+02
2.930000000000000000e+02
8.000000000000000000e+00
1.300000000000000000e+01
6.000000000000000000e+00
8.900000000000000000e+01
9.300000000000000000e+01
7.000000000000000000e+00
1.020000000000000000e+02
1.030000000000000000e+02
3.180000000000000000e+02
3.690000000000000000e+02
3.750000000000000000e+02
5.000000000000000000e+00
2.920000000000000000e+02
2.500000000000000000e+01
3.250000000000000000e+02
4.200000000000000000e+01
