1358
1870
283
1892
562
1035
804
55
1680
634
940
1137
241
591
788
1641
1088
1920
451
579
1845
162
674
1403
1416
1660
447
59
1795
682
1557
1432
1555
924
822
1566
1764
1230
1391
871
955
1906
567
1147
1103
666
580
863
1169
1572
671
158
1474
985
1486
1568
1122
1384
1702
1600
442
1429
977
227
678
1615
370
1840
486
1425
1471
382
763
463
1798
773
1062
80
1272
344
171
432
364
49
1297
598
1309
1436
1578
995
1238
351
246
1832
1123
1183
110
1
1528
1181
1937
577
694
312
235
1381
1443
467
1289
1198
1184
619
1008
273
1802
1919
1161
711
642
494
888
1143
1762
1307
1807
759
1220
1164
1398
1400
1756
547
1509
812
464
1262
1983
1139
1677
343
1286
1935
855
1029
1338
723
1167
1549
1997
76
247
660
611
667
1339
1574
1720
1804
844
1076
615
910
1644
1757
1448
967
1266
719
1191
385
115
1276
1966
114
329
838
1406
425
536
1628
250
1558
1968
1955
511
1944
82
434
109
956
1365
12
248
133
299
1936
1108
1926
89
934
64
148
1325
975
1770
1269
18
525
505
760
1956
661
980
121
1667
320
386
1562
750
1596
533
1771
263
270
1894
319
687
1033
1383
1466
1627
61
1013
1369
1529
817
1487
279
821
1430
677
1012
1592
904
476
202
462
1459
593
1337
39
310
1042
1950
1835
88
1563
784
1180
1902
1605
341
1438
332
490
1791
664
1176
878
1298
1207
1960
1009
544
847
1891
1364
651
1270
1858
607
353
774
1569
1599
1972
394
1665
1268
181
1064
1060
845
914
1131
1079
387
792
690
712
