1358
1870
283
1892
562
1035
1137
1088
1920
241
804
940
634
55
1680
1641
591
788
1845
59
1795
682
1557
1403
162
451
579
674
447
1416
1660
1555
1103
1432
567
671
1147
1230
871
955
1906
580
1572
924
822
1566
1764
1391
158
1169
666
1474
863
1486
1568
977
773
1062
1600
442
364
1122
1384
1702
985
1840
1262
1983
1286
855
382
763
1798
1272
279
821
598
711
227
49
678
835
963
370
494
1578
607
1832
1164
1398
1429
759
577
351
1297
110
1
1528
171
432
344
80
463
1615
1471
486
1425
1309
1807
425
536
1628
1436
995
1238
246
1123
1183
1139
1762
888
1143
1181
1937
273
1802
1919
694
1161
248
605
1222
1443
1198
1220
1400
1756
12
511
1944
1936
394
1665
312
1307
434
1955
467
1289
845
250
1558
1509
1131
387
313
594
547
1339
188
1332
108
401
278
76
1167
1029
1338
1677
464
812
152
1918
1519
404
1367
1985
1250
723
660
1549
1997
343
1935
1087
1574
1720
1804
329
838
1406
1108
89
934
975
901
667
1980
596
844
1221
846
1901
1048
533
1771
670
1717
817
1487
677
1012
1337
784
341
1438
1791
1176
651
1270
1858
1268
914
792
690
712
767
1321
428
556
235
1381
642
1184
619
1008
82
632
1876
952
1210
0
1074
737
1921
1126
1801
1607
495
912
1020
1051
130
359
1189
1057
1653
1770
30
1232
1560
286
1402
1780
1835
661
590
173
319
238
1540
807
1785
1331
247
611
683
904
202
462
1459
593
88
1563
332
181
664
1207
1960
1569
1599
1972
1060
743
1053
560
1897
1655
708
1464
