3.470000000000000000e+02
3.330000000000000000e+02
1.160000000000000000e+02
8.800000000000000000e+01
2.520000000000000000e+02
3.460000000000000000e+02
4.900000000000000000e+01
8.700000000000000000e+01
3.230000000000000000e+02
1.090000000000000000e+02
2.780000000000000000e+02
3.480000000000000000e+02
9.200000000000000000e+01
0.000000000000000000e+00
1.680000000000000000e+02
1.920000000000000000e+02
5.900000000000000000e+01
2.650000000000000000e+02
2.200000000000000000e+02
7.000000000000000000e+01
1.950000000000000000e+02
6.900000000000000000e+01
1.460000000000000000e+02
1.170000000000000000e+02
7.000000000000000000e+00
8.000000000000000000e+00
3.250000000000000000e+02
2.560000000000000000e+02
1.550000000000000000e+02
1.350000000000000000e+02
1.530000000000000000e+02
2.670000000000000000e+02
7.400000000000000000e+01
1.570000000000000000e+02
3.110000000000000000e+02
2.900000000000000000e+01
3.600000000000000000e+01
6.600000000000000000e+01
3.900000000000000000e+01
3.100000000000000000e+01
2.800000000000000000e+01
3.500000000000000000e+01
3.280000000000000000e+02
3.120000000000000000e+02
2.740000000000000000e+02
