-1.981256027319054924e+00 1.093723333216884308e+00
1.177311867577943011e-01 1.044970634535137416e-01
-4.936243124878896826e-01 -1.082574460262530236e+00
1.584984384947437208e+00 3.854864546928927355e-02
2.349076574465506773e-01 -1.214471296230979824e+00
-9.419516786013919507e-01 8.958780792642109247e-01
9.583449982206104778e-01 -1.592966084833847273e-01
2.043501009381700761e+00 1.704454814377393823e-01
1.544227351664391623e+00 -9.506776242940813137e-01
3.062324656918808397e-01 1.704454814377393823e-01
3.113270948522613990e-01 -3.571418624360587213e-01
1.763296405560761615e+00 -9.334819049915966949e-02
-9.674248244032949140e-01 2.363938994219638434e-01
6.679511360789103236e-01 3.023423174061883323e-01
4.896391154655858613e-01 -2.739977251493519797e-02
-1.522841587423826304e-01 -2.911934444518342602e-01
-1.273102574026137468e+00 2.363938994219638434e-01
-8.655322411956812845e-01 -5.549871163887326597e-01
4.743552279844440722e-01 3.023423174061883323e-01
-6.566524456200723003e-01 3.682907353904127934e-01
8.055061234091899225e-01 -2.252450264676091884e-01
1.034764435626321255e+00 -9.506776242940813137e-01
-5.089081999690314717e-01 -2.739977251493519797e-02
1.432145510136015654e+00 5.001875713588629369e-01
-1.013276486846721225e+00 1.159671751201109879e+00
-8.094913204314928556e-01 -6.868839523571822481e-01
1.798958809683426585e+00 5.001875713588629369e-01
1.697066226475812956e+00 5.661359893430873980e-01
1.697066226475812956e+00 8.299296612799864636e-01
1.748012518079619770e+00 8.958780792642109247e-01
8.819255608148998116e-01 7.639812432957607813e-01
-1.476887740441365171e+00 1.357517005153783263e+00
-1.675578277696212925e+00 5.001875713588629369e-01
-7.381665121861636925e-01 -2.252450264676091884e-01
-2.490821127896157283e-01 -3.571418624360587213e-01
1.197792568758503817e+00 1.291568587169558802e+00
-1.751997715101923259e+00 8.958780792642109247e-01
3.622733864560682693e-01 1.704454814377393823e-01
6.170048444751033978e-01 2.363938994219638434e-01
-1.446319965479081260e+00 1.423465423138007724e+00
-8.349644662333968181e-01 -8.187807883256317254e-01
-1.650105131894309185e+00 6.980328253115363202e-01
-1.726626753839050066e-01 1.704454814377393823e-01
-7.636396579880666557e-01 5.001875713588629369e-01
-1.370002712612408413e-01 3.854864546928927355e-02
3.215163531730226287e-01 -1.412316550183653652e+00
2.349076574465506773e-01 5.001875713588629369e-01
-6.057061540162654856e-01 5.001875713588629369e-01
-7.126933663842598410e-01 6.320844073273118591e-01
3.317056114937838029e-01 -3.390769089710394812e+00
9.991020315036561739e-01 -1.592966084833847273e-01
-9.624323797819518689e-02 -1.592966084833847273e-01
-3.305961793557070649e-01 3.854864546928927355e-02
-1.982380057248446514e-02 -1.592966084833847273e-01
-4.528672792048440421e-01 7.639812432957607813e-01
2.602786187094179027e-02 5.661359893430873980e-01
1.376104589371828224e+00 -9.334819049915966949e-02
1.477997172579442076e+00 -9.334819049915966949e-02
1.839613658427438347e-01 -1.214471296230979824e+00
2.216718400834644331e+00 5.661359893430873980e-01
-6.464631872993111816e-01 5.661359893430873980e-01
-7.075987372238792261e-01 1.291568587169558802e+00
-1.487076998762126845e+00 -9.334819049915966949e-02
-7.585450288276860409e-01 -4.230902804202831824e-01
1.834621213806091777e+00 3.023423174061883323e-01
-7.483557705069248112e-01 -6.868839523571822481e-01
1.926324538692944177e+00 5.661359893430873980e-01
-4.783404250067479491e-01 1.704454814377393823e-01
-7.330718830257830776e-01 -7.528323703414067092e-01
-1.629726615252786726e+00 1.489413841122233517e+00
-1.639915873573547955e+00 1.489413841122233517e+00
-4.529694637438743537e-02 5.001875713588629369e-01
8.156953817299511522e-01 3.023423174061883323e-01
7.697415347474864666e-02 -2.252450264676091884e-01
-1.741808456781162029e+00 1.159671751201109879e+00
-1.420846819677177741e+00 6.980328253115363202e-01
-1.400468303035655060e+00 5.001875713588629369e-01
-1.298575719828040764e+00 3.682907353904127934e-01
-3.407854376764682391e-01 -8.187807883256317254e-01
-7.636396579880666557e-01 -8.187807883256317254e-01
9.328718524187075145e-01 -1.592966084833847273e-01
-3.305961793557070649e-01 1.704454814377393823e-01
4.998283737863470355e-01 -9.334819049915966949e-02
-2.236089669877127650e-01 5.001875713588629369e-01
5.253015195882508870e-01 3.682907353904127934e-01
-1.181399249139284402e+00 1.357517005153783263e+00
-1.527834032045172652e+00 1.027774915232659847e+00
-1.003087228525959995e+00 -3.126975417773496524e+00
1.518754205862487661e+00 -3.390769089710394812e+00
-2.796498877519001947e-01 1.044970634535137416e-01
-7.075987372238792261e-01 1.093723333216884308e+00
-6.617470747804529152e-01 1.093723333216884308e+00
2.323705613202638798e+00 4.342391533746372545e-01
-1.038749632648625187e+00 6.980328253115363202e-01
-3.764478417991333203e-01 2.363938994219638434e-01
-7.993020621107317369e-01 -9.506776242940813137e-01
-8.757214995164424032e-01 -1.412316550183653652e+00
5.405854070693927316e-01 -8.847292063098561865e-01
-2.490821127896157283e-01 6.980328253115363202e-01
-1.038749632648625187e+00 4.342391533746372545e-01
-1.522841587423826304e-01 -2.739977251493519797e-02
7.188974276827180265e-01 3.023423174061883323e-01
5.507746653901547385e-01 -1.016626042278305775e+00
-1.028560374327863514e+00 1.225620169185334341e+00
1.111183873032032032e+00 3.682907353904127934e-01
1.095899985550889300e+00 -1.592966084833847273e-01
-7.381665121861636925e-01 1.291568587169558802e+00
-6.566524456200723003e-01 6.980328253115363202e-01
-2.796498877519001947e-01 3.023423174061883323e-01
2.537680037938628175e+00 1.044970634535137416e-01
-9.634542251723275316e-03 4.342391533746372545e-01
1.085710727230128070e+00 3.854864546928927355e-02
3.571787572956876544e-01 1.704454814377393823e-01
1.748012518079619770e+00 3.854864546928927355e-02
1.202887197918884432e+00 -1.592966084833847273e-01
-8.910053869975842478e-01 4.342391533746372545e-01
1.610457530749341171e+00 -3.522665925678844179e+00
2.018027863579796577e+00 -9.334819049915966949e-02
1.330150742389369922e-01 -4.230902804202831824e-01
1.839613658427438347e-01 -1.280419714215204730e+00
1.009291289824417293e+00 6.980328253115363202e-01
5.649345229419413215e-03 3.682907353904127934e-01
5.547160690388185187e-04 8.958780792642109247e-01
7.697415347474864666e-02 6.320844073273118591e-01
-1.522841587423826304e-01 5.661359893430873980e-01
2.858539490503575475e-01 3.023423174061883323e-01
5.915316986732004345e-01 -8.187807883256317254e-01
-6.719363331012141449e-01 1.687259095074906901e+00
7.697415347474864666e-02 -8.187807883256317254e-01
-1.013276486846721225e+00 -2.252450264676091884e-01
-1.064222778450528484e+00 6.980328253115363202e-01
5.354907779090121167e-01 5.661359893430873980e-01
-4.936243124878896826e-01 1.044970634535137416e-01
-6.566524456200723003e-01 8.299296612799864636e-01
-7.840181746295898924e-01 3.023423174061883323e-01
-1.741808456781162029e+00 -7.528323703414067092e-01
-1.217163837800981641e-01 4.342391533746372545e-01
2.349076574465506773e-01 -1.412316550183653652e+00
-9.521409369221531804e-01 -1.610161804136328367e+00
-9.266677911202493290e-01 -1.280419714215204730e+00
9.685342565413717075e-01 -1.082574460262530236e+00
-2.541767419499963432e-01 -2.252450264676091884e-01
5.253015195882508870e-01 -1.016626042278305775e+00
-2.236089669877127650e-01 -2.739977251493519797e-02
-2.643660002707584056e-01 5.661359893430873980e-01
-2.236089669877127650e-01 -7.528323703414067092e-01
-9.011946453183463657e-01 -2.137749148010125833e+00
8.666416733337579670e-01 -2.911934444518342602e-01
-4.681511666859858312e-01 1.044970634535137416e-01
-4.273941334029401906e-01 -1.592966084833847273e-01
3.112249103132238431e-02 -8.187807883256317254e-01
8.207900108903317671e-01 8.299296612799864636e-01
-1.054033520129766810e+00 3.682907353904127934e-01
-1.818227894186872362e+00 1.027774915232659847e+00
1.595173643268198438e+00 4.342391533746372545e-01
-7.585450288276860409e-01 -2.071800730025900705e+00
-1.140642215856238817e+00 8.958780792642109247e-01
-1.757092344262304318e+00 -4.890386984045082541e-01
8.206878263513013583e-02 -8.847292063098561865e-01
6.679511360789103236e-01 -1.592966084833847273e-01
-8.247752079126355884e-01 1.489413841122233517e+00
-2.745552585915196353e-01 3.023423174061883323e-01
4.488820821825401652e-01 -4.230902804202831824e-01
1.839613658427438347e-01 -7.528323703414067092e-01
8.206878263513013583e-02 3.023423174061883323e-01
5.659563683322626354e-02 1.704454814377393823e-01
5.150100767284566949e-02 3.682907353904127934e-01
-7.840181746295898924e-01 -1.610161804136328367e+00
-1.981256027319054924e+00 1.027774915232659847e+00
-6.209900414974073302e-01 -1.214471296230979824e+00
-1.436130707158319586e+00 1.027774915232659847e+00
-7.891128037899705072e-01 -9.506776242940813137e-01
7.698437192865248413e-01 -1.592966084833847273e-01
5.405854070693927316e-01 -7.528323703414067092e-01
-4.019209876010371718e-01 7.639812432957607813e-01
8.972094482960424333e-01 -1.016626042278305775e+00
-1.069317407610909099e+00 9.618264972484353859e-01
2.298130282861700902e-01 -2.252450264676091884e-01
1.111183873032032032e+00 3.854864546928927355e-02
-1.370002712612408413e-01 -8.847292063098561865e-01
-1.273102574026137468e+00 4.342391533746372545e-01
9.685342565413717075e-01 5.661359893430873980e-01
2.552861740880739694e-01 -3.571418624360587213e-01
5.100176321071091534e-01 3.854864546928927355e-02
-5.292867166105548193e-01 -9.334819049915966949e-02
-5.039157553476893842e-02 1.044970634535137416e-01
1.289495893645356439e+00 -1.592966084833847273e-01
1.686774783616020457e-01 -3.571418624360587213e-01
1.253833489522691247e+00 6.980328253115363202e-01
1.151940906315077617e+00 5.001875713588629369e-01
-2.287035961480933521e-01 -5.549871163887326597e-01
-9.011946453183463657e-01 -1.280419714215204730e+00
-1.527834032045172652e+00 1.819155931043356933e+00
-1.171209990818523172e+00 5.661359893430873980e-01
-9.776140827240561437e-01 8.299296612799864636e-01
2.114825817627029814e+00 3.682907353904127934e-01
-6.057061540162654856e-01 8.958780792642109247e-01
-1.359711269752609253e+00 8.958780792642109247e-01
-5.802330082143616341e-01 5.661359893430873980e-01
-8.094913204314928556e-01 8.299296612799864636e-01
-7.993020621107317369e-01 2.363938994219638434e-01
-1.130452957535477587e+00 6.320844073273118591e-01
-1.879465628650477116e-01 3.682907353904127934e-01
3.724626447768294435e-01 3.854864546928927355e-02
5.915316986732004345e-01 3.682907353904127934e-01
-1.191588507460046076e+00 -9.334819049915966949e-02
-1.308764978148801994e+00 8.958780792642109247e-01
2.298130282861700902e-01 5.661359893430873980e-01
8.207900108903317671e-01 4.342391533746372545e-01
-1.614442727771644437e+00 -1.592966084833847273e-01
-7.228826247050209597e-01 1.423465423138007724e+00
-6.209900414974073302e-01 5.661359893430873980e-01
-1.028560374327863514e+00 -8.187807883256317254e-01
2.043398824842662109e-01 -7.528323703414067092e-01
1.559511239145533246e+00 -2.739977251493519797e-02
1.503470318381345816e+00 -2.252450264676091884e-01
1.044953693947082485e+00 -3.571418624360587213e-01
3.622733864560682693e-01 2.363938994219638434e-01
1.289495893645356439e+00 -2.739977251493519797e-02
-1.191588507460046076e+00 1.093723333216884308e+00
2.114825817627029814e+00 1.704454814377393823e-01
7.800329776072860710e-01 3.854864546928927355e-02
8.819255608148998116e-01 -1.592966084833847273e-01
7.953168650884278046e-01 6.980328253115363202e-01
-1.217061653261949594e+00 7.639812432957607813e-01
1.635930676551244023e+00 -9.334819049915966949e-02
-1.471793111280984556e+00 1.159671751201109879e+00
-2.898391460726614244e-01 -5.549871163887326597e-01
5.547160690388185187e-04 2.363938994219638434e-01
1.442334768456777772e+00 3.023423174061883323e-01
-9.164785327994880992e-01 1.357517005153783263e+00
1.584984384947437208e+00 -2.739977251493519797e-02
-3.917317292802759976e-01 6.320844073273118591e-01
2.705700615692157585e-01 -2.739977251493519797e-02
-1.436130707158319586e+00 6.320844073273118591e-01
-1.538023290365933660e+00 -8.847292063098561865e-01
5.507746653901547385e-01 5.001875713588629369e-01
-3.305961793557070649e-01 5.001875713588629369e-01
1.121373131352793040e+00 -2.252450264676091884e-01
1.533935908804593684e-01 -1.280419714215204730e+00
-2.287035961480933521e-01 6.980328253115363202e-01
-6.209900414974073302e-01 1.489413841122233517e+00
1.584984384947437208e+00 3.682907353904127934e-01
-9.776140827240561437e-01 6.980328253115363202e-01
1.783674922202284963e+00 -2.739977251493519797e-02
4.488820821825401652e-01 -2.911934444518342602e-01
-6.311792998181684489e-01 6.980328253115363202e-01
1.095899985550889300e+00 -3.571418624360587213e-01
2.196237699654089159e-01 2.363938994219638434e-01
1.569700497466295364e+00 4.342391533746372545e-01
1.783674922202284963e+00 -9.334819049915966949e-02
5.915316986732004345e-01 5.001875713588629369e-01
1.381199218532208839e+00 -3.061026999789271397e+00
-1.425941448837558356e+00 1.027774915232659847e+00
1.085710727230128070e+00 1.044970634535137416e-01
1.477997172579442076e+00 -2.739977251493519797e-02
1.264022747843452477e+00 -1.214471296230979824e+00
-1.013276486846721225e+00 1.093723333216884308e+00
-1.115169070054335299e+00 1.291568587169558802e+00
-8.349644662333968181e-01 1.159671751201109879e+00
1.095899985550889300e+00 1.704454814377393823e-01
1.070426839748986225e+00 2.363938994219638434e-01
-9.266677911202493290e-01 6.320844073273118591e-01
9.175879649375647817e-01 -8.187807883256317254e-01
-6.821255914219753747e-01 -4.890386984045082541e-01
1.365915331051066994e+00 -1.346368132199429191e+00
-1.461603852960223549e+00 5.661359893430873980e-01
-1.502360886243269134e+00 1.555362259106457978e+00
2.858539490503575475e-01 -5.549871163887326597e-01
-6.209900414974073302e-01 7.639812432957607813e-01
-9.419516786013919507e-01 -1.214471296230979824e+00
-6.974094789031179964e-01 3.023423174061883323e-01
-5.089081999690314717e-01 7.639812432957607813e-01
-4.172048750821789609e-01 3.682907353904127934e-01
3.368002406541653060e-01 -1.808007058089002417e+00
-2.236089669877127650e-01 -2.739977251493519797e-02
-1.130452957535477587e+00 7.639812432957607813e-01
-9.113839036391074844e-01 -1.610161804136328367e+00
4.081250488994945247e-01 -2.401542819947024121e+00
-6.821255914219753747e-01 -4.230902804202831824e-01
1.534038093343630393e+00 -5.549871163887326597e-01
-4.324887625633216937e-01 1.044970634535137416e-01
2.298130282861700902e-01 -1.214471296230979824e+00
-1.370002712612408413e-01 3.682907353904127934e-01
9.328718524187075145e-01 -2.252450264676091884e-01
3.826519030975915614e-01 -8.187807883256317254e-01
7.188974276827180265e-01 2.363938994219638434e-01
8.921148191356618184e-01 3.023423174061883323e-01
1.075419284370331130e-01 3.023423174061883323e-01
1.121373131352793040e+00 -1.214471296230979824e+00
1.554416609985152631e+00 -2.739977251493519797e-02
-7.077009217629130766e-02 2.363938994219638434e-01
-2.491842973286505919e-02 -4.230902804202831824e-01
-9.634542251723275316e-03 5.001875713588629369e-01
1.085710727230128070e+00 5.661359893430873980e-01
-5.039157553476893842e-02 -8.187807883256317254e-01
1.314969039447260180e+00 1.704454814377393823e-01
-4.070156167614177867e-01 1.357517005153783263e+00
-3.917317292802759976e-01 9.618264972484353859e-01
-3.917317292802759976e-01 4.342391533746372545e-01
9.073987066168036630e-01 -4.230902804202831824e-01
1.350631443569924484e+00 3.854864546928927355e-02
1.060237581428224996e+00 5.001875713588629369e-01
-1.497266257082888075e+00 2.363938994219638434e-01
-9.113839036391074844e-01 -1.544213386152103240e+00
-9.368570494410104477e-01 -1.610161804136328367e+00
-1.003087228525959995e+00 -1.214471296230979824e+00
7.953168650884278046e-01 -5.549871163887326597e-01
1.544227351664391623e+00 4.342391533746372545e-01
4.590713405033013950e-01 3.682907353904127934e-01
-8.859107578372036329e-01 -6.209355343729577870e-01
-1.701051423498116444e+00 1.225620169185334341e+00
-1.690862165177354770e+00 6.980328253115363202e-01
-4.019209876010371718e-01 4.342391533746372545e-01
2.807593198899769327e-01 3.023423174061883323e-01
-9.634542251723275316e-03 -9.334819049915966949e-02
-2.898391460726614244e-01 -2.739977251493519797e-02
5.609639237109159682e-01 1.044970634535137416e-01
7.290866860034792563e-01 1.044970634535137416e-01
-8.502483537145385517e-01 5.001875713588629369e-01
-1.191588507460046076e+00 1.357517005153783263e+00
-2.032304503461894729e-01 2.363938994219638434e-01
-8.247752079126355884e-01 3.854864546928927355e-02
1.773485663881522845e+00 -1.610161804136328367e+00
1.376104589371828224e+00 3.854864546928927355e-02
-1.982380057248446514e-02 -2.137749148010125833e+00
1.126467760513173655e+00 -4.230902804202831824e-01
8.717363024941385818e-01 -3.571418624360587213e-01
-1.624631986092405667e+00 1.027774915232659847e+00
-9.419516786013919507e-01 -1.592966084833847273e-01
-1.777573045442865096e-01 4.342391533746372545e-01
-3.509746959972303570e-01 1.027774915232659847e+00
4.998283737863470355e-01 3.854864546928927355e-02
1.034764435626321255e+00 -3.918356433584192722e+00
-2.236089669877127650e-01 6.980328253115363202e-01
5.507746653901547385e-01 1.704454814377393823e-01
-8.757214995164424032e-01 1.159671751201109879e+00
-7.330718830257830776e-01 -5.549871163887326597e-01
-6.974094789031179964e-01 -1.082574460262530236e+00
-7.381665121861636925e-01 -1.412316550183653652e+00
1.355726072730305987e+00 4.342391533746372545e-01
-7.077009217629130766e-02 4.342391533746372545e-01
1.279204450785564051e-01 -3.571418624360587213e-01
-8.859107578372036329e-01 8.958780792642109247e-01
-7.126933663842598410e-01 2.363938994219638434e-01
-9.634542251723275316e-03 6.980328253115363202e-01
1.926324538692944177e+00 -2.467491237931249248e+00
5.151122612674897683e-01 -8.468797274495695859e+00
1.646119934872005253e+00 -1.214471296230979824e+00
