1.150000000000000000e+02
7.000000000000000000e+00
6.000000000000000000e+00
8.000000000000000000e+00
1.300000000000000000e+01
9.400000000000000000e+01
3.880000000000000000e+02
2.970000000000000000e+02
9.000000000000000000e+00
9.300000000000000000e+01
3.240000000000000000e+02
6.600000000000000000e+01
5.000000000000000000e+00
1.100000000000000000e+01
5.800000000000000000e+01
2.500000000000000000e+01
2.700000000000000000e+01
8.900000000000000000e+01
2.800000000000000000e+01
1.000000000000000000e+01
2.600000000000000000e+01
1.930000000000000000e+02
1.230000000000000000e+02
2.290000000000000000e+02
2.270000000000000000e+02
6.900000000000000000e+01
1.200000000000000000e+01
9.500000000000000000e+01
4.100000000000000000e+01
3.230000000000000000e+02
1.940000000000000000e+02
2.420000000000000000e+02
3.800000000000000000e+01
2.100000000000000000e+02
1.050000000000000000e+02
2.280000000000000000e+02
2.980000000000000000e+02
4.300000000000000000e+01
6.200000000000000000e+01
1.540000000000000000e+02
3.260000000000000000e+02
1.010000000000000000e+02
1.000000000000000000e+00
4.200000000000000000e+01
2.070000000000000000e+02
