6.641327329009119040e-01 -1.285258003359190937e+00
1.574594473048845034e+00 -1.466723619738964368e+00
1.184396584414016518e+00 -1.648189236118738021e+00
1.184396584414016518e+00 -1.285258003359190937e+00
9.242646586574642109e-01 -1.829654852498511453e+00
2.433029828045467635e+00 -2.011120468878284662e+00
3.005320064709882555e+00 -2.374051701637831968e+00
2.875254101831606235e+00 -2.555517318017605177e+00
3.135386027588158875e+00 -2.011120468878284662e+00
2.224924287440225523e+00 -2.555517318017605177e+00
1.704660435927121132e+00 -2.011120468878284662e+00
1.444528510170568714e+00 -2.736982934397378830e+00
1.184396584414016518e+00 -2.192586085258058315e+00
3.135386027588158875e+00 -2.011120468878284662e+00
-2.463290072470211423e-01 -1.964643050805502111e-01
-2.463290072470211423e-01 -1.499868870077675047e-02
-1.943026220957106698e-01 -1.499868870077675047e-02
-5.064609330035734214e-01 1.664669276789967067e-01
-4.284213552766077404e-01 -3.779299214603236701e-01
-1.520975443454127385e+00 1.799657475096957837e+00
-4.544345478522629489e-01 7.108637768183171390e-01
-3.763949701252972679e-01 -3.779299214603236701e-01
-2.463290072470211423e-01 7.108637768183171390e-01
2.219084591147729990e-01 -1.103792386979417506e+00
-3.763949701252972679e-01 -1.964643050805502111e-01
2.875254101831606235e+00 -5.593955378400971012e-01
2.485056213196778163e+00 -1.964643050805502111e-01
2.745188138953330359e+00 -7.408611542198706434e-01
2.302963865167191315e+00 1.073795009577864112e+00
-4.284213552766077404e-01 -3.779299214603236701e-01
-3.763949701252972679e-01 -1.499868870077675047e-02
-2.463290072470211423e-01 -5.593955378400971012e-01
-1.162630443687449888e-01 -9.223267705996440746e-01
1.380291850953116461e-02 -1.499868870077675047e-02
-1.162630443687449888e-01 -1.499868870077675047e-02
-4.284213552766077404e-01 -1.499868870077675047e-02
-1.162630443687449888e-01 -1.499868870077675047e-02
1.574594473048845034e+00 -1.285258003359190937e+00
1.834726398805397229e+00 -1.466723619738964368e+00
1.262436162140982088e+00 -7.408611542198706434e-01
1.184396584414016518e+00 -9.223267705996440746e-01
1.964792361683673327e+00 -1.466723619738964368e+00
1.704660435927121132e+00 -1.285258003359190937e+00
1.834726398805397229e+00 -1.285258003359190937e+00
1.438688813878073181e-01 -7.408611542198706434e-01
-8.446324364870914092e-01 1.255260625957637544e+00
-1.162630443687449888e-01 -1.964643050805502111e-01
-4.284213552766077404e-01 -3.779299214603236701e-01
-4.804477404279182129e-01 -5.593955378400971012e-01
-3.763949701252972679e-01 -5.593955378400971012e-01
-8.966588216384018262e-01 1.436726242337410975e+00
-7.405796661844704643e-01 -3.779299214603236701e-01
-1.026724784516678035e+00 1.255260625957637544e+00
-9.226720142140570902e-01 8.923293931980905702e-01
-1.156790747394954133e+00 1.255260625957637544e+00
-8.966588216384018262e-01 1.799657475096957837e+00
-2.463290072470211423e-01 -1.499868870077675047e-02
-6.365268958818496303e-01 5.293981604385435968e-01
-1.312869902848885495e+00 2.888451173375598646e+00
-3.763949701252972679e-01 1.436726242337410975e+00
-4.804477404279182129e-01 3.479325440587701657e-01
1.574594473048845034e+00 -1.285258003359190937e+00
1.834726398805397229e+00 -1.285258003359190937e+00
1.184396584414016518e+00 -7.408611542198706434e-01
1.262436162140982088e+00 -9.223267705996440746e-01
1.184396584414016518e+00 -1.466723619738964368e+00
2.693161753802019831e+00 -1.648189236118738021e+00
1.314462547292292616e+00 -7.408611542198706434e-01
1.444528510170568714e+00 -7.408611542198706434e-01
2.224924287440225523e+00 -1.103792386979417506e+00
-1.943026220957106698e-01 -7.408611542198706434e-01
1.184396584414016518e+00 -1.103792386979417506e+00
6.641327329009119040e-01 -5.593955378400971012e-01
9.242646586574642109e-01 1.664669276789967067e-01
1.184396584414016518e+00 -5.593955378400971012e-01
1.958952665391177628e-01 -3.779299214603236701e-01
-7.405796661844704643e-01 8.923293931980905702e-01
-4.544345478522629489e-01 1.436726242337410975e+00
-9.226720142140570902e-01 8.923293931980905702e-01
-4.804477404279182129e-01 1.664669276789967067e-01
-3.243685849739867955e-01 5.293981604385435968e-01
-1.943026220957106698e-01 -3.779299214603236701e-01
-6.365268958818496303e-01 -1.964643050805502111e-01
-4.284213552766077404e-01 3.479325440587701657e-01
1.834726398805397229e+00 -9.223267705996440746e-01
1.184396584414016518e+00 -1.466723619738964368e+00
1.054330621535740420e+00 -9.223267705996440746e-01
8.462250809304985300e-01 -3.779299214603236701e-01
1.184396584414016518e+00 -1.103792386979417506e+00
2.433029828045467635e+00 -1.466723619738964368e+00
1.184396584414016518e+00 -1.285258003359190937e+00
1.392502125019258408e+00 -9.223267705996440746e-01
1.184396584414016518e+00 -3.779299214603236701e-01
2.875254101831606235e+00 -1.648189236118738021e+00
3.135386027588158875e+00 -1.648189236118738021e+00
1.834726398805397229e+00 -1.648189236118738021e+00
1.380291850953116461e-02 3.479325440587701657e-01
-1.162630443687449888e-01 8.923293931980905702e-01
-1.162630443687449888e-01 1.664669276789967067e-01
-4.284213552766077404e-01 3.479325440587701657e-01
-2.463290072470211423e-01 1.664669276789967067e-01
-1.520975443454127385e+00 1.981123091476731268e+00
1.184396584414016518e+00 -5.593955378400971012e-01
1.626620858200155340e+00 -1.103792386979417506e+00
1.704660435927121132e+00 -9.223267705996440746e-01
1.964792361683673327e+00 -1.103792386979417506e+00
-1.162630443687449888e-01 -1.964643050805502111e-01
-4.284213552766077404e-01 1.255260625957637544e+00
-8.446324364870914092e-01 1.436726242337410975e+00
-2.723421998226763785e-01 3.479325440587701657e-01
-3.763949701252972679e-01 -7.408611542198706434e-01
-5.064609330035734214e-01 1.073795009577864112e+00
6.582930366084162321e-02 -5.593955378400971012e-01
-3.763949701252972679e-01 -1.499868870077675047e-02
1.054330621535740420e+00 -9.223267705996440746e-01
3.265451990466434751e+00 -2.192586085258058315e+00
-1.442935865727161815e+00 1.436726242337410975e+00
-7.665928587601257282e-01 -1.499868870077675047e-02
-3.503817775496420595e-01 -5.593955378400971012e-01
1.958952665391177628e-01 -1.499868870077675047e-02
1.184396584414016518e+00 -1.648189236118738021e+00
1.438688813878073181e-01 -5.593955378400971012e-01
4.560271922956700696e-01 -7.408611542198706434e-01
1.964792361683673327e+00 -1.648189236118738021e+00
-2.463290072470211423e-01 3.479325440587701657e-01
-1.162630443687449888e-01 1.664669276789967067e-01
-1.162630443687449888e-01 5.293981604385435968e-01
-9.746983993653676182e-01 1.255260625957637544e+00
-6.365268958818496303e-01 3.479325440587701657e-01
-1.026724784516678035e+00 1.981123091476731268e+00
-7.665928587601257282e-01 5.293981604385435968e-01
-1.162630443687449888e-01 5.293981604385435968e-01
1.438688813878073181e-01 8.923293931980905702e-01
1.380291850953116461e-02 3.479325440587701657e-01
9.242646586574642109e-01 -5.593955378400971012e-01
1.184396584414016518e+00 -3.779299214603236701e-01
1.184396584414016518e+00 -7.408611542198706434e-01
9.242646586574642109e-01 1.664669276789967067e-01
1.184396584414016518e+00 -1.499868870077675047e-02
-5.584873181548838383e-01 3.479325440587701657e-01
-9.746983993653676182e-01 -1.499868870077675047e-02
-6.885532810331600473e-01 -3.779299214603236701e-01
-1.364896288000196023e+00 3.479325440587701657e-01
-1.130777554819298869e+00 1.255260625957637544e+00
-7.665928587601257282e-01 -3.779299214603236701e-01
-7.665928587601257282e-01 -1.499868870077675047e-02
-7.665928587601257282e-01 -5.593955378400971012e-01
-1.943026220957106698e-01 -1.964643050805502111e-01
-2.983553923983315870e-01 -1.499868870077675047e-02
-9.746983993653676182e-01 1.664669276789967067e-01
-2.463290072470211423e-01 1.664669276789967067e-01
1.380291850953116461e-02 1.664669276789967067e-01
-8.446324364870914092e-01 1.981123091476731268e+00
-8.446324364870914092e-01 1.436726242337410975e+00
1.704660435927121132e+00 -1.466723619738964368e+00
1.054330621535740420e+00 -5.593955378400971012e-01
1.184396584414016518e+00 -3.779299214603236701e-01
1.132370199262705990e+00 -7.408611542198706434e-01
1.438688813878073181e-01 1.981123091476731268e+00
1.380291850953116461e-02 1.073795009577864112e+00
1.438688813878073181e-01 1.255260625957637544e+00
-2.463290072470211423e-01 1.255260625957637544e+00
1.438688813878073181e-01 -1.964643050805502111e-01
1.438688813878073181e-01 -7.408611542198706434e-01
6.381195403252566400e-01 -1.285258003359190937e+00
-7.665928587601257282e-01 1.664669276789967067e-01
-5.584873181548838383e-01 5.293981604385435968e-01
-1.162630443687449888e-01 1.664669276789967067e-01
-6.885532810331600473e-01 1.073795009577864112e+00
-2.203158146713659060e-01 -7.408611542198706434e-01
-8.706456290627466732e-01 3.479325440587701657e-01
-1.943026220957106698e-01 5.293981604385435968e-01
-1.943026220957106698e-01 -3.779299214603236701e-01
-8.966588216384018262e-01 -5.593955378400971012e-01
-3.763949701252972679e-01 5.293981604385435968e-01
-2.463290072470211423e-01 -1.964643050805502111e-01
-4.284213552766077404e-01 5.293981604385435968e-01
-1.682894295200554335e-01 -3.779299214603236701e-01
2.739348442660834437e-01 -7.408611542198706434e-01
-1.338883095424540759e+00 7.108637768183171390e-01
-4.804477404279182129e-01 -1.499868870077675047e-02
-6.105137033061943663e-01 4.931050371625884110e-01
-3.243685849739867955e-01 -2.327574283565047863e-01
-6.625400884575047833e-01 7.834500233702261784e-01
-5.584873181548838383e-01 -8.758493525268587487e-02
9.242646586574642109e-01 -9.223267705996440746e-01
1.184396584414016518e+00 -9.223267705996440746e-01
4.040008071443595972e-01 -5.956886611160516765e-01
1.236422969565327046e+00 -9.949130171515532250e-01
-1.162630443687449888e-01 -5.129181197673131354e-02
1.380291850953116461e-02 -3.779299214603236701e-01
-6.105137033061943663e-01 7.471569000942722694e-01
-3.763949701252972679e-01 7.471569000942722694e-01
-1.364896288000196023e+00 2.416640570788187503e+00
-1.156790747394954133e+00 2.380347447512233483e+00
-8.966588216384018262e-01 -4.868092912881880063e-01
-1.338883095424540759e+00 6.745706535423618977e-01
-1.162630443687449888e-01 7.834500233702261784e-01
-6.885532810331600473e-01 1.981123091476731268e+00
1.438688813878073181e-01 2.390531742309058294e-01
-2.463290072470211423e-01 8.197431466461814198e-01
-8.706456290627466732e-01 -1.212671756807281787e+00
-8.966588216384018262e-01 5.293981604385435968e-01
-7.665928587601257282e-01 3.116394207828149798e-01
-8.446324364870914092e-01 -7.045680309439160682e-01
-6.423665921743453022e-02 5.758755785113237741e-02
1.184396584414016518e+00 -8.497405240477349242e-01
-4.284213552766077404e-01 2.307761200960323222e+00
9.184249623649685945e-02 -1.499868870077675047e-02
4.040008071443595972e-01 4.205187906106793161e-01
1.964792361683673327e+00 -1.248964880083236473e+00
1.054330621535740420e+00 -1.285258003359190937e+00
6.641327329009119040e-01 -1.964643050805502111e-01
1.184396584414016518e+00 -5.593955378400971012e-01
-9.486852067897123542e-01 1.073795009577864112e+00
-6.365268958818496303e-01 -2.690505516324593338e-01
-1.208817132546264661e+00 1.110088132853819243e+00
-2.203158146713659060e-01 -1.499868870077675047e-02
-8.966588216384018262e-01 4.568119138866345019e-01
1.054330621535740420e+00 -1.103792386979417506e+00
1.438688813878073181e-01 1.255260625957637544e+00
1.054330621535740420e+00 -6.682749076679614930e-01
6.641327329009119040e-01 -2.327574283565047863e-01
1.438688813878073181e-01 3.116394207828149798e-01
1.380291850953116461e-02 4.931050371625884110e-01
-1.162630443687449888e-01 7.834500233702261784e-01
-1.682894295200554335e-01 1.255260625957637544e+00
1.964792361683673327e+00 -1.611896112842783335e+00
1.704660435927121132e+00 -1.503016743014919054e+00
2.224924287440225523e+00 -1.212671756807281787e+00
1.158383391838361254e+00 -3.779299214603236701e-01
-6.885532810331600473e-01 -3.779299214603236701e-01
-4.284213552766077404e-01 1.664669276789967067e-01
-7.665928587601257282e-01 9.649156397499997206e-01
-4.024081627009525319e-01 9.388068112708758406e-02
-1.078751169667988563e+00 5.293981604385435968e-01
-5.584873181548838383e-01 1.301738044030421593e-01
-9.746983993653676182e-01 3.116394207828149798e-01
-6.885532810331600473e-01 -5.231024145641425260e-01
-1.943026220957106698e-01 -3.779299214603236701e-01
1.438688813878073181e-01 -9.949130171515532250e-01
1.438688813878073181e-01 -7.408611542198706434e-01
-1.468949058302816857e+00 2.162588707856504922e+00
-1.000711591941022771e+00 -4.142230447362782453e-01
-1.364896288000196023e+00 1.400433119061455844e+00
-8.966588216384018262e-01 1.110088132853819243e+00
-1.156790747394954133e+00 3.116394207828149798e-01
1.438688813878073181e-01 -1.499868870077675047e-02
9.242646586574642109e-01 -8.497405240477349242e-01
8.982514660818089469e-01 -9.949130171515532250e-01
1.380291850953116461e-02 1.327846872509546694e+00
-2.463290072470211423e-01 9.649156397499997206e-01
-5.064609330035734214e-01 9.388068112708758406e-02
-4.284213552766077404e-01 -5.129181197673131354e-02
-1.162630443687449888e-01 6.019844069904527473e-01
-3.763949701252972679e-01 6.019844069904527473e-01
1.380291850953116461e-02 9.388068112708758406e-02
-5.064609330035734214e-01 4.205187906106793161e-01
1.438688813878073181e-01 1.146381256129773263e+00
4.040008071443595972e-01 -1.601711818045956359e-01
1.054330621535740420e+00 -8.497405240477349242e-01
1.574594473048845034e+00 -7.771542774958252187e-01
8.982514660818089469e-01 -1.575602989566828871e+00
9.242646586574642109e-01 -6.682749076679614930e-01
-9.486852067897123542e-01 3.479325440587701657e-01
-2.463290072470211423e-01 -4.868092912881880063e-01
-1.943026220957106698e-01 -3.053436749084145752e-01
-7.665928587601257282e-01 -3.779299214603236701e-01
-2.463290072470211423e-01 -2.690505516324593338e-01
1.380291850953116461e-02 4.205187906106793161e-01
-5.064609330035734214e-01 7.471569000942722694e-01
-1.943026220957106698e-01 -2.327574283565047863e-01
-3.822346664177929398e-02 1.301738044030421593e-01
5.340667700226358061e-01 -7.045680309439160682e-01
2.739348442660834437e-01 5.758755785113237741e-02
7.421723106278775850e-01 9.388068112708758406e-02
-8.706456290627466732e-01 -2.327574283565047863e-01
-9.486852067897123542e-01 3.842256673347254070e-01
2.739348442660834437e-01 -5.129181197673131354e-02
-5.064609330035734214e-01 9.649156397499997206e-01
-4.284213552766077404e-01 6.382775302664079886e-01
-3.763949701252972679e-01 9.649156397499997206e-01
1.438688813878073181e-01 3.842256673347254070e-01
6.641327329009119040e-01 -5.129181197673131354e-02
6.381195403252566400e-01 -7.771542774958252187e-01
8.722382735061537939e-01 -8.497405240477349242e-01
7.941986957791881130e-01 -1.238780585286410885e-01
1.314462547292292616e+00 -2.327574283565047863e-01
9.762910438087746279e-01 -4.505161680122328205e-01
5.340667700226358061e-01 -1.964643050805502111e-01
1.184396584414016518e+00 -9.223267705996440746e-01
-8.706456290627466732e-01 -5.593955378400971012e-01
-1.026724784516678035e+00 -1.238780585286410885e-01
-6.365268958818496303e-01 -4.142230447362782453e-01
-6.365268958818496303e-01 -1.964643050805502111e-01
-7.145664736088153113e-01 1.654484981993139536e+00
5.340667700226358061e-01 6.745706535423618977e-01
-8.706456290627466732e-01 3.360261775963009789e+00
-3.763949701252972679e-01 2.416640570788187503e+00
-8.966588216384018262e-01 -8.497405240477349242e-01
-8.966588216384018262e-01 -2.327574283565047863e-01
-1.026724784516678035e+00 1.327846872509546694e+00
-9.226720142140570902e-01 -3.053436749084145752e-01
-3.763949701252972679e-01 1.664669276789967067e-01
2.739348442660834437e-01 -1.539309866290873519e+00
2.739348442660834437e-01 -9.586198938755986498e-01
-3.763949701252972679e-01 -8.497405240477349242e-01
-7.405796661844704643e-01 -3.053436749084145752e-01
-1.156790747394954133e+00 1.182674379405728393e+00
-8.966588216384018262e-01 -1.499868870077675047e-02
-1.026724784516678035e+00 3.116394207828149798e-01
-3.763949701252972679e-01 3.479325440587701657e-01
-4.284213552766077404e-01 9.286225164740458116e-01
-3.763949701252972679e-01 1.654484981993139536e+00
-3.763949701252972679e-01 1.146381256129773263e+00
-6.885532810331600473e-01 9.388068112708758406e-02
-3.763949701252972679e-01 -1.499868870077675047e-02
-7.665928587601257282e-01 7.108637768183171390e-01
-3.243685849739867955e-01 -1.964643050805502111e-01
-7.665928587601257282e-01 -1.238780585286410885e-01
-1.026724784516678035e+00 8.560362699221353289e-01
1.380291850953116461e-02 -4.142230447362782453e-01
-1.026724784516678035e+00 1.327846872509546694e+00
-1.468949058302816857e+00 2.235174954408413850e+00
-1.468949058302816857e+00 2.961037419927507575e+00
-9.746983993653676182e-01 1.581898735441229276e+00
-9.746983993653676182e-01 2.271468077684369202e+00
-9.746983993653676182e-01 -6.319817843920062517e-01
-9.746983993653676182e-01 8.923293931980905702e-01
-1.104764362243643827e+00 -8.758493525268587487e-02
7.161591180522223210e-01 -1.503016743014919054e+00
-1.162630443687449888e-01 -1.103792386979417506e+00
-4.284213552766077404e-01 -1.601711818045956359e-01
-8.446324364870914092e-01 5.293981604385435968e-01
-5.324741255792286854e-01 5.758755785113237741e-02
-5.324741255792286854e-01 3.116394207828149798e-01
-3.243685849739867955e-01 -4.142230447362782453e-01
1.438688813878073181e-01 -1.067499263703463042e+00
-5.324741255792286854e-01 -9.586198938755986498e-01
-1.208817132546264661e+00 4.931050371625884110e-01
-1.052737977092333299e+00 3.116394207828149798e-01
-1.156790747394954133e+00 2.027600509549519203e-01
-9.746983993653676182e-01 8.197431466461814198e-01
-1.026724784516678035e+00 1.400433119061455844e+00
-1.104764362243643827e+00 6.382775302664079886e-01
-9.486852067897123542e-01 1.664669276789967067e-01
-1.078751169667988563e+00 -2.327574283565047863e-01
-1.026724784516678035e+00 2.390531742309058294e-01
-1.026724784516678035e+00 1.872243721648866988e+00
-7.926060513357809922e-01 -4.868092912881880063e-01
-7.665928587601257282e-01 -4.142230447362782453e-01
-7.665928587601257282e-01 4.568119138866345019e-01
-1.162630443687449888e-01 -2.690505516324593338e-01
-7.926060513357809922e-01 1.001208763025954962e+00
-6.365268958818496303e-01 1.763364351821002707e+00
-7.405796661844704643e-01 1.473019365613366105e+00
2.999480368417387077e-01 -1.067499263703463042e+00
4.040008071443595972e-01 -6.319817843920062517e-01
1.438688813878073181e-01 9.388068112708758406e-02
1.380291850953116461e-02 1.255260625957637544e+00
-4.284213552766077404e-01 5.656912837144988382e-01
-5.064609330035734214e-01 3.842256673347254070e-01
-4.284213552766077404e-01 1.473019365613366105e+00
-4.284213552766077404e-01 1.110088132853819243e+00
-4.284213552766077404e-01 8.923293931980905702e-01
-5.064609330035734214e-01 2.390531742309058294e-01
-5.324741255792286854e-01 1.664669276789967067e-01
-3.763949701252972679e-01 8.923293931980905702e-01
-3.243685849739867955e-01 3.116394207828149798e-01
-7.926060513357809922e-01 -8.758493525268587487e-02
-9.486852067897123542e-01 9.649156397499997206e-01
-9.486852067897123542e-01 7.471569000942722694e-01
-1.078751169667988563e+00 -3.053436749084145752e-01
-8.966588216384018262e-01 6.382775302664079886e-01
-4.284213552766077404e-01 -3.779299214603236701e-01
-7.665928587601257282e-01 -3.779299214603236701e-01
-8.966588216384018262e-01 4.931050371625884110e-01
-9.746983993653676182e-01 -1.964643050805502111e-01
-9.746983993653676182e-01 5.758755785113237741e-02
-9.746983993653676182e-01 2.390531742309058294e-01
1.438688813878073181e-01 3.116394207828149798e-01
-5.064609330035734214e-01 5.293981604385435968e-01
-3.243685849739867955e-01 -3.779299214603236701e-01
1.958952665391177628e-01 -3.053436749084145752e-01
-2.203158146713659060e-01 -5.956886611160516765e-01
-5.324741255792286854e-01 -9.223267705996440746e-01
-3.763949701252972679e-01 6.382775302664079886e-01
-4.804477404279182129e-01 2.129443457517781260e-02
-1.364896288000196023e+00 3.287675529411100861e+00
-5.324741255792286854e-01 -1.430430496463009904e+00
-6.625400884575047833e-01 1.110088132853819243e+00
-5.845005107305391023e-01 1.400433119061455844e+00
