6.641327329009119040e-01 -6.986384086952148742e-01
1.574594473048845034e+00 -1.083498240354186626e+00
1.184396584414016518e+00 -6.986384086952148742e-01
1.184396584414016518e+00 -9.552116298011960049e-01
9.242646586574642109e-01 -8.269250192482053841e-01
2.433029828045467635e+00 -1.083498240354186626e+00
3.005320064709882555e+00 -1.211784850907177136e+00
2.875254101831606235e+00 -1.211784850907177136e+00
3.135386027588158875e+00 -1.211784850907177136e+00
2.224924287440225523e+00 -1.083498240354186626e+00
1.704660435927121132e+00 -1.083498240354186626e+00
1.444528510170568714e+00 -1.211784850907177136e+00
1.184396584414016518e+00 -1.083498240354186626e+00
3.135386027588158875e+00 -1.211784850907177136e+00
-2.463290072470211423e-01 7.108125462272860129e-02
-2.463290072470211423e-01 -1.854919664832525295e-01
-1.943026220957106698e-01 -6.986384086952148742e-01
-5.064609330035734214e-01 -3.137785770362431226e-01
-4.284213552766077404e-01 4.559410862817003252e-01
-1.520975443454127385e+00 3.276544757287097598e-01
-4.544345478522629489e-01 1.993678651757191667e-01
-3.763949701252972679e-01 7.108125462272860129e-02
-2.463290072470211423e-01 1.993678651757191667e-01
2.219084591147729990e-01 3.276544757287097598e-01
-3.763949701252972679e-01 -3.137785770362431226e-01
2.875254101831606235e+00 -1.724931293119139397e+00
2.485056213196778163e+00 -1.724931293119139397e+00
2.745188138953330359e+00 -1.596644682566148887e+00
2.302963865167191315e+00 -1.853217903672129907e+00
-4.284213552766077404e-01 4.559410862817003252e-01
-3.763949701252972679e-01 5.842276968346908905e-01
-2.463290072470211423e-01 1.993678651757191667e-01
-1.162630443687449888e-01 -5.703517981422242533e-01
1.380291850953116461e-02 -9.552116298011960049e-01
-1.162630443687449888e-01 -8.269250192482053841e-01
-4.284213552766077404e-01 -5.703517981422242533e-01
-1.162630443687449888e-01 -6.986384086952148742e-01
1.574594473048845034e+00 -1.211784850907177136e+00
1.834726398805397229e+00 -1.211784850907177136e+00
1.262436162140982088e+00 -1.211784850907177136e+00
1.184396584414016518e+00 -1.211784850907177136e+00
1.964792361683673327e+00 -1.468358072013158377e+00
1.704660435927121132e+00 -1.340071461460167646e+00
1.834726398805397229e+00 -1.340071461460167646e+00
1.438688813878073181e-01 -6.986384086952148742e-01
-8.446324364870914092e-01 -1.854919664832525295e-01
-1.162630443687449888e-01 -5.703517981422242533e-01
-4.284213552766077404e-01 -6.986384086952148742e-01
-4.804477404279182129e-01 -5.720535593026197102e-02
-3.763949701252972679e-01 5.842276968346908905e-01
-8.966588216384018262e-01 8.408009179406720213e-01
-7.405796661844704643e-01 8.408009179406720213e-01
-1.026724784516678035e+00 9.690875284936626421e-01
-9.226720142140570902e-01 1.482233970705624904e+00
-1.156790747394954133e+00 4.559410862817003252e-01
-8.966588216384018262e-01 3.276544757287097598e-01
-2.463290072470211423e-01 7.108125462272860129e-02
-6.365268958818496303e-01 1.993678651757191667e-01
-1.312869902848885495e+00 -5.720535593026197102e-02
-3.763949701252972679e-01 -4.420651875892336879e-01
-4.804477404279182129e-01 -3.137785770362431226e-01
1.574594473048845034e+00 -1.340071461460167646e+00
1.834726398805397229e+00 -1.211784850907177136e+00
1.184396584414016518e+00 -1.083498240354186626e+00
1.262436162140982088e+00 -1.211784850907177136e+00
1.184396584414016518e+00 -8.269250192482053841e-01
2.693161753802019831e+00 -1.596644682566148887e+00
1.314462547292292616e+00 -1.340071461460167646e+00
1.444528510170568714e+00 -1.468358072013158377e+00
2.224924287440225523e+00 -1.340071461460167646e+00
-1.943026220957106698e-01 -5.703517981422242533e-01
1.184396584414016518e+00 -1.083498240354186626e+00
6.641327329009119040e-01 -1.340071461460167646e+00
9.242646586574642109e-01 -1.340071461460167646e+00
1.184396584414016518e+00 -1.211784850907177136e+00
1.958952665391177628e-01 -6.986384086952148742e-01
-7.405796661844704643e-01 -1.854919664832525295e-01
-4.544345478522629489e-01 -3.137785770362431226e-01
-9.226720142140570902e-01 3.276544757287097598e-01
-4.804477404279182129e-01 -1.854919664832525295e-01
-3.243685849739867955e-01 5.842276968346908905e-01
-1.943026220957106698e-01 -5.720535593026197102e-02
-6.365268958818496303e-01 5.842276968346908905e-01
-4.284213552766077404e-01 4.559410862817003252e-01
1.834726398805397229e+00 -1.340071461460167646e+00
1.184396584414016518e+00 -1.211784850907177136e+00
1.054330621535740420e+00 -1.340071461460167646e+00
8.462250809304985300e-01 -1.211784850907177136e+00
1.184396584414016518e+00 -1.083498240354186626e+00
2.433029828045467635e+00 -1.468358072013158377e+00
1.184396584414016518e+00 -1.340071461460167646e+00
1.392502125019258408e+00 -1.340071461460167646e+00
1.184396584414016518e+00 -1.211784850907177136e+00
2.875254101831606235e+00 -1.340071461460167646e+00
3.135386027588158875e+00 -1.468358072013158377e+00
1.834726398805397229e+00 -1.340071461460167646e+00
1.380291850953116461e-02 -6.986384086952148742e-01
-1.162630443687449888e-01 -9.552116298011960049e-01
-1.162630443687449888e-01 -6.986384086952148742e-01
-4.284213552766077404e-01 -6.986384086952148742e-01
-2.463290072470211423e-01 -5.720535593026197102e-02
-1.520975443454127385e+00 3.276544757287097598e-01
1.184396584414016518e+00 -1.596644682566148887e+00
1.626620858200155340e+00 -1.468358072013158377e+00
1.704660435927121132e+00 -1.340071461460167646e+00
1.964792361683673327e+00 -1.468358072013158377e+00
-1.162630443687449888e-01 -6.986384086952148742e-01
-4.284213552766077404e-01 -4.420651875892336879e-01
-8.446324364870914092e-01 -3.137785770362431226e-01
-2.723421998226763785e-01 -1.854919664832525295e-01
-3.763949701252972679e-01 -6.986384086952148742e-01
-5.064609330035734214e-01 -5.703517981422242533e-01
6.582930366084162321e-02 -3.137785770362431226e-01
-3.763949701252972679e-01 3.276544757287097598e-01
1.054330621535740420e+00 -1.083498240354186626e+00
3.265451990466434751e+00 -9.552116298011960049e-01
-1.442935865727161815e+00 7.125143073876815114e-01
-7.665928587601257282e-01 7.108125462272860129e-02
-3.503817775496420595e-01 -4.420651875892336879e-01
1.958952665391177628e-01 -5.703517981422242533e-01
1.184396584414016518e+00 -1.083498240354186626e+00
1.438688813878073181e-01 7.108125462272860129e-02
4.560271922956700696e-01 -4.420651875892336879e-01
1.964792361683673327e+00 -1.596644682566148887e+00
-2.463290072470211423e-01 -4.420651875892336879e-01
-1.162630443687449888e-01 -5.703517981422242533e-01
-1.162630443687449888e-01 -1.083498240354186626e+00
-9.746983993653676182e-01 9.690875284936626421e-01
-6.365268958818496303e-01 3.276544757287097598e-01
-1.026724784516678035e+00 1.097374139046653152e+00
-7.665928587601257282e-01 1.993678651757191667e-01
-1.162630443687449888e-01 -9.552116298011960049e-01
1.438688813878073181e-01 -9.552116298011960049e-01
1.380291850953116461e-02 -6.986384086952148742e-01
9.242646586574642109e-01 -9.552116298011960049e-01
1.184396584414016518e+00 -1.340071461460167646e+00
1.184396584414016518e+00 -1.211784850907177136e+00
9.242646586574642109e-01 -1.211784850907177136e+00
1.184396584414016518e+00 -1.211784850907177136e+00
-5.584873181548838383e-01 7.125143073876815114e-01
-9.746983993653676182e-01 3.276544757287097598e-01
-6.885532810331600473e-01 3.276544757287097598e-01
-1.364896288000196023e+00 9.690875284936626421e-01
-1.130777554819298869e+00 1.097374139046653152e+00
-7.665928587601257282e-01 5.842276968346908905e-01
-7.665928587601257282e-01 7.108125462272860129e-02
-7.665928587601257282e-01 3.276544757287097598e-01
-1.943026220957106698e-01 7.108125462272860129e-02
-2.983553923983315870e-01 3.276544757287097598e-01
-9.746983993653676182e-01 9.690875284936626421e-01
-2.463290072470211423e-01 -5.703517981422242533e-01
1.380291850953116461e-02 -6.986384086952148742e-01
-8.446324364870914092e-01 -1.083498240354186626e+00
-8.446324364870914092e-01 -1.083498240354186626e+00
1.704660435927121132e+00 -9.552116298011960049e-01
1.054330621535740420e+00 -1.083498240354186626e+00
1.184396584414016518e+00 -9.552116298011960049e-01
1.132370199262705990e+00 -1.211784850907177136e+00
1.438688813878073181e-01 -8.269250192482053841e-01
1.380291850953116461e-02 -9.552116298011960049e-01
1.438688813878073181e-01 -1.083498240354186626e+00
-2.463290072470211423e-01 -6.986384086952148742e-01
1.438688813878073181e-01 -3.137785770362431226e-01
1.438688813878073181e-01 -4.420651875892336879e-01
6.381195403252566400e-01 -1.340071461460167646e+00
-7.665928587601257282e-01 7.125143073876815114e-01
-5.584873181548838383e-01 -5.720535593026197102e-02
-1.162630443687449888e-01 -4.420651875892336879e-01
-6.885532810331600473e-01 -5.720535593026197102e-02
-2.203158146713659060e-01 7.108125462272860129e-02
-8.706456290627466732e-01 1.993678651757191667e-01
-1.943026220957106698e-01 7.108125462272860129e-02
-1.943026220957106698e-01 -6.986384086952148742e-01
-8.966588216384018262e-01 7.125143073876815114e-01
-3.763949701252972679e-01 -5.703517981422242533e-01
-2.463290072470211423e-01 -5.720535593026197102e-02
-4.284213552766077404e-01 -5.720535593026197102e-02
-1.682894295200554335e-01 -1.854919664832525295e-01
2.739348442660834437e-01 1.993678651757191667e-01
-1.338883095424540759e+00 1.225660749599643662e+00
-4.804477404279182129e-01 5.842276968346908905e-01
-6.105137033061943663e-01 1.993678651757191667e-01
-3.243685849739867955e-01 1.993678651757191667e-01
-6.625400884575047833e-01 3.276544757287097598e-01
-5.584873181548838383e-01 4.559410862817003252e-01
9.242646586574642109e-01 -7.627817139717101291e-01
1.184396584414016518e+00 -9.552116298011960049e-01
4.040008071443595972e-01 -1.019354935077691371e+00
1.236422969565327046e+00 -1.147641545630681881e+00
-1.162630443687449888e-01 -1.854919664832525295e-01
1.380291850953116461e-02 -1.854919664832525295e-01
-6.105137033061943663e-01 7.108125462272860129e-02
-3.763949701252972679e-01 -1.213486612067572606e-01
-1.364896288000196023e+00 7.125143073876815114e-01
-1.156790747394954133e+00 1.352245598992238840e-01
-8.966588216384018262e-01 7.125143073876815114e-01
-1.338883095424540759e+00 1.225660749599643662e+00
-1.162630443687449888e-01 -4.420651875892336879e-01
-6.885532810331600473e-01 -6.986384086952148742e-01
1.438688813878073181e-01 -6.344951034187195082e-01
-2.463290072470211423e-01 -7.627817139717101291e-01
-8.706456290627466732e-01 7.766576126641767663e-01
-8.966588216384018262e-01 1.097374139046653152e+00
-7.665928587601257282e-01 5.842276968346908905e-01
-8.446324364870914092e-01 3.917977810052050147e-01
-6.423665921743453022e-02 -4.420651875892336879e-01
1.184396584414016518e+00 -1.340071461460167646e+00
-4.284213552766077404e-01 -5.703517981422242533e-01
9.184249623649685945e-02 -5.703517981422242533e-01
4.040008071443595972e-01 -8.910683245247006390e-01
1.964792361683673327e+00 -8.910683245247006390e-01
1.054330621535740420e+00 -1.340071461460167646e+00
6.641327329009119040e-01 -1.340071461460167646e+00
1.184396584414016518e+00 -1.340071461460167646e+00
-9.486852067897123542e-01 1.033230833770157897e+00
-6.365268958818496303e-01 8.408009179406720213e-01
-1.208817132546264661e+00 1.610520581258615413e+00
-2.203158146713659060e-01 2.635111704522144493e-01
-8.966588216384018262e-01 1.289804054876139139e+00
1.054330621535740420e+00 -7.627817139717101291e-01
1.438688813878073181e-01 -8.269250192482053841e-01
1.054330621535740420e+00 -1.019354935077691371e+00
6.641327329009119040e-01 -1.083498240354186626e+00
1.438688813878073181e-01 -7.627817139717101291e-01
1.380291850953116461e-02 -3.779218823127383775e-01
-1.162630443687449888e-01 -5.703517981422242533e-01
-1.682894295200554335e-01 -6.344951034187195082e-01
1.964792361683673327e+00 -9.552116298011960049e-01
1.704660435927121132e+00 -1.019354935077691371e+00
2.224924287440225523e+00 -1.019354935077691371e+00
1.158383391838361254e+00 -9.552116298011960049e-01
-6.885532810331600473e-01 7.125143073876815114e-01
-4.284213552766077404e-01 1.352245598992238840e-01
-7.665928587601257282e-01 3.276544757287097598e-01
-4.024081627009525319e-01 2.635111704522144493e-01
-1.078751169667988563e+00 9.049442232171672762e-01
-5.584873181548838383e-01 1.289804054876139139e+00
-9.746983993653676182e-01 8.408009179406720213e-01
-6.885532810331600473e-01 9.049442232171672762e-01
-1.943026220957106698e-01 -1.854919664832525295e-01
1.438688813878073181e-01 -2.496352717597478399e-01
1.438688813878073181e-01 -2.496352717597478399e-01
-1.468949058302816857e+00 2.521355516184848877e+00
-1.000711591941022771e+00 1.623349242313914642e+00
-1.364896288000196023e+00 1.200003427489045205e+00
-8.966588216384018262e-01 2.046695057138783191e+00
-1.156790747394954133e+00 1.623349242313914642e+00
1.438688813878073181e-01 -4.548938486445329166e-01
9.242646586574642109e-01 -5.190371539210282270e-01
8.982514660818089469e-01 -4.164078654786356748e-01
1.380291850953116461e-02 -5.446944760316262402e-01
-2.463290072470211423e-01 -3.779218823127383775e-01
-5.064609330035734214e-01 -4.164078654786356748e-01
-4.284213552766077404e-01 2.121965262310184230e-01
-1.162630443687449888e-01 -3.779218823127383775e-01
-3.763949701252972679e-01 -5.190371539210282270e-01
1.380291850953116461e-02 -3.650932212574391489e-01
-5.064609330035734214e-01 -3.394358991468411357e-01
1.438688813878073181e-01 -6.216664423634202796e-01
4.040008071443595972e-01 -6.858097476399156456e-01
1.054330621535740420e+00 -5.446944760316262402e-01
1.574594473048845034e+00 -7.371243918611121160e-01
8.982514660818089469e-01 -6.858097476399156456e-01
9.242646586574642109e-01 -7.627817139717101291e-01
-9.486852067897123542e-01 8.408009179406720213e-01
-2.463290072470211423e-01 5.200843915581956356e-01
-1.943026220957106698e-01 4.815984083922983383e-01
-7.665928587601257282e-01 9.562588674383634135e-01
-2.463290072470211423e-01 -3.009499159809438940e-01
1.380291850953116461e-02 -3.154803381966394399e-02
-5.064609330035734214e-01 4.542393251213058120e-02
-1.943026220957106698e-01 5.825259356742936573e-02
-3.822346664177929398e-02 -4.035792044233364462e-01
5.340667700226358061e-01 -8.269250192482053841e-01
2.739348442660834437e-01 -2.368066107044485835e-01
7.421723106278775850e-01 -9.295543076905979918e-01
-8.706456290627466732e-01 1.033230833770157897e+00
-9.486852067897123542e-01 7.766576126641767663e-01
2.739348442660834437e-01 -2.496352717597478399e-01
-5.064609330035734214e-01 -4.677225096998317011e-01
-4.284213552766077404e-01 -1.470059833173552877e-01
-3.763949701252972679e-01 -4.164078654786356748e-01
1.438688813878073181e-01 -3.650932212574391489e-01
6.641327329009119040e-01 -8.269250192482053841e-01
6.381195403252566400e-01 -7.499530529164109005e-01
8.722382735061537939e-01 -8.910683245247006390e-01
7.941986957791881130e-01 -6.729810865846168610e-01
1.314462547292292616e+00 -8.397536803035046127e-01
9.762910438087746279e-01 -1.019354935077691371e+00
5.340667700226358061e-01 -5.446944760316262402e-01
1.184396584414016518e+00 -6.344951034187195082e-01
-8.706456290627466732e-01 1.084545477991353923e+00
-1.026724784516678035e+00 1.366776021207933622e+00
-6.365268958818496303e-01 1.572034598092718616e+00
-6.365268958818496303e-01 5.072557305028964070e-01
-7.145664736088153113e-01 2.506825093969152207e-01
5.340667700226358061e-01 -5.720535593026197102e-02
-8.706456290627466732e-01 4.815984083922983383e-01
-3.763949701252972679e-01 5.825259356742936573e-02
-8.966588216384018262e-01 1.379604682263232851e+00
-8.966588216384018262e-01 1.418090665429129649e+00
-1.026724784516678035e+00 1.071716816936055139e+00
-9.226720142140570902e-01 1.777293174977502943e+00
-3.763949701252972679e-01 6.355423410558869168e-01
2.739348442660834437e-01 6.868569852770834983e-01
2.739348442660834437e-01 4.302837641711023120e-01
-3.763949701252972679e-01 1.289804054876139139e+00
-7.405796661844704643e-01 2.316096939300063440e+00
-1.156790747394954133e+00 1.879922463419895884e+00
-8.966588216384018262e-01 1.110202800101952381e+00
-1.026724784516678035e+00 1.764464513922204603e+00
-3.763949701252972679e-01 5.842276968346908905e-01
-4.284213552766077404e-01 3.789691199499057861e-01
-3.763949701252972679e-01 1.095672377886258708e-01
-3.763949701252972679e-01 -5.575231370869250247e-01
-6.885532810331600473e-01 1.392433343318531191e+00
-3.763949701252972679e-01 8.151435958300740081e-01
-7.665928587601257282e-01 1.007573511659559884e+00
-3.243685849739867955e-01 1.738807191811606145e+00
-7.665928587601257282e-01 1.123031461157251609e+00
-1.026724784516678035e+00 2.970358653120315662e+00
1.380291850953116461e-02 5.713990357793916619e-01
-1.026724784516678035e+00 2.226296311912969728e+00
-1.468949058302816857e+00 2.675299448848436956e+00
-1.468949058302816857e+00 2.559841499350745675e+00
-9.746983993653676182e-01 1.661835225479811440e+00
-9.746983993653676182e-01 8.408009179406720213e-01
-9.746983993653676182e-01 2.713785432014334642e+00
-9.746983993653676182e-01 1.328290038042035937e+00
-1.104764362243643827e+00 8.151435958300740081e-01
7.161591180522223210e-01 1.187174766433746864e+00
-1.162630443687449888e-01 3.259527145683133870e-02
-4.284213552766077404e-01 1.482233970705624904e+00
-8.446324364870914092e-01 1.148688783267849178e+00
-5.324741255792286854e-01 4.815984083922983383e-01
-5.324741255792286854e-01 4.046264420605042988e-01
-3.243685849739867955e-01 3.019971536181117466e-01
1.438688813878073181e-01 6.937949346233317736e-03
-5.324741255792286854e-01 8.408009179406720213e-01
-1.208817132546264661e+00 2.008209073972886394e+00
-1.052737977092333299e+00 1.995380412917587165e+00
-1.156790747394954133e+00 1.495062631760924132e+00
-9.746983993653676182e-01 1.135860122212549950e+00
-1.026724784516678035e+00 1.738807191811606145e+00
-1.104764362243643827e+00 1.828607819198699858e+00
-9.486852067897123542e-01 1.366776021207933622e+00
-1.078751169667988563e+00 1.443747987539728106e+00
-1.026724784516678035e+00 1.405262004373830420e+00
-1.026724784516678035e+00 8.279722568853727926e-01
-7.926060513357809922e-01 1.225660749599643662e+00
-7.665928587601257282e-01 1.315461376986737596e+00
-7.665928587601257282e-01 1.148688783267849178e+00
-1.162630443687449888e-01 1.212832088544344433e+00
-7.926060513357809922e-01 1.046059494825457126e+00
-6.365268958818496303e-01 5.970563578899901191e-01
-7.405796661844704643e-01 9.306015453277654004e-01
2.999480368417387077e-01 2.506825093969152207e-01
4.040008071443595972e-01 9.673857673332662832e-02
1.438688813878073181e-01 -1.341773222620565031e-01
1.380291850953116461e-02 4.046264420605042988e-01
-4.284213552766077404e-01 -4.164078654786356748e-01
-5.064609330035734214e-01 -7.499530529164109005e-01
-4.284213552766077404e-01 5.842276968346908905e-01
-4.284213552766077404e-01 4.559410862817003252e-01
-4.284213552766077404e-01 1.353947360152634394e+00
-5.064609330035734214e-01 9.690875284936626421e-01
-5.324741255792286854e-01 7.125143073876815114e-01
-3.763949701252972679e-01 4.559410862817003252e-01
-3.243685849739867955e-01 7.108125462272860129e-02
-7.926060513357809922e-01 1.610520581258615413e+00
-9.486852067897123542e-01 1.738807191811606145e+00
-9.486852067897123542e-01 9.690875284936626421e-01
-1.078751169667988563e+00 1.867093802364596655e+00
-8.966588216384018262e-01 1.610520581258615413e+00
-4.284213552766077404e-01 1.610520581258615413e+00
-7.665928587601257282e-01 1.610520581258615413e+00
-8.966588216384018262e-01 1.353947360152634394e+00
-9.746983993653676182e-01 1.867093802364596655e+00
-9.746983993653676182e-01 1.097374139046653152e+00
-9.746983993653676182e-01 1.867093802364596655e+00
1.438688813878073181e-01 1.993678651757191667e-01
-5.064609330035734214e-01 1.867093802364596655e+00
-3.243685849739867955e-01 3.276544757287097598e-01
1.958952665391177628e-01 -1.854919664832525295e-01
-2.203158146713659060e-01 1.097374139046653152e+00
-5.324741255792286854e-01 1.610520581258615413e+00
-3.763949701252972679e-01 4.559410862817003252e-01
-4.804477404279182129e-01 4.559410862817003252e-01
-1.364896288000196023e+00 2.636813465682540158e+00
-5.324741255792286854e-01 1.097374139046653152e+00
-6.625400884575047833e-01 5.842276968346908905e-01
-5.845005107305391023e-01 9.690875284936626421e-01
