-1.335884972054490971e+00 -1.902994063321251650e+00
-1.332931003598152087e+00 -2.050438982093695461e+00
-1.331243021623101486e+00 -2.056720267870996821e+00
-1.329133044154288124e+00 -1.693287276756258120e+00
-1.328922046407406743e+00 -1.894508817622089891e+00
-1.328500050913643982e+00 -1.786073989466570255e+00
-1.328500050913643982e+00 -1.888337729840881218e+00
-1.326390073444830620e+00 -1.888117333848695401e+00
-1.325546082457305319e+00 -2.158763612253121522e+00
-1.324913089216661399e+00 -1.821888338196798074e+00
-1.324069098229136099e+00 -1.769764686044805524e+00
-1.323014109494729196e+00 -1.803595470845358761e+00
-1.322803111747847815e+00 -1.717530835896719843e+00
-1.322592114000966435e+00 -1.833899919770935583e+00
-1.322170118507203673e+00 -1.630254022991058038e+00
-1.320693134279034453e+00 -1.628821449041848890e+00
-1.316473179341407729e+00 -1.977377710684031342e+00
-1.314996195113238286e+00 -1.882717632040138200e+00
-1.311620231163136641e+00 -1.647995900362032140e+00
-1.310776240175611340e+00 -1.724693705642765362e+00
-1.309299255947442120e+00 -1.627939865073104730e+00
-1.307189278478628758e+00 -1.639069862678498524e+00
-1.306767282984865997e+00 -2.085592142847365160e+00
-1.297483382122087026e+00 -1.668162133647052459e+00
-1.295584402400155044e+00 -1.821998536192890761e+00
-1.295373404653273663e+00 -1.744749740931692772e+00
-1.295162406906392283e+00 -1.852082589126282208e+00
-1.292841431690697540e+00 -1.670255895572819727e+00
-1.292208438450053620e+00 -1.706511036287419181e+00
-1.291997440703172018e+00 -1.778580525732246009e+00
-1.290309458728121417e+00 -1.516750087015260373e+00
-1.286511499284257232e+00 -1.655379166100263699e+00
-1.285456510549850551e+00 -1.853955955059863214e+00
-1.284401521815443870e+00 -1.749708650755878114e+00
-1.283135535334155808e+00 -1.344400421125796719e+00
-1.283135535334155808e+00 -1.700339948506210730e+00
-1.282713539840393269e+00 -1.604026899920922178e+00
-1.282080546599748905e+00 -1.578681360819530477e+00
-1.279337575890291623e+00 -1.803264876857079813e+00
-1.279126578143410242e+00 -1.535704142343257583e+00
-1.278704582649647703e+00 -1.555649979636091862e+00
-1.276594605180834341e+00 -1.670476291565005766e+00
-1.275328618699546279e+00 -1.450300695371176563e+00
-1.268365693052461829e+00 -1.892635451688508885e+00
-1.266677711077411228e+00 -1.799628342986010265e+00
-1.266255715583648467e+00 -1.859906646848885403e+00
-1.264567733608597866e+00 -2.106529762105036063e+00
-1.264145738114835105e+00 -1.680394111213376451e+00
-1.259714785430327000e+00 -1.726236477588067419e+00
-1.258237801202157558e+00 -1.666619361701750401e+00
-1.257815805708394796e+00 -1.369415366238909249e+00
-1.255916825986462815e+00 -1.641604416588637649e+00
-1.255283832745818895e+00 -1.808884974657822831e+00
-1.254650839505174753e+00 -1.543197606077582051e+00
-1.247054920617446605e+00 -1.625184915170779787e+00
-1.247054920617446605e+00 -1.520386620886329476e+00
-1.246632925123683844e+00 -1.705078462338210032e+00
-1.244311949907989101e+00 -1.508375039312191745e+00
-1.234817051298328749e+00 -1.322691415895474121e+00
-1.233129069323278149e+00 -1.734391129298950007e+00
-1.232707073829515387e+00 -1.404899120980857674e+00
-1.232285078335752848e+00 -1.770646270013549683e+00
-1.231652085095108706e+00 -1.443468419613410214e+00
-1.228909114385651202e+00 -1.200812432216607828e+00
-1.213928274357076065e+00 -1.493388111843542587e+00
-1.210974305900737402e+00 -1.527769886624561035e+00
-1.210974305900737402e+00 -1.397846449230905286e+00
-1.208653330685042437e+00 -1.440272677726712969e+00
-1.206754350963110456e+00 -1.628270459061383679e+00
-1.201690405037958431e+00 -1.566779977241485655e+00
-1.197892445594094024e+00 -1.294480728895664123e+00
-1.195782468125280662e+00 -1.447545745468851619e+00
-1.195571470378399281e+00 -1.297345876794082198e+00
-1.191773510934535318e+00 -1.405670506953508703e+00
-1.191562513187653938e+00 -1.622980955248919388e+00
-1.189452535718840576e+00 -1.445892775527456431e+00
-1.185232580781213629e+00 -1.457463565117222304e+00
-1.173205709208977376e+00 -1.480054154316288839e+00
-1.172994711462095996e+00 -1.184392930798749743e+00
-1.161600833130503663e+00 -1.595211060233481692e+00
-1.160967839889859521e+00 -1.306051518485429996e+00
-1.159912851155452840e+00 -1.546393347964279297e+00
-1.158013871433520858e+00 -1.360819922543654581e+00
-1.157802873686639478e+00 -1.444680597570433545e+00
-1.157380878192876938e+00 -1.425726542242436112e+00
-1.154215911989656673e+00 -1.441815449672015026e+00
-1.153371921002131151e+00 -1.363023882465514758e+00
-1.152316932267724470e+00 -1.353436656805423244e+00
-1.144299017886233560e+00 -1.204779560075956102e+00
-1.143455026898708260e+00 -1.273212515649713827e+00
-1.140290060695488217e+00 -1.523361966780840682e+00
-1.137969085479793474e+00 -1.180756396927680418e+00
-1.136703098998505412e+00 -1.355640616727283199e+00
-1.136492101251623810e+00 -1.312002210274452407e+00
-1.136492101251623810e+00 -1.139432148392802713e+00
-1.128052191376370361e+00 -1.145713434170104073e+00
-1.125309220666912857e+00 -1.403576745027741435e+00
-1.113282349094676382e+00 -1.052045137491047777e+00
-1.112016362613388543e+00 -1.290844195024595020e+00
-1.105475432460067076e+00 -1.186156098736237618e+00
-1.104631441472541553e+00 -1.147917394091964249e+00
-1.104209445978778792e+00 -1.186045900740144710e+00
-1.094714547369118662e+00 -1.063726125076906559e+00
-1.094292551875355679e+00 -1.311561418290080328e+00
-1.091549581165898397e+00 -1.325666761789985326e+00
-1.087329626228271673e+00 -1.236185988962463123e+00
-1.082054682556238046e+00 -1.032870686170864527e+00
-1.074880759162272659e+00 -1.335364185446169971e+00
-1.073403774934102994e+00 -9.825102019563599631e-01
-1.068761824502713731e+00 -9.794246580657559598e-01
-1.067495838021425669e+00 -1.155631253818474757e+00
-1.066440849287018988e+00 -1.145933830162290112e+00
-1.063697878577561484e+00 -1.070778796826858947e+00
-1.061376903361866741e+00 -7.927492526842011555e-01
-1.057156948424239795e+00 -1.173813923173821161e+00
-1.050194022777155567e+00 -1.085435130307229157e+00
-1.047662049814579444e+00 -1.041466129866118973e+00
-1.045974067839528843e+00 -1.076288696631509278e+00
-1.045341074598884923e+00 -9.777716881243607716e-01
-1.040277128673732676e+00 -1.301313004653430694e+00
-1.040066130926851296e+00 -8.438811228713566370e-01
-1.038589146698681853e+00 -1.254699252306088475e+00
-1.038167151204919314e+00 -9.250970459919030109e-01
-1.036057173736105730e+00 -8.221721176410341503e-01
-1.034158194014173748e+00 -8.225027116293132101e-01
-1.028883250342140343e+00 -1.021299896581098654e+00
-1.027195268367089520e+00 -1.667611143666587470e+00
-1.025507286392038697e+00 -9.360066476051107642e-01
-1.024030302163869477e+00 -7.731340093796458257e-01
-1.013269417072921064e+00 -1.115959975224992018e+00
-1.010315448616582179e+00 -1.154419075861451649e+00
-1.008416468894650198e+00 -8.640473561563769556e-01
-1.008205471147768817e+00 -8.222823156371271702e-01
-1.004407511703904632e+00 -1.096565127912622728e+00
-1.004407511703904632e+00 -1.115078391256247858e+00
-1.002930527475735412e+00 -9.269704119254843500e-01
-1.002297534235091270e+00 -1.134252842576431330e+00
-1.001242545500684589e+00 -6.844246225247747617e-01
-1.001031547753803430e+00 -1.117392549174201166e+00
-9.984995747912270847e-01 -9.163914043005555454e-01
-9.947016153473631217e-01 -1.084222952350205826e+00
-9.928026356254309182e-01 -7.763297512663430711e-01
-9.911146536503802063e-01 -1.107584927521923390e+00
-9.856287122314654203e-01 -5.694881125997680593e-01
-9.847847212439400089e-01 -6.511448277046866240e-01
-9.801427708125505234e-01 -1.009067919014774883e+00
-9.790877820781438423e-01 -9.243256600192522043e-01
-9.767668068624490996e-01 -8.814586395390722195e-01
-9.719138586841782335e-01 -9.074653666170218180e-01
-9.668499127590259867e-01 -9.484590211636205748e-01
-9.655839262777380361e-01 -1.107033937541458402e+00
-9.653729285308566554e-01 -9.049308127068826924e-01
-9.647399352902126246e-01 -6.110327571268319158e-01
-9.603089826057045197e-01 -7.382012446181624998e-01
-9.598869871119418695e-01 -8.585374563517266244e-01
-9.577770096431285074e-01 -8.427791429104265486e-01
-9.548230411867896228e-01 -1.091055228107972397e+00
-9.510250817429254377e-01 -5.384122777015399874e-01
-9.489151042741120756e-01 -8.223925136332200792e-01
-9.472271222990614747e-01 -6.642583892397544432e-01
-9.468051268052987135e-01 -6.698784870404977942e-01
-9.451171448302480016e-01 -6.491612637750123760e-01
-9.423741741207906086e-01 -6.599606673921272204e-01
-9.364662372081130615e-01 -6.749475948607761566e-01
-9.362552394612316808e-01 -7.886719268287598616e-01
-9.326682777642488764e-01 -4.271123016476024437e-01
-9.276043318390967407e-01 -8.458646868010307740e-01
-9.212743994326565433e-01 -5.899849398730674377e-01
-9.119904985698774613e-01 -1.419004464480762673e+00
-9.111465075823521609e-01 -7.448131243837429194e-01
-9.100915188479454798e-01 -9.328109057184136299e-01
-9.054495684165559943e-01 -7.666323276101584261e-01
-9.050275729227933441e-01 -8.176539998012208876e-01
-9.024955999602171097e-01 -8.769405216992588459e-01
-8.970096585413023238e-01 -1.054138899416814823e+00
-8.965876630475396736e-01 -7.249774850870015497e-01
-8.915237171223874268e-01 -6.683357150951957371e-01
-8.845607914753031986e-01 -8.694470579649343778e-01
-8.841387959815404374e-01 -7.433805504345337711e-01
-8.820288185127270753e-01 -7.110925375792825909e-01
-8.725339199030667237e-01 -1.053808305428535874e+00
-8.693689536998466805e-01 -5.374204957367029190e-01
-8.617730348121184214e-01 -6.925792742356573495e-01
-8.605070483308303597e-01 -6.286644365017129976e-01
-8.590300641026610284e-01 -9.631153546439906732e-01
-8.588190663557796478e-01 -1.211060845853257462e+00
-8.516451429618140390e-01 -8.061934082075481456e-01
-8.503791564805259773e-01 -8.158908318637327906e-01
-8.495351654930006768e-01 -2.302986806254909424e-01
-8.387742804020522636e-01 -8.414567669573104203e-01
-8.381412871614082327e-01 -7.146188734542588961e-01
-8.364533051863575208e-01 -6.287746344978060176e-01
-8.347653232113068089e-01 -6.343947322985494797e-01
-8.345543254644254283e-01 -4.648000163114108796e-01
-8.286463885517478811e-01 -5.853566240371611551e-01
-8.275913998173412001e-01 -4.588493245223884132e-01
-8.223164561453076837e-01 -7.009543219387259771e-01
-8.187294944483248793e-01 -4.074970583430470028e-01
-8.178855034607995789e-01 -8.329455383741901642e-02
-8.117665688012406511e-01 -3.706909276479825599e-01
-8.115555710543593815e-01 -6.523570056617096213e-01
-8.022716701915802995e-01 -5.697085085919539882e-01
-8.003726904696482070e-01 -3.557040001793334572e-01
-7.984737107477162255e-01 -6.590790834233831719e-01
-7.940427580632080096e-01 -3.391743007653824638e-01
-7.877128256567678122e-01 -5.216621822954027321e-01
-7.837038684660223575e-01 -3.918489428978400024e-01
-7.811718955034462342e-01 -5.676147466661868313e-01
-7.720989923875486438e-01 -5.947234537050667402e-01
-7.678790374499218085e-01 -8.867481433515365108e-01
-7.617601027903628808e-01 -5.310290119633084283e-01
-7.600721208153121689e-01 9.346303189576488091e-02
-7.592281298277867574e-01 -2.136587832154468458e-01
-7.585951365871427265e-01 -5.027081269674055219e-01
-7.459352717742623318e-01 -3.150409396210137047e-01
-7.423483100772795273e-01 -4.718526880613633234e-01
-7.410823235959914657e-01 -7.501026281962072106e-01
-7.406603281022288154e-01 -1.939333419147984683e-01
-7.353853844301952991e-01 -5.003939690494523251e-01
-7.252574925798909167e-01 -5.866789999902770614e-01
-7.246244993392469969e-01 -8.214007316683831217e-01
-7.191385579203320999e-01 -5.359879217874937707e-01
-7.081666750825024170e-01 -1.033311478155236385e+00
-7.081666750825024170e-01 -1.666042388837326860e-01
-7.069006886012142443e-01 -3.341051929451039904e-01
-6.993047697134860963e-01 -2.595011495901379805e-01
-6.984607787259606848e-01 -6.399046321031998108e-01
-6.874888958881310019e-01 -2.257805627856777908e-01
-6.868559026474869711e-01 -4.974186231549411752e-01
-6.845349274317922283e-01 -4.365893293116009377e-01
-6.824249499629788662e-01 -2.557544177229756355e-01
-6.801039747472840125e-01 -6.487204717906404072e-01
-6.773610040378266195e-01 -6.211709727673885295e-01
-6.769390085440639693e-01 -9.023702759127855133e-02
-6.769390085440639693e-01 -1.596617651298731511e-01
-6.708200738845051525e-01 -8.285636014144285300e-01
-6.695540874032169798e-01 -3.810495392807252135e-01
-6.684990986688102987e-01 -4.076072563391399672e-01
-6.676551076812849983e-01 -8.007937063989907234e-01
-6.672331121875222371e-01 -6.653603692006845316e-01
-6.634351527436581630e-01 -1.128963338763967039e+00
-6.417023848148800669e-01 -4.121253741789533409e-01
-6.412803893211174167e-01 -2.121160112701448164e-01
-6.408583938273546554e-01 -4.887129814635935432e-01
-6.366384388897278201e-01 -9.065837826482778805e-01
-6.364274411428465505e-01 -4.719628860574565099e-01
-6.349504569146772193e-01 -2.980704482226905760e-01
-6.319964884583383347e-01 -1.615351310634544069e-01
-6.303085064832876228e-01 -5.805921273212039102e-02
-6.260885515456607875e-01 -1.312306821378773081e-01
-6.250335628112541064e-01 -3.304686590740348318e-01
-6.239785740768473143e-01 1.224451048682258375e-01
-6.231345830893220139e-01 -3.250689572654775206e-01
-6.222905921017967135e-01 2.216492842358902191e-02
-6.184926326579325284e-01 2.414849235326323174e-02
-6.163826551891191663e-01 -9.730331742923613580e-01
-6.159606596953565161e-01 -2.980704482226905760e-01
-6.140616799734244236e-01 3.655418842494002618e-01
-6.089977340482722878e-01 1.478166268535769864e-02
-6.075207498201028455e-01 1.448152980751064856e-01
-6.037227903762387715e-01 -9.021104470732035224e-03
-6.026678016418319794e-01 -2.280947207036308488e-01
-5.980258512104426050e-01 -4.537802167021101618e-01
-5.980258512104426050e-01 -4.319610134756946551e-01
-5.973928579697984631e-01 -7.767705432507150398e-01
-5.916959188040022966e-01 -7.150596654386309758e-01
-5.895859413351889344e-01 -8.288941954027075898e-01
-5.878979593601382225e-01 -2.792265908907863303e-01
-5.779810652567152207e-01 1.015334684945120962e-02
-5.739721080659696550e-01 1.670752932858939888e-01
-5.733391148253256242e-01 -1.615351310634544069e-01
-5.724951238378003238e-01 5.654670320460748051e-02
-5.708071418627495008e-01 -5.239763402133559289e-01
-5.691191598876987889e-01 -3.185672754959899544e-01
-5.674311779126481881e-01 -3.053435159648291153e-01
-5.651102026969533343e-01 -1.300185041808541164e-01
-5.636332184687840030e-01 -2.155321491490279073e-01
-5.587802702905131369e-01 -3.494227144020321529e-01
-5.560372995810556329e-01 4.544716670964575322e-01
-5.497073671746154355e-01 8.156164831772021173e-02
-5.402124685649550839e-01 -1.289165242199240835e-01
-5.336715384116336169e-01 -1.508199425584741578e-02
-5.302955744615320821e-01 9.798114973557822682e-02
-5.277636014989560698e-01 1.200207489541798428e-01
-5.258646217770239772e-01 4.673908155232977396e-02
-5.245986352957359156e-01 1.317017365400386109e-01
-5.212226713456344918e-01 -1.497179625975446869e-02
-5.189016961299397490e-01 -5.457955434397714356e-01
-5.186906983830583684e-01 -6.235693457974764847e-02
-5.174247119017703067e-01 3.104428862028965619e-01
-5.121497682297367904e-01 -1.515071134189906188e-01
-4.994899034168563401e-01 -1.700203767626159990e-01
-4.973799259480429225e-01 3.424003050698690154e-01
-4.889400160727893074e-01 -6.114475662272445683e-02
-4.838760701476371717e-01 5.875066312646758798e-02
-4.773351399943155382e-01 -3.235261853201752968e-01
-4.750141647786209065e-01 -2.200502669888412532e-01
-4.729041873098074888e-01 -8.252316786476800170e-02
-4.712162053347567214e-01 -7.072356077160273369e-01
-4.644642774345538738e-01 -2.170749210943301311e-01
-4.617213067250964253e-01 2.715429935820651286e-01
-4.604553202438083082e-01 -2.601623375666960447e-01
-4.558133698124188227e-01 1.296079746142714539e-01
-4.526484036091987240e-01 6.878710228214471867e-01
-4.499054328997412755e-01 -2.891444105391570152e-01
-4.439974959870638394e-01 1.433827241258973928e-01
-4.254296942615058419e-01 1.564962856609652675e-01
-4.136138204361506920e-01 2.526991362501607163e-01
-4.096048632454052374e-01 7.278728954032088749e-01
-4.060179015484224885e-01 -9.023702759127855133e-02
-4.060179015484224885e-01 7.550918004381816928e-01
-4.024309398514396285e-01 -2.089202693834475988e-01
-3.973669939262874928e-01 3.407473351284738272e-01
-3.929360412417792769e-01 5.115542290726354802e-01
-3.910370615198472399e-01 2.294473590745361169e-01
-3.882940908103897915e-01 -3.744376595151446829e-01
-3.859731155946951042e-01 1.428317341454322653e-01
-3.830191471383562751e-01 -4.588493245223884132e-01
-3.806981719226615879e-01 4.771724542916170320e-01
-3.785881944538482258e-01 -1.565762212392690922e-01
-3.777442034663227588e-01 -7.174840213526769706e-01
-3.756342259975093412e-01 1.952859802857039306e-01
-3.743682395162213905e-01 -5.218825782875887720e-01
-3.718362665536452116e-01 1.404073782313860763e-01
-3.703592823254758248e-01 -5.337839618656337048e-01
-3.617083747033409402e-01 -8.847385965379042649e-02
-3.581214130063580803e-01 -8.598598323048427527e-01
-3.570664242719513437e-01 -5.351063378187496111e-01
-3.562224332844260433e-01 -6.522208247816582705e-02
-3.553784422969007428e-01 1.775700857986881737e-02
-3.522134760936805886e-01 3.466980269174960716e-01
-3.501034986248672265e-01 -7.124149135323987192e-01
-3.486265143966977287e-01 3.217932798004764505e-01
-3.463055391810030414e-01 7.510144745827405099e-01
-3.439845639653082432e-01 6.000432199353201712e-01
-3.353336563431733586e-01 9.304168122221566639e-01
-3.330126811274785603e-01 7.398396947126178493e-03
-3.271047442148010131e-01 6.941523085987488795e-01
-3.233067847709368281e-01 3.935581581409824947e-02
-3.180318410989033118e-01 6.491915261928017378e-01
-3.138118861612765320e-01 4.868698779478017880e-01
-3.123349019331071452e-01 3.924561781800530585e-02
-3.083259447423617461e-01 5.473685778028628546e-01
-3.011520213483960817e-01 -1.392751358526669037e-01
-2.960880754232439460e-01 -7.485598562509051535e-01
-2.865931768135835944e-01 2.857585350780628142e-01
-2.813182331415500781e-01 8.088684225315693199e-01
-2.633834246566361115e-01 1.178167890323195410e-01
-2.446046251841968444e-01 5.519968936387689151e-01
-2.433386387029087550e-01 1.888497142475726578e-03
-2.213948730272493615e-01 6.671537995559618794e-01
-2.178079113302664738e-01 3.204709038473603222e-01
-2.144319473801649667e-01 -5.409208487277197136e-02
-2.112669811769448680e-01 9.842194171995020946e-02
-1.798283168916251507e-01 8.324507936954731457e-01
-1.762413551946425128e-01 5.881418363572753494e-01
-1.711774092694901273e-01 4.803681961783142218e-01
-1.671684520787447004e-01 1.800786568248688990e-01
-1.637924881286432210e-01 7.859472393442239468e-01
-1.635814903817620625e-01 -4.350465573662988805e-01
-1.614715129129486448e-01 -2.635784754455793299e-01
-1.549305827596270391e-01 6.440122203764302444e-01
-1.538755940252203303e-01 7.972976329418038910e-01
-1.519766143032883210e-01 7.756988257075742021e-01
-1.486006503531868139e-01 7.862778333325030067e-01
-1.348857968058996826e-01 7.902449611918513916e-01
-1.293998553869847579e-01 1.096621373214370088e-01
-1.279228711588152878e-01 7.993913948675708259e-01
-1.251799004493579504e-01 2.603027979805783154e-01
-1.239139139680698609e-01 6.061041097204356021e-01
-1.196939590304430395e-01 -8.274356385695408322e-02
-1.161069973334604016e-01 8.332481625520833657e-02
-1.137860221177656034e-01 1.877925165513792682e-01
-1.083000806988506926e-01 9.511600183716005519e-02
-1.080890829519693119e-01 -2.678761972932066082e-01
-1.076670874582067727e-01 4.197592983271600242e-01
-1.053461122425119745e-01 7.295258653446040631e-01
-9.268624742963152419e-02 -2.564156056995336996e-01
-9.205325418898736844e-02 6.324414307866644824e-01
-9.142026094834343475e-02 5.371201641662131099e-01
-8.952128122641142549e-02 9.701982888117325343e-01
-7.643942091976820008e-02 -4.860682295573612866e-01
-7.116447724773468375e-02 6.655008296145668023e-01
-6.715552005698925686e-02 1.036537482459723103e+00
-6.377955610688774979e-02 -1.288063262238311191e-01
-5.744962370044753158e-02 -2.376819463637224739e-01
-5.449565524410881351e-02 3.291765455387080097e-01
-5.027570030648199906e-02 1.066511337397020975e+00
-4.753272959702466161e-02 3.286255555582430765e-01
-4.521175438132987029e-02 -8.362514782569804850e-02
-4.436776339380455597e-02 -4.309692315108575311e-01
-4.267978141875368447e-02 7.864982293246888245e-01
-3.318488280909335369e-02 1.659733133249639281e-01
-2.537796617448388747e-02 -7.699382674929485804e-01
-2.263499546502631410e-02 -2.945441123477143264e-01
-2.136900898373822119e-02 1.095519393253440582e-01
-1.841504052739949965e-02 4.759602763345940346e-01
-1.546107207106077810e-02 8.830970896335265177e-03
-1.525007432417939054e-02 8.300264377814267069e-01
-8.920141917739168869e-03 6.314496488218273029e-01
-3.012205005061724047e-03 1.186847549130585211e+00
-6.912297893669283946e-04 1.087008164670320243e+00
5.747566919211638623e-04 5.771220367479747981e-01
1.207749932565090186e-03 6.783939951574486926e-01
2.262738666971793582e-03 1.081167670877390741e+00
5.216707123310515559e-03 7.161919078173503150e-01
8.381673326530626397e-03 1.390007871661353908e-02
1.091364628910681048e-02 -2.344862044770252563e-01
1.829856742995373750e-02 1.053644154738097444e-01
1.956455391124182694e-02 -2.189482870279111926e-01
1.977555165812321797e-02 1.268530247119462329e-01
2.146353363317384660e-02 9.006633532770447204e-01
2.251852236758055195e-02 -2.772430269611121378e-01
2.483949758327534674e-02 5.987208439822040429e-01
3.623337591486770065e-02 9.192025995046285147e-02
3.707736690239301497e-02 -2.964174782812953879e-01
4.108632409313843492e-02 1.976001382036569887e-01
4.530627903076524937e-02 1.005461647561494809e+00
5.058122270279877264e-02 -5.673943506740009024e-01
5.416818439978166033e-02 2.998638785779678129e-01
5.923213032493378910e-02 -5.993517695409730228e-01
6.366308300944198417e-02 6.567951879232191148e-01
6.978201766900082870e-02 -9.057021986795339430e-01
9.320276757282969227e-02 1.114337267701386303e+00
1.081836076014049269e-01 8.253981219455206464e-01
1.164125197297771752e-01 3.212422898200115728e-01
1.181005017048278039e-01 1.168224087790866950e+00
1.206324746674039827e-01 1.137699242873103866e+00
1.206324746674039827e-01 1.004249469604471923e+00
1.244304341112680151e-01 1.022101544971538933e+00
1.305493687708270956e-01 -8.296395984913998434e-02
1.326593462396405132e-01 1.492206196304308730e+00
1.330813417334030524e-01 9.659005669641049785e-01
1.332923394802844330e-01 1.161612208025286197e+00
1.370902989241484515e-01 8.487600971172382103e-01
1.373012966710298599e-01 1.269936838184712702e+00
1.436312290774700851e-01 5.710611469628594783e-01
1.518601412058423195e-01 6.435714283920580536e-01
1.520711389527237001e-01 -1.763016625399172477e-01
1.562910938903505076e-01 1.064307377475160798e+00
1.590340645998080948e-01 3.123162521364776234e-01
1.630430217905535217e-01 3.090103122536876357e-01
1.630430217905535217e-01 9.165318647144375941e-01
1.744369001221458548e-01 1.739380301540924600e+00
1.784458573128912817e-01 9.462853236595496487e-01
1.786568550597726901e-01 -3.919591408939329669e-01
1.930047018477037690e-01 -2.299026709058585739e-03
1.982796455197372854e-01 3.730353479837249520e-01
1.991236365072628356e-01 3.260910016481035623e-01
2.132604855483125061e-01 1.636675769182241558e+00
2.229663819048542384e-01 1.062323813545486662e+00
2.238103728923795388e-01 1.027060454795724054e+00
2.337272669958026516e-01 1.408786313261902290e+00
2.366812354521413697e-01 5.654410491621157941e-01
2.373142286927853173e-01 1.221008927919417397e+00
2.590469966215635522e-01 5.053831412914269183e-01
2.628449560654275707e-01 7.592793242897160066e-01
2.638999447998343073e-01 1.563860876648723308e-01
2.666429155092918668e-01 1.379830223173398873e-01
2.803577690565789982e-01 1.622350029690150741e+00
2.831007397660363356e-01 1.104199052060829800e+00
2.972375888070862837e-01 -7.665221296140654061e-01
3.023015347322383639e-01 1.187508737107142887e+00
3.132734175700679913e-01 -7.066846177355623482e-01
3.215023296984404477e-01 2.071873638637486137e-01
3.242453004078977852e-01 1.179794877380632823e+00
3.244562981547791658e-01 1.763319249577065817e-01
3.267772733704739641e-01 3.549888595084297466e-02
3.350061854988461985e-01 1.659733133249639281e-01
3.415471156521678320e-01 5.643390692011859278e-01
3.423911066396931324e-01 9.379362588404391299e-02
3.472440548179638875e-01 1.640999473913826723e-01
3.482990435523705686e-01 6.678149875325199991e-01
3.563169579338616444e-01 6.079774756540170522e-01
3.571609489213870003e-01 5.294063044397026019e-01
3.599039196308443378e-01 6.248377690562469944e-01
3.723527866968433520e-01 4.217428622568342722e-01
3.744627641656567696e-01 4.848863140181275955e-01
3.780497258626396850e-01 -4.855172395768963534e-01
3.854346470034865635e-01 1.190484083001654314e+00
3.873336267254186005e-01 1.358536027043490968e+00
3.900765974348761600e-01 7.245669555204189427e-01
3.913425839161640551e-01 -2.409224705151531958e-03
4.016814735133499292e-01 8.457847512227268938e-01
4.023144667539938490e-01 1.165358939892448875e+00
4.115983676167727645e-01 6.326618267788503003e-01
4.124423586042981205e-01 1.651772894646983625e+00
4.191942865045010791e-01 4.957959156313353488e-01
4.213042639733144967e-01 3.107734801911755662e-01
4.280561918735175109e-01 -5.701493005763261790e-01
4.369180972425336651e-01 7.983996129027337574e-01
4.390280747113470827e-01 1.369666024648884539e+00
4.409270544332791197e-01 1.466860657202917029e+00
4.438810228896180599e-01 7.524470485319497692e-01
4.497889598022954960e-01 2.704410136211348736e-01
4.523209327648716749e-01 6.811489450597737472e-01
4.588618629181930864e-01 6.571257819114981746e-01
4.736317051998868988e-01 9.856260082647535503e-01
4.841815925439539314e-01 2.480708204142544338e-01
5.274361306546287986e-01 1.961319065672241901e+00
5.299681036172050330e-01 1.640642897041589832e+00
5.360870382767638498e-01 1.980409301880289574e-01
5.462149301270683432e-01 2.812404172382496625e-01
5.500128895709323062e-01 1.156322704212822128e+00
5.681586958027277090e-01 1.050642825959627880e+00
5.700576755246596905e-01 1.504107579882353551e+00
5.738556349685237645e-01 1.083261432803158231e+00
5.922124389472004369e-01 1.884951854379787184e+00
5.945334141628952906e-01 4.773086351716687714e-02
5.962213961379458915e-01 2.252598352230019974e-01
5.976983803661154449e-01 4.506147372332022782e-01
6.038173150256742616e-01 3.958463331749775826e-01
6.095142541914705392e-01 1.594800530666898863e+00
6.168991753323174176e-01 -1.937129459226125672e-01
6.344119883234686785e-01 7.988404048871059482e-01
6.348339838172314398e-01 -3.153715336092927646e-01
6.458058666550610116e-01 -3.039951571277538234e-02
6.493928283520439271e-01 1.626868147529964004e+00
6.540347787834331905e-01 1.664141053093359246e-01
6.571997449866533447e-01 1.006784023514611048e+00
6.620526931649243219e-01 2.535807202189048759e-01
6.628966841524496223e-01 1.927514263755645829e-01
6.675386345838392188e-01 1.750069507161946092e+00
6.761895422059740479e-01 6.595501378255445024e-01
6.764005399528554285e-01 -7.984795484810375266e-01
6.896933980063799652e-01 8.237451520041254582e-01
6.899043957532611238e-01 1.136487064916080758e+00
6.958123326659387820e-01 1.649458736729030317e+00
7.010872763379722983e-01 7.466065547390203783e-01
7.112151681882765697e-01 5.409770940294684749e-01
7.114261659351579503e-01 6.112834155368069844e-01
7.118481614289208226e-01 5.548620415371871006e-01
7.175451005947168781e-01 3.621257463705171986e-01
7.278839901919025301e-01 1.209438138329651746e+00
7.318929473826480958e-01 5.634574852324419902e-01
7.337919271045801883e-01 -2.939931223672493932e-01
7.434978234611219206e-01 8.588983127577947130e-01
7.544697062989514924e-01 1.510168469667468871e+00
7.570016792615276158e-01 2.908276428983415096e-01
7.607996387053916898e-01 6.917279526847024407e-01
7.637536071617303524e-01 1.940491644410663463e+00
7.641756026554932246e-01 3.995930650421397057e-01
7.660745823774252061e-01 1.490994018347285621e+00
7.721935170369840229e-01 7.792511444665083109e-02
7.781014539496616811e-01 7.418680409070210757e-01
7.888623390406100944e-01 1.374294340484790711e+00
8.065861497786427359e-01 1.162934583978402436e+00
8.086961272474560980e-01 8.237451520041254582e-01
8.165030438820656267e-01 2.054215976378646946e+00
8.198790078321672725e-01 5.940925281462979823e-01
8.297959019355899413e-01 6.085284656344819298e-01
8.388688050514879757e-01 7.234649755594886322e-01
8.587025932583337573e-01 -5.014959490103824136e-01
8.597575819927404384e-01 4.773928502838029053e-01
8.665095098929433970e-01 7.059434941807005703e-01
8.730504400462647530e-01 8.985695913512773414e-01
8.808573566808745037e-01 1.515898765464305242e+00
8.869762913404335425e-01 1.362503154902839020e+00
8.928842282531109786e-01 1.037198670436281001e+00
9.038561110909407725e-01 1.243709715114577063e+00
9.063880840535170069e-01 5.901254002869494864e-01
9.112410322317877620e-01 4.552430530691083388e-01
9.114520299786689206e-01 1.974432627207309832e+00
9.148279939287706775e-01 -2.822019367852974803e-01
9.420467032764633375e-01 3.444940669956359502e-01
9.431016920108700186e-01 1.004249469604471923e+00
9.439456829983955410e-01 2.158353082686538915e+00
9.589265230269705675e-01 -1.630779030087564363e-01
9.618804914833095632e-01 9.900339281084737930e-01
9.715863878398509623e-01 7.448433868015320591e-01
1.002392058884526982e+00 5.837339165135551067e-01
1.015051923697407377e+00 1.449669769812407916e+00
1.016317910178695438e+00 7.205998276610704467e-01
1.023069838078898286e+00 1.241285359200531069e+00
1.024757820053948887e+00 7.710705098716676975e-01
1.026656799775881312e+00 -6.769311587904502936e-01
1.027078795269643630e+00 7.370193290789287532e-01
1.030243761472863673e+00 1.238420211302112772e+00
1.031720745701033115e+00 1.955037779894940320e+00
1.038050678107473423e+00 1.001274123709960495e+00
1.041637639804456228e+00 1.432699278414084842e+00
1.054508502364217781e+00 -6.687505241956100133e-02
1.055985486592387224e+00 -4.271123016476024437e-01
1.060416439276895773e+00 1.160510228064356442e+00
1.070755328874081203e+00 1.360629788969257792e+00
1.084259184674487120e+00 7.309584392938133224e-01
1.085103175662012198e+00 8.298060417892408891e-01
1.092277099055978029e+00 6.000432199353201712e-01
1.095653063006079231e+00 1.562292121819461865e+00
1.103037984146926220e+00 5.627962972558839816e-01
1.122660774606891287e+00 1.214533229033889355e-01
1.166337308211328416e+00 1.282168815751036695e+00
1.174144224845938167e+00 1.362723550895024838e+00
1.177731186542920971e+00 1.954266393922289291e+00
1.181529145986784934e+00 -1.970188858054027214e-01
1.198619963484173878e+00 1.504353958758498921e-01
1.210435837309528750e+00 1.063315595510323730e+00
1.218242753944138501e+00 1.178141907439237634e+00
1.220352731412951863e+00 3.089001142575945047e-01
1.233856587213357336e+00 1.295502773278290443e+00
1.251580397951390200e+00 1.575405683354529573e+00
1.252002393445152961e+00 1.903024325739040457e+00
1.252635386685796881e+00 8.097500065003137015e-01
1.254323368660847482e+00 9.971967978545194233e-01
1.262341283042338391e+00 1.656731804471169189e+00
1.262974276282982755e+00 3.688478241321906381e-01
1.272258177145761504e+00 7.608220962350180638e-01
1.285551035199285819e+00 7.902709440758087789e-02
1.285762032946167421e+00 1.171640225669750013e+00
1.288294005908743767e+00 8.141579263440338332e-01
1.293990945074539489e+00 2.038347464941253850e+00
1.294623938315183853e+00 1.177921511447051373e+00
1.298632895505929197e+00 1.292417229387686328e+00
1.299687884240335878e+00 3.728149519915390231e-01
1.312136751306335114e+00 2.333347500482235048e+00
1.312980742293860192e+00 1.454518481640500349e+00
1.314457726522029635e+00 9.947724419404730956e-01
1.315934710750199077e+00 9.173032506870888447e-01
1.321842647662876624e+00 7.485901186686945152e-01
1.329227568803723614e+00 1.527910347038443195e+00
1.334502512475757019e+00 7.612628882193902546e-01
1.337245483185214301e+00 -2.677659992971134773e-01
1.339777456147790646e+00 6.024675758493666100e-01
1.351171334479383201e+00 1.557002618006997130e+00
1.352226323213789883e+00 1.122271523420082628e+00
1.366152174507958117e+00 5.819967314600265479e-02
1.377335055092669069e+00 4.431472563828357802e-02
1.379867028055245193e+00 1.528461337018908184e+00
1.385774964967922740e+00 9.937806599756359160e-01
1.392948888361888571e+00 -1.789464144461495321e-01
1.398223832033921976e+00 1.910738185465551187e+00
1.410250703606158451e+00 1.518984309354909801e+00
1.420800590950225484e+00 7.164123038095361329e-01
1.423121566165920227e+00 9.204989925737860901e-01
1.428185512091072473e+00 5.495725377247229204e-01
1.430295489559885835e+00 -2.211522469497713139e-01
1.433460455763106101e+00 5.918885682244378055e-01
1.439579390422664584e+00 1.355670879145072671e+00
1.456459210173171925e+00 1.188059727087608319e+00
1.459413178629510810e+00 1.115990237642781491e+00
1.465743111035951118e+00 1.489781840390262735e+00
1.490007851927305227e+00 1.501793421964400244e+00
1.504566696462118047e+00 1.385534536086277413e+00
1.507309667171575329e+00 1.510168469667468871e+00
1.508364655905982010e+00 1.868642550958022452e+00
1.508364655905982010e+00 1.944043963169597711e-01
1.520180529731336883e+00 5.634574852324419902e-01
1.522923500440794164e+00 1.490112434378541684e+00
1.524611482415845209e+00 9.199480025933211014e-01
1.528409441859709395e+00 1.201503882610955198e+00
1.536216358494319145e+00 8.745464282030017689e-01
1.537060349481844224e+00 1.819273848708355068e+00
1.544656268369572594e+00 9.210499825542509678e-01
1.545922254850860433e+00 1.700370210923999759e+00
1.548243230066555176e+00 1.032570354600374607e+00
1.572929966451672046e+00 1.389060871961253607e+00
1.577993912376824515e+00 -2.656722373713463203e-01
1.601414662280653101e+00 3.493427788237283282e-01
1.604790626230754746e+00 5.434274328274737997e-02
1.624624414437600528e+00 1.623562207647173627e+00
1.631798337831566359e+00 1.355450483152886409e+00
1.632009335578447518e+00 8.765299921326760169e-01
1.637495276997362526e+00 1.697725459017767946e+00
1.639394256719294285e+00 8.814889019568614703e-01
1.644880198138209515e+00 8.953738494645802071e-01
1.650155141810243142e+00 5.808687686151369212e-01
1.650155141810243142e+00 1.247346248985646389e+00
1.654586094494751025e+00 7.891429812309210812e-01
1.661127024648072270e+00 5.263207605490981544e-01
1.666401968320105897e+00 1.088440738619529613e+00
1.674419882701597251e+00 4.195389023349741509e-01
1.676107864676647852e+00 9.080466190152762795e-01
1.679061833132986292e+00 1.217813186032720374e+00
1.685602763286308203e+00 6.632968696927066254e-01
1.688767729489528246e+00 9.563133413040134645e-01
1.696152650630375236e+00 1.250101198887971332e+00
1.701005598808645880e+00 9.406652258588064086e-01
1.701849589796171625e+00 7.956446630004087028e-01
1.702482583036815544e+00 6.247275710601538634e-01
1.709023513190136789e+00 1.464656697281056852e+00
1.722949364484305690e+00 1.413304431101715553e+00
1.730545283372033616e+00 6.921687446690746315e-01
1.734343242815897801e+00 1.408235323281436857e+00
1.746581112135015434e+00 1.504989163851097489e+00
1.759029979201014671e+00 1.322280886328891292e+00
1.774854810217115109e+00 3.312703074644749446e-01
1.776331794445284773e+00 1.548076580323463736e+00
1.793000616448910289e+00 1.383661170152696407e+00
1.797220571386537236e+00 1.316109798547682841e+00
1.801018530830401643e+00 2.128074616644919925e-01
1.803972499286740083e+00 9.292046342651336666e-01
1.826760255949924749e+00 7.271015094305580684e-01
1.828448237924976016e+00 3.478000068784263266e-01
1.843851073447313693e+00 1.093289450447621824e+00
1.844273068941076454e+00 9.559827473157344047e-01
1.854822956285143487e+00 9.911359080694036594e-01
1.859253908969651592e+00 1.928149468848246340e+00
1.906095408777309208e+00 1.371869984570744716e+00
1.909893368221173171e+00 3.384331772105205749e-01
1.938589061797035384e+00 9.544399753704323475e-01
1.944286000962831773e+00 6.087488616266678587e-01
1.973825685526219509e+00 2.405773566799299656e-01
2.013282264193030358e+00 7.544306124616236842e-01
2.072994626560449749e+00 7.042905242393053822e-01
2.075737597269907031e+00 1.005351449565401678e+00
2.082911520663872640e+00 1.562071725827275381e+00
2.102956306617600024e+00 3.945239572218613988e-01
2.158237716300511533e+00 1.139903202794963821e+00
2.179970484229289074e+00 1.037529264424560171e+00
2.195795315245389734e+00 1.699378428959163134e+00
2.206978195830101352e+00 1.205691406462489512e+00
2.227233979530709451e+00 7.428598228718578111e-01
2.227655975024471768e+00 7.353663591375335651e-01
2.230398945733929938e+00 -1.155565838087117304e-02
2.236728878140370025e+00 2.124301901893799638e+00
2.239893844343590068e+00 1.687366847385024959e+00
2.276607452300943635e+00 2.447648805314642795e-01
2.292643281063925453e+00 2.720939835625300618e-01
2.299184211217246698e+00 3.400861471519157631e-01
2.306780130104974624e+00 6.066550997009009238e-01
2.355309611887683285e+00 1.478872238777054982e+00
