7.140000000000000000e+02
7.150000000000000000e+02
7.090000000000000000e+02
6.140000000000000000e+02
7.200000000000000000e+02
6.960000000000000000e+02
7.050000000000000000e+02
8.000000000000000000e+00
2.200000000000000000e+01
2.000000000000000000e+00
4.600000000000000000e+01
1.000000000000000000e+00
1.600000000000000000e+01
6.100000000000000000e+02
6.440000000000000000e+02
7.100000000000000000e+02
6.510000000000000000e+02
6.300000000000000000e+02
6.620000000000000000e+02
5.660000000000000000e+02
6.860000000000000000e+02
7.070000000000000000e+02
6.530000000000000000e+02
6.970000000000000000e+02
6.590000000000000000e+02
5.930000000000000000e+02
6.010000000000000000e+02
6.830000000000000000e+02
7.080000000000000000e+02
6.790000000000000000e+02
6.870000000000000000e+02
5.780000000000000000e+02
6.820000000000000000e+02
6.800000000000000000e+02
5.480000000000000000e+02
6.880000000000000000e+02
7.040000000000000000e+02
5.620000000000000000e+02
6.840000000000000000e+02
0.000000000000000000e+00
4.000000000000000000e+00
6.000000000000000000e+00
7.000000000000000000e+00
1.700000000000000000e+01
4.300000000000000000e+01
7.110000000000000000e+02
7.120000000000000000e+02
6.430000000000000000e+02
6.470000000000000000e+02
7.190000000000000000e+02
6.410000000000000000e+02
1.300000000000000000e+01
2.600000000000000000e+01
9.000000000000000000e+00
3.200000000000000000e+01
4.500000000000000000e+01
1.100000000000000000e+01
2.400000000000000000e+01
5.000000000000000000e+00
1.000000000000000000e+01
3.800000000000000000e+01
2.900000000000000000e+01
4.400000000000000000e+01
5.200000000000000000e+01
6.600000000000000000e+02
2.500000000000000000e+01
1.200000000000000000e+01
3.300000000000000000e+01
1.900000000000000000e+01
3.000000000000000000e+00
6.100000000000000000e+01
6.040000000000000000e+02
6.400000000000000000e+02
6.550000000000000000e+02
6.310000000000000000e+02
6.930000000000000000e+02
6.750000000000000000e+02
6.230000000000000000e+02
6.270000000000000000e+02
6.990000000000000000e+02
5.400000000000000000e+02
6.660000000000000000e+02
6.720000000000000000e+02
6.420000000000000000e+02
6.190000000000000000e+02
6.000000000000000000e+02
6.950000000000000000e+02
7.030000000000000000e+02
7.180000000000000000e+02
7.020000000000000000e+02
6.940000000000000000e+02
6.370000000000000000e+02
7.170000000000000000e+02
6.150000000000000000e+02
4.990000000000000000e+02
7.160000000000000000e+02
6.690000000000000000e+02
6.900000000000000000e+02
5.070000000000000000e+02
6.490000000000000000e+02
5.880000000000000000e+02
7.060000000000000000e+02
6.740000000000000000e+02
6.760000000000000000e+02
6.380000000000000000e+02
