153
553
130
559
584
571
699
181
563
159
175
177
179
182
163
720
645
178
666
381
583
152
155
157
160
140
0
578
698
404
581
136
156
383
684
649
117
712
107
180
173
556
129
132
134
137
667
158
84
150
133
552
828
713
717
756
174
183
167
555
676
514
400
151
846
1003
69
144
94
705
162
755
22
71
135
574
700
509
867
1024
139
689
661
688
168
719
405
754
564
1023
866
145
116
655
127
121
708
161
1007
850
839
996
48
647
113
54
529
652
379
128
753
42
35
36
711
686
900
39
963
52
122
820
685
883
946
662
718
1012
855
165
333
358
357
106
109
111
939
876
697
530
716
577
164
169
172
34
402
142
704
677
