-1.902994063321251650e+00 -1.488674369598263603e+00
-2.050438982093695461e+00 -1.480196574267125253e+00
-2.056720267870996821e+00 -1.490337886957563418e+00
-1.693287276756258120e+00 -1.473945067981980550e+00
-1.894508817622089891e+00 -1.468635223312881655e+00
-1.786073989466570255e+00 -1.469621804869005510e+00
-1.888337729840881218e+00 -1.481111840239857980e+00
-1.888117333848695401e+00 -1.476084180385372369e+00
-2.158763612253121522e+00 -1.468816560198782373e+00
-1.821888338196798074e+00 -1.462963770167003075e+00
-1.769764686044805524e+00 -1.452191092627090896e+00
-1.803595470845358761e+00 -1.485952304085824460e+00
-1.717530835896719843e+00 -1.456043613706628159e+00
-1.833899919770935583e+00 -1.471089840591840003e+00
-1.630254022991058038e+00 -1.448847782567883158e+00
-1.628821449041848890e+00 -1.461192953925804616e+00
-1.977377710684031342e+00 -1.445299107301732056e+00
-1.882717632040138200e+00 -1.456509443546355254e+00
-1.647995900362032140e+00 -1.430934077399782511e+00
-1.724693705642765362e+00 -1.430391368769329263e+00
-1.627939865073104730e+00 -1.433657681671697492e+00
-1.639069862678498524e+00 -1.406506270723710150e+00
-2.085592142847365160e+00 -1.417513727449773775e+00
-1.668162133647052459e+00 -1.434120493175529809e+00
-1.821998536192890761e+00 -1.403914644668361245e+00
-1.744749740931692772e+00 -1.388108625700514853e+00
-1.852082589126282208e+00 -1.387835199978301848e+00
-1.670255895572819727e+00 -1.446501825381129036e+00
-1.706511036287419181e+00 -1.407818359091992377e+00
-1.778580525732246009e+00 -1.380558643150141540e+00
-1.516750087015260373e+00 -1.377875283356820857e+00
-1.655379166100263699e+00 -1.403621688537418644e+00
-1.853955955059863214e+00 -1.367787531332746775e+00
-1.749708650755878114e+00 -1.375139250642987143e+00
-1.344400421125796719e+00 -1.367981059928339294e+00
-1.700339948506210730e+00 -1.363874347620034788e+00
-1.604026899920922178e+00 -1.377713713611876667e+00
-1.578681360819530477e+00 -1.368173404862796483e+00
-1.803264876857079813e+00 -1.413530115899521933e+00
-1.535704142343257583e+00 -1.409896276214698485e+00
-1.555649979636091862e+00 -1.346256735284884654e+00
-1.670476291565005766e+00 -1.351963165617305895e+00
-1.450300695371176563e+00 -1.332533368084284797e+00
-1.892635451688508885e+00 -1.366812786387974432e+00
-1.799628342986010265e+00 -1.341296011467590032e+00
-1.859906646848885403e+00 -1.317024448061353770e+00
-2.106529762105036063e+00 -1.348954299011826841e+00
-1.680394111213376451e+00 -1.341955902550420188e+00
-1.726236477588067419e+00 -1.330949037654924227e+00
-1.666619361701750401e+00 -1.305744749274212246e+00
-1.369415366238909249e+00 -1.293249430501300923e+00
-1.641604416588637649e+00 -1.297070880476040911e+00
-1.808884974657822831e+00 -1.324138251483434781e+00
-1.543197606077582051e+00 -1.302539394920302795e+00
-1.625184915170779787e+00 -1.286891394713995052e+00
-1.520386620886329476e+00 -1.280133873293585856e+00
-1.705078462338210032e+00 -1.274776031165457901e+00
-1.508375039312191745e+00 -1.339761394805904837e+00
-1.322691415895474121e+00 -1.252537405758792799e+00
-1.734391129298950007e+00 -1.253975554037965567e+00
-1.404899120980857674e+00 -1.335593132118574111e+00
-1.770646270013549683e+00 -1.218840940564150710e+00
-1.443468419613410214e+00 -1.246675323987103123e+00
-1.200812432216607828e+00 -1.216774268222228228e+00
-1.493388111843542587e+00 -1.213760666972208746e+00
-1.527769886624561035e+00 -1.280081200373072825e+00
-1.397846449230905286e+00 -1.326454084494300023e+00
-1.440272677726712969e+00 -1.272450728865511360e+00
-1.628270459061383679e+00 -1.178921968782174146e+00
-1.566779977241485655e+00 -1.154459835933183243e+00
-1.294480728895664123e+00 -1.157303581810313009e+00
-1.447545745468851619e+00 -1.250007921913038000e+00
-1.297345876794082198e+00 -1.126091621338290993e+00
-1.405670506953508703e+00 -1.294871638086984911e+00
-1.622980955248919388e+00 -1.186458931060061062e+00
-1.445892775527456431e+00 -1.174480280372630192e+00
-1.457463565117222304e+00 -1.134616348833436872e+00
-1.480054154316288839e+00 -1.111542058665376143e+00
-1.184392930798749743e+00 -1.149141646453081922e+00
-1.595211060233481692e+00 -1.062454447730747598e+00
-1.306051518485429996e+00 -1.129714808072898258e+00
-1.546393347964279297e+00 -9.926320528616259242e-01
-1.360819922543654581e+00 -1.068412997884949700e+00
-1.444680597570433545e+00 -1.125093203170816070e+00
-1.425726542242436112e+00 -1.062508304312395513e+00
-1.441815449672015026e+00 -1.011148063998333457e+00
-1.363023882465514758e+00 -1.087291801159572024e+00
-1.353436656805423244e+00 -1.158454692264218711e+00
-1.204779560075956102e+00 -1.185512593982531282e+00
-1.273212515649713827e+00 -9.746226486907506592e-01
-1.523361966780840682e+00 -1.374140240644944555e+00
-1.180756396927680418e+00 -1.051628682988925201e+00
-1.355640616727283199e+00 -1.093052679904208846e+00
-1.312002210274452407e+00 -1.043683357619421548e+00
-1.139432148392802713e+00 -1.035949315762536793e+00
-1.145713434170104073e+00 -1.047507766746999192e+00
-1.403576745027741435e+00 -1.059884127575830837e+00
-1.052045137491047777e+00 -1.030008520525361293e+00
-1.290844195024595020e+00 -1.152744119117824484e+00
-1.186156098736237618e+00 -1.016195195078491986e+00
-1.147917394091964249e+00 -9.799290015595009118e-01
-1.186045900740144710e+00 -1.000501032087914632e+00
-1.063726125076906559e+00 -9.474138301777099702e-01
-1.311561418290080328e+00 -1.053748620081928156e+00
-1.325666761789985326e+00 -9.558722726492890898e-01
-1.236185988962463123e+00 -9.164208470156856023e-01
-1.032870686170864527e+00 -8.660394944603690970e-01
-1.335364185446169971e+00 -1.323163506538661993e+00
-9.825102019563599631e-01 -9.290013893903258380e-01
-9.794246580657559598e-01 -9.112660027722309097e-01
-1.155631253818474757e+00 -9.432106494868931490e-01
-1.145933830162290112e+00 -9.168866176723559080e-01
-1.070778796826858947e+00 -8.072884740186077046e-01
-7.927492526842011555e-01 -7.894151908782712779e-01
-1.173813923173821161e+00 -8.863037730936512704e-01
-1.085435130307229157e+00 -1.094077138616656564e+00
-1.041466129866118973e+00 -9.060117309934262453e-01
-1.076288696631509278e+00 -7.649785067436855046e-01
-9.777716881243607716e-01 -8.114016964631552975e-01
-1.301313004653430694e+00 -8.703657759092385815e-01
-8.438811228713566370e-01 -7.095890839256694393e-01
-1.254699252306088475e+00 -8.416856666052418001e-01
-9.250970459919030109e-01 -8.583220238593761708e-01
-8.221721176410341503e-01 -8.778524325888829027e-01
-8.225027116293132101e-01 -9.632553589796101212e-01
-1.021299896581098654e+00 -8.050691093902546669e-01
-1.667611143666587470e+00 -8.390934487193255631e-01
-9.360066476051107642e-01 -7.980263256362808422e-01
-7.731340093796458257e-01 -7.906698716815000472e-01
-1.115959975224992018e+00 -1.035551605621135796e+00
-1.154419075861451649e+00 -7.555151359683881518e-01
-8.640473561563769556e-01 -8.480182536781424307e-01
-8.222823156371271702e-01 -7.554677895229833240e-01
-1.096565127912622728e+00 -8.371818359861041836e-01
-1.115078391256247858e+00 -6.347994551030100574e-01
-9.269704119254843500e-01 -7.494488726508898857e-01
-1.134252842576431330e+00 -7.214730417222904313e-01
-6.844246225247747617e-01 -7.840472876304948047e-01
-1.117392549174201166e+00 -7.011199885038743584e-01
-9.163914043005555454e-01 -1.064198572413349142e+00
-1.084222952350205826e+00 -7.346294352391671278e-01
-7.763297512663430711e-01 -8.059746101586227063e-01
-1.107584927521923390e+00 -6.593130772113786620e-01
-5.694881125997680593e-01 -6.856732106905371049e-01
-6.511448277046866240e-01 -5.802563499966059135e-01
-1.009067919014774883e+00 -8.277243835164824759e-01
-9.243256600192522043e-01 -6.488968592223085530e-01
-8.814586395390722195e-01 -6.295203264403675947e-01
-9.074653666170218180e-01 -7.007708084690132955e-01
-9.484590211636205748e-01 -6.378947289713530200e-01
-1.107033937541458402e+00 -1.223524095845259341e+00
-9.049308127068826924e-01 -5.524699048496259923e-01
-6.110327571268319158e-01 -7.504845761441213403e-01
-7.382012446181624998e-01 -6.431501844112930133e-01
-8.585374563517266244e-01 -6.449493493366779129e-01
-8.427791429104265486e-01 -6.430081450750784189e-01
-1.091055228107972397e+00 -9.654676216411524070e-01
-5.384122777015399874e-01 -5.524994963780039958e-01
-8.223925136332200792e-01 -6.362198484651560015e-01
-6.642583892397544432e-01 -6.631007928437679944e-01
-6.698784870404977942e-01 -6.110374578154436076e-01
-6.491612637750123760e-01 -6.746651621339061489e-01
-6.599606673921272204e-01 -6.437183417561513910e-01
-6.749475948607761566e-01 -5.939690642469898085e-01
-7.886719268287598616e-01 -5.961588373469648428e-01
-4.271123016476024437e-01 -4.420639124711571166e-01
-8.458646868010307740e-01 -1.008288338695879638e+00
-5.899849398730674377e-01 -4.038494127237557962e-01
-1.419004464480762673e+00 -1.278295647550741876e+00
-7.448131243837429194e-01 -5.759359868534120741e-01
-9.328109057184136299e-01 -8.241911550281443288e-01
-7.666323276101584261e-01 -5.967329129974988655e-01
-8.176539998012208876e-01 -5.405681921359781761e-01
-8.769405216992588459e-01 -5.595067702979239499e-01
-1.054138899416814823e+00 -1.267201783561814565e+00
-7.249774850870015497e-01 -5.236359195980634373e-01
-6.683357150951957371e-01 -3.889116091985209689e-01
-8.694470579649343778e-01 -5.153502916522121335e-01
-7.433805504345337711e-01 -4.894221944873730634e-01
-7.110925375792825909e-01 -4.200418970522194484e-01
-1.053808305428535874e+00 -4.719750293556804199e-01
-5.374204957367029190e-01 -4.879662912911734152e-01
-6.925792742356573495e-01 -4.354117368917736486e-01
-6.286644365017129976e-01 -3.886571220544697836e-01
-9.631153546439906732e-01 -5.254705943575019855e-01
-1.211060845853257462e+00 -1.211805258776987859e+00
-8.061934082075481456e-01 -3.388841713226057872e-01
-8.158908318637327906e-01 -8.415673004917297861e-01
-2.302986806254909424e-01 -3.749148162757077740e-01
-8.414567669573104203e-01 -4.435849170297884170e-01
-7.146188734542588961e-01 -2.972074627549736725e-01
-6.287746344978060176e-01 -5.025963429212766398e-01
-6.343947322985494797e-01 -6.619763147654024182e-01
-4.648000163114108796e-01 -4.093238454736933263e-01
-5.853566240371611551e-01 -3.138674932318104016e-01
-4.588493245223884132e-01 -2.719067059917490981e-01
-7.009543219387259771e-01 -2.321652833800409432e-01
-4.074970583430470028e-01 -3.344158505375217083e-01
-8.329455383741901642e-02 -2.881169452372396300e-01
-3.706909276479825599e-01 -7.528104702746353238e-01
-6.523570056617096213e-01 -5.292879015182690994e-01
-5.697085085919539882e-01 -3.101212057391505850e-01
-3.557040001793334572e-01 -3.589176360345393002e-01
-6.590790834233831719e-01 -7.873378655861328346e-01
-3.391743007653824638e-01 -3.446249278279456263e-01
-5.216621822954027321e-01 -2.475883879706755608e-01
-3.918489428978400024e-01 -2.463988085298783881e-01
-5.676147466661868313e-01 -3.414941441255489596e-01
-5.947234537050667402e-01 -2.201096947188272424e-01
-8.867481433515365108e-01 -1.253232806675676825e+00
-5.310290119633084283e-01 -2.855957470194306902e-01
9.346303189576488091e-02 -9.770953168020197754e-01
-2.136587832154468458e-01 -3.232480077276492780e-01
-5.027081269674055219e-01 -1.456218994856237903e-01
-3.150409396210137047e-01 -3.404702772436687952e-01
-4.718526880613633234e-01 -2.113328474019004199e-01
-7.501026281962072106e-01 -1.184613603350406441e+00
-1.939333419147984683e-01 -2.294724542976391835e-01
-5.003939690494523251e-01 -1.566003565138769094e-01
-5.866789999902770614e-01 -9.200796837029018294e-02
-8.214007316683831217e-01 -4.358496915117687220e-01
-5.359879217874937707e-01 -6.152453731508008561e-01
-1.033311478155236385e+00 -6.536196671514438172e-01
-1.666042388837326860e-01 -5.662241873582953694e-02
-3.341051929451039904e-01 -9.293122405568507438e-02
-2.595011495901379805e-01 1.377169847341132292e-01
-6.399046321031998108e-01 -3.482883590411470220e-01
-2.257805627856777908e-01 -5.107872779763181770e-01
-4.974186231549411752e-01 -7.257831095582454456e-03
-4.365893293116009377e-01 -1.015192634097044078e+00
-2.557544177229756355e-01 -1.882928834067581492e-01
-6.487204717906404072e-01 -2.864006365913133179e-01
-6.211709727673885295e-01 2.423644656902154693e-01
-9.023702759127855133e-02 -5.242336684712998185e-01
-1.596617651298731511e-01 -7.469100596346099630e-02
-8.285636014144285300e-01 -2.748421856068507529e-01
-3.810495392807252135e-01 6.115778251444718011e-02
-4.076072563391399672e-01 3.747272320066356854e-02
-8.007937063989907234e-01 -4.631745088160512114e-01
-6.653603692006845316e-01 -5.117342068844156211e-01
-1.128963338763967039e+00 -1.188317870872769522e+00
-4.121253741789533409e-01 -4.793669931445148635e-01
-2.121160112701448164e-01 2.456489852216210343e-02
-4.887129814635935432e-01 -6.292007379338847572e-01
-9.065837826482778805e-01 -1.201090758181867058e+00
-4.719628860574565099e-01 4.547369465537357547e-01
-2.980704482226905760e-01 -6.754169270732644781e-02
-1.615351310634544069e-01 -5.323476655525584134e-01
-5.805921273212039102e-02 2.570713151755470161e-02
-1.312306821378773081e-01 2.789159215427709504e-01
-3.304686590740348318e-01 -7.059907540748996402e-01
1.224451048682258375e-01 -4.875699049294634352e-02
-3.250689572654775206e-01 1.777602409352776469e-01
2.216492842358902191e-02 -4.176155318437749231e-02
2.414849235326323174e-02 3.472013324279371038e-01
-9.730331742923613580e-01 -1.137334034799676097e+00
-2.980704482226905760e-01 3.871262225155890913e-01
3.655418842494002618e-01 7.622578876454531860e-02
1.478166268535769864e-02 1.196010510610770183e-01
1.448152980751064856e-01 -4.937841258888513163e-02
-9.021104470732035224e-03 1.793404285506649820e-01
-2.280947207036308488e-01 -1.151899717016470620e-01
-4.537802167021101618e-01 -5.263362082902595107e-03
-4.319610134756946551e-01 -1.285949340568994514e-01
-7.767705432507150398e-01 -8.252150219100246042e-01
-7.150596654386309758e-01 -1.098740171658468379e+00
-8.288941954027075898e-01 -8.510543444897294973e-01
-2.792265908907863303e-01 4.989526082562037446e-01
1.015334684945120962e-02 1.603900137773679180e-01
1.670752932858939888e-01 3.364300160983303978e-01
-1.615351310634544069e-01 2.038658872703849045e-01
5.654670320460748051e-02 1.557263889049886607e-01
-5.239763402133559289e-01 -4.349086809093469230e-01
-3.185672754959899544e-01 1.962904560056064063e-01
-3.053435159648291153e-01 3.255403336552113447e-01
-1.300185041808541164e-01 -4.314287171720894154e-01
-2.155321491490279073e-01 -1.474269827166843072e-01
-3.494227144020321529e-01 -4.691579158540909456e-01
4.544716670964575322e-01 2.621079334240438152e-01
8.156164831772021173e-02 4.426399297527929266e-01
-1.289165242199240835e-01 3.948555297279331411e-01
-1.508199425584741578e-02 3.059566601746243619e-01
9.798114973557822682e-02 -1.840494582373470578e-01
1.200207489541798428e-01 4.403495454563325917e-01
4.673908155232977396e-02 2.627707836597120150e-01
1.317017365400386109e-01 2.227156908471963348e-01
-1.497179625975446869e-02 5.321128749566359506e-01
-5.457955434397714356e-01 -9.806681979383842229e-01
-6.235693457974764847e-02 2.369906441367632399e-01
3.104428862028965619e-01 3.128455679810321355e-01
-1.515071134189906188e-01 -3.315513905905273506e-01
-1.700203767626159990e-01 3.384718315564150259e-01
3.424003050698690154e-01 3.774616293473211925e-01
-6.114475662272445683e-02 -1.595417544346540428e-01
5.875066312646758798e-02 4.083966131137245492e-01
-3.235261853201752968e-01 3.865639834764061922e-01
-2.200502669888412532e-01 1.786479867866187232e-01
-8.252316786476800170e-02 4.160904104920151170e-01
-7.072356077160273369e-01 -1.166677586169908576e+00
-2.170749210943301311e-01 4.401956695087667071e-01
2.715429935820651286e-01 1.589459471925193657e-01
-2.601623375666960447e-01 -6.466893312053068055e-01
1.296079746142714539e-01 4.737879725235181194e-01
6.878710228214471867e-01 4.218489219143818358e-01
-2.891444105391570152e-01 3.167516497269332598e-01
1.433827241258973928e-01 4.463507074113992057e-01
1.564962856609652675e-01 -1.861149469181344052e-01
2.526991362501607163e-01 6.217929608591252766e-01
7.278728954032088749e-01 2.511353947014665078e-01
-9.023702759127855133e-02 1.156712960924729805e-01
7.550918004381816928e-01 4.552753722516611479e-02
-2.089202693834475988e-01 -7.997426342822073764e-01
3.407473351284738272e-01 6.381689126635328169e-01
5.115542290726354802e-01 2.622381361489074525e-01
2.294473590745361169e-01 3.041811684719418762e-01
-3.744376595151446829e-01 -1.075991388302566021e+00
1.428317341454322653e-01 5.619174623389981971e-01
-4.588493245223884132e-01 6.633986497586500386e-01
4.771724542916170320e-01 4.255360263502856455e-01
-1.565762212392690922e-01 -4.299846505872410574e-01
-7.174840213526769706e-01 3.479352023317122677e-01
1.952859802857039306e-01 7.776101126865347934e-01
-5.218825782875887720e-01 -4.503495404170084759e-01
1.404073782313860763e-01 3.016361569128750766e-02
-5.337839618656337048e-01 -1.881863539045972034e-01
-8.847385965379042649e-02 -1.551740448460552646e-01
-8.598598323048427527e-01 -1.117081592777745325e+00
-5.351063378187496111e-01 -3.416776116014928477e-01
-6.522208247816582705e-02 3.222615923109246050e-01
1.775700857986881737e-02 5.180685954698616841e-02
3.466980269174960716e-01 -1.026135721409798807e-01
-7.124149135323987192e-01 -1.136365799991146730e+00
3.217932798004764505e-01 9.954391312644116085e-02
7.510144745827405099e-01 6.858586197975827803e-01
6.000432199353201712e-01 5.856025216527818156e-01
9.304168122221566639e-01 7.764678796911425041e-01
7.398396947126178493e-03 1.414276222741646036e-02
6.941523085987488795e-01 6.787329797641505902e-01
3.935581581409824947e-02 -1.258902683631464292e-01
6.491915261928017378e-01 9.296928136326357839e-01
4.868698779478017880e-01 5.950540558167277672e-01
3.924561781800530585e-02 -2.979473910829799621e-02
5.473685778028628546e-01 8.796831306737474820e-01
-1.392751358526669037e-01 4.053248723495292416e-02
-7.485598562509051535e-01 -1.038489452558507553e+00
2.857585350780628142e-01 2.024099840741851175e-01
8.088684225315693199e-01 4.428411521457635280e-01
1.178167890323195410e-01 1.090907460236200111e+00
5.519968936387689151e-01 5.291714770358585396e-01
1.888497142475726578e-03 -3.746603291316567552e-01
6.671537995559618794e-01 9.609237126828195086e-01
3.204709038473603222e-01 7.084251193386763568e-01
-5.409208487277197136e-02 -7.269178829438498468e-01
9.842194171995020946e-02 1.118392071793724130e+00
8.324507936954731457e-01 1.307937647666423953e+00
5.881418363572753494e-01 -3.338240199699609723e-01
4.803681961783142218e-01 2.889709827670738571e-02
1.800786568248688990e-01 4.849617336390663613e-01
7.859472393442239468e-01 1.224436272889269706e+00
-4.350465573662988805e-01 -3.778443775851338393e-01
-2.635784754455793299e-01 4.826772676482815050e-01
6.440122203764302444e-01 9.508685113399616418e-01
7.972976329418038910e-01 1.032600312720109326e+00
7.756988257075742021e-01 9.845199974114691166e-01
7.862778333325030067e-01 1.202704254448436760e+00
7.902449611918513916e-01 1.392516154076539170e+00
1.096621373214370088e-01 2.051619962133430508e-01
7.993913948675708259e-01 9.627465508309070996e-01
2.603027979805783154e-01 2.120094758800215029e-01
6.061041097204356021e-01 7.610625300175346553e-01
-8.274356385695408322e-02 -1.464978087256137707e-01
8.332481625520833657e-02 -1.018138766662361583e+00
1.877925165513792682e-01 -2.733270993538950422e-01
9.511600183716005519e-02 5.324500782615890215e-02
-2.678761972932066082e-01 -6.373561631548728679e-01
4.197592983271600242e-01 1.220761005064716853e+00
7.295258653446040631e-01 1.129400120350355197e+00
-2.564156056995336996e-01 -9.842298342939652667e-01
6.324414307866644824e-01 2.253907650125715201e-01
5.371201641662131099e-01 1.151860090389287494e+00
9.701982888117325343e-01 4.512688194278296483e-01
-4.860682295573612866e-01 -1.024840656009420314e+00
6.655008296145668023e-01 1.138088193082147592e+00
1.036537482459723103e+00 1.036583332439793503e+00
-1.288063262238311191e-01 -1.043206934012534948e+00
-2.376819463637224739e-01 -5.063840585536657501e-01
3.291765455387080097e-01 1.176290856218197955e+00
1.066511337397020975e+00 9.937821457937957570e-01
3.286255555582430765e-01 1.073501583125679865e-01
-8.362514782569804850e-02 3.293813140386809835e-01
-4.309692315108575311e-01 -1.079195558995340143e+00
7.864982293246888245e-01 1.750555892533801394e+00
1.659733133249639281e-01 6.608774515408409878e-01
-7.699382674929485804e-01 -1.131286710060339873e+00
-2.945441123477143264e-01 -7.728794448206223189e-01
1.095519393253440582e-01 8.617565827823306934e-01
4.759602763345940346e-01 8.821747373631785294e-01
8.830970896335265177e-03 1.189086092970307595e-01
8.300264377814267069e-01 1.526021293506906407e+00
6.314496488218273029e-01 1.079923084902271402e+00
1.186847549130585211e+00 7.146748501321183999e-01
1.087008164670320243e+00 1.202337319496548984e+00
5.771220367479747981e-01 1.542793771791580060e+00
6.783939951574486926e-01 1.361273418415004155e+00
1.081167670877390741e+00 1.401435040729680503e+00
7.161919078173503150e-01 1.430967245932409371e-01
1.390007871661353908e-02 1.506899107750462041e-01
-2.344862044770252563e-01 -7.921316931833753960e-01
1.053644154738097444e-01 -8.274166316213507066e-01
-2.189482870279111926e-01 -7.979020412170934051e-01
1.268530247119462329e-01 -7.071329870702920406e-01
9.006633532770447204e-01 1.417242835189229666e+00
-2.772430269611121378e-01 6.035586610725767187e-01
5.987208439822040429e-01 9.174419208841271267e-01
9.192025995046285147e-02 -2.954025196424681088e-02
-2.964174782812953879e-01 -1.049335479658182191e-01
1.976001382036569887e-01 4.610754519323121414e-01
1.005461647561494809e+00 3.334767815662018076e-01
-5.673943506740009024e-01 2.095533790246440209e-01
2.998638785779678129e-01 2.951735072336664212e-01
-5.993517695409730228e-01 -7.684998986206723615e-01
6.567951879232191148e-01 1.497270164534802106e+00
-9.057021986795339430e-01 -9.924610138276011018e-01
1.114337267701386303e+00 1.485403961655207938e+00
8.253981219455206464e-01 1.474638563631277099e+00
3.212422898200115728e-01 1.763516841844829375e-01
1.168224087790866950e+00 1.780561702309134686e+00
1.137699242873103866e+00 1.759326821545053043e+00
1.004249469604471923e+00 1.101868162347426017e+00
1.022101544971538933e+00 1.670025507205802340e+00
-8.296395984913998434e-02 4.300102654410451475e-01
1.492206196304308730e+00 1.569266353078574872e+00
9.659005669641049785e-01 1.891405649307598802e+00
1.161612208025286197e+00 1.566964132170763246e+00
8.487600971172382103e-01 1.942113692336208786e+00
1.269936838184712702e+00 1.770826089472759435e+00
5.710611469628594783e-01 3.267003215676306804e-01
6.435714283920580536e-01 1.337617950629598429e+00
-1.763016625399172477e-01 -7.590424461510505427e-01
1.064307377475160798e+00 1.729409786354853873e+00
3.123162521364776234e-01 8.702848612608817813e-01
3.090103122536876357e-01 -1.278610641531239267e-01
9.165318647144375941e-01 1.228005011211661390e+00
1.739380301540924600e+00 1.688502457525051126e+00
9.462853236595496487e-01 1.602438456390358201e+00
-3.919591408939329669e-01 -9.128491495404561507e-01
-2.299026709058585739e-03 1.299480388855980273e+00
3.730353479837249520e-01 6.899836788534816634e-01
3.260910016481035623e-01 -8.553687893272478027e-01
1.636675769182241558e+00 1.987968724710819757e+00
1.062323813545486662e+00 2.738261786617479099e-01
1.027060454795724054e+00 1.024137135603989668e+00
1.408786313261902290e+00 1.464038878166262991e+00
5.654410491621157941e-01 1.579469512063323533e+00
1.221008927919417397e+00 1.504555598821476048e+00
5.053831412914269183e-01 2.726661907493289072e-01
7.592793242897160066e-01 7.134083327175382294e-01
1.563860876648723308e-01 -2.454222880934029405e-01
1.379830223173398873e-01 -9.027507445661661079e-01
1.622350029690150741e+00 2.135790245570483581e+00
1.104199052060829800e+00 8.786415088748406044e-01
-7.665221296140654061e-01 -1.105152655857989608e+00
1.187508737107142887e+00 1.410549231470117126e+00
-7.066846177355623482e-01 -1.015937748781603034e+00
2.071873638637486137e-01 -2.771562431260134463e-01
1.179794877380632823e+00 9.431213090920352593e-02
1.763319249577065817e-01 -5.523692936531406916e-01
3.549888595084297466e-02 -8.086141744899438821e-01
1.659733133249639281e-01 -7.667480801406924007e-01
5.643390692011859278e-01 8.194111056733546228e-01
9.379362588404391299e-02 -6.597214403029957319e-01
1.640999473913826723e-01 -2.266730957130764779e-01
6.678149875325199991e-01 9.219516698089403883e-01
6.079774756540170522e-01 -1.033533603504308840e-01
5.294063044397026019e-01 1.468282303335673999e+00
6.248377690562469944e-01 1.317957339175228393e+00
4.217428622568342722e-01 1.513799992286775531e+00
4.848863140181275955e-01 8.977279045601214980e-02
-4.855172395768963534e-01 -7.718082314933372157e-01
1.190484083001654314e+00 1.927264663396107913e+00
1.358536027043490968e+00 8.986690552810984167e-01
7.245669555204189427e-01 2.666117640431817093e-01
-2.409224705151531958e-03 -3.490163106392469294e-01
8.457847512227268938e-01 2.083874868184048879e+00
1.165358939892448875e+00 1.701706197487332872e+00
6.326618267788503003e-01 -7.031618039619591531e-01
1.651772894646983625e+00 1.457735882621740586e+00
4.957959156313353488e-01 4.903178002754915443e-01
3.107734801911755662e-01 3.691700830957942436e-01
-5.701493005763261790e-01 -9.727660762003124129e-01
7.983996129027337574e-01 1.343559929527909258e+00
1.369666024648884539e+00 1.790178949031997702e+00
1.466860657202917029e+00 2.310078429411465795e+00
7.524470485319497692e-01 -6.148251734478327180e-01
2.704410136211348736e-01 -4.155854128784866042e-01
6.811489450597737472e-01 6.674466307222097494e-02
6.571257819114981746e-01 2.691803087063954214e-01
9.856260082647535503e-01 9.771102787056077377e-01
2.480708204142544338e-01 -3.028061799240989171e-01
1.961319065672241901e+00 2.300508529134007496e+00
1.640642897041589832e+00 2.503802329091144863e+00
1.980409301880289574e-01 -6.379716669451359623e-01
2.812404172382496625e-01 -8.472607105516646309e-01
1.156322704212822128e+00 6.860006591337973747e-01
1.050642825959627880e+00 2.348263337630489112e+00
1.504107579882353551e+00 2.518840743812865046e+00
1.083261432803158231e+00 2.211307825991242648e+00
1.884951854379787184e+00 1.979996766965775645e+00
4.773086351716687714e-02 6.385061159684876642e-02
2.252598352230019974e-01 -3.509634332065219020e-01
4.506147372332022782e-01 -5.956261898361601137e-01
3.958463331749775826e-01 -7.444774958833790812e-01
1.594800530666898863e+00 1.462553383441685284e+00
-1.937129459226125672e-01 -1.083837286136719591e+00
7.988404048871059482e-01 1.772453483414994646e-01
-3.153715336092927646e-01 -9.291742039160534317e-01
-3.039951571277538234e-02 -6.647697550442893677e-01
1.626868147529964004e+00 2.078501046630596871e+00
1.664141053093359246e-01 -3.943505321144048503e-01
1.006784023514611048e+00 2.460663799021637566e+00
2.535807202189048759e-01 -5.844169188865583342e-01
1.927514263755645829e-01 5.363326269033446003e-01
1.750069507161946092e+00 2.467493523771289166e+00
6.595501378255445024e-01 8.044318740083908903e-01
-7.984795484810375266e-01 -9.148140270247580030e-01
8.237451520041254582e-01 6.570246345460201143e-01
1.136487064916080758e+00 -5.757466010717925409e-01
1.649458736729030317e+00 8.007861977122160413e-01
7.466065547390203783e-01 3.016777251711596497e-01
5.409770940294684749e-01 5.991731965669512272e-01
6.112834155368069844e-01 -5.038628603358568103e-01
5.548620415371871006e-01 -5.960286346221015386e-01
3.621257463705171986e-01 4.648809224817279651e-01
1.209438138329651746e+00 2.652724654806470905e+00
5.634574852324419902e-01 -4.927778738054429120e-01
-2.939931223672493932e-01 -7.712874205938837768e-01
8.588983127577947130e-01 -6.851229483812609766e-02
1.510168469667468871e+00 1.126044441032285404e+00
2.908276428983415096e-01 4.223638145081596851e-01
6.917279526847024407e-01 1.337067548201767098e+00
1.940491644410663463e+00 2.662815365983382865e+00
3.995930650421397057e-01 5.163820184708695082e-01
1.490994018347285621e+00 1.472484300365355603e+00
7.792511444665083109e-02 -1.234400898134447588e-01
7.418680409070210757e-01 -2.541517889649247963e-01
1.374294340484790711e+00 1.288738664054751570e+00
1.162934583978402436e+00 2.738066622648740012e+00
8.237451520041254582e-01 1.318785901969813823e+00
2.054215976378646946e+00 1.767446736931987061e+00
5.940925281462979823e-01 -9.299632541811674036e-02
6.085284656344819298e-01 -2.274306388395543888e-01
7.234649755594886322e-01 1.192572115131795618e+00
-5.014959490103824136e-01 -7.844260591937336491e-01
4.773928502838029053e-01 -8.189416178938799806e-01
7.059434941807005703e-01 -3.563550096770008446e-01
8.985695913512773414e-01 6.926054882677759039e-01
1.515898765464305242e+00 8.809614846996789428e-01
1.362503154902839020e+00 1.568952682877767568e+00
1.037198670436281001e+00 2.268709472738965172e+00
1.243709715114577063e+00 1.550990625152297353e+00
5.901254002869494864e-01 -4.823439008993458121e-01
4.552430530691083388e-01 -9.677812274483037214e-02
1.974432627207309832e+00 1.265621762085826330e+00
-2.822019367852974803e-01 -1.040032946678706383e+00
3.444940669956359502e-01 -1.516940811087977570e-01
1.004249469604471923e+00 2.116786566046105822e+00
2.158353082686538915e+00 2.550598372068177966e+00
-1.630779030087564363e-01 -8.264341928791997249e-01
9.900339281084737930e-01 5.253600881807669598e-01
7.448433868015320591e-01 9.370729408101191593e-01
5.837339165135551067e-01 2.690619425928833519e-01
1.449669769812407916e+00 -2.410724735403872027e-02
7.205998276610704467e-01 4.075443770964369272e-01
1.241285359200531069e+00 -3.346644193758973040e-01
7.710705098716676975e-01 1.536970159006781467e+00
-6.769311587904502936e-01 -6.010710310577196402e-01
7.370193290789287532e-01 5.294909254237876312e-02
1.238420211302112772e+00 9.352856124960853279e-01
1.955037779894940320e+00 2.893931120921554800e+00
1.001274123709960495e+00 -4.026657515886342131e-01
1.432699278414084842e+00 9.055934729215596724e-01
-6.687505241956100133e-02 2.742227051420136896e-01
-4.271123016476024437e-01 -9.518703143514428699e-01
1.160510228064356442e+00 2.162339764831261224e+00
1.360629788969257792e+00 2.045849754218267424e+00
7.309584392938133224e-01 8.626857567734009802e-01
8.298060417892408891e-01 -2.432088417707255201e-01
6.000432199353201712e-01 5.029533828929146910e-01
1.562292121819461865e+00 4.092725223537146406e-01
5.627962972558839816e-01 3.904582286109563594e-01
1.214533229033889355e-01 -5.297674243965487528e-02
1.282168815751036695e+00 5.961548606723910959e-01
1.362723550895024838e+00 1.553405293867945458e+00
1.954266393922289291e+00 1.172420284306350258e+00
-1.970188858054027214e-01 -4.911976861900555491e-01
1.504353958758498921e-01 3.937014601211896170e-01
1.063315595510323730e+00 1.777720775466285763e-01
1.178141907439237634e+00 8.524825977886527628e-01
3.089001142575945047e-01 1.820983589954980608e-01
1.295502773278290443e+00 2.333260432742822577e+00
1.575405683354529573e+00 2.169163571275237512e+00
1.903024325739040457e+00 5.747483490437166331e-01
8.097500065003137015e-01 -9.885544803696880156e-02
9.971967978545194233e-01 1.320827577309343359e-01
1.656731804471169189e+00 8.329285158364437835e-01
3.688478241321906381e-01 4.059641894810495644e-01
7.608220962350180638e-01 -3.207386461211914064e-01
7.902709440758087789e-02 4.034901975900904297e-02
1.171640225669750013e+00 7.387386810091409739e-01
8.141579263440338332e-01 8.090777439637429902e-01
2.038347464941253850e+00 1.607463097908949035e+00
1.177921511447051373e+00 -2.322718128822018890e-01
1.292417229387686328e+00 5.885498378792346497e-01
3.728149519915390231e-01 3.061697191789459205e-01
2.333347500482235048e+00 1.185618105962956026e+00
1.454518481640500349e+00 1.631349379615703699e+00
9.947724419404730956e-01 1.407400692850693469e+00
9.173032506870888447e-01 3.448989714015698177e-02
7.485901186686945152e-01 1.166715037635064123e+00
1.527910347038443195e+00 1.758835602173977053e+00
7.612628882193902546e-01 -5.049222370517906233e-01
-2.677659992971134773e-01 -9.093555737001447481e-01
6.024675758493666100e-01 2.178230415570268530e+00
1.557002618006997130e+00 2.195659825784934682e+00
1.122271523420082628e+00 1.647376151385250287e+00
5.819967314600265479e-02 7.640333793481339508e-02
4.431472563828357802e-02 -4.203023025019462788e-01
1.528461337018908184e+00 -3.007289947505156075e-02
9.937806599756359160e-01 1.268586833229305988e+00
-1.789464144461495321e-01 3.741177866406026342e-01
1.910738185465551187e+00 2.724211869062141300e+00
1.518984309354909801e+00 4.805407592993870547e-01
7.164123038095361329e-01 4.421664652987443711e-01
9.204989925737860901e-01 1.953281535146080827e+00
5.495725377247229204e-01 -3.737370734462618915e-01
-2.211522469497713139e-01 -2.776474624970888816e-01
5.918885682244378055e-01 -1.280208584063654287e-01
1.355670879145072671e+00 6.890722597794379789e-01
1.188059727087608319e+00 8.890340536412082439e-01
1.115990237642781491e+00 7.785452049832809474e-01
1.489781840390262735e+00 1.510823084531944804e+00
1.501793421964400244e+00 1.921121321986269948e-01
1.385534536086277413e+00 8.444928851265817160e-01
1.510168469667468871e+00 5.016987020896859217e-01
1.868642550958022452e+00 6.286877869712085287e-01
1.944043963169597711e-01 -3.345225201582376073e-02
5.634574852324419902e-01 -3.280240804078649042e-01
1.490112434378541684e+00 2.209088461362889610e+00
9.199480025933211014e-01 2.028846462012245055e+00
1.201503882610955198e+00 9.081324260563956585e-01
8.745464282030017689e-01 1.190861724791544951e+00
1.819273848708355068e+00 1.361539742170406520e+00
9.210499825542509678e-01 6.226511151820883772e-01
1.700370210923999759e+00 2.145537695018209678e+00
1.032570354600374607e+00 3.737686066057416268e-01
1.389060871961253607e+00 2.139577961202872469e+00
-2.656722373713463203e-01 -8.360691945190897867e-01
3.493427788237283282e-01 2.039747981066715177e+00
5.434274328274737997e-02 -3.411508823963637638e-01
1.623562207647173627e+00 2.107719721751073916e+00
1.355450483152886409e+00 -4.377969541975990087e-02
8.765299921326760169e-01 -3.643210491163693665e-01
1.697725459017767946e+00 4.998048442734913666e-01
8.814889019568614703e-01 -1.647853732632427737e-01
8.953738494645802071e-01 2.061219594057821514e+00
5.808687686151369212e-01 6.831301407625703370e-02
1.247346248985646389e+00 -5.084023409076041111e-02
7.891429812309210812e-01 1.244564430492012930e+00
5.263207605490981544e-01 2.070972821692668997e-01
1.088440738619529613e+00 5.428841912862425456e-01
4.195389023349741509e-01 6.444363983740016844e-01
9.080466190152762795e-01 4.820972736920721702e-01
1.217813186032720374e+00 1.560655218320564863e+00
6.632968696927066254e-01 1.536076354731209515e-01
9.563133413040134645e-01 3.231375015509144188e-01
1.250101198887971332e+00 1.719987843719285925e+00
9.406652258588064086e-01 1.700244375985457079e+00
7.956446630004087028e-01 -1.738167077242207814e-01
6.247275710601538634e-01 3.419162854596188850e-01
1.464656697281056852e+00 -2.133924177770119279e-01
1.413304431101715553e+00 7.426270078380153850e-01
6.921687446690746315e-01 1.414697963748718257e+00
1.408235323281436857e+00 1.694864636126329538e+00
1.504989163851097489e+00 4.404028102074131201e-01
1.322280886328891292e+00 1.092339690209697345e+00
3.312703074644749446e-01 5.475478161586218029e-01
1.548076580323463736e+00 8.258857320824701809e-01
1.383661170152696407e+00 -4.610380004671567611e-01
1.316109798547682841e+00 1.138490637868089239e+00
2.128074616644919925e-01 -7.885156084155788836e-01
9.292046342651336666e-01 4.109592394712627828e-01
7.271015094305580684e-01 8.977162080673255495e-01
3.478000068784263266e-01 -2.986811208682000340e-01
1.093289450447621824e+00 4.058162318391595469e-01
9.559827473157344047e-01 2.708788624352951313e-01
9.911359080694036594e-01 -2.589692897848699382e-01
1.928149468848246340e+00 1.436743652390358505e+00
1.371869984570744716e+00 4.610872885436634316e-01
3.384331772105205749e-01 -5.850620142051996542e-01
9.544399753704323475e-01 1.085373844429506462e+00
6.087488616266678587e-01 -3.491110035300566405e-01
2.405773566799299656e-01 2.374522719794605330e-01
7.544306124616236842e-01 1.081154092482797813e+00
7.042905242393053822e-01 5.291714770358585396e-01
1.005351449565401678e+00 -2.352723938597350295e-01
1.562071725827275381e+00 -1.298969613055332151e-01
3.945239572218613988e-01 -3.936344171276562331e-01
1.139903202794963821e+00 3.517169996584258995e-01
1.037529264424560171e+00 -1.122012273354650036e-01
1.699378428959163134e+00 1.094582728060752519e+00
1.205691406462489512e+00 2.443766896199220939e-01
7.428598228718578111e-01 1.304806863964027341e+00
7.353663591375335651e-01 -2.285136887781906434e-01
-1.155565838087117304e-02 -6.792991954779072916e-01
2.124301901893799638e+00 4.985146536362086711e-01
1.687366847385024959e+00 1.386864172156333508e+00
2.447648805314642795e-01 -5.901221655578445802e-01
2.720939835625300618e-01 -2.122561030872953114e-01
3.400861471519157631e-01 -6.010651127520439951e-01
6.066550997009009238e-01 -5.500019713828974144e-01
1.478872238777054982e+00 9.120621810249993633e-01
