5.780000000000000000e+02
5.660000000000000000e+02
6.300000000000000000e+02
5.400000000000000000e+02
5.220000000000000000e+02
4.990000000000000000e+02
5.460000000000000000e+02
5.000000000000000000e+02
5.330000000000000000e+02
5.050000000000000000e+02
4.920000000000000000e+02
6.530000000000000000e+02
5.070000000000000000e+02
5.480000000000000000e+02
5.190000000000000000e+02
6.230000000000000000e+02
5.990000000000000000e+02
6.000000000000000000e+02
4.590000000000000000e+02
6.470000000000000000e+02
6.590000000000000000e+02
5.170000000000000000e+02
6.140000000000000000e+02
5.040000000000000000e+02
6.100000000000000000e+02
4.490000000000000000e+02
6.550000000000000000e+02
5.580000000000000000e+02
5.060000000000000000e+02
5.830000000000000000e+02
5.840000000000000000e+02
4.430000000000000000e+02
6.960000000000000000e+02
5.650000000000000000e+02
5.620000000000000000e+02
6.190000000000000000e+02
6.220000000000000000e+02
8.000000000000000000e+00
4.830000000000000000e+02
5.930000000000000000e+02
6.640000000000000000e+02
4.790000000000000000e+02
6.510000000000000000e+02
6.480000000000000000e+02
4.910000000000000000e+02
7.140000000000000000e+02
6.820000000000000000e+02
4.860000000000000000e+02
6.330000000000000000e+02
4.350000000000000000e+02
6.150000000000000000e+02
7.150000000000000000e+02
4.310000000000000000e+02
5.120000000000000000e+02
4.340000000000000000e+02
6.570000000000000000e+02
4.320000000000000000e+02
4.260000000000000000e+02
6.750000000000000000e+02
6.400000000000000000e+02
4.270000000000000000e+02
5.420000000000000000e+02
2.000000000000000000e+00
5.570000000000000000e+02
4.840000000000000000e+02
5.920000000000000000e+02
1.000000000000000000e+00
2.200000000000000000e+01
4.600000000000000000e+01
4.390000000000000000e+02
4.520000000000000000e+02
7.090000000000000000e+02
6.240000000000000000e+02
5.590000000000000000e+02
6.010000000000000000e+02
6.720000000000000000e+02
4.290000000000000000e+02
6.440000000000000000e+02
6.760000000000000000e+02
4.330000000000000000e+02
3.910000000000000000e+02
4.540000000000000000e+02
1.600000000000000000e+01
4.440000000000000000e+02
5.450000000000000000e+02
5.370000000000000000e+02
4.230000000000000000e+02
0.000000000000000000e+00
4.620000000000000000e+02
6.040000000000000000e+02
6.000000000000000000e+00
4.000000000000000000e+00
7.000000000000000000e+00
1.700000000000000000e+01
5.270000000000000000e+02
1.300000000000000000e+01
4.300000000000000000e+01
9.000000000000000000e+00
1.100000000000000000e+01
2.600000000000000000e+01
5.000000000000000000e+00
3.200000000000000000e+01
2.400000000000000000e+01
3.800000000000000000e+01
4.500000000000000000e+01
