8.730000000000000000e+02
9.360000000000000000e+02
2.240000000000000000e+02
2.250000000000000000e+02
1.810000000000000000e+02
2.260000000000000000e+02
3.810000000000000000e+02
8.900000000000000000e+02
9.530000000000000000e+02
2.270000000000000000e+02
1.660000000000000000e+02
2.280000000000000000e+02
1.590000000000000000e+02
1.430000000000000000e+02
6.880000000000000000e+02
1.200000000000000000e+02
7.400000000000000000e+01
1.780000000000000000e+02
1.680000000000000000e+02
7.050000000000000000e+02
8.620000000000000000e+02
1.019000000000000000e+03
1.450000000000000000e+02
7.170000000000000000e+02
6.510000000000000000e+02
9.700000000000000000e+01
9.080000000000000000e+02
8.280000000000000000e+02
9.710000000000000000e+02
1.740000000000000000e+02
1.360000000000000000e+02
1.560000000000000000e+02
1.220000000000000000e+02
1.510000000000000000e+02
3.790000000000000000e+02
0.000000000000000000e+00
6.900000000000000000e+01
1.750000000000000000e+02
1.770000000000000000e+02
1.790000000000000000e+02
1.820000000000000000e+02
3.830000000000000000e+02
9.320000000000000000e+02
9.880000000000000000e+02
8.310000000000000000e+02
1.330000000000000000e+02
3.330000000000000000e+02
3.630000000000000000e+02
1.520000000000000000e+02
1.550000000000000000e+02
1.570000000000000000e+02
1.600000000000000000e+02
4.040000000000000000e+02
1.530000000000000000e+02
1.280000000000000000e+02
3.620000000000000000e+02
9.900000000000000000e+01
4.050000000000000000e+02
3.590000000000000000e+02
4.800000000000000000e+01
3.290000000000000000e+02
7.600000000000000000e+01
1.710000000000000000e+02
6.910000000000000000e+02
6.490000000000000000e+02
3.140000000000000000e+02
1.480000000000000000e+02
3.610000000000000000e+02
8.700000000000000000e+01
3.240000000000000000e+02
2.940000000000000000e+02
3.320000000000000000e+02
3.800000000000000000e+02
1.250000000000000000e+02
6.970000000000000000e+02
3.600000000000000000e+02
5.140000000000000000e+02
5.290000000000000000e+02
1.650000000000000000e+02
6.520000000000000000e+02
5.160000000000000000e+02
6.680000000000000000e+02
3.280000000000000000e+02
7.900000000000000000e+01
1.020000000000000000e+02
3.600000000000000000e+01
7.560000000000000000e+02
6.700000000000000000e+01
6.990000000000000000e+02
3.740000000000000000e+02
1.700000000000000000e+01
3.310000000000000000e+02
7.040000000000000000e+02
1.130000000000000000e+02
6.050000000000000000e+02
3.000000000000000000e+01
6.500000000000000000e+01
7.180000000000000000e+02
4.980000000000000000e+02
6.610000000000000000e+02
7.080000000000000000e+02
6.000000000000000000e+01
6.960000000000000000e+02
3.300000000000000000e+02
1.300000000000000000e+02
1.730000000000000000e+02
3.400000000000000000e+01
1.670000000000000000e+02
5.090000000000000000e+02
1.290000000000000000e+02
1.320000000000000000e+02
1.340000000000000000e+02
1.370000000000000000e+02
1.420000000000000000e+02
3.270000000000000000e+02
2.500000000000000000e+01
5.300000000000000000e+02
4.300000000000000000e+01
1.500000000000000000e+01
3.100000000000000000e+01
2.400000000000000000e+01
2.700000000000000000e+01
4.900000000000000000e+01
1.100000000000000000e+02
5.900000000000000000e+01
5.200000000000000000e+01
6.100000000000000000e+01
1.800000000000000000e+02
5.800000000000000000e+01
4.970000000000000000e+02
3.150000000000000000e+02
8.270000000000000000e+02
3.160000000000000000e+02
1.640000000000000000e+02
1.690000000000000000e+02
1.720000000000000000e+02
4.000000000000000000e+02
7.550000000000000000e+02
3.260000000000000000e+02
6.300000000000000000e+01
1.050000000000000000e+02
1.500000000000000000e+02
4.000000000000000000e+01
1.440000000000000000e+02
1.410000000000000000e+02
1.460000000000000000e+02
1.490000000000000000e+02
9.000000000000000000e+01
3.180000000000000000e+02
3.170000000000000000e+02
