224
181
381
873
936
159
225
166
178
143
226
168
120
828
145
174
227
228
136
156
0
151
122
175
177
179
182
69
379
383
153
97
74
908
971
152
155
157
160
404
133
333
363
128
405
362
862
1019
17
30
514
65
60
34
130
25
43
756
15
31
529
24
167
27
61
99
165
171
58
180
332
148
63
40
509
129
132
134
137
173
530
53
142
380
144
64
361
328
755
125
158
400
164
169
172
150
14
113
5
51
141
146
149
8
358
357
754
119
890
953
6
41
523
12
19
13
38
33
56
20
44
26
3
68
47
18
2
50
9
42
932
29
35
37
28
48
7
39
45
52
59
49
36
67
498
503
121
183
327
331
