1922
493
879
1856
437
1615
212
372
92
282
101
47
554
1666
1129
262
22
227
1170
1664
1741
1059
354
1392
882
1951
100
365
1122
1240
183
924
77
1558
684
1774
1788
643
1389
500
859
630
872
96
180
768
1220
1896
962
711
735
1758
1177
225
809
1082
690
537
1508
1163
1822
1889
1782
220
734
1836
122
508
1333
64
1304
1724
179
1530
1964
544
422
1393
1489
928
1438
146
29
307
542
1661
1581
1267
1761
992
409
667
52
1426
993
1990
1037
1370
1410
821
552
516
1030
1915
275
1459
1462
37
1846
327
376
386
1421
538
953
810
1640
381
713
167
497
1302
404
1516
530
580
574
1672
1499
708
948
415
1225
1515
387
469
473
246
1281
766
1841
581
1040
1031
1233
1252
988
461
572
729
1246
1374
1295
1623
1881
1373
421
957
1432
40
764
1306
813
1852
55
403
1171
1383
1614
1659
1804
1845
1728
550
1115
1329
476
356
488
61
1552
1781
553
1734
1760
795
1691
1910
291
1651
466
1339
1838
1982
395
199
1394
242
1800
673
1776
1330
1612
742
1501
750
1285
971
1442
264
560
505
1072
1656
716
1786
1944
250
1376
328
1986
733
1269
1865
1553
1685
881
1074
1626
686
777
1953
1016
1340
496
333
460
1230
1291
1445
941
1874
529
782
283
434
1152
1876
1413
608
173
1454
1662
1857
1777
1061
976
1930
1259
1696
1850
1110
1284
3
67
895
1957
1307
15
625
593
1299
322
984
317
756
1181
1996
1387
1384
1297
1668
1519
774
812
1123
1089
1576
631
1027
490
726
1080
618
826
1085
1435
1130
216
1784
