6.620000000000000000e+02
5.630000000000000000e+02
1.137000000000000000e+03
1.875000000000000000e+03
9.000000000000000000e+00
1.373000000000000000e+03
6.110000000000000000e+02
6.950000000000000000e+02
3.790000000000000000e+02
1.579000000000000000e+03
9.640000000000000000e+02
1.260000000000000000e+02
8.800000000000000000e+01
3.970000000000000000e+02
1.113000000000000000e+03
1.195000000000000000e+03
1.837000000000000000e+03
1.225000000000000000e+03
1.504000000000000000e+03
1.794000000000000000e+03
1.043000000000000000e+03
8.650000000000000000e+02
1.590000000000000000e+02
7.870000000000000000e+02
1.262000000000000000e+03
4.000000000000000000e+01
1.180000000000000000e+02
1.376000000000000000e+03
1.031000000000000000e+03
2.900000000000000000e+01
1.861000000000000000e+03
1.840000000000000000e+02
1.130000000000000000e+03
1.197000000000000000e+03
8.810000000000000000e+02
1.083000000000000000e+03
1.071000000000000000e+03
9.140000000000000000e+02
1.922000000000000000e+03
1.646000000000000000e+03
3.680000000000000000e+02
9.660000000000000000e+02
1.170000000000000000e+03
6.150000000000000000e+02
1.740000000000000000e+02
8.320000000000000000e+02
7.040000000000000000e+02
3.100000000000000000e+01
1.604000000000000000e+03
5.930000000000000000e+02
4.200000000000000000e+02
6.700000000000000000e+02
2.700000000000000000e+01
9.500000000000000000e+01
9.000000000000000000e+02
1.352000000000000000e+03
1.860000000000000000e+03
1.805000000000000000e+03
5.140000000000000000e+02
1.742000000000000000e+03
1.474000000000000000e+03
1.370000000000000000e+03
1.173000000000000000e+03
1.238000000000000000e+03
6.810000000000000000e+02
1.282000000000000000e+03
4.470000000000000000e+02
5.280000000000000000e+02
9.350000000000000000e+02
8.070000000000000000e+02
3.270000000000000000e+02
8.430000000000000000e+02
6.700000000000000000e+01
1.063000000000000000e+03
5.570000000000000000e+02
1.957000000000000000e+03
4.990000000000000000e+02
1.454000000000000000e+03
9.610000000000000000e+02
1.927000000000000000e+03
1.386000000000000000e+03
1.776000000000000000e+03
1.155000000000000000e+03
7.750000000000000000e+02
1.291000000000000000e+03
8.350000000000000000e+02
1.260000000000000000e+03
1.101000000000000000e+03
1.829000000000000000e+03
1.073000000000000000e+03
2.050000000000000000e+02
2.120000000000000000e+02
1.447000000000000000e+03
6.200000000000000000e+02
1.000000000000000000e+01
5.710000000000000000e+02
2.350000000000000000e+02
1.273000000000000000e+03
1.983000000000000000e+03
7.270000000000000000e+02
5.410000000000000000e+02
3.870000000000000000e+02
1.660000000000000000e+03
7.910000000000000000e+02
2.400000000000000000e+02
2.230000000000000000e+02
1.581000000000000000e+03
8.520000000000000000e+02
2.620000000000000000e+02
1.326000000000000000e+03
1.152000000000000000e+03
4.390000000000000000e+02
1.700000000000000000e+03
1.360000000000000000e+02
3.820000000000000000e+02
9.240000000000000000e+02
1.544000000000000000e+03
2.030000000000000000e+02
4.850000000000000000e+02
1.199000000000000000e+03
2.430000000000000000e+02
1.638000000000000000e+03
1.220000000000000000e+02
1.415000000000000000e+03
5.400000000000000000e+02
1.334000000000000000e+03
7.070000000000000000e+02
1.076000000000000000e+03
5.290000000000000000e+02
1.667000000000000000e+03
1.512000000000000000e+03
1.400000000000000000e+01
5.540000000000000000e+02
1.940000000000000000e+03
1.698000000000000000e+03
1.934000000000000000e+03
1.129000000000000000e+03
1.021000000000000000e+03
1.412000000000000000e+03
1.610000000000000000e+03
1.859000000000000000e+03
1.315000000000000000e+03
1.132000000000000000e+03
6.570000000000000000e+02
5.300000000000000000e+02
1.414000000000000000e+03
1.844000000000000000e+03
1.476000000000000000e+03
1.704000000000000000e+03
9.830000000000000000e+02
5.800000000000000000e+02
7.480000000000000000e+02
1.316000000000000000e+03
1.319000000000000000e+03
1.583000000000000000e+03
1.629000000000000000e+03
1.967000000000000000e+03
1.328000000000000000e+03
3.000000000000000000e+00
8.570000000000000000e+02
1.158000000000000000e+03
1.919000000000000000e+03
3.880000000000000000e+02
5.030000000000000000e+02
2.300000000000000000e+01
1.688000000000000000e+03
1.886000000000000000e+03
3.560000000000000000e+02
1.200000000000000000e+03
2.460000000000000000e+02
3.190000000000000000e+02
1.619000000000000000e+03
6.500000000000000000e+01
1.733000000000000000e+03
1.790000000000000000e+02
2.680000000000000000e+02
4.190000000000000000e+02
1.002000000000000000e+03
1.345000000000000000e+03
1.413000000000000000e+03
7.930000000000000000e+02
6.060000000000000000e+02
9.770000000000000000e+02
9.540000000000000000e+02
9.940000000000000000e+02
1.239000000000000000e+03
7.350000000000000000e+02
3.580000000000000000e+02
1.283000000000000000e+03
1.508000000000000000e+03
1.350000000000000000e+02
1.089000000000000000e+03
1.603000000000000000e+03
1.459000000000000000e+03
1.070000000000000000e+03
1.991000000000000000e+03
3.500000000000000000e+01
1.430000000000000000e+03
3.130000000000000000e+02
1.634000000000000000e+03
4.270000000000000000e+02
6.940000000000000000e+02
1.890000000000000000e+03
7.320000000000000000e+02
1.332000000000000000e+03
1.060000000000000000e+02
1.010000000000000000e+03
2.150000000000000000e+02
9.930000000000000000e+02
7.630000000000000000e+02
1.677000000000000000e+03
3.760000000000000000e+02
7.010000000000000000e+02
3.100000000000000000e+02
1.800000000000000000e+02
1.154000000000000000e+03
6.330000000000000000e+02
4.050000000000000000e+02
1.192000000000000000e+03
6.000000000000000000e+00
1.265000000000000000e+03
1.729000000000000000e+03
1.509000000000000000e+03
7.860000000000000000e+02
9.310000000000000000e+02
3.370000000000000000e+02
1.145000000000000000e+03
1.683000000000000000e+03
5.850000000000000000e+02
1.990000000000000000e+03
1.648000000000000000e+03
1.340000000000000000e+02
2.370000000000000000e+02
3.180000000000000000e+02
2.270000000000000000e+02
3.950000000000000000e+02
8.720000000000000000e+02
1.085000000000000000e+03
1.657000000000000000e+03
1.737000000000000000e+03
5.690000000000000000e+02
8.150000000000000000e+02
1.652000000000000000e+03
1.732000000000000000e+03
8.050000000000000000e+02
9.530000000000000000e+02
1.670000000000000000e+02
2.170000000000000000e+02
1.235000000000000000e+03
7.840000000000000000e+02
6.600000000000000000e+01
5.200000000000000000e+01
2.550000000000000000e+02
5.430000000000000000e+02
1.836000000000000000e+03
1.311000000000000000e+03
7.200000000000000000e+01
5.120000000000000000e+02
1.209000000000000000e+03
1.826000000000000000e+03
7.210000000000000000e+02
1.086000000000000000e+03
5.000000000000000000e+02
1.206000000000000000e+03
7.940000000000000000e+02
1.591000000000000000e+03
1.746000000000000000e+03
1.730000000000000000e+02
9.280000000000000000e+02
1.577000000000000000e+03
1.607000000000000000e+03
5.530000000000000000e+02
1.314000000000000000e+03
1.984000000000000000e+03
2.190000000000000000e+02
1.377000000000000000e+03
1.030000000000000000e+03
1.594000000000000000e+03
1.390000000000000000e+02
1.269000000000000000e+03
1.871000000000000000e+03
1.418000000000000000e+03
2.920000000000000000e+02
8.000000000000000000e+00
9.690000000000000000e+02
1.357000000000000000e+03
1.562000000000000000e+03
8.160000000000000000e+02
7.300000000000000000e+02
1.349000000000000000e+03
5.620000000000000000e+02
2.080000000000000000e+02
1.171000000000000000e+03
1.566000000000000000e+03
1.100000000000000000e+02
3.300000000000000000e+02
9.560000000000000000e+02
1.749000000000000000e+03
5.510000000000000000e+02
1.027000000000000000e+03
