3.470000000000000000e+02
2.520000000000000000e+02
3.330000000000000000e+02
8.700000000000000000e+01
1.460000000000000000e+02
4.900000000000000000e+01
3.060000000000000000e+02
1.160000000000000000e+02
1.750000000000000000e+02
1.370000000000000000e+02
2.390000000000000000e+02
2.650000000000000000e+02
2.700000000000000000e+02
9.500000000000000000e+01
2.560000000000000000e+02
2.770000000000000000e+02
2.630000000000000000e+02
3.000000000000000000e+02
1.390000000000000000e+02
1.500000000000000000e+02
8.800000000000000000e+01
2.550000000000000000e+02
3.100000000000000000e+02
1.550000000000000000e+02
1.380000000000000000e+02
6.300000000000000000e+01
1.730000000000000000e+02
1.700000000000000000e+01
3.230000000000000000e+02
2.780000000000000000e+02
2.100000000000000000e+01
3.070000000000000000e+02
1.420000000000000000e+02
3.050000000000000000e+02
2.800000000000000000e+02
2.850000000000000000e+02
3.370000000000000000e+02
1.910000000000000000e+02
1.020000000000000000e+02
9.600000000000000000e+01
3.040000000000000000e+02
7.900000000000000000e+01
3.390000000000000000e+02
3.250000000000000000e+02
1.630000000000000000e+02
