-3.762278502390515866e-01 -1.355226456272475566e-01
-8.455157929823458041e-01 -2.510168888006116816e-01
1.362203585457805621e+00 5.847471589457712282e-01
-2.204827081015026113e-02 -2.149249378089353457e-01
4.944636158569974405e-01 1.194858052231152268e+00
-3.467128852866431243e-01 -8.972197330776685575e-01
1.491385259138187092e-01 -5.350448509524993179e-01
-8.219038210204190342e-01 -1.065125765951988823e+00
8.781581602383071727e-01 -1.170059055532568087e-01
2.376834207710440128e-01 -4.694516530632789064e-01
4.383851824474214176e-01 -4.261413118732670924e-01
-8.573217789633091890e-01 -1.100590030839462274e+00
-2.670224799151403317e-01 4.924773016279209159e-01
-4.972392065439261710e-01 -1.426045275868752071e+00
3.823067490378453948e-01 -3.822032845790524491e-01
6.715534055714481587e-01 9.577968377158259383e-02
-9.694786457824612347e-01 -1.502732690760194001e-01
8.545461882763804029e-01 2.046941938686814844e+00
-2.758769694008628703e-01 -7.453196958605265987e-01
-8.632247719537908814e-01 -5.827489948719324353e-01
-7.290788333946040395e-03 -5.077405054196657552e-01
1.347446102981601390e+00 1.666878002591857921e+00
3.468887910949552400e-01 7.222104157662426749e-01
-8.632247719537908814e-01 -1.157081780217738221e+00
-2.375075149627318971e-01 -2.124141933921232239e-01
3.321313086187510644e-01 4.171549691235525992e-01
-8.041948420489739568e-01 -9.640683031752953491e-01
-8.100978350394556493e-01 -8.859213832020133017e-01
-8.750307579347542664e-01 -9.907449626039257495e-01
-8.366613034966232654e-01 -9.028689080154963520e-01
-7.333589261631937584e-01 -1.262533045723853498e+00
-6.271050523345232941e-01 -5.193526983474225922e-01
9.010859600900181232e-02 1.418049022518394833e-02
-1.253506481435797959e-01 9.483815461527814183e-02
2.347319242758031943e-01 2.941284926997517757e-01
-7.451649121441570323e-01 -1.115968340392437419e+00
-9.193032053633668488e-01 -3.734156791202096204e-01
-8.484672894775866503e-01 -6.552467399073863552e-01
-9.370121843348119262e-01 -1.053513573024232430e+00
-7.982918490584922644e-01 -5.990688335812119902e-01
1.601274801572313944e+00 5.466624394628166739e-02
-9.665271492872203885e-01 -2.732997454998206122e-01
1.196235609614102607e-01 -7.719963552891568881e-01
-9.783331352681837734e-01 -5.077405054196657552e-01
-9.547211633062570035e-01 -4.701890493461503839e-02
8.102737408477678205e-01 1.231263846274929907e+00
-7.215529401822303734e-01 -7.942792119883658186e-01
-9.665271492872203885e-01 -5.576415507038098296e-01
-9.606241562967386960e-01 -4.082522579034799093e-01
2.389324365801619443e+00 2.958342161989667041e+00
6.390869441237988502e-01 1.214002478409345498e+00
-6.632071823876292682e-02 1.171210113144867115e-01
2.222417661846240108e-02 -2.114726642358183972e-01
-7.540194016298795709e-01 -6.741870332121470411e-02
-7.805828700870471870e-01 -7.114246462335610532e-01
-8.661762684490317277e-01 -6.756465382939860209e-01
1.875079803519496824e-01 -3.737295221723112570e-01
2.524409032472482717e-01 -5.359863801088037283e-01
6.892623845428932361e-01 1.426474224682083625e+00
-7.776313735918063408e-01 -9.681482628526151268e-01
-9.665271492872203885e-01 -1.662792647331976792e-01
-5.887355978963922931e-01 -6.213516902804209208e-01
4.354336859521805714e-01 -1.804022020777666657e-01
1.072956928924202913e+00 1.983545642162305223e+00
-6.949894717250627574e-01 -9.781912405198643912e-01
1.016878495514626835e+00 -1.634546772642839485e-01
-3.112949273437529696e-01 -6.426930178233249968e-01
-4.145973046771825321e-01 7.105982228384865040e-01
1.061150942943239528e+00 -3.602342709319450997e-01
-8.720792614395134201e-01 -3.093916964914968926e-01
-8.720792614395134201e-01 -3.599204278798438517e-01
-6.182505628488007554e-01 -7.133077045461699850e-01
-5.503661434582614032e-01 -1.142331156768966238e+00
3.764037560473637023e-01 -1.119844167196325652e-01
-7.304074296679529121e-01 -4.650578503338574921e-01
-9.458666738205344648e-01 -3.253976921486751994e-01
-9.812846317634246196e-01 -2.083342337148030576e-01
-5.562691364487430956e-01 1.031659665138354942e+00
1.099520397381370529e+00 2.222584337685003519e-01
7.896132653810818969e-01 1.669702590060771819e+00
3.279992135254139463e-01 -2.127280364442244720e-01
-9.281576948490893875e-01 -1.618854620037762926e-01
-4.861173926731785638e-02 -1.164614013468175058e+00
2.229259382948398094e-01 7.068321062132679744e-01
-1.843805780483966927e-01 -5.337894787440932154e-01
-2.906344518770671015e-01 -5.990688335812119902e-01
-5.385601574772980182e-01 1.880495410894333086e-01
3.404639160164469658e+00 3.256806904538225300e+00
2.598880616963719081e+00 7.727391471545900226e-01
-8.484672894775866503e-01 1.488191595767416608e-01
-6.507170242964500639e-01 -6.706250494603618328e-01
-6.123475698583190630e-01 -6.994986102537026351e-01
-8.396127999918641116e-01 -1.079876389400761028e+00
4.383851824474214176e-01 2.859685733451118317e-01
-9.753816387729429271e-01 -1.954666685786401181e-01
1.371058074943528160e+00 2.539675530486222410e+00
1.757704115820078572e+00 1.000903046032404875e+00
5.623480352475368482e-01 -5.347310079003976258e-01
1.816049873614679899e-01 4.334748078328324872e-01
-9.576726598014978498e-01 -3.614896431403515353e-01
-2.286530254770093584e-01 -6.489698788653557315e-01
-8.425642964871049578e-01 -9.687759489568184001e-01
1.140841348314742376e+00 1.544165369220158679e+00
-6.330080453250049866e-01 -1.014910877615743612e+00
-8.779822544299951126e-01 -1.092430111484822497e+00
-6.336922174352208059e-02 -8.787029930036781566e-01
-7.156499471917486810e-01 -6.430068608754266890e-01
-4.323062836486276095e-01 -6.869448881696412768e-01
-9.753816387729429271e-01 -2.525861040611193098e-01
-2.788284658961037166e-01 -6.740773230334783372e-01
-4.706757380867585550e-01 -7.111108031814594721e-01
-8.100978350394556493e-01 -9.577914421332647255e-01
-9.015942263919217714e-01 -5.287679899104685832e-01
-9.635756527919795422e-01 -9.618714018105845032e-01
-8.632247719537908814e-01 -8.426110420120018762e-01
-8.573217789633091890e-01 -4.945590972314015676e-01
3.257064335402427346e+00 1.795553653953486428e+00
-8.189523245251781880e-01 -1.220164233690146371e+00
-9.583568319117136136e-02 5.681134771843902032e-01
6.922138810381339713e-01 1.284303322080089238e+00
-7.067954577060261423e-01 -1.320280167310535546e+00
-9.488181703157753111e-01 -3.175516158461368366e-01
-9.163517088681260025e-01 -2.758104899166327062e-01
-9.281576948490893875e-01 -2.544691623737285746e-01
-8.071463385442148031e-01 -6.775295966065952857e-01
-1.873320745436375390e-01 -1.895036505887110756e-01
2.111199523138764245e-01 -1.000787940271174570e+00
-6.536685207916909102e-01 -4.543871865624050654e-01
4.944636158569974405e-01 2.453731094453440176e-02
4.826576298760341110e-01 -3.320981064214764689e-02
-9.694786457824612347e-01 -4.798084737826293633e-01
-5.680751224297064805e-01 -8.269188894069251505e-01
-9.753816387729429271e-01 -1.094736723028200825e-01
-7.540194016298795709e-01 -1.691038522021114099e-01
5.173914157087083909e-02 1.727763554699555559e+00
5.830085107142227718e-01 3.506202420780277773e-01
-1.784775850579150003e-01 -4.813776890431369915e-01
2.126641177725184129e+00 2.697224742641191941e+00
1.624886773534240714e+00 1.676920980259106964e+00
1.993823835439346048e+00 1.765424720951739523e+00
6.922138810381339713e-01 -4.063691995908706445e-01
-2.670224799151403317e-01 -3.624311722966559457e-01
1.902327444086880037e+00 1.061788598140101847e+00
-9.311091913443302337e-01 -1.750668701920404802e-01
-6.034930803725965243e-01 -2.397185389249563980e-01
3.173738261425468332e-01 4.915357724716157839e-01
2.339148925382525057e+00 3.324597003792156169e+00
3.114708331520651408e-01 1.626768141122617506e-03
-9.724301422777020809e-01 -2.348067602700004350e-02
-8.720792614395134201e-01 -1.932697672139296052e-01
1.120180872848056453e+00 2.285776501336081790e+00
-5.238026750010937871e-01 -9.000443205465823437e-01
-9.606241562967386960e-01 -2.510168888006116816e-01
-7.126984506965078348e-01 -6.144471431341870238e-01
-7.599223946203612634e-01 -1.056652003545247798e+00
1.495020927743643702e+00 1.896924959782282372e+00
-1.843805780483966927e-01 -6.775295966065952857e-01
5.092210983332017271e-01 -3.572055505895976868e-02
4.560941614188664950e-01 -1.995466282559602844e-01
1.225750574566511070e-01 -4.907929806061829825e-01
-6.507170242964500639e-01 -3.175516158461368366e-01
-2.994889413627896402e-01 -5.432047703071392064e-01
7.453408179524692034e-01 3.151559771905542706e-01
1.099520397381370529e+00 1.261392779276677478e+00
-9.015942263919217714e-01 -3.680803472344834071e-01
-9.694786457824612347e-01 -2.968379744074355897e-01
-1.489626201055065657e-01 -4.471687963640699759e-01
1.394670046905454930e+00 4.193518704882634451e-01
-8.455157929823458041e-01 -3.683941902865850437e-01
1.890521458105916652e+00 8.761976441694266371e-02
-7.097469542012669885e-01 -2.149249378089353457e-01
1.244143725648171994e+00 5.295107817759017177e-01
2.494894067520073977e-01 -5.865151114971506319e-01
1.527487389191292788e+00 1.662484199862436896e+00
3.262283156282693719e-01 -7.055713384223002982e-02
1.309076648543470389e+00 3.189330648336396123e+00
-6.802319892488585262e-01 -1.111888380715117197e+00
5.534935457618143095e-01 2.470520348845217651e-01
3.055678401615834483e-01 -8.405238508259582630e-02
1.223483250181486071e+00 2.825162997719948832e-01
-9.665271492872203885e-01 -4.233167244043533617e-01
-6.300565488297641403e-01 -1.258766929098634968e+00
-9.583568319117136136e-02 1.381484958052895951e-01
3.550591084704619871e-02 -3.941293205589109228e-01
-9.606241562967386960e-01 -1.157505333448507479e-01
-9.547211633062570035e-01 -4.095076301118859563e-01
9.601158899948350478e-02 -5.617215103811296073e-01
6.944812054231590259e-02 -6.555605829594879363e-01
-5.739781154201881730e-01 -9.003581635986839249e-01
-5.651236259344656343e-01 -1.128208219424397196e+00
1.255949711629135157e+00 4.796097364917576433e-01
1.433039501343585931e+00 1.364960986470183490e+00
-8.514187859728274965e-01 -3.046840507099738971e-01
-1.430596271150248733e-01 -8.844618781201757374e-02
-4.352577801438684557e-01 -5.943611877996889392e-01
-6.920379752298219111e-01 -9.681482628526151268e-01
2.517567311370324384e-02 6.858046217224651464e-01
-9.163517088681260025e-01 -2.277925029450982575e-01
-5.178996820106120946e-01 1.321854778153605248e-01
-7.097469542012669885e-01 -2.356385792476365926e-01
-9.045457228871626176e-01 -3.960123788715201876e-01
-9.163517088681260025e-01 -1.772637715567513539e-01
-5.060936960296487097e-01 -2.372077945081442762e-01
-9.665271492872203885e-01 -5.836905240282369567e-01
-9.311091913443302337e-01 -1.024012326126688022e+00
3.291798121235102181e-01 1.073400791067858684e+00
-8.100978350394556493e-01 -1.979774129954526007e-01
-9.488181703157753111e-01 -8.149928534270670655e-01
-7.569708981251204172e-01 -1.184699968802673142e+00
2.553923997424890624e-01 1.142964238455729947e-01
-6.979409682203036036e-01 -6.398684303544113217e-01
-4.323062836486276095e-01 -3.627450153487575824e-01
6.331839511333171577e-01 9.327991037263719809e-01
3.468887910949552400e-01 -6.608959148452141497e-01
-7.540194016298795709e-01 -8.683461722843277553e-01
-5.746622875304038813e-02 3.179805646594680013e-01
8.515946917811395567e-01 7.215827296620401787e-01
-8.573217789633091890e-01 -5.347310079003976258e-01
2.140714488091172707e-01 8.071521727070914143e-02
-1.755260885626741540e-01 4.224903010092788125e-01
-7.953403525632514182e-01 -1.068578039525105883e+00
5.387360632856100784e-01 2.743563804173549392e-01
5.771055177237410794e-01 2.994638245854776004e-01
5.387360632856100784e-01 3.230020534930926335e-01
-7.982918490584922644e-01 -3.599204278798438517e-01
-7.422134156489161860e-01 -1.052572043867927576e+00
-6.536685207916909102e-01 -6.586990134805033037e-01
4.944636158569974405e-01 -2.124141933921232239e-01
-9.045457228871626176e-01 9.472844443660949354e-03
-8.691277649442725739e-01 -1.131660492997514034e+00
-6.123475698583190630e-01 -9.957664514375499376e-01
-7.923888560680105719e-01 -9.016135358070900274e-01
-9.045457228871626176e-01 -5.268849315978593184e-01
2.731013787139341398e-01 -7.004401394100074896e-01
-9.488181703157753111e-01 -3.206900463671522039e-01
8.693036707525846341e-01 3.713959327165557416e-04
-5.451473225779954884e-02 -7.133077045461699850e-01
-1.548656130959882582e-01 -1.951528255265388700e-01
4.649486509045890337e-01 1.340481228406263270e+00
1.397621543400695776e+00 3.012323166951131004e+00
-1.666715990769516154e-01 -9.472304885404823904e-02
-6.566200172869317564e-01 -6.100533404047656649e-01
-5.385601574772980182e-01 -9.449238769971017859e-01
-7.008924647155444498e-01 -4.858812019512270819e-02
2.258774347900806556e-01 2.043693797987131688e-01
3.026163436663426021e-01 -5.924781294870796744e-01
-2.552164939341769467e-01 -2.858534675838819150e-01
1.579930153995412201e-01 -9.113426704222375996e-01
-9.104487158776443101e-01 -6.816095562839153965e-01
-7.422134156489161860e-01 -8.840383248894043700e-01
-8.632247719537908814e-01 -8.275465755111284238e-01
-6.182505628488007554e-01 -1.361079764083734878e+00
3.859169620431559533e+00 3.452644969049582624e+00
-6.595715137821726026e-01 8.531315287356492152e-03
9.896308549472435101e-02 -7.208399377966071553e-01
4.059187209997721646e-01 2.491971386566789182e+00
1.055247949952757835e+00 2.648579069565454525e+00
-5.946385908868739856e-01 1.557237067229755301e-01
-1.342051376293023346e-01 4.196657135403650818e-01
-6.389110383154866790e-01 3.709103302859573237e-02
3.291798121235102181e-01 6.895707383476836760e-01
-9.694786457824612347e-01 -8.865490693062165750e-01
-7.245044366774712197e-01 -1.000583807397740915e-01
1.223483250181486071e+00 2.397504627884227801e+00
7.541953074381917421e-01 -1.845918719337543909e-02
1.061150942943239528e+00 3.031153750077223208e+00
-3.680575328635448534e-02 -2.693294960011698158e-02
-4.116458081819416859e-01 -1.593747175869638100e-01
1.563701151776491789e-03 2.294768239668358301e-01
-5.828326049059106007e-01 -2.296755612577075500e-01
1.365155081953046468e+00 2.606837943635949895e+00
-9.665271492872203885e-01 -1.920143950055235582e-01
-5.238026750010937871e-01 -6.602682287410109874e-01
-5.238026750010937871e-01 -1.218232615134477552e-02
8.161767338382495129e-01 1.267355797266606077e+00
-8.543702824680683428e-01 1.701604871196461255e-01
-4.795302275724810936e-01 -9.603021865500768195e-01
1.949551388010733577e+00 1.982604113006000812e+00
1.784267584277246188e+00 1.308155394039805408e+00
8.929156427145114039e-01 6.807831328888408473e-01
8.368372093049354365e-01 1.857066892165387451e+00
-1.991380605246009239e-01 2.589780708643799056e-01
5.062696018379608809e-01 9.993338307718971913e-01
9.601158899948350478e-02 -3.383749674635049692e-02
3.291798121235102181e-01 1.174348543665883204e-01
1.356300592467323929e+00 1.547303799741174046e+00
-8.071463385442148031e-01 -7.883161939984367761e-01
-9.193032053633668488e-01 -1.037193734314952431e+00
-4.323062836486276095e-01 -4.011435778838116223e-02
8.220797268287312054e-01 -1.261073540642015656e-01
8.125410652327928751e-02 2.282214517584297830e-01
-7.540194016298795709e-01 -1.891898075366094667e-01
9.601158899948350478e-02 -4.041722982261597430e-01
-5.474146469630205569e-01 -5.761582907778002305e-01
-7.245044366774712197e-01 -1.255942341629721071e+00
1.185113795743355070e+00 6.183283655206355256e-01
5.173914157087083909e-02 -2.761243329687343429e-01
-1.371566341245431808e-01 -5.664291561626525473e-01
-6.336922174352208059e-02 -6.524221524384726800e-01
2.022654628281538858e-01 -6.040903224148366224e-01
1.489117934753162009e+00 2.193506644018231366e+00
-8.455157929823458041e-01 -1.027778442751906551e+00
-8.012433455537331106e-01 -1.041273693992272209e+00
1.875079803519496824e-01 4.077396775605066082e-01
1.586517319096109713e+00 1.176968998261364696e+00
1.515681403210329403e+00 1.434947987088825094e+00
1.323834131019674620e+00 3.342172214709843381e+00
9.076731251907156350e-01 1.873700573926768476e+00
-7.451649121441570323e-01 -1.035310676002343167e+00
-9.547211633062570035e-01 -7.283721710470438815e-01
1.084762914905166298e+00 2.151765518088726736e+00
-5.562691364487430956e-01 -3.683941902865850437e-01
-1.991380605246009239e-01 -2.736135885519221933e-01
4.649486509045890337e-01 1.048811322825269898e-01
-8.337098070013824191e-01 -7.817254899043044603e-01
7.040198670190973562e-01 -3.865970873084741966e-01
4.088702174950130108e-01 2.112739269449467050e-01
-1.223991516483389635e-01 -3.307330240344010241e-01
-2.729254729056220241e-01 -1.135426609622732341e+00
-8.307583105061415729e-01 -2.133557225484276620e-01
-3.231009133247163545e-01 -5.802382504551200082e-01
-4.618212486010360163e-01 -1.493317399197149620e-01
1.402840364280961705e-01 -2.720443732914145096e-01
1.793122073762968727e+00 1.371865533616416499e+00
-7.746798770965654946e-01 -9.323701549130404276e-01
1.737043640353392648e+00 6.663463524921698911e-01
3.114708331520651408e-01 -5.868289545492522130e-01
4.059187209997721646e-01 -2.629429247804697667e-01
-5.503661434582614032e-01 -7.779593732790859306e-01
6.508929301047622351e-01 -8.978474191818718309e-01
3.173738261425468332e-01 3.452849101923015640e-01
-3.349068993056797394e-01 -3.570958404109297879e-01
2.642468892282116011e-01 -6.480283497090512101e-01
4.425856947517801565e+00 2.643557580731829670e+00
-5.680751224297064805e-01 -4.964421555440108325e-01
-9.724301422777020809e-01 -9.424131325802892478e-01
-5.621721294392247881e-01 -7.381013056621914536e-01
1.202822774714800147e+00 1.612583154578292710e+00
7.305833354762649723e-01 1.111689643424245810e+00
1.028684481495590219e+00 1.533808548500808167e+00
-6.713774997631359875e-01 -9.668928906442091353e-01
-5.887355978963922931e-01 -4.961283124919091958e-01
3.882097420283270872e-01 -2.227710141114736808e-01
-1.223991516483389635e-01 1.303761591310384382e+00
-9.783331352681837734e-01 -2.469369291232918762e-01
-1.902835710388783852e-01 -8.451217864288139703e-01
1.607177794562795636e+00 3.302204436914281116e-01
7.755144994149474336e+00 3.551505530461565474e+00
8.338857128096945903e-01 4.868281266900927329e-01
