3.440000000000000000e+02
1.890000000000000000e+02
3.340000000000000000e+02
2.100000000000000000e+01
1.220000000000000000e+02
3.430000000000000000e+02
3.360000000000000000e+02
1.880000000000000000e+02
3.280000000000000000e+02
2.190000000000000000e+02
1.860000000000000000e+02
2.100000000000000000e+02
3.420000000000000000e+02
3.350000000000000000e+02
1.900000000000000000e+01
2.130000000000000000e+02
2.850000000000000000e+02
1.870000000000000000e+02
3.140000000000000000e+02
1.530000000000000000e+02
1.050000000000000000e+02
3.700000000000000000e+01
1.710000000000000000e+02
4.900000000000000000e+01
3.410000000000000000e+02
2.900000000000000000e+01
1.800000000000000000e+01
2.120000000000000000e+02
2.430000000000000000e+02
2.020000000000000000e+02
3.370000000000000000e+02
3.200000000000000000e+02
3.400000000000000000e+02
2.670000000000000000e+02
3.390000000000000000e+02
1.840000000000000000e+02
1.070000000000000000e+02
1.700000000000000000e+02
2.800000000000000000e+01
3.380000000000000000e+02
1.810000000000000000e+02
1.090000000000000000e+02
4.200000000000000000e+01
2.150000000000000000e+02
2.170000000000000000e+02
