-1.036627170846973645e+00 1.207923259633738367e+00
-1.036627170846973645e+00 -3.203725737731914491e-01
-1.036627170846973645e+00 -8.661925142756663476e-01
-1.036627170846973645e+00 4.437753429302734864e-01
-1.036627170846973645e+00 7.119390528293522390e-03
-1.036627170846973645e+00 -8.116105202254189077e-01
-8.866119133208805181e-01 -4.295365618736864399e-01
-8.866119133208805181e-01 -1.566265916224489629e-01
-8.866119133208805181e-01 -8.661925142756663476e-01
-8.866119133208805181e-01 -5.387005499741813752e-01
-8.866119133208805181e-01 -9.753565023761613384e-01
-8.866119133208805181e-01 -4.295365618736864399e-01
-8.866119133208805181e-01 -3.203725737731914491e-01
-8.866119133208805181e-01 3.891933488800259910e-01
-8.866119133208805181e-01 -1.566265916224489629e-01
-8.866119133208805181e-01 4.437753429302734864e-01
-8.866119133208805181e-01 -1.566265916224489629e-01
-8.866119133208805181e-01 4.983573369805209818e-01
-8.866119133208805181e-01 2.026653170387450853e+00
-8.866119133208805181e-01 2.517891116839678034e+00
-8.866119133208805181e-01 -5.932825440244289261e-01
-8.866119133208805181e-01 -2.558234329833338538e+00
-8.866119133208805181e-01 -5.387005499741813752e-01
-8.866119133208805181e-01 -1.020445975722014675e-01
-8.866119133208805181e-01 5.529393310307684217e-01
-8.866119133208805181e-01 7.119390528293522390e-03
-8.866119133208805181e-01 -1.248266472627398871e+00
-8.866119133208805181e-01 -2.112085856726964583e-01
-8.866119133208805181e-01 1.753743200136213209e+00
-8.866119133208805181e-01 -1.575758436928883732e+00
-8.866119133208805181e-01 4.983573369805209818e-01
-8.866119133208805181e-01 -7.024465321249239169e-01
-8.866119133208805181e-01 3.891933488800259910e-01
-8.866119133208805181e-01 1.426251235834728348e+00
-8.866119133208805181e-01 -2.657905797229439537e-01
-8.866119133208805181e-01 1.162833786287885141e-01
-8.866119133208805181e-01 -8.661925142756663476e-01
-8.866119133208805181e-01 -1.684922425029378834e+00
-8.866119133208805181e-01 8.258493012820059542e-01
-8.866119133208805181e-01 -3.749545678234389445e-01
-8.866119133208805181e-01 1.207923259633738367e+00
-8.866119133208805181e-01 -1.020445975722014675e-01
-8.866119133208805181e-01 1.699161206085965770e+00
-8.866119133208805181e-01 7.712673072317584033e-01
-8.866119133208805181e-01 -2.657905797229439537e-01
-8.866119133208805181e-01 -4.841185559239339353e-01
-8.866119133208805181e-01 -7.570285261751713568e-01
-8.866119133208805181e-01 -1.084520490476656329e+00
-8.866119133208805181e-01 2.800293607795310002e-01
-8.866119133208805181e-01 -1.630340430979131172e+00
-8.866119133208805181e-01 2.254473667292835048e-01
-8.866119133208805181e-01 -3.203725737731914491e-01
-8.866119133208805181e-01 -7.024465321249239169e-01
-8.866119133208805181e-01 -1.193684478577151209e+00
-8.866119133208805181e-01 -9.753565023761613384e-01
-8.866119133208805181e-01 -2.657905797229439537e-01
-8.866119133208805181e-01 6.621033191312634125e-01
-8.866119133208805181e-01 -1.139102484526903769e+00
-8.866119133208805181e-01 -1.566265916224489629e-01
-8.866119133208805181e-01 -3.749545678234389445e-01
-8.866119133208805181e-01 -1.357430460727893751e+00
-8.866119133208805181e-01 1.162833786287885141e-01
-8.866119133208805181e-01 -8.116105202254189077e-01
-8.866119133208805181e-01 -9.753565023761613384e-01
-7.365966557947873916e-01 6.170138457854101172e-02
-7.365966557947873916e-01 3.891933488800259910e-01
-7.365966557947873916e-01 -1.566265916224489629e-01
-7.365966557947873916e-01 -1.029938496426408889e+00
-7.365966557947873916e-01 2.800293607795310002e-01
-7.365966557947873916e-01 -3.749545678234389445e-01
-4.365661407426012497e-01 -3.749545678234389445e-01
-4.365661407426012497e-01 -1.566265916224489629e-01
-4.365661407426012497e-01 -2.112085856726964583e-01
-4.365661407426012497e-01 1.708653726790360095e-01
-4.365661407426012497e-01 -8.661925142756663476e-01
-4.365661407426012497e-01 5.529393310307684217e-01
-4.365661407426012497e-01 1.098759271533243487e+00
-4.365661407426012497e-01 1.162833786287885141e-01
-4.365661407426012497e-01 -8.116105202254189077e-01
-4.365661407426012497e-01 4.437753429302734864e-01
-4.365661407426012497e-01 1.699161206085965770e+00
-4.365661407426012497e-01 -1.029938496426408889e+00
-4.365661407426012497e-01 1.589997217985470890e+00
-4.365661407426012497e-01 -6.478645380746763660e-01
-4.365661407426012497e-01 -5.387005499741813752e-01
-4.365661407426012497e-01 -6.478645380746763660e-01
-4.365661407426012497e-01 -1.248266472627398871e+00
-4.365661407426012497e-01 -2.657905797229439537e-01
-1.365356256904151078e-01 4.983573369805209818e-01
-1.365356256904151078e-01 7.166853131815109634e-01
-1.365356256904151078e-01 -1.020445975722014675e-01
-1.365356256904151078e-01 -1.193684478577151209e+00
-1.365356256904151078e-01 -4.746260352195397214e-02
-1.365356256904151078e-01 -2.112085856726964583e-01
-1.365356256904151078e-01 -4.295365618736864399e-01
-1.365356256904151078e-01 -1.029938496426408889e+00
-1.365356256904151078e-01 -4.841185559239339353e-01
-1.365356256904151078e-01 1.044177277482995825e+00
-1.365356256904151078e-01 -2.657905797229439537e-01
-1.365356256904151078e-01 2.800293607795310002e-01
-1.365356256904151078e-01 -5.932825440244289261e-01
-1.365356256904151078e-01 -4.841185559239339353e-01
1.634948893617710342e-01 -3.749545678234389445e-01
1.634948893617710342e-01 7.712673072317584033e-01
1.634948893617710342e-01 1.371669241784480908e+00
1.634948893617710342e-01 -1.903250401230368816e+00
1.634948893617710342e-01 5.529393310307684217e-01
1.634948893617710342e-01 2.135817158487945733e+00
1.634948893617710342e-01 -2.657905797229439537e-01
1.634948893617710342e-01 2.026653170387450853e+00
1.634948893617710342e-01 3.346113548297784956e-01
1.634948893617710342e-01 8.804312953322533941e-01
1.634948893617710342e-01 -1.521176442878636292e+00
1.634948893617710342e-01 5.529393310307684217e-01
1.634948893617710342e-01 1.426251235834728348e+00
1.634948893617710342e-01 -1.566265916224489629e-01
1.634948893617710342e-01 -1.630340430979131172e+00
1.634948893617710342e-01 -5.387005499741813752e-01
1.634948893617710342e-01 1.098759271533243487e+00
1.634948893617710342e-01 -7.024465321249239169e-01
1.634948893617710342e-01 -8.116105202254189077e-01
1.634948893617710342e-01 1.699161206085965770e+00
1.634948893617710342e-01 3.500367009744132840e+00
1.634948893617710342e-01 3.346113548297784956e-01
1.634948893617710342e-01 1.262505253683985806e+00
1.634948893617710342e-01 -1.566265916224489629e-01
1.634948893617710342e-01 1.708653726790360095e-01
1.634948893617710342e-01 -8.116105202254189077e-01
1.634948893617710342e-01 -1.357430460727893751e+00
1.634948893617710342e-01 2.254473667292835048e-01
4.635254044139571761e-01 -2.112085856726964583e-01
4.635254044139571761e-01 -3.749545678234389445e-01
4.635254044139571761e-01 4.437753429302734864e-01
4.635254044139571761e-01 -1.412012454778141191e+00
4.635254044139571761e-01 -5.932825440244289261e-01
4.635254044139571761e-01 -1.412012454778141191e+00
4.635254044139571761e-01 -3.203725737731914491e-01
4.635254044139571761e-01 -7.024465321249239169e-01
4.635254044139571761e-01 7.119390528293522390e-03
4.635254044139571761e-01 -5.932825440244289261e-01
7.635559194661433180e-01 5.529393310307684217e-01
7.635559194661433180e-01 -5.387005499741813752e-01
7.635559194661433180e-01 -3.749545678234389445e-01
7.635559194661433180e-01 -4.295365618736864399e-01
7.635559194661433180e-01 -1.084520490476656329e+00
7.635559194661433180e-01 3.346113548297784956e-01
7.635559194661433180e-01 7.119390528293522390e-03
7.635559194661433180e-01 -4.295365618736864399e-01
7.635559194661433180e-01 -4.295365618736864399e-01
7.635559194661433180e-01 -3.749545678234389445e-01
7.635559194661433180e-01 -7.570285261751713568e-01
7.635559194661433180e-01 6.621033191312634125e-01
7.635559194661433180e-01 -3.749545678234389445e-01
7.635559194661433180e-01 -1.794086413129873714e+00
7.635559194661433180e-01 -5.387005499741813752e-01
7.635559194661433180e-01 -1.466594448828388852e+00
7.635559194661433180e-01 2.254473667292835048e-01
7.635559194661433180e-01 9.350132893825009450e-01
7.635559194661433180e-01 1.589997217985470890e+00
7.635559194661433180e-01 1.162833786287885141e-01
7.635559194661433180e-01 1.262505253683985806e+00
7.635559194661433180e-01 -1.084520490476656329e+00
7.635559194661433180e-01 -7.024465321249239169e-01
7.635559194661433180e-01 3.346113548297784956e-01
7.635559194661433180e-01 -8.116105202254189077e-01
7.635559194661433180e-01 -3.749545678234389445e-01
1.063586434518329460e+00 4.983573369805209818e-01
1.063586434518329460e+00 1.262505253683985806e+00
1.063586434518329460e+00 7.712673072317584033e-01
1.363616949570515713e+00 6.170138457854101172e-02
1.363616949570515713e+00 1.589997217985470890e+00
1.363616949570515713e+00 -1.412012454778141191e+00
1.363616949570515713e+00 -4.295365618736864399e-01
1.363616949570515713e+00 1.317087247734233246e+00
1.363616949570515713e+00 -1.566265916224489629e-01
1.363616949570515713e+00 6.170138457854101172e-02
1.363616949570515713e+00 -4.746260352195397214e-02
1.363616949570515713e+00 -5.932825440244289261e-01
1.363616949570515713e+00 1.371669241784480908e+00
1.363616949570515713e+00 -1.084520490476656329e+00
1.363616949570515713e+00 -4.295365618736864399e-01
1.663647464622701744e+00 1.262505253683985806e+00
1.963677979674887997e+00 3.891933488800259910e-01
1.963677979674887997e+00 -2.112085856726964583e-01
1.963677979674887997e+00 -7.024465321249239169e-01
1.963677979674887997e+00 5.529393310307684217e-01
2.563739009779260503e+00 2.081235164437698071e+00
2.563739009779260503e+00 1.207923259633738367e+00
3.763861069988005070e+00 3.891933488800259910e-01
4.963983130196749194e+00 7.166853131815109634e-01
-1.036627170846973645e+00 2.800293607795310002e-01
-1.036627170846973645e+00 -7.570285261751713568e-01
-1.036627170846973645e+00 1.480833229884975788e+00
-8.866119133208805181e-01 1.153341265583490927e+00
-8.866119133208805181e-01 -4.295365618736864399e-01
-8.866119133208805181e-01 8.258493012820059542e-01
-8.866119133208805181e-01 -1.193684478577151209e+00
-8.866119133208805181e-01 2.254473667292835048e-01
-8.866119133208805181e-01 3.891933488800259910e-01
-8.866119133208805181e-01 1.317087247734233246e+00
-8.866119133208805181e-01 7.119390528293522390e-03
-8.866119133208805181e-01 -8.661925142756663476e-01
-8.866119133208805181e-01 1.917489182286955751e+00
-8.866119133208805181e-01 4.983573369805209818e-01
-8.866119133208805181e-01 1.426251235834728348e+00
-8.866119133208805181e-01 6.621033191312634125e-01
-8.866119133208805181e-01 1.708653726790360095e-01
-8.866119133208805181e-01 9.350132893825009450e-01
-8.866119133208805181e-01 6.621033191312634125e-01
-8.866119133208805181e-01 4.983573369805209818e-01
-8.866119133208805181e-01 2.681637098990420576e+00
-8.866119133208805181e-01 -4.746260352195397214e-02
-8.866119133208805181e-01 2.026653170387450853e+00
-8.866119133208805181e-01 2.463309122789430816e+00
-8.866119133208805181e-01 -1.566265916224489629e-01
-8.866119133208805181e-01 1.699161206085965770e+00
-8.866119133208805181e-01 7.712673072317584033e-01
-8.866119133208805181e-01 1.699161206085965770e+00
-8.866119133208805181e-01 -1.302848466677646311e+00
-8.866119133208805181e-01 2.845383081141163117e+00
-8.866119133208805181e-01 9.895952834327483849e-01
-8.866119133208805181e-01 4.983573369805209818e-01
-8.866119133208805181e-01 -4.746260352195397214e-02
-8.866119133208805181e-01 -3.749545678234389445e-01
-8.866119133208805181e-01 -3.203725737731914491e-01
-8.866119133208805181e-01 -6.478645380746763660e-01
-8.866119133208805181e-01 6.075213250810159726e-01
-8.866119133208805181e-01 4.437753429302734864e-01
-8.866119133208805181e-01 2.254473667292835048e-01
-8.866119133208805181e-01 -6.478645380746763660e-01
-8.866119133208805181e-01 -7.570285261751713568e-01
-8.866119133208805181e-01 -7.024465321249239169e-01
-8.866119133208805181e-01 2.254473667292835048e-01
-8.866119133208805181e-01 2.800293607795310002e-01
-8.866119133208805181e-01 -1.020445975722014675e-01
-8.866119133208805181e-01 -7.570285261751713568e-01
-8.866119133208805181e-01 -2.657905797229439537e-01
-8.866119133208805181e-01 -2.657905797229439537e-01
-8.866119133208805181e-01 -6.478645380746763660e-01
-8.866119133208805181e-01 -6.478645380746763660e-01
-8.866119133208805181e-01 -4.295365618736864399e-01
-8.866119133208805181e-01 -7.024465321249239169e-01
-8.866119133208805181e-01 -8.661925142756663476e-01
-7.365966557947873916e-01 -1.575758436928883732e+00
-7.365966557947873916e-01 -1.566265916224489629e-01
-7.365966557947873916e-01 5.529393310307684217e-01
-7.365966557947873916e-01 -5.387005499741813752e-01
-7.365966557947873916e-01 -5.387005499741813752e-01
-7.365966557947873916e-01 -2.657905797229439537e-01
-7.365966557947873916e-01 -3.749545678234389445e-01
-7.365966557947873916e-01 1.207923259633738367e+00
-7.365966557947873916e-01 4.437753429302734864e-01
-7.365966557947873916e-01 -4.295365618736864399e-01
-7.365966557947873916e-01 -5.932825440244289261e-01
-4.365661407426012497e-01 6.621033191312634125e-01
-4.365661407426012497e-01 6.170138457854101172e-02
-4.365661407426012497e-01 -1.412012454778141191e+00
-4.365661407426012497e-01 -2.112085856726964583e-01
-4.365661407426012497e-01 -6.478645380746763660e-01
-4.365661407426012497e-01 -4.841185559239339353e-01
-4.365661407426012497e-01 -4.746260352195397214e-02
-4.365661407426012497e-01 9.350132893825009450e-01
-4.365661407426012497e-01 -6.478645380746763660e-01
-4.365661407426012497e-01 -1.412012454778141191e+00
-4.365661407426012497e-01 2.800293607795310002e-01
-4.365661407426012497e-01 1.153341265583490927e+00
-4.365661407426012497e-01 8.258493012820059542e-01
-4.365661407426012497e-01 2.135817158487945733e+00
-4.365661407426012497e-01 -5.932825440244289261e-01
-4.365661407426012497e-01 -6.478645380746763660e-01
-4.365661407426012497e-01 -7.024465321249239169e-01
-1.365356256904151078e-01 -2.657905797229439537e-01
-1.365356256904151078e-01 6.170138457854101172e-02
-1.365356256904151078e-01 -8.116105202254189077e-01
-1.365356256904151078e-01 -3.203725737731914491e-01
-1.365356256904151078e-01 -1.248266472627398871e+00
-1.365356256904151078e-01 1.162833786287885141e-01
-1.365356256904151078e-01 -6.478645380746763660e-01
1.634948893617710342e-01 -8.661925142756663476e-01
1.634948893617710342e-01 -1.084520490476656329e+00
1.634948893617710342e-01 -4.295365618736864399e-01
1.634948893617710342e-01 -1.193684478577151209e+00
1.634948893617710342e-01 -1.020445975722014675e-01
1.634948893617710342e-01 7.119390528293522390e-03
1.634948893617710342e-01 7.119390528293522390e-03
1.634948893617710342e-01 2.572473110889925696e+00
1.634948893617710342e-01 -1.357430460727893751e+00
1.634948893617710342e-01 -1.139102484526903769e+00
1.634948893617710342e-01 1.708653726790360095e-01
1.634948893617710342e-01 -3.749545678234389445e-01
1.634948893617710342e-01 -7.024465321249239169e-01
1.634948893617710342e-01 -1.357430460727893751e+00
1.634948893617710342e-01 -1.020445975722014675e-01
1.634948893617710342e-01 -8.116105202254189077e-01
1.634948893617710342e-01 8.804312953322533941e-01
1.634948893617710342e-01 -1.302848466677646311e+00
1.634948893617710342e-01 -9.753565023761613384e-01
1.634948893617710342e-01 1.162833786287885141e-01
1.634948893617710342e-01 -5.932825440244289261e-01
1.634948893617710342e-01 -1.466594448828388852e+00
4.635254044139571761e-01 -7.570285261751713568e-01
4.635254044139571761e-01 -9.753565023761613384e-01
4.635254044139571761e-01 -1.357430460727893751e+00
4.635254044139571761e-01 -1.521176442878636292e+00
4.635254044139571761e-01 1.753743200136213209e+00
4.635254044139571761e-01 6.170138457854101172e-02
4.635254044139571761e-01 1.708653726790360095e-01
7.635559194661433180e-01 -8.661925142756663476e-01
7.635559194661433180e-01 -1.566265916224489629e-01
7.635559194661433180e-01 1.699161206085965770e+00
7.635559194661433180e-01 -9.207745083259138985e-01
7.635559194661433180e-01 1.317087247734233246e+00
7.635559194661433180e-01 -1.466594448828388852e+00
7.635559194661433180e-01 -1.020445975722014675e-01
7.635559194661433180e-01 -1.848668407180121154e+00
7.635559194661433180e-01 8.804312953322533941e-01
7.635559194661433180e-01 -2.112085856726964583e-01
7.635559194661433180e-01 5.529393310307684217e-01
7.635559194661433180e-01 2.254473667292835048e-01
7.635559194661433180e-01 1.262505253683985806e+00
7.635559194661433180e-01 2.135817158487945733e+00
1.063586434518329460e+00 -1.302848466677646311e+00
1.063586434518329460e+00 6.621033191312634125e-01
1.063586434518329460e+00 -1.084520490476656329e+00
1.363616949570515713e+00 -7.024465321249239169e-01
1.363616949570515713e+00 -9.753565023761613384e-01
1.363616949570515713e+00 7.119390528293522390e-03
1.363616949570515713e+00 -8.116105202254189077e-01
1.363616949570515713e+00 2.899965075191410779e+00
1.363616949570515713e+00 -8.116105202254189077e-01
1.363616949570515713e+00 1.708653726790360095e-01
1.363616949570515713e+00 5.529393310307684217e-01
1.363616949570515713e+00 7.166853131815109634e-01
1.663647464622701744e+00 1.153341265583490927e+00
1.963677979674887997e+00 3.718694985945123044e+00
1.963677979674887997e+00 -1.575758436928883732e+00
1.963677979674887997e+00 2.899965075191410779e+00
1.963677979674887997e+00 1.262505253683985806e+00
1.963677979674887997e+00 9.350132893825009450e-01
1.963677979674887997e+00 -7.570285261751713568e-01
2.563739009779260503e+00 2.800293607795310002e-01
2.563739009779260503e+00 -4.746260352195397214e-02
3.463830554935818817e+00 3.891933488800259910e-01
3.763861069988005070e+00 -1.020445975722014675e-01
4.963983130196749194e+00 1.589997217985470890e+00
