1588
9
1556
813
1301
630
962
1089
924
829
950
1396
1918
1690
250
58
914
222
1888
303
1226
1146
1349
1043
1933
1493
649
1863
734
1517
1878
1674
1974
1431
1579
494
567
1668
243
1471
531
1696
1321
1895
1052
1899
1070
708
1357
111
819
1965
1639
1836
553
1448
417
1401
1270
673
558
600
354
801
1787
1470
1960
451
742
711
1508
92
1841
904
1411
364
1374
1851
174
1936
1535
931
1518
604
275
768
1995
643
1408
1343
746
298
1164
382
1644
884
1780
755
1873
1308
188
169
1265
1371
137
695
1447
959
1397
345
217
1130
1628
1165
1977
449
870
906
95
1928
1002
1698
563
27
1727
1082
170
559
809
52
840
849
1762
964
1335
1203
854
683
740
1251
369
1380
758
226
208
1705
920
1243
610
1552
41
1316
89
493
1636
697
778
1531
1828
720
1139
1916
1503
73
479
546
503
1331
1614
55
1981
1735
1476
714
547
765
1239
990
1968
173
898
1211
490
955
1135
232
261
406
184
552
1758
437
480
1604
792
1423
1865
408
340
544
497
481
1007
108
1178
1010
1507
1272
178
1017
1046
1264
171
16
1253
862
505
1691
837
492
1445
922
1818
442
966
110
1488
456
915
1204
960
416
468
1943
447
10
868
156
1199
900
1553
666
979
1467
1395
1814
1414
515
1202
484
951
1509
346
147
463
1683
967
1695
682
522
1402
1392
74
676
466
628
1757
94
14
1784
1333
632
799
1890
501
916
1572
1296
1684
928
1747
1455
1221
1815
1822
6
1440
225
1249
454
420
1900
957
865
565
699
942
1461
1363
747
