-5.469079900734269417e-01 3.779590186496514237e-01
1.020283318771820102e+00 7.479217251981110648e-01
1.510030602785960019e+00 1.561839679604722697e+00
1.118232775574647953e+00 -2.139813118278843240e-01
6.284854915605084802e-01 8.219142665078031929e-01
-8.897310888833246389e-01 3.409627479948053597e-01
5.305360347576806301e-01 2.669702066851133981e-01
2.856623927506106164e-01 3.779590186496514237e-01
5.795107631590944441e-01 5.259441012690352357e-01
8.733591335675783274e-01 5.259441012690352357e-01
9.713085903704062885e-01 6.369329132335732613e-01
-1.551101628621151252e-01 -1.399887705181923903e-01
-1.061354344607011585e-01 3.039664773399594067e-01
1.412081145983131947e+00 1.043891890436878800e+00
1.656954787990201794e+00 1.487847138295030680e+00
2.366876643491966636e-01 1.559813947205754836e-01
1.118232775574647953e+00 1.117884431746570817e+00
-1.134604730890394597e+00 5.259441012690352357e-01
1.265156960778889950e+00 8.219142665078031929e-01
7.264349483633364413e-01 7.849179958529571843e-01
1.314131689180304097e+00 1.302865785020800748e+00
-5.469079900734269417e-01 -1.138888078199033815e+00
1.363106417581717800e+00 1.265869514365954851e+00
6.774602199619224052e-01 -1.029924998633463817e-01
1.461055874384545872e+00 1.080888161091724919e+00
1.314131689180304097e+00 1.006895619782033124e+00
4.815613063562665386e-01 9.329030784723409964e-01
1.118232775574647953e+00 8.219142665078031929e-01
1.265156960778889950e+00 8.219142665078031929e-01
1.510030602785960019e+00 1.524843408949876578e+00
8.243844051661644023e-01 1.043891890436878800e+00
5.305360347576806301e-01 1.117884431746570817e+00
8.733591335675783274e-01 1.191876973056263056e+00
1.412081145983131947e+00 7.479217251981110648e-01
1.167207503976062100e+00 9.329030784723409964e-01
1.216182232377476025e+00 7.479217251981110648e-01
1.607980059588787647e+00 1.117884431746570817e+00
-8.185977657873204361e-03 8.589105371626489793e-01
2.366876643491966636e-01 -5.839440183763441317e-01
7.264349483633364413e-01 8.219142665078031929e-01
-5.716070605928717796e-02 1.006895619782033124e+00
6.774602199619224052e-01 -6.599622920850041485e-02
1.754904244793029866e+00 -2.879738531375762856e-01
1.877129359477826831e-01 4.149552893044974322e-01
1.020283318771820102e+00 1.376858326330492766e+00
-8.185977657873204361e-03 -6.599622920850041485e-02
8.733591335675783274e-01 8.219142665078031929e-01
9.713085903704062885e-01 1.228873243711108731e+00
9.223338619689922524e-01 1.006895619782033124e+00
6.284854915605084802e-01 5.629403719238812442e-01
5.795107631590944441e-01 9.329030784723409964e-01
-7.917816320804967889e-01 9.698993491271870049e-01
1.461055874384545872e+00 2.227772551391950184e+00
5.795107631590944441e-01 8.219142665078031929e-01
1.877129359477826831e-01 -2.899995855365443062e-02
1.877129359477826831e-01 1.559813947205754836e-01
9.223338619689922524e-01 1.339862055675646868e+00
1.461055874384545872e+00 1.339862055675646868e+00
1.852853701595857494e+00 7.109254545432651673e-01
-7.917816320804967889e-01 3.522642024311559705e+00
1.877129359477826831e-01 8.198885341088352208e-02
1.363106417581717800e+00 2.190776280737104287e+00
4.325865779548525580e-01 2.299739360302674174e-01
3.836118495534385775e-01 8.198885341088352208e-02
1.118232775574647953e+00 4.519515599593433297e-01
1.803878973194443791e+00 1.450850867640184783e+00
1.216182232377476025e+00 6.739291838884192698e-01
8.976347914495473590e-02 8.959068078174949878e-01
9.713085903704062885e-01 9.698993491271870049e-01
1.216182232377476025e+00 1.265869514365954851e+00
-5.716070605928717796e-02 -7.319291009957280547e-01
4.815613063562665386e-01 3.409627479948053597e-01
9.713085903704062885e-01 8.589105371626489793e-01
7.264349483633364413e-01 1.080888161091724919e+00
8.243844051661644023e-01 8.219142665078031929e-01
2.856623927506106164e-01 1.929776653754214644e-01
1.656954787990201794e+00 1.376858326330492766e+00
-8.185977657873204361e-03 -1.029924998633463817e-01
3.836118495534385775e-01 8.589105371626489793e-01
1.387382075463687026e-01 1.189851240657294890e-01
2.440550442412825483e+00 1.487847138295030680e+00
-6.448574468762547918e-01 -1.397861972782955764e+00
1.510030602785960019e+00 1.376858326330492766e+00
6.774602199619224052e-01 8.219142665078031929e-01
3.273120825236862874e+00 4.336559978718170782e+00
5.305360347576806301e-01 1.265869514365954851e+00
1.265156960778889950e+00 1.080888161091724919e+00
-6.938321752776687168e-01 -1.619839596712031815e+00
1.461055874384545872e+00 1.117884431746570817e+00
7.264349483633364413e-01 5.999366425787273638e-01
-1.061354344607011585e-01 -2.509775824827302770e-01
9.713085903704062885e-01 7.109254545432651673e-01
-3.510090764677709640e-01 8.219142665078031929e-01
1.461055874384545872e+00 7.479217251981110648e-01
7.264349483633364413e-01 9.698993491271870049e-01
1.265156960778889950e+00 1.598835950259568595e+00
1.265156960778889950e+00 1.080888161091724919e+00
9.223338619689922524e-01 8.219142665078031929e-01
4.325865779548525580e-01 8.219142665078031929e-01
1.314131689180304097e+00 1.339862055675646868e+00
6.284854915605084802e-01 6.369329132335732613e-01
8.733591335675783274e-01 7.109254545432651673e-01
1.877129359477826831e-01 8.198885341088352208e-02
7.754096767647504773e-01 6.739291838884192698e-01
1.607980059588787647e+00 1.931802386153182560e+00
6.774602199619224052e-01 1.265869514365954851e+00
1.265156960778889950e+00 1.117884431746570817e+00
1.167207503976062100e+00 1.006895619782033124e+00
2.856623927506106164e-01 2.299739360302674174e-01
-1.551101628621151252e-01 7.479217251981110648e-01
1.167207503976062100e+00 7.109254545432651673e-01
7.754096767647504773e-01 5.259441012690352357e-01
1.118232775574647953e+00 1.635832220914414714e+00
1.607980059588787647e+00 1.265869514365954851e+00
1.216182232377476025e+00 1.635832220914414714e+00
2.856623927506106164e-01 3.409627479948053597e-01
1.167207503976062100e+00 1.339862055675646868e+00
9.713085903704062885e-01 6.369329132335732613e-01
1.167207503976062100e+00 1.487847138295030680e+00
8.733591335675783274e-01 1.191876973056263056e+00
1.069258047173234250e+00 1.191876973056263056e+00
8.976347914495473590e-02 4.499258275603753437e-02
8.976347914495473590e-02 2.669702066851133981e-01
3.836118495534385775e-01 4.889478306141893382e-01
-3.020343480663570390e-01 -1.804820949986261747e+00
-2.530596196649430585e-01 4.499258275603753437e-02
-5.716070605928717796e-02 -5.839440183763441317e-01
-1.673326743305948217e+00 -1.656835867366877491e+00
5.795107631590944441e-01 7.996312101191555347e-03
5.795107631590944441e-01 7.479217251981110648e-01
-8.185977657873204361e-03 4.499258275603753437e-02
4.325865779548525580e-01 2.669702066851133981e-01
9.223338619689922524e-01 7.109254545432651673e-01
1.118232775574647953e+00 1.080888161091724919e+00
1.314131689180304097e+00 8.219142665078031929e-01
3.346371211520245970e-01 1.043891890436878800e+00
5.305360347576806301e-01 5.259441012690352357e-01
-2.040848912635291057e-01 2.669702066851133981e-01
8.976347914495473590e-02 1.559813947205754836e-01
1.387382075463687026e-01 7.109254545432651673e-01
1.363106417581717800e+00 1.709824762224106509e+00
1.118232775574647953e+00 8.219142665078031929e-01
1.387382075463687026e-01 4.499258275603753437e-02
4.325865779548525580e-01 5.999366425787273638e-01
1.265156960778889950e+00 1.487847138295030680e+00
6.284854915605084802e-01 6.369329132335732613e-01
1.069258047173234250e+00 2.299739360302674174e-01
2.366876643491966636e-01 4.149552893044974322e-01
3.836118495534385775e-01 1.929776653754214644e-01
1.314131689180304097e+00 1.376858326330492766e+00
6.774602199619224052e-01 -2.509775824827302770e-01
5.305360347576806301e-01 1.006895619782033124e+00
2.366876643491966636e-01 8.589105371626489793e-01
9.223338619689922524e-01 9.329030784723409964e-01
1.265156960778889950e+00 1.413854596985338663e+00
3.346371211520245970e-01 1.559813947205754836e-01
7.264349483633364413e-01 8.219142665078031929e-01
8.243844051661644023e-01 4.519515599593433297e-01
9.713085903704062885e-01 8.219142665078031929e-01
1.559005331187373944e+00 9.329030784723409964e-01
-3.020343480663570390e-01 -1.397861972782955764e+00
2.636449356018481183e+00 1.931802386153182560e+00
1.387382075463687026e-01 1.559813947205754836e-01
1.510030602785960019e+00 4.889478306141893382e-01
5.795107631590944441e-01 5.629403719238812442e-01
3.346371211520245970e-01 4.889478306141893382e-01
9.223338619689922524e-01 8.219142665078031929e-01
1.265156960778889950e+00 1.154880702401416936e+00
1.069258047173234250e+00 5.999366425787273638e-01
8.733591335675783274e-01 1.413854596985338663e+00
2.097727343602927341e+00 1.598835950259568595e+00
1.363106417581717800e+00 8.959068078174949878e-01
9.713085903704062885e-01 5.999366425787273638e-01
8.976347914495473590e-02 8.198885341088352208e-02
-7.428069036790827528e-01 -8.429179129602659692e-01
-1.330503644496050519e+00 -1.545847055402339798e+00
-1.134604730890394597e+00 -6.209402890311900292e-01
-5.958827184748407557e-01 -3.989626651021142001e-01
3.346371211520245970e-01 -1.399887705181923903e-01
-5.958827184748407557e-01 -3.619663944472682471e-01
-1.061354344607011585e-01 -4.359589357569601531e-01
-3.999838048691850001e-01 -1.397861972782955764e+00
-7.428069036790827528e-01 -9.539067249248039948e-01
-9.387058172847385640e-01 -1.545847055402339798e+00
1.877129359477826831e-01 8.198885341088352208e-02
1.877129359477826831e-01 7.479217251981110648e-01
-1.232554187693222669e+00 -1.249876890163571730e+00
-1.526402558101706441e+00 -1.397861972782955764e+00
-2.040848912635291057e-01 5.259441012690352357e-01
-1.036655274087566747e+00 -9.539067249248039948e-01
-1.134604730890394597e+00 -6.949328303408820462e-01
-9.387058172847385640e-01 -5.469477477214981231e-01
-7.428069036790827528e-01 -6.949328303408820462e-01
-1.183579459291808522e+00 -1.027899266234495901e+00
3.836118495534385775e-01 2.669702066851133981e-01
-1.428453101298878369e+00 -1.064895536889341798e+00
-5.958827184748407557e-01 -2.879738531375762856e-01
-1.085630002488980672e+00 -1.619839596712031815e+00
-1.183579459291808522e+00 -1.360865702128109866e+00
-4.489585332705989806e-01 -8.429179129602659692e-01
-8.897310888833246389e-01 -6.579365596860360377e-01
-1.085630002488980672e+00 -1.064895536889341798e+00
-1.673326743305948217e+00 -1.841817220641107422e+00
-6.448574468762547918e-01 -7.319291009957280547e-01
-3.999838048691850001e-01 -5.099514770666521146e-01
-8.407563604819106029e-01 -8.059216423054200718e-01
-1.281528916094636594e+00 -6.949328303408820462e-01
-9.387058172847385640e-01 -2.026798573915337354e+00
-1.183579459291808522e+00 -1.064895536889341798e+00
-1.330503644496050519e+00 -1.027899266234495901e+00
3.346371211520245970e-01 -1.029924998633463817e-01
-1.551101628621151252e-01 -1.878813491295953320e+00
-6.938321752776687168e-01 -4.359589357569601531e-01
8.976347914495473590e-02 3.039664773399594067e-01
-4.979332616720128502e-01 -2.139813118278843240e-01
-1.232554187693222669e+00 -1.029924998633463817e-01
-2.040848912635291057e-01 -1.769850411730383433e-01
-1.477427829700292516e+00 -1.730828408676569730e+00
8.976347914495473590e-02 -1.769850411730383433e-01
-8.407563604819106029e-01 -7.319291009957280547e-01
-6.938321752776687168e-01 -4.729552064118061616e-01
-9.387058172847385640e-01 -7.319291009957280547e-01
-3.020343480663570390e-01 -8.059216423054200718e-01
-1.526402558101706441e+00 -8.799141836151119778e-01
3.836118495534385775e-01 1.929776653754214644e-01
-1.379478372897464444e+00 -1.804820949986261747e+00
-3.999838048691850001e-01 -6.949328303408820462e-01
-1.061354344607011585e-01 -3.249701237924222941e-01
-2.040848912635291057e-01 -3.619663944472682471e-01
-8.407563604819106029e-01 -1.027899266234495901e+00
-1.183579459291808522e+00 -1.064895536889341798e+00
-1.771276200108776289e+00 -1.434858243437801661e+00
6.284854915605084802e-01 -1.029924998633463817e-01
-8.185977657873204361e-03 -2.879738531375762856e-01
-1.232554187693222669e+00 -1.323869431473263747e+00
-2.040848912635291057e-01 -4.359589357569601531e-01
-5.716070605928717796e-02 2.669702066851133981e-01
-1.134604730890394597e+00 -7.689253716505740632e-01
-1.036655274087566747e+00 -7.319291009957280547e-01
-1.134604730890394597e+00 -8.799141836151119778e-01
-8.185977657873204361e-03 -5.469477477214981231e-01
-9.387058172847385640e-01 -1.175884348853879935e+00
-1.085630002488980672e+00 -1.101891807544187918e+00
8.976347914495473590e-02 -1.769850411730383433e-01
-4.489585332705989806e-01 -5.469477477214981231e-01
-8.897310888833246389e-01 -4.729552064118061616e-01
-6.938321752776687168e-01 -2.509775824827302770e-01
-6.938321752776687168e-01 -5.469477477214981231e-01
-5.958827184748407557e-01 -5.839440183763441317e-01
-1.134604730890394597e+00 -1.064895536889341798e+00
-5.716070605928717796e-02 -3.619663944472682471e-01
-3.999838048691850001e-01 -5.469477477214981231e-01
-1.061354344607011585e-01 8.198885341088352208e-02
-1.134604730890394597e+00 -9.539067249248039948e-01
4.815613063562665386e-01 1.635832220914414714e+00
-1.281528916094636594e+00 -9.539067249248039948e-01
-8.897310888833246389e-01 -8.059216423054200718e-01
-2.897694953341297897e+00 -2.063794844570183251e+00
-7.428069036790827528e-01 -3.249701237924222941e-01
-1.085630002488980672e+00 -1.101891807544187918e+00
4.325865779548525580e-01 4.889478306141893382e-01
-6.938321752776687168e-01 -6.579365596860360377e-01
-8.407563604819106029e-01 -8.059216423054200718e-01
-3.436416965756851294e+00 -2.359765009808951319e+00
-9.876805456861527110e-01 -5.839440183763441317e-01
3.346371211520245970e-01 -5.469477477214981231e-01
-1.477427829700292516e+00 -9.909029955796500033e-01
-1.575377286503120366e+00 -1.545847055402339798e+00
-1.183579459291808522e+00 -5.839440183763441317e-01
-8.407563604819106029e-01 -9.539067249248039948e-01
-9.876805456861527110e-01 -1.286873160818417849e+00
-3.020343480663570390e-01 -2.509775824827302770e-01
-1.379478372897464444e+00 -1.212880619508725832e+00
-5.469079900734269417e-01 -6.209402890311900292e-01
-7.917816320804967889e-01 -8.429179129602659692e-01
-5.469079900734269417e-01 -9.169104542699579863e-01
-6.448574468762547918e-01 -6.209402890311900292e-01
-1.330503644496050519e+00 -1.101891807544187918e+00
-5.469079900734269417e-01 -8.429179129602659692e-01
-1.085630002488980672e+00 -1.434858243437801661e+00
-1.183579459291808522e+00 -1.027899266234495901e+00
-2.530596196649430585e-01 -6.599622920850041485e-02
4.325865779548525580e-01 8.198885341088352208e-02
-1.036655274087566747e+00 -8.799141836151119778e-01
-4.979332616720128502e-01 -2.509775824827302770e-01
-8.407563604819106029e-01 -1.619839596712031815e+00
-1.673326743305948217e+00 -1.878813491295953320e+00
-1.183579459291808522e+00 -9.539067249248039948e-01
-3.020343480663570390e-01 -4.729552064118061616e-01
-1.869225656911604139e+00 -2.211779927189567285e+00
-1.232554187693222669e+00 -6.949328303408820462e-01
-9.876805456861527110e-01 -8.429179129602659692e-01
-1.036655274087566747e+00 -9.169104542699579863e-01
-7.917816320804967889e-01 -8.429179129602659692e-01
-9.876805456861527110e-01 -9.169104542699579863e-01
4.078875074354076924e-02 -1.769850411730383433e-01
-2.040848912635291057e-01 -3.249701237924222941e-01
-3.999838048691850001e-01 -2.879738531375762856e-01
6.284854915605084802e-01 3.779590186496514237e-01
2.366876643491966636e-01 -2.509775824827302770e-01
1.387382075463687026e-01 -1.399887705181923903e-01
-3.534366422559679144e+00 -3.654634482728560840e+00
-6.448574468762547918e-01 -6.949328303408820462e-01
-5.958827184748407557e-01 -4.359589357569601531e-01
-8.185977657873204361e-03 -7.689253716505740632e-01
-3.999838048691850001e-01 -1.101891807544187918e+00
-8.897310888833246389e-01 -1.360865702128109866e+00
-1.330503644496050519e+00 -1.175884348853879935e+00
-1.281528916094636594e+00 -9.909029955796500033e-01
8.976347914495473590e-02 9.698993491271870049e-01
-5.958827184748407557e-01 -6.579365596860360377e-01
-8.897310888833246389e-01 -3.989626651021142001e-01
-5.716070605928717796e-02 2.669702066851133981e-01
-1.061354344607011585e-01 -2.509775824827302770e-01
-1.379478372897464444e+00 -1.138888078199033815e+00
-7.917816320804967889e-01 -8.059216423054200718e-01
-3.510090764677709640e-01 -3.619663944472682471e-01
-3.020343480663570390e-01 -5.839440183763441317e-01
-1.183579459291808522e+00 -1.027899266234495901e+00
-6.938321752776687168e-01 -3.249701237924222941e-01
-9.387058172847385640e-01 -1.027899266234495901e+00
-5.716070605928717796e-02 -1.029924998633463817e-01
-2.040848912635291057e-01 -3.249701237924222941e-01
-1.232554187693222669e+00 -1.064895536889341798e+00
-5.958827184748407557e-01 -3.249701237924222941e-01
-3.999838048691850001e-01 -3.619663944472682471e-01
-2.040848912635291057e-01 -5.099514770666521146e-01
4.078875074354076924e-02 -2.899995855365443062e-02
-1.624352014904534292e+00 -1.286873160818417849e+00
-2.040848912635291057e-01 -5.099514770666521146e-01
-5.469079900734269417e-01 -4.729552064118061616e-01
-7.917816320804967889e-01 -4.729552064118061616e-01
-6.938321752776687168e-01 -6.949328303408820462e-01
-1.526402558101706441e+00 -1.397861972782955764e+00
4.325865779548525580e-01 7.996312101191555347e-03
-2.750770768137055455e+00 -2.026798573915337354e+00
-1.551101628621151252e-01 -4.359589357569601531e-01
-1.281528916094636594e+00 -1.027899266234495901e+00
-5.469079900734269417e-01 -7.319291009957280547e-01
-2.530596196649430585e-01 -3.249701237924222941e-01
-6.938321752776687168e-01 5.259441012690352357e-01
-1.036655274087566747e+00 -8.799141836151119778e-01
-9.387058172847385640e-01 -8.059216423054200718e-01
-6.938321752776687168e-01 -1.175884348853879935e+00
-1.477427829700292516e+00 -1.249876890163571730e+00
-1.281528916094636594e+00 -6.579365596860360377e-01
-4.979332616720128502e-01 -6.209402890311900292e-01
