8.400000000000000000e+01
3.010000000000000000e+02
2.630000000000000000e+02
5.900000000000000000e+01
2.570000000000000000e+02
3.350000000000000000e+02
1.610000000000000000e+02
2.890000000000000000e+02
8.000000000000000000e+01
5.200000000000000000e+01
1.700000000000000000e+02
6.100000000000000000e+01
1.040000000000000000e+02
2.860000000000000000e+02
2.020000000000000000e+02
1.270000000000000000e+02
6.500000000000000000e+01
2.310000000000000000e+02
2.070000000000000000e+02
2.250000000000000000e+02
2.170000000000000000e+02
2.670000000000000000e+02
1.400000000000000000e+01
1.400000000000000000e+02
2.000000000000000000e+00
7.600000000000000000e+01
2.900000000000000000e+01
3.280000000000000000e+02
1.870000000000000000e+02
3.330000000000000000e+02
1.750000000000000000e+02
2.110000000000000000e+02
1.140000000000000000e+02
9.500000000000000000e+01
1.130000000000000000e+02
5.800000000000000000e+01
8.200000000000000000e+01
1.120000000000000000e+02
5.700000000000000000e+01
4.200000000000000000e+01
3.600000000000000000e+01
1.440000000000000000e+02
1.970000000000000000e+02
1.240000000000000000e+02
1.490000000000000000e+02
