184
259
730
535
631
1752
711
1060
243
1103
902
307
557
1573
1842
506
177
767
91
413
1345
253
189
1479
1671
1065
1934
439
1057
871
1398
221
1553
704
943
407
635
376
327
1104
1139
249
38
1691
1378
104
1996
45
176
440
1816
1631
559
28
174
1770
857
1302
1940
1987
186
1211
261
1683
1520
1099
1435
1887
79
128
562
398
1160
1447
142
1133
1950
1427
1880
137
1158
1768
1319
1406
1843
1328
131
899
148
611
1916
832
196
1759
1029
1623
1357
1336
1392
1730
0
1448
579
51
168
1585
1119
1829
891
1528
116
46
1840
748
1743
977
1237
790
1502
1616
1250
980
1921
1817
1312
625
1255
1072
1080
1492
695
1106
178
98
1338
1193
349
1111
1265
1032
1937
923
866
167
843
1552
1854
558
237
1165
1846
893
1497
1654
892
1560
668
1803
1343
284
719
1935
1534
888
482
1591
574
1118
1582
1986
24
1716
114
1114
1919
1477
1138
1888
36
671
1627
1786
1889
594
296
702
1362
1965
1615
1419
1462
530
1725
906
223
675
1646
806
1957
789
1798
486
1410
262
1446
1760
53
1369
955
817
924
773
1806
433
859
1579
968
696
1095
800
875
1672
946
1565
1989
364
768
235
403
595
1081
863
1142
67
1701
475
1959
1107
1508
1939
1900
1787
626
1383
1507
293
544
301
134
1629
1982
88
15
966
952
1364
1908
1413
16
1223
1272
1731
1754
1538
1984
1386
22
1276
867
537
410
942
1788
1639
1949
793
514
1726
1693
1196
735
762
381
581
1349
849
1825
634
1460
367
1994
1179
30
713
1210
1467
1310
1690
901
1231
