4.990000000000000000e+02
1.000000000000000000e+00
1.056000000000000000e+03
1.020000000000000000e+03
3.920000000000000000e+02
1.688000000000000000e+03
9.320000000000000000e+02
1.307000000000000000e+03
1.929000000000000000e+03
4.350000000000000000e+02
6.020000000000000000e+02
1.470000000000000000e+03
4.090000000000000000e+02
6.360000000000000000e+02
1.451000000000000000e+03
1.305000000000000000e+03
1.219000000000000000e+03
5.020000000000000000e+02
1.247000000000000000e+03
2.630000000000000000e+02
1.832000000000000000e+03
9.230000000000000000e+02
1.452000000000000000e+03
1.487000000000000000e+03
1.309000000000000000e+03
6.630000000000000000e+02
1.888000000000000000e+03
1.964000000000000000e+03
1.149000000000000000e+03
1.483000000000000000e+03
6.340000000000000000e+02
1.270000000000000000e+02
6.950000000000000000e+02
1.420000000000000000e+03
1.766000000000000000e+03
1.901000000000000000e+03
4.120000000000000000e+02
5.660000000000000000e+02
4.600000000000000000e+02
1.661000000000000000e+03
1.678000000000000000e+03
1.679000000000000000e+03
1.335000000000000000e+03
9.290000000000000000e+02
7.760000000000000000e+02
1.008000000000000000e+03
1.822000000000000000e+03
7.850000000000000000e+02
3.650000000000000000e+02
5.410000000000000000e+02
7.120000000000000000e+02
1.109000000000000000e+03
1.785000000000000000e+03
1.223000000000000000e+03
1.368000000000000000e+03
1.674000000000000000e+03
4.730000000000000000e+02
1.571000000000000000e+03
4.000000000000000000e+00
1.030000000000000000e+03
1.168000000000000000e+03
8.260000000000000000e+02
1.623000000000000000e+03
1.764000000000000000e+03
5.800000000000000000e+01
1.959000000000000000e+03
1.983000000000000000e+03
1.715000000000000000e+03
1.178000000000000000e+03
6.270000000000000000e+02
9.010000000000000000e+02
1.360000000000000000e+03
1.899000000000000000e+03
1.095000000000000000e+03
5.780000000000000000e+02
1.306000000000000000e+03
7.280000000000000000e+02
9.200000000000000000e+01
3.270000000000000000e+02
5.700000000000000000e+01
7.070000000000000000e+02
4.770000000000000000e+02
1.186000000000000000e+03
8.130000000000000000e+02
9.190000000000000000e+02
1.310000000000000000e+03
1.879000000000000000e+03
1.241000000000000000e+03
1.970000000000000000e+02
1.099000000000000000e+03
6.040000000000000000e+02
3.130000000000000000e+02
6.650000000000000000e+02
2.260000000000000000e+02
4.370000000000000000e+02
8.560000000000000000e+02
3.420000000000000000e+02
3.290000000000000000e+02
6.740000000000000000e+02
1.234000000000000000e+03
1.052000000000000000e+03
1.482000000000000000e+03
2.400000000000000000e+02
3.150000000000000000e+02
7.820000000000000000e+02
8.730000000000000000e+02
7.430000000000000000e+02
1.761000000000000000e+03
2.300000000000000000e+01
1.011000000000000000e+03
1.254000000000000000e+03
1.430000000000000000e+02
9.930000000000000000e+02
3.840000000000000000e+02
9.360000000000000000e+02
4.210000000000000000e+02
6.770000000000000000e+02
2.010000000000000000e+02
1.378000000000000000e+03
7.160000000000000000e+02
1.348000000000000000e+03
1.607000000000000000e+03
1.870000000000000000e+03
2.690000000000000000e+02
1.058000000000000000e+03
1.989000000000000000e+03
1.517000000000000000e+03
1.376000000000000000e+03
1.382000000000000000e+03
1.250000000000000000e+03
4.980000000000000000e+02
4.000000000000000000e+01
1.746000000000000000e+03
1.769000000000000000e+03
6.440000000000000000e+02
1.300000000000000000e+02
3.360000000000000000e+02
1.476000000000000000e+03
1.966000000000000000e+03
9.300000000000000000e+01
1.418000000000000000e+03
2.940000000000000000e+02
8.450000000000000000e+02
1.922000000000000000e+03
1.071000000000000000e+03
8.150000000000000000e+02
1.366000000000000000e+03
1.967000000000000000e+03
5.270000000000000000e+02
1.537000000000000000e+03
8.490000000000000000e+02
7.190000000000000000e+02
8.700000000000000000e+01
2.810000000000000000e+02
8.000000000000000000e+02
1.474000000000000000e+03
1.677000000000000000e+03
1.694000000000000000e+03
1.001000000000000000e+03
1.493000000000000000e+03
1.620000000000000000e+03
9.850000000000000000e+02
1.389000000000000000e+03
3.500000000000000000e+01
9.820000000000000000e+02
1.387000000000000000e+03
6.530000000000000000e+02
7.920000000000000000e+02
1.658000000000000000e+03
1.840000000000000000e+02
2.720000000000000000e+02
7.750000000000000000e+02
1.763000000000000000e+03
1.579000000000000000e+03
1.446000000000000000e+03
1.066000000000000000e+03
2.030000000000000000e+02
1.495000000000000000e+03
1.556000000000000000e+03
1.380000000000000000e+03
4.430000000000000000e+02
1.808000000000000000e+03
9.810000000000000000e+02
1.282000000000000000e+03
6.580000000000000000e+02
1.004000000000000000e+03
1.398000000000000000e+03
1.373000000000000000e+03
1.116000000000000000e+03
1.900000000000000000e+02
1.403000000000000000e+03
4.390000000000000000e+02
2.600000000000000000e+02
1.580000000000000000e+02
1.887000000000000000e+03
1.500000000000000000e+02
2.250000000000000000e+02
3.540000000000000000e+02
1.130000000000000000e+03
1.220000000000000000e+02
1.297000000000000000e+03
8.300000000000000000e+01
1.380000000000000000e+02
1.779000000000000000e+03
1.992000000000000000e+03
1.314000000000000000e+03
4.930000000000000000e+02
8.510000000000000000e+02
7.010000000000000000e+02
4.460000000000000000e+02
1.221000000000000000e+03
1.880000000000000000e+02
1.686000000000000000e+03
1.096000000000000000e+03
1.295000000000000000e+03
2.170000000000000000e+02
1.188000000000000000e+03
6.540000000000000000e+02
7.060000000000000000e+02
0.000000000000000000e+00
1.773000000000000000e+03
1.199000000000000000e+03
3.970000000000000000e+02
1.337000000000000000e+03
4.700000000000000000e+01
1.924000000000000000e+03
1.720000000000000000e+03
4.060000000000000000e+02
1.603000000000000000e+03
1.650000000000000000e+03
1.533000000000000000e+03
9.600000000000000000e+01
5.010000000000000000e+02
4.500000000000000000e+02
7.810000000000000000e+02
1.903000000000000000e+03
1.220000000000000000e+03
3.180000000000000000e+02
4.010000000000000000e+02
3.050000000000000000e+02
1.819000000000000000e+03
1.496000000000000000e+03
3.060000000000000000e+02
1.206000000000000000e+03
6.550000000000000000e+02
1.800000000000000000e+03
1.813000000000000000e+03
9.120000000000000000e+02
1.019000000000000000e+03
1.740000000000000000e+03
1.020000000000000000e+02
1.921000000000000000e+03
1.799000000000000000e+03
5.000000000000000000e+01
5.590000000000000000e+02
8.030000000000000000e+02
1.043000000000000000e+03
4.230000000000000000e+02
6.490000000000000000e+02
1.355000000000000000e+03
1.960000000000000000e+03
8.960000000000000000e+02
8.470000000000000000e+02
1.523000000000000000e+03
2.980000000000000000e+02
4.540000000000000000e+02
1.250000000000000000e+02
1.420000000000000000e+02
8.650000000000000000e+02
1.278000000000000000e+03
2.360000000000000000e+02
1.820000000000000000e+02
1.146000000000000000e+03
1.324000000000000000e+03
1.684000000000000000e+03
2.540000000000000000e+02
2.800000000000000000e+02
5.400000000000000000e+02
2.990000000000000000e+02
5.100000000000000000e+01
1.536000000000000000e+03
8.310000000000000000e+02
1.823000000000000000e+03
1.872000000000000000e+03
1.125000000000000000e+03
3.190000000000000000e+02
9.710000000000000000e+02
1.788000000000000000e+03
4.690000000000000000e+02
1.930000000000000000e+02
5.090000000000000000e+02
3.000000000000000000e+00
6.300000000000000000e+01
1.543000000000000000e+03
1.995000000000000000e+03
1.996000000000000000e+03
9.940000000000000000e+02
8.880000000000000000e+02
1.745000000000000000e+03
7.710000000000000000e+02
