-6.341847893422386528e-01 -2.343958445814936731e+00
-5.601515148878291050e-01 -1.267331815731192357e+00
-4.070228617428109930e-01 8.859214444362959462e-01
-3.804468145027665726e-01 3.965457034891394783e-01
-4.317006198942808792e-01 -2.050333001246642972e+00
-1.944144838224552974e-01 6.901711480574332924e-01
-4.380282501895295666e-01 5.922959998680020766e-01
-5.122513535527966066e-01 1.029202589208456087e-01
1.903194959052482815e+00 1.375297185383452359e+00
2.277157909501680066e+00 1.179546889004589705e+00
-4.076556247723359117e-01 2.007954071102768800e-01
3.453323803622572186e-01 5.922959998680020766e-01
5.743925970502594680e-01 7.880462962468646193e-01
-6.171001875450672358e-01 -1.907051856474482610e-01
1.033637978719476602e-01 8.859214444362959462e-01
-3.095773551959813408e-01 1.029202589208456087e-01
2.155034644803380139e+00 1.179546889004589705e+00
-4.082883878018607748e-01 7.880462962468646193e-01
-6.063432160431444506e-01 -6.800809265946047288e-01
-5.297788894706354501e-01 -1.907051856474482610e-01
-5.576204627697296523e-01 -1.907051856474482610e-01
-3.646277387646448265e-01 6.901711480574332924e-01
-2.406061849777706985e-01 -1.365206963920623684e+00
-1.849230383795822941e-01 3.965457034891394783e-01
1.042004475869137137e+00 8.859214444362959462e-01
-3.026169618712077902e-01 4.944208516785707497e-01
-6.196312396631666886e-01 -1.463082112110055011e+00
-6.411451826670122589e-01 -1.658832408488917665e+00
-6.120380833088683303e-01 -6.800809265946047288e-01
-5.772361166850005221e-01 -1.658832408488917665e+00
1.990516257126914601e+00 1.277422037194021032e+00
-4.519490368390766677e-01 2.986705552997082069e-01
-2.075759548365725682e-01 1.029202589208456087e-01
-6.240605808698408419e-01 -2.050333001246642972e+00
-6.164674245155423726e-01 -1.854582704867780096e+00
-5.520661732698431412e-02 1.081671740815158600e+00
-4.747285059019719089e-01 4.944208516785707497e-01
-3.551362933217718232e-01 4.944208516785707497e-01
-6.025466378659952715e-01 -2.885803338368795323e-01
-5.253495482639614078e-01 -1.365206963920623684e+00
-6.405124196374873957e-01 -1.952457853057211423e+00
-2.665494691882902556e-01 1.081671740815158600e+00
-5.879930881869233072e-01 -1.071581519352329925e+00
2.086555659848857158e-01 7.880462962468646193e-01
1.033005215689951628e-01 1.081671740815158600e+00
8.021872876792121021e-01 1.179546889004589705e+00
4.003827639309207598e-01 8.859214444362959462e-01
3.091523928500185203e+00 9.837965926257271621e-01
-4.742222954783520406e-01 -9.283003745801697570e-02
-5.785016427440502484e-01 -1.267331815731192357e+00
-3.722208951189432402e-01 4.944208516785707497e-01
-4.515693790213617387e-01 3.965457034891394783e-01
-5.608475542203065212e-01 -1.463082112110055011e+00
-4.196781223333083677e-01 6.901711480574332924e-01
-5.361065197658840820e-01 2.007954071102768800e-01
-4.298023308057062897e-01 3.965457034891394783e-01
2.978751531478921466e-01 -1.756707556678348991e+00
-6.310209741946143369e-01 -7.779560747840359447e-01
2.529489780516264719e-01 4.944208516785707497e-01
-6.322865002536640633e-01 -1.267331815731192357e+00
-5.019373161715412479e-01 1.029202589208456087e-01
-4.013279944770872243e-01 1.029202589208456087e-01
2.394851832993305507e+00 1.179546889004589705e+00
2.023419934662207709e+00 1.277422037194021032e+00
-1.918834317043558446e-01 -7.779560747840359447e-01
-6.253261069288905682e-01 -1.169456667541761252e+00
-4.937113967877179710e-01 3.965457034891394783e-01
2.035442432223180109e+00 1.179546889004589705e+00
-6.076087421021941770e-01 -1.071581519352329925e+00
1.162862214508387115e+00 1.081671740815158600e+00
-2.886961752216606891e-01 6.901711480574332924e-01
-4.804233731676957331e-01 2.007954071102768800e-01
-6.253261069288905682e-01 -9.737063711628985985e-01
-6.341847893422386528e-01 -1.952457853057211423e+00
-5.601515148878291050e-01 -9.283003745801697570e-02
-6.082415051317191512e-01 -6.800809265946047288e-01
-5.361065197658840820e-01 3.965457034891394783e-01
1.605655757409957252e-01 4.944208516785707497e-01
1.885477594225786424e+00 1.375297185383452359e+00
-5.822982209211995386e-01 -3.864554820263108592e-01
-5.228184961458618440e-01 2.986705552997082069e-01
1.929897558898432175e+00 1.179546889004589705e+00
-4.260057526285570551e-01 2.986705552997082069e-01
-5.126942876734640331e-01 5.045110731414313883e-03
2.487867998333460839e+00 1.179546889004589705e+00
9.129208178460640477e-01 1.277422037194021032e+00
1.579853050965275063e+00 1.277422037194021032e+00
-3.418482697017495853e-01 3.965457034891394783e-01
1.767783670734160983e+00 1.473172333572883685e+00
-4.405593023076290193e-01 4.944208516785707497e-01
-2.614873649520913501e-01 -2.885803338368795323e-01
-6.012811118069455452e-01 -1.365206963920623684e+00
-5.883094697016857388e-01 -9.283003745801697570e-02
7.123349374866807526e-01 1.081671740815158600e+00
1.781071694354183332e+00 9.837965926257271621e-01
-6.031794008955201347e-01 5.045110731414313883e-03
-6.025466378659952715e-01 -2.885803338368795323e-01
-2.141566903436311897e-01 5.922959998680020766e-01
1.004530879361332646e-01 4.944208516785707497e-01
-6.131137804590606200e-01 -1.071581519352329925e+00
-2.481993413320691122e-01 3.965457034891394783e-01
-5.816654578916746754e-01 -2.246083297625505182e+00
-6.392468935784376693e-01 -9.737063711628985985e-01
8.336848613896181981e-02 5.922959998680020766e-01
1.010858509656581278e-01 3.965457034891394783e-01
4.721521492556244759e+00 1.179546889004589705e+00
-3.880399708570649864e-01 5.922959998680020766e-01
-6.240605808698408419e-01 -7.779560747840359447e-01
-6.316537372241392001e-01 -1.463082112110055011e+00
-2.089680335015272894e-01 5.922959998680020766e-01
-4.203108853628332309e-01 3.965457034891394783e-01
-6.133036093679180567e-01 -1.952457853057211423e+00
4.054448681671197208e-01 1.179546889004589705e+00
-5.968517706002715029e-01 -1.071581519352329925e+00
-2.450355261844447685e-01 3.965457034891394783e-01
-1.850636161454195794e-02 7.880462962468646193e-01
-4.005686788416573663e-01 2.007954071102768800e-01
-5.436996761201825512e-01 -9.283003745801697570e-02
-2.886961752216606891e-01 5.922959998680020766e-01
-4.867510034629444204e-01 2.986705552997082069e-01
-6.265916329879402946e-01 -1.952457853057211423e+00
-6.360830784308132424e-01 -5.822057784051734020e-01
-3.842433926799157518e-01 -6.800809265946047288e-01
-6.246933438993657051e-01 -9.283003745801697570e-02
2.523302727986853622e+00 1.179546889004589705e+00
1.117936039412121385e+00 1.179546889004589705e+00
-5.816654578916746754e-01 4.944208516785707497e-01
-6.291226851060397474e-01 -1.658832408488917665e+00
-5.766033536554756589e-01 -1.952457853057211423e+00
4.859463832992666710e+00 1.277422037194021032e+00
1.263963721466528634e-01 7.880462962468646193e-01
-5.879930881869233072e-01 -9.283003745801697570e-02
-5.721740124488016166e-01 5.922959998680020766e-01
-2.589563128339918419e-01 7.880462962468646193e-01
-5.860947990983487177e-01 -6.800809265946047288e-01
-5.120615246439391699e-01 3.965457034891394783e-01
-3.975314162999379897e-01 4.944208516785707497e-01
-5.304116525001603133e-01 3.965457034891394783e-01
1.017186139951829910e-01 7.880462962468646193e-01
6.509569236227685796e-01 1.081671740815158600e+00
1.093117703494814186e-01 7.880462962468646193e-01
-5.569876997402047891e-01 1.029202589208456087e-01
-1.482227826671399240e-01 4.944208516785707497e-01
-4.128583067743721302e-02 -9.283003745801697570e-02
-6.240605808698408419e-01 -1.756707556678348991e+00
-3.000859097531082820e-01 5.922959998680020766e-01
-4.740957428724470457e-01 3.965457034891394783e-01
-5.854620360688238545e-01 -1.907051856474482610e-01
3.307788306831852543e-01 4.944208516785707497e-01
-5.886258512164481704e-01 -1.169456667541761252e+00
-2.425044740663452880e-01 5.922959998680020766e-01
-6.297554481355646105e-01 -1.952457853057211423e+00
1.549480425548081408e+00 1.179546889004589705e+00
2.700335798487979444e-01 6.901711480574332924e-01
8.692601688088480438e-01 9.837965926257271621e-01
-5.753378275964259325e-01 -1.907051856474482610e-01
-6.411451826670122589e-01 -1.756707556678348991e+00
-2.817357818968871386e-01 -1.560957260299486338e+00
-5.866642858249211390e-01 -3.864554820263108592e-01
1.372306777281118384e+00 1.277422037194021032e+00
-5.367392827954089451e-01 5.922959998680020766e-01
-3.247636679045781682e-01 3.965457034891394783e-01
-5.798304451060525277e-01 -1.560957260299486338e+00
-5.785016427440502484e-01 -9.737063711628985985e-01
-3.342551133474511715e-01 1.029202589208456087e-01
-4.905475816400935996e-01 -2.148208149436074077e+00
2.573291007319318258e+00 1.277422037194021032e+00
3.483837006805603487e+00 1.375297185383452359e+00
-5.177563919096629386e-01 5.922959998680020766e-01
-6.120380833088683303e-01 -9.283003745801697570e-02
-6.227950548107911155e-01 -1.169456667541761252e+00
-4.702991646952978111e-01 1.029202589208456087e-01
-4.943441598172428342e-01 -6.800809265946047288e-01
-6.246933438993657051e-01 -4.843306302157421306e-01
-4.880165295219941468e-01 3.965457034891394783e-01
3.965861857537715807e-01 1.029202589208456087e-01
-4.418248283666787457e-01 5.922959998680020766e-01
-5.900319550413352099e-02 3.965457034891394783e-01
-4.702991646952978111e-01 -2.885803338368795323e-01
-6.234278178403159787e-01 -1.463082112110055011e+00
-4.468869326028777067e-01 5.045110731414313883e-03
1.008468035304319166e+00 8.859214444362959462e-01
2.222107525933016525e+00 1.081671740815158600e+00
2.360682629398962451e+00 1.081671740815158600e+00
-1.273416026928192724e-01 7.880462962468646193e-01
-5.924224293935973495e-01 5.045110731414313883e-03
-5.025700792010661111e-01 2.007954071102768800e-01
-6.596358882890707154e-02 5.922959998680020766e-01
-5.936879554526470759e-01 5.922959998680020766e-01
-5.972947047209389293e-01 -1.658832408488917665e+00
-1.037395416915417035e-01 1.029202589208456087e-01
-5.898913772754978968e-01 -4.843306302157421306e-01
-5.898913772754978968e-01 -2.246083297625505182e+00
-6.284899220765148842e-01 -2.343958445814936731e+00
