0
756
828
755
754
753
383
181
820
167
1
405
69
752
144
379
159
381
795
171
148
168
175
177
179
182
382
153
385
819
180
125
145
514
121
751
386
174
158
818
152
155
157
160
122
509
151
136
506
746
799
102
178
827
387
503
817
404
79
500
798
130
816
135
815
499
165
401
797
128
384
396
129
132
134
137
380
511
164
169
172
156
142
539
98
742
796
141
146
149
481
389
750
99
747
529
688
507
119
749
748
501
471
118
123
126
504
482
505
530
502
183
652
846
1003
483
537
741
826
540
162
484
112
173
474
19
38
33
56
538
139
400
133
478
9
29
75
496
163
473
166
150
358
76
357
705
523
333
116
113
