9.070000000000000000e+02
1.936000000000000000e+03
1.186000000000000000e+03
2.700000000000000000e+02
1.128000000000000000e+03
1.631000000000000000e+03
1.489000000000000000e+03
4.600000000000000000e+01
9.340000000000000000e+02
2.220000000000000000e+02
1.095000000000000000e+03
6.200000000000000000e+01
1.263000000000000000e+03
8.700000000000000000e+02
1.529000000000000000e+03
7.380000000000000000e+02
1.227000000000000000e+03
1.736000000000000000e+03
9.990000000000000000e+02
1.792000000000000000e+03
8.870000000000000000e+02
3.310000000000000000e+02
1.800000000000000000e+01
1.898000000000000000e+03
2.000000000000000000e+02
1.014000000000000000e+03
1.347000000000000000e+03
7.760000000000000000e+02
1.231000000000000000e+03
1.675000000000000000e+03
6.800000000000000000e+02
7.770000000000000000e+02
1.294000000000000000e+03
1.386000000000000000e+03
1.125000000000000000e+03
1.511000000000000000e+03
3.620000000000000000e+02
1.845000000000000000e+03
7.800000000000000000e+02
6.750000000000000000e+02
2.520000000000000000e+02
1.662000000000000000e+03
1.618000000000000000e+03
9.200000000000000000e+02
1.458000000000000000e+03
5.010000000000000000e+02
8.200000000000000000e+01
7.600000000000000000e+02
1.691000000000000000e+03
5.380000000000000000e+02
1.593000000000000000e+03
7.610000000000000000e+02
1.903000000000000000e+03
1.674000000000000000e+03
3.150000000000000000e+02
4.750000000000000000e+02
1.476000000000000000e+03
1.630000000000000000e+03
1.455000000000000000e+03
1.696000000000000000e+03
3.370000000000000000e+02
9.550000000000000000e+02
3.540000000000000000e+02
8.930000000000000000e+02
1.461000000000000000e+03
1.061000000000000000e+03
6.690000000000000000e+02
4.280000000000000000e+02
1.955000000000000000e+03
3.610000000000000000e+02
1.836000000000000000e+03
4.880000000000000000e+02
1.756000000000000000e+03
5.590000000000000000e+02
1.268000000000000000e+03
1.873000000000000000e+03
1.500000000000000000e+02
1.278000000000000000e+03
1.301000000000000000e+03
1.752000000000000000e+03
1.562000000000000000e+03
5.450000000000000000e+02
1.481000000000000000e+03
1.757000000000000000e+03
7.200000000000000000e+01
8.840000000000000000e+02
1.588000000000000000e+03
1.217000000000000000e+03
1.990000000000000000e+03
1.463000000000000000e+03
5.890000000000000000e+02
5.800000000000000000e+02
1.528000000000000000e+03
1.849000000000000000e+03
9.080000000000000000e+02
6.720000000000000000e+02
1.214000000000000000e+03
1.611000000000000000e+03
1.380000000000000000e+02
1.607000000000000000e+03
7.020000000000000000e+02
1.863000000000000000e+03
1.317000000000000000e+03
1.471000000000000000e+03
9.060000000000000000e+02
4.430000000000000000e+02
1.468000000000000000e+03
8.460000000000000000e+02
1.077000000000000000e+03
2.570000000000000000e+02
2.940000000000000000e+02
4.840000000000000000e+02
6.550000000000000000e+02
6.160000000000000000e+02
1.791000000000000000e+03
1.080000000000000000e+02
1.106000000000000000e+03
1.878000000000000000e+03
1.683000000000000000e+03
2.400000000000000000e+01
1.113000000000000000e+03
1.731000000000000000e+03
1.647000000000000000e+03
1.652000000000000000e+03
1.025000000000000000e+03
1.023000000000000000e+03
1.093000000000000000e+03
1.913000000000000000e+03
1.170000000000000000e+02
1.094000000000000000e+03
1.606000000000000000e+03
1.392000000000000000e+03
6.360000000000000000e+02
1.699000000000000000e+03
9.400000000000000000e+01
1.183000000000000000e+03
1.286000000000000000e+03
8.400000000000000000e+01
3.330000000000000000e+02
1.303000000000000000e+03
6.500000000000000000e+01
1.267000000000000000e+03
1.200000000000000000e+02
5.390000000000000000e+02
1.122000000000000000e+03
1.883000000000000000e+03
7.390000000000000000e+02
1.840000000000000000e+03
1.854000000000000000e+03
7.460000000000000000e+02
1.333000000000000000e+03
1.560000000000000000e+03
2.280000000000000000e+02
7.820000000000000000e+02
3.200000000000000000e+01
1.526000000000000000e+03
6.250000000000000000e+02
1.232000000000000000e+03
8.980000000000000000e+02
4.510000000000000000e+02
1.028000000000000000e+03
1.440000000000000000e+02
1.360000000000000000e+03
9.820000000000000000e+02
7.120000000000000000e+02
1.340000000000000000e+03
1.879000000000000000e+03
2.530000000000000000e+02
5.700000000000000000e+01
7.740000000000000000e+02
1.716000000000000000e+03
8.800000000000000000e+01
1.290000000000000000e+03
6.710000000000000000e+02
9.940000000000000000e+02
1.245000000000000000e+03
8.850000000000000000e+02
4.010000000000000000e+02
5.920000000000000000e+02
1.612000000000000000e+03
1.874000000000000000e+03
1.441000000000000000e+03
9.020000000000000000e+02
6.410000000000000000e+02
1.567000000000000000e+03
5.500000000000000000e+02
3.390000000000000000e+02
1.339000000000000000e+03
5.820000000000000000e+02
1.270000000000000000e+03
1.357000000000000000e+03
9.840000000000000000e+02
1.750000000000000000e+03
1.732000000000000000e+03
1.847000000000000000e+03
1.382000000000000000e+03
3.300000000000000000e+02
1.246000000000000000e+03
2.490000000000000000e+02
2.830000000000000000e+02
1.009000000000000000e+03
4.630000000000000000e+02
3.090000000000000000e+02
1.100000000000000000e+02
1.240000000000000000e+02
1.655000000000000000e+03
9.140000000000000000e+02
4.400000000000000000e+01
1.308000000000000000e+03
2.120000000000000000e+02
1.930000000000000000e+02
4.550000000000000000e+02
7.800000000000000000e+01
1.444000000000000000e+03
7.910000000000000000e+02
1.566000000000000000e+03
4.200000000000000000e+01
1.383000000000000000e+03
1.194000000000000000e+03
1.892000000000000000e+03
1.447000000000000000e+03
1.316000000000000000e+03
4.690000000000000000e+02
3.800000000000000000e+02
1.782000000000000000e+03
1.266000000000000000e+03
1.670000000000000000e+02
1.099000000000000000e+03
1.787000000000000000e+03
1.371000000000000000e+03
1.400000000000000000e+03
5.000000000000000000e+01
1.319000000000000000e+03
8.220000000000000000e+02
1.251000000000000000e+03
8.560000000000000000e+02
5.950000000000000000e+02
1.680000000000000000e+03
1.960000000000000000e+02
2.630000000000000000e+02
1.165000000000000000e+03
6.400000000000000000e+02
7.240000000000000000e+02
1.658000000000000000e+03
1.810000000000000000e+02
1.915000000000000000e+03
5.630000000000000000e+02
1.668000000000000000e+03
8.060000000000000000e+02
1.608000000000000000e+03
7.400000000000000000e+01
6.900000000000000000e+02
1.439000000000000000e+03
8.960000000000000000e+02
1.204000000000000000e+03
2.340000000000000000e+02
1.920000000000000000e+02
1.420000000000000000e+03
7.520000000000000000e+02
1.222000000000000000e+03
1.916000000000000000e+03
8.690000000000000000e+02
5.600000000000000000e+02
7.660000000000000000e+02
2.230000000000000000e+02
1.543000000000000000e+03
6.340000000000000000e+02
2.840000000000000000e+02
1.330000000000000000e+02
8.370000000000000000e+02
9.480000000000000000e+02
1.070000000000000000e+03
1.133000000000000000e+03
1.136000000000000000e+03
1.894000000000000000e+03
9.900000000000000000e+01
4.790000000000000000e+02
1.163000000000000000e+03
1.519000000000000000e+03
1.669000000000000000e+03
1.958000000000000000e+03
1.249000000000000000e+03
2.000000000000000000e+00
1.373000000000000000e+03
1.226000000000000000e+03
6.080000000000000000e+02
1.473000000000000000e+03
8.890000000000000000e+02
2.110000000000000000e+02
8.790000000000000000e+02
3.430000000000000000e+02
1.137000000000000000e+03
1.342000000000000000e+03
1.518000000000000000e+03
2.100000000000000000e+01
1.120000000000000000e+03
1.259000000000000000e+03
9.740000000000000000e+02
1.956000000000000000e+03
1.167000000000000000e+03
