1021
563
1830
1122
1432
1417
1237
1802
56
1928
730
785
1050
1854
1884
1790
43
331
1885
1893
1000
1626
1813
802
423
721
1506
291
1344
922
335
1128
166
615
822
724
753
1618
1590
159
577
1570
1764
1327
1365
862
1147
1019
1627
53
1348
1068
876
1702
1497
358
1182
1064
1036
1368
218
370
1891
903
1020
1964
1215
207
584
327
472
119
1137
465
1106
1652
597
1827
669
938
535
451
1499
142
1562
1824
1388
506
1247
1816
1005
595
100
1045
1745
545
1328
1245
329
1587
345
1372
1664
1765
455
1714
1484
1177
179
1663
259
1759
1654
741
1041
1407
650
298
1354
731
1929
1261
1800
463
517
524
1789
643
901
353
457
882
1190
65
145
444
1359
1205
843
573
170
951
1086
570
1253
1452
962
888
997
667
1555
1752
539
1306
303
1010
231
1176
1770
893
1431
1645
181
1173
222
956
1437
13
1463
945
1248
1623
220
390
606
113
1101
1393
1385
1999
102
1390
552
1202
1660
952
1913
619
1536
149
16
562
514
1611
654
169
609
1810
850
817
1517
1806
1778
12
743
107
340
1923
1988
1028
969
1103
1740
565
172
1512
501
260
1221
1636
516
549
1625
1439
1257
1692
689
513
525
1235
855
899
160
1232
1292
1133
326
67
662
158
382
512
1699
1717
671
1959
523
1102
515
1930
649
1973
520
1744
1124
1234
1878
1511
774
1569
1297
203
656
484
1427
1504
94
794
990
670
1927
1300
11
879
559
1136
401
1843
875
1254
1769
1410
1675
902
1794
1374
1683
1059
1788
1748
1949
255
433
1480
633
115
1833
1851
381
1171
