704
1839
420
1593
1269
9
1842
760
131
1681
807
1951
1000
634
1173
1302
1573
285
1794
1233
895
1084
1415
1880
1207
874
1131
1189
223
711
1089
623
837
1671
1550
279
749
102
1582
773
1070
1125
1323
829
569
1466
319
141
417
132
139
1812
1889
929
611
734
810
1649
424
512
1124
440
1850
694
931
1612
737
1144
1648
1995
1382
868
1254
453
19
682
542
1972
1365
949
335
22
785
1883
1366
877
918
1427
6
945
411
608
148
1897
100
185
561
371
601
1975
686
1516
1832
1864
1394
1584
1756
187
1915
287
380
220
928
1478
968
1967
786
527
1496
1252
596
653
1580
537
717
600
1051
1028
1056
297
1078
1629
540
1255
1272
91
320
1697
30
1111
1664
1196
1831
233
474
1061
189
991
764
1460
1551
1733
1844
329
951
1406
1611
622
789
1526
556
661
1348
1898
1952
1560
98
1904
1549
1650
1099
1285
29
672
1895
274
1753
791
1191
1108
322
809
359
735
1127
1247
763
1986
63
986
1816
695
602
957
1140
1645
1381
1451
1538
1534
1769
893
1764
1906
167
1807
1543
1737
910
1333
1178
299
640
1983
1810
1965
408
963
80
1004
1819
436
660
1920
252
391
1270
1557
1651
524
1152
1238
973
1145
1324
311
1115
913
345
504
1826
1735
123
1150
1656
894
1175
1504
248
157
266
304
995
54
407
1695
318
384
1126
1856
110
728
1563
637
1702
1746
1360
1364
177
237
281
309
410
493
820
1278
1474
1747
1529
1592
1595
1642
575
1180
1498
1744
58
549
482
1071
1159
1208
1447
817
1307
210
83
641
779
975
