   2.2774378e-01   5.9881375e-01
   4.0565988e-01   4.6885602e-01
  -2.7164892e+00  -2.3634710e+00
   3.8954111e-01   3.2810225e-01
  -1.0429849e+00  -1.4263485e+00
  -3.3576755e-01  -7.1672731e-01
  -6.6178128e-01  -8.6361450e-01
   5.0498094e-01   5.8804879e-01
  -4.6330726e-01  -1.0087859e+00
   3.1040276e-01   3.7951386e-01
   4.3643684e-01   6.0367888e-01
  -4.3066266e-01  -8.5032041e-01
   2.1418945e-01   4.5552531e-01
   3.2757219e-01   1.2402783e-01
   2.5352294e-01   3.1894380e-01
   2.6035485e-01   6.2271083e-01
   1.7589768e-01   1.6925871e-01
   5.4015227e-01   6.4394910e-01
  -1.1486592e+00  -1.4067580e+00
   1.8084274e-01  -1.0198452e-01
  -1.0072856e+00  -1.3143173e+00
   4.5984017e-01   4.7589734e-01
   4.5578097e-01   6.4341301e-01
  -9.3302496e-01  -1.3701509e+00
   2.8166205e-01   1.2438940e-01
   3.3304848e-01   3.8967102e-01
   4.5291286e-01   5.5408466e-01
   2.0524358e-01  -7.8977525e-02
  -7.7272210e-01  -1.0587433e+00
   4.4189618e-01   6.0046474e-01
   2.5882091e-02  -1.7533954e-01
   5.0027431e-01   6.7463713e-01
   2.2284319e-01   5.4959387e-02
  -9.5014881e+00  -8.2281372e+00
  -1.0736681e+00  -1.4239962e+00
  -4.0686037e-02  -2.1334856e-01
   2.1363458e-01   5.1765823e-01
   2.3807096e-01   3.0193913e-01
   4.2687540e-01   4.9470652e-01
  -1.2115517e+00  -1.4505797e+00
   3.7832753e-01   6.7245937e-01
   5.8691671e-02  -3.3685736e-01
   4.3758344e-01   5.4541592e-01
   2.3043508e-01  -4.6281527e-02
   4.3784454e-01   5.7882708e-01
  -1.1021424e+00  -1.4131651e+00
  -1.0090218e+00  -1.3452121e+00
   4.4880026e-01   2.5644337e-01
  -2.5610008e+00  -2.2401272e+00
   4.2182179e-01   5.3506593e-01
   4.4880057e-01   6.0477758e-01
   3.4610634e-01   3.1644316e-01
  -6.5766015e-01  -1.1301254e+00
   1.5795562e-01  -1.7957663e-01
   4.7639953e-01   4.9803004e-01
   3.3472980e-01   2.4995101e-01
  -9.4851725e-01  -1.3021969e+00
   7.6511697e-02  -2.2737773e-01
  -9.5712971e-01  -1.2061365e+00
   3.6677485e-01   4.6760466e-01
   2.2843855e-01   7.1591394e-01
  -3.7393017e-01  -7.1837914e-01
  -1.0941301e+00  -1.4036493e+00
   4.4987308e-01   6.4105077e-01
   3.9478343e-01   4.2789748e-01
  -7.0816895e-02  -2.3066142e-01
   2.5573578e-02  -3.2535416e-01
   4.0432922e-01   5.1589821e-01
   4.3686175e-01   6.4433520e-01
   4.1204384e-01   4.1653964e-01
  -8.0064755e-01  -1.1772959e+00
   2.4460453e-01   6.5384544e-01
   4.5862959e-01   5.5820900e-01
  -1.8187045e-01  -5.8051749e-01
   4.4894635e-01   5.7271015e-01
  -3.5793920e-01  -6.9890578e-01
   3.4921996e-01   3.2773936e-01
   2.9965291e-01   1.6991281e-01
   4.9725169e-01   6.7622413e-01
  -1.2284822e+00  -1.5375250e+00
   4.6586956e-01   6.5547789e-01
   2.3156556e-01   6.4277599e-01
  -9.9699605e-01  -1.2932121e+00
   4.5231029e-01   6.5426737e-01
  -7.5657178e-01  -1.1979004e+00
   2.6151166e-01   6.0693862e-02
  -1.0580746e+00  -1.3920449e+00
   4.0607180e-01   3.3557115e-01
   2.8315913e-01   6.5314977e-01
   4.6051991e-01   6.8652325e-01
   4.5414880e-01   6.5323832e-01
   3.6870417e-01   6.4153250e-01
   4.6006833e-01   6.9594495e-01
   4.5884821e-01   5.9899957e-01
  -5.7780730e-01  -1.0246095e+00
  -1.2466255e+00  -1.5926893e+00
  -2.8939681e+00  -2.4087676e+00
   1.4913694e-02  -3.1190696e-01
   4.5554647e-01   6.5163656e-01
  -1.0430481e+00  -1.4216936e+00
   2.4514147e-01   6.3689843e-01
   5.6870619e-01   1.3347905e+00
  -1.0007535e+01  -7.3041735e+00
   4.9177950e-01   6.5640786e-01
   3.0896644e-01   1.1408162e-01
   3.8642595e-01   3.0695683e-01
   1.7449082e-01   4.0393986e-01
   4.1926631e-01   3.7853129e-01
   2.5318110e-01   4.8262031e-01
   4.4569139e-01   5.7250609e-01
   4.4106063e-01   6.3365490e-01
   1.9630119e-01  -3.6971160e-02
   2.0742550e-02  -4.5260495e-01
   1.7114455e-01  -6.3836660e-02
   2.8393935e-01   1.8953135e-01
   4.6092125e-01   6.5053861e-01
   4.5245657e-01   7.0303090e-01
   3.8636712e-01   4.2707634e-01
   6.8562476e-02  -3.3145824e-01
  -7.6510307e-02  -4.1565613e-01
  -4.0184463e-01  -8.5220304e-01
   4.7993508e-01   6.2624358e-01
   4.0995962e-01   6.9909275e-01
   1.7495359e-01   4.6887499e-01
   4.6070316e-01   5.5985043e-01
   3.5285491e-01   3.5882294e-01
   3.3343302e-01   6.7696535e-01
   4.8028352e-01   6.4160679e-01
   4.3024605e-01   5.1533777e-01
   4.4256225e-01   4.9907483e-01
   3.2348452e-01   2.9633939e-01
   4.1236077e-01   5.3489886e-01
   4.2945516e-01   3.4295011e-01
   4.3474160e-01   6.5194574e-01
   4.5131117e-01   6.1412752e-01
   4.0874669e-01   5.9381926e-01
   4.0387038e-01   5.9680756e-01
   4.3587312e-01   4.9386135e-01
   4.5532549e-01   6.3233692e-01
  -1.1932063e+00  -1.3923365e+00
   1.9777643e-01   7.2929947e-02
   2.1320654e-01  -1.6104583e-02
   3.9249282e-01   6.3523264e-01
   2.5008775e-01   1.4014930e-01
   4.2213056e-01   6.3111968e-01
  -1.1393985e+00  -1.3250841e+00
   4.7271037e-01   6.1765638e-01
   3.1009898e-01   5.9108271e-01
  -1.1671856e+00  -1.4602837e+00
  -5.9227081e-02  -4.6433436e-01
   4.0470197e-01   5.0298052e-01
   5.0613345e-01   4.7424063e-01
   4.3259913e-01   5.6506494e-01
   3.5525791e-01   6.2793487e-01
   4.4080541e-01   4.9069052e-01
   4.6325828e-01   5.6367381e-01
   2.5441605e-01   4.8486193e-02
   2.4437021e-01   5.4232764e-01
   5.3312326e-01   5.8558440e-01
   2.9581622e-01   5.7468230e-01
   2.5544886e-01   5.8625139e-01
   4.4596734e-01   5.4229173e-01
  -4.0608941e-01  -6.9290220e-01
   2.6214259e-01   6.4209031e-01
   3.8237659e-01   4.4689674e-01
   4.8773209e-01   6.9939078e-01
   4.2278260e-01   6.7184380e-01
   3.0283891e-01   2.2482132e-01
  -1.1318659e-01  -5.4096190e-01
  -7.3362740e-01  -9.7387234e-01
  -2.5735795e-01  -4.3799425e-01
  -1.1693321e+00  -1.4853442e+00
   5.0839036e-01   6.6623116e-01
   3.8470194e-01   6.5095193e-01
  -3.7880836e-01  -8.5495733e-01
  -6.4774585e-01   2.7762498e+00
  -4.9909631e-01  -8.9754135e-01
   2.3631954e-01   6.2677371e-01
   3.7048257e-01   4.2124895e-01
   2.6925686e-01   6.3326291e-01
   4.7525061e-01   7.0416057e-01
   3.3509072e-01   4.1442442e-01
   3.1390235e-01   1.7132721e-01
   5.2733282e-01   6.8687674e-01
   3.9960206e-02  -4.5406322e-01
   5.0636330e-01   6.7682761e-01
   3.3033784e-01   4.4186514e-01
  -8.0510116e-01  -1.0875708e+00
   4.4895740e-01   5.7199317e-01
   4.7992961e-01   6.8906235e-01
   3.3728379e-01   3.8729272e-01
   2.3465637e-01   2.6121053e-01
  -5.1919825e-02  -3.9841841e-01
   1.9448783e-01  -9.4100526e-02
  -1.0059063e+00  -1.3529744e+00
   2.1744691e-01  -5.3964092e-03
   1.5821737e-01   2.7657922e-02
   4.7103429e-01   5.8743371e-01
  -1.8432624e-01  -4.0836634e-01
  -9.5047637e-01  -1.3952614e+00
   4.9772316e-01   6.7256755e-01
   4.4528296e-01   6.8764131e-01
  -8.3504038e-02  -3.9854606e-01
   4.3400784e-01   4.2734207e-01
   4.9916478e-01   6.6906576e-01
  -2.1111052e-01  -5.9720454e-01
   4.0136241e-01   5.0195553e-01
  -8.4301828e-01  -1.1971120e+00
   4.1847610e-01   5.9723635e-01
   4.0519487e-01   4.7756029e-01
  -5.4113969e-01  -8.9927113e-01
   3.2232096e-01   1.9766348e-01
   4.1642385e-01   4.2816096e-01
   8.1189412e-02  -1.6913465e-01
   4.2161978e-01   5.9880317e-01
  -1.2473437e+00  -1.4707012e+00
   3.1172073e-01   4.7086418e-01
  -4.5712031e+00  -3.1403413e+00
  -7.8559731e+00  -4.5174785e+00
   3.5416291e-01   5.7756834e-01
   2.9762315e-01   6.8235558e-01
   2.9268260e-01   8.1703690e-02
  -6.9787149e-01  -1.0841755e+00
   4.3583289e-01   6.7724230e-01
   3.5120863e-01   5.3175245e-01
   3.3237416e-01   2.6471749e-01
   4.1581185e-01   6.2605890e-01
   3.2059640e-01   1.8993234e-01
   1.6882424e-01   3.4405192e-01
   4.0032410e-01   5.5189732e-01
  -8.1969338e-02  -5.3591491e-01
   2.7271404e-01   7.8823863e-02
   4.0464621e-01   6.7313229e-01
   4.5567488e-01   6.2436844e-01
  -1.1590984e+00  -1.4006803e+00
  -7.1081110e-01  -1.1093282e+00
  -6.4366309e-01  -9.9588521e-01
   4.7313824e-01   7.0805295e-01
   4.1927690e-01   4.8431894e-01
   2.8940085e-01   1.8396661e-01
   4.5669905e-01   6.9944036e-01
   4.5328040e-01   6.4007248e-01
   4.2018173e-01   5.8318719e-01
   4.8556099e-01   5.6186939e-01
   3.4796968e-01   3.6482453e-01
  -7.7206396e-02  -4.9570699e-01
   3.1184694e-01   2.3893873e-01
   1.0796225e-01  -1.8644316e-01
   3.0291171e-01   2.9065641e-01
  -4.0853667e-02  -2.9120700e-01
   4.2865099e-01   5.2764078e-01
  -1.2965498e-01  -6.2593654e-01
   4.7103285e-01   6.9422419e-01
  -1.0743260e+00  -1.4531453e+00
  -7.1455861e-02  -4.5659624e-01
   2.9230878e-02  -3.0696905e-01
   4.4073104e-01   6.4706362e-01
  -1.5531371e+00  -1.7553792e+00
  -1.2769475e-01  -6.3525182e-01
   3.7474326e-01   5.4222861e-01
   4.6721264e-01   6.4446298e-01
  -1.0097992e+00  -1.3679212e+00
   2.9748111e-01   6.9777965e-01
   4.6837450e-01   6.8585632e-01
  -9.7318468e-01  -1.3394094e+00
   4.4557334e-01   6.9584844e-01
  -7.3381171e-02  -4.3205160e-01
   3.6193306e-01   2.2693042e-01
   4.8167065e-01   6.2439413e-01
   3.2828696e-01   3.4009488e-01
   4.7988283e-01   6.7393880e-01
   3.2678398e-01   3.8283754e-01
   4.3512557e-01   5.8771834e-01
   4.2489133e-01   5.9996788e-01
   3.4395696e-01   5.0433563e-01
   4.3864901e-01   6.7069542e-01
   4.6878657e-01   4.6732914e-01
   2.4348052e-01   5.3102727e-01
  -2.8747747e-01  -6.6961782e-01
   4.2385394e-01   6.9486717e-01
   2.3921371e-01   7.7961518e-02
   3.3518729e-01   3.3251042e-01
   4.9105690e-01   5.2564301e-01
   5.0160091e-01   5.5526571e-01
  -8.8205738e-01  -1.3335147e+00
   4.5183656e-01   5.6625124e-01
  -1.6059995e+00  -1.7507218e+00
  -7.3628260e-01  -1.2272752e+00
   3.7860867e-01   6.6796212e-01
   4.3437576e-01   6.3853260e-01
   4.7286081e-01   6.4378977e-01
   4.8513116e-01   6.9028660e-01
  -8.1585497e-01  -1.2164023e+00
  -8.5703154e-01  -1.2259298e+00
   4.8386893e-01   6.7803981e-01
   4.3726122e-01   5.7646750e-01
   4.6188462e-01   5.7952954e-01
   5.0928503e-01   6.2465532e-01
   3.4591635e-01   3.4175704e-01
   4.7590451e-01   6.8142139e-01
   4.5281308e-01   5.8530106e-01
   1.3223005e-01  -1.1477839e-01
   8.1467728e-02  -9.4542850e-02
   4.7491884e-01   6.8332479e-01
  -1.1499929e+01  -1.4034351e+01
   3.4526286e-01   1.7859494e-01
  -9.1221285e-01  -1.3240150e+00
   4.3599567e-01   6.7079012e-01
   4.4567561e-01   6.1916572e-01
   3.4623868e-01   6.6963650e-01
   3.6257283e-01   2.6585437e-01
   4.8497692e-01   6.1005999e-01
  -2.9005453e-01  -7.2870278e-01
  -8.3158021e-02  -4.8679743e-01
   9.3835350e-02  -2.6031559e-01
   1.5110588e-01  -5.0330119e-02
   4.1710324e-01   4.3571761e-01
  -2.6426481e-02  -1.4958854e-01
   3.0191064e-01   4.1025742e-01
   4.3442473e-01   5.2508510e-01
   4.1443021e-01   6.4747166e-01
   5.2492470e-01   7.3261987e-01
   4.4982852e-01   6.2831619e-01
  -6.0588269e-01  -1.0994118e+00
   2.3665807e-01  -9.7635173e-02
   4.4469540e-01   4.8496150e-01
   3.9657172e-01   5.5832839e-01
   3.9494268e-01   4.8226404e-01
   4.2555170e-01   4.7266745e-01
   4.9300658e-01   6.9819431e-01
   5.0074393e-02  -3.2365087e-01
   4.4339753e-01   6.0583803e-01
   4.1290150e-01   5.9630550e-01
  -1.0346381e+00  -1.3348918e+00
  -1.1352880e+00  -1.4668297e+00
   1.3298981e-02  -1.5155142e-02
  -3.3380761e-01  -7.7770055e-01
  -6.1414928e-01  -1.1357260e+00
   2.2216880e-01  -6.8478876e-02
   1.9181271e-01   6.4620659e-01
   3.5684945e-01   5.6964384e-01
   4.0432634e-01   7.1108542e-01
  -3.6470912e-01  -8.0539931e-01
   4.0262241e-01   5.8697973e-01
   4.4088231e-01   6.6031603e-01
  -1.9214556e-01  -6.1764081e-01
  -7.5140009e-01  -1.0436192e+00
   2.6218249e-01   5.4437727e-02
   1.8165751e-01  -1.5568554e-01
   4.1748338e-01   4.3779307e-01
   1.4023016e-01   2.6093414e-01
   5.2762710e-01   6.0215603e-01
   4.6544283e-01   6.8214995e-01
   4.3636801e-01   5.3055210e-01
  -8.4615319e-01  -1.2980525e+00
   4.1461384e-01   5.8279325e-01
   2.0337246e-01  -1.0687122e-01
   4.0212835e-01   5.0029465e-01
   4.7546607e-01   6.3776853e-01
   2.1133407e-01  -4.1858641e-02
   3.7770844e-01   3.4345346e-01
   3.8969709e-01   6.7898832e-01
  -1.1394000e+00  -1.4502150e+00
   2.6994264e-01   6.9966682e-01
   4.5461919e-01   6.5076215e-01
   4.2518292e-01   4.9548254e-01
   4.3829283e-01   4.7381342e-01
   1.3259043e-01  -1.2208075e-01
  -1.2072260e-01  -4.8836868e-01
   3.1152413e-01   2.4709204e-01
   4.6410370e-01   4.9382921e-01
  -8.0488723e-01  -1.2644988e+00
  -9.2956918e-01  -1.2623982e+00
   4.8983340e-01   5.8308737e-01
  -1.2317913e+00  -1.4295745e+00
   2.4652329e-01   6.7052430e-01
   4.7418439e-01   6.7583290e-01
   4.4540693e-01   6.3464543e-01
  -4.9357122e-01  -1.0041478e+00
  -1.0463112e+00  -1.4275627e+00
   2.5979137e-01   8.2518333e-02
   4.2195178e-01   5.8004024e-01
   1.9125676e-01  -1.4618010e-01
   4.3595128e-01   4.5644655e-01
   3.9652365e-01   5.8623115e-01
   4.4613949e-01   6.7290008e-01
   4.8829395e-01   6.5041236e-01
   3.7526068e-01   2.1035829e-01
   4.9453864e-01   6.2392349e-01
   4.7040934e-01   7.1163459e-01
  -4.1329305e-01  -8.4561314e-01
   4.4457615e-01   6.1570263e-01
  -3.9046694e-01  -8.0336815e-01
   3.0057742e-01   1.7861630e-01
   4.6404062e-01   5.7652687e-01
   4.5747768e-01   6.6938761e-01
   3.6205134e-01   3.4915404e-01
   4.3039464e-01   5.1423417e-01
  -5.0113859e-01  -1.0376563e+00
   4.6434982e-01   6.7497685e-01
  -9.8241405e-01  -1.3107144e+00
  -5.6406202e-01  -1.0147411e+00
   5.4215091e-01   6.2180426e-01
   8.2189039e-03  -4.4088578e-01
  -8.6933979e-01  -1.3011836e+00
  -7.9432719e-01  -1.1803288e+00
   4.1206369e-01   5.5161521e-01
  -8.8251798e-01  -1.2851254e+00
   3.4443457e-01   5.8694787e-01
   4.9647611e-01   7.2795856e-01
   3.8363066e-01   5.8304427e-01
   4.7247139e-01   6.8319210e-01
   3.2372147e-01   6.3342959e-01
   3.4954365e-01   4.4600757e-01
   2.0464529e-01  -2.6880237e-02
   2.2768736e-01   1.8842346e-02
   2.0146909e-01   8.4958224e-02
   4.3938892e-01   5.4969396e-01
   3.8930809e-01   6.6644918e-01
   4.6063119e-01   6.8285674e-01
   3.9664667e-01   6.1096650e-01
   5.1724603e-01   6.6188913e-01
   4.7369680e-01   6.8682387e-01
  -1.0964290e+00  -1.4190161e+00
  -3.2711011e-01  -8.3821929e-01
   4.9699909e-01   5.2612908e-01
   3.1586834e-01   6.3064703e-01
  -6.9604807e+00  -4.1171553e+00
   4.6559779e-01   6.1955414e-01
   4.9332186e-01   5.1038650e-01
  -3.5553547e-01  -8.0453152e-01
   1.6573954e-01  -1.3143161e-01
   3.9900172e-01   2.9894468e-01
   4.2484675e-01   6.7922614e-01
  -4.4150900e-01  -8.7075597e-01
   4.5723590e-01   6.5014598e-01
  -8.3456796e-01  -1.2142100e+00
   4.5613562e-01   4.9041378e-01
   1.9931345e-01  -8.0375798e-02
   4.4104449e-01   6.5398990e-01
   4.8236840e-01   6.2772796e-01
  -6.7545985e-01  -1.0661245e+00
  -8.4770250e+00  -4.8031427e+00
   3.8060933e-01   4.2316856e-01
   2.1649562e-01   1.1108712e-01
   4.4459946e-01   6.5591506e-01
  -2.5651125e-01  -6.7262931e-01
   2.6311666e-01   1.0398646e-01
  -6.1712011e-01  -9.4848157e-01
   4.3740517e-01   5.9211415e-01
  -3.1673712e-01  -7.8396015e-01
  -1.1198121e+00  -1.4461850e+00
   4.3560189e-01   3.7111757e-01
   3.4200408e-01   5.9811488e-01
   3.6419924e-01   2.3633189e-01
   2.9528728e-01   1.6542366e-01
  -1.2136008e-01  -5.5675058e-01
   4.8016102e-01   5.8228331e-01
   3.6729702e-01   4.6962484e-01
  -1.0770404e+00  -1.4357474e+00
   3.3386969e-02  -1.3191227e-01
   4.2129712e-01   4.4821077e-01
   4.6306894e-01   7.0214913e-01
  -3.1807188e-01  -7.6938271e-01
   4.6417072e-01   6.6741162e-01
  -1.1925429e+00  -1.4423593e+00
   3.2949302e-01   2.4597332e-01
  -5.9146677e-01  -1.0433885e+00
   3.2726643e-01   2.3185027e-01
   6.2666422e-02  -2.3419370e-01
   4.1019186e-01   3.1893873e-01
   2.8738368e-01   5.1432021e-01
   4.0106781e-01   4.6986216e-01
   3.0774125e-01   2.0764536e-01
   2.5343636e-01   6.0943353e-01
   5.0741105e-01   6.2679125e-01
   3.5114632e-01   2.1085933e-01
   4.3043299e-01   5.5457429e-01
  -9.8802853e-01  -1.3587855e+00
  -7.7743611e-01  -1.1424848e+00
  -1.0070049e+00  -1.3930090e+00
   4.4460362e-01   6.8872656e-01
   4.0175988e-01   5.0565842e-01
   6.2883908e-02  -1.0561022e-01
   4.2484319e-01   6.7532531e-01
   4.1344872e-01   5.0125839e-01
  -1.1267468e-01  -5.2224174e-01
   1.7623199e-02  -2.2051414e-01
  -6.6965195e-01  -1.1233417e+00
  -2.5138710e-01  -5.9577991e-01
   2.7617928e-01   6.3515945e-02
  -1.7233453e-01  -6.3505546e-01
   3.8226776e-01   5.7746832e-01
   3.3465433e-01   6.0322931e-01
   4.1244541e-01   5.8407929e-01
   4.9926628e-01   6.2855276e-01
   3.5055042e-01   6.0193623e-01
   4.0689906e-01   4.3533219e-01
   4.1446400e-01   4.9681644e-01
  -3.8151640e-01  -8.4512932e-01
   4.5853844e-01   6.9036936e-01
   4.9891995e-01   6.0239322e-01
  -2.2223142e-01  -6.3029960e-01
  -4.8627903e-01  -8.8442555e-01
   2.6657955e-01   2.1401861e-01
   2.9640809e-01   2.8434104e-01
   5.0586362e-01   6.9392322e-01
   4.7275182e-01   6.2076353e-01
  -2.5800372e-01  -7.6757953e-01
  -1.2232843e+00  -1.4417780e+00
   2.8774092e-01   2.8359292e-01
   4.7127793e-01   7.0678182e-01
   4.5117677e-01   5.8700160e-01
   3.6454606e-01   2.9263858e-01
   1.9959025e-01   4.5337306e-01
  -6.2624214e-01  -1.0404645e+00
   1.5814539e-01  -1.3876882e-01
   4.3918705e-01   7.1917480e-01
   2.8673922e-01  -8.7463698e-02
  -1.0231994e+00  -1.4200968e+00
   4.3335802e-01   6.7054649e-01
  -1.4968852e+00  -1.7148497e+00
   2.1760845e-01  -3.7323897e-02
   1.5801503e-01   6.2527997e-01
   4.8944740e-01   6.7097550e-01
   3.5454169e-01   3.9964320e-01
   4.0264140e-01   5.4571767e-01
  -3.1058520e-01  -7.4340588e-01
   4.8508093e-01   6.2292032e-01
   4.2587622e-01   6.6384650e-01
   4.2721211e-01   5.8743960e-01
   4.0695256e-01   4.2669001e-01
   3.3718963e-01   5.4122464e-01
  -1.0070598e+00  -1.3425295e+00
   4.6226454e-01   5.7753454e-01
   4.9329772e-01   6.9633583e-01
  -1.2485395e+00  -1.5161457e+00
   3.7139112e-01   3.1386402e-01
   4.3365845e-01   5.6376856e-01
  -1.1689116e-01  -5.8700154e-01
   5.1628467e-01   6.3666609e-01
   2.9808574e-01   6.4460641e-01
   2.0544384e-01   6.1801502e-02
   4.6056068e-01   6.5456429e-01
   4.7574254e-01   6.6092693e-01
   2.6084866e-01   6.8553693e-02
  -9.1379095e-01  -1.3490438e+00
   3.4377315e-01   3.3207722e-01
  -9.6054885e-01  -1.3455500e+00
  -1.7710992e-01  -5.3694887e-01
  -7.9942907e-01  -1.2319115e+00
   4.4583836e-01   6.6060145e-01
   4.4462772e-01   5.7199397e-01
  -1.0847549e+00  -1.3915756e+00
   4.3733880e-01   5.8406705e-01
   4.2435025e-01   5.8342685e-01
   1.0374528e-01   3.3007504e-01
   4.3758860e-01   6.0943486e-01
   4.9468025e-02  -2.7323237e-01
   2.7198007e-01   2.7723111e-01
   5.2794157e-01   5.8222069e-01
  -5.8198983e-01  -1.0390454e+00
   4.5721558e-01   5.2902404e-01
   3.6175419e-01   5.4673849e-01
   3.3007724e-01   1.5386382e-01
   4.7195393e-01   5.9215152e-01
   4.9639054e-01   7.0169453e-01
   5.2891882e-01   9.8745770e-01
   3.7412710e-01   2.6684346e-01
  -5.2281263e-01  -9.6827972e-01
   3.1167796e-01   5.8659659e-01
   4.5374717e-01   6.3789738e-01
  -7.5415006e-01  -1.1973939e+00
   4.8456504e-01   6.3613569e-01
  -1.1442670e+00  -1.4122964e+00
   4.4767603e-01   5.2452813e-01
  -5.8050736e-01  -1.0326779e+00
   3.5353408e-01   2.6233629e-01
   2.9650326e-01   4.4959384e-01
  -8.7915361e-01  -1.2200706e+00
  -1.0564715e+00  -1.4610832e+00
   3.9556668e-01   4.3339111e-01
   3.6855767e-01   5.6975522e-01
  -7.3798768e-01  -1.1775652e+00
  -1.3308722e+00  -1.5771855e+00
   4.4989531e-01   5.9225696e-01
  -2.0650342e-01  -6.2525218e-01
   5.2754169e-01   7.2369696e-01
   4.4271324e-01   5.4543166e-01
   3.4352050e-01   3.0509987e-01
   4.2113765e-01   6.5927641e-01
   4.0300096e-01   4.1123053e-01
   4.6492499e-01   6.4930385e-01
   5.0071083e-01   8.5174323e-01
   4.8602522e-01   5.1535184e-01
  -1.0121519e+00  -1.3439161e+00
   4.3935770e-01   5.9622680e-01
   4.1936379e-01   6.4639716e-01
   4.1597126e-01   4.7479650e-01
  -9.1697303e-01  -1.3811751e+00
   2.4245091e-01   4.9921889e-01
   4.4889434e-01   7.0121022e-01
  -2.9854113e-01  -7.1284229e-01
   2.0873523e-01   4.6807321e-01
   4.4523753e-02  -1.3716376e-01
  -3.6625080e-01  -8.7452543e-01
   3.4209899e-01   2.8625375e-01
  -1.7018077e+00  -1.7278114e+00
   2.1469873e-02  -3.4693169e-01
   4.1599876e-01   3.7661651e-01
   4.1949904e-01   6.7463145e-01
   2.7962623e-01   6.9110471e-01
   4.4276637e-01   5.6216947e-01
   3.9569907e-01   6.3487671e-01
  -6.5233622e-01  -1.0585917e+00
   4.1421564e-01   5.9126564e-01
   3.9363062e-01   4.9617153e-01
  -1.0459744e+00  -1.4046451e+00
  -6.1419252e-01  -1.0522335e+00
   4.3275313e-01   6.8785351e-01
   9.1287519e-02   2.7935781e-02
  -1.1468637e+00  -1.4575774e+00
   2.1618176e-01   1.5170335e-01
  -7.4178037e-01  -1.2162857e+00
   3.5550870e-01   5.6365912e-01
   4.5692576e-01   5.4584346e-01
   4.0958670e-01   4.6049651e-01
   4.2281525e-01   5.2350677e-01
  -5.9321512e-01  -1.0076344e+00
   4.1164956e-01   5.8430269e-01
   3.9707691e-01   4.5919735e-01
   4.5042592e-01   6.0915753e-01
  -8.9123993e-01  -1.2727398e+00
   4.5905511e-01   5.3289223e-01
   2.3169866e-01   5.2123019e-01
   3.5714282e-01   2.0588472e-01
   3.5366995e-01   3.9959162e-01
   4.3764341e-01   5.8313870e-01
   4.5909677e-01   6.7687130e-01
   2.8520966e-01   6.0683722e-01
   4.6783793e-01   5.9247182e-01
  -4.1995700e-01  -8.7747415e-01
   4.8702191e-01   4.9623898e-01
   3.3770270e-01   3.5258195e-01
   3.0998493e-01   4.4688180e-01
   1.6493865e-01  -1.2673219e-01
   3.5463940e-01   6.8883478e-01
   4.7909858e-01   6.8279190e-01
   4.0721489e-01   4.4862853e-01
   4.0782440e-01   3.1552290e-01
   2.7409922e-01   7.8079579e-02
   3.2222190e-01   6.0981842e-01
  -5.4950179e-01  -9.9960365e-01
   4.6929966e-01   4.4327932e-01
  -1.0987517e+00  -1.4264658e+00
  -3.7250417e-01  -9.1252943e-01
   2.8492492e-01   1.3861466e-01
   9.7782070e-02   8.5268139e-02
   4.2882098e-01   3.9180749e-01
   1.7438123e-01  -2.3490361e-02
   2.1820850e-01   3.9378265e-02
  -9.2863200e-01  -1.2840177e+00
   4.0507649e-01   5.3574722e-01
  -6.1406970e-01  -1.0259335e+00
   4.5093820e-01   7.2295321e-01
   3.7609230e-01   3.7874788e-01
   3.8881382e-01   6.3886486e-01
  -9.6227533e-02  -2.7566869e-01
   2.3676633e-01   6.8764589e-01
  -9.3454588e-01  -1.1907506e+00
   4.9218593e-01   6.7453768e-01
   2.2678079e-01   3.0713368e-01
  -8.6014780e-01  -1.2481361e+00
   4.3464858e-01   6.2882981e-01
   4.9157367e-01   6.7050253e-01
   4.7496409e-01   6.4201776e-01
  -1.1918859e+00  -1.4428195e+00
   2.7030133e-01   7.0984205e-02
   2.6261804e-01   6.5516021e-01
   4.3271937e-01   4.1594386e-01
  -3.8483300e-01  -7.9207249e-01
   2.3895932e-01   5.7759853e-01
   4.4979332e-01   6.3394516e-01
   2.3535197e-01   6.2029028e-01
   4.2254898e-01   4.0412008e-01
   3.0651004e-01   6.6097962e-01
   1.2269360e-01  -1.0030372e-01
  -1.2469828e+00  -1.4567255e+00
   3.9476131e-01   2.6800006e-01
   4.6061289e-01   5.0847380e-01
   2.7404952e-01   2.2779224e-01
   5.0356721e-01   6.5788647e-01
   2.2639944e-01   5.9639960e-01
   3.8064126e-01   6.4553995e-01
  -7.0880916e-01  -1.1537720e+00
   4.9827006e-01   6.5159153e-01
  -1.0554711e+00  -1.3542253e+00
   1.9160195e-01  -4.6032595e-02
  -5.9437937e-01  -1.0413994e+00
   4.7488662e-01   6.4642844e-01
   3.4545960e-01   2.2548421e-01
   3.4923473e-01   3.2587204e-01
   3.8548980e-01   4.0863651e-01
  -2.7428698e-01  -7.4933371e-01
   2.8044451e-01   6.3979000e-01
   4.0509310e-01   4.2280546e-01
  -8.2461350e-01  -1.1564827e+00
   4.6871221e-01   4.9166310e-01
   4.1851344e-01   6.8815777e-01
   2.6188576e-01   1.7345199e-01
   1.9348123e-01   1.5363882e-01
   4.6225088e-01   6.6830194e-01
   3.6848060e-01   2.9063504e-01
   4.4456419e-01   6.5306043e-01
  -4.6963962e-01  -7.9658747e-01
   3.9255010e-01   3.8110482e-01
   4.1698862e-01   6.0962347e-01
   1.2392325e-01   1.3833677e-02
   5.1791071e-01   7.0503077e-01
  -2.1777069e+00  -2.0970912e+00
   3.5888469e-01   3.4066445e-01
   4.3740611e-01   6.3924644e-01
   2.4867540e-01  -4.1803353e-02
   2.2746828e-01   6.0886162e-01
  -5.6884248e-01  -1.0111455e+00
   3.1847417e-01   6.4531307e-01
   2.5637435e-01   6.2299695e-02
   4.0925689e-01   3.6893849e-01
  -1.1122345e+00  -1.5066100e+00
  -3.0990624e-01  -6.4874568e-01
  -6.6526274e-01  -1.1438279e+00
   1.4570024e-01  -2.5481417e-01
   5.0170221e-01   6.5524678e-01
  -3.7114124e-01  -7.9451560e-01
   4.3989128e-01   5.1818494e-01
   3.2820943e-01   3.9768507e-01
  -7.0064361e-01  -1.0860847e+00
   4.4727081e-01   5.7253050e-01
   3.8984673e-01   6.7720421e-01
  -3.6518881e-01  -7.5237038e-01
   1.1490117e-01   2.2213871e-01
   2.8468076e-01   6.7191908e-01
  -5.4918269e-01  -1.0128497e+00
   4.8477340e-01   6.2842531e-01
   4.4698313e-01   5.0550002e-01
   4.7839927e-01   5.5568887e-01
   5.0380891e-01   6.5832092e-01
   3.9497091e-01   5.0404168e-01
   3.1901889e-01   1.6788371e-01
   4.1304834e-01   6.6901748e-01
  -9.2779444e-01  -1.2882647e+00
   1.1005283e-01  -2.5215463e-01
   1.0604479e-02  -3.3782535e-01
  -4.4937799e-01  -9.6340033e-01
   4.8611059e-01   6.3400638e-01
  -9.1006658e-01  -1.2683618e+00
   4.7521816e-01   6.1175577e-01
  -8.1667398e-01  -1.2789354e+00
   4.5336983e-01   5.1744741e-01
   3.7394589e-01   6.5922535e-01
   5.1937821e-01   6.8055148e-01
   3.3312027e-01   6.9321812e-01
  -2.0626281e+00  -2.0456296e+00
   4.6922122e-01   5.2464378e-01
   4.7052187e-01   6.8487487e-01
   4.3822099e-01   5.9140877e-01
   3.8984180e-01   7.0198571e-01
   4.3887108e-01   4.8111144e-01
   4.9496189e-01   6.4278138e-01
  -1.4784599e+00  -1.5830553e+00
   5.0828808e-01   6.8941350e-01
   4.4279640e-01   5.9074074e-01
   3.6239401e-01   2.0253246e-01
  -5.7019828e-01  -1.0345794e+00
   4.3290431e-01   6.5088057e-01
   1.4108948e-01  -1.3395450e-01
   4.5252079e-01   6.3977407e-01
   4.9557926e-01   6.1602963e-01
   3.5176596e-01   3.3910841e-01
  -3.3869803e+00  -2.7249948e+00
   3.0489840e-01   2.6035156e-01
  -6.4422443e-02  -3.7255022e-01
   2.9741203e-01   6.5549291e-01
  -7.2081686e-01  -1.1976926e+00
  -4.4672003e-01  -8.3185637e-01
  -2.2392988e-02  -2.5533297e-01
   3.5475168e-01   4.8421458e-01
   7.0244841e-02   3.6942946e-02
   4.1340070e-01   5.1266311e-01
   4.4992382e-01   6.0984183e-01
  -3.4680784e-01  -7.6759091e-01
   1.2233223e-01  -1.2765936e-01
   3.7900453e-01   5.9839545e-01
   4.2729206e-01   5.1453322e-01
   3.0743911e-01   6.0692399e-01
   4.6333958e-01   6.4089172e-01
   3.1317720e-01   2.5306991e-01
   2.7944617e-01   4.3817851e-01
   3.3329260e-01   4.6264288e-01
  -5.3246656e-01  -9.8028602e-01
  -6.5721975e+00  -3.9032679e+00
   3.9961128e-01   2.6821995e-01
  -2.9124011e-01  -7.6850617e-01
  -1.1168266e+00  -1.4613720e+00
   4.6751216e-01   6.3009540e-01
  -1.4564183e+00  -1.7092026e+00
  -9.4303038e-01  -1.3137070e+00
  -6.9031011e-01  -1.1750320e+00
   3.4402602e-01   7.1418155e-01
   4.7735685e-01   6.4465281e-01
   4.0070908e-01   6.0218716e-01
   3.8781182e-01   4.3582498e-01
  -1.8004484e-02  -3.7418615e-01
   3.6669475e-01   6.4591105e-01
  -7.1857971e-01  -1.1803247e+00
   4.6764145e-01   6.2900376e-01
   4.4452304e-01   6.0942750e-01
   4.3404402e-01   4.7549184e-01
   3.3178139e-01   2.7339906e-01
   1.3859350e-01   2.9470188e-01
   2.8255556e-01   5.7635654e-01
   4.3573271e-01   5.3949147e-01
   3.8861644e-01   4.8033891e-01
  -4.3213710e-01  -7.5636933e-01
   4.0320867e-01   6.6845361e-01
   4.6327378e-01   6.6341841e-01
  -8.8605297e-01  -1.2801820e+00
   4.8284267e-01   6.6515684e-01
  -1.0544913e+00  -1.4085592e+00
   3.2733005e-01   1.9033595e-01
   3.8379714e-01   6.6366775e-01
   3.6316712e-01   5.5433657e-01
   4.1387851e-01   3.5325347e-01
  -1.8645761e-01  -4.1845675e-01
   4.5799125e-01   4.3437318e-01
  -3.8350081e-01  -8.4200296e-01
   4.7315184e-01   7.1586652e-01
  -1.0580544e-01  -3.4117879e-01
   4.7655448e-01   5.6312618e-01
   4.2227199e-01   6.6035111e-01
   1.6976179e-01   3.0182827e-01
   4.6846162e-01   5.5829490e-01
   4.2490822e-01   6.2184560e-01
   1.1324037e-01  -2.0604249e-02
   4.9662447e-01   7.0721075e-01
   1.3105345e-01  -1.7346591e-01
   4.9915304e-01   7.0448359e-01
   2.7561573e-01   4.0824355e-01
   1.9876593e-01   6.5261429e-01
   3.1149856e-01   2.4318065e-01
   3.6578676e-01   4.0900230e-01
  -4.1895421e-01  -8.1558539e-01
  -6.4045929e-01  -9.2038734e-01
  -1.4806914e+00  -1.6604269e+00
   4.2901419e-01   6.4467359e-01
  -2.6885957e-01  -5.6095671e-01
   3.7176867e-01   6.3866971e-01
   4.1772781e-01   5.4094459e-01
   3.6520524e-01   6.5187151e-01
   4.5126395e-01   5.9029119e-01
   4.8737179e-01   6.3617787e-01
   2.9756113e-01   2.6695019e-01
   4.3898392e-01   5.2355566e-01
  -2.9136878e-01  -5.7254411e-01
  -4.9378482e-01  -9.3326406e-01
  -5.9343321e-01  -1.0519465e+00
   4.5976082e-01   5.5356752e-01
  -7.1004969e-03  -2.8074298e-01
  -8.6830439e-01  -1.3074699e+00
   2.2130750e-01   1.2316942e-01
   4.7039092e-02  -3.2449705e-01
  -9.1434233e-01  -1.2615010e+00
  -6.5402372e-01  -1.0279138e+00
   4.4958521e-01   7.0175642e-01
   4.0423474e-01   7.0038064e-01
   4.1862247e-01   5.4511528e-01
   4.3447006e-01   6.4741101e-01
   5.3221213e-01   6.2974048e-01
   3.3077542e-01   6.0593429e-01
   4.0796715e-01   6.5982104e-01
   4.4490136e-01   4.3223862e-01
   4.6653023e-01   6.4963956e-01
   3.8411364e-01   3.1707001e-01
   4.8314882e-01   6.9250483e-01
   5.7544402e-03  -3.9045017e-01
   3.1529942e-01   6.2977305e-01
   4.6444637e-01   5.1741209e-01
   4.5506891e-01   6.5181451e-01
   4.2289212e-01   4.1577338e-01
   4.1737566e-01   6.6324074e-01
   2.5578893e-01   6.4457752e-01
   4.5676776e-01   6.7116579e-01
   4.5831026e-01   5.9812219e-01
  -6.3985964e-01  -1.0847959e+00
   4.0021239e-01   2.5502661e-01
   4.8862494e-01   6.5907444e-01
   3.4827636e-01   2.4708505e-01
   4.1439012e-01   4.7195873e-01
   4.8445099e-01   7.1882557e-01
   3.0358554e-01   2.8009004e-01
   3.2690453e-01   6.1156041e-01
  -1.0008785e+00  -1.4247344e+00
   4.1481520e-01   4.0140193e-01
   4.2515325e-01   7.5510459e-01
  -1.9968735e-01  -7.1334846e-01
   2.7952475e-01   2.9508128e-01
   3.1861057e-01   6.0607497e-01
   4.5263671e-01   4.8732234e-01
  -9.7677751e-01  -1.3849803e+00
   2.6340409e-01   1.3479078e-01
   3.8756192e-01   3.4420557e-01
   5.2326604e-01   6.6268417e-01
  -3.8949139e-01  -8.1909728e-01
   4.4989564e-01   7.0608403e-01
  -1.0989712e+00  -1.3359059e+00
   4.7842100e-01   5.0715413e-01
   4.6323996e-01   5.7027371e-01
   4.5775380e-01   6.3908450e-01
  -1.1945591e+00  -1.5445773e+00
   4.7568494e-01   6.6059428e-01
   4.1981525e-01   6.5689314e-01
   4.7825922e-01   5.5943076e-01
   2.1856282e-01   6.1092309e-01
  -1.1199397e+00  -1.3974053e+00
   5.2868101e-01   7.0087999e-01
   5.0087498e-01   6.8416144e-01
   8.5256135e-02  -2.7113274e-01
   2.2475811e-01   7.1060940e-01
   3.3385970e-01   4.3678317e-01
   1.7141109e-01   3.1027085e-01
   4.2669781e-01   4.9692055e-01
  -5.4828989e-01  -1.0226401e+00
  -6.4569005e-01  -1.0525803e+00
   4.3962396e-01   3.4289124e-01
   4.5108761e-01   6.3146710e-01
  -6.8099482e-01  -1.0503711e+00
   3.9918535e-01   6.1253620e-01
   2.1627898e-01   4.1771148e-01
   5.0227025e-01   6.2940926e-01
   4.4762786e-01   6.2937443e-01
   5.1492633e-01   6.5694412e-01
   4.6570193e-01   5.4414589e-01
   3.6850401e-01   3.4302785e-01
   1.9807405e-01   4.6041634e-01
   4.4867288e-01   6.2840996e-01
   2.7676585e-01   3.2453848e-01
  -9.1785280e-01  -1.2881176e+00
   4.4410365e-01   6.6486692e-01
  -2.3227117e-01  -7.0812404e-01
   3.4896544e-01   3.7538552e-01
   3.9448088e-01   4.4935698e-01
   5.0476721e-01   6.1281954e-01
   4.4360500e-01   6.5225181e-01
  -1.0803065e+00  -1.3749004e+00
  -1.1465898e+00  -1.4493010e+00
   4.8572990e-01   7.0039187e-01
  -7.0840908e+00  -4.1948796e+00
   4.5946717e-01   6.1310473e-01
  -5.6633763e-01  -1.0106072e+00
  -6.0196150e-01  -1.0567013e+00
   1.9913105e-01   5.0827817e-02
   4.3567346e-01   4.6910154e-01
  -9.2874862e-02  -4.1746550e-01
   1.9327248e-01   2.1057504e-01
   1.7533273e-01   8.6764184e-02
   2.4885124e-01   6.7358983e-01
   3.9535170e-01   3.2870391e-01
   2.4534041e-01  -7.2313400e-02
   2.7114877e-01   6.3525795e-01
   3.1803347e-01   3.5076242e-01
   2.8647000e-01   6.0857357e-01
  -8.5189538e+00  -4.8170371e+00
   2.3336595e-01   6.2952494e-01
   2.7601964e-01   4.7022566e-01
  -2.2500537e-01  -6.5496102e-01
   4.0727250e-01   4.1571398e-01
   1.7462028e-01   4.7273337e-01
   4.4490536e-01   6.0303866e-01
  -1.0679892e+00  -1.4702224e+00
   2.6544343e-01   6.2684375e-01
   4.0026995e-01   5.7843103e-01
   4.8413665e-01   6.4293736e-01
   3.6892548e-01   3.4534665e-01
   2.5294374e-01   4.5674863e-03
   4.2832229e-01   4.6907651e-01
   4.6260762e-01   5.5539431e-01
  -8.9109365e-01  -1.2286750e+00
   2.6744546e-01   1.6569632e-01
  -1.0075804e+00  -1.2780100e+00
   5.0518657e-01   6.4002217e-01
   3.9179974e-01   5.4684117e-01
  -6.9798791e-01  -1.1068852e+00
   4.8224600e-01   6.4436821e-01
   4.5741727e-01   5.5762245e-01
   4.4677572e-01   6.7309346e-01
  -1.1779112e+00  -1.4836500e+00
   4.9421770e-01   6.6708123e-01
   2.8591345e-01   2.5705096e-01
  -1.6651809e+00  -1.7287736e+00
   3.6962893e-01   5.0605737e-01
