  -5.3479706e-01   1.0708048e+00
  -3.4512277e-01  -3.0121251e-01
  -6.3978045e-01   1.5268553e+00
  -1.7943822e-01   5.4140606e-01
  -4.1416295e-01   8.0558542e-01
   2.7802415e+00  -1.8046491e+00
  -1.1117395e+00   3.0090685e+00
  -1.1492676e-01  -7.9554733e-01
  -5.7504875e-01   1.1098400e+00
  -3.4406278e-01  -2.2722414e-01
  -5.4081301e-01   6.2269950e-01
  -1.9864569e-01  -2.0685701e-02
  -1.2987429e-02  -5.9711520e-01
  -5.8261610e-02   3.3033791e-01
  -5.4273496e-01  -2.1551010e-02
  -5.2976792e-02  -1.5951512e-01
  -1.0509572e-01  -8.3057472e-01
  -2.0735065e-01  -3.1610101e-01
  -3.5039478e-01  -4.6566549e-01
  -5.0053329e-01   3.5210398e-02
   9.7054691e-01  -1.3902510e+00
  -4.1551751e-02  -2.5912017e-01
  -4.7753026e-02  -9.2692633e-01
  -5.0968660e-01   9.8663811e-01
   7.6100988e-01  -1.9370172e+00
   9.0119624e-03  -1.1098148e+00
  -1.4941090e-01  -5.6635382e-01
  -3.3610011e-02  -9.6460367e-01
   2.9101863e-02  -9.5290698e-01
  -5.8849471e-01   3.8046232e-01
  -1.4447780e+00   3.7778967e+00
  -1.7193079e-01   3.0893325e-02
  -3.4390709e-01  -3.1106633e-01
   7.3791613e-02  -1.1777298e+00
  -2.5622345e-01   2.6378677e-01
   4.5851248e+00   1.3719080e+00
   6.0180736e-01  -1.7085692e+00
  -4.7403357e-01   7.9077104e-01
   1.0239276e+00  -1.6866893e+00
  -2.8095703e-01   3.3867575e-01
  -3.0030461e-01   8.8286506e-01
  -7.0967512e-02  -7.8101015e-01
  -4.4551063e-02  -2.2202841e-01
   3.0003888e+00  -6.2266518e-01
  -2.3540907e-01  -7.3915300e-01
  -1.5211824e-01   4.1206200e-01
  -4.4675793e-01   4.5128173e-01
  -1.8017870e-01   6.0629310e-02
   1.6198817e-02  -9.2144767e-01
  -6.5220662e-01   1.1350077e+00
  -2.0208606e-01  -1.9142568e-01
   7.2001054e-01  -9.0082376e-01
  -8.7577328e-02  -8.5433714e-01
  -3.1595363e-01   3.2578735e-01
  -3.9194490e-01   2.8956584e-01
  -2.5554161e-02   1.8517169e-01
   3.0211526e-01  -6.2109334e-01
  -4.1730062e-01   1.0103559e+00
  -2.1616992e-01  -5.6823088e-01
  -1.0555164e-02  -1.3110857e+00
  -3.3629146e-01   6.2148475e-01
   1.4766422e+00  -2.2183766e+00
  -5.2541207e-01   3.8739646e-01
  -2.2120025e-01   1.8895598e-01
  -3.8976717e-01   9.6214661e-01
   1.4479655e+00  -2.2338353e+00
   1.4741120e+00  -2.2844647e+00
  -3.5507624e-02  -3.3801607e-01
   5.1229424e+00   2.6625548e+00
  -1.6091201e-01   5.1302745e-01
  -5.0174212e-01   1.2341330e+00
  -5.0924962e-01   2.0294129e-01
  -5.7676201e-01   3.4308397e-01
   1.2773012e+00  -9.9774869e-01
  -1.0612422e-01   6.5431036e-02
   4.6683544e-02  -2.0560976e-01
  -1.2074743e-01  -6.6539705e-01
  -4.5348659e-02  -7.3424063e-01
   1.7173420e-01  -3.2320286e-01
  -2.4771206e-01   2.5187887e-01
  -2.5992106e-01  -3.6934954e-01
   1.1233759e+00  -6.4948578e-01
  -5.5567078e-01   1.3677340e+00
   4.8588578e+00   1.4400350e+00
  -1.4784442e-01  -3.4212174e-01
  -2.9074747e-02  -5.6594586e-01
  -5.2284137e-01  -1.0230282e-02
   9.3285740e-03  -8.0213028e-02
  -1.8950420e-01  -5.9945216e-01
  -9.2180297e-02  -1.0661105e+00
  -4.9514410e-01   7.0687283e-02
  -2.2539617e-01  -5.2844819e-01
  -2.4408050e-01   7.0092711e-01
  -2.2616642e-01  -4.3098282e-01
  -4.9560344e-01   3.7869685e-01
  -1.2012111e+00   2.1411841e+00
  -5.2681258e-01   4.3039003e-01
   1.9271854e+00  -2.0851500e+00
  -5.5510288e-01   7.6802768e-01
  -1.1674239e-02  -9.1577992e-01
  -4.6047316e-01   2.3507799e-01
  -5.2704541e-01   9.9090700e-01
  -9.1001362e-02  -8.2809748e-01
  -1.3022157e-01   2.4373463e-01
  -2.8762509e-02  -3.4091181e-01
  -4.5874203e-01   5.2167495e-01
  -1.4535595e-02  -4.0253133e-01
  -1.8643011e-01   4.4831871e-01
   2.0161622e-01  -1.4887664e+00
  -4.8091175e-02  -1.2184823e+00
  -5.2749322e-01   3.5826405e-01
  -5.2432923e-01   2.3830464e-02
  -5.1991798e-01   4.4322272e-01
  -3.0800488e-01   4.7017278e-01
  -2.1060682e-01  -3.8478755e-01
  -3.9403894e-01  -2.6957386e-01
  -4.2521407e-01   5.3289000e-01
   2.7795788e-01  -1.3652637e+00
  -5.4010631e-01   3.5894951e-02
   3.2211513e+00  -1.1047970e+00
  -3.6339706e-01  -3.1970559e-01
  -1.5480011e+00   4.2443242e+00
  -4.9207437e-02  -8.6519325e-01
  -2.0882259e-01   1.3228004e-01
   5.0876590e+00   2.6764757e+00
  -1.1200692e-01  -9.6172978e-01
  -7.1154479e-02  -6.4013427e-01
  -1.1680263e-01  -7.5335067e-01
  -2.1746203e-01  -7.6519284e-01
  -2.3750541e-01   4.1968051e-02
  -2.6401655e-01   3.4963806e-01
  -4.8836836e-01   3.2869140e-01
  -5.9485957e-01   1.2139877e+00
  -1.5628517e-01  -8.7247001e-01
  -5.1401135e-01   1.2610440e+00
   3.1299514e+00  -5.1217540e-01
   3.0544849e-02  -3.0255466e-01
  -2.5378776e-02  -8.6424399e-02
  -2.8339654e-02  -5.2819429e-01
  -3.0066407e-01   7.3526084e-01
  -6.4629157e-01   4.6632022e-01
  -2.0468107e-01   2.0925210e-01
   1.0003135e-01  -4.0550107e-01
  -4.9324286e-01  -7.5439294e-03
   1.9129754e-03  -1.8016719e-02
  -1.0697333e-01  -4.9586384e-01
  -1.7776723e-02   2.4798544e-01
  -2.3227273e-01   6.7673140e-01
   2.1894258e-01  -1.4255428e+00
   9.7137617e-02  -7.4223995e-01
  -1.0386352e-01  -4.5126491e-01
   2.1695300e-02  -3.1882997e-01
  -4.9169217e-01   3.3185555e-01
  -5.0746670e-01   1.2744355e+00
  -1.3826309e-01   4.2757947e-01
  -9.6564521e-01   2.5656237e+00
  -2.2947234e-01   6.5131502e-01
  -1.9949078e-02  -9.0230045e-01
  -4.0222408e-01   4.6434933e-01
  -1.3790722e-01  -3.0654387e-01
   3.2887886e+00  -9.8790013e-01
  -4.5338551e-02  -6.0803749e-01
   6.4399324e-01  -1.7052856e+00
  -6.3456257e-01   4.1918533e-01
  -8.5665178e-03  -3.4070782e-01
  -1.7820785e-01  -2.5140152e-01
  -3.3402620e-02  -8.4492339e-01
  -5.6571284e-01   4.1637796e-01
  -1.7139575e-01   5.3784550e-02
  -4.8003894e-01   7.9456441e-02
  -4.0960730e-01   5.8540047e-01
  -5.4921439e-01  -1.2480239e-01
  -2.7281977e-01  -5.5900343e-01
  -5.1570742e-01   1.2742282e+00
  -4.8861811e-02  -6.3930155e-01
   5.0066530e+00   1.8313615e+00
  -2.9506778e-01   2.9850550e-01
   1.1344616e-01  -1.1093559e+00
  -2.1916036e-01  -5.4712278e-01
  -5.6360587e-01   6.3809638e-01
   1.0752929e+00  -2.2464348e+00
  -3.2247735e-02  -4.3084073e-02
  -1.5088698e-02  -3.5516968e-02
  -2.3685745e-01  -5.4510150e-01
  -3.8745378e-01  -2.1171985e-01
  -2.3718508e-01  -3.6090847e-01
  -4.4930186e-01  -1.4929582e-01
   4.4776345e+00   6.0840516e-01
   7.6869314e-01  -1.9541584e+00
  -1.0430263e-01   3.0045674e-01
   1.0495950e-01  -1.0097543e+00
  -4.3530614e-01   4.8784126e-01
  -5.4839954e-01   1.1710316e-01
  -5.7008089e-01   6.1750609e-01
  -1.2883372e-01  -6.9731603e-01
  -1.3110008e-01   3.4453080e-01
  -1.3192654e-01  -4.1355026e-01
  -3.7106956e-01   5.9449610e-01
  -1.5394795e-02  -7.3730458e-01
   8.2463767e-01  -1.7885162e+00
  -4.1323114e-01   3.3650698e-01
  -1.6267273e-01  -5.5431282e-01
  -5.2954079e-01   3.7332050e-01
  -2.4271347e-01  -6.2902908e-01
  -3.2979580e-01   2.8396175e-01
  -6.5831166e-02   3.3461330e-01
   4.9025905e-02   3.6769133e-01
  -1.4556277e-01  -4.7780466e-01
  -7.2576191e-02  -1.4098386e-01
  -3.8963133e-02  -1.4452819e-01
  -5.1527035e-02   4.0488050e-01
  -5.3912683e-01   6.7972873e-01
  -6.1507899e-01   1.2546265e+00
   4.1912074e-03  -9.5468080e-01
  -3.5821583e-01   7.0445562e-01
   1.0240380e+00  -1.2370730e+00
  -5.0911451e-01   1.0569611e+00
  -3.1024816e-01   8.6393381e-01
  -2.3880574e-01   2.7826365e-01
  -3.6900837e-01  -6.4016776e-03
   6.1797211e-03  -3.9511933e-01
  -5.2581013e-02  -7.0210988e-01
  -9.9855732e-02   3.7922851e-01
  -1.4900733e-02  -9.0358639e-01
  -1.6280922e-01  -3.2068917e-01
  -2.2518988e-01   3.4764462e-01
   3.0413410e+00  -3.4993816e-01
  -4.3261891e-01  -1.7540773e-01
  -1.9596645e-02   2.5094169e-01
  -4.0612786e-01   1.0542160e+00
  -2.2131907e-01  -5.0520097e-01
   2.5383203e+00  -1.7000211e+00
  -2.0585747e-01   4.2614773e-01
  -2.6341792e-01  -5.5039642e-01
  -5.1966708e-02  -8.1775542e-01
  -2.4163915e-01   7.5053415e-01
  -1.0046098e+00   1.1314348e+00
  -2.6498919e-01   1.4931420e-01
  -1.0522236e-01   3.8767296e-01
  -2.1703758e-01  -1.6372680e-01
  -4.9686053e-01   1.1368313e+00
  -5.2590702e-01   5.0020742e-01
  -2.9365979e-01   7.3047286e-01
  -8.1374599e-01   1.0296282e+00
  -1.2656962e-01  -7.1494625e-01
  -1.1891474e-01  -4.2687949e-01
  -4.8313923e-01   4.7175229e-01
  -4.8443331e-01  -1.9108440e-01
  -1.4131005e-01  -7.3375188e-01
  -3.2205097e-01   8.8422406e-01
  -5.0026998e-01   1.2141000e+00
  -2.4461498e-01  -4.9034356e-01
  -4.6179094e-01   8.5531219e-01
  -3.9275685e-01   1.0468833e+00
  -5.5001859e-01   1.2372458e+00
   7.1469251e-02  -1.0932967e+00
  -2.0301936e-01  -2.5785473e-01
  -1.0316162e+00   2.7908414e+00
  -5.5370363e-02   3.4733956e-01
  -2.1247878e-01  -8.0615178e-01
   1.1826852e-02  -1.7732415e-01
  -4.5230494e-02  -1.0841925e+00
  -2.0104350e-01  -9.7446737e-01
  -2.2856747e-01  -3.8016082e-01
   5.1610231e+00   2.3188466e+00
  -1.1292672e+00   1.9740769e+00
  -2.3769006e-01  -7.2853933e-01
  -5.1862153e-01   8.1849912e-02
  -1.2840849e-01  -2.6761525e-01
   7.9858724e-01  -7.8695042e-01
  -1.4218711e-01   5.9059946e-01
  -3.6991428e-01  -4.4807858e-01
  -2.0972246e-02  -1.0027446e+00
  -1.1121131e+00   2.6944811e+00
  -5.0620120e-02  -1.8248480e-01
  -4.8181623e-01   1.6638069e-01
   1.0425805e-01  -8.8902499e-01
   9.5868138e-01  -2.0674153e+00
  -7.9435926e-02  -8.2775813e-01
  -7.6066747e-02   3.3099085e-01
  -2.1251806e-02  -9.2435993e-01
  -4.8994353e-01   8.5791510e-01
   5.1103775e+00   2.7910568e+00
  -1.7266556e-01  -5.7010397e-01
   9.3001650e-01  -1.4460219e+00
   1.3946261e-01  -1.1707298e+00
  -9.2936571e-02  -8.4516030e-02
  -2.1408235e-01  -5.0398446e-01
  -3.7566341e-01   8.8689363e-01
  -9.4422104e-02  -5.9295681e-01
  -5.3148701e-01   8.2408868e-01
  -4.7100986e-02  -9.3624548e-01
   7.2577797e-03  -2.4276396e-01
  -2.2243512e-01   3.0522436e-01
  -5.8429686e-01   1.2714415e+00
  -5.5261354e-01   9.6567188e-01
  -1.7067296e-01  -5.5064489e-01
  -2.0313923e-01   6.3191698e-01
  -9.5641638e-01   1.1741136e+00
  -5.2230301e-01   1.0145798e-01
  -2.6170507e-02   2.7943994e-01
  -3.5637340e-01  -4.9335522e-01
  -1.1294221e-01  -5.8282251e-01
   1.2207263e-02  -7.7958066e-01
  -5.8910515e-01   6.1813764e-01
  -3.3986489e-01   8.8781479e-02
  -8.5411450e-02   3.7961398e-01
   2.1209074e+00  -2.0404795e+00
  -3.4689761e-01  -2.0491012e-01
  -1.7998080e-01   2.0398407e-01
  -4.9538613e-01   2.5930161e-01
  -2.2113912e-01   2.4350811e-01
  -5.1164641e-01   3.2670290e-01
  -1.5365080e-01   5.1600396e-01
  -1.2217471e-01   2.1887939e-01
  -6.5840908e-02  -1.2244217e+00
  -4.4791322e-01   1.8820002e-01
  -4.4039870e-01   5.7098576e-01
  -4.6805559e-01  -2.0942376e-01
  -1.3320911e-01   1.5394434e-01
   3.6711485e-02  -9.3665876e-01
  -2.2463235e-01  -7.1475969e-02
  -1.5811905e-01  -9.5788826e-01
  -1.2181127e+00   3.0283396e+00
  -4.8281890e-01   6.9891099e-01
   6.0539573e-03   1.5893378e-01
  -4.4362217e-01   8.7112081e-03
   7.7192521e-01  -2.0679873e+00
   4.0755759e-01  -1.5772299e+00
   1.2523358e+00  -1.2925876e+00
  -1.3087692e-01  -5.5499703e-01
  -2.4683223e-01   4.3720803e-01
  -7.3973923e-01   6.1223255e-01
  -8.1337773e-02   2.4872206e-03
  -6.1399164e-01   1.3065516e+00
  -4.5289322e-01   6.8478446e-01
  -2.5081919e-01  -5.1642533e-01
  -3.9053563e-01   6.5438405e-01
  -7.1662936e-02  -2.0701171e-01
  -7.9664733e-01   1.5502241e+00
  -5.2483055e-01   1.4783031e+00
  -5.1812089e-01   2.9399517e-01
   3.2578221e-01  -1.5890797e+00
  -2.7724048e-01  -1.8261214e-01
  -1.2260262e-01  -3.9883917e-01
  -8.0557895e-04  -7.0234046e-01
  -5.1965163e-01   2.5757802e-01
  -3.5900187e-01   8.3436844e-01
  -1.9390972e-01  -6.1481714e-01
   1.1160755e-02  -1.0924420e+00
  -1.4055989e-01   4.2190518e-01
  -5.7092774e-01   8.6395697e-01
   4.1472271e-02  -1.3886696e+00
  -2.8318536e-01  -5.7136394e-01
  -1.9250064e-01  -5.2708998e-01
  -1.2851545e-01  -9.6782291e-01
  -1.3247614e-02  -9.8870613e-01
  -9.1960052e-02  -6.1136780e-01
  -5.4484494e-01  -1.7982497e-01
  -2.1396764e-01   6.3308851e-01
  -8.5313614e-03  -1.0085304e+00
  -3.5913487e-01   8.7427654e-01
  -1.5852666e-01  -8.1512530e-01
  -2.1725511e-01   6.5576360e-01
  -1.8018935e-01   2.6972932e-01
  -4.7411476e-01   1.0160060e+00
  -1.4835745e-01  -9.4175247e-01
  -3.3345269e-01   2.2721547e-02
  -4.8385461e-01   9.2839969e-01
  -4.3679770e-01   2.2258321e-01
  -4.3643065e-01   1.0311756e+00
  -5.6522581e-01   3.3438630e-01
  -1.4460216e-01   4.2756706e-01
   2.6725547e+00  -1.5832992e+00
   1.2313235e+00  -2.1718987e+00
  -1.1471276e-02  -3.5308629e-01
  -7.2137762e-01   1.6281689e+00
  -1.2541594e-02   2.6917073e-01
  -2.1461257e-01   2.6446204e-02
   5.1980955e-01  -1.6301071e+00
   8.9008042e-02  -2.1829753e-01
  -2.3036526e-01  -5.9316646e-01
  -4.2870524e-01   7.0480216e-01
   1.1695296e+00  -1.0095650e+00
  -2.0992600e-01  -4.6789969e-01
  -5.5085249e-01   1.2321152e-01
  -4.8322682e-01   1.8874140e-01
  -1.1375900e-01   3.7663446e-01
   5.8479214e-04   2.0063731e-01
  -9.4915042e-01   1.6735486e+00
  -6.8817172e-02   1.1480954e-01
  -1.5018078e-01   3.5865635e-01
  -1.9435938e-01   8.7031414e-02
  -8.6040198e-02  -4.5498948e-02
  -1.7983377e-01  -7.5818526e-01
  -4.1313485e-01   1.3664442e-01
   4.1277109e-02  -1.7666336e-01
  -2.1517598e-01  -3.3609123e-01
   5.9567717e-02  -4.8619487e-01
  -7.0974567e-02  -4.7624897e-01
  -1.8966300e-03   6.0829085e-03
  -1.5278930e-02  -9.7548793e-01
  -1.5266213e-01  -7.9818597e-01
   4.0231380e+00   8.4899943e-01
  -4.8111014e-02  -6.3598447e-01
  -1.2274576e+00   2.6272851e+00
   5.2302332e-01  -1.3679658e+00
   4.3982589e-02  -7.9575314e-01
  -1.7138588e-02  -9.9332324e-02
   9.3219002e-02  -8.9341458e-01
  -4.7857604e-01  -8.7491113e-03
  -1.6627667e-02   1.8102881e-01
  -6.6293162e-01   5.4471603e-01
  -1.6297988e-01   3.9509840e-01
   4.7346661e-03  -5.4896787e-01
  -2.6968067e-01   9.4779206e-01
  -6.3391407e-03  -8.1227835e-01
  -3.1912751e-01  -7.1968950e-01
   1.7362489e-01  -1.1807881e+00
  -3.6167086e-01  -3.5192886e-01
  -1.5387583e-02  -1.1074275e+00
  -3.7180056e-01   9.4762566e-01
  -3.8246842e-03  -1.0096729e-01
  -5.4283050e-01   1.0838867e+00
  -4.6349356e-01   2.4652184e-01
   8.3752420e-01  -1.7936241e+00
  -4.4003200e-01   7.5091554e-02
   2.7989445e+00  -7.8615144e-01
  -2.3717940e-01  -7.0228741e-01
   3.4220562e+00   1.3252616e-01
  -5.6432915e-02  -8.6544423e-01
  -2.8221346e-01   3.8741109e-01
  -3.4449758e-01   4.6935890e-01
  -2.4301688e-01  -5.6633971e-01
   8.7963391e-02  -1.2887421e-01
  -2.7984184e-01  -4.0796070e-01
  -3.9690814e-01   1.4064719e-01
   1.9669551e-02   9.8815666e-03
  -5.5570410e-01   8.4245981e-01
   1.2654554e+00  -1.1376159e+00
  -5.5788167e-02   3.1802750e-01
   2.0716820e+00  -1.7672691e+00
  -8.8626600e-02  -6.8417977e-02
  -5.1964452e-02  -1.1131067e-01
   1.3758214e-01  -2.7970129e-01
  -2.6394583e-01   4.8049498e-01
  -4.2796632e-01   2.7864003e-01
  -4.6741120e-01   9.3839565e-02
  -4.9691260e-01   2.5043059e-01
   4.8882226e+00   1.6098915e+00
   5.1072839e-02   1.2326862e-01
   2.9215348e-02  -9.3881566e-01
  -1.3896448e-01   3.8796473e-01
  -2.6502713e-01  -3.0547266e-01
   1.3511671e+00  -1.5138720e+00
  -1.0019563e-01  -2.9995332e-01
   5.0901658e+00   1.8522191e+00
   2.4588471e-01  -1.2993692e+00
   9.6771190e-01  -1.4373851e+00
  -5.3625605e-01  -6.7829400e-02
  -4.4211224e-01  -2.2378739e-01
  -3.0574553e-02  -3.4228412e-01
  -3.8642012e-01   9.7729411e-01
  -2.2461123e-01   1.2955331e-01
  -1.2057345e-01  -1.7348017e-01
   2.1908753e+00  -1.0367220e+00
   1.2179293e-01  -3.5148724e-01
  -1.5815245e-01  -1.0051428e+00
  -1.5523976e-01  -4.2584306e-01
  -5.4449368e-01   2.2408297e-01
  -5.7413269e-01   9.4204253e-01
  -1.8205210e-01  -5.7839216e-01
   1.4721754e+00  -2.1965830e+00
   2.8988156e-01   2.3192521e-02
   5.0687105e+00   2.5990249e+00
   5.4155914e-01  -6.3023180e-01
  -8.1713893e-01   1.6978644e+00
   3.1096981e-02  -1.0244351e+00
   5.1257680e+00   2.6342066e+00
  -1.2068916e-01   1.5773294e-01
  -5.2547404e-01   5.0027989e-01
  -9.0790952e-02  -3.0758937e-01
   5.0646761e+00   1.8199143e+00
  -2.1207216e-01  -7.3572125e-01
   5.0254444e+00   2.0014823e+00
  -5.4858524e-01   1.3933596e+00
  -2.1281997e-01  -4.6327040e-01
  -1.6995731e+00   5.4103799e+00
  -4.6441531e-01   7.8130383e-01
  -5.0695080e-01  -1.4204594e-01
   8.2078395e-03  -3.1653756e-01
  -1.6091192e-01  -1.2993705e-02
  -5.1998455e-01   9.7293930e-02
  -2.5016471e-01  -1.2162066e-01
  -3.8805582e-01   5.4895471e-01
  -1.2031448e-01   2.3150944e-01
  -1.1524198e+00   3.1418661e+00
  -1.4048474e+00   3.9696168e+00
   4.2745364e+00   3.7430656e-01
  -1.3979196e-01  -6.6498427e-01
  -1.0625561e+00   2.8517320e+00
  -5.5641332e-01   7.8232134e-01
  -1.1797017e-01  -9.8359001e-02
  -1.1650726e+00   2.2902396e+00
   1.0573530e+00  -2.2613990e+00
  -4.9924282e-01   4.1994167e-01
  -2.7515582e-01  -5.2754168e-01
  -9.0927320e-02   2.1998439e-01
  -1.8200407e-01   5.6833524e-01
   7.6733074e-01  -1.6952500e+00
  -2.9333189e-01   2.5870101e-01
  -5.4147152e-01   1.9421960e-01
  -2.9321637e-02  -5.6006643e-01
  -4.4101836e-01   5.7770134e-01
  -3.2025974e-01   7.9025005e-02
  -1.2384379e-01   3.9509694e-01
  -5.7784397e-01   1.0076727e+00
  -1.0080438e+00   2.4636034e+00
  -1.6229143e+00   3.6970083e+00
  -1.4722988e-01  -6.3005807e-01
  -5.1504724e-01   1.4703845e-01
   3.5829525e-02  -3.6721724e-01
  -5.9511097e-01   8.4647375e-01
  -5.5280720e-01   1.4451665e+00
  -6.9812291e-02   2.5332551e-02
   8.6776163e-01  -7.9067479e-01
  -1.5009320e-01  -8.2868162e-01
  -1.0601163e-01   3.0263548e-01
  -1.5536145e-01   4.8329343e-01
  -4.9485621e-01  -1.9183075e-01
   1.8251884e-01  -1.2993395e-01
  -1.1510670e-01  -3.6496964e-01
   4.2032991e-01  -1.5158740e+00
  -5.8961598e-02  -7.4081076e-01
  -1.6979236e-01   4.7251907e-01
  -2.7182568e-01  -1.3691295e-01
  -1.9217561e-01   1.9558235e-01
  -3.0323464e-02  -3.9273747e-01
  -1.2756488e+00   2.6672646e+00
  -5.1747082e-01   5.9224994e-01
  -6.0216614e-01   2.2212813e-01
   7.6147358e-03  -9.6271181e-01
  -5.1033193e-01   8.4552246e-01
  -1.3100139e-01  -6.8456006e-01
  -5.0903197e-01   1.8293835e-01
  -2.1415606e-01  -1.7808087e-01
   5.5787335e-02  -8.8721183e-01
  -4.3446526e-01   7.9704516e-02
  -2.6754354e-01   2.1389039e-01
  -1.7677196e-01  -6.2179328e-01
  -3.0437379e-01  -4.1496217e-01
  -3.5206881e-01  -5.5314657e-01
  -1.2989089e+00   3.8896911e+00
  -2.0677406e-01   3.1025885e-01
  -1.2480905e-01   3.2736142e-01
  -1.9428469e-01  -7.3903054e-01
  -4.5363836e-01   1.1119902e+00
  -2.8309956e-01  -5.2791604e-01
  -1.3504467e-01  -7.1892069e-01
  -5.5599667e-01   1.7545127e-01
  -4.9723840e-01  -1.5239973e-01
  -1.9218101e-02  -2.3150318e-01
   2.5532761e+00  -9.8567507e-01
  -1.8981279e-01  -2.7896822e-01
  -6.8664426e-02   1.2085799e-01
   2.5661477e-02  -2.9269307e-01
  -6.4935322e-02  -9.0238447e-01
  -5.3944388e-01   1.3682939e+00
   9.2300037e-01  -1.6763403e+00
  -5.9259626e-01   7.5154864e-01
  -1.3480078e-02  -1.0538457e+00
  -1.4228218e-01   4.0691167e-01
  -9.9989834e-01   2.2114145e+00
  -6.5815977e-01   2.6981852e-01
   2.9058725e-01  -1.5345035e+00
  -2.7744020e-01   3.9185855e-01
  -8.1313414e-01   7.4234940e-01
  -2.5070654e-01   9.1141386e-01
  -1.0907805e+00   1.4205228e+00
  -4.9309006e-01   6.0586330e-01
  -4.9667904e-01   1.2175879e+00
  -6.6517083e-02  -6.9884717e-01
  -4.4411451e-01   3.5596108e-01
  -2.2777439e-01  -6.8122302e-01
  -2.7177280e-01  -1.2136857e-01
  -5.2108955e-01   7.5626698e-02
  -5.8582769e-01  -2.9947586e-01
  -5.1157024e-01   1.0230927e-01
  -4.3194552e-01  -3.2805913e-01
  -3.3257243e-02  -2.4947208e-01
   1.8487533e-02  -5.1355948e-01
  -1.4467978e-01  -7.4447967e-01
  -1.1598801e-01  -7.7308213e-01
  -2.3245013e-01  -4.2795846e-01
  -2.1303641e-01  -7.4204769e-02
  -1.0154517e-01  -2.3660317e-01
  -3.9229082e-02  -7.3515323e-01
  -2.0027821e-01   3.4276514e-01
  -2.6834039e-01   7.3404146e-01
  -1.8988661e-01   6.0020494e-01
  -2.0405282e-01  -4.9518861e-01
  -4.7034679e-01   3.5425825e-01
   1.4382712e-01  -5.2050711e-01
   8.7251211e-03  -8.7683840e-01
  -1.7810243e-01  -8.1764721e-01
  -5.9565033e-02  -8.8515053e-01
  -4.1557364e-01   6.9808848e-01
   8.1413480e-02  -2.0930715e-01
  -4.9971947e-01  -1.1614798e-01
   1.5195850e-01  -1.3608739e+00
  -4.2233203e-02  -9.2590506e-01
  -4.4934982e-01   6.4257809e-01
  -5.2626733e-01   3.5286775e-01
  -5.2288810e-01   1.2050195e+00
  -8.6398350e-01   1.5689706e+00
  -2.7533569e-02   5.7923812e-02
  -1.0302617e-01  -7.5759881e-01
  -5.7145060e-01   5.3776874e-01
  -1.7601588e-01   5.4744417e-01
  -1.8060820e-01  -6.6466182e-01
  -2.1122251e-01  -4.4453779e-01
  -2.9195760e-01   3.0126865e-01
  -3.3762189e-03  -9.2287139e-01
  -2.5537652e-01   8.2278859e-03
  -5.3939964e-01   1.0335628e+00
  -3.6317852e-01   6.2523807e-01
  -1.4386478e+00   4.2286651e+00
   1.4404904e+00  -1.8048477e+00
  -1.9583105e-01  -1.9080397e-01
  -4.0399344e-02  -7.8687458e-01
  -1.7375488e-01   1.6171789e-01
  -5.3521220e-02  -7.5543460e-01
  -4.0367489e-01   1.0148701e+00
   3.2619735e-01  -3.6297793e-01
  -8.8577197e-02  -8.0849242e-02
  -5.5907425e-01   4.4527789e-01
   1.1888966e-02  -3.5153734e-01
  -1.4261827e-01  -6.2294140e-01
  -1.6170526e-01  -5.5477448e-02
  -5.7433553e-02  -8.3337239e-01
  -5.4046740e-01   1.7590165e-01
  -3.5971151e-03   8.5516134e-01
   2.9453901e-02  -7.8865048e-01
   1.5147409e-01  -8.5174602e-01
  -1.6735073e-01  -3.1661104e-01
  -1.7217132e-01  -1.6457648e-01
  -5.3765649e-01   7.3325753e-01
  -5.0678415e-01   1.2915314e+00
   2.3685260e-02  -1.1644408e+00
   1.7455385e-01  -9.7198721e-01
  -2.2734741e-01   3.5585943e-03
   4.2514072e-01  -8.1432020e-01
   1.6913698e+00  -1.7831861e+00
  -8.1313183e-01   9.4149030e-01
  -1.1894093e-01  -3.2356893e-01
  -2.5120210e-01   4.9990610e-01
   5.0379317e+00   2.8985895e+00
  -2.1415661e-01   4.1555524e-01
   2.1922608e+00  -2.0017271e+00
  -6.1468084e-01   6.1529323e-02
  -2.5991384e-01  -5.1314874e-01
  -1.3749393e-01  -7.2630295e-01
  -2.5559311e-01   7.3955406e-01
   1.5118030e-01  -9.8893292e-02
  -2.2691392e-01   1.5441999e-01
  -1.0927783e-01   5.6452708e-02
   4.1789521e-01  -1.0041910e+00
  -2.3737710e-01  -2.4348334e-01
   7.1232834e-01  -1.9587278e+00
  -3.2544113e-01  -2.9499017e-01
  -4.8733401e-01   1.5065657e-01
   3.7075275e+00  -5.7164256e-01
  -2.7469236e-01  -5.1290902e-02
  -2.2617207e-01  -6.8869656e-02
  -2.4228297e-01  -3.4805234e-01
  -1.9347922e-01   2.9166332e-01
   8.1964030e-02  -4.4687469e-01
  -5.2426292e-02  -1.5063801e-01
  -1.4601542e-01   8.1181864e-02
  -1.5094469e-02  -9.0490764e-01
  -2.1074617e-01   2.0196640e-01
  -2.0761343e-01   1.7783992e-01
  -3.3239686e-02  -1.1006361e+00
  -3.3943346e-02   8.5970260e-02
   4.2704911e+00   1.1744256e+00
  -1.0681914e-01  -7.8629292e-01
   4.9704288e+00   2.0585692e+00
  -1.1644743e-01  -4.8836992e-01
  -9.0022293e-02  -4.7093769e-01
  -4.9826077e-01   6.6758743e-01
  -1.1534295e+00   2.3066030e+00
  -6.6124730e-03  -9.6689908e-01
  -1.0067405e-01  -7.9240289e-01
  -2.2432108e-01  -5.4197529e-01
   2.5994274e-01  -1.3858694e+00
  -1.1083012e+00   2.1581341e+00
   1.4786179e+00  -1.3276076e+00
  -6.7037941e-01   5.3201625e-01
  -1.8991183e-03   2.1351862e-01
  -1.5743527e-01   2.2538538e-01
   1.7066038e-01  -5.8282514e-01
  -1.3436179e-01  -1.2099709e-01
  -1.7073966e-01  -3.8986243e-01
  -4.9831948e-01   4.7428334e-01
  -5.1394352e-01  -1.4700415e-01
  -5.1252478e-01   5.4911001e-01
  -6.0500646e-01   6.5684569e-01
   6.9523744e-03  -3.8678357e-01
  -6.3197416e-01   7.2184886e-01
  -5.9767776e-01   1.4543584e+00
  -1.1481854e-01  -6.8030862e-01
   1.1969922e+00  -1.7756170e+00
   1.9233952e-02  -5.0933446e-01
   5.0590446e-01  -1.4736243e+00
   3.1622927e+00  -1.1595551e+00
  -6.7378983e-03  -9.0937977e-01
   2.5857571e+00  -1.0010113e+00
  -8.7296614e-02  -6.5454612e-02
  -1.3814174e-02  -3.7837902e-01
   3.3822760e-01  -4.4189218e-01
  -4.2867171e-01   2.4441391e-02
  -2.2541572e-01  -5.5855231e-02
   3.0743084e+00  -2.0202811e-01
  -5.0769137e-01   1.3329134e+00
  -1.4585556e-01  -5.1830780e-01
  -5.2992602e-01   5.6436620e-01
  -2.3688161e-01   3.0340606e-01
  -5.0913690e-01   2.7880028e-02
   2.6428943e+00  -5.6489401e-01
  -6.0045093e-01   1.4044917e+00
   7.3221257e-03  -7.0792236e-01
  -1.2548366e-01  -7.1730159e-01
  -8.3391603e-02  -5.1662802e-01
  -2.0958016e-01   3.1727053e-01
  -5.9000328e-01   2.1940582e-01
   1.1504856e+00  -2.4448668e+00
  -1.5377945e-01   4.6040174e-01
  -2.8632811e-01   7.0659309e-01
  -1.3020475e-01  -2.9248448e-01
  -1.7135825e-01  -6.0425959e-01
  -8.0934480e-02  -1.1581495e+00
  -2.1690381e-02  -1.1512288e+00
  -5.5828757e-01   8.2512852e-01
  -8.8309418e-02   2.3408949e-01
  -3.2220222e-01  -4.3469269e-01
  -2.6316021e-01   5.1653417e-01
  -4.3633768e-01   7.9253013e-01
   2.3663483e+00  -9.4795250e-01
  -4.5156340e-03  -9.0996778e-01
  -3.9817113e-01  -3.5261386e-01
  -1.3641125e-01   4.6125614e-01
  -3.9779516e-01   4.3589472e-01
  -9.2716570e-01   1.5093553e+00
   4.6764395e+00   1.7968490e+00
  -2.5178522e-01   2.3843968e-01
  -4.9543003e-01   1.7468277e+00
  -4.5622107e-01   4.5707615e-01
  -2.2015896e-01  -4.0017806e-01
  -2.7048168e-01  -5.5893299e-01
   1.3906298e-01  -2.9598824e-01
  -5.2249568e-01   5.5039170e-01
  -2.7434897e-01  -4.7447136e-01
  -3.0682343e-01  -4.6199387e-01
  -5.5893121e-01   1.2784990e+00
  -3.8814813e-01   9.4481147e-01
  -4.8963353e-01  -7.9372789e-02
  -9.0308697e-01   1.9153949e+00
  -1.4504019e-01  -7.3895347e-01
  -5.8950687e-01   3.4039739e-01
  -6.3376505e-02   1.1489882e-02
  -2.1708925e-01   5.9669894e-01
  -1.9099445e-01   1.0173315e-01
  -4.6267871e-01   1.2575357e-01
  -1.3440063e-01   2.1781602e-01
   3.2562955e+00  -1.1591869e+00
  -5.3960425e-01   1.2701269e+00
  -4.5104598e-01  -1.8764832e-01
   2.3019990e-01  -8.9033734e-01
  -5.8186332e-01   1.4859404e+00
  -5.3482373e-01   9.8385658e-01
  -3.6234763e-02  -8.9971442e-01
  -9.4239231e-02   1.0790028e-01
   3.1978522e-02  -7.4380057e-01
   5.7000179e-02  -1.4451438e+00
  -2.5402284e-01   2.2601871e-01
   1.4709564e+00  -1.9535015e+00
  -3.9488908e-01   1.6466560e-01
  -3.3462013e-01  -5.4323322e-02
  -1.1489213e-01   6.4663653e-02
  -5.5323632e-01   6.8545450e-01
  -1.0060186e+00   2.6249440e+00
   1.8329802e-01  -5.9484666e-01
   5.1221773e+00   2.8437577e+00
  -6.6006814e-01   4.7555830e-01
  -1.7397278e-01  -3.5680553e-01
  -4.9699120e-01   1.9595166e-01
  -1.9876432e-01   5.8261728e-01
   1.3921172e+00  -1.1175012e+00
   5.4404538e-01  -2.0585969e+00
   8.5813312e-02  -8.0560825e-02
  -5.4873272e-01   3.4059340e-01
  -5.2410942e-01  -1.9705345e-01
  -1.7246946e-01  -6.8050195e-01
  -1.5481864e-01  -1.4169220e-01
  -1.7775329e-01   1.5960974e-01
   5.6397039e-01  -1.9167462e+00
  -5.1276134e-01   9.4757740e-02
  -5.3028929e-01   9.6378750e-01
  -2.8300628e-01  -4.2649404e-01
   1.1414808e-01   6.7937185e-03
  -1.8518621e-01   1.6671155e-01
  -9.7228606e-02  -1.9307533e-01
   3.7551239e-02  -8.0287427e-01
  -8.2011064e-02  -8.1902360e-01
  -2.3442317e-01  -3.2865084e-01
   3.0437511e-03   2.3723085e-01
  -5.3199400e-01   5.7594334e-01
  -3.3904899e-01  -5.4687137e-01
   1.2226228e+00  -1.3289331e+00
  -1.3930224e-02  -1.0514760e+00
  -9.5282149e-02  -1.1618223e+00
   1.4220747e-01  -4.7342399e-01
  -1.5520827e-01  -7.1674376e-01
  -4.4765499e-01   6.8062074e-02
   1.3280350e-01   2.3050900e-01
  -4.2741736e-02  -4.4922566e-01
  -1.1944859e-01   6.6873884e-02
  -7.4591288e-01   7.3314323e-01
  -4.9468084e-01   9.3317609e-01
  -1.8888000e-01   4.7103742e-01
  -6.3862792e-01   6.8792906e-01
  -3.9382540e-01  -3.4532982e-02
  -2.8720379e-01  -3.0496886e-01
  -2.6074631e-01  -3.0140120e-01
  -1.2412222e+00   3.1535591e+00
  -2.4729899e-01   2.2965465e-01
  -9.8623102e-02  -4.9598888e-01
  -3.6991512e-01  -3.1469843e-01
  -6.0852366e-01   1.5548267e+00
  -6.9389862e-01   1.3719849e+00
  -1.1106527e+00   2.5556542e+00
  -1.5895820e-01   1.4574668e-01
  -3.0985528e-01   4.2492270e-01
   9.0838258e-03   1.1017561e-01
   5.1083566e+00   2.2943192e+00
  -2.6891197e-01  -7.3856609e-01
  -4.6274861e-02  -1.4397784e-01
  -4.8666326e-01   2.9613665e-01
   3.9589719e-01  -8.4602473e-01
   3.4731056e-01  -8.8731968e-01
   1.2506715e-02   1.5442543e-01
  -5.2832619e-01   2.1667511e-01
   3.8476565e-01  -1.6144782e+00
  -1.1139234e-01  -6.8861142e-01
  -2.0802320e-01  -5.7199440e-01
  -1.7199613e-01  -7.0812954e-01
   3.1808692e-01  -1.3587708e+00
   5.6068334e-01  -1.7645340e+00
  -1.6267209e-01  -2.7726491e-01
  -5.2467064e-01   3.6304044e-02
  -5.0389006e-01   3.4299871e-01
  -2.5022521e-01  -9.3000789e-02
  -1.1846586e-01   9.6830901e-02
  -5.5255167e-02  -9.0948268e-01
  -2.7731962e-02  -9.4082128e-01
   1.2515557e-01  -1.2279470e+00
  -1.8404497e-01   3.2972654e-01
  -4.9964187e-01   6.7538581e-01
  -9.0017464e-02   1.2610585e-01
   2.4785935e-03  -7.9745631e-01
   4.3454100e-01  -9.8281348e-01
  -2.3099255e-01  -5.8065562e-01
  -4.6433689e-01   1.5811579e-01
  -2.3782843e-01  -4.5490811e-01
  -3.1065763e-02   3.0058966e-01
  -9.8628492e-01   1.8188590e+00
  -1.6969509e-01   1.7238586e-01
   3.5053877e-03  -1.8399571e-01
  -1.5836698e+00   4.4562676e+00
  -2.3450083e-01  -6.9024495e-01
  -1.4266795e-01  -6.8712361e-01
  -6.3627471e-02  -2.8484164e-02
  -1.5981403e-01  -3.3628268e-01
  -1.3026619e-01  -3.4400102e-01
  -2.4571118e-01   6.4823351e-01
  -2.2650225e-01  -3.2464684e-01
  -1.6595283e-01  -4.2954464e-01
  -2.2148625e-01  -8.0989157e-01
  -1.8140238e-01  -7.0422258e-01
   1.3896018e-02  -8.7400856e-01
  -1.9699616e-01   5.5072160e-01
  -4.6892619e-01   4.8928306e-01
  -4.7339513e-01   2.0192410e-01
  -9.3747330e-03  -9.9060875e-01
   2.1286567e-02  -1.1484389e+00
  -6.8745438e-02   3.4098538e-01
  -2.0331074e-01   2.9862712e-01
  -3.3631533e-01   2.3067705e-01
  -1.1575647e-01   3.4264943e-01
  -4.7519393e-01   3.4966761e-02
  -4.1005579e-01  -9.1961802e-02
   1.2689739e+00  -2.3092061e+00
   1.0585896e+00  -2.1561941e+00
  -3.7257900e-02  -3.3404646e-01
  -2.2246398e-01  -5.1272957e-01
  -1.0719395e-01  -7.6354055e-01
  -5.0895361e-03  -6.9218024e-01
  -1.3469653e-01  -7.5169762e-01
  -4.9888492e-01   1.2500911e+00
  -5.1070294e-01   5.4791388e-01
  -4.0056435e-01   3.7422615e-01
  -1.3921091e-01  -7.4578946e-01
  -2.3987079e-02  -2.8746984e-01
  -2.2775035e-03  -2.5543700e-01
  -1.6576565e+00   4.7246021e+00
  -4.9829789e-01   9.3374618e-01
  -2.7707605e-01  -4.2585050e-01
  -4.3955578e-01   5.7424319e-02
  -3.3206897e-01  -2.0934726e-01
  -4.8634437e-01   6.3911784e-01
   2.9068295e+00  -1.3319744e+00
  -1.7412121e-01  -7.7561439e-01
  -5.3280026e-01   8.8162833e-01
  -1.1054724e-01  -8.1879568e-01
  -1.9390093e-01  -4.3370606e-01
  -4.3486870e-01  -2.1781043e-01
  -1.7305393e-01   5.0400603e-01
  -2.9747470e-01  -2.4797629e-01
  -6.9141676e-02  -5.1485718e-01
  -4.8441587e-01   1.2391878e+00
  -4.8630078e-01   4.5657139e-01
   2.8717844e+00  -1.3827645e+00
  -8.7225347e-02  -6.3681669e-01
   4.8410864e-02  -1.4314593e+00
  -1.0815230e+00   2.5258293e+00
  -4.4303589e-01   5.9917180e-01
  -3.7255590e-01   3.4855809e-01
  -1.5827549e-01  -7.1416085e-01
   3.0980379e-01  -6.2245536e-01
  -5.9899997e-02   1.4424678e-01
  -5.3770873e-02  -4.1544043e-01
  -2.6687082e-01  -3.6473351e-01
  -5.1259757e-01   2.1123073e-01
   5.1099899e+00   1.9299902e+00
  -1.6865377e-01   2.9647827e-01
  -2.4856214e-01   7.0373264e-01
   5.1278079e+00   2.7056797e+00
  -8.1783764e-02  -1.2233230e+00
  -3.5058530e-01  -5.8820245e-01
  -4.5405707e-01   1.1745968e+00
  -5.5295504e-01   6.0019733e-01
  -9.1821108e-01   1.5227560e+00
  -5.8047848e-01   2.1253694e-02
  -7.0141274e-02   3.4882465e-01
  -7.7465575e-02  -3.3744781e-01
  -1.0499464e-01  -6.9898481e-01
   1.1241571e-02  -9.5418447e-03
  -1.5909562e-01   7.2483333e-02
  -1.4650338e-01  -5.7313077e-02
  -4.7751344e-01   4.0583880e-01
  -1.3086442e-01  -6.8706171e-01
  -2.0431244e-01  -2.4879632e-01
  -2.5724041e-01   1.6486119e-02
  -3.0236684e-01  -1.8250337e-01
   9.2280630e-02  -1.2289305e-01
  -1.5652672e-01  -1.2495360e-01
  -3.0819030e-01  -2.1139504e-01
   8.1654212e-01  -1.9244982e+00
   5.6440766e-01  -9.1884131e-01
  -5.6222617e-01  -6.9600540e-02
  -4.2538530e-01   4.7449969e-02
  -3.3557124e-01  -3.3996267e-01
   5.5364625e-01  -9.7456427e-01
  -1.2497090e+00   2.5389306e+00
  -5.6512501e-01   1.4089237e+00
   2.4300935e-01  -5.6002426e-01
  -6.8790521e-02  -2.0506548e-02
  -3.0271958e-01  -3.6926133e-01
  -1.1388232e+00   2.7385241e+00
  -1.0495177e-01  -7.6041677e-01
   1.4552096e-01  -9.3922637e-01
  -3.5413769e-01  -3.8790549e-01
  -5.0750969e-01   3.8087220e-01
  -5.1648405e-02   2.9831410e-01
  -2.0397977e-01  -1.5534841e-01
   1.9414836e-04  -9.3074448e-01
  -5.2463417e-01   1.1747614e+00
   1.1894200e-01   8.5347754e-02
   1.0183432e+00  -1.9926852e+00
  -5.0483659e-01   2.1970979e-01
  -5.5406764e-01   2.0031258e-01
  -5.1963248e-01   9.0390240e-01
  -4.2570154e-02   2.8431554e-01
   1.1956583e-01  -1.4252668e+00
  -7.1699140e-02  -7.4416090e-01
  -2.1965781e-02  -9.5481538e-01
  -4.7573635e-01   1.1280796e+00
   3.2492357e-02  -4.3148059e-01
  -5.0976397e-01   7.7523764e-01
   4.3811900e+00   1.2142068e+00
