   4.1157189e-01   2.9326642e-01
   5.9757903e-01   4.7149407e-01
   4.0356018e-01   2.1939226e-01
  -1.1291894e+00  -1.6068313e+00
  -1.6580163e+00  -1.7178182e+00
  -1.2361290e+00  -1.6074568e+00
  -9.9409314e-01  -1.4270255e+00
   5.8592384e-01   5.2672289e-01
   4.2459763e-01   2.5926352e-01
  -2.0218184e+00  -1.6045889e+00
   3.7667175e-01   1.6191904e-01
   3.9749180e-01   2.4306663e-01
   4.0645846e-01   2.8375324e-01
   4.1426872e-01   2.1296121e-01
  -1.4899478e+00  -1.7324871e+00
  -3.2122560e+00   2.0361889e-01
   4.9921581e-01   4.6058661e-01
   3.2302011e-01   8.0610616e-02
   1.4292277e+00   2.0870763e+00
   4.0403986e-01   2.8548626e-01
   3.5069641e-01   1.8353256e-01
   4.0541520e-01   3.2912068e-01
   4.0083191e-01   2.7973824e-01
   5.6056200e-01   5.1518756e-01
  -1.2231146e+00  -1.5842505e+00
   1.1658466e+00   1.5438677e+00
   4.0515477e-01   2.9358690e-01
   8.0620952e-01   8.6521820e-01
  -1.1706707e+00  -1.5788821e+00
   7.0226697e-01   6.4175806e-01
   6.7532244e-01   7.4238041e-01
   3.9494485e-01   2.8730274e-01
   1.3413696e+00   1.8758370e+00
   2.8961775e-01   1.1024030e-01
   6.2652618e-01   5.9477743e-01
  -1.8962015e+00  -1.6645814e+00
  -1.5486109e+00  -1.7334218e+00
   4.1083899e-01   2.5686503e-01
   3.2913418e-01   1.8166661e-01
   9.3008775e-01   1.1550371e+00
   3.9557018e-01   3.0471506e-01
  -1.0809680e+00  -1.4693369e+00
   4.0095531e-01   2.6264658e-01
  -1.4255086e+00  -1.6848287e+00
   3.9884536e-01   2.6294757e-01
  -1.2336973e+00  -1.6069761e+00
   4.3323225e-01   2.3426622e-01
   3.5278870e-01   1.6414013e-01
   4.4313086e-01   2.9956947e-01
   3.7860665e-01   2.6007069e-01
   6.8586542e-01   7.6110103e-01
   5.3439345e-01   5.2303633e-01
  -1.1541111e+00  -1.4957686e+00
  -1.7790279e+00  -1.6795677e+00
   4.2761246e-01   3.1854027e-01
  -8.5752237e-01  -1.3406095e+00
   6.0253729e-01   5.4994087e-01
   4.0845020e-01   3.0139532e-01
   4.4244834e-01   2.6643008e-01
   4.1796363e-01   2.7927619e-01
   4.3434087e-01   3.4234810e-01
   4.7729943e-01   3.8917451e-01
   4.4906778e-01   3.3007591e-01
   4.1381401e-01   2.6552963e-01
  -4.5544819e-01  -9.0259208e-01
   2.1073728e-01  -8.6662251e-02
   3.7985768e-01   2.9249569e-01
   3.8952751e-01   3.3037671e-01
  -1.3786421e+00  -1.6470269e+00
   4.0138480e-01   2.5897284e-01
   6.6678805e-01   6.9499376e-01
  -1.1785119e+00  -1.5716248e+00
   4.1980888e-01   2.7013079e-01
   1.4277210e+00   2.0933829e+00
  -2.8953580e+00  -4.5859712e-01
   3.8254489e-01   2.5865450e-01
  -1.5461205e+00  -1.7752634e+00
   4.2969781e-01   2.8112579e-01
   3.9255280e-01   2.7353120e-01
   1.3641200e+00   1.8582453e+00
  -1.8402920e+00  -1.6526574e+00
   4.2253538e-01   2.8889724e-01
   3.9629057e-01   2.7374565e-01
   9.9218954e-02  -1.9350400e-01
   4.2845222e-01   2.9398606e-01
  -8.5448878e-01  -1.3143281e+00
   1.3676038e+00   1.8764601e+00
  -1.8709662e+00  -1.7180942e+00
   4.4095373e-01   2.9895903e-01
   7.1561976e-01   6.8276923e-01
   2.8339934e-01   7.4018711e-02
   5.8414391e-01   5.8221083e-01
   3.8253653e-01   2.9221336e-01
  -1.0965502e+00  -1.5119131e+00
  -1.5801854e+00  -1.6542669e+00
   7.9341962e-01   8.6105918e-01
   4.1237440e-01   2.9377876e-01
   7.0312894e-01   7.2736684e-01
  -1.3179028e+00  -1.5902642e+00
   6.5771123e-01   6.9428506e-01
   2.8182467e-01   7.5556074e-02
   1.3170182e+00   1.9028562e+00
   4.3222223e-01   2.5272679e-01
  -9.8489115e-01  -1.4271366e+00
   6.7991476e-01   7.2977668e-01
   3.9623244e-01   2.6528819e-01
  -1.8646704e+00  -1.6878768e+00
   3.9612313e-01   2.8666220e-01
   4.4224699e-01   3.2762496e-01
   4.0581346e-01   2.5919429e-01
   4.3515396e-01   2.8604526e-01
  -1.5197109e+00  -1.6209829e+00
   4.2430887e-01   3.0549786e-01
   3.5532537e-01   1.0679074e-01
   6.3646334e-01   4.9512577e-01
   1.2680090e+00   1.7452414e+00
   1.3998914e+00   1.9993465e+00
  -1.1755550e+00  -1.5479833e+00
  -9.6673295e-01  -1.3112359e+00
   6.7559852e-01   6.3344279e-01
   3.8353105e-01   3.0363923e-01
   4.0821076e-01   2.1176935e-01
   3.9950284e-01   2.7987136e-01
  -2.4855778e-01  -6.5761437e-01
   3.9272326e-01   2.7390944e-01
   1.4640959e+00   2.1207397e+00
   4.9495520e-01   4.1584851e-01
  -7.1700127e-01  -1.1742942e+00
   5.7579078e-01   6.0092291e-01
  -1.2049026e-01  -4.9403433e-01
  -2.3156144e-01  -6.6245599e-01
   4.0293222e-01   3.0178364e-01
   4.0849809e-01   3.5617630e-01
   3.1056831e-01   1.2463362e-01
   3.5771536e-01   1.6764495e-01
  -1.4374398e+00  -1.6735969e+00
  -1.2771107e+00  -1.5757516e+00
  -7.4879343e-01  -1.1916942e+00
   4.5675631e-01   3.3979697e-01
   3.9965963e-01   2.6424365e-01
   5.2292032e-01   4.7452086e-01
   4.1772379e-01   3.0518855e-01
   6.6084640e-01   6.9951051e-01
   4.4756665e-01   2.9268768e-01
   3.7154376e-01   3.4389495e-01
   4.1704439e-01   2.8740691e-01
   4.1431293e-01   2.4492468e-01
   4.2315038e-01   3.0871760e-01
   2.2748310e-01   8.8878375e-03
  -1.6909548e+00  -1.6899481e+00
   3.8415146e-01   2.3329991e-01
   4.2448162e-01   2.7589466e-01
   4.2836644e-01   2.6620094e-01
  -1.3121118e+00  -1.6147379e+00
   6.7634183e-01   7.2376444e-01
   3.0739665e-01   1.2331245e-01
   4.5872249e-01   3.6055483e-01
   5.3955717e-01   5.7046879e-01
   4.4701704e-01   2.9604383e-01
   4.3500152e-01   2.8478240e-01
   5.1431779e-01   4.8009472e-01
  -2.0759917e+00  -1.6240081e+00
   1.2699587e+00   1.7712813e+00
   4.0763712e-01   3.4247091e-01
   4.0827733e-01   2.5650520e-01
  -1.8113900e+00  -1.7500805e+00
   4.7566526e-01   3.7475820e-01
   1.3994810e+00   1.8480596e+00
   4.3763742e-01   3.0275502e-01
   4.6273609e-01   3.3076881e-01
  -1.1006708e+00  -1.4985017e+00
   5.6535415e-01   4.9942565e-01
   3.4042160e-01   1.5593054e-01
  -1.3378171e+00  -1.6456202e+00
   4.1572352e-01   2.3798912e-01
  -1.2631024e+00  -1.5400460e+00
   3.7191055e-01   3.4275937e-01
   4.0211458e-01   3.1999830e-01
   4.6344100e-01   3.0743224e-01
   4.0660146e-01   3.2079743e-01
   3.8774274e-01   2.3069653e-01
  -3.4504269e-01  -7.2247042e-01
   4.6082123e-01   2.2284607e-01
  -1.1842542e+00  -1.5926673e+00
   5.4357464e-01   5.1332452e-01
   5.3340902e-01   5.6868333e-01
  -7.1696977e-01  -1.2475445e+00
  -1.9052906e+00  -1.6837485e+00
   4.6118611e-01   3.3979160e-01
   2.5183351e-01   5.2848151e-02
   4.0679470e-01   3.4346404e-01
  -1.7050369e+00  -1.6770670e+00
   1.4269446e+00   2.0406088e+00
   4.2400301e-01   3.3163789e-01
   2.1634748e-01  -7.4900263e-02
   4.6506134e-01   2.9045956e-01
  -3.1441808e+00   7.4586739e-02
   1.0694768e+00   1.4563792e+00
   1.1542485e+00   1.5329681e+00
  -1.6949600e+00  -1.7418547e+00
   4.1231665e-01   3.5403124e-01
   7.9051036e-01   8.3454267e-01
   4.5833103e-01   3.2410688e-01
  -6.7436373e-01  -1.1549371e+00
   4.1512068e-01   2.7850421e-01
   4.1870974e-01   2.9846413e-01
   1.4437074e+00   2.0763164e+00
   4.3021032e-01   3.8488617e-01
   3.8336879e-01   2.7654423e-01
   5.5895320e-01   5.3239371e-01
  -6.1443183e+00   3.0737073e+00
   1.8115162e+00   2.7970558e+00
   4.0203635e-01   2.9335329e-01
   2.1676049e-01  -3.1104960e-02
   4.2168298e-01   2.7365281e-01
  -1.6748838e+00  -1.7076706e+00
   3.9456609e-01   2.3127192e-01
   3.9424310e-01   2.4235517e-01
   3.9264951e-01   2.9619446e-01
   1.7415957e+00   2.6626268e+00
   4.1879809e-01   2.6564560e-01
   4.1634392e-01   2.3069825e-01
   1.4118229e+00   1.9773568e+00
   9.0087914e-01   1.0852011e+00
   4.2218805e-01   2.7296835e-01
   4.4813943e-01   3.3643241e-01
   4.3660690e-01   3.0707557e-01
   1.5064850e+00   2.2085841e+00
   2.4275964e-01   6.8575222e-02
   4.0422527e-01   2.7623688e-01
   4.5812689e-01   3.5646805e-01
   3.3320072e-01   1.5314435e-01
   4.1968243e-01   3.0367749e-01
  -1.2226297e+00  -1.6140087e+00
   6.3159670e-01   6.0087005e-01
   4.1769301e-01   2.8391663e-01
   2.1049531e-01  -1.0956715e-02
   3.2647524e-01   1.8874800e-01
   3.7411249e-01   2.6262139e-01
  -1.6890632e+00  -1.7475478e+00
  -5.6960440e-01  -1.0233053e+00
  -1.5109141e+00  -1.7240735e+00
   6.9065816e-01   8.2694378e-01
   3.9908522e-01   2.8914931e-01
   9.3456065e-01   1.1591093e+00
  -5.8781667e-01  -9.9667813e-01
   4.0874869e-01   3.0402219e-01
  -1.0382561e+00  -1.4859817e+00
   3.3616217e-01   1.7583725e-01
  -2.4083735e+00  -1.2465037e+00
   6.1259396e-01   5.5946463e-01
   2.8270245e-01   5.0871475e-02
   4.0495934e-01   3.1204542e-01
   1.2386180e+00   1.7609380e+00
  -7.6985396e-01  -1.2006121e+00
   4.2871796e-01   3.0890553e-01
   3.2571310e-01   1.0359835e-01
   5.0698093e-01   3.7811182e-01
  -1.3967231e+00  -1.6180297e+00
   3.8829183e-01   3.7584200e-01
   3.9914283e-01   2.7523774e-01
  -1.8554803e+00  -1.6521608e+00
   1.6086285e+00   2.3911258e+00
   3.6429924e-01   2.7128964e-01
   3.8629039e-01   2.6093727e-01
  -1.2630818e+00  -1.6307613e+00
   3.8749077e-01   2.2237185e-01
   3.8188775e-01   2.9367305e-01
  -1.6568631e+00  -1.7354248e+00
   1.6161757e-01  -5.1355696e-02
   4.4464239e-01   3.4901916e-01
  -1.9409088e+00  -1.5809131e+00
  -1.4578988e+00  -1.7196372e+00
  -1.3363956e+00  -1.6824478e+00
   4.3760145e-01   2.8132205e-01
   3.9029806e-01   2.7350761e-01
   4.0359025e-01   2.7674180e-01
  -1.4134776e+00  -1.6444389e+00
  -1.5534127e+00  -1.7398326e+00
  -7.4801182e-01  -1.2485747e+00
   4.8565045e-01   5.6377913e-01
   4.3798824e-01   2.8152284e-01
   4.2951807e-01   3.2136042e-01
   4.2091251e-01   2.5820424e-01
   3.8638995e-01   2.8258122e-01
   3.9937444e-01   3.3894311e-01
  -1.8054532e+00  -1.7415866e+00
   3.8933907e-01   2.5454894e-01
   4.2632358e-01   2.8168718e-01
   4.1973426e-01   2.5751232e-01
   3.9463969e-01   2.6320866e-01
  -9.2500396e-01  -1.3773821e+00
   2.4034452e-01   8.7018008e-02
  -1.3152353e+00  -1.6251699e+00
   4.2128808e-01   4.0637087e-01
   1.3561707e+00   1.7960268e+00
  -2.3743614e+00  -1.3607277e+00
  -2.9671548e+00  -3.8280717e-01
   3.9587667e-01   2.8399203e-01
   6.3158855e-01   5.3445527e-01
   3.8117782e-01   2.5524042e-01
   4.7487986e-01   2.5711785e-01
  -3.1694188e+00   5.3454107e-02
  -1.0738930e+00  -1.4597722e+00
   4.2267414e-01   4.0960739e-01
   4.3249948e-01   3.2386144e-01
  -1.1922537e+00  -1.5679993e+00
   3.8172201e-01   2.6215456e-01
   4.5899374e-01   3.7512263e-01
  -1.7527097e+00  -1.6906725e+00
  -1.4153187e+00  -1.6330369e+00
   6.4478782e-01   6.6336532e-01
   3.9232165e-01   3.4599430e-01
   3.5106059e-01   2.2947458e-01
   3.9614424e-01   2.3881794e-01
   3.2977849e-01   1.7615619e-01
   3.9627084e-01   2.8862665e-01
  -1.2933686e+00  -1.6331888e+00
   3.9420394e-01   3.0735348e-01
   4.2062946e-01   2.3253594e-01
  -9.3930709e-01  -1.4298968e+00
   3.9081976e-01   2.5172778e-01
  -1.3338078e+00  -1.5900537e+00
  -2.0186081e+00  -1.6529213e+00
   6.6259941e-01   5.9196420e-01
   4.5818906e-01   2.9631353e-01
   1.2885836e+00   1.8000181e+00
  -1.3712971e+00  -1.6004096e+00
   4.3530221e-01   2.7736894e-01
  -1.3319904e+00  -1.5859839e+00
   4.2466998e-01   2.6271753e-01
  -8.4626273e-01  -1.3706709e+00
   3.3124303e-01   3.0059092e-01
  -1.7909590e+00  -1.7038410e+00
   6.1183552e-01   5.8111803e-01
   4.1845487e-01   2.5218730e-01
   5.2823042e-01   4.1215679e-01
   4.2979461e-01   2.7804277e-01
   4.3511407e-01   2.8548461e-01
   1.0546955e+00   1.3378872e+00
  -8.5842995e-01  -1.3280099e+00
   4.1670187e-01   2.9563973e-01
   3.8813472e-01   2.6490045e-01
   4.5929985e-01   2.9282727e-01
   4.5672452e-01   3.4753636e-01
   4.6288716e-01   3.5917002e-01
   7.7162416e-01   8.9074666e-01
   1.2727201e+00   1.8099763e+00
   3.5539789e-01   2.6466259e-01
   3.8799407e-01   3.1083960e-01
   3.9974291e-01   3.2962188e-01
   4.7269164e-01   3.2358016e-01
  -1.2461856e+00  -1.6330271e+00
   4.1430504e-01   2.9008648e-01
  -1.0232026e-01  -4.4241093e-01
   3.9795362e-01   2.8823852e-01
   3.8731303e-01   3.5596317e-01
   4.0954530e-01   2.8471144e-01
   4.5701723e-01   2.6803609e-01
   4.1211513e-01   2.8410325e-01
   6.8754747e-01   7.6391108e-01
   3.6534799e-01   2.7557819e-01
  -1.4109233e+00  -1.6646406e+00
   6.2171428e-01   6.4840992e-01
   4.7815547e-01   4.8784468e-01
   6.1689239e-01   5.9819030e-01
   3.8760518e-01   2.5973922e-01
   4.4347388e-01   2.9145085e-01
   4.1695774e-01   2.5681033e-01
  -1.8506771e-01  -5.8983180e-01
   4.4852874e-01   3.1088314e-01
   3.8334472e-01   3.3082868e-01
   7.6379982e-01   8.5660507e-01
   1.3799222e+00   1.9646127e+00
   1.0338358e+00   1.3672485e+00
   3.8466596e-01   3.3373442e-01
   5.0702404e-01   4.1045005e-01
  -1.5161411e+00  -1.6843378e+00
   3.6499178e-01   1.6492115e-01
   4.1096062e-01   2.2174535e-01
   4.0114200e-01   2.2673783e-01
   5.5661079e-01   5.7608236e-01
   4.3524931e-01   4.0907184e-01
   4.0171335e-01   3.0628450e-01
  -1.5146399e+00  -1.7544228e+00
  -1.6244784e+00  -1.7484922e+00
   5.4965575e-01   5.7239787e-01
   3.5163178e-01   2.0777072e-01
  -4.7390279e-01  -8.8707384e-01
  -4.7463966e-01  -8.1641092e-01
  -1.7878953e+00  -1.7331846e+00
  -1.1510959e+00  -1.5414773e+00
   4.0004938e-01   2.9800094e-01
   3.9822489e-01   2.9778916e-01
  -7.9794557e-01  -1.2422203e+00
  -1.4380605e+00  -1.6599886e+00
  -1.6833585e+00  -1.7992603e+00
   3.4358219e-01   1.4534427e-01
   3.9362186e-01   2.3273352e-01
   1.7112606e+00   2.5848888e+00
   3.5531975e-01   1.6609404e-01
   3.9051235e-01   2.4313460e-01
   6.8953660e-01   8.0794330e-01
   3.7577529e-01   1.8071029e-01
   7.1559194e-01   7.7790384e-01
   4.0202867e-01   3.2081813e-01
  -1.1381127e+00  -1.5418757e+00
  -7.7010834e-01  -1.2223380e+00
  -1.4290033e+00  -1.6134212e+00
   4.4051322e-01   2.9094063e-01
   5.2333345e-01   5.0108043e-01
   8.1055621e-01   9.2074563e-01
   4.0999443e-01   3.3573865e-01
   4.0149343e-01   2.9624858e-01
  -4.6769581e-01  -9.5582178e-01
   4.3580125e-01   2.4302481e-01
   4.0763935e-01   2.8479500e-01
   5.2703968e-01   4.4835545e-01
   7.0111550e-01   7.1859567e-01
  -1.1829140e+00  -1.5316023e+00
   3.9510694e-01   3.0743155e-01
  -2.2396647e+00  -1.4503663e+00
   2.8443019e-01   7.4799281e-02
   4.1230472e-01   3.0968741e-01
   3.9269870e-01   3.0543317e-01
   6.4222976e-01   6.4072334e-01
   4.1113533e-01   3.1878485e-01
   1.8855272e-01  -6.3215166e-02
   6.2984733e-01   6.7883010e-01
   4.4948335e-01   3.1726015e-01
   4.7540164e-01   4.4159537e-01
  -1.4598618e+00  -1.6109455e+00
   3.9827775e-01   2.1902661e-01
   2.4144641e-01  -2.0686318e-02
  -1.8104881e+00  -1.7067164e+00
  -1.4583166e+00  -1.6559651e+00
   1.3514892e+00   1.9269483e+00
   3.8478843e-01   1.8410171e-01
   3.5615699e-01   3.0300884e-01
   4.0100103e-01   2.9699139e-01
   3.6005191e-01   2.2930658e-01
  -1.1857824e+00  -1.5417621e+00
   4.1714729e-01   2.8640240e-01
   4.5931068e-01   3.9922261e-01
  -2.7754634e-01  -5.9497116e-01
   4.0914048e-01   2.6581570e-01
  -7.3415633e-01  -1.2194218e+00
   4.0097804e-01   3.4482992e-01
   4.1800976e-01   2.6375208e-01
   3.8079161e-01   3.3433735e-01
   3.9909069e-01   2.8836803e-01
   5.9047820e-01   4.8577107e-01
  -7.2312888e-01  -1.2241459e+00
   5.9555642e-01   5.9455647e-01
   3.7655220e-01   2.5970331e-01
   3.9970698e-01   3.0771647e-01
   4.0260542e-01   2.2537995e-01
   1.2148588e+00   1.6392151e+00
   4.0932652e-01   2.2814730e-01
   4.2242099e-01   2.7292525e-01
   3.8394430e-01   2.9798639e-01
  -9.9353113e-01  -1.3782050e+00
  -5.1689032e+00   3.9424593e+00
   3.7716480e-01   3.2902983e-01
  -1.6051283e+00  -1.7313368e+00
   4.2517671e-01   2.8221538e-01
  -7.4002872e-01  -1.1548351e+00
  -2.9123184e+00  -4.7457157e-01
   3.7190200e-01   2.3078976e-01
   4.5250878e-01   2.5352194e-01
   1.5235187e+00   2.2718840e+00
   3.9266303e-01   2.9511742e-01
   1.1283153e+00   1.4282591e+00
   3.8394818e-01   2.2262457e-01
  -1.5857739e+00  -1.7251864e+00
   4.4824775e-01   3.7246371e-01
   1.7180863e+00   2.5604375e+00
   5.7986551e-02  -2.3360111e-01
   4.0884781e-01   2.3371483e-01
   4.7093247e-01   3.4600196e-01
   1.7556791e+00   2.7304259e+00
   3.0723293e+00   5.1402856e+00
   3.8185561e-01   2.7427099e-01
   4.1259213e-01   2.6807353e-01
  -1.7977233e+00  -1.7177577e+00
  -1.0934708e+00  -1.5169265e+00
   3.8350191e-01   3.4362977e-01
  -1.0664288e+00  -1.5432774e+00
  -1.5318916e+00  -1.7636435e+00
   4.5828975e-01   2.9115374e-01
  -2.2583030e+00  -1.3911948e+00
   4.4015914e-01   3.1345841e-01
  -3.3631888e+00   5.5852719e-01
   6.1830239e-01   6.0639971e-01
   4.2882927e-01   2.8252506e-01
  -4.7148116e-02  -3.5166850e-01
   3.7398521e-01   2.7710155e-01
   4.2622103e-01   2.9656004e-01
   4.9002872e-01   3.7941074e-01
   4.2053740e-01   3.1137210e-01
   4.0568555e-01   3.0679499e-01
   8.9033649e-01   1.0540383e+00
  -8.1919984e-02  -4.8416245e-01
  -3.2384967e+00   3.0612311e-01
   4.0580182e-01   2.9670547e-01
  -1.1289189e+00  -1.5128237e+00
  -3.1508845e+00  -4.6999632e-04
   3.9258731e-01   2.1150679e-01
  -1.5220881e+00  -1.7290714e+00
   8.2996226e-01   9.6889398e-01
   4.0417325e-01   2.8943837e-01
   4.0574723e-01   3.0157534e-01
   6.1874691e-01   7.2771324e-01
   4.2951190e-01   3.1612424e-01
  -1.6817398e+00  -1.6986146e+00
   4.0497272e-01   2.7713616e-01
   4.0717071e-01   2.6851519e-01
   4.7570169e-01   3.6958931e-01
  -9.8430543e-01  -1.4072874e+00
   7.3334062e-01   8.0068236e-01
   1.7753438e+00   2.6931792e+00
   3.9229437e-01   2.8076963e-01
   1.0223225e+00   1.3634483e+00
   4.1149351e-01   2.8680564e-01
   4.3323069e-01   3.3544483e-01
   4.1352383e-01   2.0279193e-01
  -1.1627076e+00  -1.5576874e+00
   4.1634217e-01   2.6433364e-01
  -1.2225382e+00  -1.5614916e+00
   4.2125235e-01   2.7749999e-01
   1.1792381e+00   1.6202805e+00
   4.1824079e-01   2.3972360e-01
   3.8241836e-01   2.7147656e-01
  -5.1129011e-01  -9.5603379e-01
  -2.7565141e+00  -7.1038057e-01
  -1.2339459e+00  -1.6614885e+00
  -9.2300028e-01  -1.3541102e+00
   3.9790303e-01   2.8739351e-01
   4.5117125e-01   3.4947532e-01
   4.1180444e-01   2.6989684e-01
   5.5797388e-01   4.9053335e-01
   3.9796186e-01   2.4685960e-01
   4.2741363e-01   3.3558978e-01
  -9.8638873e-01  -1.4263474e+00
  -1.1232074e+00  -1.4761976e+00
   2.5934892e+00   4.3905601e+00
   4.0354411e-01   3.1765789e-01
   4.4093446e-01   2.6194486e-01
   6.3135818e-01   6.3762890e-01
   1.2928709e+00   1.8322262e+00
   1.4962727e-01  -8.8597328e-02
   4.3747325e-01   3.1232480e-01
  -1.5808026e-01  -5.8139243e-01
   4.0143968e-01   2.3431414e-01
   4.5916143e-01   2.9722687e-01
  -1.3549944e+00  -1.5817282e+00
   1.2941273e-01  -9.0560968e-02
  -1.8414913e+00  -1.6817428e+00
   4.7285442e-01   4.0568513e-01
   4.7172973e-01   4.0640006e-01
   3.9625804e-01   2.2385104e-01
  -1.5339980e+00  -1.6640352e+00
   4.0937112e-01   3.2716807e-01
  -1.1792414e+00  -1.4999530e+00
  -2.5318051e+00  -1.1314785e+00
   4.6840458e-01   3.4895362e-01
   3.9353582e-01   2.2830371e-01
   2.9347501e-01   1.4983550e-01
   7.3826724e-01   9.0265263e-01
   6.9913467e-01   6.8948119e-01
   1.4404916e+00   2.0310455e+00
   6.2124887e-01   6.6233568e-01
   4.3052950e-01   2.4115639e-01
   3.9014558e-01   2.9740113e-01
   1.5148456e+00   2.1850309e+00
   1.4078620e+00   2.0263864e+00
   3.6132413e-01   2.6536780e-01
   4.3499462e-01   2.5854751e-01
   1.3606736e+00   1.9479453e+00
  -7.9733200e-01  -1.3862701e+00
  -1.1336751e+00  -1.5436670e+00
   4.4500037e-01   2.9013178e-01
   1.1207164e-01  -1.6985331e-01
   4.3148133e-01   2.6621069e-01
   4.2692099e-01   2.6142170e-01
   4.0677382e-01   2.7140170e-01
  -1.4840157e+00  -1.7205952e+00
   4.6735615e-01   2.9708914e-01
   4.2039093e-01   2.7475782e-01
   4.1481554e-01   2.6804734e-01
   4.0986825e-01   2.5596426e-01
  -1.5513611e+00  -1.7068866e+00
   4.3137512e-01   2.8105853e-01
   4.3735586e-01   3.0866280e-01
  -1.4069236e+00  -1.6168858e+00
   1.1968230e+00   1.5828483e+00
  -1.3409350e+00  -1.7101796e+00
   4.1582773e-01   3.1225655e-01
   4.2514404e-01   2.6636519e-01
   3.8948864e-01   2.6888144e-01
  -8.2209985e-01  -1.2277167e+00
  -2.8209673e+00  -5.7037551e-01
  -1.4698137e+00  -1.6618260e+00
  -3.1653653e+00   1.4462268e-02
   6.8251800e-01   7.3154198e-01
   7.1644742e-01   6.9055321e-01
   5.2969717e-01   4.7266950e-01
   4.0424801e-01   2.9461308e-01
  -1.5018166e+00  -1.7426634e+00
   9.0049342e-01   1.1326141e+00
   5.3600545e-01   5.1512479e-01
   1.0826782e+00   1.3760139e+00
  -2.0302938e+00  -1.6102940e+00
   4.0281075e-01   3.1095036e-01
  -8.1314122e-01  -1.3197476e+00
  -1.8429605e+00  -1.7008308e+00
  -1.4015300e+00  -1.6148181e+00
  -7.9531466e-01  -1.3114297e+00
  -1.8566819e+00  -1.7251682e+00
   4.0922031e-01   2.3331272e-01
   7.5733056e-01   8.5093437e-01
   3.9591896e-01   2.8153022e-01
  -5.9332649e-01  -1.0794647e+00
   4.2991610e-01   2.2567711e-01
  -3.0727775e+00  -1.6546324e-01
  -1.6023725e+00  -1.7037693e+00
   6.9707256e-01   7.4597432e-01
  -6.1556852e-02  -4.7264891e-01
  -1.8858833e+00  -1.6362582e+00
  -1.1689192e+00  -1.5962945e+00
   1.3803698e+00   2.0407305e+00
   3.9443088e-01   2.8177774e-01
  -9.4305086e-01  -1.4324011e+00
  -1.6916240e+00  -1.7384273e+00
   6.6709620e-01   6.6435629e-01
   3.9324485e-01   2.2789300e-01
   6.3629020e-01   5.8006787e-01
  -1.1021570e+00  -1.5097533e+00
   4.1437190e-01   2.5566892e-01
   5.1163072e-01   4.3499869e-01
   5.1693600e-01   5.0716529e-01
   5.7462848e-01   5.8333680e-01
   5.9454959e-01   6.0236682e-01
   4.0159139e-01   2.7760164e-01
  -1.9842062e+00  -1.6044059e+00
  -1.8375258e+00  -1.6399363e+00
   4.3161251e-01   3.0382350e-01
  -1.2841835e+00  -1.6278933e+00
   4.0781768e-01   2.3668582e-01
   4.4243610e-01   2.9720722e-01
   4.0028100e-01   2.7135923e-01
   1.3024599e+00   1.8248748e+00
  -9.9405986e-01  -1.4535929e+00
  -1.5123453e+00  -1.6699211e+00
   1.2759338e+00   1.8000000e+00
   1.9002803e-01  -3.0047844e-02
   4.4119661e-01   2.8441625e-01
   4.1306892e-01   2.7202698e-01
   4.6262790e-01   3.6317706e-01
   1.0853222e-01  -9.1446960e-02
  -1.7645069e+00  -1.7386041e+00
   3.7493372e-01   2.7937637e-01
   4.2551015e-01   2.8211758e-01
   4.1939728e-01   3.2826773e-01
   4.6899785e-01   3.6658841e-01
   4.1825158e-01   2.2941524e-01
   5.4972896e-01   5.3490765e-01
   4.1237723e-01   2.3934161e-01
   4.0948879e-01   2.2150783e-01
   3.9426197e-01   3.4738024e-01
   3.5798551e-01   3.7778827e-01
   9.4333876e-02  -1.5809107e-01
   3.9461419e-01   2.9487341e-01
   3.9468922e-01   2.6007820e-01
  -1.1305354e+00  -1.5753864e+00
  -1.4283604e+00  -1.6609291e+00
  -1.6278264e+00  -1.6963590e+00
   4.1917741e-01   2.7238582e-01
   3.9405020e-01   3.4166260e-01
   4.1578823e-01   3.1428142e-01
   4.1743721e-01   2.4953998e-01
   4.0533457e-01   2.4397724e-01
   3.7114272e-01   2.2409636e-01
   4.0173947e-01   3.3850380e-01
   3.7320756e-01   2.3784679e-01
  -1.4288221e+00  -1.6318055e+00
   6.4159041e-01   6.9628425e-01
  -2.1027099e+00  -1.5425882e+00
  -1.0663618e+00  -1.4069095e+00
  -1.5694449e+00  -1.6667089e+00
   3.9534296e-01   2.3866889e-01
  -1.2468778e+00  -1.6662152e+00
   4.2990324e-01   2.4093067e-01
   4.1823780e-01   3.2885636e-01
   2.8506495e-01   9.5030036e-02
   4.0456910e-01   2.6205641e-01
   4.3713460e-01   3.1941051e-01
   2.0924401e-01  -5.0869367e-02
   8.8881149e-01   1.0858034e+00
   3.8416988e-01   2.8311878e-01
  -3.2261333e+00   8.6730742e-02
  -1.5691839e+00  -1.7029569e+00
   4.5495076e-01   2.7388838e-01
  -1.2745069e+00  -1.5776139e+00
  -1.3565630e+00  -1.6436522e+00
  -1.0257252e+00  -1.4950321e+00
   1.2749118e+00   1.7792806e+00
   4.0120448e-01   2.6939783e-01
   6.5453978e-01   6.8652708e-01
   4.1766412e-01   3.3536708e-01
   1.9081667e-01  -6.2984230e-02
   2.9590390e-01   2.0048277e-01
  -1.3791222e+00  -1.6393389e+00
  -1.1446822e+00  -1.5538689e+00
  -1.5684539e+00  -1.7046351e+00
  -2.3582314e-01  -6.4526818e-01
  -1.6303287e+00  -1.7185585e+00
  -2.6646797e-01  -6.5867396e-01
  -1.2835925e+00  -1.5829058e+00
  -2.0807270e+00  -1.5973762e+00
   4.3184663e-01   2.7369861e-01
   4.5553240e-01   2.9635585e-01
   4.2290981e-01   2.3441981e-01
  -5.8606504e-01  -1.0145133e+00
   4.1048840e-01   2.3998605e-01
   2.3059596e+00   3.6656943e+00
   4.1312193e-01   3.4528497e-01
  -4.0832490e-01  -8.6748410e-01
   4.0506744e-01   3.2632736e-01
   4.1131692e-01   2.8632849e-01
   3.5037743e-01   1.7261254e-01
  -2.0018796e+00  -1.6154427e+00
   6.6985363e-01   6.7915095e-01
   1.5509873e+00   2.2519451e+00
   5.4150965e-01   5.2578027e-01
   3.8682728e-01   2.3213972e-01
   8.2072972e-01   9.8819741e-01
   4.4257073e-01   3.4629274e-01
   1.4630355e+00   2.1177109e+00
   3.9560402e-01   1.9780356e-01
   5.0670995e-01   3.6879628e-01
  -2.7211090e-01  -7.3858180e-01
   4.1472395e-01   3.1464262e-01
   4.4381400e-01   3.0576018e-01
  -3.4247427e-02  -4.1073651e-01
   3.9662277e-01   2.7553353e-01
   3.0953154e-01   1.0399722e-01
   3.8605339e-01   3.0507989e-01
   4.1794080e-01   2.8054482e-01
   4.3970913e-01   3.3394480e-01
   4.7677150e-01   3.8735893e-01
   6.5812590e-01   6.5746111e-01
   4.0045729e-01   2.3102323e-01
   8.2691318e-02  -2.1062774e-01
   4.5091064e-01   3.2316926e-01
   4.0455076e-01   3.5670755e-01
  -1.3965853e+00  -1.6464562e+00
   4.1172056e-01   2.8974952e-01
   1.4388751e+00   2.0270974e+00
  -8.1183514e-01  -1.2722799e+00
   4.1024698e-01   2.8136222e-01
   3.6514314e-01   1.9815277e-01
  -1.8127313e+00  -1.7156533e+00
  -3.3653931e+00   4.4316056e-01
   1.3335876e+00   1.9612739e+00
   4.5586020e-01   2.6896203e-01
   4.1859649e-01   2.7932278e-01
   3.7794489e-01   2.5482861e-01
  -1.4562056e+00  -1.6630501e+00
   3.9554180e-01   2.5528268e-01
  -1.2771654e+00  -1.5421495e+00
   1.3517046e+00   1.8739626e+00
   4.3407076e-01   3.2114216e-01
  -1.3278754e+00  -1.6457446e+00
   4.4844725e-01   3.1550530e-01
   4.1536815e-01   2.9577345e-01
   3.7059001e-01   2.7684206e-01
   6.0783151e-01   5.8900561e-01
   3.8400692e-01   2.3775175e-01
   4.3243449e-01   2.7760943e-01
   5.6130319e-01   5.3924559e-01
   1.1460122e+00   1.6583532e+00
   3.7620829e-01   2.4677129e-01
  -9.0161260e-02  -4.9873159e-01
   3.6797235e-01   2.1113572e-01
   3.9885166e-01   2.6375990e-01
  -4.2302186e-02  -3.9662179e-01
   3.8045857e-01   3.2421191e-01
   4.3316136e-01   2.4566616e-01
   3.7069171e-01   3.2219514e-01
   3.7376885e-01   2.7735673e-01
  -9.4310743e-01  -1.4037544e+00
   3.9944534e-01   2.8987299e-01
   7.7847730e-01   8.6291910e-01
   4.1220392e-01   2.5302512e-01
   4.1654145e-01   2.6165623e-01
  -9.9829170e-01  -1.4061074e+00
   4.4231050e-01   3.1371985e-01
   7.2166374e-01   7.4697875e-01
   3.7873255e-01   2.7075704e-01
   4.1164545e-01   2.6718684e-01
   4.3052545e-01   3.8430772e-01
  -1.6014212e+00  -1.7185183e+00
   4.0857110e-01   3.0612422e-01
   4.3965356e-01   3.3378648e-01
   4.2359423e-01   2.7954307e-01
   4.7673548e-01   3.7160406e-01
   4.5735318e-01   3.0970528e-01
   4.1961752e-01   2.6205542e-01
   4.3707356e-01   2.6072271e-01
   6.2057581e-01   5.4323248e-01
   4.3773479e-01   3.3260120e-01
   4.2544205e-01   3.1282315e-01
   5.2965799e-01   4.6279304e-01
   3.9447707e-01   3.4304165e-01
   3.5638320e-01   2.0844818e-01
   9.2980109e-01   1.0464476e+00
   2.4519001e-01   8.8786803e-02
   3.9390446e-01   2.2873498e-01
   4.9307101e-01   4.1450208e-01
   4.0979800e-01   2.8318784e-01
   4.2855969e-01   3.3834457e-01
  -1.0118894e+00  -1.4364203e+00
   1.1641485e+00   1.6073733e+00
  -7.9917883e-01  -1.2627354e+00
   1.2077388e+00   1.6233014e+00
   4.0652486e-01   2.9810126e-01
   3.9817173e-01   3.5488748e-01
   4.2079093e-01   1.9556629e-01
   4.1630353e-01   2.5184214e-01
  -4.8051288e-01  -9.6489419e-01
  -1.1716628e+00  -1.5888930e+00
  -1.5560549e+00  -1.6635318e+00
   4.4222462e-01   2.8850311e-01
   4.3156882e-01   2.6855435e-01
   1.8721297e+00   2.8749553e+00
   1.4507572e+00   2.0659404e+00
  -3.1103185e+00  -5.3879167e-02
   4.1179213e-01   2.6977530e-01
   4.0678685e-01   3.1467560e-01
   2.7224191e-01   3.3437399e-02
   4.0824939e-01   2.7595037e-01
  -1.7300842e+00  -1.7027846e+00
  -7.0400023e-01  -1.1453642e+00
   4.1707363e-01   3.1768776e-01
  -1.7543186e+00  -1.6813108e+00
   3.9969145e-01   3.1495687e-01
   2.1445523e-01  -2.2293002e-02
  -1.2900706e+00  -1.6241519e+00
   4.4941009e-01   3.2015771e-01
   4.0177840e-01   2.4607034e-01
   3.7422197e-01   2.2278846e-01
   3.2317077e-01   2.9364066e-01
  -4.1884922e+00   2.4890752e+00
  -6.3368552e-01  -1.0961678e+00
   4.1371044e-01   2.9700127e-01
   3.9690396e-01   2.5931458e-01
   4.5861311e-01   1.9147667e-01
  -3.2145621e+00   1.5863919e-01
   1.3343877e+00   1.9018973e+00
  -1.1227886e+00  -1.5026370e+00
   1.2217483e+00   1.7013682e+00
  -8.1941827e-01  -1.2424769e+00
   4.1392682e-01   3.3588126e-01
   3.7689134e-01   2.7127350e-01
   4.2459762e-01   2.9092127e-01
   1.1006616e+00   1.4779187e+00
   5.7086089e-01   5.0132547e-01
   8.8524702e-01   1.0044026e+00
  -6.4055735e-01  -1.1600796e+00
   2.5952490e-01   5.3671549e-02
  -1.1615665e+00  -1.5258410e+00
   5.4664253e-01   5.4468319e-01
   4.4080686e-01   3.0994653e-01
  -7.3309775e-01  -1.1526794e+00
  -1.0444437e+00  -1.4698337e+00
   3.4112188e-01   2.5420895e-01
   4.1960085e-01   2.9037595e-01
   4.6270476e-01   2.8739796e-01
   2.4277882e-01   6.5959281e-02
   4.0408531e-01   2.4890431e-01
  -5.8650027e-02  -3.5048386e-01
   4.2870707e-01   3.0740361e-01
   3.9480951e-01   2.8394335e-01
   3.9407460e-01   2.8565417e-01
   4.1893485e-01   3.4866714e-01
   4.0546516e-01   2.8218500e-01
   8.5016175e-01   1.0516001e+00
   3.5963246e-01   3.0292007e-01
   4.0517454e-01   3.0565012e-01
  -1.4716657e+00  -1.6539658e+00
   4.3660445e-01   2.8787545e-01
   4.2253621e-01   2.8374714e-01
   4.0507753e-01   2.8751619e-01
   4.0829101e-01   3.0961205e-01
  -1.4926216e+00  -1.7491767e+00
   4.3410918e-01   2.5173064e-01
   4.1457683e-01   2.4696450e-01
   6.5270761e-01   6.8129704e-01
  -1.2670954e+00  -1.5232400e+00
   2.9346626e-01   1.5384944e-01
  -2.2123779e+00  -1.4765979e+00
  -1.7260341e+00  -1.7601581e+00
   5.9047402e-01   6.6226321e-01
   6.9257928e-01   6.1781055e-01
   4.1279306e-01   2.5237968e-01
   4.1033537e-01   2.8858808e-01
   3.9621087e-01   3.4675663e-01
   4.1126415e-01   2.7539702e-01
   4.2965338e-01   2.8765487e-01
  -9.2656198e-01  -1.3841591e+00
   3.5589429e-01   2.5627954e-01
   4.1452171e-01   2.5683353e-01
  -2.2848253e+00  -1.4683802e+00
   4.1627643e-01   2.9349186e-01
   3.9666922e-01   3.0219981e-01
   1.4625440e+00   2.1046969e+00
  -5.5625190e-02  -4.2065251e-01
  -1.2204848e+00  -1.5980582e+00
  -1.8508587e-01  -5.9234199e-01
   6.0803765e-01   5.9435216e-01
   4.2798151e-01   2.1714979e-01
  -5.8991789e-01  -1.0496879e+00
   4.5872611e-01   3.5019586e-01
   4.6082391e-01   4.7596623e-01
   4.2816836e-01   2.5390204e-01
  -1.5702837e+00  -1.6616053e+00
   4.0364336e-01   2.7678302e-01
   3.9617885e-01   3.1408546e-01
  -2.6273645e-01  -6.8813019e-01
   3.0461510e-01   9.0775191e-02
   4.4957871e-01   2.6899671e-01
  -1.8790002e+00  -1.6464748e+00
  -1.3967360e+00  -1.6452303e+00
  -1.4114004e+00  -1.7363409e+00
   4.3420491e-01   2.2802821e-01
  -2.7310425e+00  -8.1075098e-01
   4.1935519e-01   2.7577897e-01
   4.3493436e-01   2.5637395e-01
   3.8564910e-01   2.9247596e-01
   4.2067367e-01   2.7771841e-01
  -8.8396345e-01  -1.3577392e+00
  -1.3502660e+00  -1.6139992e+00
  -3.3433215e+00   5.0041050e-01
  -2.9735937e-01  -7.2845827e-01
   2.8330627e-01   1.4144140e-01
   4.3152091e-01   2.7314908e-01
   4.1017524e-01   2.6762172e-01
   4.2361587e-01   3.2087733e-01
   8.0422487e-01   9.6862444e-01
   4.1219130e-01   2.7939749e-01
   5.1578586e-01   4.7133133e-01
   4.4928402e-01   2.7908694e-01
   4.0544512e-01   2.8473842e-01
   3.8790747e-01   2.9210459e-01
   4.4947114e-01   3.6088920e-01
  -2.1447510e+00  -1.5015902e+00
  -1.7229228e+00  -1.6854434e+00
   3.9839090e-01   3.2275887e-01
   4.6644566e-01   4.1405514e-01
   4.0632173e-01   2.4127024e-01
   4.0184366e-01   2.6728567e-01
   4.2134071e-01   2.6242897e-01
   4.1943709e-01   2.8477392e-01
   3.5764270e-01   1.7822761e-01
   1.1412998e-01  -1.4562723e-01
   4.0802150e-01   2.8471478e-01
   3.9654413e-01   2.6859727e-01
   6.4003919e-01   6.1153224e-01
  -1.3885221e+00  -1.6922956e+00
   3.8623305e-01   2.8980791e-01
   4.0884480e-01   3.3532021e-01
   4.1046045e-01   2.5963278e-01
   5.5690569e-01   4.7408153e-01
   4.1616798e-01   3.1831351e-01
  -1.6869923e+00  -1.6933926e+00
   4.0765543e-01   2.9789251e-01
   3.5969004e-01   3.2160220e-01
   4.2724647e-01   2.6762799e-01
   4.2141313e-01   2.9878601e-01
   4.0332349e-01   2.4551584e-01
  -7.1399875e-01  -1.1247815e+00
   4.1782066e-01   2.8907754e-01
   4.8684601e-01   4.8267889e-01
  -3.1878534e-01  -7.0167224e-01
   3.8511211e-01   2.7784082e-01
   3.4037070e-02  -1.9490625e-01
   4.1530549e-01   3.0279598e-01
  -1.6331699e+00  -1.7193076e+00
   1.3450006e+00   1.8587359e+00
  -5.0980850e-01  -9.3705029e-01
   5.4952451e-01   4.4627894e-01
   4.2050524e-01   2.1421577e-01
  -3.9312554e-01  -7.7060410e-01
   4.0428017e-01   3.0897601e-01
   1.3350228e+00   1.8432444e+00
  -6.7887333e-01  -1.1458182e+00
   3.9592207e-01   2.9424965e-01
   9.0788958e-01   1.2005347e+00
  -1.3572991e+00  -1.6050809e+00
