  -5.8100553e-03  -1.2682968e-01
  -2.9541249e+00  -2.5479141e+00
  -6.9353127e-01  -7.8433340e-01
   5.9695268e-02  -5.4307511e-02
  -5.4901397e-01  -6.2944977e-01
   1.0250258e+00   1.0700135e+00
   9.7164883e-01   1.0668049e+00
  -5.4120872e-01  -6.6316176e-01
  -6.4793199e-01  -7.5972877e-01
   9.1341429e-01   1.0171129e+00
   4.8893166e-02  -1.0900658e-01
  -3.3360412e-01  -4.5457550e-01
   9.7743912e-01   1.1060028e+00
  -4.1439703e-01  -5.4398038e-01
  -5.0998214e-01  -6.1906452e-01
  -8.2914553e-01  -8.5978359e-01
  -2.5513965e-01  -3.8324976e-01
  -4.4087208e-01  -6.2142786e-01
  -5.0665105e-01  -6.3950717e-01
   9.3595855e-01   1.0727758e+00
   9.6529017e-01   1.0847418e+00
   9.3242304e-01   1.0356930e+00
  -1.9480956e+00  -1.7742387e+00
  -6.1888378e-01  -7.0485426e-01
   7.0978512e-01   7.3175957e-01
   9.9477975e-01   1.0592176e+00
  -2.5596991e-01  -4.0084794e-01
  -2.0814993e+00  -1.9066274e+00
  -5.2221988e-01  -6.4854711e-01
   4.7563200e-01   4.5011159e-01
   8.9950962e-01   9.9389757e-01
   9.5753017e-01   1.0700620e+00
  -9.3162238e-01  -9.7985017e-01
  -5.5328506e-01  -6.8311973e-01
  -5.8275756e-01  -6.7836390e-01
   9.4769064e-01   1.0807440e+00
   9.9732606e-01   1.0828058e+00
   9.6279010e-01   1.0621589e+00
  -9.8513759e-02  -2.2507828e-01
   5.8551674e-01   5.3516554e-01
  -2.4638766e+00  -2.2326840e+00
   2.6430660e-01   1.5629282e-01
  -1.6841787e-01  -2.6123483e-01
  -2.1282012e+00  -1.9553601e+00
   9.1013559e-01   9.5763183e-01
  -2.3053209e-01  -3.6477598e-01
   9.5879547e-01   1.1079534e+00
   9.7319878e-01   1.0529048e+00
  -3.3928284e-01  -4.8941262e-01
   5.0121617e-01   4.2817977e-01
  -5.3511704e-01  -6.0937075e-01
   8.2064546e-01   8.1536894e-01
  -3.9994960e-01  -5.1185873e-01
  -5.4278303e-01  -6.4236927e-01
  -4.2208788e-01  -5.1811819e-01
  -4.3820592e-01  -5.6858434e-01
   9.9672949e-01   1.0582722e+00
   4.2524358e-01   3.2391007e-01
   9.4609212e-01   1.0477480e+00
   4.7366526e-01   4.2689334e-01
   9.4543453e-01   9.4202897e-01
  -1.9800531e+00  -1.8537743e+00
   1.0206118e+00   1.0566532e+00
   9.2882480e-01   1.0115544e+00
   1.0084595e+00   1.1016817e+00
   1.8634771e-01   1.0595208e-01
   1.2623058e-01  -1.9598319e-02
   9.9022054e-01   1.0861082e+00
   9.7337173e-01   1.0764265e+00
   9.1727540e-01   1.0237927e+00
  -4.3618100e-01  -5.4740938e-01
  -4.3154702e-02  -1.3484560e-01
   9.2112107e-01   1.0324686e+00
  -7.9963394e-01  -8.5512259e-01
  -3.6643341e-01  -5.1387110e-01
   9.5555069e-01   1.0373435e+00
  -9.1564308e-01  -1.0367951e+00
  -2.5521286e-01  -4.0387139e-01
  -8.9505577e-01  -9.5940368e-01
  -2.2083599e+00  -1.9960823e+00
   8.2622041e-01   8.7943596e-01
   6.2285107e-01   5.5862617e-01
  -2.0706605e-01  -3.5869515e-01
  -1.0248079e+00  -1.0883464e+00
  -8.6860623e-01  -9.2880189e-01
   9.9579501e-01   1.0619465e+00
   9.5760240e-01   1.0007819e+00
  -5.3086222e-01  -6.0887008e-01
  -4.1814761e-01  -4.9198719e-01
  -8.9875690e-01  -9.3941230e-01
  -2.9634348e-01  -4.0813192e-01
  -8.4896496e-01  -9.1427649e-01
  -3.8356697e-01  -4.8589502e-01
  -1.8570168e+00  -1.7195969e+00
   1.0129265e+00   1.0854274e+00
   9.7667785e-01   1.0615047e+00
   9.7146491e-01   1.0986974e+00
  -4.4405711e-01  -5.6088830e-01
  -1.3156065e-01  -2.7210911e-01
   7.5034604e-01   7.5782277e-01
   9.7886337e-01   1.0352584e+00
  -1.6247721e-01  -3.1695584e-01
  -2.1813087e+00  -2.0181963e+00
   9.8965500e-01   1.0181603e+00
  -2.6710235e-01  -3.9100162e-01
   1.0312318e+00   1.0987898e+00
   9.9879226e-01   1.0036988e+00
  -8.8345008e-01  -9.5646729e-01
   9.6444350e-01   1.0936303e+00
  -2.1590924e-01  -3.2320446e-01
  -1.6735779e+00  -1.5795079e+00
  -3.4221626e-02  -1.9318079e-01
  -9.4416116e-02  -2.0026578e-01
  -4.9866220e-01  -6.0927880e-01
   1.0489204e+00   1.0749407e+00
   9.5663656e-01   1.0763960e+00
  -4.6871596e-01  -5.8036541e-01
   9.3675844e-01   1.0506164e+00
   9.9657200e-01   1.1066123e+00
   7.2058006e-01   6.9699047e-01
   9.9733929e-01   1.0860763e+00
  -5.9342018e-01  -6.6761132e-01
   7.5370339e-02  -2.1693737e-02
  -4.8772475e-01  -5.7838598e-01
   9.4412329e-01   1.0363564e+00
  -1.8212861e+00  -1.7309286e+00
   8.7837798e-01   9.5650470e-01
  -3.1345788e-01  -4.7228783e-01
   7.1380547e-01   7.1221140e-01
  -1.4711243e+00  -1.4034643e+00
  -1.9900350e+00  -1.8533187e+00
   2.3000427e-01   1.2438508e-01
  -1.0162623e+00  -1.0488315e+00
   9.4872525e-01   1.0571594e+00
   8.8439909e-01   9.5103372e-01
   9.3630480e-01   1.0574004e+00
   1.0149190e+00   1.0975467e+00
   4.6354213e-01   4.1823434e-01
   9.4617605e-01   1.0038510e+00
   7.1218433e-01   6.4646724e-01
  -2.0629153e+00  -1.8718912e+00
  -2.1228750e+00  -1.9254712e+00
   9.4833732e-01   1.0524340e+00
   4.2438232e-01   3.6212283e-01
  -2.1665323e+00  -1.9833070e+00
  -8.2767397e-01  -9.2029892e-01
  -2.8820851e-01  -4.2176222e-01
   7.8455435e-01   8.3815979e-01
   4.7614441e-01   4.1664130e-01
  -2.0770710e+00  -1.9167349e+00
   9.5283777e-01   1.0849498e+00
  -1.3416129e-02  -1.3283212e-01
  -1.4453722e+00  -1.4575784e+00
   9.7309149e-01   1.0785429e+00
  -6.2270726e-02  -1.9010764e-01
  -1.1478100e+00  -1.1341251e+00
   2.1737765e-01   7.1968937e-02
   9.7404843e-01   1.0901862e+00
  -1.2444515e+00  -1.2267680e+00
   3.0763562e-01   1.2320207e-01
  -2.2907402e+00  -2.0450510e+00
  -5.0022597e-01  -5.7532337e-01
   9.8745884e-01   1.0183787e+00
   8.7754366e-01   9.4817228e-01
  -8.4267799e-01  -9.1859196e-01
  -6.0468714e-01  -6.8986986e-01
   8.2006044e-01   8.8216189e-01
   9.4356318e-01   1.0105842e+00
  -2.0759751e+00  -1.9271676e+00
  -1.0932902e+00  -1.1484366e+00
  -1.0496573e+00  -1.0758390e+00
   7.7913862e-01   8.0154934e-01
  -1.6226322e+00  -1.5399015e+00
  -1.4095590e+00  -1.3724631e+00
  -3.9063670e-01  -4.9753993e-01
  -3.9230552e-01  -5.2654500e-01
  -1.3917622e+00  -1.4090424e+00
   7.1553195e-01   7.1991189e-01
   9.6095488e-01   1.0870121e+00
   8.9957403e-01   9.5466637e-01
   2.9509155e-01   2.0532222e-01
  -2.3207626e+00  -2.0645620e+00
   9.4684529e-01   1.0659956e+00
   8.0922721e-01   8.0905345e-01
   9.0330210e-01   9.6271146e-01
  -5.5291836e-01  -6.2872966e-01
   8.6066486e-01   8.6893778e-01
   6.3057842e-01   6.1999201e-01
  -1.9470634e+00  -1.7999556e+00
  -2.6605551e-01  -3.4728005e-01
  -2.7537949e-01  -4.3346860e-01
   9.3809535e-01   1.0645957e+00
  -4.5309612e-01  -5.6691026e-01
   2.3695175e-01   1.4180849e-01
  -6.9546533e-01  -7.5109385e-01
   9.8994543e-01   1.0756131e+00
   9.5674467e-01   1.0731726e+00
  -1.1755773e-02  -1.1962037e-01
  -6.4358288e-01  -7.9770515e-01
  -2.4578987e-01  -3.9131627e-01
  -2.0481447e-01  -3.0616756e-01
  -5.7723139e-01  -6.8449896e-01
  -8.8052701e-01  -9.2148252e-01
   4.2402947e-01   3.1933096e-01
  -5.5586473e-01  -6.7775744e-01
  -1.3991590e+00  -1.3736550e+00
   9.0708254e-01   8.9045648e-01
   9.6551334e-02  -7.6786975e-02
  -1.6235309e+00  -1.6294651e+00
   2.3696987e-01   7.5621829e-02
   7.4553162e-01   6.3849428e-01
   9.1394598e-01   1.0210383e+00
  -1.9773330e+00  -1.8084301e+00
  -5.4443554e-01  -6.2967612e-01
   9.3621745e-01   1.0252438e+00
   6.8189026e-01   7.0177515e-01
   9.0948914e-01   9.7936840e-01
   5.4432101e-01   4.8114136e-01
   9.6732584e-01   1.0876916e+00
  -1.7862359e+00  -1.6774718e+00
  -5.0623362e-01  -6.4042798e-01
   8.7308779e-01   9.5014339e-01
   9.7487217e-01   1.0639336e+00
  -1.2525100e-01  -2.4950639e-01
  -1.7762469e+00  -1.6779913e+00
  -8.0763396e-01  -8.9608633e-01
   9.3037030e-01   1.0424754e+00
  -1.3228819e+00  -1.3237047e+00
   9.1128264e-01   9.1994796e-01
   8.9813716e-01   1.0019885e+00
  -1.3197087e-01  -2.5940466e-01
  -1.2777774e+00  -1.2661730e+00
   9.7609513e-01   1.0719069e+00
  -2.4691264e-01  -3.7776975e-01
  -3.4483062e-01  -4.7701849e-01
   6.7843593e-01   6.0790624e-01
   8.4155829e-01   7.8413053e-01
   1.0392863e+00   1.1120540e+00
   6.8749901e-01   6.6932197e-01
  -1.2400619e+00  -1.2468919e+00
  -1.2939846e+00  -1.2997479e+00
  -1.4414934e-01  -2.7047927e-01
  -7.6589642e-01  -8.2384116e-01
   9.5302016e-01   1.1026776e+00
  -4.1520071e-01  -5.2137821e-01
   8.3644702e-01   8.3682676e-01
   6.3603441e-01   6.2134870e-01
  -1.3733791e+00  -1.3391762e+00
   9.8548821e-01   1.0652219e+00
   4.7388044e-01   3.9960890e-01
   8.5168989e-01   8.8216658e-01
   9.2921207e-01   1.0044300e+00
   9.7190414e-01   1.0415023e+00
   1.0012923e+00   1.0800752e+00
   9.1027287e-01   1.0777066e+00
   1.7422194e-01   2.3559283e-02
   9.7077412e-01   1.0959688e+00
  -2.0808972e+00  -1.9214315e+00
   9.8780399e-01   1.0815896e+00
   9.0884195e-01   9.8634150e-01
  -3.9089117e-01  -5.4958016e-01
  -7.1326807e-01  -7.7482873e-01
   3.1403506e-01   2.3910565e-01
  -2.6983196e-01  -3.5507250e-01
   1.0403635e+00   1.0912999e+00
   6.9370425e-01   6.6283253e-01
   3.8903417e-01   3.2608850e-01
  -1.1705280e+00  -1.2108383e+00
  -2.0312679e+00  -1.8654899e+00
   9.7038943e-01   1.1185533e+00
   7.1820854e-01   7.3948537e-01
   7.0796658e-01   6.4704724e-01
   7.6047492e-01   7.3000046e-01
   6.1211796e-01   5.8429676e-01
   8.8113126e-01   9.8234736e-01
  -2.4494758e-01  -3.5935586e-01
   2.5895490e-01   1.3955677e-01
   7.0820296e-01   6.7992615e-01
  -1.9634351e+00  -1.7916600e+00
  -7.0790066e-01  -7.9098912e-01
   1.0373393e+00   1.1064078e+00
   1.0127918e+00   1.1240022e+00
   9.4172868e-01   1.0635060e+00
  -2.5254558e-01  -3.1820032e-01
   3.0468999e-01   1.8403369e-01
   9.7631615e-01   1.0427155e+00
   9.5424184e-01   1.1092663e+00
  -3.7512876e-01  -4.8686012e-01
  -4.6128172e-01  -5.5995316e-01
   1.4285245e-01   5.4506197e-02
  -6.4637445e-01  -7.6859627e-01
  -4.3243328e-01  -5.4239614e-01
  -1.6423013e-01  -2.8309281e-01
  -2.0852929e+00  -1.8851795e+00
   9.9629540e-01   1.0698060e+00
  -1.4773845e+00  -1.4229214e+00
  -6.3839782e-01  -7.5209909e-01
  -3.5367628e-01  -4.4748777e-01
   8.9171056e-01   8.6514183e-01
   9.6047754e-01   1.0430197e+00
   8.4972457e-01   8.6663157e-01
  -7.4302276e-01  -8.3336290e-01
  -2.0668206e+00  -1.8911996e+00
  -2.2855043e+00  -2.0994587e+00
  -4.3159516e-01  -5.2711321e-01
   9.3438675e-01   1.0603061e+00
   7.3665183e-01   7.5458941e-01
   4.3696298e-01   3.8035108e-01
  -9.7145079e-01  -1.0323553e+00
  -7.1284490e-01  -7.9851879e-01
   7.3173132e-01   7.0604896e-01
  -5.6935998e-01  -7.0014326e-01
   8.0509306e-01   7.9490272e-01
   1.0122576e+00   1.1057663e+00
   9.7293013e-01   1.1076135e+00
   7.6225918e-01   8.1752022e-01
  -1.9038795e+00  -1.7654621e+00
  -3.2190901e-01  -4.3885432e-01
   3.8086695e-01   2.8074970e-01
  -1.7723248e-01  -3.2185160e-01
   9.7003027e-01   1.0622012e+00
   8.9654060e-01   9.9301589e-01
   5.8543664e-01   4.8431853e-01
  -1.0397642e+00  -1.0650595e+00
   9.4243600e-01   9.4797568e-01
  -5.0971414e-02  -1.9195806e-01
  -6.4093104e-01  -7.4920252e-01
  -1.6604401e+00  -1.5706671e+00
  -5.9223359e-01  -6.7396318e-01
  -1.8048256e+00  -1.6978308e+00
  -1.8380628e-01  -3.3991557e-01
  -9.4567045e-01  -9.9052312e-01
  -7.8383630e-01  -8.3975021e-01
  -3.7320137e-01  -4.7042083e-01
  -3.7512869e-01  -4.7364262e-01
   9.5821368e-01   1.0738085e+00
   9.2398879e-01   1.0089214e+00
  -7.5729332e-01  -8.4522716e-01
  -2.8753135e+00  -2.4922405e+00
   5.7884205e-01   5.5414880e-01
  -1.2043672e+00  -1.2246745e+00
   9.8968971e-01   1.0938528e+00
   7.8974576e-01   7.9326096e-01
   6.4259795e-01   5.5769708e-01
   9.3649248e-01   9.9756010e-01
  -2.1987444e+00  -2.0330437e+00
  -7.4766607e-01  -8.4640876e-01
   8.6362455e-01   9.4008721e-01
  -1.4176907e+00  -1.3912693e+00
  -6.4567470e-01  -7.7381396e-01
  -5.5108351e-01  -7.0126932e-01
  -6.4840081e-01  -7.6019946e-01
   8.9632641e-01   9.8150797e-01
   9.4623638e-01   1.0591476e+00
  -4.0473719e-01  -5.4823080e-01
  -5.4584344e-01  -6.7756028e-01
  -5.1859874e-01  -5.6259427e-01
   5.9246948e-01   4.8352100e-01
  -7.7576423e-01  -8.4129069e-01
   7.8604769e-01   7.8589807e-01
   9.6284276e-01   1.0815159e+00
   3.0045472e-01   1.5283529e-01
  -1.9928794e+00  -1.8306744e+00
  -3.7267142e-01  -4.6988204e-01
  -3.7177455e-01  -4.6234283e-01
   5.6234763e-01   3.9532545e-01
  -1.9224491e+00  -1.7767247e+00
   9.6474951e-01   1.0916375e+00
  -6.1011075e-01  -7.6144592e-01
  -9.7970265e-01  -1.0608623e+00
  -2.0348992e+00  -1.8523672e+00
   2.9659229e-01   1.6548792e-01
  -9.9619970e-02  -2.4425610e-01
  -9.6547602e-01  -1.0643096e+00
  -3.5775228e-01  -4.6282299e-01
  -2.3165078e+00  -2.0983092e+00
   4.1688622e-01   3.0361130e-01
   5.8302696e-01   4.9961973e-01
  -2.2992578e+00  -2.0497108e+00
  -4.9626675e-01  -5.8444050e-01
   1.8299102e-01   9.5759790e-02
   9.2269849e-01   9.5114729e-01
   4.6829743e-01   3.6825510e-01
   1.3164270e-01   1.3917831e-03
  -7.9412077e-01  -8.3682318e-01
   7.4249049e-01   7.7354437e-01
  -1.4778799e+00  -1.3912464e+00
   6.9507497e-01   6.4604881e-01
   6.8160714e-01   6.0409497e-01
   9.3478409e-01   9.9846864e-01
  -1.3345952e+00  -1.3367467e+00
  -2.0569137e+00  -1.8753257e+00
  -2.6733118e+00  -2.3392787e+00
   9.6941770e-01   1.0078927e+00
   2.0359824e-02  -8.7537718e-02
   7.5194939e-01   7.5873097e-01
   1.2550195e-01  -7.3951104e-02
   9.3417674e-01   1.0456727e+00
   1.0103405e+00   1.0683315e+00
   9.7179123e-01   1.0870079e+00
   9.8072195e-01   1.0694365e+00
  -9.4496903e-01  -1.0178256e+00
   9.3226753e-01   1.0684303e+00
   1.0012253e+00   1.0852559e+00
   9.6954178e-01   1.0961357e+00
   2.0723879e-01   1.2656974e-01
  -1.3715611e+00  -1.3535277e+00
  -5.0198208e-01  -5.8600735e-01
   9.6948357e-01   1.0763720e+00
  -1.8442244e+00  -1.7498047e+00
  -4.0290902e-01  -5.3302077e-01
  -1.0985525e-01  -2.2049000e-01
  -9.1879449e-01  -9.6845837e-01
  -1.9653635e+00  -1.8277178e+00
  -1.9858064e+00  -1.8310104e+00
  -2.0187033e+00  -1.8699082e+00
   9.4380843e-01   1.0538188e+00
   9.6652045e-01   1.0583499e+00
   9.3409475e-01   9.8699235e-01
   1.1789915e-01   2.7128847e-02
   8.6998106e-01   9.1501277e-01
   3.1827756e-01   2.0720092e-01
  -7.5414477e-01  -8.7421938e-01
   4.7339673e-01   3.2729363e-01
   9.8646342e-01   1.0635408e+00
   9.5911540e-01   1.0413339e+00
   1.0231248e+00   1.0755370e+00
   9.5069748e-01   1.0148218e+00
  -2.3850536e-01  -3.7208208e-01
  -8.9176439e-01  -1.0170285e+00
   4.5005543e-01   3.9614809e-01
   7.3246199e-01   6.9823105e-01
  -1.6684804e+00  -1.5796910e+00
   7.4179698e-01   7.4917245e-01
  -2.3462254e-01  -3.4541623e-01
   1.0458478e+00   1.0775253e+00
  -2.6558570e-01  -3.9528336e-01
  -2.1234348e-01  -3.1348308e-01
  -2.8909140e-01  -4.0385746e-01
  -2.1109322e+00  -1.9573205e+00
   4.0819489e-01   3.3568944e-01
   9.7797890e-01   1.0915186e+00
  -4.4322745e-01  -5.5804374e-01
  -3.3372721e+00  -2.8179774e+00
   1.0163935e+00   1.0701263e+00
  -6.2465975e-01  -7.0642175e-01
   6.9212646e-01   6.2996893e-01
   9.9642322e-01   1.0803171e+00
   7.2777002e-01   6.5077210e-01
  -1.0085515e+00  -1.0289945e+00
   5.3833211e-01   4.3075017e-01
   1.7441293e-02  -1.1004267e-01
   1.8673950e-01   3.2721143e-02
  -7.3894089e-01  -8.1155721e-01
   3.6343855e-01   2.6631432e-01
   8.3806211e-01   8.8660324e-01
  -9.3835794e-01  -1.0116762e+00
  -4.9843520e-01  -6.0238701e-01
  -6.7367895e-01  -7.8135446e-01
  -1.8822049e+00  -1.7489763e+00
  -5.6326907e-01  -6.5436476e-01
  -6.2253104e-01  -7.0113814e-01
   6.5465399e-01   5.9453505e-01
   8.5862126e-01   9.4555987e-01
  -2.1097425e+00  -1.8938597e+00
   9.2233533e-01   1.0075593e+00
   1.5846721e-01   6.0562089e-02
  -2.3705094e-01  -3.5098108e-01
  -4.7282144e-01  -5.5240555e-01
  -5.1378152e-01  -6.0247162e-01
   3.5055692e-02  -1.3096855e-01
   6.1298285e-01   5.3508134e-01
   4.3219603e-01   3.7746344e-01
   5.7620090e-01   4.6980221e-01
   9.8309965e-01   1.0720513e+00
   9.6324621e-01   1.0617537e+00
   9.9560092e-01   1.0870562e+00
   1.0121911e+00   1.0788860e+00
  -2.3845852e+00  -2.0962921e+00
   9.6991301e-01   1.0793715e+00
   9.5276401e-01   1.0938650e+00
   9.6315370e-01   1.0498305e+00
   6.6107942e-01   6.5734633e-01
   8.8602155e-01   9.1281125e-01
   8.0877789e-01   7.4539953e-01
   9.3631853e-01   1.0925494e+00
   7.5598703e-01   7.6637980e-01
   9.5567677e-01   1.0845509e+00
  -2.2192915e+00  -2.0164692e+00
   2.0018176e-01   1.0640350e-01
   9.8599365e-01   1.0480915e+00
  -5.3354261e-01  -7.0652861e-01
   9.5995773e-01   1.0732965e+00
   9.0336722e-01   9.4220503e-01
  -9.0716643e-02  -2.8002690e-01
  -3.4519353e-01  -4.6695227e-01
  -2.2260576e-01  -3.3169238e-01
   1.9723039e-01   6.4968766e-02
   9.8987446e-02  -3.5131173e-02
  -1.9876622e+00  -1.8231401e+00
   9.7274282e-01   1.0303832e+00
   1.0219164e+00   1.0943097e+00
   9.9371519e-01   1.0294608e+00
  -1.6362301e+00  -1.5694352e+00
   8.2074700e-01   8.6504492e-01
  -6.0777680e-01  -6.7057191e-01
   1.0371862e+00   1.0999097e+00
   1.0063089e+00   1.0215901e+00
   2.6928009e-01   1.1359609e-01
   1.0957908e-01   1.0618228e-02
  -6.8679736e-01  -8.1282447e-01
   9.3421914e-01   1.0687033e+00
  -2.0632036e-02  -1.8963221e-01
   3.6512085e-01   2.6576069e-01
   9.0556598e-01   9.9483439e-01
   5.6166794e-01   4.2602650e-01
  -5.6766301e-01  -6.5159023e-01
   3.4929254e-01   2.7747956e-01
   8.8390237e-01   9.1140509e-01
  -1.0695838e-01  -2.4581479e-01
   9.4268015e-01   1.0720854e+00
  -1.6414849e+00  -1.5669402e+00
  -4.9173843e-01  -5.6641325e-01
   6.6040721e-01   6.0202928e-01
   7.5210279e-01   7.8686761e-01
   8.8304024e-01   9.4250191e-01
   8.8433885e-01   9.3284893e-01
  -1.9473352e-01  -2.8430645e-01
  -1.9713695e+00  -1.8079509e+00
  -1.2795971e+00  -1.3305961e+00
   1.0386143e+00   1.0839366e+00
   9.2368907e-01   9.9965045e-01
  -7.6704583e-01  -8.9307105e-01
   4.9810625e-01   4.5457503e-01
   9.5601686e-01   1.0835909e+00
  -1.8773196e+00  -1.7382328e+00
  -1.0317992e+00  -1.0925080e+00
   1.0051622e+00   1.0759065e+00
   9.3045956e-01   1.0462872e+00
   9.6894557e-01   1.0485918e+00
   9.9502969e-01   1.0602265e+00
  -1.2049738e+00  -1.2379449e+00
   5.4802452e-02  -7.9051451e-02
  -3.9032161e-01  -4.9216556e-01
  -4.1074786e-01  -5.5215391e-01
   1.0058590e+00   1.0363242e+00
  -1.1582208e+00  -1.1568550e+00
  -2.9659612e+00  -2.5661262e+00
   3.7032869e-01   2.2801957e-01
  -1.0245752e+00  -1.0518131e+00
   9.4332962e-01   1.0398864e+00
  -4.1645910e-01  -5.3126608e-01
  -3.3550832e-01  -4.7307510e-01
  -8.9548035e-01  -9.7615530e-01
   8.5800447e-01   8.4509416e-01
   8.4698098e-01   8.8963412e-01
  -1.8062889e+00  -1.6627362e+00
   9.5144097e-01   1.0410798e+00
   9.0278377e-01   9.3323902e-01
  -4.6818615e-01  -6.1431767e-01
   8.2144512e-01   8.4990662e-01
   8.7286353e-01   9.0331360e-01
  -2.6565401e-01  -3.9189220e-01
   3.1589925e-01   1.7732029e-01
  -3.7735468e-01  -4.8819650e-01
   9.7000665e-01   1.0963615e+00
   1.3631078e-01   4.0255714e-02
  -2.5897040e-01  -3.7934398e-01
  -1.4940221e+00  -1.4384212e+00
  -6.2083232e-02  -2.1271914e-01
   8.7583292e-01   9.0246973e-01
   4.8073454e-01   4.0578150e-01
   9.6334850e-01   1.0963705e+00
  -4.2650159e-01  -5.3748940e-01
   9.8917648e-01   1.0895649e+00
  -3.8936455e-01  -5.2970978e-01
   9.2551778e-01   1.0465760e+00
  -3.4005738e-01  -4.5003846e-01
   9.4702163e-01   1.0331938e+00
   7.5790056e-01   7.2865362e-01
   9.9718340e-01   1.0655086e+00
  -1.4350015e+00  -1.4398217e+00
   1.8505472e-02  -1.3051711e-01
   9.0633502e-01   1.0131761e+00
   9.7179502e-01   1.0529979e+00
   9.3637508e-01   1.0008463e+00
   9.4127478e-01   1.0658545e+00
  -4.7988079e-01  -6.0329216e-01
   7.0767077e-01   7.2969209e-01
  -1.8764428e+00  -1.8009051e+00
   7.8515065e-01   7.4173496e-01
  -1.9526921e+00  -1.7968132e+00
  -3.5099095e-01  -4.4285201e-01
  -1.3652773e+00  -1.3510281e+00
  -4.1281732e-01  -5.2638242e-01
  -8.4949376e-01  -9.0689597e-01
   3.4833695e-01   2.3157518e-01
   9.2806714e-01   1.0304198e+00
   9.6942505e-01   1.0879709e+00
  -1.2645141e-01  -2.5610335e-01
   8.7617461e-01   9.6756388e-01
   9.5623956e-01   1.0521998e+00
  -2.6091170e-01  -4.1052960e-01
  -2.2363795e-01  -3.7711343e-01
  -6.5165116e-01  -7.5449292e-01
   5.6714356e-01   5.6058283e-01
   4.7627205e-01   4.0373810e-01
  -1.2794706e+00  -1.3453410e+00
   1.0192063e+00   1.0976099e+00
   5.3020449e-01   5.1863170e-01
   9.6568602e-01   1.0410271e+00
  -4.9496341e-01  -6.0259199e-01
  -2.0260355e-01  -3.4135727e-01
   9.6715811e-01   1.0639037e+00
  -2.3769925e+00  -2.1162077e+00
   2.2721080e-01   1.2575482e-01
   9.2688846e-01   1.0001901e+00
   9.2348667e-01   1.0402060e+00
  -5.2954494e-01  -6.4726796e-01
  -6.7176565e-01  -7.4951164e-01
   5.7789175e-01   5.3504908e-01
  -2.8400501e-01  -4.0113979e-01
  -2.2491350e+00  -2.0686768e+00
  -1.4387591e+00  -1.3975472e+00
  -2.1638649e+00  -2.0118611e+00
  -3.6678757e-01  -5.0037144e-01
  -2.3571104e+00  -2.1098063e+00
   3.5978690e-01   2.1790765e-01
   9.7411312e-01   1.0634743e+00
   4.0128222e-02  -1.5596672e-01
  -5.1083834e-01  -6.1152130e-01
   4.9910576e-01   4.0946060e-01
  -5.8353946e-01  -7.5680557e-01
  -2.4934808e-01  -3.6362423e-01
   8.5036285e-01   8.8660780e-01
   4.0827340e-01   2.8344385e-01
   1.0291982e+00   1.1163713e+00
   9.4663948e-01   1.0024497e+00
  -4.8406946e-01  -5.9109628e-01
  -2.1888345e+00  -1.9736432e+00
   5.4593284e-01   4.9757406e-01
  -1.3616713e-01  -3.1871807e-01
   8.6803161e-01   9.6441059e-01
   6.0594735e-01   5.6885107e-01
   7.1095565e-02  -7.7493063e-02
  -2.2156991e+00  -2.0018233e+00
  -2.2428509e-01  -3.4041595e-01
   9.5561506e-01   1.0637130e+00
  -2.3370177e+00  -2.1155490e+00
   7.4633016e-01   7.2585040e-01
   8.3141225e-01   8.4701744e-01
   9.8954380e-01   1.0937812e+00
  -5.0531985e-01  -5.9360589e-01
   5.4751026e-01   5.1268583e-01
  -3.5817660e-01  -4.6759280e-01
   6.9034050e-01   6.4717879e-01
  -1.2680614e+00  -1.2523410e+00
   9.2550084e-01   1.0409662e+00
   9.2603883e-01   9.7819371e-01
   9.7183559e-01   1.0773194e+00
   9.3783314e-01   1.0131619e+00
  -4.6277086e-01  -5.7426145e-01
   1.0344603e+00   1.0889664e+00
   7.1941937e-01   7.1969117e-01
   8.4840774e-01   8.9518023e-01
   9.3324573e-01   1.0093509e+00
   6.6050904e-01   6.4484260e-01
   9.5592811e-01   1.0535084e+00
  -4.5447685e-01  -6.3339886e-01
  -5.1157170e-01  -6.0665235e-01
   9.6299085e-01   1.0908512e+00
   9.8668364e-01   1.0939172e+00
  -1.2523273e+00  -1.2587014e+00
   8.8919502e-01   9.7087715e-01
   3.4999893e-01   2.5465060e-01
  -7.8655406e-02  -2.4762991e-01
   2.4526778e-01   1.2036710e-01
   9.9371301e-01   1.0311150e+00
   9.8670771e-01   1.0987850e+00
  -3.0071658e-01  -4.3546800e-01
   2.1010085e-01   8.5294299e-02
   1.0066045e+00   1.0937687e+00
  -2.4469811e+00  -2.1758323e+00
   6.9355784e-01   6.6910422e-01
   8.6833724e-01   9.3048768e-01
  -1.3418724e+00  -1.3406603e+00
   9.3141110e-01   9.4236850e-01
  -6.7165825e-01  -7.8767034e-01
   8.4624698e-01   9.2102196e-01
   8.9211155e-01   9.3546129e-01
   9.4793685e-01   1.0749039e+00
   1.0181939e+00   1.0925137e+00
   9.8215770e-01   1.0604417e+00
  -6.4495830e-01  -7.3362269e-01
   9.5837612e-01   1.0675935e+00
   9.6802167e-01   1.0515440e+00
  -5.3542415e-01  -6.0593053e-01
   6.5266606e-01   6.5032529e-01
  -1.7483899e-01  -3.0545630e-01
   3.4837027e-01   2.7063981e-01
   9.0850873e-01   9.7050002e-01
  -6.8659519e-01  -7.9010935e-01
   9.3679894e-01   9.5422672e-01
  -6.9961401e-01  -7.6682105e-01
   8.3692814e-01   8.4705772e-01
   9.9727847e-01   1.0725355e+00
  -8.5536154e-02  -2.1446841e-01
   8.5826495e-01   9.2066006e-01
  -8.7733089e-01  -9.2500436e-01
   9.5419483e-01   1.0728940e+00
   9.8609587e-01   1.0511567e+00
  -2.1856010e+00  -1.9795590e+00
   6.2955573e-02  -4.3224844e-02
  -1.2141958e+00  -1.2068289e+00
   3.4487576e-01   2.6855708e-01
   9.4757404e-01   1.0505800e+00
   8.0322438e-01   8.4785578e-01
   8.8420942e-01   9.2820638e-01
   8.5210395e-01   8.3141640e-01
   9.5523846e-01   1.0846796e+00
  -7.1546070e-01  -7.8624983e-01
  -9.6250388e-01  -1.0578636e+00
  -1.0264100e+00  -1.0654126e+00
   8.3051909e-01   8.2604156e-01
  -5.5714857e-01  -6.5393396e-01
   9.1252170e-01   1.0265838e+00
   9.8494620e-01   1.0914698e+00
  -5.5826663e-01  -6.7183301e-01
  -1.7625492e-01  -2.7627004e-01
  -1.9064982e+00  -1.7836649e+00
   8.8503426e-01   9.5415809e-01
  -2.3240181e+00  -2.1281944e+00
  -1.7323609e-01  -2.7640451e-01
  -7.0744065e-01  -7.9475665e-01
  -6.9192403e-01  -7.5296702e-01
   8.5085283e-01   9.1835571e-01
   2.1847872e-02  -1.5058320e-01
  -8.2257187e-03  -1.1399440e-01
   7.4953376e-01   7.7030475e-01
   6.5839555e-01   6.4320732e-01
   9.5439608e-01   9.6836988e-01
   6.7132299e-01   6.5731694e-01
  -1.2403756e+00  -1.2856793e+00
  -2.1817136e+00  -2.0118998e+00
   9.6912408e-01   1.0810012e+00
  -2.2141963e+00  -2.0012357e+00
   7.8193709e-01   8.0653853e-01
  -4.9808339e-01  -5.9486886e-01
   9.5214663e-01   1.0866556e+00
  -5.0174529e-01  -6.3627519e-01
  -4.1359001e-01  -5.6182717e-01
  -2.8789901e-01  -3.9300541e-01
   9.8602082e-01   1.0649587e+00
  -2.2056485e+00  -1.9928923e+00
   9.4569265e-01   1.0295224e+00
   9.2848446e-01   1.0684855e+00
  -2.2376809e+00  -1.9938415e+00
   9.8552932e-01   1.0314897e+00
  -1.0487386e+00  -1.0686019e+00
   9.5705567e-01   1.0770119e+00
   8.8937198e-01   1.0022618e+00
  -8.4795174e-01  -9.1773436e-01
   8.0818514e-01   7.7661190e-01
  -2.2051431e+00  -2.0071033e+00
  -1.1353601e+00  -1.1394209e+00
  -2.1121593e+00  -1.9479176e+00
  -4.8979603e-01  -6.2109723e-01
   9.6383770e-01   1.0906278e+00
  -7.3707030e-01  -8.1577346e-01
   9.5599457e-01   1.0765983e+00
  -1.7644911e+00  -1.6636715e+00
   1.0046554e+00   1.0552600e+00
  -5.2278759e-01  -6.0846703e-01
  -1.4103267e+00  -1.3633707e+00
   5.2373670e-02  -3.9156716e-02
   9.8491866e-01   1.0587398e+00
  -9.7615414e-01  -1.0742848e+00
   7.8766631e-01   7.9892815e-01
   5.2743866e-01   4.6010934e-01
   8.1417747e-01   7.3235112e-01
   1.8058367e-01   3.0226961e-02
   3.0580224e-01   1.9157198e-01
   1.0009066e+00   1.1013340e+00
   8.9461862e-01   8.5552241e-01
   9.2190896e-01   1.0441851e+00
   9.5152291e-01   1.0522823e+00
   6.8297621e-01   6.8514362e-01
   9.3492490e-01   1.0266223e+00
  -4.7379354e-01  -5.6901008e-01
   6.8489831e-01   6.7257794e-01
  -4.5944597e-01  -5.7056434e-01
   9.5150810e-01   1.0643296e+00
   9.2618535e-01   1.0502442e+00
  -1.4553647e+00  -1.3951110e+00
   1.1594111e-01  -2.6581708e-02
  -1.0985320e+00  -1.1171256e+00
   8.3093693e-01   8.2293904e-01
   9.6759117e-01   1.0562612e+00
  -1.5642051e-01  -3.1328964e-01
  -1.6921357e+00  -1.6006149e+00
   9.4480400e-01   1.0222447e+00
   1.9965510e-02  -1.3176776e-01
   5.5059887e-01   4.5596897e-01
   2.5663051e-01   1.3185553e-01
  -8.3350106e-02  -1.9137175e-01
   9.4441633e-01   9.8524107e-01
  -2.3437260e+00  -2.0994261e+00
   5.1658378e-01   4.2007017e-01
   9.4819649e-01   1.0626886e+00
  -5.0835639e-01  -6.3809296e-01
  -2.4335886e-01  -3.4607316e-01
  -2.2052863e+00  -1.9947007e+00
  -4.9210359e-01  -5.9835656e-01
   1.0036132e+00   1.0920533e+00
  -5.3835156e-01  -6.3535766e-01
  -6.8358098e-01  -7.6177584e-01
  -1.0885919e+00  -1.1433787e+00
  -1.7710238e-01  -3.2363724e-01
   9.9020697e-01   1.0041963e+00
   9.1655150e-01   1.0074051e+00
   9.5726360e-01   1.0492472e+00
  -5.6103839e-01  -6.6066380e-01
  -2.1044434e+00  -1.9246686e+00
   8.8167238e-01   9.2170991e-01
   6.2876625e-01   5.5430565e-01
  -1.8122191e+00  -1.6567515e+00
  -1.2111127e-01  -2.4810085e-01
   4.4818174e-02  -1.0130421e-01
   5.1925136e-01   4.6106886e-01
   1.0021577e+00   1.0711068e+00
   7.3791104e-01   7.3744023e-01
   9.5220628e-01   1.0723638e+00
   8.2245059e-01   7.7233579e-01
   3.9065608e-01   2.4006069e-01
   7.8042758e-01   8.1365060e-01
  -5.7707489e-02  -1.8478805e-01
  -4.8129466e-01  -5.9726320e-01
   9.0472806e-01   9.9401997e-01
  -2.1621773e+00  -2.0065396e+00
   3.0167304e-01   1.7366038e-01
   9.5325146e-01   1.0691425e+00
  -5.5566893e-01  -6.6050173e-01
  -2.1324061e+00  -1.9507932e+00
  -2.0418470e+00  -1.8839274e+00
   9.6486464e-01   1.0506300e+00
  -6.3699022e-01  -7.4087938e-01
   9.6094356e-01   1.0703649e+00
   8.7970400e-01   9.5831291e-01
   9.4642402e-01   1.0548979e+00
  -4.9786828e-01  -5.7986787e-01
   9.3380984e-01   1.0173926e+00
  -1.8041154e+00  -1.6951120e+00
   9.5298305e-01   1.0424266e+00
   9.5536451e-01   1.0872193e+00
  -1.4178772e+00  -1.3881186e+00
   9.5464556e-01   1.0710297e+00
   9.4620861e-01   1.0722518e+00
   9.0723881e-01   9.7821788e-01
   9.6791133e-01   1.0720663e+00
  -1.5197027e-01  -2.3742563e-01
   9.4111791e-01   9.3188208e-01
   9.9068381e-01   1.0082557e+00
  -1.9919010e+00  -1.8231352e+00
   9.7737349e-01   1.0241307e+00
  -4.0932637e-01  -5.3583802e-01
  -1.2127267e+00  -1.2559879e+00
   8.2464903e-01   8.8844901e-01
   6.3702668e-01   5.4993754e-01
   9.6661157e-01   1.1046280e+00
   6.2450816e-01   5.6833204e-01
  -1.5448831e+00  -1.5388884e+00
  -1.8274584e+00  -1.7182463e+00
   9.5828639e-01   1.0972888e+00
   9.7181805e-01   1.0331665e+00
   3.4583401e-01   2.3296043e-01
   7.0362777e-01   7.0221557e-01
  -7.6726440e-01  -8.3368656e-01
   9.4472667e-01   1.0587047e+00
   9.5483331e-01   1.0425871e+00
   9.6177013e-01   1.0563748e+00
   4.3802966e-02  -2.9801683e-02
  -4.9409040e-01  -5.9718347e-01
  -2.0918328e-01  -3.2444582e-01
   3.2652591e-01   2.1313643e-01
  -3.7358082e-01  -4.7694027e-01
   7.6135702e-01   7.2471127e-01
   5.5783797e-01   5.1778157e-01
   2.8897406e-01   1.8762992e-01
   1.0148720e+00   1.0970421e+00
   5.4351881e-02  -9.1441103e-02
   7.7720527e-01   8.1900132e-01
  -5.1665144e-01  -6.3331435e-01
   2.1125785e-01   6.9942872e-02
   1.9849116e-01  -5.5013360e-04
  -4.8479498e-01  -5.9775370e-01
   9.8239850e-01   1.0196575e+00
  -3.0566245e+00  -2.6026438e+00
   8.9082612e-01   9.4202018e-01
   9.5922969e-01   9.9035180e-01
   5.2337670e-01   4.8247503e-01
  -2.9961081e-01  -4.0687801e-01
  -3.2353625e-01  -4.2749128e-01
  -5.1656429e-01  -6.2720742e-01
   7.7986435e-01   8.3716567e-01
  -3.6405929e-01  -4.7200965e-01
  -1.1485356e+00  -1.1553401e+00
  -4.1866131e-01  -5.5652045e-01
   1.2871251e-01   7.0072595e-02
  -2.3315701e-01  -3.5028399e-01
   9.0044710e-01   9.5811300e-01
  -1.1957396e-01  -2.4870289e-01
  -7.2587372e-02  -2.1362460e-01
   1.0179838e+00   1.0941897e+00
  -7.9416060e-01  -8.6178995e-01
  -2.1907729e+00  -2.0065234e+00
  -4.1150270e-01  -5.4509458e-01
   9.7107109e-01   1.0959505e+00
   7.4998876e-01   7.8265301e-01
   8.0155006e-01   8.1405655e-01
  -4.9727810e-01  -6.2113760e-01
   2.5329505e-01   9.4561338e-02
   6.1496425e-01   5.7303654e-01
   9.4422363e-01   1.0684460e+00
  -1.1088401e-01  -2.4831166e-01
  -1.6246057e+00  -1.5457996e+00
  -2.0450152e+00  -1.8957167e+00
   9.6618209e-01   1.0723636e+00
   1.4484910e-01   9.4431686e-03
  -4.8110696e-01  -5.7199277e-01
   9.2818499e-01   1.0323995e+00
  -7.7614495e-01  -8.5270940e-01
   9.2325106e-01   9.5134797e-01
   3.7906478e-01   3.1095508e-01
  -1.7175524e-01  -2.8526417e-01
  -1.5094726e-01  -2.4488546e-01
   1.0214785e+00   1.0494185e+00
   9.6539322e-01   1.0509297e+00
   9.8098055e-01   1.1035485e+00
   9.8177210e-01   1.0720855e+00
  -4.3705558e-01  -5.0472491e-01
   9.6841551e-01   1.0703857e+00
   8.1454833e-01   8.9921320e-01
  -3.8840965e-01  -5.1251805e-01
  -1.7006472e+00  -1.5874300e+00
   9.9172697e-01   1.0685921e+00
   9.6546718e-01   1.0399798e+00
   9.5323840e-01   1.0912358e+00
  -2.8965602e-01  -4.3552614e-01
   8.5113688e-01   8.3093270e-01
  -1.2385218e+00  -1.2788807e+00
  -2.3574840e+00  -2.1179807e+00
  -4.3618577e-01  -5.1121915e-01
  -2.1441891e+00  -1.9340267e+00
  -5.9692847e-01  -7.1261738e-01
   9.8559826e-01   1.0809330e+00
  -7.0106620e-01  -7.8413417e-01
  -4.7506781e-01  -5.8953922e-01
   9.9398439e-01   1.0941514e+00
   7.6301437e-01   7.8654326e-01
  -8.2282127e-01  -8.9674279e-01
   7.1796743e-01   7.2476506e-01
  -1.7072814e-01  -2.9480938e-01
   9.5489752e-01   1.0960498e+00
   3.7241015e-01   2.6980411e-01
   5.6837214e-01   4.8987128e-01
   2.0818970e-01   3.1400811e-02
   8.9667653e-01   8.6599065e-01
   9.9007794e-01   1.1012963e+00
   8.0225985e-01   7.8833995e-01
  -1.9381223e+00  -1.8248819e+00
   8.6827237e-01   9.5114121e-01
   9.2662300e-01   1.0495353e+00
  -2.0966303e+00  -1.9188411e+00
  -4.2786853e-01  -5.0429447e-01
  -1.6240146e+00  -1.5427697e+00
  -5.5566610e-01  -6.6129892e-01
   1.0004835e+00   1.0959178e+00
   5.1932683e-01   3.9490662e-01
  -1.2254545e+00  -1.2503545e+00
  -8.7305966e-01  -9.4771674e-01
   9.6369947e-01   1.0558913e+00
   7.4757350e-02  -2.4489338e-02
  -3.2964435e-01  -4.4915950e-01
   2.2996531e-01   9.6779508e-02
  -1.7974517e+00  -1.7045008e+00
   9.0956546e-01   1.0537481e+00
  -4.9597945e-01  -5.8025349e-01
   9.2010251e-01   1.0095442e+00
   1.8852818e-01   3.3149765e-02
  -1.3705617e-01  -2.5553284e-01
   3.7884304e-01   2.6333029e-01
  -1.4536800e+00  -1.4601634e+00
  -7.4563733e-01  -8.5265302e-01
   9.2910379e-01   1.0310289e+00
  -2.4103200e+00  -2.1455595e+00
  -2.4180285e+00  -2.1475861e+00
   5.1999774e-01   4.5402873e-01
   9.1750130e-01   1.0199313e+00
   9.4787872e-01   1.0613275e+00
   2.8402927e-01   1.1644363e-01
