   7.0193926e-01  -7.9290168e-01
  -3.7105236e-01   5.5053203e-01
  -6.3842962e-01   8.2953961e-01
   1.4259944e+00  -1.8419809e+00
   1.0329211e+00  -1.2545394e+00
   1.0189936e-01  -8.2156364e-03
   3.6643776e-01  -3.5968275e-01
   1.8366158e+00  -2.4597886e+00
   3.4311906e-02   8.1537028e-02
  -6.4989238e-01   8.6018852e-01
  -5.2764743e-01   7.2527741e-01
   1.3638072e-01  -5.1766415e-02
  -3.3217183e-01   5.0621787e-01
  -1.0062432e-01   2.3694265e-01
   6.6515565e-01  -7.5239857e-01
   6.3714736e-02   2.3484251e-02
  -1.1322210e-01   2.4020214e-01
  -2.8311465e-01   4.4222161e-01
   2.6550817e-01  -2.3231521e-01
   1.7456267e+00  -2.3305567e+00
  -2.3670448e-01   3.9509613e-01
  -4.4374308e-01   6.2655378e-01
   8.4385449e-02   1.7323769e-02
  -3.7265891e-01   5.5514088e-01
   3.3561691e-01  -3.2381540e-01
   1.5082117e+00  -1.9500763e+00
  -4.4140621e-01   6.3824493e-01
   6.6222639e-01  -7.4270903e-01
  -1.0312883e-02   1.3309516e-01
   6.1398511e-01  -6.8790929e-01
  -3.0263735e-01   4.5941291e-01
  -3.2869196e-01   5.1359061e-01
   7.2374945e-01  -8.3545946e-01
  -5.2448075e-02   1.7479071e-01
   1.1440682e-01  -3.6700370e-02
  -6.4455757e-01   8.7367364e-01
  -5.2425286e-01   7.2894766e-01
   2.8046976e+00  -3.9831947e+00
   2.0228027e-01  -1.5343346e-01
   4.0117607e-01  -3.8999947e-01
  -1.0818387e+00   1.3338981e+00
   6.4732539e-01  -7.3191432e-01
  -2.8294474e-01   4.4761749e-01
   3.6561086e-01  -3.4873287e-01
   6.2187396e-01  -6.8347515e-01
   2.4981142e-01  -2.1427953e-01
  -2.0418566e-01   3.5431614e-01
  -1.5837793e+00   1.7642519e+00
  -6.7194767e-01   8.9365547e-01
   3.4974487e-01  -3.3983400e-01
   1.0936144e-02   1.2242608e-01
  -5.1856051e-01   7.3309662e-01
  -4.4275076e-01   6.2831804e-01
   3.9546565e-01  -3.9102723e-01
  -1.9012320e-01   3.3989790e-01
   2.6423362e-01  -2.3714649e-01
   1.6751775e+00  -2.2179262e+00
  -6.4562500e-01   8.7190724e-01
   1.1014063e-01  -2.6348742e-02
  -2.0878615e-01   3.6285460e-01
   9.4816099e-02  -1.2315515e-02
   5.8626962e-01  -6.5411371e-01
  -6.5657415e-01   8.7972149e-01
   6.6103970e-01  -7.5104138e-01
  -5.3870783e-01   7.3554204e-01
   1.4002945e+00  -1.7946296e+00
   1.6471386e+00  -2.1676690e+00
  -4.8407105e-01   6.7162829e-01
   3.1238234e-01  -2.8454822e-01
  -5.4492702e-01   7.3686711e-01
   1.7496079e-01  -1.0751592e-01
  -5.6409326e-01   7.7710682e-01
   3.2035434e+00  -4.6015157e+00
  -3.5887147e-01   5.3683497e-01
   6.7336615e-01  -7.7456398e-01
  -1.0880831e+00   1.3174644e+00
   2.4162120e-01  -1.9068055e-01
   6.6830896e-01  -7.6399050e-01
  -5.2758614e-01   7.2103550e-01
   6.3582784e-01  -7.1098454e-01
   2.5760388e-01  -2.0999643e-01
  -7.7677347e-01   1.0121801e+00
   6.1149325e-01  -6.6224647e-01
   5.0287440e-02   3.7697765e-02
  -2.5098993e-01   4.1109093e-01
   3.3137227e-01  -3.2523357e-01
  -1.3929052e-01   2.8288194e-01
   2.2118051e-01  -1.7536128e-01
   3.1544209e-01  -2.8737491e-01
   3.7703045e-01  -3.8277851e-01
  -3.7743500e-01   5.5089901e-01
   5.2034731e-01  -5.7075199e-01
   1.2273495e+00  -1.5444288e+00
  -2.7939822e-01   4.4212260e-01
  -4.1100813e-01   6.0170984e-01
   2.5812767e-01  -2.0945298e-01
   2.9231601e-01  -2.4526875e-01
   3.3323968e-01  -3.1608278e-01
  -4.4561627e-01   6.4218018e-01
  -7.5518122e-01   9.7796604e-01
   4.1322763e-01  -4.1766779e-01
  -4.2122278e-01   6.1302418e-01
  -1.2020939e-01   2.5305241e-01
  -1.1582395e-01   2.5752839e-01
  -1.0059867e+00   1.2287320e+00
   8.6175349e-01  -1.0128076e+00
   6.0044317e-01  -6.4749758e-01
   1.2913502e-01  -5.6109663e-02
  -4.6483764e-01   6.6350819e-01
   2.6017876e-01  -2.0021357e-01
   1.6785854e-01  -9.8653425e-02
   6.1181148e-01  -6.7211723e-01
   4.6679476e-01  -4.9109557e-01
   6.8863173e-01  -7.8616782e-01
   6.5613645e-01  -7.5256921e-01
   6.1822175e-01  -6.8591383e-01
   1.0675971e+00  -1.3153406e+00
  -1.0528391e+00   1.2824867e+00
   2.5855529e+00  -3.6353881e+00
   5.3982778e-01  -5.9303180e-01
  -3.4475866e-01   5.1056928e-01
  -4.2712298e-01   6.2314748e-01
   3.0285889e-01  -2.7219784e-01
  -3.0550710e+00   2.7812400e+00
   6.3830785e-02   3.1184236e-02
   7.2565474e-01  -8.2989820e-01
  -3.9593503e-01   5.9232351e-01
  -1.1882811e+00   1.4166821e+00
   2.2533674e-01  -1.7556074e-01
   1.3471405e-01  -5.6420727e-02
  -4.8786987e-01   6.8524965e-01
  -3.5524830e-01   5.2393013e-01
   4.6304445e-01  -4.8074313e-01
   6.1771711e-02   4.1313123e-02
   3.6006705e-01  -3.3667772e-01
   6.9154493e-01  -7.9695041e-01
  -7.4451510e-01   9.6024265e-01
  -5.2266646e-01   7.1808094e-01
  -5.3565705e-01   7.1995867e-01
   2.8904004e-01  -2.5022139e-01
  -7.8894296e-02   2.0014403e-01
   7.0263329e-01  -8.1106065e-01
  -3.2619630e+00   2.8476153e+00
  -7.1033717e-01   9.2847619e-01
   2.3285351e-01  -1.7295769e-01
  -2.7574866e-01   4.4561189e-01
  -1.1086151e-01   2.4842482e-01
  -5.1728502e-01   7.1088551e-01
   3.1311199e+00  -4.5040883e+00
   1.0009233e-01  -2.7765274e-03
  -5.0832049e-01   6.9996194e-01
   1.6926470e-01  -1.1497707e-01
   9.0429311e-01  -1.0723260e+00
  -3.5950581e-01   5.3018491e-01
  -3.3103263e-01   4.9881312e-01
   2.7406635e-01  -2.4520487e-01
   5.5032590e-01  -5.9165424e-01
  -2.2058014e-01   3.6692126e-01
   8.0840816e-01  -9.5846477e-01
  -1.6629476e-01   3.1848510e-01
  -1.8911527e-01   3.3309673e-01
  -6.2818059e+00   2.9085600e+00
   6.5713533e-01  -7.5622216e-01
   6.8825563e-01  -7.8758508e-01
  -3.6349952e-01   5.4568224e-01
   2.7206488e-01  -2.2219434e-01
   4.5940497e-01  -4.8588019e-01
  -6.0815074e-01   8.2150805e-01
   5.0234125e-01  -5.3354119e-01
  -4.8405823e-01   6.8572049e-01
  -5.2340934e-01   7.1948272e-01
  -9.2001011e-02   2.2714609e-01
  -2.4676854e-01   4.1964614e-01
   1.8970626e+00  -2.5484405e+00
  -2.4388722e+00   2.4349034e+00
  -2.0436412e-01   3.6461571e-01
  -2.3965948e-01   3.9479914e-01
   7.5529251e-01  -8.6879047e-01
  -3.0514206e-01   4.7645089e-01
  -1.4050372e-01   2.7809418e-01
   2.8086203e-01  -2.2945512e-01
   2.4726914e-01  -1.9882335e-01
  -1.0469784e-01   2.3916654e-01
   2.3068731e+00  -3.1954737e+00
   1.7841259e-01  -1.2889291e-01
   1.1477053e-01  -2.4468553e-02
   8.8513002e-02  -5.1298212e-03
   5.0075869e-01  -5.1988916e-01
   3.9331382e-01  -4.0074848e-01
  -5.3382904e-01   7.5717417e-01
  -1.0482136e+00   1.2664169e+00
   2.7138412e-01  -2.4342835e-01
  -6.2189899e-01   8.4379573e-01
   5.5709921e-01  -6.0551030e-01
   3.3614811e-01  -3.1625824e-01
  -1.8102148e-01   3.2125438e-01
  -7.3174170e-01   9.3878895e-01
  -1.3962031e-01   2.7419637e-01
   4.6439087e-01  -4.8300441e-01
   2.2058238e-01  -1.5010590e-01
   1.1559547e+00  -1.4383978e+00
  -6.5938035e-02   2.1661733e-01
  -2.9888118e-01   4.7874083e-01
  -4.0118426e-01   6.0101584e-01
   2.6972855e+00  -3.8184817e+00
  -4.3423945e-01   6.0779928e-01
   4.3962635e-01  -4.4101051e-01
  -3.4558248e-01   5.2145980e-01
  -2.7724197e+00   2.6091975e+00
   2.3390640e-01  -1.6860635e-01
   3.5740635e-01  -3.6599627e-01
  -4.2470870e-01   6.1641219e-01
   2.2351519e-01  -1.6501063e-01
   5.4806929e-01  -5.9350876e-01
   3.5750693e-01  -3.4136819e-01
  -5.4284134e-01   7.2750279e-01
  -7.7128303e-01   1.0020269e+00
  -2.6971598e+00   2.5886131e+00
   2.2917590e+00  -3.1692856e+00
   3.9593032e-01  -3.8146008e-01
   4.9193187e-01  -5.2280873e-01
  -4.3790764e-01   6.2791564e-01
   2.0246764e-01  -1.2623061e-01
   2.6482553e-01  -2.1782641e-01
  -5.1440934e-01   7.0965680e-01
  -1.7945154e-01   3.1358047e-01
   7.4181930e-02   2.7736889e-02
  -1.6884188e-01   3.2494884e-01
   2.4569604e-01  -1.9400198e-01
   5.5151531e-01  -6.0350323e-01
   7.9542517e-02   1.3829338e-02
   5.7091323e-01  -6.2995603e-01
  -7.8269812e-02   1.9244154e-01
  -9.2274402e-01   1.1513775e+00
   5.2109858e-01  -5.6610779e-01
   1.8584225e-01  -1.2226482e-01
  -9.5476951e-02   2.3447898e-01
   6.9658257e-01  -8.1114142e-01
   7.6055135e-01  -8.9864268e-01
   1.7348866e+00  -2.3021903e+00
   1.7505337e-01  -1.0981954e-01
   1.1242270e-01  -2.8109642e-02
  -2.6893611e-01   4.2665219e-01
   6.8204631e-01  -7.8440569e-01
  -2.8102305e-01   4.4562677e-01
   3.9200407e-01  -3.9125022e-01
   2.7649094e-01  -2.3332597e-01
  -2.4359408e-01   3.9303710e-01
  -8.5332680e-02   2.0001259e-01
  -2.2914445e-01   3.7021290e-01
   8.2082965e-01  -9.7567261e-01
   1.2665960e-01  -4.5192031e-02
   4.3004869e-01  -4.3852602e-01
   5.3395457e-01  -5.7185480e-01
  -6.2418292e-01   8.2901070e-01
   6.6413632e-01  -7.4737906e-01
  -4.4642187e-01   6.4220993e-01
   4.2980748e-01  -4.4173859e-01
   2.9331817e-01  -2.5718498e-01
   4.0335525e-01  -3.9702764e-01
  -5.7302252e-01   7.6609765e-01
   5.6540956e-01  -6.0543806e-01
  -1.1173604e-01   2.5389251e-01
  -5.4379517e-01   7.5857374e-01
  -5.1923653e-01   7.1339293e-01
  -2.1709260e-01   3.6455206e-01
  -5.3942321e-01   7.5155534e-01
  -5.6002345e-01   7.6494116e-01
  -5.2235301e-01   7.3353395e-01
  -2.3298763e+00   2.3514726e+00
   2.6827025e+00  -3.7866343e+00
  -2.8211782e+00   2.6438820e+00
   4.7108273e-01  -4.9181892e-01
  -3.9809642e-01   5.6411131e-01
   2.9878179e-03   1.0827146e-01
   5.6797958e-02   4.1485981e-02
   2.0325988e-01  -1.6229178e-01
  -3.6009132e-01   5.3966244e-01
  -1.6768682e-01   3.1672987e-01
  -8.3580373e-01   1.0597152e+00
   2.9043822e-01  -2.4436681e-01
   6.5775429e-01  -7.3641977e-01
  -5.8409755e-01   7.9339247e-01
   4.5271868e-01  -4.5623582e-01
  -7.8223540e-02   1.9770176e-01
   3.8812803e-01  -3.7832250e-01
  -2.3924226e-01   4.0333087e-01
  -4.4666886e-01   6.4442898e-01
   1.2832325e-01  -6.3420529e-02
   5.8215112e-01  -6.3702101e-01
   1.3066614e-01  -4.7390553e-02
   3.4594701e-01  -3.2785650e-01
  -6.4897652e-02   1.8876427e-01
   5.6329590e-01  -6.1925844e-01
  -4.4373875e-01   6.2933127e-01
  -9.5634112e-03   1.2655212e-01
   7.5546943e-01  -8.8365504e-01
  -4.5697976e-01   6.2718283e-01
  -5.0742204e-01   7.2150892e-01
   4.7061902e-01  -4.9621045e-01
   3.0198387e-01  -2.6710261e-01
  -2.5582043e-01   4.2404276e-01
   2.3641065e-01  -1.8039202e-01
  -2.9302299e-01   4.7367337e-01
  -9.5553734e-02   2.1826984e-01
   2.3475368e-01  -1.8721542e-01
  -4.2877209e-02   1.6104500e-01
  -5.5270595e-01   7.6324452e-01
  -3.8404834e-01   5.6924465e-01
  -2.0352650e-01   3.5645317e-01
   2.2117949e-01  -1.6493951e-01
   1.7509044e+00  -2.3223713e+00
  -1.6343947e-01   2.9952847e-01
  -3.0092372e-01   4.5653792e-01
   3.7729980e-01  -3.9196447e-01
   3.1274797e+00  -4.4835118e+00
   2.3749128e-01  -1.8675878e-01
   2.3454154e-01  -1.8940173e-01
  -9.1117729e-02   1.9697405e-01
   1.7282541e+00  -2.3047994e+00
   1.2412578e-01  -3.1381759e-02
   1.0950412e-01  -3.7030260e-02
  -2.5051031e-01   4.3468276e-01
  -5.0205743e-02   1.6302150e-01
   2.5386636e-01  -2.2344951e-01
  -1.7095136e-01   3.1953354e-01
  -2.5251191e-01   4.1191481e-01
   3.5474618e-01  -3.4301966e-01
  -2.3734671e-01   3.9410709e-01
   3.2874677e-01  -3.0208358e-01
  -2.5914576e-01   4.1545495e-01
   9.4515241e-01  -1.1466956e+00
  -3.3267193e-01   4.9976605e-01
  -5.9591697e-01   8.1351950e-01
  -3.2850665e-01   5.0644496e-01
  -3.0294103e+00   2.7615170e+00
  -2.1793254e-01   3.7190742e-01
   1.6009052e-03   1.0734638e-01
   5.6260622e-01  -6.1197752e-01
  -3.8731526e-01   5.6215773e-01
  -5.7973993e-02   1.8114714e-01
   2.0767920e-01  -1.6015345e-01
   4.8669398e-01  -5.2020726e-01
   1.5814014e-01  -9.5182629e-02
  -5.0820008e-01   6.9902828e-01
   4.5491284e-01  -4.6049855e-01
   6.4283542e-01  -7.0007475e-01
   5.9534713e-01  -6.4549891e-01
  -1.7072338e-01   3.1900170e-01
  -8.0598898e-01   1.0364615e+00
   2.6960245e-01  -2.2061057e-01
   3.3615452e-01  -3.0080731e-01
   1.8650133e+00  -2.5071492e+00
   5.3500549e-01  -5.7778496e-01
  -5.4222151e-01   7.3590882e-01
  -7.2797144e+00   2.3621486e+00
  -5.2257601e-01   7.3136690e-01
  -4.2594819e-01   6.0080297e-01
   4.3096204e-01  -4.3979197e-01
  -4.1984830e-01   6.0941505e-01
   3.2329756e-01  -3.1564097e-01
   3.0444669e-01  -2.8286503e-01
   7.8520464e-01  -9.2264519e-01
   1.2962904e+00  -1.6369165e+00
   7.8241624e-01  -9.2946409e-01
  -1.6734838e-01   3.1278351e-01
  -2.6801008e-01   4.3106863e-01
   2.4908828e-01  -2.2854219e-01
   6.4551946e-01  -7.3346600e-01
  -5.9052083e-01   8.0105147e-01
   6.9517045e-02   3.2958508e-02
  -1.2494635e-02   1.4867211e-01
   3.3661332e-01  -3.1632214e-01
  -2.0640988e-01   3.6067468e-01
  -4.7841397e-01   6.7220698e-01
  -5.6434446e-01   7.7064148e-01
  -4.4484255e-02   1.5643911e-01
   3.2593748e-01  -2.9877054e-01
  -4.6811359e-01   6.6727092e-01
  -1.0929747e+00   1.3396516e+00
   1.9681794e+00  -2.6562335e+00
  -1.8606565e-01   3.2976602e-01
  -8.7117744e-03   1.2049777e-01
  -4.0020584e-01   5.9596950e-01
  -1.9592824e-01   3.4909943e-01
   4.4670201e-01  -4.6935662e-01
   6.8315555e-01  -7.7292651e-01
  -5.5696357e-01   7.6180992e-01
  -3.6188962e-01   5.5177234e-01
   8.2034910e-02   2.0512186e-02
  -1.7472781e-01   3.2138874e-01
   2.6158497e+00  -3.6642801e+00
   2.0590085e-01  -1.5370686e-01
  -1.4218044e+00   1.6124036e+00
   1.1231588e-01  -4.3219506e-02
   2.3928350e-01  -1.9640328e-01
   6.2078014e-01  -7.0150733e-01
  -2.1874437e-01   3.7685518e-01
   2.2501154e-01  -1.5295245e-01
   2.8216315e-01  -2.4091983e-01
  -7.1160635e-01   9.2537566e-01
  -7.5731244e-01   9.7230084e-01
   7.0887271e-01  -8.1379134e-01
  -7.4279904e-02   2.0413920e-01
  -6.9555292e-01   9.0736640e-01
   4.5744853e-01  -4.9282311e-01
   2.6339423e-01  -2.1508279e-01
   6.8101373e-01  -7.7543126e-01
  -5.7075480e-01   7.6738803e-01
  -5.5337234e-01   7.5938281e-01
  -2.6892238e-01   4.4913505e-01
  -1.3213905e+00   1.5420902e+00
  -7.9402512e-02   2.0713525e-01
   9.7530847e-01  -1.1818343e+00
  -2.1159660e-01   3.7317763e-01
  -3.5505222e-01   5.4536751e-01
   3.4283588e-01  -3.1381632e-01
   2.9261089e+00  -4.1701768e+00
   2.8344522e-01  -2.4961526e-01
   4.3802235e-01  -4.5471733e-01
  -1.9019174e-01   3.3595946e-01
   8.3859289e-01  -9.8685059e-01
  -7.2779964e+00   2.3629411e+00
   6.8016842e-01  -7.8282687e-01
   4.1645405e-01  -4.1077854e-01
  -5.7087152e-01   7.7506129e-01
   3.5788200e-01  -3.4974045e-01
  -4.1559410e-01   5.9837284e-01
   2.7304784e-02   6.7405643e-02
   3.2445904e-01  -3.0601877e-01
   6.6937174e-01  -7.5917006e-01
   3.0116992e-01  -2.8191227e-01
  -2.5358207e-01   4.1836526e-01
  -5.3787035e-02   1.8155624e-01
  -3.0395203e-02   1.4208466e-01
   5.6191741e-01  -6.1378636e-01
  -2.4248367e-01   4.0700606e-01
   6.9857036e-01  -7.9210983e-01
  -2.1053968e-01   3.5389900e-01
   6.3897819e-01  -7.1539214e-01
  -4.8009274e-01   6.7048043e-01
   7.0094717e-01  -8.0673959e-01
  -1.9480002e-01   3.5373222e-01
  -5.3633163e-01   7.3967902e-01
   1.1586742e-01  -4.2223932e-02
   6.0626587e-01  -6.7503644e-01
   3.3478161e-01  -3.1263512e-01
   8.6873652e-01  -1.0307188e+00
  -2.0758084e-01   3.6951718e-01
  -6.1435844e-02   2.0561136e-01
  -2.5682629e-02   1.4625311e-01
  -6.5984653e-01   8.7228445e-01
   5.1589335e-01  -5.6209307e-01
  -5.2778200e-01   7.3856239e-01
   6.2394050e-01  -6.8098648e-01
  -5.8669128e-01   8.1213142e-01
  -5.4338015e-01   7.3504013e-01
  -1.5748769e-01   3.0172940e-01
  -5.7790825e-01   7.9483518e-01
  -1.5657068e-01   2.9047737e-01
  -5.9030456e-01   8.1034297e-01
  -5.4990002e-01   7.7291088e-01
   1.5972843e-01  -9.9603659e-02
   5.6180068e-01  -6.1434024e-01
  -4.2258553e-01   6.1085262e-01
  -2.5053232e-01   4.0794169e-01
   4.0494426e-01  -4.1872946e-01
   3.6407632e-01  -3.6177736e-01
  -2.1595916e-01   3.7288617e-01
  -1.0593819e+00   1.2777482e+00
   7.0733094e-01  -8.1485670e-01
  -5.1381897e-01   7.1407896e-01
  -5.1940300e-01   7.1819444e-01
  -1.9581117e-01   3.5591076e-01
   5.2376863e-02   4.9675969e-02
   1.7544083e-01  -1.1091502e-01
   7.8877390e-01  -9.1614423e-01
  -5.1154171e-01   7.0371038e-01
   1.2587957e-01  -2.7071820e-02
   1.3226759e+00  -1.6978014e+00
  -2.4764116e-01   4.0119936e-01
   2.7164952e+00  -3.8326762e+00
   3.3833856e+00  -4.8886033e+00
   3.4484946e-01  -3.2768662e-01
   3.1254803e+00  -4.4693124e+00
   6.4225613e-01  -7.1855326e-01
  -6.3906384e-01   8.4707100e-01
  -5.4999562e-01   7.6015162e-01
   2.2647321e-01  -1.8104969e-01
   5.2307885e-01  -5.8631625e-01
  -4.5356772e-01   6.5024833e-01
  -1.8582027e-01   3.4088291e-01
  -6.9331208e-01   9.1735225e-01
   2.4607120e+00  -3.4468093e+00
   1.3689610e-01  -5.1788367e-02
   1.3037429e-01  -6.3051843e-02
  -3.1322044e-01   4.8943308e-01
  -4.0914440e-01   5.8799152e-01
   1.3083379e-01  -6.9511288e-02
   4.1935842e-01  -4.0956974e-01
   2.1951969e+00  -3.0138326e+00
   2.7365000e-02   7.2410146e-02
  -5.9066484e-01   7.9337173e-01
  -2.9505988e-01   4.6190499e-01
  -4.2903035e-01   6.1756935e-01
   7.2366928e-01  -8.2801965e-01
   2.1861952e-01  -1.7516830e-01
   2.4769357e+00  -3.4501047e+00
  -1.1790647e-01   2.8064138e-01
  -4.8474239e-01   6.8654484e-01
   1.2734855e-01  -4.7301137e-02
   1.2663576e-01  -4.0680296e-02
  -5.4050072e-01   7.4716964e-01
   5.5378227e-01  -6.0627545e-01
  -3.2398709e-01   4.9834192e-01
  -4.9421622e-01   6.8963935e-01
  -2.7090890e-01   4.4315099e-01
   1.9066981e-01  -1.4384199e-01
  -5.3063749e-01   7.3828717e-01
  -7.5246985e-02   2.0735108e-01
   5.3164812e-01  -5.6222195e-01
  -2.1733406e-01   3.8511279e-01
   1.5362680e-01  -6.3016421e-02
   2.2842081e-01  -1.9103451e-01
  -9.2115018e-02   2.1360896e-01
  -1.2190802e-01   2.6728028e-01
   5.6338340e-01  -6.1248460e-01
  -4.0990968e-01   5.9735602e-01
   4.2432525e-01  -4.3414053e-01
  -6.3441651e-01   8.4081701e-01
   2.4948455e-01  -1.8824146e-01
   4.3079682e-01  -4.2545687e-01
   1.5506847e-01  -9.6113930e-02
  -4.9441694e-01   6.9447615e-01
  -1.0329862e-01   2.3824384e-01
  -1.7399759e-01   3.2131204e-01
  -2.5488165e-01   4.0080464e-01
   2.2277385e-01  -1.4979909e-01
   2.2889327e-02   8.5201770e-02
   3.7071917e-01  -3.5788376e-01
  -5.0214890e-01   7.0336476e-01
   4.9257029e-02   3.2132640e-02
   3.0485779e-01  -2.8182269e-01
  -4.2953651e-01   5.9825064e-01
   3.7923091e-01  -3.5894259e-01
   8.7877952e-02   2.3932440e-04
   6.7033845e-01  -7.6712512e-01
  -1.8354389e-01   3.3300525e-01
   2.0016246e-01  -1.3620281e-01
  -7.7619830e-02   2.1636444e-01
  -2.7550732e-01   4.4537104e-01
   2.3507416e-01  -1.8035882e-01
   1.3622129e-01  -4.9592575e-02
   7.0153466e-01  -8.1573234e-01
  -5.9941670e-01   8.0404527e-01
   1.7018636e-02   8.6644584e-02
   1.6951315e-01  -1.0201352e-01
  -2.5283352e-01   3.9334359e-01
  -4.7789710e-01   6.6962384e-01
   1.5865155e+00  -2.0801571e+00
  -2.2788757e-01   3.7233222e-01
  -1.4310251e-01   2.8591455e-01
   3.2669526e-01  -3.1283483e-01
  -2.2280229e-01   3.8793883e-01
   2.1043138e-01  -1.6163270e-01
  -6.6034329e-01   8.8363975e-01
  -5.3959821e-01   7.4683027e-01
   1.7820304e-01  -1.0804911e-01
  -3.9842050e-01   5.7888206e-01
  -3.7596359e-01   5.7824621e-01
  -3.1274601e+00   2.8005042e+00
   3.3044318e-01  -3.1479786e-01
  -1.1494416e+00   1.3694064e+00
  -1.3792823e-01   2.6895080e-01
  -3.7095842e-01   5.3435736e-01
  -3.5398584e-01   5.2596388e-01
  -2.7022519e-02   1.4583691e-01
   3.9407222e-01  -4.0103682e-01
  -9.8510940e-01   1.1995385e+00
   5.5077716e-01  -5.8793587e-01
  -4.1431916e-01   5.9128444e-01
  -6.3432070e-01   8.3501815e-01
  -2.0376501e-01   3.5825475e-01
   2.7403094e-01  -2.3776295e-01
  -4.4192804e-01   6.4448659e-01
  -4.7303243e-01   6.6577410e-01
  -4.8608977e-01   6.6896527e-01
  -4.7990256e-01   6.8358821e-01
   2.4181341e-01  -1.9058502e-01
   1.5788962e-01  -9.0169237e-02
   3.6585736e-01  -3.6080353e-01
   1.6198517e-01  -9.0213784e-02
   2.0253212e-01  -1.3232171e-01
  -3.9108061e-01   5.7539242e-01
  -6.2914802e-03   1.1172735e-01
   2.0688041e-01  -1.5153645e-01
  -3.4804869e-01   5.0674240e-01
  -4.8208300e-01   6.6632981e-01
  -6.9156945e+00   2.5924994e+00
   2.1923563e-01  -1.7049718e-01
   4.7279600e-01  -5.1008062e-01
   3.2678697e-01  -2.9860648e-01
   2.8358376e-01  -2.5871245e-01
   1.0035522e-03   1.1607067e-01
  -8.7113643e-01   1.1103968e+00
  -2.6878959e-02   1.4370256e-01
  -1.2339617e-01   2.6272182e-01
  -2.7836491e-01   4.3204082e-01
  -3.7000366e-01   5.4875878e-01
   5.8197937e-01  -6.4483140e-01
  -3.5114367e-01   5.2122982e-01
  -3.0431176e-01   4.6246274e-01
  -2.6035433e-01   4.4613243e-01
  -5.9335256e-01   7.9661950e-01
   6.6689533e-01  -7.5939537e-01
   4.7882363e-01  -5.0271942e-01
  -1.2003052e-01   2.2917755e-01
  -2.7655968e-01   4.4511772e-01
   2.6910113e+00  -3.8016280e+00
  -1.2655140e-01   2.5851979e-01
  -6.5586422e-01   8.6691137e-01
   6.9551463e-01  -7.7322000e-01
   3.6826615e-01  -3.6689063e-01
   2.5928048e-01  -2.1702336e-01
   2.1074587e+00  -2.8814677e+00
  -2.0666385e-01   3.7778127e-01
  -1.0086609e+00   1.2417528e+00
  -2.4035125e+00   2.3890941e+00
  -2.1268255e+00   2.2053087e+00
  -4.6517163e-01   6.5901884e-01
  -5.8831366e-01   7.9200330e-01
  -1.4399549e+00   1.6434331e+00
  -3.8271122e-01   5.6525047e-01
   1.9842501e-01  -1.2873613e-01
  -2.4877607e-01   4.1340683e-01
  -3.2324681e-01   5.1344458e-01
   1.4884499e-01  -6.6936412e-02
  -4.7493672e-01   6.9460386e-01
   9.9670578e-02  -1.2944881e-02
   2.9265161e-01  -2.5414239e-01
  -1.2505271e+00   1.4678975e+00
   4.1807251e-01  -4.2440805e-01
   3.3811155e-01  -3.1969794e-01
   1.5474125e-01  -8.8022918e-02
   6.4887330e-01  -7.4157478e-01
  -1.6528047e-01   3.0851930e-01
   2.7481834e-01  -2.5131108e-01
   7.9336249e-02   1.7215233e-02
   2.4475529e-01  -2.0465039e-01
   3.5044459e-01  -3.2562741e-01
  -1.9060374e-01   3.3220319e-01
   8.6465283e-04   9.8305999e-02
   2.5105553e-03   1.1137694e-01
   1.8545338e-01  -1.2052301e-01
   5.9395461e-01  -6.5761575e-01
  -5.7304620e-01   7.8434942e-01
   4.2207708e-01  -4.3436110e-01
  -3.5597989e-01   5.3017332e-01
  -1.2734358e-01   2.4352093e-01
   4.6335746e-02   5.1022893e-02
  -4.1064184e-01   5.9235507e-01
   3.9726415e-01  -4.1013010e-01
   6.2246374e-01  -6.7580241e-01
  -3.2782712e-01   4.9174806e-01
  -2.2260515e+00   2.2788504e+00
   8.7986717e-02  -6.0424284e-04
  -1.3486097e+00   1.5521177e+00
  -5.0547527e-01   6.9806266e-01
   1.3362571e-01  -5.5530785e-02
  -1.2710064e-01   2.7295765e-01
  -6.0301575e-01   8.0436800e-01
   1.8137865e-01  -1.2804946e-01
  -2.8855423e-01   4.5088677e-01
   6.6779723e-01  -7.5449645e-01
   3.1938661e+00  -4.6025829e+00
   2.5735580e-01  -2.1532397e-01
  -4.4764854e-01   6.3158777e-01
   1.4757032e-01  -6.6050348e-02
  -7.1028725e-01   9.2175409e-01
  -1.4283990e-01   2.8305731e-01
  -4.1197238e-01   5.9309078e-01
   6.8686121e-01  -7.6776445e-01
  -2.4528964e-01   4.0572467e-01
   3.1160356e+00  -4.4713617e+00
   2.1653619e-01  -1.5984683e-01
  -6.2395716e+00   2.9324380e+00
   2.6424680e-02   8.1162177e-02
   3.2762477e-01  -3.1286247e-01
   5.7033813e-01  -6.4473448e-01
  -6.6959074e-02   2.1329202e-01
   7.9003453e-01  -9.2101433e-01
   2.8790799e+00  -4.1055379e+00
   4.9269356e-01  -5.4180837e-01
  -5.2126490e-01   7.1375386e-01
   1.3310135e-01  -5.5491842e-02
   2.5580824e+00  -3.5831287e+00
  -6.3957293e+00   2.8664075e+00
   1.8258812e-01  -1.1687416e-01
  -1.0457528e-01   2.3963708e-01
   1.1446090e+00  -1.4268353e+00
   2.4387006e-01  -2.1053323e-01
   5.9124654e-01  -6.3430327e-01
   6.0595480e-01  -6.7280391e-01
  -2.3911230e-02   1.3888325e-01
   1.1464800e+00  -1.4368694e+00
   6.7430235e-01  -7.5799898e-01
   1.7327937e+00  -2.3185913e+00
  -4.8394612e-01   6.8665543e-01
   1.3566436e-01  -5.3554319e-02
  -3.6033742e-01   5.3733177e-01
  -3.1029341e-01   4.7996488e-01
   1.4844011e-01  -6.1568038e-02
  -5.3234126e-01   7.3378742e-01
  -1.8085951e-01   3.2937506e-01
   5.7527981e-01  -6.3525116e-01
  -4.5308514e-01   6.5262494e-01
   1.9861232e-01  -1.2967543e-01
   2.6932386e-01  -2.2394196e-01
   6.1097621e-01  -6.9173140e-01
  -3.6326678e-01   5.2727148e-01
   5.8762426e-01  -6.4679477e-01
   5.8898291e-02   3.9316318e-02
   3.1261934e-01  -2.8581509e-01
   1.1200878e-01  -8.2157588e-03
   6.2574960e-01  -6.9393378e-01
   2.2166684e-01  -1.5809639e-01
   3.0910956e-01  -2.9060438e-01
  -4.1847269e-01   6.0386830e-01
  -4.0015661e-01   5.8234586e-01
   6.7794987e-01  -7.7114704e-01
   3.1186571e-02   5.3015299e-02
  -3.6841644e-02   1.6521882e-01
   1.6576433e-01  -1.0564591e-01
   3.4462991e-01  -3.2402852e-01
  -1.1772072e+00   1.4032235e+00
  -8.4324478e-01   1.0671057e+00
   2.8880401e+00  -4.0973286e+00
  -2.9603000e-01   4.6442231e-01
  -4.1090880e-03   1.2142425e-01
   6.1396950e-01  -6.9649445e-01
   6.6381544e-01  -7.5367085e-01
   6.6346862e-01  -7.5422668e-01
  -2.9432223e-01   4.4771426e-01
   7.5858138e-02   1.6889988e-02
  -2.2908116e-01   3.8327027e-01
  -6.2069562e-01   8.2650833e-01
  -7.0379606e-02   2.0272269e-01
   1.8582437e-01  -1.1477973e-01
   1.1102044e-01  -2.5618773e-02
   2.9625588e-01  -2.4907374e-01
  -8.2991448e-01   1.0569471e+00
  -1.5228911e-01   3.0949678e-01
   9.4304277e-02  -9.6628299e-03
   3.5583297e-01  -3.4326702e-01
   4.8283258e-01  -4.8920150e-01
   5.1467942e-01  -5.4616989e-01
   6.0402741e-02   5.0679830e-02
   1.9493580e-01  -1.4386303e-01
  -3.8258856e-01   5.5102535e-01
  -1.1337288e-01   2.3729566e-01
   2.4249252e-01  -1.8518926e-01
   1.8231662e-01  -1.1779013e-01
  -7.6754013e-01   9.8951568e-01
  -8.3126337e-02   2.0584906e-01
   2.1683194e-02   9.3044560e-02
   2.8945540e-01  -2.5122145e-01
   6.8017939e-01  -7.7753572e-01
   3.4466271e-01  -3.2787391e-01
   2.5818885e-01  -2.1554389e-01
   2.5213175e-01  -2.0549423e-01
  -5.7760050e-03   1.2457039e-01
   4.1532779e-01  -4.2387761e-01
   2.7372216e-01  -2.5045931e-01
  -1.1670039e+00   1.3941195e+00
   7.8513998e-01  -9.2283937e-01
   4.2699839e-01  -4.4100637e-01
  -9.1738045e-02   2.1176346e-01
  -1.4207655e-01   2.8010280e-01
   7.4643707e-01  -8.5739090e-01
   5.2526728e-02   5.1397502e-02
   1.2462434e+00  -1.5788634e+00
  -6.6059202e-01   8.7914763e-01
   7.9897668e-01  -9.4093416e-01
   6.7017037e-01  -7.7088423e-01
  -5.5923631e+00   3.1259349e+00
   6.7333217e-01  -7.7188994e-01
  -3.7705562e-01   5.6271300e-01
   3.4644056e-01  -3.3467934e-01
   5.7246071e-01  -6.2903525e-01
   4.3160627e-01  -4.5055663e-01
  -4.6664582e-01   6.5095327e-01
   1.1663919e-01  -4.0903889e-02
  -3.9287129e-02   1.5180450e-01
  -4.1517718e+00   3.1521710e+00
   1.8212448e-01  -1.2942065e-01
  -8.0024323e-03   1.1325402e-01
  -9.4138385e-01   1.1706470e+00
  -9.5809032e-02   2.2394280e-01
  -4.0700210e-01   5.8232691e-01
  -1.4894246e+00   1.6843012e+00
  -4.2037534e-01   5.8737507e-01
   4.1727716e-01  -4.3550283e-01
   1.3801619e-01  -7.9563031e-02
   6.6701073e-01  -7.4799126e-01
   2.1318401e-01  -1.5063688e-01
  -2.9418426e-01   4.8098239e-01
  -3.5022819e-02   1.4308498e-01
  -5.1824190e-01   7.1403217e-01
  -1.4705434e-02   1.3142481e-01
   4.9356432e-01  -5.2038112e-01
   7.7700252e-01  -9.0642436e-01
   8.8286441e-02  -3.3200575e-03
   3.2125272e-01  -3.0609522e-01
   1.4236692e-01  -8.4292443e-02
  -1.0966590e-01   2.3879101e-01
   4.8283755e-01  -5.0444795e-01
  -1.8317100e-01   3.2683508e-01
   1.3372028e+00  -1.7125769e+00
   1.5120167e-01  -7.2950210e-02
   2.3558264e-01  -1.8855538e-01
  -2.5041959e-02   1.4361154e-01
  -1.8133604e-01   3.1587114e-01
   2.9376598e-01  -2.6630929e-01
   7.2290495e-01  -8.2517513e-01
  -6.3326729e-01   8.3354657e-01
  -1.7152701e-01   3.2002788e-01
  -2.6861464e+00   2.5650437e+00
   2.2025721e-01  -1.5479852e-01
  -7.0684650e-01   9.2597467e-01
   3.5965887e-01  -3.5240215e-01
   1.2045790e-01  -2.5641043e-02
   1.6018959e-01  -7.5095771e-02
   1.5216239e-01  -9.7753388e-02
  -2.3262715e-01   3.9401790e-01
  -3.9029342e-01   5.7340081e-01
  -2.3542380e-01   3.9277161e-01
   1.4524225e-01  -7.8022362e-02
  -4.4689096e-01   6.3943811e-01
  -6.7221896e+00   2.6968689e+00
  -8.0342907e-01   1.0264389e+00
   5.9279113e-01  -6.6143022e-01
   1.6792473e-01  -9.6672244e-02
   9.2353147e-02  -7.5001409e-04
  -6.6830049e-01   8.9229195e-01
   7.0656127e-01  -8.1032351e-01
  -2.9239895e-01   4.5595636e-01
  -1.0454258e-01   2.3045187e-01
  -1.2741562e-01   2.5856557e-01
  -2.5039623e-01   4.0994549e-01
   1.1582733e-01  -2.5955469e-02
  -7.9540492e-02   1.9748982e-01
  -4.3311559e-01   6.2718978e-01
  -5.5467391e-01   7.4045939e-01
  -2.6281316e-01   4.1627365e-01
  -1.4803462e-01   2.9557241e-01
   1.1066883e-02   9.2598181e-02
   6.9466160e-01  -7.8604921e-01
  -1.8209984e+00   1.9588938e+00
  -7.1744030e-01   9.2521857e-01
   7.6122682e-01  -8.8622584e-01
   2.6741852e-01  -2.3377101e-01
  -3.5705720e-01   5.3677343e-01
  -1.9911823e-01   3.5572359e-01
   3.1375815e-01  -2.8777379e-01
  -3.7513448e-01   5.6811745e-01
   4.7774548e-01  -4.9731889e-01
   6.5360974e-01  -7.4010086e-01
  -4.6376403e-01   6.7190476e-01
  -1.3462255e-01   2.5923566e-01
   1.4008935e-01  -5.5552278e-02
  -1.4084296e-01   2.7568156e-01
  -3.5141448e-01   5.2113197e-01
  -2.2071047e-01   4.0384487e-01
   6.8993319e-01  -7.7353667e-01
   3.6993616e-01  -3.4871822e-01
   2.7580999e-01  -2.4415158e-01
  -3.3238736e-01   5.0675163e-01
  -1.3368078e-01   2.8023050e-01
  -5.2028528e-01   7.1778298e-01
  -3.4291836e-02   1.5483117e-01
  -1.0010906e-02   1.1452466e-01
  -5.1270430e-01   7.0531871e-01
   6.0665143e-01  -6.5810326e-01
  -1.6463035e-01   2.8339434e-01
  -2.2357486e-01   3.8360067e-01
   1.5169831e-01  -9.1074764e-02
   6.9402214e-01  -7.9616986e-01
  -5.0452526e+00   3.2005658e+00
   3.0005745e+00  -4.2832445e+00
   5.2791704e-01  -5.5775248e-01
  -3.0460759e-01   4.8080420e-01
   6.4479740e-01  -7.1964220e-01
   6.0084161e-01  -6.7282238e-01
   6.9910373e-02   3.7200323e-02
  -5.2951089e-01   7.1263562e-01
  -4.6400115e-01   6.5105502e-01
   2.3042902e+00  -3.1798836e+00
  -1.0537942e+00   1.2786685e+00
  -4.3951048e-01   6.2785666e-01
   4.2884734e-02   5.4843856e-02
   4.4911322e-01  -4.5669238e-01
   5.4509281e-01  -6.0460701e-01
   5.7618924e-01  -6.5210357e-01
   7.3642140e-02   3.4457895e-02
   9.5507816e-01  -1.1640114e+00
   6.9235455e-01  -7.8453891e-01
   3.6679491e-01  -3.5487863e-01
   9.1826151e-02   1.3085298e-03
  -5.9189661e-01   7.9830093e-01
  -1.6822665e-01   3.2499719e-01
  -1.1457317e+00   1.3663053e+00
   1.8522502e-01  -1.2759288e-01
  -1.9316275e-01   3.3585135e-01
  -2.7328886e-01   4.4932797e-01
  -6.7883967e-01   8.8549932e-01
   8.0137057e-02  -6.2033347e-03
  -2.6494217e-01   4.2679590e-01
  -8.2355007e-01   1.0524264e+00
   2.7171633e-01  -2.3418757e-01
  -2.8793862e-01   4.5351735e-01
  -3.3583660e-01   5.1567294e-01
  -2.5538512e-01   4.1215584e-01
  -3.6828174e-01   5.4625408e-01
  -1.6555387e-01   3.1222049e-01
  -6.9476781e-01   9.1721491e-01
  -3.6575472e-02   1.4668933e-01
  -4.2840020e-01   6.3056492e-01
  -8.8371345e-01   1.1033979e+00
   6.5646295e-01  -7.4029591e-01
   2.0826378e-01  -1.6437787e-01
  -5.2910921e-01   7.4597949e-01
  -4.5194694e-01   6.4605287e-01
   3.5702029e-01  -3.5242204e-01
  -2.8399789e-01   4.5227960e-01
  -5.7951530e-01   7.7758107e-01
   7.0776622e-01  -8.0621823e-01
  -6.0959029e-02   1.7329170e-01
  -6.5809841e+00   2.7821545e+00
  -4.1485319e-01   6.0241728e-01
   2.2064783e-01  -1.5174237e-01
  -4.1438155e-01   6.0973354e-01
   3.2811565e-01  -3.1089166e-01
   7.6663969e-02   3.1003717e-02
   5.9674234e-01  -6.7692404e-01
  -2.5632518e-01   4.4735661e-01
  -1.8098525e-01   3.2623995e-01
  -3.2563866e-02   1.4417955e-01
  -1.9178920e-01   3.3427988e-01
   6.4945802e-01  -7.3278508e-01
   3.4896372e-02   7.8002500e-02
  -2.5427471e-01   4.0943071e-01
   8.2385969e-02   4.9615652e-03
   2.4242711e-01  -1.9568875e-01
   1.6491499e-01  -1.0266370e-01
  -4.4700855e-01   6.4357983e-01
   1.9975674e-01  -1.4551703e-01
   7.1209768e-01  -8.1606226e-01
   1.4988208e-01  -8.0173597e-02
  -1.1308866e-01   2.3751096e-01
  -7.5372629e-01   9.7518703e-01
  -2.7998284e-01   4.6285512e-01
  -2.0581820e-01   3.5144593e-01
   1.8692714e-01  -1.2967900e-01
   3.5756794e-01  -3.2923035e-01
   6.7934761e-01  -7.7554764e-01
   6.0061046e-01  -6.5878226e-01
  -7.7636346e-01   9.9132586e-01
  -3.3811923e-01   5.1147750e-01
  -2.3119893e-01   3.8817189e-01
   5.9169088e-01  -6.4139652e-01
  -5.9357734e-01   8.0115676e-01
   3.1956255e-01  -3.0573087e-01
   6.9076081e-01  -7.8853613e-01
   8.1710851e-01  -9.6130169e-01
   2.9648303e-01  -2.5375049e-01
   2.7041977e-01  -2.4429571e-01
   5.1444211e-01  -5.4682900e-01
   3.3436560e-01  -3.1195748e-01
  -3.9078768e-01   5.4597323e-01
  -3.3569436e-01   5.1499045e-01
   3.2594450e-01  -3.2088528e-01
  -1.0832427e+00   1.3104867e+00
  -1.9254800e-01   3.5397031e-01
   6.5091511e-01  -7.4699429e-01
  -3.5901533e-01   5.5312028e-01
   5.5137604e-01  -6.1445208e-01
   4.2787235e-01  -4.4562808e-01
  -4.5801969e-01   6.4324472e-01
   3.4703905e-01  -3.2826704e-01
  -2.8725414e-02   1.3180863e-01
   1.4315745e-01  -6.4349920e-02
   6.6010702e-02   3.4484841e-02
   3.2095268e-01  -2.8611429e-01
  -4.9103391e-01   6.7942490e-01
   1.6563425e-01  -9.1576068e-02
   6.3005117e-01  -7.0466277e-01
  -8.3844483e-01   1.0580780e+00
   2.6047005e+00  -3.6718397e+00
  -6.5589081e-01   8.5595182e-01
   2.6662193e+00  -3.7544484e+00
