  -8.7253976e-02  -1.0079594e+00
   3.5474979e-01   8.9275118e-01
  -2.3854949e-01   5.3611086e-01
  -7.6632003e-02  -8.0075887e-01
   1.3345586e+00   6.4879529e-01
   8.6410129e-01   1.5461053e-01
   3.4804840e-01  -6.7707207e-01
   1.4197308e+00   3.5867440e-01
   1.2662991e+00   3.6205893e-02
  -1.1162385e+00   1.4151549e+00
   1.3693181e+00   4.9750270e-01
   4.5330428e-01  -6.7539635e-01
   9.8874692e-01   1.0420999e+00
   5.6739045e-01   1.5962159e+00
   1.3925076e+00   7.0286748e-01
   5.6630784e-01   1.3431498e+00
   8.7583499e-01  -5.7609353e-01
   1.1259685e+00   1.1960229e+00
   6.9534207e-01  -7.3930771e-01
   1.2474866e+00   5.7933874e-01
   9.4200307e-01   6.5230964e-01
  -3.1202294e-01  -1.7372264e-01
   1.4232920e+00   3.4289790e-01
   1.3233126e+00   5.4935154e-01
  -1.3896359e+00  -1.0679918e+00
   2.3762216e-01   1.5356125e+00
  -7.4140512e-01  -5.1656854e-01
   4.4251615e-01  -2.9433839e-01
   4.4224839e-01   1.3863141e+00
  -4.4310195e-01   2.5642790e-01
   1.0402741e+00  -3.1035582e-01
   7.5523597e-01   1.4684700e+00
   1.0659141e+00  -4.7195683e-01
  -2.2832266e-01   3.3480969e-01
  -5.3241713e-01  -1.2392939e+00
   1.0216405e+00   2.6572322e-01
  -5.0328824e-01  -6.6051122e-02
   1.4089240e+00   4.8165634e-01
  -4.5373669e-02  -1.0704908e+00
   1.3741388e-01  -2.7036004e-01
   7.6124882e-01   1.2380772e+00
   1.2611277e+00   7.7776083e-01
   3.4580667e-01  -9.9312467e-01
  -6.9201422e-01   8.8749371e-01
   9.8585006e-02  -9.7255913e-01
  -1.0779415e+00  -8.8780638e-01
   1.4217767e+00   1.4196071e-01
  -8.9024105e-01  -1.3881228e+00
  -1.0845722e+00  -1.3578389e+00
   1.3948867e+00   2.1699103e-01
   5.9819753e-01   1.0933166e+00
  -3.7647618e-01  -3.7117187e-01
   7.9950767e-01   1.1420435e+00
  -4.1852090e-01  -1.1527926e+00
   5.3147943e-01  -6.8754922e-01
  -1.7637496e+00   1.4782931e+00
   1.7727901e+00   8.3523017e-01
  -3.6648396e-01   1.5423709e-01
  -5.0361888e-02  -1.2328243e+00
   1.7597867e-01  -8.7927572e-01
   1.1833064e-01   1.5323313e+00
  -1.5576739e+00  -1.1826789e+00
  -2.1687921e-01  -1.0922145e+00
   2.4450207e-01  -8.4585561e-01
  -9.4471483e-01   1.3600856e+00
   1.1943825e+00   6.5657760e-01
  -1.3694604e+00  -1.4771791e+00
   6.8058896e-01   1.3166464e+00
   1.8754952e-01  -9.1258079e-01
  -7.0846421e-01  -2.7420885e-01
   3.4276769e-02   5.9631382e-01
   1.3745673e+00   1.1004077e-01
  -6.0564358e-02  -9.8699015e-01
  -4.7573237e-01   8.1270084e-01
   1.9183795e-01   8.5625304e-01
  -2.1878792e+00  -1.8064305e+00
   5.9945148e-01  -6.6345181e-01
  -9.3380596e-01  -1.4000374e+00
   4.0694221e-01  -7.9168247e-01
  -4.9368518e-01  -4.7128117e-02
   1.3532324e+00   3.9967625e-01
  -5.5327456e-01   1.4119218e+00
  -4.0199477e-01   1.6015527e+00
  -1.9327182e+00   1.6023751e+00
  -5.1570787e-01   7.8380851e-01
  -1.2789674e-01   9.0888460e-01
  -3.5899400e-01  -9.9108798e-01
  -1.4215883e+00   1.5333360e+00
   9.4336743e-02   1.5927119e+00
  -2.0671968e+00  -1.2229648e+00
   7.4674079e-02  -7.5734866e-01
   1.5203166e-01  -7.9688112e-03
  -1.2448519e+00  -1.1455753e+00
  -8.5509356e-01  -6.4700781e-01
   1.1349444e+00   9.9449283e-01
  -4.9588748e-01  -2.5317555e-01
   6.9856923e-01  -5.6390728e-01
  -2.0335256e-01  -7.1368030e-01
   5.8982995e-01   1.0800603e+00
   2.1875026e-01  -1.0701119e+00
   7.5362617e-01  -6.0142919e-01
  -1.8363059e-01  -1.1324153e+00
   9.0315627e-02   2.9424426e-01
   1.3366373e+00   6.3018190e-01
   9.6164280e-01  -4.1126215e-01
  -6.6906561e-01  -6.4454477e-01
   2.4694212e-01  -7.8689676e-01
   8.0111367e-01   9.1268387e-01
   8.0552083e-01  -1.6841432e-01
  -1.7678298e+00  -1.1052230e+00
   2.9993913e-01  -4.0444897e-01
   1.3980721e+00   2.7414554e-01
   3.9062000e-02   2.6394468e-01
   6.9409041e-01   1.2747114e+00
  -6.7630006e-01  -8.5322509e-01
   1.0692912e+00  -2.2755739e-01
   7.1371352e-01   1.1549626e+00
  -2.7553617e-01   1.5261337e+00
  -1.8551306e-01  -1.0216950e+00
   3.8738089e-01   1.4516853e+00
  -5.3444462e-01  -1.1679509e+00
  -1.9259437e+00  -1.0740225e+00
  -1.3404819e+00   1.3092405e+00
  -5.8120254e-01   8.9898974e-01
   4.3104823e-01   1.3985854e+00
   1.1015052e+00   8.8210155e-01
  -9.0238929e-01  -1.4291650e+00
   6.9832475e-01   2.7724649e-01
   1.7169870e+00   4.1711398e-01
   1.3354394e+00  -2.4402596e-01
   1.2254736e+00   3.9028970e-01
   1.2877084e+00  -6.1148432e-02
   5.5760502e-01   1.1443061e+00
  -1.0915864e-01   1.5636244e+00
  -2.6054412e+00   1.5710668e+00
  -8.4756484e-01   1.0386350e+00
   4.8692201e-01  -7.0277332e-01
   7.2129120e-01   1.4649695e+00
   9.9313145e-01  -4.4883428e-01
  -5.9407592e-01   1.2208518e+00
  -1.2341642e+00   1.2020649e+00
   1.0229739e+00   7.6924736e-01
   7.7462400e-01   1.2644997e+00
  -5.2541056e-01  -5.0629667e-01
   7.3905025e-02   2.3101037e-02
  -3.2000272e+00  -1.8452632e+00
   5.2168464e-01   1.2506079e+00
   1.6287016e+00   3.7439787e-01
   9.8527081e-01  -2.7747108e-01
  -1.2079513e+00  -1.0753057e+00
   7.8804138e-01   1.5169201e+00
   4.9952795e-01   1.3632452e+00
   5.1870261e-01  -7.0930236e-01
  -1.8249851e+00  -1.2031379e+00
   3.8476134e-01  -5.3289939e-01
  -1.6585417e+00   1.5712390e+00
  -4.7358578e-01  -1.1800191e+00
   1.1843305e-01   1.5500053e+00
   9.1050473e-01   9.5283242e-01
   1.0404127e-01   1.5965051e+00
  -2.7541961e-01   5.3501337e-01
   1.5324475e+00   1.0904421e-01
  -5.9928203e-01  -3.6997487e-01
  -6.7005126e-01  -1.3488178e+00
   8.7197197e-01  -4.3223095e-01
  -6.9669547e-02   1.1545928e+00
   3.6493581e-01  -7.4458689e-01
  -1.0458099e+00   1.1147164e+00
   1.6255416e+00   6.3983144e-02
   1.1197394e+00   9.7115823e-01
   2.6127148e-02  -2.2710312e-01
  -1.4467128e+00  -1.3920959e+00
  -8.6194107e-01   1.0776471e+00
  -1.5966456e-01  -7.6783462e-01
   1.7985470e-01   1.6138768e+00
   9.6510128e-01   8.2641084e-01
  -5.1446530e-01   1.3389608e+00
  -1.6432819e+00  -1.2108074e+00
   3.2540621e-01   1.0315386e+00
   1.3184043e+00   1.0455352e+00
  -1.0232440e+00   1.2846703e+00
  -5.8917584e-01   1.5526865e+00
   5.7054831e-01  -6.6897771e-01
   1.0819659e+00  -1.0049147e-01
   8.8632936e-01   1.2083893e+00
  -6.2540037e-01  -6.4940932e-01
  -1.8497237e+00  -1.2016854e+00
  -1.2721298e+00   1.5422597e+00
   8.5957565e-01   1.0300426e+00
  -5.2684056e-01   8.1827279e-01
   1.6788236e-01   1.5056774e+00
  -2.3031672e+00  -1.4330150e+00
  -7.2882943e-02  -1.0511426e-01
   7.2204171e-01   1.2458048e+00
  -7.7699596e-01  -6.0306570e-01
   5.1413375e-01   1.5587570e+00
   3.8237751e-01  -8.4841882e-01
   1.2602606e+00   7.3761846e-01
  -1.5359167e+00  -1.1578945e+00
   1.3522211e+00   7.1744749e-01
   8.2651290e-01   1.1731682e+00
   4.1754125e-01  -7.2962362e-01
   3.1348287e-01  -8.1439285e-01
  -5.1299524e-01   4.5790915e-02
   5.6211402e-01  -6.7542166e-01
  -1.6077414e+00  -1.1013591e+00
   5.7796674e-01   6.5155435e-01
  -5.0116649e-01  -8.5833133e-01
   1.3154725e-01  -1.1232864e+00
  -2.5718459e-03  -9.5013983e-01
   1.0838318e+00  -4.2272131e-01
   4.6703709e-02   1.2481430e-01
  -1.4493055e-01  -1.0317808e+00
  -3.6769902e-01  -1.1345384e+00
   4.6745544e-01   1.6084697e+00
  -1.1300180e+00  -1.3365716e+00
   1.4551937e-01   1.2605533e+00
  -3.1612541e+00  -1.8708638e+00
   1.3472954e-01   1.6007074e+00
  -5.7625513e-02   7.0614764e-01
   1.1520904e+00  -2.2976093e-01
   8.5163610e-02  -7.2102535e-01
  -5.7784008e-01  -1.2214824e+00
  -6.5657980e-01   1.0272745e+00
  -9.8593553e-01   1.6121623e+00
  -3.4293293e-01  -1.1710641e+00
  -5.7578986e-01  -1.2583648e+00
  -1.8724395e-01   2.3467332e-01
  -5.1432383e-01  -4.1952761e-01
   9.2044068e-01  -4.2193726e-01
   3.4666954e-02  -9.4076152e-01
  -3.7310248e-01  -8.4915093e-01
   9.2723446e-01   3.9449409e-01
  -1.8815200e+00  -1.7427948e+00
   7.4512837e-01  -2.3143218e-01
  -1.0677027e+00  -1.3450887e+00
  -2.2862722e+00  -1.6213778e+00
  -8.9437271e-01  -1.0879874e+00
  -4.4504324e-01  -1.2020677e+00
   6.9076061e-01   1.2710085e+00
   4.3815874e-02  -9.6341478e-01
  -1.7916564e+00   1.6077084e+00
   9.1387815e-01   1.1560777e+00
   4.0196275e-02   1.6514590e+00
  -3.3555108e-01  -3.9299664e-01
   1.1211984e+00   5.9368477e-01
  -6.9171247e-01  -1.2953963e+00
   5.6066924e-01   4.5977421e-01
  -6.2699115e-01  -1.0841757e+00
  -1.3810005e-01  -1.0120214e+00
   8.4758905e-02  -9.8795238e-01
   1.3289731e+00   7.5460146e-01
  -1.2530030e+00  -1.3599940e+00
   1.0703492e-01  -8.7877051e-01
   1.2908175e+00   7.5366226e-01
   7.6175034e-01  -5.1669365e-01
  -2.9736037e-01  -1.1335258e+00
   4.1108045e-01  -1.7622172e-01
  -1.5288510e+00  -1.6466524e+00
  -1.0214910e+00  -1.3198526e+00
   1.4555381e+00   4.4961489e-01
   9.7020221e-01   2.3703562e-01
   6.8890303e-01  -6.5568756e-01
  -1.4406820e+00  -1.4553238e+00
   7.2204057e-01   1.2123810e+00
   6.2832153e-01   2.2462521e-01
   1.3750897e+00   3.9560844e-01
   7.9218685e-01  -2.3958692e-01
   1.5769664e-01  -1.0460636e+00
  -2.0576496e-01  -1.0971100e+00
   6.2141885e-01   1.2586831e+00
   8.2912447e-01   1.1688026e+00
  -1.0689954e+00  -1.4994108e+00
  -1.6357315e+00  -1.3279018e+00
   5.9409024e-01  -6.8516460e-01
  -1.7292613e-01  -4.8084770e-01
  -4.4768239e-01  -1.6016689e-01
   3.0811949e-01   1.4621932e+00
   1.6792001e+00   5.2557061e-01
   1.3883356e+00   8.2636318e-01
   1.3341833e+00   8.0709108e-01
  -2.5241184e+00  -1.5185889e+00
  -9.7873840e-01   1.6144483e+00
  -1.7852809e-01  -1.0756536e+00
   3.7740543e-01  -8.1310255e-01
   1.2156707e+00  -4.3341054e-01
   4.5011197e-02   1.6168801e+00
  -8.8763709e-01  -9.1940650e-01
   1.3243269e+00   1.0163062e-01
   6.1561286e-01   4.0305839e-01
  -9.0391618e-01  -1.4036030e+00
  -7.1839292e-01  -9.5739895e-01
   2.8036401e-02  -7.5350426e-01
  -1.0898216e+00  -1.5533512e+00
   2.7463365e-02   1.6074142e+00
   1.4723284e+00   8.2889246e-02
  -6.0869791e-01  -2.0200690e-01
   1.1466516e+00   8.8990844e-01
   1.1920770e+00  -2.8157407e-01
   3.7729418e-01   1.4001180e+00
   1.4982563e+00   3.5928200e-01
   2.0733414e-02  -9.4058592e-01
   1.4778224e+00   7.5994648e-01
  -2.6397181e-01  -4.0213350e-01
   8.0097239e-01   1.2030484e+00
  -8.3584527e-01  -1.3244472e+00
   1.4942715e+00   7.2266972e-01
  -7.0068018e-01  -1.3953845e+00
   1.3531076e+00  -6.2292437e-02
   1.0868793e-02  -6.2298202e-01
  -6.2297281e-01   1.4892844e+00
  -8.4959007e-01  -1.3419517e+00
   1.3029140e+00   1.1477791e+00
   1.6630576e+00   6.1907250e-01
   3.8510486e-01  -1.2480741e-01
  -1.2387232e+00  -9.6010097e-01
   4.4459872e-01  -6.6366400e-01
  -9.9215039e-01  -7.3448734e-01
  -8.6119989e-01  -4.7188788e-01
  -1.9996738e+00  -1.2040677e+00
   1.2294137e+00   7.2887901e-01
   1.1446422e+00  -2.2393111e-01
   5.4456540e-02   3.1350328e-01
   1.4610524e+00   4.7083404e-01
   1.8761136e-01   2.9010287e-01
   2.5274034e-01   1.5565161e+00
   1.4221343e+00   3.8998089e-01
   9.3454299e-01   1.1558414e+00
  -1.9000562e+00  -1.3259814e+00
  -8.4665833e-01   1.2137512e+00
   4.4967237e-01   1.3964666e+00
  -6.2178578e-01  -1.2623215e+00
  -3.3949847e-01   9.3698116e-01
  -4.9021137e-01  -1.1911811e+00
  -8.6401808e-01   9.0427733e-01
   4.8062200e-01  -7.4607927e-01
   1.1829598e-01  -5.2085404e-01
   3.7073744e-02   1.6308633e+00
   2.2882882e-02   1.6330312e+00
  -7.2722718e-01   8.2202090e-01
  -1.8401609e-01   1.3689530e+00
   5.9340126e-02  -8.0987317e-01
   1.1145525e+00  -1.0888158e+00
  -1.0649848e+00  -9.7041493e-01
  -1.8345247e+00  -1.2446947e+00
   2.7597203e-02   1.4941389e+00
  -7.0407960e-02   3.3580171e-01
   6.7435557e-01  -5.9953066e-01
  -1.6153749e+00  -1.0283302e+00
   1.6757515e+00   8.0708817e-01
   3.6641658e-01  -7.2023324e-01
  -1.0098009e-02   1.1791974e-01
  -2.4075239e+00  -1.3846012e+00
   1.1924599e+00   6.3564023e-01
  -1.5013655e+00  -1.5433067e+00
   9.9962894e-02   1.6207952e+00
  -2.7275806e-01  -1.1616205e+00
   8.9964089e-01   2.7488404e-01
   1.1700064e+00  -4.4347757e-01
  -8.0504473e-01   1.0526294e+00
  -1.1277813e+00  -1.0314582e+00
  -5.1833248e-01   1.4083825e+00
  -4.9833890e-02   1.6019563e+00
   3.9116345e-01   1.4380638e+00
  -1.0233035e-01  -3.9151211e-01
   1.6084109e+00   3.1302775e-01
  -3.1475389e-01   1.4736690e+00
   1.7787053e+00   7.0338092e-01
  -2.2769756e+00  -1.4029673e+00
   1.0838755e+00   7.2079089e-01
   4.0954544e-01   1.5751534e+00
   3.4352104e-01   1.4731763e+00
   1.0767870e+00   1.0114941e+00
  -2.0767350e+00   1.5686547e+00
   9.6298229e-01  -6.8994527e-01
  -4.1936228e-01   1.5239375e+00
   2.1850387e-01   1.5241138e+00
   8.0839546e-01  -2.8525674e-01
  -5.0017799e-01  -2.6609349e-02
   3.0162172e-01  -7.3450201e-01
   6.1100599e-01  -6.5413550e-01
   1.3383162e+00   1.6441339e-01
  -8.7610986e-01   1.3925790e+00
  -1.4887787e+00  -1.8102672e+00
  -1.4111346e+00  -9.4262728e-01
   4.8198679e-01  -3.1698310e-01
   4.6840711e-01  -7.4247745e-01
   3.0123790e-02  -6.7108547e-01
  -2.4774768e-01  -1.1207991e+00
   7.0084194e-01   1.2698883e+00
  -1.2666216e+00  -9.2527506e-01
  -2.0895345e+00   1.5677550e+00
  -2.5938023e-01  -6.3669605e-01
   5.6575608e-01   1.4302975e+00
   1.0739321e+00   1.2955831e+00
   3.6095132e-01   1.4070762e+00
  -3.1602838e+00  -1.8648919e+00
  -6.9136936e-01  -4.5174104e-01
  -2.4201372e-01  -5.1164481e-01
  -1.0917918e+00  -1.3797647e+00
   1.1215946e+00  -3.6601683e-01
   3.7295134e-01   1.5181756e+00
  -2.1785704e+00  -1.5733805e+00
  -9.3832024e-01   1.3189033e+00
  -1.2697678e+00  -1.4400999e+00
   3.7972387e-01   8.4248466e-02
   1.9971762e-01   1.6322894e+00
  -4.0153144e-01  -1.1849580e+00
  -5.2396984e-01  -2.6362033e-01
  -1.5036882e+00   4.8934444e-01
  -1.4968726e+00  -8.7130279e-01
   1.2230381e+00  -1.1019619e-01
  -4.2505559e-01  -7.6565628e-01
   6.7705945e-01   1.3018766e+00
  -2.8427554e-01  -1.0541298e+00
   4.5453628e-01   1.6412852e+00
   1.3373095e+00   4.2958521e-01
  -6.4311575e-01  -1.3331342e+00
   4.9248605e-01  -6.4979663e-01
   1.7072503e-01  -7.5391797e-01
  -3.8857265e-01  -1.1537929e+00
  -4.1626721e-01  -1.1903755e+00
  -2.8098354e-01  -7.1832746e-02
  -7.0145984e-02  -7.2952092e-01
  -3.8812405e-01   1.6325299e+00
  -9.6529174e-02  -7.5677583e-01
  -1.1223067e+00   1.5754581e+00
   1.1876769e-01   1.5981583e+00
  -4.1819805e-01  -4.9884300e-01
   3.4863684e-01  -8.0892951e-01
   7.5382047e-02  -1.0856317e+00
  -1.6674471e-02  -4.7701357e-01
   2.5803050e-03  -4.5482914e-02
  -2.2721689e+00  -1.4429586e+00
   1.4109732e+00  -1.9717670e-01
  -1.6007804e+00   1.6312777e+00
   1.1761087e+00  -4.7194964e-01
  -1.5247315e+00   1.5042792e+00
   9.0888612e-01  -3.9689966e-01
  -4.0554676e-02   1.5982191e+00
  -6.6011798e-02   1.5791055e+00
   9.9447461e-01  -3.3286803e-01
   1.2636392e+00   6.9744377e-01
  -3.7667983e-01  -2.0451083e-01
  -3.3154139e+00  -2.1587866e+00
   1.2048550e+00   4.8269341e-01
  -6.2992055e-01  -1.3054316e+00
   1.2577042e+00   6.6914933e-01
   1.3781600e+00   3.6831806e-01
   1.0162246e+00  -3.0698147e-01
   2.3283361e-01   1.6310545e+00
  -4.6919199e-01  -1.1378699e+00
  -1.4602782e+00  -1.3735788e+00
   1.2921711e+00   3.2708041e-03
   1.0826085e+00  -7.3786971e-03
  -6.8395053e-01  -1.2818086e+00
  -7.4155286e-01   1.4861585e+00
   4.7021559e-01  -7.4616467e-01
   6.1530987e-01   1.1522571e+00
   5.0834266e-01  -6.9000718e-01
  -1.0010802e+00   1.3160353e+00
   6.7954854e-01  -6.0156299e-01
   9.3040732e-01  -3.3307275e-01
  -5.0853975e-02   9.8116156e-01
  -1.1335586e+00  -8.2032439e-01
  -3.8908385e-01   5.7085224e-02
   1.2610064e+00  -3.8127344e-01
  -4.5217315e-01  -3.1864099e-01
  -7.5026456e-01  -6.7992515e-01
   8.5259502e-01  -3.2487114e-01
  -1.0017951e+00  -7.2819154e-01
  -7.0908136e-01   1.3819091e+00
   9.9934951e-01  -5.0550809e-01
  -8.4806315e-02  -7.9090486e-01
  -8.8225919e-02   1.6303637e+00
  -1.1566197e+00   1.4854067e+00
  -3.8167553e-01   7.0386121e-01
  -6.6686003e-02  -1.0124100e+00
   5.7232974e-01  -7.7334385e-01
  -1.1562427e+00  -9.1014908e-01
   5.5412614e-01   1.1596114e+00
  -3.6334068e-01   3.5416811e-01
   7.7947169e-01   1.4274488e+00
  -1.0060488e+00   1.0252060e+00
   2.1047515e-01  -8.6944988e-01
  -3.6786364e-01   2.3175326e-01
   9.8065864e-01   8.8836256e-01
  -7.8975947e-01  -8.4264802e-01
   1.4825367e+00   6.4476932e-01
   1.2437237e+00   8.6444482e-01
  -4.4465015e-01  -1.1659346e+00
   2.9307107e-01  -8.0029953e-01
  -1.3621087e+00  -9.2453291e-01
  -1.1251297e+00  -1.0621181e+00
   1.5497797e+00   5.8868988e-01
  -2.1854067e+00  -1.8494563e+00
  -4.1117739e-02  -3.9858006e-01
  -7.1123319e-01  -1.2676721e+00
   2.5772692e-01   4.4479400e-01
  -1.5133548e+00  -1.1196873e+00
  -2.3406204e-01  -6.1464206e-01
   1.3953200e-01   1.3729748e+00
  -1.9314449e+00  -1.4620629e+00
   1.5035184e+00  -1.5627018e-01
  -1.6711174e-01  -1.0727077e-01
   1.3401377e+00  -1.8762972e-01
   3.3441477e-01  -7.8560370e-01
   1.1648206e+00   8.2101551e-01
   1.3680126e+00   4.6433359e-01
   8.7930975e-01  -4.3966740e-01
   1.3220865e+00   4.8485180e-01
   8.0872424e-01   8.9555700e-01
   5.0644934e-01  -6.1266847e-01
   9.2738926e-01   1.9715526e-01
   4.4230180e-01  -4.9040072e-01
  -8.6087704e-01  -1.3404502e+00
   1.0722767e+00  -2.4260611e-01
   1.5095537e+00   5.4905644e-01
  -5.5411140e-01   8.7881373e-01
  -1.2853460e+00  -1.2693731e+00
   1.4233770e+00   4.6139599e-01
   1.2368668e+00  -2.2610602e-01
  -3.3492802e-01  -9.7677049e-01
  -6.8897057e-01  -1.2747891e+00
  -5.8522869e-01  -8.9545530e-01
   1.3193709e+00   3.7725499e-01
   3.9517199e-01   1.6462896e+00
  -1.2331034e+00  -1.5020866e+00
  -1.7956752e+00   1.3307577e+00
   1.4792141e-01   1.4874157e+00
  -1.2524582e-01  -1.0315201e+00
   3.2836553e-01   1.5804701e+00
   5.8259792e-02  -9.7847950e-01
   7.7400399e-01   3.2343727e-01
   1.2343587e+00   7.3584896e-01
   1.2470642e+00   7.5109245e-01
  -5.8953360e-01  -1.2486158e+00
   1.0661524e+00   1.2178571e+00
   1.0846909e+00   1.0142379e+00
  -1.3743839e+00  -1.3078459e+00
   1.1865947e+00   2.1556572e-02
  -4.0759526e-01   3.3823951e-01
  -1.0541843e+00   1.4669922e+00
  -1.6295895e-01  -8.7584118e-01
  -8.0139672e-01   1.6128691e+00
   1.0903548e+00  -2.0594840e-01
  -1.3839606e-01   7.3317901e-01
  -2.9760970e+00  -1.6170906e+00
  -9.9145328e-01  -1.3441800e+00
   7.6257483e-01  -6.1981623e-01
   1.4089580e-01  -5.2422696e-01
   3.5678134e-01   1.5146768e+00
   1.6122330e-01   1.6035570e+00
  -1.4371825e+00   1.6047930e+00
   1.4757109e+00   3.0742047e-01
   5.9324782e-02   1.5949831e+00
   1.5293442e-01   1.6191903e+00
   5.7517281e-01  -7.5535859e-01
  -3.5295336e-02   8.6749258e-01
  -4.5353211e-01  -1.0136021e+00
   8.8055982e-01   1.1855493e+00
   1.1710416e+00   9.3043691e-01
   3.4639609e-01   1.4509035e+00
  -1.4032369e+00  -1.0335445e+00
   9.3551795e-01   7.8348005e-01
   5.8422875e-01  -6.4162082e-01
   1.5789339e+00   4.8449739e-02
   3.5486330e-02  -9.6552387e-01
   1.3997198e-01   1.5832091e+00
  -3.4023904e-01   4.4663952e-01
  -2.4670959e-01  -1.0283349e+00
   2.5906563e-01   1.6193944e+00
  -1.9159531e+00  -1.2635863e+00
  -7.9435455e-01   1.2863594e+00
   4.5046685e-01   1.3932702e+00
  -1.3469782e+00  -8.2747460e-01
  -3.8814527e-01  -1.1589127e+00
   4.2525120e-01  -7.6737675e-01
  -7.0601955e-01  -1.3047707e+00
  -2.7533116e-01  -2.0294932e-01
  -1.0175878e+00   9.2277447e-01
   9.5521153e-04   1.6259557e+00
   6.4851388e-01   1.3507763e+00
  -1.1788848e+00   1.4439460e+00
   3.6732472e-01  -7.8797740e-01
   4.4425480e-02  -9.2625420e-01
   8.2424179e-02  -9.1030488e-01
  -1.9517368e-01  -1.1339374e+00
   6.1169546e-01   1.3315422e+00
  -9.0541148e-01  -9.2549009e-01
   9.5761441e-01  -4.1799713e-01
  -1.8095849e-01  -3.4696156e-02
  -8.1252547e-01  -5.5427998e-01
   2.0903979e-01   1.5314665e+00
   1.3521204e+00   4.8359589e-01
  -2.4359790e-01   1.5189658e-01
   5.2683644e-01   1.3620570e+00
  -1.9107145e-01  -2.4233712e-01
  -1.3598641e-01  -3.2674502e-01
  -4.0300140e-03  -9.3025445e-01
  -3.7054809e-02  -9.7949576e-01
   7.2400802e-01  -5.9917913e-01
  -6.4959439e-02  -9.6811637e-01
  -4.7216243e-01   1.2453629e+00
  -2.7775458e-01   4.9277660e-01
  -1.0997388e-01   1.2877023e-01
  -4.5526490e-01  -1.1635974e+00
  -3.2148548e-01  -6.4686828e-01
  -2.7491999e-01  -4.0377012e-01
   1.0144258e+00  -3.4107353e-01
   6.8430505e-01  -1.7841566e-01
  -2.3158763e+00  -1.4985928e+00
  -6.8094845e-01  -1.3176738e+00
   5.0626170e-01   1.5348957e+00
   7.5850642e-01   1.4744114e+00
   9.7962933e-01  -3.8706740e-01
  -8.1073244e-02  -1.0320799e+00
   1.2206795e+00   1.2344452e-01
  -1.2290606e+00  -7.4383234e-01
   1.0607857e+00   1.0862533e+00
   8.5722148e-01  -3.4982179e-01
   4.2545173e-01  -5.2632037e-01
  -5.4594778e-02   7.3518085e-01
   1.2026285e+00   6.3441092e-03
  -9.1147304e-01   1.6093264e+00
   1.2260239e+00   7.2553562e-01
   7.2216114e-01  -3.4711655e-01
   1.3637439e+00   4.6898079e-02
   9.7345878e-01  -3.6882867e-01
   7.7361582e-01   1.1737049e+00
   1.0979095e-01   5.5343095e-01
  -1.6355216e-01   1.4509608e+00
   1.3719891e+00   5.8095397e-03
  -6.0919795e-01  -5.3857157e-01
  -2.8044098e+00  -2.1340040e+00
   1.0884929e-01  -9.4020654e-01
  -1.0758200e-01   3.4454435e-01
  -1.6717309e+00  -1.2334086e+00
  -1.1508853e+00  -8.6753484e-01
  -5.9093270e-01  -1.2801140e+00
   3.9697981e-01  -7.7835672e-01
   7.8692470e-01  -4.5623994e-01
  -1.5235490e+00  -9.5247915e-01
   7.7282509e-01   1.1316908e+00
   1.5901834e-01   1.6162028e+00
   6.7594295e-01  -5.5811938e-01
  -1.9055332e-01  -1.1765481e+00
   5.8114230e-01   1.3379672e+00
  -1.7102797e+00  -1.2117272e+00
  -2.9911311e-01  -1.1058371e+00
  -3.8112583e-01  -1.1398003e+00
  -1.3926701e+00  -1.0391435e+00
   7.1566909e-01  -4.7786103e-01
   1.7954154e-01  -8.1720243e-01
  -8.6823080e-01   9.9521372e-01
   3.0017406e-01  -7.3660858e-01
  -2.0163281e+00  -1.2581397e+00
  -9.6105195e-01  -7.1977451e-01
   5.5981394e-01   1.3721441e+00
  -9.8437020e-01  -8.6206622e-01
   2.6329882e-01   1.6099244e-01
  -1.0691827e+00  -1.0961733e+00
  -5.7091763e-02   1.1374007e+00
  -8.9381729e-01  -1.3704405e+00
   1.1240834e+00   9.3832807e-01
  -1.0517243e+00   1.0263453e+00
   3.8380185e-01  -7.8883741e-01
  -1.8771983e-01   9.1176180e-01
  -5.7413942e-01   6.9025872e-01
  -3.8606816e-01   1.2375936e+00
   1.2926899e+00  -1.5663978e-01
   7.3389120e-01   5.1734040e-01
  -9.7162544e-01  -1.0372077e+00
  -1.4692843e+00  -1.0340533e+00
   1.2817820e+00   1.5020238e-02
   1.3034034e+00   9.7707027e-02
   1.4712010e-01   1.5677510e+00
   1.1455336e+00   6.1892909e-01
   1.2875039e+00  -8.0976645e-01
  -1.3440769e-01   1.1724764e+00
  -1.7858209e-01  -9.7635435e-01
  -3.0032794e+00  -1.6166813e+00
   6.9117524e-01   9.5597740e-01
   3.0321664e-01   5.5623324e-01
   5.8452925e-01   1.3376461e+00
  -3.9408741e-01  -1.1353126e+00
  -2.1206874e-01   1.4777173e+00
  -4.4793472e-01  -8.0425355e-01
   1.1382170e+00   8.4770580e-01
   1.3625627e+00   6.3634148e-01
   7.1657673e-01  -5.2121242e-01
   1.2091488e+00   1.1306059e+00
   2.7657375e-01   1.4338135e+00
  -5.0578526e-01   9.3676415e-01
   1.4891697e+00   8.6342220e-02
   5.8548207e-02  -9.4712522e-01
  -3.3532137e-01  -1.1567278e+00
   9.1287342e-01  -3.8530756e-01
  -5.9441346e-01  -2.8905626e-01
  -2.8179590e-02   5.1834835e-01
  -7.1758687e-01  -1.3062486e+00
  -1.3682388e+00  -1.1547656e+00
   1.0786759e+00   7.7758350e-01
   7.8141385e-01  -7.5941594e-01
  -6.6440832e-01  -5.2191270e-01
   1.5563854e+00   3.5278561e-01
   1.0288264e+00   1.1435599e+00
  -5.1663385e-01  -5.6131880e-01
  -5.8465204e-01  -5.2187527e-01
   8.7451581e-01   1.0678656e+00
  -7.2216584e-02  -3.1942766e-01
   1.1066552e+00   8.0405373e-02
  -1.2795804e+00  -1.1020421e+00
  -2.5081209e+00  -1.5250204e+00
   8.5198528e-02   1.3612345e-01
   1.0688412e+00  -6.7737925e-02
   8.5529802e-01  -4.0539126e-01
  -9.4268452e-01   1.4468717e+00
   3.9207104e-01   7.5741105e-01
   3.3037903e-01   5.9239058e-02
  -7.0815497e-02   3.9582605e-01
  -1.2873511e+00  -9.0329810e-01
   9.6261337e-01   1.2118125e+00
  -5.8201585e-01  -1.3070191e+00
   4.4669179e-01  -6.9984717e-01
  -1.9615860e-01  -8.4770739e-01
  -1.5741997e-01  -1.0710760e+00
   1.3832464e+00   6.2565924e-01
   1.7114457e-01  -1.0738794e+00
  -1.0570114e-01   5.5261595e-01
   4.0445342e-01  -8.3543467e-01
   1.5449394e+00   4.3524372e-04
  -1.5883683e-01   1.5199601e+00
   5.9155677e-01  -6.1754055e-01
  -7.9842087e-01  -1.0965177e+00
   3.8219563e-01  -7.8640367e-01
  -3.2535204e-01  -1.1514735e+00
  -2.6890154e-02  -1.0160016e+00
  -1.3480567e+00  -1.1432943e+00
  -8.6771370e-01  -5.3041946e-01
   2.3192035e-01   1.5335139e+00
  -2.1920449e+00  -1.4278555e+00
  -1.2485202e+00  -8.8873835e-01
  -6.0463448e-01  -1.2380988e+00
  -6.7347247e-01  -5.0558490e-01
   6.8646274e-01  -5.2585777e-01
   3.4307457e-01  -7.9285489e-01
   1.5001902e+00   9.2531526e-01
   1.2161231e+00  -5.2742850e-01
  -3.3715312e-02  -9.7230201e-01
   1.0068062e+00  -1.3913491e-01
   8.6823944e-01  -4.9700675e-01
   2.4480955e-01  -8.1002273e-01
   5.1065360e-01   1.3716149e+00
   1.1322381e+00   6.0188514e-01
   3.3630860e-01   1.4910454e+00
  -4.7020099e-01   5.8328403e-01
   1.1961685e+00   8.3409587e-01
   9.6668423e-01  -3.6682417e-01
  -1.7704737e+00  -1.7377685e+00
  -1.0452165e+00  -1.1884705e+00
   8.1500716e-01   1.0408558e+00
  -2.3160706e+00  -1.4350748e+00
  -2.1411605e-02  -8.1365719e-01
  -1.0723550e+00  -7.9926080e-01
   8.9531469e-01  -3.7685117e-01
   3.4361681e-01   1.4037259e+00
   9.7487987e-01   1.1665822e+00
  -1.7061638e+00  -1.1726812e+00
  -9.0216682e-01  -1.1396781e+00
   1.2094030e+00  -2.2037069e-01
  -8.4113963e-01  -8.2836990e-01
  -3.9522844e-01   1.6191603e+00
   1.0970656e+00  -2.3218720e-01
   2.6560251e-01  -8.3973922e-01
   3.8750958e-01  -7.8240577e-01
  -1.6578871e+00  -1.6543352e+00
  -1.2717199e+00  -1.0781682e+00
  -6.7253744e-01   6.7660817e-01
  -1.4075898e+00   1.5769150e+00
   1.1016080e+00   9.5104816e-01
   1.0920296e+00  -2.5730470e-01
  -5.0170938e-01  -1.2053976e+00
   1.3905999e+00   6.6057485e-01
  -9.2704328e-01  -5.3127046e-01
  -2.5186019e+00  -1.4852714e+00
  -4.4502253e-03  -9.6558582e-01
  -1.9370657e+00  -1.0653309e+00
   1.0196701e+00  -3.5458634e-01
   1.5038184e+00   9.6255546e-01
   1.1170165e+00   1.0949327e+00
  -9.0039148e-01  -7.7599562e-01
  -1.9287928e+00  -1.7008194e+00
   3.3165742e-01   1.5085556e+00
  -1.1489043e+00   1.3676154e+00
  -8.2324841e-01  -6.8377318e-01
  -1.7217413e+00   1.5366565e+00
   1.0510683e+00  -1.7746067e-01
  -1.6914292e+00   1.5384572e+00
   6.7647890e-01   5.1670057e-01
   1.3701444e-01   1.5535611e+00
  -5.7830541e-01  -5.1389682e-01
  -1.2988854e+00  -9.8509401e-01
   1.8665636e+00   6.0270194e-02
  -1.4564985e-01  -4.5432225e-01
  -1.7081997e+00  -1.0387065e+00
   6.4279027e-02   1.4674257e+00
   1.0383115e+00  -4.0951343e-01
  -2.8481326e-01   8.3836806e-01
  -7.5336780e-01  -6.4869070e-01
   6.4750022e-01   1.4376519e+00
  -7.5881161e-01  -7.5416168e-01
  -1.8362810e+00  -1.1020269e+00
  -1.1745977e-01   9.5375977e-01
  -2.2960008e+00  -1.5553247e+00
  -2.3737319e-01  -1.0792726e+00
   1.2861172e+00   5.9480474e-01
  -2.3948124e-01   1.4980744e+00
   9.8717253e-01  -2.8098418e-01
   4.4380082e-01  -1.1219830e-01
   7.8153914e-01   1.2017210e+00
   1.8878922e+00   6.3690066e-01
   6.0293657e-01  -6.3606717e-01
  -3.2503562e-01  -3.4825931e-02
   1.8735798e+00   5.6715186e-01
  -8.2910755e-02   1.6278808e+00
   1.3891766e+00   2.0144430e-01
   1.1786086e+00   5.4246046e-01
   5.4780235e-01   7.6670798e-01
   3.8513496e-01  -7.8854672e-01
   1.3654111e+00   3.9256427e-01
   1.7367926e-01  -8.8120277e-01
   7.8908086e-01   1.3677722e+00
  -1.9213793e-01   1.4476732e+00
   1.0288990e+00   9.7515458e-01
  -4.5214399e-01  -1.1250282e+00
  -3.3002940e-02  -7.5205843e-01
   1.7066724e+00   2.4768321e-01
  -1.5853342e+00  -8.8659159e-01
  -1.1652768e+00   1.2758759e+00
  -9.5210163e-01   1.1702922e+00
  -7.4923038e-01   1.0408991e+00
   1.3716531e+00   7.8967421e-01
   1.8593951e-02   1.2894066e+00
  -5.1097574e-01   4.1261986e-01
   8.7221576e-02   1.6249035e+00
   9.2307910e-01  -5.7192036e-01
   1.3698956e+00   3.8230393e-01
   2.7559212e-01  -8.0293776e-01
   5.6599220e-02   5.5953700e-01
  -8.0354638e-01  -1.2032062e+00
   1.2060528e+00   4.4958190e-01
   1.5467974e+00   1.8007555e-01
   1.2471651e+00   8.1587727e-01
  -1.5716727e+00  -9.9979530e-01
   7.2359834e-01   1.2360728e+00
   1.1585904e+00   9.3197864e-01
   1.7188276e-01   1.6263486e+00
  -1.8097558e-01   6.5585344e-01
  -1.4497027e+00  -1.2909635e+00
  -6.7381951e-01  -1.3249858e+00
   1.0793325e-02   1.5835728e+00
  -1.1271008e+00  -7.8937240e-01
   9.0582508e-01  -3.8993501e-01
  -1.7565568e+00   1.4989772e+00
  -8.7631725e-01  -3.6015097e-01
   1.4022781e-01   1.5647924e+00
   1.5423783e+00   5.0969066e-01
   5.9582244e-01  -5.1291143e-01
  -4.4704577e-02  -8.3809919e-01
  -8.7982078e-01  -5.1094827e-01
  -2.5991616e+00  -1.5850005e+00
   3.7689552e-01  -7.9701460e-01
   1.0885941e+00  -4.8605988e-02
  -5.3119919e-01   1.1345857e-01
  -6.0149766e-01  -2.0505688e-01
  -4.4757954e-01  -7.2638085e-01
  -1.7514773e+00  -1.0378635e+00
  -1.9276798e+00  -1.1677290e+00
  -3.4259662e-01  -4.6475004e-01
   2.2270810e-01  -8.0662038e-01
  -3.8375950e-01  -2.5769002e-01
   3.5658494e-02   3.3507739e-02
   3.7161602e-01  -8.3586361e-01
  -9.4278694e-02   3.9401613e-01
   1.5764502e-01  -8.9029254e-01
   3.1328792e-02  -9.5805417e-01
   8.3217832e-01   1.4485040e+00
   8.0074317e-01   1.1960802e+00
  -5.1377853e-01  -6.5494100e-01
   1.3806263e+00   5.6930387e-01
  -2.9335771e-01   6.2480820e-01
   5.5886130e-01  -6.3352879e-01
   3.9622680e-01   1.4617258e+00
  -1.3324211e+00  -8.3761060e-01
   4.4543942e-01   2.1535518e-01
   1.2052235e+00  -2.5276060e-01
   3.3552725e-01  -7.9010437e-01
   1.3162132e+00   7.0982449e-01
  -5.5651339e-01   1.0867961e+00
  -1.4001975e+00   1.3854117e+00
  -9.2845412e-01   1.6286139e+00
  -1.3969991e+00  -8.9919048e-01
  -5.2449581e-01  -2.7980973e-01
  -3.6820691e+00  -2.0401431e+00
  -2.3435680e-01  -2.0119366e-01
   2.5110505e-01  -8.7691772e-01
   5.4942595e-01  -5.4772714e-01
  -1.7284996e+00  -1.0681408e+00
  -9.5446986e-02  -3.2931727e-01
  -1.9266506e+00  -1.2909618e+00
   1.2631908e+00   3.6341118e-01
  -8.4295023e-01  -1.4266848e+00
   1.1198414e-01   1.6189695e+00
   1.6447441e+00   2.2251956e-01
   5.1336848e-01  -7.2335749e-01
  -8.8543107e-01  -1.0099811e+00
  -1.0229646e+00  -1.0089117e+00
  -1.4762017e+00   1.3820088e+00
   4.7261343e-01   1.1675212e-02
   1.4639051e-01   5.2969000e-01
  -9.0031175e-03  -7.5383565e-01
  -5.8723642e-01  -1.2469302e+00
  -1.9277242e-01  -1.0968810e+00
  -2.3139887e+00  -1.5704468e+00
   2.3443338e-01   1.4995748e+00
   8.9449862e-01  -4.1860894e-01
  -1.6793671e-01   5.7620792e-02
   4.2037654e-02  -7.4765757e-01
  -1.3540133e+00   1.5603655e+00
   1.4268876e+00   9.4872089e-01
   1.2878950e+00   3.2521438e-01
  -6.2613870e-02  -9.8634275e-01
   9.1669034e-02   1.2740329e+00
   6.3502911e-01   1.4941803e+00
   1.4182011e-01  -8.7579929e-01
  -3.1172359e-01  -1.1469125e+00
  -4.9037046e-01   2.6649698e-01
  -2.6854827e-01  -1.1859557e+00
   1.1085957e+00   9.3400310e-01
   9.3776982e-01  -3.2918001e-01
   1.1102594e-01   3.7574221e-01
   1.0777340e+00   3.2584309e-03
  -1.1565273e+00  -9.1563168e-01
   8.7295208e-01  -4.1247272e-01
  -1.7350407e-01  -1.1555692e+00
   1.4831519e-01  -9.4012899e-01
   1.4420516e+00   1.4840439e+00
  -9.4962215e-01  -5.9218917e-01
  -2.1934654e+00  -8.4098092e-01
  -1.3000710e+00   1.1637883e+00
  -4.3934816e-01  -1.1785907e+00
  -1.3090176e+00  -9.3322997e-01
  -2.3732955e+00  -1.8099450e+00
  -1.4460171e+00  -1.6346585e+00
   9.5864243e-01  -3.1435943e-01
   7.0726050e-01   1.2315309e+00
  -2.0543724e+00  -1.2345639e+00
  -1.4216226e+00   1.4963836e+00
  -1.0028767e-01   1.3572374e+00
   1.1636693e+00   4.5126497e-01
   8.2259352e-01  -5.4594242e-01
   1.1675448e+00  -4.4882785e-02
   1.2648381e+00  -2.5877552e-02
   1.1591751e+00   9.3092640e-01
  -6.7234597e-01  -7.7861527e-01
  -3.1250605e+00  -1.6996861e+00
  -4.5284403e-01   1.4291752e+00
  -1.4510466e+00   1.3371017e+00
   1.2835980e+00   5.5557176e-01
  -2.7109908e-01  -1.0718556e+00
  -3.8608356e-01  -2.7713864e-01
   8.8552062e-01   1.6487072e-01
  -3.6437739e-02   5.6257236e-01
   1.0819930e+00  -1.1979666e-01
   1.0900532e+00   5.4523908e-01
   4.0573577e-01   3.2263852e-01
   1.2566245e+00   4.1938144e-01
   6.2610193e-01  -7.4695413e-01
   6.3559278e-01  -5.7616797e-01
   6.7283252e-01  -4.1255436e-01
   1.2051782e+00   7.6087493e-01
   4.6749695e-01   1.4065013e+00
   5.8814922e-01  -6.7305929e-01
  -6.6907542e-01  -5.4906035e-01
   2.4885056e-01  -9.0046365e-01
   1.0711321e+00  -2.3765287e-01
  -4.6422539e-01   1.1282378e+00
   2.7788066e-01   1.4071947e+00
   8.6152551e-02  -5.5446991e-01
   9.3132989e-02   8.2950113e-01
   8.4835272e-02  -8.6956086e-01
   5.1850634e-01  -7.5360765e-01
   2.7443054e-01  -8.0132439e-02
   1.4495740e+00   2.4282264e-01
  -6.9324414e-02   7.2475112e-01
  -3.7725882e-01   7.5792452e-01
  -1.9264158e+00   1.5255142e+00
   1.2922606e+00   4.7514166e-01
   3.3967798e-01  -2.3102995e-01
