  -4.6772923e-01   4.4780217e-01
   4.1785822e-01   5.1648428e-01
  -1.4972131e-02   6.1919625e-01
   6.7811161e-01   2.0162329e-01
  -6.1511049e-01   3.3172843e-01
   1.6189346e+00  -9.5420152e-01
   4.6574778e-01   3.7013595e-01
  -7.9903167e-01   1.5880750e-01
   6.9991729e-01   1.6982786e-01
  -6.9324302e-01   3.2792536e-01
   5.3393852e-01   3.0756758e-01
  -4.1406288e-01   4.2963116e-01
  -4.6724957e-01   4.6708192e-01
   1.0364767e+00  -1.4469337e-01
   1.4853962e+00  -8.0943946e-01
   6.5025726e-01   2.4585928e-01
  -5.8156338e-01   3.9137873e-01
  -9.0795964e-01   1.4427079e-01
   8.9129567e-01  -1.0425635e-02
  -8.6034206e-01   1.7000793e-01
  -6.0295187e-01   3.9536587e-01
   1.9483359e+00  -1.5433157e+00
   1.5559550e+00  -8.3598909e-01
  -6.6118185e-01   3.5651937e-01
  -1.7003452e-02   4.7754374e-01
   5.8719031e-01   3.1250584e-01
   1.9313473e+00  -1.6346449e+00
  -4.5326572e-01   4.7695551e-01
  -8.0459440e-01   1.7585789e-01
   2.4252860e+00  -2.6623728e+00
  -7.8252554e-01   2.4199234e-01
  -9.0420617e-01   5.7985078e-02
   2.2748290e+00  -2.2592371e+00
  -8.6917943e-01   1.4254684e-01
   1.1375450e+00  -2.3715023e-01
  -3.6201705e-01   4.4511297e-01
  -9.1714582e-01   9.2135134e-02
  -7.3293417e-01   3.6921638e-01
  -6.1745486e-01   3.5755950e-01
  -7.2976337e-01   2.9864994e-01
  -5.9799579e-01   3.0714549e-01
  -6.0241169e-01   3.7130547e-01
  -8.3841587e-01   1.2662754e-01
  -2.2654576e-01   5.2968509e-01
  -3.5692651e-01   5.0798815e-01
  -2.0992292e-01   5.9887432e-01
  -5.9067910e-01   4.0637942e-01
   6.1862321e-01   2.5495704e-01
   2.1909861e+00  -2.1131185e+00
   1.7844821e+00  -1.3267621e+00
  -4.1803532e-01   4.1891926e-01
  -9.0942237e-01   9.5444930e-02
  -6.0705454e-01   4.4598595e-01
   9.2196600e-01  -6.0024475e-03
   2.4380583e+00  -2.5881717e+00
  -1.3877506e-01   5.7908757e-01
  -3.7825101e-01   4.4462080e-01
  -6.4304499e-01   3.1407163e-01
  -5.9494031e-01   4.6565403e-01
   1.0374556e+00  -1.2626891e-01
   9.0219942e-01   3.8989881e-02
  -3.9688858e-01   5.2758309e-01
  -2.5721039e-01   4.4477352e-01
  -7.1239481e-01   2.4359746e-01
   2.4792371e-01   5.4741812e-01
  -3.8232191e-01   6.2042774e-01
   2.1360300e+00  -1.8354005e+00
  -6.5067623e-01   2.9070249e-01
  -5.9956565e-01   3.2558454e-01
  -8.6993025e-01   1.9112216e-01
  -6.5073858e-01   3.2118037e-01
  -5.2469252e-01   3.5820118e-01
  -6.4686003e-01   3.7473771e-01
  -5.0373846e-01   4.3611053e-01
  -9.3197184e-01   1.1964769e-01
  -5.9704715e-01   3.8850644e-01
  -5.2183722e-01   3.6278220e-01
  -5.8711028e-01   3.8831648e-01
   2.4848542e-01   5.1224233e-01
  -5.8194556e-01   3.2858248e-01
  -4.4760496e-01   5.7585899e-01
  -6.5351557e-01   3.0580853e-01
  -8.9720811e-01   8.8159481e-02
   1.8659439e+00  -1.3794046e+00
  -1.7671319e-01   6.0773352e-01
   2.6321673e+00  -3.0548873e+00
   3.4240099e-01   4.6889045e-01
   1.1827732e+00  -1.9226930e-01
   1.8380324e+00  -1.4229552e+00
  -5.5653869e-01   4.2291088e-01
   4.7358434e-01   4.1846270e-01
  -5.0610844e-01   4.2102804e-01
  -8.6073559e-01   9.7292026e-02
  -6.6388123e-02   5.4866870e-01
   1.7563802e+00  -1.1262197e+00
  -2.8963678e-01   4.4652654e-01
  -8.1230820e-01   1.3858533e-01
  -2.5147260e-01   5.0734930e-01
   1.7088127e+00  -1.1848685e+00
  -7.6886395e-01   2.9377106e-01
   1.0298992e+00  -1.6729501e-01
  -3.8178587e-01   4.3462154e-01
  -5.7457834e-01   3.8045910e-01
  -5.7583363e-01   3.2496543e-01
  -5.5010416e-01   4.6472765e-01
   4.2751105e-01   4.1328494e-01
   2.6369404e-02   5.7708081e-01
   5.2704820e-01   2.8231801e-01
  -9.1736174e-01   1.4256937e-01
  -4.9369524e-01   4.4147150e-01
   1.9343159e+00  -1.4583301e+00
   1.9328648e+00  -1.5029629e+00
   2.2320029e+00  -2.2376079e+00
   1.9089708e+00  -1.5552444e+00
  -9.2758470e-01   1.0308940e-01
   3.1464259e-01   4.2356676e-01
  -6.6307007e-01   3.0361232e-01
  -9.0919354e-01   1.4084708e-01
  -7.3925347e-01   2.4402573e-01
  -5.7549194e-01   3.3954550e-01
  -6.0126111e-01   4.2364646e-01
  -1.6971148e-01   5.0089248e-01
  -3.7947820e-01   4.7441907e-01
  -6.0706299e-01   3.3169509e-01
   1.9361110e+00  -1.5522737e+00
  -8.2095644e-01   1.2661906e-01
   6.7067909e-01   3.4806893e-01
  -3.2621993e-01   5.7388100e-01
  -3.1630597e-01   5.6753292e-01
  -6.2788829e-01   3.7704543e-01
  -1.4305516e-01   5.7422699e-01
  -6.0175436e-01   2.6797625e-01
   2.9625854e-01   5.1818527e-01
   6.5074904e-01   1.6189453e-01
   1.4453263e+00  -6.6673230e-01
  -8.4797949e-01   2.0397106e-01
  -6.1681532e-01   4.1654603e-01
   1.2204560e+00  -3.2756820e-01
  -6.0157079e-01   3.9975939e-01
   2.1811010e+00  -2.0145557e+00
  -5.9085595e-01   3.1963431e-01
  -9.7000652e-02   4.8643103e-01
   1.9009316e-01   5.2270751e-01
   1.0667046e+00  -1.6685603e-01
   4.5217969e-02   5.0504530e-01
   1.0605078e+00  -1.7114957e-01
  -6.0028083e-01   3.0192245e-01
  -6.6414855e-01   3.4065868e-01
  -8.7113156e-01   2.2235913e-01
   6.4406956e-01   3.2155352e-01
  -7.4147887e-01   2.1183258e-01
   2.3114976e+00  -2.4067856e+00
  -6.1779457e-02   4.8163862e-01
  -4.1486182e-01   5.4689116e-01
  -5.7402976e-01   3.6370024e-01
   2.0901994e-01   4.3743157e-01
  -5.5429783e-01   4.5907458e-01
   1.0425239e+00  -1.0793480e-01
   2.2986128e+00  -2.2448781e+00
   8.1189757e-01   1.3929421e-01
   1.7387973e+00  -1.2087471e+00
  -6.4220392e-01   3.8562572e-01
  -5.7576761e-01   3.9432896e-01
  -3.7358372e-01   4.9801861e-01
  -5.3132608e-02   4.8429359e-01
   2.2853396e+00  -2.1964511e+00
  -8.4443640e-01   1.2910285e-01
   1.1783037e+00  -2.9357619e-01
  -2.4542924e-01   5.5318560e-01
  -5.9218145e-01   3.7583733e-01
  -4.7889308e-01   4.1705284e-01
  -4.8102844e-01   3.9618630e-01
  -2.7947694e-01   4.4874073e-01
   1.9223932e+00  -1.5187626e+00
  -7.9454895e-01   1.7108005e-01
  -2.0013824e-01   5.0366173e-01
  -5.7112352e-01   3.9251328e-01
   1.4893853e+00  -8.5269179e-01
  -6.7190940e-01   2.9558398e-01
  -5.8132226e-01   4.5788097e-01
  -6.8773106e-01   3.4715894e-01
  -6.2573381e-01   3.5082858e-01
  -8.4555188e-01   8.7576105e-02
  -9.6291566e-01   1.0579257e-01
  -9.2933348e-01   1.9130241e-02
  -3.1097112e-01   4.5876777e-01
  -3.9874656e-01   5.3436605e-01
  -5.3595369e-01   3.0680439e-01
   2.4014297e+00  -2.5852700e+00
   1.4424802e+00  -7.5421580e-01
  -5.7716363e-01   4.5067971e-01
  -5.6705143e-01   3.8109060e-01
  -4.3270558e-01   3.9180218e-01
   1.3655436e+00  -5.3901111e-01
  -7.6045689e-01   3.2585677e-01
  -7.3718750e-01   1.6044954e-01
  -1.5830287e-01   5.6222525e-01
  -6.4331094e-01   2.2307218e-01
  -1.4001487e-01   4.8825772e-01
   2.1910598e+00  -2.1518114e+00
   1.1129559e+00  -3.2575535e-01
  -7.5864914e-01   1.5470809e-01
   1.9593450e+00  -1.6298750e+00
  -5.3281313e-01   3.9208966e-01
  -4.9845076e-01   4.7891108e-01
  -5.6479805e-01   3.9990871e-01
  -5.4295985e-01   4.4206060e-01
   1.1508596e+00  -2.9977985e-01
  -8.6348771e-01   1.9196531e-01
   1.0615404e-01   5.8648299e-01
   1.3337582e+00  -5.9040316e-01
  -6.3671064e-01   3.6289768e-01
  -6.1280093e-01   2.9235153e-01
   2.9120659e-01   4.5273592e-01
   8.9856024e-01   4.7558974e-03
  -5.7416062e-01   3.6978640e-01
  -5.7024619e-01   3.4715273e-01
  -5.3194051e-01   4.5922330e-01
  -8.6454575e-01   1.7709556e-01
   9.4365414e-01  -4.9406583e-02
   1.9862723e+00  -1.5082180e+00
   4.1036579e-01   4.3448332e-01
  -6.8434850e-01   3.5237067e-01
  -6.8840283e-01   2.8415624e-01
   2.4701035e+00  -2.7307111e+00
  -9.2346024e-02   5.7212526e-01
  -3.3563154e-01   4.7614632e-01
   1.8818882e+00  -1.5446472e+00
  -7.6222718e-01   2.5489980e-01
   1.8187711e+00  -1.3543285e+00
  -3.1038628e-01   5.6133593e-01
  -9.0237252e-01   1.0417956e-01
  -6.0308196e-01   3.6623307e-01
  -5.7448496e-01   3.4770462e-01
  -5.4239559e-01   3.5106224e-01
  -1.9385395e-01   5.7296886e-01
  -6.1016201e-01   3.1091429e-01
  -7.7512166e-01   2.2155845e-01
   4.5016215e-01   4.7328750e-01
   7.3598016e-01   1.9533041e-01
  -2.9729956e-01   5.3729143e-01
  -8.5402327e-01   1.0551565e-01
  -8.6753285e-01   1.9428835e-01
   6.4621555e-01   3.2785133e-01
  -8.1032553e-01   1.6373559e-01
  -4.9368414e-01   4.4847895e-01
  -5.3691216e-01   4.2616326e-01
  -9.5360369e-01   2.5812121e-02
   1.0673633e+00  -2.1244089e-01
   1.4326229e+00  -6.5762955e-01
  -8.3465155e-01   1.4213212e-01
   5.8616162e-01   2.7805252e-01
  -6.5478630e-01   2.6437801e-01
  -3.3821630e-01   4.4009102e-01
  -8.3440522e-01   9.9729492e-02
  -7.9287723e-01   1.3729623e-01
  -7.5152197e-01   2.9025776e-01
   2.6490543e-01   5.7871857e-01
  -4.7062741e-01   3.7610966e-01
  -9.3750205e-01   5.9513003e-02
   1.8502461e+00  -1.2967934e+00
  -8.6930452e-01   1.9589132e-01
  -5.2383354e-01   4.6789109e-01
   6.5749572e-01   2.9758683e-01
  -8.3257021e-01   1.6181514e-01
   1.0360504e+00  -1.8528397e-01
   1.6360169e+00  -9.0162253e-01
   2.0515894e-02   5.9638717e-01
  -6.3772668e-01   3.1858451e-01
  -6.1457613e-01   3.9675260e-01
  -6.2351609e-01   2.9338799e-01
  -7.0612539e-01   1.8909070e-01
  -6.3974465e-01   2.8291613e-01
  -2.0299148e-01   5.1186173e-01
   1.7391714e+00  -1.1545973e+00
  -6.6972804e-01   2.8542895e-01
  -6.1652663e-01   4.1374091e-01
  -6.7449169e-01   2.9564324e-01
  -8.7369614e-01   1.3988263e-01
  -3.7604559e-01   4.4650765e-01
   3.7178875e-01   4.5073564e-01
  -4.7435733e-01   3.6676181e-01
  -4.4412099e-01   4.2346735e-01
   2.3278032e+00  -2.4066405e+00
   4.8415564e-01   4.7335550e-01
   1.1251816e+00  -1.5011336e-01
   1.8312122e+00  -1.2735780e+00
  -6.0791393e-01   3.1940379e-01
  -6.1156966e-01   3.7595165e-01
  -3.0346562e-01   5.0455083e-01
  -6.7157579e-01   3.9597616e-01
  -3.5414700e-01   4.5750383e-01
  -5.2225212e-01   3.7099111e-01
   1.9528587e+00  -1.5404573e+00
  -2.7055316e-01   5.4632093e-01
  -5.5048286e-01   3.7839505e-01
  -9.2654373e-01   1.6558559e-01
  -1.8410435e-01   5.6988373e-01
  -7.0331676e-01   3.1306762e-01
  -6.2777450e-01   3.4759200e-01
  -5.5465256e-01   3.3178254e-01
   8.2575356e-01   1.6902823e-01
  -5.7342471e-01   3.5910225e-01
  -5.5779901e-01   3.1329330e-01
   1.8992493e+00  -1.5764557e+00
  -8.7755278e-01   1.6098032e-01
   2.2408833e+00  -2.2069936e+00
  -6.5045097e-01   3.3224268e-01
  -2.5936317e-01   5.5961093e-01
   9.8744409e-01  -1.0950413e-01
   2.3774270e+00  -2.5246290e+00
  -6.1359931e-01   3.1236398e-01
  -6.6861808e-01   2.6429824e-01
  -5.3586950e-01   4.1105711e-01
  -5.7899517e-01   3.9839136e-01
   1.9955204e+00  -1.6600582e+00
  -6.1733754e-01   2.8587926e-01
  -4.9114912e-01   4.1570872e-01
  -6.1283312e-01   4.3815260e-01
  -9.0278257e-01   8.2102261e-02
   1.3301881e+00  -5.7767818e-01
  -6.1783502e-01   4.3006575e-01
  -7.6825151e-01   2.3528345e-01
   1.8826145e+00  -1.5249282e+00
   1.3502482e-01   6.2850287e-01
   1.3111510e-01   4.3220287e-01
  -2.1905070e-01   4.6716880e-01
   1.1469376e+00  -2.8962933e-01
  -6.2137480e-01   2.9154476e-01
   8.4747276e-01   5.6602482e-02
  -3.9591728e-01   4.3966313e-01
  -6.3401167e-01   3.6754109e-01
  -4.6665898e-01   4.0932021e-01
  -6.5530849e-01   3.0209640e-01
   1.7203525e+00  -1.1440824e+00
  -6.0602002e-01   3.6283341e-01
  -8.4399964e-01   2.0794086e-01
  -7.3809574e-01   2.1155236e-01
  -8.8963542e-01   3.9808712e-02
  -6.3676839e-01   2.8339662e-01
   2.4231136e-01   4.1656701e-01
  -5.0130779e-01   4.2364899e-01
  -6.0670540e-01   3.5915502e-01
  -1.9371025e-01   6.2642035e-01
  -5.0061159e-01   4.1750589e-01
  -5.0783357e-01   4.1720846e-01
   3.3831531e-01   4.0096961e-01
   1.7693780e+00  -1.1384723e+00
  -5.2021777e-01   4.5700194e-01
   8.5905073e-01   7.1785795e-02
  -5.5430948e-01   4.0219196e-01
  -5.2419058e-01   3.3127422e-01
  -6.1021150e-01   3.8765351e-01
  -6.2273562e-01   2.9991286e-01
   1.5445117e+00  -8.1247294e-01
   1.7423822e+00  -1.1648297e+00
   1.0077536e+00   1.0668547e-02
  -5.5830145e-01   4.1518056e-01
  -5.5344690e-01   3.7891316e-01
  -5.7452294e-01   4.9057099e-01
   1.9399850e+00  -1.5988639e+00
   4.8100888e-01   3.7779158e-01
  -7.9082839e-01   1.8036198e-01
   1.6713669e-01   4.8612000e-01
   1.9597623e+00  -1.5454958e+00
   8.9050698e-01   1.1519696e-02
  -9.4448181e-01   3.1880931e-02
  -6.1761879e-01   3.0259066e-01
  -4.9121301e-01   5.2349392e-01
  -6.7637341e-01   2.2187460e-01
  -3.5460704e-01   4.6160433e-01
  -8.9718938e-01   5.7112379e-02
  -9.0217500e-01   1.1061678e-01
   1.1936988e+00  -3.9972410e-01
  -6.0275838e-01   3.6119463e-01
   7.5515889e-01   1.6091902e-01
  -5.5574945e-01   4.0893005e-01
   1.4740840e+00  -7.7905597e-01
  -1.2467618e+00  -3.5730737e-01
  -2.4650991e-01   4.8815468e-01
  -3.9332839e-01   5.1330308e-01
  -8.0841975e-01   2.5212808e-01
   7.6752650e-01   1.1401840e-01
   9.9722240e-01  -9.2658979e-02
  -6.1178749e-01   3.0818667e-01
  -4.9404012e-01   4.5721403e-01
  -6.5160384e-01   4.4335572e-01
   1.4450310e+00  -7.2287106e-01
  -8.0184175e-01   1.3756665e-01
   1.0210150e+00  -2.0498874e-01
  -6.7251878e-01   2.4631217e-01
   3.2181205e-03   6.2735773e-01
  -5.1514972e-01   3.8266241e-01
  -2.0098401e-01   5.4822298e-01
  -8.1974515e-01   9.4616865e-02
  -5.3415100e-01   4.0172408e-01
  -4.9889381e-01   5.3941655e-01
  -4.3327858e-01   4.6539875e-01
   1.3470958e+00  -5.6837043e-01
  -5.5145803e-01   3.1163705e-01
  -1.9501334e-01   4.5022389e-01
  -4.9459748e-01   4.5138112e-01
  -6.5194570e-01   2.8751090e-01
  -5.0251810e-01   4.4272511e-01
   3.0437070e-01   5.4207411e-01
  -4.9572387e-01   3.6389028e-01
   1.4442844e-01   4.4578728e-01
  -7.9767097e-01   1.4625675e-01
   1.8865139e+00  -1.5310212e+00
  -7.5126820e-01   2.8740803e-01
   1.6833477e+00  -1.0549128e+00
   5.4526970e-01   2.6453068e-01
  -8.5005355e-01   1.8592639e-01
   1.4612696e+00  -6.7192589e-01
   8.1039095e-01   1.0160166e-01
  -3.8139313e-01   4.4892534e-01
   4.4305542e-01   3.9210978e-01
   1.9438678e+00  -1.5931386e+00
   1.0149358e+00  -7.0106755e-02
   6.7055773e-03   4.4583009e-01
  -2.3751686e-01   5.9440660e-01
  -1.7494164e-01   4.6396727e-01
  -1.9636783e-01   5.3172189e-01
   8.0591020e-01   1.0759661e-01
  -5.7352486e-01   4.4668563e-01
  -6.4043402e-01   2.7141576e-01
  -8.1315041e-01   2.2543517e-01
  -5.6396947e-01   3.2836893e-01
  -5.6565729e-01   3.5570564e-01
   1.3968273e+00  -6.7653509e-01
  -5.1058635e-01   4.0908625e-01
   1.9783815e+00  -1.6993710e+00
  -2.5294558e-01   5.4672468e-01
  -5.4358935e-01   4.2215896e-01
  -8.4461263e-01   2.6245984e-01
  -6.3882330e-01   3.7575462e-01
  -9.0132477e-01   9.5458736e-02
  -6.3039791e-01   2.9830448e-01
   7.0824009e-01   1.3002727e-01
   7.8277059e-01   2.5561291e-01
  -5.8730995e-01   3.2767249e-01
  -5.7354487e-01   3.1532170e-01
  -2.0856576e+00  -2.0956256e+00
  -5.9803653e-01   3.3480144e-01
  -8.7435713e-01   1.4917005e-01
   1.6611646e-01   6.1806627e-01
   1.9517718e+00  -1.5925707e+00
   1.7465957e+00  -1.2350097e+00
   1.2626103e+00  -3.9558703e-01
   1.9466075e+00  -1.5599249e+00
  -7.3810289e-01   3.0305075e-01
   3.3030556e-01   4.5222088e-01
  -9.2098999e-01   1.4596002e-01
  -5.3350318e-01   4.4201155e-01
  -4.5698553e-01   4.3034051e-01
  -5.8637157e-01   3.6604339e-01
  -5.4417627e-01   4.2219526e-01
  -2.7154990e-01   4.7257998e-01
  -4.1179410e-01   4.7877510e-01
   1.9335974e-01   5.2708525e-01
   1.9416616e+00  -1.6115586e+00
  -4.7685029e-02   4.9757443e-01
   4.2914241e-01   4.2700434e-01
  -9.2552664e-01   1.5034519e-01
  -8.4590481e-01   2.0597604e-01
   1.5642756e-01   5.0197784e-01
   1.9623077e+00  -1.6663543e+00
   2.0264434e+00  -1.7267963e+00
  -6.7281480e-01   2.8440814e-01
   7.9795943e-01   9.9950830e-02
  -3.7601333e-01   4.1832719e-01
  -5.0003379e-01   4.1470369e-01
   6.5092615e-01   2.1518937e-01
  -1.9868317e-01   4.6934297e-01
  -6.9772893e-01   2.3060129e-01
   1.9469288e-01   5.1429648e-01
  -6.2770580e-01   2.6414320e-01
   8.2642269e-02   5.2645378e-01
  -5.5867862e-01   3.5677050e-01
   2.1704216e+00  -2.0219476e+00
  -6.4057756e-01   2.9030066e-01
   1.3236154e+00  -5.2543512e-01
  -5.1435517e-01   3.4088656e-01
   1.9542013e+00  -1.6106710e+00
   1.8636141e+00  -1.4525602e+00
  -5.8689809e-01   4.0329391e-01
  -6.1812034e-01   3.9761693e-01
  -9.3212618e-01   9.7973750e-02
   1.0599535e+00  -1.2945344e-01
  -8.8462101e-01   8.7534657e-02
  -8.9257194e-01   4.9058984e-02
  -5.8218266e-01   3.4108044e-01
  -3.1452859e-01   5.2088171e-01
  -8.2553469e-01   1.9579815e-01
  -3.8584422e-01   5.2768863e-01
   2.7356559e-01   4.3966803e-01
   1.0134127e+00  -1.3140190e-01
  -3.6377425e-01   4.7503978e-01
  -5.8100262e-01   3.7168890e-01
  -8.9901544e-01   5.1453687e-02
   6.5609136e-01   2.4589287e-01
   9.1489674e-01  -5.9882422e-02
  -4.2091868e-01   4.3994462e-01
  -6.8138518e-01   2.3783196e-01
  -3.9257792e-01   4.5150549e-01
  -6.2422839e-01   3.2223684e-01
   1.7919385e+00  -1.3205234e+00
   1.9117629e+00  -1.4891326e+00
   1.2986255e+00  -4.0344685e-01
  -6.8238500e-01   2.9038406e-01
   2.6303316e-01   5.1312207e-01
   7.9006629e-01   1.3554942e-01
   5.7266690e-01   2.9227195e-01
  -6.5731498e-01   2.7403115e-01
   1.2835305e+00  -3.7443153e-01
   1.0246277e+00  -4.0989224e-02
   2.0491154e+00  -1.8781575e+00
   4.8862029e+00  -8.8212065e+00
  -1.8400864e-01   4.8913727e-01
  -9.4006355e-01   8.1568890e-02
  -6.4263751e-01   3.2240885e-01
   2.3716586e+00  -2.4063944e+00
   7.7889682e-01   1.4010901e-01
  -5.7707493e-01   3.5008424e-01
   1.9690010e+00  -1.6135237e+00
  -8.6387695e-01   7.2342416e-02
  -7.3349725e-01   2.3269882e-01
   1.1112238e+00  -2.1276413e-01
  -6.4078265e-01   3.8431299e-01
  -6.3607186e-01   3.2291422e-01
   7.6909707e-01   1.1997999e-01
  -4.5805044e-01   4.3395036e-01
  -2.3979097e-01   4.3811894e-01
  -8.8681413e-01   1.6623876e-01
  -6.2326237e-01   2.8658422e-01
  -5.8827900e-01   3.8228377e-01
  -5.8842227e-01   3.4365335e-01
  -6.0879562e-01   3.7998018e-01
  -5.7230570e-01   3.0517722e-01
  -2.9419168e-01   4.8239243e-01
   2.5615866e-02   5.1688876e-01
  -6.4097890e-01   3.5853340e-01
  -2.0842435e-01   6.1438101e-01
  -6.4015096e-01   3.9364116e-01
   7.7788027e-01   5.9609752e-02
  -9.4604731e-01   2.6297440e-02
  -1.1429851e-01   6.4603893e-01
   5.9128528e-01   2.5563939e-01
   5.8191870e-01   3.6318502e-01
   2.1131986e+00  -2.0211354e+00
  -3.5177057e-01   4.9123063e-01
  -6.1372169e-01   3.8114919e-01
  -3.7706011e-01   4.2524539e-01
   1.8956755e+00  -1.5439947e+00
  -5.6725256e-01   3.4585912e-01
  -2.5485288e-01   5.2483816e-01
   7.4224964e-01   1.7305395e-01
  -6.1100503e-01   3.8611427e-01
  -1.2385767e-01   5.3227886e-01
  -9.2157303e-01   1.0453784e-02
  -5.7073175e-01   3.8232141e-01
   2.1012150e-01   4.4025580e-01
  -5.1727416e-01   3.4506727e-01
  -5.9281255e-01   3.0545681e-01
  -4.0781897e-02   4.9396176e-01
  -4.9811016e-01   3.7017621e-01
  -1.2780326e-01   5.3002324e-01
  -4.6773536e-01   4.0057240e-01
   6.2747883e-01   1.9608091e-01
  -6.1326072e-01   3.4556814e-01
  -1.4636303e-01   5.1445017e-01
   1.2920900e+00  -4.3513248e-01
   1.1901232e-01   5.1772776e-01
  -2.1112276e-01   5.0676621e-01
   1.1280717e+00  -2.9663667e-01
  -4.6017921e-01   4.3136843e-01
  -2.7544457e-01   4.8126080e-01
  -7.0594773e-01   2.3786675e-01
  -9.3482151e-01   1.4198256e-01
  -2.3191495e-01   5.6005538e-01
   1.3784358e+00  -5.4523323e-01
  -4.9535798e-01   4.0607650e-01
  -1.5421420e-01   5.8695888e-01
  -1.5277521e-01   5.1323409e-01
  -6.6420011e-01   3.3316199e-01
  -3.7750972e-01   4.3302231e-01
  -6.3554446e-01   3.2023055e-01
  -5.4899387e-01   4.7530905e-01
   7.5767284e-01   1.5965331e-01
  -5.0579142e-01   5.0896778e-01
  -6.5436642e-01   2.8834685e-01
  -4.3680775e-01   4.4984290e-01
  -8.1861511e-01   1.2564608e-01
  -5.8111467e-01   3.4557110e-01
  -7.1869874e-01   2.6615314e-01
  -5.2927916e-01   4.2677222e-01
  -7.5595071e-01   1.7844102e-01
  -8.3809103e-01   1.3427844e-01
  -6.8374263e-02   6.1602395e-01
  -5.1156573e-01   3.6013788e-01
  -6.5035444e-01   3.0355822e-01
   6.6345148e-01   2.4596899e-01
  -3.3908819e-01   4.6126505e-01
   1.9679956e+00  -1.5019578e+00
   6.8732034e-01   1.5874010e-01
  -8.3325274e-01   1.8988579e-01
  -5.5240773e-01   4.0734804e-01
   1.5367139e+00  -7.8405590e-01
  -6.4129036e-01   3.2996051e-01
   8.9840152e-02   5.0886859e-01
  -7.0683157e-01   3.3995806e-01
  -5.6761717e-01   3.0028340e-01
  -8.2146538e-01   1.3602138e-01
  -3.6524052e-01   4.7314455e-01
   1.7568582e+00  -1.2408584e+00
  -9.1589429e-01   1.5001107e-01
   1.4189898e+00  -7.0143414e-01
  -6.6510388e-01   3.7033535e-01
   2.2298836e+00  -2.1546392e+00
  -5.4063508e-01   4.1848198e-01
  -5.0552999e-01   3.7855038e-01
  -7.3631757e-01   3.2100735e-01
  -9.2491496e-01   5.5462420e-02
   2.9482022e+00  -3.9179068e+00
  -4.9053435e-01   3.8215283e-01
  -4.9685086e-01   4.4915645e-01
  -3.2665922e-01   4.9351251e-01
   5.0578256e-01   2.7034316e-01
   1.9531933e+00  -1.5655415e+00
  -3.2699717e-01   5.8343586e-01
   1.9182527e+00  -1.5178683e+00
  -1.3160355e-01   5.5163647e-01
  -6.1623729e-01   3.4729724e-01
  -3.5865989e-01   5.0499701e-01
  -5.9410275e-01   4.9193137e-01
  -5.6594288e-01   4.2441588e-01
  -8.2196812e-01   1.8089491e-01
  -9.5689414e-03   5.6107038e-01
  -8.9049803e-01   1.1074551e-01
   1.6160793e+00  -1.0080221e+00
   1.9352998e+00  -1.6324052e+00
   3.9149357e-01   4.7334092e-01
   2.7238995e-02   4.7646480e-01
  -7.5789782e-01   2.9772940e-01
   1.6531205e+00  -1.0559691e+00
  -7.5631471e-01   2.5803273e-01
   1.1729219e-01   5.9008130e-01
  -6.9815905e-01   2.7267454e-01
  -5.9480266e-01   3.7466888e-01
   1.8852791e-02   5.7464690e-01
  -3.1431525e-01   4.5132090e-01
  -4.8984333e-01   4.0037047e-01
  -8.9793270e-01   8.3367845e-02
  -5.9518617e-01   4.4107858e-01
   3.0684310e-01   4.3108378e-01
  -7.8153658e-01   2.6478315e-01
  -2.1240722e-01   4.9305519e-01
  -3.8066633e-02   6.4892554e-01
  -7.7545628e-01   1.0516414e-01
  -3.7878789e-01   4.4639656e-01
  -1.1212106e-01   4.8987882e-01
  -3.6179390e-01   5.1465632e-01
   1.1094935e+00  -2.0725555e-01
  -6.2004192e-01   3.2162241e-01
  -4.4777677e-01   4.0649145e-01
  -2.5783162e-01   4.8712162e-01
   1.8818063e+00  -1.4842492e+00
   1.5994332e+00  -8.4887711e-01
  -5.5067831e-01   4.6325124e-01
  -9.1592698e-02   5.9637428e-01
  -8.1839189e-01   2.6852439e-01
  -9.2247994e-01  -1.7572965e-02
   8.5658528e-01   2.6501040e-02
  -1.9436589e-01   5.5621790e-01
  -5.2962953e-01   4.0659360e-01
  -8.9153941e-01   2.0290584e-01
   1.5570762e+00  -9.5431085e-01
  -2.6380517e-01   6.2009528e-01
  -9.0517491e-01   1.2935691e-01
  -2.5815634e-01   4.6642455e-01
  -6.5245278e-01   3.5069674e-01
  -5.9893815e-01   4.8884198e-01
  -7.8996182e-01   1.8033706e-01
   1.8284315e+00  -1.4291874e+00
  -5.3141544e-01   4.8852869e-01
  -8.2581037e-01   1.6810373e-01
   3.4219061e-01   5.3656289e-01
  -4.9603206e-01   3.9022067e-01
  -4.5622531e-01   4.0699821e-01
  -5.3762989e-01   5.0076957e-01
  -7.4320338e-01   3.7744360e-01
   1.8917779e+00  -1.5551298e+00
  -5.8269635e-01   3.4671147e-01
   3.5754520e-01   4.6871789e-01
  -6.5928011e-01   3.7946146e-01
  -8.6979228e-01   7.8827274e-02
  -8.9797942e-01   1.3292813e-01
   6.5912086e-02   6.3123127e-01
  -7.1754180e-01   3.9622716e-01
   2.8909534e+00  -3.6190094e+00
  -5.7440194e-01   3.6422511e-01
   1.9162487e+00  -1.5118716e+00
  -9.0475979e-01   6.3314055e-02
  -5.3473509e-01   3.8997821e-01
  -7.7192302e-01   1.7861148e-01
  -7.0755674e-01   2.9212703e-01
  -8.4448912e-01   8.1999064e-02
  -8.9211304e-01   1.0625524e-02
  -6.3648508e-01   3.0194357e-01
  -2.4573546e-01   4.6649291e-01
  -3.3272452e-01   5.2441037e-01
   1.5527349e+00  -8.6423609e-01
  -7.6517679e-01   1.6966296e-01
  -5.3956217e-01   4.5797458e-01
  -1.8059102e-01   5.6181499e-01
   1.2633689e+00  -5.0060462e-01
  -4.8164136e-01   4.7953655e-01
  -5.3202150e-01   3.6948809e-01
   8.8869852e-01   7.9160959e-03
  -8.8901065e-01   5.2462825e-02
  -5.6100668e-01   4.6972801e-01
  -6.8085359e-01   1.8537567e-01
  -5.4315087e-01   4.4451913e-01
  -5.8172919e-01   4.2607077e-01
   7.5727162e-02   5.9459324e-01
   1.3136522e+00  -5.2525692e-01
  -6.2987292e-01   2.5095191e-01
  -3.9353854e-01   4.2845326e-01
  -5.5320046e-01   4.3285474e-01
  -7.8619005e-01   2.1978478e-01
   1.0812941e+00  -1.5627906e-01
  -4.9746556e-01   4.6495949e-01
   5.1085399e-01   3.8909436e-01
  -5.7312692e-01   3.9210686e-01
  -6.0979025e-01   3.1998141e-01
   1.4879799e+00  -7.9226249e-01
  -8.7931687e-01   1.2782972e-01
  -3.5991234e-01   4.0690359e-01
  -5.9440662e-01   2.9828696e-01
  -4.2969611e-01   4.6389865e-01
  -3.9173210e-01   4.8738311e-01
   8.3420001e-01   1.0793420e-01
   1.6812087e+00  -1.0960299e+00
  -7.0529399e-01   2.6870705e-01
  -9.0617158e-01   1.7642224e-01
  -9.1644359e-01   2.2947288e-02
  -5.3269259e-01   3.5538631e-01
  -6.0785249e-01   4.2274959e-01
   5.2057019e-01   3.6816322e-01
  -5.6353778e-01   3.7910976e-01
   6.5006944e+00  -1.2187879e+01
   1.8118972e+00  -1.3505261e+00
   1.8894675e+00  -1.5261881e+00
  -6.5635359e-01   4.1156154e-01
   7.9345165e-01   2.0653978e-01
  -3.4443101e-01   4.0185028e-01
   2.6730754e+00  -3.2008001e+00
   9.2704247e-01   4.9841470e-02
  -5.8304483e-01   3.3961006e-01
   1.9256871e+00  -1.4168211e+00
  -1.2519793e-01   5.7701321e-01
  -6.4825212e-01   2.4117824e-01
   1.4919209e+00  -7.1167572e-01
  -3.7339884e-01   5.0961767e-01
   1.7291354e+00  -1.2119844e+00
   3.1806851e-01   4.9764421e-01
   8.0362009e-01   1.0414014e-01
  -5.7571219e-01   3.9907880e-01
  -7.5764579e-01   1.4473926e-01
  -1.8533524e-01   4.9153983e-01
   8.5601774e-01   6.3068177e-02
   2.3261217e+00  -2.3387840e+00
  -9.3070272e-01   1.1477479e-01
   7.2137980e-01   1.6444016e-01
  -8.9403394e-01   9.9875930e-02
  -7.6638866e-01   2.1821690e-01
  -4.9055989e-01   3.7957340e-01
   1.6391717e+00  -1.0239436e+00
  -6.5088748e-01   2.9373120e-01
  -2.8759686e-01   5.6330216e-01
   4.2771351e-01   3.7086160e-01
  -4.4816029e-01   5.2364092e-01
  -6.6902200e-01   3.2375425e-01
   1.4374620e+00  -6.0446514e-01
  -7.5879852e-01   1.8483282e-01
  -5.5273779e-01   3.7050327e-01
  -2.0006494e+00  -1.8648588e+00
  -3.5354251e-01   5.6627287e-01
  -6.3383912e-01   3.1369351e-01
   2.0822452e-01   4.5997086e-01
  -3.4668268e-01   5.4106197e-01
  -3.0693148e-01   5.6061891e-01
   4.8532339e-01   4.0677438e-01
   2.4619973e+00  -2.6161211e+00
  -7.3196641e-01   3.0144147e-01
  -6.3861888e-01   2.9503233e-01
  -8.0631358e-01   2.5879247e-01
   9.0566679e-01   6.8743345e-02
  -6.3870907e-02   5.3789032e-01
   2.6787393e-01   5.2675885e-01
   1.0773450e+00  -1.0466874e-01
  -1.7895293e+00  -1.3002136e+00
   8.0889911e-01   6.6107727e-02
   7.6871471e-01   1.3025423e-01
   1.5430388e+00  -8.3095746e-01
   1.3231829e+00  -5.0354390e-01
   6.3119005e-01   2.9571240e-01
  -7.5657516e-01   2.4063947e-01
  -5.8444998e-01   4.2815137e-01
  -9.2215096e-01   3.8125834e-02
  -5.2513125e-01   4.4311050e-01
  -4.7156323e+00  -1.2569763e+01
  -8.8053306e-01   9.9198494e-02
   1.4693956e+00  -6.5129982e-01
  -5.1956647e-01   4.0748836e-01
  -4.9590796e-01   4.2802054e-01
  -2.5046486e-01   5.3346495e-01
  -5.7725754e-01   4.0363183e-01
  -5.8011417e-01   4.2641511e-01
  -7.7456160e-01   1.5595436e-01
   1.2199967e+00  -4.0092863e-01
  -8.5492627e-01   1.1617091e-01
  -8.7521868e-01   1.0650955e-01
  -2.8620392e-01   5.4889749e-01
  -4.0692956e-01   5.3971274e-01
   1.3765852e+00  -4.9882777e-01
  -2.2433832e-01   5.5070237e-01
  -8.9434968e-01   1.7777286e-01
  -6.2128596e-01   4.0160624e-01
   1.6909384e+00  -1.1647381e+00
   1.4656655e+00  -6.5935915e-01
  -6.7201488e-01   3.3207617e-01
  -6.2300429e-01   2.4172548e-01
  -9.3783478e-01   8.7880116e-02
  -5.7707517e-01   4.2757453e-01
   9.0431221e-01  -5.9568200e-02
   1.9407793e+00  -1.5476820e+00
  -2.0478210e-01   5.9217674e-01
  -7.1521684e-01   2.9757769e-01
  -5.1249208e-01   4.3071375e-01
   1.9624461e+00  -1.5634237e+00
  -8.5284930e-01   1.7018788e-01
  -2.6483574e-01   5.4069567e-01
  -9.3679828e-01   1.5268036e-01
   9.5944873e-01  -1.2700723e-02
   1.9352778e+00  -1.5278908e+00
  -6.2287042e-01   3.8762230e-01
   1.6456488e+00  -9.9268153e-01
  -2.5489067e-01   5.3895380e-01
   7.7933604e-01   1.8063289e-01
  -8.8241102e-01   1.5356434e-01
  -5.0098217e-01   4.0638705e-01
   6.0976036e-01   3.0285538e-01
  -5.9067917e-01   3.9888361e-01
   1.7891329e-01   5.1719781e-01
  -3.8171805e-01   5.4173009e-01
  -5.5371508e-01   4.1144910e-01
  -8.7982615e-01   1.0177417e-01
  -8.7965132e-01   1.7267604e-01
   1.0947374e+00  -1.3168573e-01
   7.4319533e-01   2.1762735e-01
  -4.2905120e-01   4.2411196e-01
  -5.2475765e-01   3.7381388e-01
  -3.8937113e-01   4.0358349e-01
  -5.5858638e-01   3.5186049e-01
   1.1077376e+00  -2.1541502e-01
  -5.5192155e-01   3.1617382e-01
  -8.5971406e-01   3.3162719e-02
  -2.8491752e-01   5.0190884e-01
  -7.1839772e-01   3.4510433e-01
  -6.1896650e-01   2.8209610e-01
   9.6036221e-01  -6.7624265e-02
  -4.6043952e-01   4.9315338e-01
  -6.4813011e-01   3.4566932e-01
  -8.0540960e-01   2.8168843e-01
   4.3896842e-01   4.6280345e-01
  -8.6071345e-01   7.2018045e-02
  -7.4600900e-01   2.5452683e-01
  -1.5844441e-01   5.1926936e-01
   2.6380736e-01   4.4793805e-01
  -4.7466713e-01   4.9249148e-01
   9.7157795e-01   2.2892572e-02
   1.5725926e-01   5.2982498e-01
  -6.9782109e-01   2.7092477e-01
  -6.0844966e-01   3.4903334e-01
  -4.8401999e-01   4.7832488e-01
   3.4767656e-01   4.1600479e-01
   7.8042819e-01   2.6227547e-01
  -5.2256908e-01   4.4726627e-01
   7.1127004e-02   5.0591087e-01
  -5.6154295e-01   3.1148047e-01
  -8.7255576e-01   7.1966643e-02
  -5.8720034e-01   3.8705545e-01
   2.1858321e+00  -2.1055728e+00
   1.9502099e+00  -1.5466849e+00
  -9.2112789e-01   4.3209031e-02
  -6.9074630e-01   2.3689284e-01
  -8.2281567e-01   1.3198541e-01
   1.3207422e+00  -5.0738262e-01
  -3.7141083e-01   5.7057551e-01
  -6.4078304e-01   3.5597727e-01
   1.8120865e+00  -1.3794840e+00
  -9.4341036e-01   1.1992828e-01
  -9.3656406e-01   2.8534974e-02
   1.0541769e-01   4.5898694e-01
  -4.3904752e-01   4.4359518e-01
   1.5909023e+00  -9.7880994e-01
   1.2158363e+00  -3.7191133e-01
  -4.8600644e-01   4.4716696e-01
  -5.4951589e-01   4.2589960e-01
  -9.0296706e-01   5.8255003e-02
  -5.7643184e-01   3.5564440e-01
  -5.1638618e-01   4.4103533e-01
  -4.2360605e-02   5.0710869e-01
  -6.2853039e-01   4.5078671e-01
  -6.0741485e-01   2.7894269e-01
   1.0155824e+00  -7.6261712e-02
  -6.8381725e-01   3.1800647e-01
  -4.4026415e-01   4.8531871e-01
  -7.9858018e-01   2.1561607e-01
   4.1443905e-03   5.4735955e-01
  -6.4888210e-01   2.5396672e-01
  -8.0706183e-01   2.3986707e-01
   3.5111548e-01   4.0957669e-01
  -5.9928597e-01   4.1357102e-01
   7.2114395e-01   1.1296441e-01
  -8.8158312e-01   1.4162141e-01
  -3.7304941e-01   5.4957628e-01
  -5.7900007e-01   4.3893629e-01
   9.3220721e-01  -4.3868544e-02
   7.3480471e-01   2.6052880e-01
  -4.1490791e-01   4.9315950e-01
  -8.6844603e-01   1.0759226e-01
   9.9045799e-01  -7.8880682e-02
  -7.2613497e-01   2.4343907e-01
  -8.8455964e-01   1.0239056e-01
  -8.9767646e-01   3.9614023e-02
   2.0870478e+00  -1.9224107e+00
   2.1391990e+00  -2.0167927e+00
  -5.4298378e-01   4.7247525e-01
  -9.1667331e-01   3.6807083e-02
   1.9671806e+00  -1.5575038e+00
   8.9144501e-01   1.0442863e-01
  -4.1494672e-01   4.2106631e-01
  -9.0145106e-01   8.3470632e-02
  -2.4291159e-01   4.7133825e-01
   1.0566377e+00  -1.7890888e-01
   7.7898462e-01   1.8765045e-01
  -8.6558522e-01   1.6006189e-01
  -5.8167162e-01   3.2339805e-01
  -5.8485850e-01   3.8608277e-01
   7.0423620e-01   2.2564909e-01
  -6.0588427e-01   3.1625197e-01
  -4.6262713e-01   5.0732894e-01
  -8.7580916e-01   1.0798550e-01
  -3.6844051e+00  -7.4886305e+00
   1.5982845e-01   6.1850890e-01
   1.5183988e+00  -7.6829994e-01
  -2.9945810e-01   5.4887297e-01
   2.1873456e+00  -2.1309065e+00
  -5.7606552e-01   4.2782909e-01
  -5.4719902e-01   3.4707601e-01
  -5.5818567e-01   3.7598365e-01
   8.5883375e-01   3.3353246e-02
  -8.8237981e-01   1.0430550e-01
  -6.8201432e-01   2.8886089e-01
  -5.6041395e-01   3.5435108e-01
  -2.3252876e-01   5.5399034e-01
  -8.8735884e-01   6.1115237e-02
  -8.9937517e-01   1.5907610e-01
  -3.8907342e+00  -8.5161773e+00
  -8.8115049e-01   1.4834306e-01
   1.9736333e+00  -1.5390381e+00
  -6.1579480e-01   3.4310593e-01
  -9.1515534e-01   9.1441171e-02
   1.5507189e+00  -8.6574328e-01
  -1.5389535e-01   5.9317336e-01
  -9.0831586e-01   3.6980910e-02
   1.6232797e+00  -9.3962936e-01
  -6.3583911e-01   3.4622841e-01
  -9.1299015e-01   4.8318606e-02
  -8.5874242e-01   1.6582083e-01
   1.9525241e+00  -1.6061298e+00
  -4.7577901e-01   3.5999022e-01
  -5.0544708e-01   4.3588476e-01
  -8.1722675e-01   2.1917915e-01
   1.8917038e+00  -1.3756563e+00
  -7.6532706e-01   2.0465169e-01
  -8.7102406e-01   1.7218996e-01
  -5.8912030e-01   3.3943555e-01
  -1.8825411e-01   6.2647096e-01
  -7.3155522e-02   4.9858794e-01
  -6.2810784e-01   2.6418615e-01
  -4.8807325e-02   5.6096917e-01
  -4.7942032e-01   5.4858785e-01
   1.9367167e+00  -1.5387888e+00
   1.1515543e+00  -2.4793674e-01
  -5.8497431e-01   4.2999439e-01
   8.3216687e-01   5.4703981e-02
  -9.3844365e-02   5.5952777e-01
