  -8.5986573e-01   4.9753369e-01
   5.8099150e-01  -1.1116837e+00
   6.5240016e-01  -1.4732257e+00
  -1.0951097e-02   2.9061557e-02
   1.4856349e-01   4.4201143e-02
  -1.5444233e-01   3.2647089e-01
  -1.5993146e+00   1.6488435e+00
  -2.2947996e+00   2.3058461e+00
  -8.1707301e-02   6.3562099e-01
   3.3810651e-01   5.1173644e-01
   2.8695878e-01   2.9279414e-01
   2.3223943e+00  -1.9527448e+00
  -1.0511143e+00   1.1260704e+00
   1.9397663e-01   2.8114265e-01
   5.4864745e-01  -1.2908820e-02
   3.7983282e-01  -1.1904731e+00
   1.7235445e-01   3.3821927e-01
  -1.1071059e-01  -5.6362748e-01
   7.1200008e-01   4.5290366e-01
   3.4208145e+00  -3.4516033e+00
   1.1150188e-01   3.6279322e-01
   3.3706079e-01   2.3083157e-01
   2.9128035e+00  -2.6745448e+00
   1.1254142e+00  -1.4756974e+00
  -7.3276899e-01   1.3267677e+00
   2.6266253e-01  -6.9026675e-01
   4.1797982e-01  -9.4341114e-01
  -1.3003457e+00   1.3130565e+00
   7.1647965e-01  -1.4531079e+00
   2.9907811e-01  -1.1534269e+00
  -2.1241875e-02  -2.4280787e-01
  -8.9383010e-02   1.0461451e+00
   2.2735854e+00  -2.5986221e+00
  -2.0310708e-01   5.4167464e-01
   4.6572281e-02  -1.9895588e-01
   6.3853983e-01  -5.6610091e-01
  -1.1794317e-01  -1.9473198e-01
   5.4773353e-01  -1.2659118e+00
  -6.2664671e-01   1.5022046e-01
  -4.2504617e-02   7.7126809e-01
   4.6893571e-01  -7.3997000e-01
   5.3090437e-01  -1.2308169e+00
  -3.1252616e-02   2.0372916e-01
  -2.2655627e+00   1.5948076e+00
   1.1288138e+00  -8.2575526e-01
   1.7038184e+00  -1.3192969e+00
  -2.0885379e-01   9.2510185e-01
   4.3319226e-01  -6.9576470e-01
  -8.6172190e-01   9.1567881e-01
  -1.1132950e+00   2.4556977e-01
  -1.5242268e-01   6.5746831e-01
  -2.0760447e+00   2.1595864e+00
   6.4501705e-01  -2.6889156e-01
   8.8561650e-02   4.9546324e-01
  -4.5453080e-01   9.9647092e-01
   5.7421321e-01  -1.2876731e+00
  -1.3175618e-01   5.3863861e-01
   2.8930096e-01   2.5044915e-01
  -1.6923974e+00   1.6034486e+00
  -1.4010189e-01  -3.5352066e-01
   7.0009730e-01  -9.4150063e-01
   4.3501728e-01  -3.1194186e-01
  -1.8302562e-03   6.4129150e-01
   5.4732459e-01  -6.2219143e-01
  -1.3528600e-01  -7.0393052e-02
  -2.2220130e-01   4.1217165e-01
   6.6918592e-01  -8.5958580e-01
   1.4761551e-01  -6.0246350e-01
   1.6894342e+00  -9.8736203e-01
  -2.2711519e+00   2.3459425e+00
   4.0554577e-01  -4.8268946e-01
   6.3734056e-01   4.9190121e-01
  -9.8579917e-01   6.9005801e-01
   1.3984888e+00  -1.1386767e+00
  -1.7075221e+00   1.6542884e+00
  -3.4980084e-01   6.8839271e-01
   6.8278118e-01  -2.1259158e-01
  -7.7112755e-01   2.6183690e-01
   7.5583065e-02  -6.6606491e-02
  -2.0973559e-01   9.6035451e-01
  -7.1039862e-01  -1.0437462e-01
   6.7779755e-01  -4.8009801e-03
   5.1562540e-01  -7.3764252e-01
  -1.6517922e+00   2.0382038e+00
  -6.4705535e-02   5.1576947e-01
  -1.7522223e-01   3.8975842e-01
  -2.2102437e+00   2.1324637e+00
  -1.2913987e+00   1.2311907e+00
   3.4226215e-01  -4.8472330e-01
  -7.2753853e-01   3.9734962e-01
  -1.6204729e+00   2.0171713e+00
   5.6625785e-01  -1.1752854e-01
   5.5115379e-01  -6.8000294e-03
  -2.1222608e+00  -1.9693423e-02
  -8.3587737e-01   1.4612163e+00
  -1.7040885e-02  -7.8531618e-02
  -6.9262496e-03  -3.7178945e-01
   3.1538231e+00  -2.7836742e+00
  -3.0818831e-01  -2.4192323e-01
  -1.1064434e+00   2.4091028e-01
   1.3655132e+00  -1.8820160e+00
  -1.0502230e-02   6.2681685e-01
   1.3613326e-01  -6.5615269e-01
   3.3796501e-01   2.2377291e-01
   1.0975881e+00  -6.5605902e-01
  -9.0181858e-02   2.0955194e-01
   2.7132114e-01   1.6366193e-03
   6.8349350e-01  -4.1791915e-01
   3.3727649e+00  -3.5661479e+00
  -2.0952596e-02   5.4690490e-01
  -2.3249761e+00   1.6845704e+00
  -2.2156056e-01   3.0068926e-01
   8.5596515e-02  -5.8913348e-01
   2.0999446e-01  -1.3143179e-01
  -1.3025660e-01   6.7962048e-01
   4.0306110e-01  -8.4612668e-01
   9.4737029e-01  -1.4988041e+00
  -6.4736568e-01   4.1164039e-01
  -1.0604143e-01   6.9127119e-01
   5.2194400e-01  -7.1164730e-01
  -1.9157143e+00   7.6796073e-01
  -1.9021695e+00   2.2274725e+00
   4.6568021e-01   1.0378006e-01
  -2.0728653e+00   1.4259279e+00
   6.0042639e-01   1.8667580e-02
   1.1419135e+00  -6.4355629e-01
   6.9811483e-01  -1.2265123e-02
   6.2664133e-01  -4.6378178e-03
  -1.5926577e-01  -3.1045609e-01
   1.1545460e+00  -7.6579678e-01
  -2.9044423e-01   1.6794739e-01
   4.0278497e-01  -7.8476349e-01
   3.4181867e-01   3.7456274e-01
   1.4935822e-01  -3.5658216e-01
  -8.7630601e-02  -3.4100520e-01
   4.2909869e-03  -2.8774707e-01
   4.4764816e-01  -1.0862791e+00
  -6.3922788e-01   6.1309265e-01
   2.4202916e-01   1.5237474e-01
   3.1513883e-02  -9.0407021e-01
   6.5518870e-01  -4.8714622e-04
  -8.8740116e-02   4.6003727e-01
   2.3656372e+00  -2.5028584e+00
   5.5347678e-01  -8.6236940e-01
  -8.7265457e-01   4.2720699e-01
   1.2109062e-01  -5.8726323e-01
  -1.7488587e-02  -3.1760187e-01
   6.1676236e-01  -9.5012420e-01
  -8.7689766e-01  -1.0971090e-01
   5.4174835e-01   2.9169117e-02
   3.3870074e-01   1.9216940e-01
   6.6637547e-01  -1.1797048e+00
  -1.4952453e+00   9.9280374e-01
   5.7710928e-01  -3.2511347e-01
   3.1822755e+00  -2.8022792e+00
   2.8714339e-01   1.4799883e-01
   5.9425309e-01  -1.4813969e+00
   1.1083641e+00  -7.7640306e-01
   9.7165324e-01  -1.1478247e+00
  -1.3694730e+00   7.3551445e-01
  -2.2213601e+00   1.8879215e+00
   3.8862636e-01  -1.0066538e+00
  -1.6675224e+00   1.8020119e+00
   6.8597985e-01  -6.4257077e-02
  -2.1694096e-01   8.0160896e-01
  -1.8012429e-01   9.4265453e-01
   2.5420910e-01   5.2645191e-01
   3.3584508e-01   1.2684786e-01
   1.0350604e+00  -1.1483779e+00
   3.3521639e-01   4.2856056e-01
   6.6601436e-01  -1.3191229e+00
   1.1285849e-01   9.6994736e-01
   3.1978556e-02   5.0979373e-01
  -9.7257546e-01   4.7111928e-01
   5.5927757e-01  -6.6055591e-01
   7.1976941e-01  -9.5850326e-01
  -2.3519645e+00   5.2320115e-01
  -1.2497067e-02  -2.0368522e-01
   6.8856998e-01  -1.2798596e-01
  -1.0564260e-01   7.6164163e-01
   2.6653493e-01  -1.1295165e+00
   6.5580777e-01   8.1563086e-02
  -1.6409622e-01   6.3500389e-01
   5.1650843e-01  -2.8502565e-01
  -3.6150050e-01  -5.7694550e-01
   2.2830140e-01   3.9234020e-01
   6.6848493e-01  -1.3496304e+00
   5.2884002e-01   5.3060453e-02
   1.9723081e-02   1.0807474e-01
  -3.2601123e-01   2.5640980e-01
  -1.2245985e-01  -3.8856480e-01
   6.4222466e-01  -6.9121119e-01
   3.9868121e-01  -2.5495863e-01
   6.7663761e-01  -6.6671283e-01
  -1.2966956e-01   3.3626619e-01
  -1.5800693e-01  -5.9890732e-01
  -6.7910298e-01   5.3286235e-01
   3.7475744e-01  -5.0405500e-01
   7.0437291e-01  -1.0553557e+00
   6.3982279e-01  -9.7908668e-01
   6.9602741e-01  -1.0557812e+00
   8.9543586e-02  -6.2047978e-02
   1.0515166e-01   5.1512191e-01
   1.7680120e-01   6.7971957e-02
  -1.6695801e-01  -4.6045798e-01
   4.6675354e-01  -8.6078326e-01
  -2.1809291e+00   1.7932136e+00
  -5.4645663e-01   4.1132569e-01
  -1.2551962e-01  -3.8340596e-01
   1.0935144e-01  -1.3979382e-01
  -2.3644642e+00   1.5584158e+00
  -9.2136555e-01   9.0029116e-02
   5.8749482e-01   3.9602748e-01
   7.1490764e-01  -4.2026222e-01
   1.5032657e-01   3.6446399e-01
  -7.9752810e-01   7.0576229e-01
  -2.2925225e+00   8.3007686e-01
  -2.2296868e+00   9.4442908e-01
  -2.1795544e+00   2.0341015e+00
  -9.2719410e-01   8.7667491e-01
  -1.9328656e+00   2.1425235e+00
  -2.0552353e+00   2.0918335e+00
  -1.8400025e+00   4.5305755e-01
  -1.5370279e+00   5.0979127e-01
  -2.1508044e+00   1.2486993e+00
  -2.1225095e-01   6.7390571e-01
   5.8026974e-01  -1.2397847e-01
   4.3701659e-01   1.5955626e-01
   5.1134605e-01  -1.5031290e-01
   3.0090702e-01   1.2003410e-01
   6.6438481e-01  -2.7508934e-02
   5.9077132e-01  -2.3048422e-01
   2.8141669e-01  -6.6092601e-01
   7.5073771e-01  -8.3763545e-01
   1.9162808e+00  -2.1747964e+00
   6.1272228e-01  -4.9472384e-01
  -2.2589290e+00   9.7593332e-01
  -1.8990184e+00   2.0414287e+00
  -5.9788384e-01   1.1946163e+00
  -1.1206816e-01   5.3239521e-01
  -2.2751995e-01  -5.7842423e-01
   2.1454335e-01  -2.5356704e-01
   1.4158353e+00  -1.0228284e+00
  -3.0681302e-01   4.8590792e-01
  -1.6092855e+00   2.0244002e-01
  -5.2158975e-02   5.4191583e-01
   1.5849196e-01   1.7673685e-01
   5.9798975e-01  -2.6029545e-01
  -2.4234265e-01   5.0894996e-01
   2.4842256e-01  -7.9634531e-01
   6.7200311e-01  -3.5532867e-01
   2.8608553e-01  -9.8263880e-01
  -1.7811627e-01  -2.6434859e-01
  -8.2732643e-02  -5.8013395e-01
   6.5392780e-01  -1.0672583e+00
   5.4355795e-01  -1.9637373e-01
  -1.5686785e+00   1.5094965e+00
   3.0580383e-01   2.2983018e-01
   1.9929604e-02   3.7775139e-01
  -2.2798969e+00   3.0091743e+00
   5.0614473e-01  -5.9625615e-01
  -1.6556997e-01   1.1641950e-01
   2.0033546e+00  -2.3782642e+00
  -1.8331221e-01  -1.7950547e-01
   2.4954957e-01  -6.9206260e-01
  -6.9179054e-01  -1.4873502e-01
  -1.9007680e+00   1.8388398e+00
  -4.1495436e-02   3.3211943e-01
  -2.0409520e+00   3.8134484e-01
   7.0527158e-01  -6.5965844e-01
  -3.2781029e-01   4.2874011e-01
   5.7521242e-01  -4.3893475e-01
  -3.5387560e-02   6.7012259e-01
   5.2697125e-01  -6.1243739e-01
  -9.4078653e-02  -3.1528236e-01
   6.7757954e-01  -1.4229936e-01
   5.3491884e-01  -1.0885124e+00
  -1.5631683e+00   1.2779474e+00
   6.9581671e-01  -1.4752579e+00
   3.2889114e-01  -1.1746820e+00
   4.5202698e-01  -4.3704241e-02
  -2.0034350e+00   2.2238605e+00
  -2.3314990e+00   9.7511005e-01
  -1.7188658e-01   5.4574796e-01
   2.9641153e+00  -2.9381882e+00
   6.5136917e-01  -2.3093494e-01
  -7.3005222e-01   1.2854274e+00
  -1.2175839e+00   1.3357527e+00
   3.0784180e-01   1.1471319e-01
  -2.3331047e+00   2.1186261e+00
   6.4586151e-01  -8.5452606e-02
  -1.0580935e-01   5.0278674e-01
   2.2313544e+00  -2.5849261e+00
   6.3568205e-01  -1.1475148e+00
   6.2616747e-01  -1.1395911e+00
   4.1631827e-01   3.0333873e-01
   2.7340760e-01  -5.6410650e-01
  -6.3265357e-01  -5.2172812e-03
   6.2114905e-01  -2.6415913e-01
   1.9931942e+00  -1.8425036e+00
   2.7657820e-01   2.7035448e-01
   1.1329895e+00  -1.1229607e+00
   4.6785255e-01  -5.7222760e-02
  -1.5045490e+00   2.2607257e-01
  -1.7268879e+00   4.7467218e-01
  -4.7579170e-02   5.7006206e-01
   5.8615836e-01  -7.2223479e-01
   5.6036403e-01  -9.9157907e-01
  -2.6054014e-01  -2.4568995e-01
   5.8295931e-01  -3.8221795e-01
  -3.4961943e-01   4.2735545e-01
   6.0252745e-01  -4.8161043e-01
  -1.1808106e+00   1.2213374e+00
  -4.5680337e-01   1.0636285e+00
  -1.4834996e-01   6.8153008e-01
   3.4258464e-01  -6.6776013e-01
  -2.5888410e-01   2.2683389e-01
   6.1754248e-01  -8.2139046e-01
  -4.1150407e-02   3.4400741e-01
  -2.3243511e+00   2.3178752e+00
   1.0844955e-01  -4.2617272e-01
   4.1237907e-01   1.1196365e-01
  -5.0256590e-01  -4.4227250e-01
   5.7886830e-01  -5.1887689e-02
   6.9418063e-01  -6.1947963e-01
   2.8980398e-01   2.3638566e-01
   1.8447313e-01  -3.2619531e-01
   6.4446073e-01  -7.4404517e-02
  -1.6887821e+00   1.9708794e+00
   3.1433683e+00  -3.3027615e+00
   4.6070951e-01   7.3045722e-01
   5.7578036e-01  -6.4171736e-03
   2.6600597e-01  -3.4135157e-01
  -9.5874687e-01   1.8655240e+00
   1.0157110e-01   2.7137251e-01
   5.0937799e-01  -3.9184919e-01
  -1.1611499e+00   1.1684293e+00
   1.2781082e+00  -9.6732412e-01
   7.0287854e-01  -3.9805173e-01
   2.0139603e+00  -2.2920593e+00
  -4.7391703e-02   5.9405895e-01
  -1.0591340e+00   5.8701062e-02
   4.2146146e-01   8.7494377e-02
  -1.0181825e-01   1.0241796e+00
   1.7009985e-01  -1.0145802e+00
   4.2929508e-01  -4.7209976e-01
   3.3883457e+00  -2.9940238e+00
  -1.7266114e+00   2.1779423e+00
   4.5555522e-01  -8.0171369e-01
  -1.7471564e-01   3.8413896e-01
   8.8135305e-01  -3.3620110e-01
   4.0754112e-01  -1.1555525e+00
   6.3904403e-01  -9.7534741e-01
  -3.1119697e-02   1.5473812e-01
   1.9490473e-01   1.2506995e-01
  -1.9379937e-01  -8.2603756e-01
  -2.1673229e+00   3.5895380e-01
   7.7383676e-02  -6.8940450e-01
  -2.1616818e+00   8.7178141e-01
   2.2902555e+00  -2.3792888e+00
  -1.5503712e+00   1.8683284e+00
  -8.2402395e-01   8.0375775e-01
  -1.5127900e-01   5.8615250e-01
   2.1775762e-01   3.5237316e-01
  -6.1927224e-02   7.3354103e-01
  -9.2450415e-01   6.4707937e-01
   6.2908935e-01  -1.1558087e+00
  -1.2833931e-01   4.9900223e-01
   1.4652727e-01   5.2270436e-01
  -1.6565842e+00   2.0097614e-01
   3.5063332e-01  -1.1681491e+00
  -6.6773592e-01   1.7450118e-01
   2.3979356e+00  -2.2266567e+00
   2.9135761e-01   6.9336738e-02
  -1.9117277e+00   1.3947446e+00
  -4.4248439e-01   6.7516690e-01
   2.8364838e-01   1.3694659e-01
  -2.6896830e-01   8.6594776e-01
  -1.8377027e+00   1.9504320e+00
   2.1348308e-01  -6.3221811e-01
   5.2970283e-01  -9.5197119e-01
  -9.9606940e-01   2.5629652e-01
  -2.8478839e-01  -3.6221591e-01
   4.5870067e-01  -6.5323583e-02
   2.6184789e-01  -4.0512327e-02
  -5.0984151e-01   4.5454599e-01
   5.3032046e-01  -5.8354168e-01
   2.4401260e-02  -1.6303439e-01
   5.0480545e-01   1.3164953e-01
   3.1252684e-01  -1.0576026e+00
  -9.2846805e-01   1.3503291e+00
   4.0157550e-01  -7.3541471e-01
  -1.7676566e+00   1.9994260e+00
   9.6480195e-02   3.2477609e-01
  -1.0996742e-01   5.9552350e-01
  -7.0253568e-01   9.7132661e-01
   1.5373332e-01   3.3102065e-01
   6.4910537e-01  -6.7967796e-01
   6.6758475e-01  -1.0439768e+00
   3.1426485e+00  -2.9477703e+00
  -2.1050071e+00   1.8555284e+00
   1.1166243e+00  -1.1245692e+00
  -1.8708126e-01   4.6763815e-01
  -6.2885417e-01   1.0690132e+00
   3.1244410e-01  -1.1759469e-01
   5.5878259e-01   5.9003520e-02
  -1.7845185e-01   1.5682428e-02
   3.3747871e-02   6.9945126e-01
  -8.2518252e-01   7.4358797e-01
   3.6397119e-01  -1.5893555e-01
  -2.1506263e-03   5.4033053e-01
   5.3485695e-01  -9.3970419e-01
  -1.6326529e-02  -6.0086225e-01
  -1.7665401e-01   9.2601592e-01
  -2.6243157e-01  -6.6043338e-01
  -7.6441010e-02  -8.5227834e-01
  -9.4956429e-01   8.2063013e-01
  -7.3110259e-02   3.0313609e-01
  -1.8897432e+00   1.2859378e-01
  -1.0833634e+00   1.8228551e+00
   3.6878161e-01  -1.9159047e-01
   6.7929100e-01  -1.9608416e-01
   1.5075875e-01   4.0806347e-01
   8.8481646e-03  -7.9319094e-01
   6.3222747e-02  -4.2061781e-01
   7.1425283e-01  -2.0787281e-01
  -1.8976380e+00   2.0858938e+00
   6.3789301e-01  -1.3712353e+00
   5.0955809e-01  -2.0787522e-01
   3.4294753e+00  -3.0572680e+00
   7.4256817e-02   1.8759865e-01
  -7.9172035e-01   8.7328064e-01
  -1.2288985e-01  -4.5286739e-01
   6.3021256e-01  -7.2954308e-01
  -3.8395164e-01  -2.7316431e-01
  -8.3643315e-01  -2.7953941e-01
  -5.6535651e-01   9.8995770e-01
  -1.5009264e-01   1.1455044e-01
  -6.1784090e-01   3.7561671e-01
   6.8663010e-01  -1.4156710e+00
   1.4441214e-01  -6.8223105e-01
   1.8304212e-01   5.1719302e-01
   6.4700704e-01  -4.5030654e-01
   3.1036374e-01  -1.9126615e-01
   1.6469215e-01   4.9620750e-01
   2.3872815e+00  -1.9649941e+00
   6.3488599e-01  -1.0650315e+00
   2.8041857e-01  -6.4043354e-01
   3.7856135e-01   1.4736818e-01
   1.7355223e-01  -1.0659448e+00
  -1.5053720e+00   2.0699296e+00
   6.1754113e-01  -7.7870236e-01
   4.2540791e-01   1.0689954e-01
  -9.5657381e-02   7.3598453e-01
   3.8852680e-01  -8.6479565e-01
  -1.6467149e+00   1.9555051e+00
   1.8831229e-01  -5.0241675e-01
  -2.3340303e-01   4.9141069e-01
   4.0302037e-01   2.5167495e-01
   1.1245473e-01  -7.3911388e-01
  -3.2039087e-01   6.0449509e-01
  -7.4728515e-01   1.5126888e+00
  -1.3941634e+00   3.0715833e-01
   1.2894532e+00  -1.8491628e+00
  -4.7946511e-01   2.9483799e-01
   6.4529768e-01  -1.9615248e-01
  -7.1608707e-02   7.0509048e-01
   1.1171034e+00  -6.9977583e-01
   1.6958312e-01   3.8757456e-01
   6.1652992e-01  -6.9581152e-01
  -9.2589766e-02   6.8927124e-01
   4.3900555e-01  -2.2821357e-02
  -1.1837527e-01   6.2512246e-01
   2.6963173e-01   2.3341447e-01
  -8.4398426e-01   6.8824651e-01
   6.4063029e-01  -7.8742663e-03
  -3.8128443e-02   6.4163276e-01
  -3.0103042e-02   4.3255878e-01
  -2.2397330e+00   1.3886399e+00
   5.7418410e-01  -7.1735531e-01
  -7.2847724e-02   6.8451237e-01
  -2.2354101e+00   1.5071246e+00
  -1.8809354e+00   8.0603137e-01
  -1.3411215e-01   3.9353704e-01
  -6.6913691e-01   2.3638485e-01
  -1.5654542e-01   2.5341058e-01
   8.7341340e-01  -4.5578901e-01
  -1.9855581e-01   8.1674343e-01
   6.4927772e-01  -5.1221787e-01
  -4.8012272e-02   1.0617751e+00
   6.6565213e-01  -8.2956395e-01
  -6.7983585e-01   4.9801420e-02
   2.9281796e-01   3.3406635e-01
   5.6881094e-01  -9.8054616e-03
   2.6973021e-01   1.5686784e-01
  -2.2318970e-01   9.2966097e-01
  -2.1965701e-01   1.0114418e+00
   3.2340874e-01  -4.0760484e-02
   6.4356490e-01  -2.1653233e-01
   6.2315437e-02   1.3793551e+00
  -3.6585739e-02   7.2399621e-01
  -1.7659868e+00   2.2092624e+00
   6.8222005e-01  -3.6972300e-01
   2.0995306e-01  -2.5225647e-02
  -1.6501319e-01   1.6332458e+00
   3.4858665e-01  -6.3500651e-02
   3.7552056e-01   5.3830601e-01
   6.8671684e-01  -3.4730181e-01
  -1.4049096e+00   1.5604239e+00
  -1.6856948e+00   6.3482369e-01
  -1.3188225e+00   1.9765831e+00
  -1.8007555e-02   6.2181847e-01
   7.4619822e-01  -8.0540647e-01
   6.3561928e-01  -1.0628394e+00
   1.2331639e+00  -9.6405923e-01
  -1.3111413e-01   8.1332596e-01
   2.2737783e+00  -2.5822703e+00
  -1.3883275e+00   2.6954942e+00
  -2.2507132e+00   6.7211344e-01
  -4.0155794e-01  -9.6364393e-02
  -7.2699258e-04   2.9026687e-01
  -3.2936311e-01   6.6939115e-01
  -6.5801223e-01   1.1698440e+00
  -6.5772415e-01   9.1132702e-01
  -1.8878800e+00   3.0686727e-01
   5.9781003e-01  -3.4811245e-01
   4.4120263e-01  -5.6621746e-01
   2.0691252e+00  -1.9616434e+00
  -1.0739306e+00   1.6307265e+00
   2.9099013e-01  -1.1703749e+00
  -8.7559775e-01   9.8149522e-01
   6.2464397e-01  -7.0387758e-01
  -1.0171687e-01   3.5416198e-01
  -1.1894694e-01   5.3982195e-01
  -6.3193702e-02  -4.4294285e-01
   4.4265356e-01   1.8047826e-01
  -1.7124638e-01   1.7615147e-01
  -6.6799993e-01   9.6313399e-01
   6.7712675e-01  -1.5058866e+00
   5.7983071e-01  -8.2017385e-01
   3.0070253e+00  -3.2127436e+00
  -9.0967867e-01   4.6345472e-01
   1.1732602e+00  -1.0687574e+00
  -1.2319819e+00   1.6291621e+00
   2.4728003e-01  -9.7871217e-01
  -2.3123247e+00   1.2494922e-01
  -2.2034865e+00   8.6748265e-01
   3.9272116e-01   2.1620836e-02
   6.7503355e-01  -1.0176751e+00
  -1.6330982e+00   4.3047916e-01
  -7.9039694e-01   7.3305222e-02
   4.6436793e-01   4.7334608e-01
   5.7485155e-01  -7.5228805e-02
   3.7461299e-02   6.2298517e-01
   1.6370822e-01  -6.9609082e-01
  -2.6008138e-01   8.3268104e-01
   1.1663657e+00  -6.6182487e-01
  -1.1578779e-01   8.4156086e-01
   7.2802976e-01  -1.2423599e+00
  -3.2563111e-01   8.0894512e-01
   3.4970950e-01  -1.1560420e-01
  -1.2006258e-01   3.3091547e-01
  -1.5402198e-01   7.4874217e-01
  -2.2043648e+00   1.1012975e+00
  -1.1382116e-01   6.8233490e-01
   6.2611548e-01  -1.0406060e+00
  -1.4185982e+00   3.9188366e-01
   8.7559205e-02   4.9282844e-01
   6.0876297e-01  -6.4170356e-01
  -1.1939005e-01   4.7131286e-01
  -4.5947528e-02  -1.5891960e-02
   6.5610934e-02  -5.7111401e-01
  -1.2597850e+00   1.5282817e+00
  -3.1926814e-01  -1.0464375e-01
  -8.8510583e-01   1.2595105e+00
  -5.9253709e-01  -3.0210908e-01
   4.1205788e-01  -2.3946913e-01
   6.9620472e-01  -3.9411963e-01
  -1.7159175e+00   1.1649720e+00
   3.2368089e-01  -1.1555402e+00
   5.4007170e-01  -7.4551266e-02
   5.5149330e-01   8.0804388e-02
   5.6091956e-01  -2.9523016e-01
   1.3110549e-01   4.9010541e-01
   5.0993643e-01   1.2906342e-02
  -1.5635217e+00   1.8005756e+00
  -1.6919428e-01   8.3047250e-01
   7.7725586e-01  -8.6256783e-01
  -4.9273955e-02  -6.2002482e-01
   2.6544560e-01   5.4336398e-01
   5.9959610e-01   1.5202964e-01
  -2.6783410e-01   8.4850114e-01
   6.8013791e-01   6.2448042e-02
   5.4642084e-01  -2.1541190e-01
  -1.5501471e-01  -1.6809464e-01
   6.1441441e-01  -9.8014050e-01
  -3.0372130e-01  -6.5443378e-01
   1.9375360e+00  -1.7964830e+00
  -2.3452619e+00   3.1312259e-01
  -6.5967721e-02  -3.3574666e-01
   2.4830070e-01   3.1847543e-01
  -1.5118945e-01   1.4939818e+00
  -2.1172223e-03  -1.8144489e-01
  -9.8638928e-03  -3.4845477e-01
   1.1906194e+00  -8.0368209e-01
   4.2269052e-01  -1.0589898e+00
   3.2035577e+00  -2.9556526e+00
   3.1381836e+00  -3.1880618e+00
   1.4902679e-01  -6.0117432e-01
  -8.0391335e-01   1.3412036e+00
   5.7865043e-01  -2.8317545e-01
   1.1642276e+00  -1.2428013e+00
  -1.9125822e-01  -6.5795350e-01
   5.4987764e-01  -5.8461456e-02
   4.5715947e-01   6.0113174e-01
   1.5798543e-01   8.1629744e-01
   1.1900913e+00  -1.4959991e+00
  -1.5484605e-01  -3.6551664e-01
   7.2376559e-01  -7.0541371e-01
   4.2265740e-01   5.4836003e-02
   7.1189613e-01  -3.6987473e-01
   1.0316568e-02  -7.1497883e-01
   3.8223948e-01  -2.5261677e-01
  -9.2508905e-01   1.5600757e+00
   4.6398326e-01  -5.5191446e-01
  -2.0471229e+00   2.0745362e-01
  -8.4373602e-01   1.0322134e+00
   6.8287655e-01  -1.6993162e-01
   5.0494067e-01  -5.7682277e-01
   1.2342719e+00  -1.6837484e+00
  -9.8837019e-02   8.4472067e-01
   6.9983781e-01  -8.7598311e-02
   5.8341049e-01  -1.0829133e+00
   5.2950527e-01  -1.0946417e+00
   6.5636387e-02   1.1778390e-01
   4.6858856e-02   2.3669570e-01
  -1.4945083e-01   7.6814348e-01
   9.2441580e-02   3.3635837e-01
   5.6523444e-01  -6.3293944e-01
   6.4344873e-03   5.3974590e-01
  -1.8339310e+00   4.8727354e-02
   1.4607099e-01  -3.7989284e-02
   6.2659664e-01   1.7669283e-01
   6.2089766e-01  -8.4336809e-01
   1.4910570e-01  -2.9572159e-01
  -8.6803454e-02  -7.6694810e-01
   1.1398945e+00  -7.5180162e-01
   5.9134042e-01  -3.1989280e-01
   3.9469455e-03   6.2702355e-04
  -1.3933885e-01   4.2828164e-01
  -4.4806353e-02  -7.8046619e-01
  -1.6156443e+00   1.5698475e+00
   7.0786627e-01  -5.1260107e-01
  -1.9119393e+00   2.0361428e+00
  -1.3086598e-01   8.9060622e-01
   1.2749246e+00  -7.6320290e-01
  -7.8497961e-02  -7.2940292e-01
  -1.6913653e-01  -3.0034022e-01
   3.5021481e-01  -3.6051955e-01
  -3.8730804e-02  -3.1156421e-01
   5.3715961e-01  -9.9093501e-01
   1.0877348e-01  -9.3622480e-01
   1.8313696e-01   1.3084659e-01
   1.7024913e-01  -7.6309843e-01
   1.8579451e-01   3.1054515e-01
  -3.0915645e-01   2.5168845e-01
   5.3807391e-01  -7.2116343e-02
  -1.1304040e-01   3.2081013e-01
  -4.3456757e-01   5.6767097e-01
  -9.4829495e-01   8.6343402e-01
  -2.3210015e+00   2.4695708e+00
   2.1609821e+00  -1.9832218e+00
  -6.1607647e-02   2.3950079e-01
   3.6388431e-01  -5.8704877e-01
   5.7778964e-01  -3.8813495e-01
  -6.3170503e-02  -5.1026028e-01
   5.9468653e-01  -9.9930119e-01
   2.3861077e-01   3.3673354e-01
   3.0077135e+00  -2.8442822e+00
   6.0283559e-01  -9.9893688e-01
  -9.2737516e-01  -2.1600030e-01
  -2.3395954e+00   1.2269084e+00
  -1.9477367e+00   2.2313237e+00
   2.0517005e+00  -2.1632602e+00
   8.7534843e-02  -3.2200249e-02
   6.0794506e-01  -1.1532686e-01
  -2.2623058e+00   1.7782389e-01
  -8.4849446e-02  -6.5085321e-01
  -8.0860093e-01   4.0226078e-01
  -7.1644783e-01  -8.9659776e-02
   4.8026754e-01   2.0713374e-02
   5.0686124e-01  -3.1703416e-01
   1.8944286e-02   5.6028361e-01
   1.1299083e-01   5.3740272e-01
   4.0026082e-01   3.3984106e-01
   4.6721283e-02   4.0803843e-01
   6.9156135e-01  -1.4071778e+00
   1.0516680e+00  -1.1123436e+00
  -1.9425229e+00   2.5774771e+00
  -1.3804347e+00   8.7814767e-02
   3.5923086e-03   2.0658092e-01
   5.1684956e-01  -6.1846568e-01
   1.6988974e-02   7.1234231e-01
   5.1418766e-01  -4.7181107e-01
   6.8369390e-01  -5.8637441e-01
  -9.2589059e-01  -3.8324251e-03
   7.3449613e-01  -4.5082805e-01
   1.0075686e+00  -1.0704966e+00
  -7.6277270e-01   6.4342896e-01
   4.4890280e-01  -3.8828792e-01
  -7.1928497e-01   2.5943610e-01
  -1.5469054e+00   2.5231807e-01
  -2.2385478e+00   2.8023387e-01
   6.0246649e-01  -1.0625117e+00
   7.0366939e-01  -1.0534731e+00
   5.4071349e-01   3.7853868e-02
  -1.8274687e+00   1.8348355e+00
   4.9720793e-01  -9.2430228e-01
   2.5271372e+00  -2.4228634e+00
   3.2249991e-01   2.2453410e-01
   5.6789299e-01   1.4295421e-01
   6.7594285e-01  -5.0448161e-01
   1.8080171e-01   5.0775823e-01
   1.1662275e-01  -7.9218659e-01
   5.4065201e-01  -1.2898050e+00
  -6.5991770e-01   9.8196754e-01
  -6.2617580e-01   5.4633400e-01
   4.5445735e-01   2.7205726e-01
  -1.5011594e-01  -3.4238590e-02
  -1.1084173e+00  -1.2648913e-01
  -9.4705875e-01   1.5580016e+00
  -5.5930424e-02  -5.2169149e-01
   6.2001504e-01  -6.9580243e-01
   3.9880045e-01  -8.6763946e-01
   3.5949811e-01  -9.0289564e-01
   4.0203884e-01  -9.0925477e-01
   1.7379353e-01  -4.2984787e-01
   5.3332275e-01  -1.0014635e-01
   2.8125996e-01  -5.4385306e-02
   2.5957158e-01   7.1621170e-02
  -1.6843521e+00  -1.8338330e-03
   6.5683987e-01  -6.2077306e-01
   6.2351975e-01   8.7579753e-02
   2.3751800e-01   8.6392992e-02
  -4.0082496e-01   1.0384714e-01
  -7.1057653e-01   1.1637153e+00
   2.7127017e-01  -5.4444438e-01
   4.4445742e-01   2.9811868e-01
  -6.5316583e-01   8.8219858e-01
  -1.6517944e-01   5.3181039e-01
   6.2556227e-01  -8.3217044e-03
   4.7158394e-01   2.7078946e-01
   1.9463246e+00  -1.5130902e+00
   4.5923729e-01  -1.4998090e-01
  -3.0993520e-01  -5.3287241e-01
   7.1491752e-01  -4.7391020e-01
   7.6440218e-02   4.2627393e-01
   4.7768943e-01  -8.6622303e-01
   4.8468677e-01  -1.3454276e-02
  -8.2133392e-01   1.3724907e+00
   6.1523291e-01  -8.6650868e-01
   5.0689219e-01  -1.5440488e-01
  -3.5387786e-01   1.0722408e+00
  -1.5630633e+00   2.1182091e-01
  -1.3473660e-01   6.2706301e-01
   2.7747882e-01  -5.1033778e-01
  -4.4892096e-02   8.0586202e-01
   1.9700049e+00  -2.2731244e+00
   2.1404470e-02   4.0038650e-01
   1.1175357e+00  -1.6330082e+00
   6.0822969e-01   1.3001214e-01
   2.1462133e-01  -8.3324021e-01
  -7.2315204e-01  -1.7009255e-01
   7.0922615e-01  -1.3954133e+00
   1.2685340e+00  -1.7341799e+00
   2.0169436e+00  -1.6046272e+00
  -1.3545694e+00   1.7361598e+00
  -1.2488762e-01   5.3984738e-01
   4.0579428e-01  -8.5100368e-01
  -1.5188729e-01  -6.9989547e-01
  -1.9069404e-01   7.0383360e-01
  -6.4570958e-01   2.8185556e-01
   1.5737251e-01   2.1431302e-01
  -3.0277149e-02  -3.2208862e-01
   5.7368046e-01  -8.6791032e-01
   3.1984113e-01  -8.1831459e-01
   5.1550105e-01   4.2171771e-01
  -2.1837199e+00   2.1418596e+00
   3.9167470e-01   1.7991448e-01
   7.1523094e-02   3.9844211e-01
  -9.3695401e-01   5.7308472e-01
   6.2111334e-01  -6.5846500e-01
  -3.7743719e-01   1.0714473e+00
  -2.0683511e+00   1.3724731e+00
  -1.2944293e+00   1.4338355e+00
  -2.3063820e+00   1.6144039e+00
  -5.8392357e-02  -5.8990867e-01
  -3.8479275e-01   5.1127381e-01
   6.3631510e-01  -8.9072785e-01
  -2.1963957e-01  -3.4306210e-01
   5.4427825e-01   7.5388495e-02
   4.3465129e-01  -1.2558277e+00
  -2.0566349e+00   2.6392303e+00
   2.4605347e-01   3.0236979e-01
  -1.1132133e-01   3.5074307e-01
   6.9626551e-01  -4.4909692e-01
  -2.3620345e+00   1.1519606e+00
   4.8385358e-01  -5.6287549e-01
   4.5192733e-02   7.4918918e-01
  -1.8733484e-01   7.8588799e-01
   2.9874176e-01   1.0449389e-01
  -1.5805561e-01  -5.8697596e-01
   1.7635825e-02   1.7438628e-01
   1.1332360e+00  -8.7918793e-01
  -4.5270599e-03   1.8824793e-02
   1.9325404e-01  -3.8128203e-02
  -8.9653337e-01   3.9015063e-02
   6.1779497e-01  -3.5435140e-02
   6.0111511e-01  -6.9583607e-01
   1.1032951e+00  -1.1881351e+00
   6.7783093e-01  -1.7766224e-01
   3.0885546e-01  -5.9210184e-01
   6.7885467e-01  -2.8001129e-01
  -7.9112985e-01   1.0481079e+00
  -3.7030248e-02   2.0796055e-02
  -1.6887008e-01  -5.2577757e-01
   1.0628001e+00  -1.5616099e+00
   2.3924095e-01  -1.1993106e+00
   1.5522050e-01   3.9319733e-01
   2.1002808e-02  -4.9720279e-01
  -4.3943233e-02  -3.1585310e-01
   5.5076765e-01  -7.6619344e-03
   1.0107641e-01   2.8668282e-01
   7.2047143e-01  -1.2486967e+00
  -8.8760004e-01   1.4721433e+00
  -1.6331600e+00   2.4379291e+00
   1.6178719e-01  -3.5868464e-01
   2.3405421e-01   2.4351364e-01
  -2.0427810e+00   1.9241603e+00
   7.0998559e-01  -8.6076693e-01
   2.3244271e-01  -6.0812867e-01
   6.0581055e-01  -8.4224981e-01
  -2.2652120e+00   1.2472850e+00
   3.3478444e-01  -3.6430428e-01
   4.5927380e-01  -7.3771429e-01
  -9.0770486e-01   6.2956449e-01
   4.8856595e-01   2.2065299e-01
  -6.5060839e-01  -4.1719360e-01
   1.1514287e+00  -1.4557645e+00
   5.7120861e-01  -3.2505337e-01
   3.6592953e-01  -7.3008383e-01
  -1.4942012e-01   7.1464642e-01
  -1.0634163e+00   1.4649477e+00
   1.0039472e-01   6.4673671e-01
   6.9886415e-01  -4.8061973e-01
  -1.1140607e+00   1.8512665e+00
   5.7507746e-01  -5.0518331e-03
   6.6074735e-01  -2.1767976e-01
   4.5561072e-01  -4.0701549e-01
  -9.2311480e-01   4.2882294e-01
   7.0473210e-01  -7.9436533e-01
   3.4146354e-01  -4.2190449e-01
   3.2008063e-02  -8.1780229e-01
  -7.6179844e-01   7.9514195e-01
   2.1721252e-01   4.2225078e-01
  -1.0795367e-01   8.2646413e-01
   2.7178787e+00  -3.1669046e+00
  -4.8069386e-01  -4.0758084e-02
  -2.2973147e+00   3.7610631e-01
   4.2621384e-01  -5.7949664e-01
  -1.0978687e+00   1.0516790e+00
   2.7895454e-02   7.5383601e-01
  -5.5153093e-01  -2.6515147e-01
   5.2902393e-01  -6.5885293e-01
   5.6819304e-01  -1.2627074e-01
   3.0727677e-01  -1.0128287e+00
  -8.2027385e-02   8.0627004e-01
   4.1489187e-01   1.2229740e-02
   4.6322311e-01  -9.0128112e-01
  -2.2268992e+00   1.3947860e+00
  -1.0621096e+00   1.4778982e-02
  -6.9603004e-01   1.4841271e+00
   3.8862572e-01  -6.1000089e-01
  -3.8528261e-01   7.9287785e-01
  -5.2319400e-01   8.4609807e-01
   2.1975344e-01  -8.3607699e-01
   1.4374720e+00  -1.7100414e+00
  -1.6353219e-01   8.7963182e-01
   5.1776654e-01  -4.6214178e-02
   6.0321537e-01   1.5772381e-01
  -4.5151185e-01  -2.5295127e-01
   4.1655151e-01  -6.1484062e-01
  -2.3327444e-01   2.7282016e-02
  -8.3509708e-01  -1.4999828e-01
   4.5096374e-01  -4.1177926e-01
   6.7570488e-01  -1.0308334e+00
   3.8439489e-01  -8.2415621e-01
   6.7089228e-02   1.6254694e-02
   7.1975488e-01  -6.9594337e-02
  -7.0975559e-01   5.1114544e-01
  -1.1896775e-01  -3.3503141e-01
  -7.7471721e-03  -1.0107505e+00
   3.6075613e-01   1.1884295e-01
   3.6840808e-01  -3.3917196e-02
  -1.7421558e-01   6.7743565e-01
   6.7594391e-01  -1.0674399e+00
   2.2748564e-01  -3.0553997e-01
  -9.1686800e-01   1.7401010e+00
  -3.0318643e-01   6.1266292e-01
   8.1620281e-04  -5.6594618e-01
  -4.7145194e-02  -6.5091356e-01
   3.4985167e+00  -3.5189849e+00
   6.5194060e-01  -1.2354505e+00
  -4.2834345e-01   9.3635563e-01
  -1.9747851e+00   2.0584850e+00
   1.2181185e-01  -1.1658698e-01
   2.8193910e+00  -2.6823224e+00
  -8.9826957e-02   1.7010446e-02
  -3.7972518e-01   8.3635403e-01
  -2.3201188e+00   1.4852878e+00
  -6.0142490e-01   1.4981671e+00
  -2.2162587e+00   9.8892624e-01
  -4.3260982e-02  -7.9143596e-02
   1.2135179e-01   3.7624457e-01
  -2.5749804e-01   8.6237592e-01
  -1.3130852e-01   8.4517441e-01
  -1.5722536e+00   1.0821727e+00
   1.1073438e+00  -1.0748062e+00
   5.4653242e-01  -9.1080083e-01
  -2.2292655e+00  -1.4504443e-01
  -1.6760475e+00   1.8954518e+00
  -2.3423824e+00   2.1740688e+00
  -5.3850270e-02  -5.4900843e-01
  -1.3075509e+00   2.9648740e+00
   6.9094369e-01  -6.4232412e-01
   5.7582063e-01  -2.1833661e-01
   6.6115978e-01  -1.0462389e+00
  -2.7839816e-01   1.0715684e+00
   5.4061052e-01  -1.0117278e+00
   9.3396719e-02  -2.6665607e-01
  -1.9196722e-01   9.9637013e-02
   1.1771169e+00  -1.3513401e+00
  -9.2495631e-01   1.4267784e+00
  -1.7670842e-01   9.1478222e-01
   5.2908595e-01   1.0537817e-01
  -1.0423044e+00   1.2478614e-01
  -5.3087037e-01  -4.3010904e-01
   7.7365000e-01  -7.7946496e-01
  -3.7723470e-01   1.1054142e+00
  -8.2710464e-01   1.8439235e-02
  -2.3626191e-01   7.7887229e-02
  -9.0764402e-01   3.6745490e-01
  -2.1922957e+00   1.9118728e+00
   9.2566287e-01  -4.2313084e-01
   5.6232060e-02   4.3247128e-01
  -8.7818132e-01   1.4289729e+00
  -1.8768215e+00   9.7572917e-01
   4.9887473e-01  -1.7189112e-02
  -1.9191383e-01   1.2041058e+00
  -9.6799422e-01  -1.6059386e-01
  -5.0088614e-01   1.2490098e+00
   3.9400042e-01   1.4906573e-01
  -2.3372901e+00   1.9049689e+00
  -1.5278633e+00   1.8821446e+00
  -1.1668197e-01  -2.4585043e-01
  -1.5381420e-01   7.3651172e-01
  -1.6933224e-01  -5.1657023e-01
   4.6642968e-01   6.0476501e-01
   4.6474503e-01  -8.9520461e-01
   5.6535533e-01  -7.0060671e-02
  -5.6949615e-02   2.7367918e-01
  -1.6641507e+00   2.0274207e+00
   2.6310726e-01   3.2799161e-01
   7.0525289e-01  -1.2306958e-01
   5.2125408e-01  -3.3305345e-01
   3.1703568e+00  -2.8825387e+00
   7.2890246e-01  -7.8863329e-01
  -5.4984386e-05   1.8720622e-01
   1.1046915e+00  -6.1797898e-01
  -1.7963492e-01   1.1217247e-01
  -1.9891183e-01   5.4154472e-02
   1.6772338e-01   5.9209448e-01
   1.3764547e-01   3.0257671e-01
  -7.6112114e-02  -4.5553783e-01
   6.9071651e-01  -1.2606820e-01
  -1.8127911e-01   8.2050476e-01
   8.7233879e-01  -1.2294742e+00
   6.4957997e-02   6.3005504e-01
  -9.9643557e-02  -2.8702152e-01
   1.1166932e+00  -4.3262283e-01
  -7.2404500e-02   6.8329474e-01
   6.3915167e-01  -3.7965863e-02
  -2.4682429e-01   7.5038070e-01
   1.1981467e+00  -1.4506018e+00
   3.0563031e+00  -2.7856254e+00
  -2.0246706e-01   3.8885163e-01
  -5.6486848e-01   9.2710148e-01
  -2.0716027e+00   2.2064937e+00
   2.4296336e+00  -1.7652403e+00
  -2.1874472e+00   1.9870854e+00
