  -5.8487493e-01   2.9491763e-01
   4.6708796e-01  -5.6686943e-01
  -1.8695544e-01  -7.8439819e-02
  -1.2131280e+00   1.1589296e+00
  -3.1142922e-01   3.0278776e-02
   5.9507563e-01  -6.1738947e-01
   2.3936036e+00  -5.0573659e-01
   8.0771343e-01  -7.2401041e-01
   1.8816145e-01  -4.1251922e-01
  -5.2389780e-01   3.1550901e-01
  -6.4178245e-01   3.6919028e-01
   1.7022406e+00  -8.1529760e-01
  -1.2688424e+00   1.1982411e+00
   5.1739187e-01  -6.2425891e-01
   2.3894051e-02  -2.4404069e-01
   2.6800027e-01  -4.2865036e-01
   4.4089559e-01  -5.7426980e-01
   3.2257420e-01  -4.6360189e-01
   2.2001117e-01  -3.9047951e-01
   5.2651319e-01  -5.9463466e-01
  -9.1151941e-01   7.2110617e-01
  -3.3626924e-01   5.5215110e-02
   2.2580081e+00  -5.9854574e-01
   5.6247089e-01  -6.0094980e-01
  -7.2498668e-01   4.9328885e-01
   2.3405842e+00  -5.5169281e-01
  -6.3233437e-02  -1.3758837e-01
   1.9177965e-01  -4.1609386e-01
  -2.8896741e-01   8.5303159e-02
   3.3056843e-01  -5.1368694e-01
   3.4139236e-01  -4.9386934e-01
   5.6491806e-01  -6.3477671e-01
  -1.1866275e+00   1.1483927e+00
   5.6137725e-01  -6.4248381e-01
  -1.5772535e-01  -8.1916884e-02
   2.6419952e-01  -4.8503899e-01
   5.5730821e-01  -6.2247626e-01
  -6.5367584e-01   4.7364622e-01
   5.6869375e-01  -6.2647834e-01
   1.0881242e+00  -8.2236781e-01
   1.0002997e+00  -7.9762764e-01
  -3.7469869e-02  -1.8661989e-01
   9.3292836e-01  -7.7627568e-01
  -1.0390038e+00   8.9318571e-01
   1.1341562e+00  -8.2214957e-01
  -9.0489957e-01   7.0341988e-01
   1.6900799e-01  -3.5945210e-01
  -1.0214442e+00   8.5596677e-01
   1.0263038e-01  -3.1055076e-01
  -1.2701365e-02  -2.2514658e-01
  -1.0478648e+00   1.0235973e+00
   1.5395695e+00  -8.3263102e-01
  -8.9135253e-01   6.9939726e-01
   2.1696805e+00  -6.3316315e-01
   2.1113911e-01  -3.8038233e-01
   3.9169546e-01  -5.2768528e-01
  -1.1592821e-01  -1.5762069e-01
   3.5325558e-01  -4.9310997e-01
  -6.9996885e-01   4.9108216e-01
  -1.0846033e+00   9.2397032e-01
  -7.4647253e-01   6.0009467e-01
   5.2251867e-01  -6.2573381e-01
  -1.0532338e+00   9.1312810e-01
   5.5947418e-01  -6.1154805e-01
   9.3432274e-02  -3.2569233e-01
   3.0338977e-01  -4.8598012e-01
  -8.7786981e-01   7.0034666e-01
   3.9930275e-01  -5.4045940e-01
   4.7386515e-01  -5.8134797e-01
   6.4918577e-02  -2.8470335e-01
   5.0523841e-01  -5.6253421e-01
   9.6244178e-02  -3.0274879e-01
   1.3079510e+00  -8.5245877e-01
   2.9373842e-01  -4.6374635e-01
  -5.2718109e-01   2.7438360e-01
   1.4977515e+00  -8.3070803e-01
  -6.9761892e-01   4.5036685e-01
  -4.8331966e-01   2.4091561e-01
   2.3519066e+00  -5.2028910e-01
   2.0090013e-01  -4.1295409e-01
   3.4233364e-01  -5.2115473e-01
  -1.2351861e+00   1.2054707e+00
  -2.7036745e-01   2.4815758e-02
  -4.9842362e-01   2.0162889e-01
  -1.1919120e+00   1.1442361e+00
   1.5048107e-01  -3.7615836e-01
  -4.9463567e-01   2.1405722e-01
  -1.6335900e-01  -9.5392558e-02
  -1.2667960e+00   1.2306534e+00
   1.2654196e+00  -8.4851854e-01
  -3.6260936e-01   1.1891102e-01
   3.9734200e-01  -5.5394338e-01
  -4.7273212e-01   2.0080751e-01
  -1.0735285e+00   9.4866082e-01
  -1.0615947e+00   9.3004225e-01
   6.2071205e-01  -6.5852817e-01
   2.3640921e-01  -4.3645005e-01
  -5.1974465e-01   2.5652108e-01
   2.4347311e+00  -4.7639045e-01
  -3.8628562e-01   8.3276206e-02
   7.1333828e-01  -6.9399722e-01
   4.9035950e-01  -5.8399972e-01
  -1.2403950e+00   1.1651254e+00
  -2.7648738e-01   8.1953089e-03
   2.5080903e-01  -4.3245204e-01
   3.5966584e-01  -4.6689714e-01
  -6.4884705e-01   4.2620826e-01
  -3.5589409e-01   1.0177275e-01
   2.9263822e-01  -4.7068054e-01
   5.6782592e-01  -6.2871127e-01
   1.3933182e+00  -8.6505420e-01
   7.3813544e-01  -7.1625512e-01
  -1.2679855e+00   1.1885567e+00
  -1.1074285e+00   9.8586472e-01
   3.2448530e-01  -4.7995126e-01
   9.5270701e-01  -7.5845845e-01
   3.4028212e-01  -5.1584272e-01
   1.2671441e-01  -3.3260965e-01
   3.1117763e-01  -4.8246273e-01
  -1.2464914e+00   1.1339481e+00
   2.3863331e+00  -5.1651202e-01
   3.6840347e-01  -5.2287318e-01
   1.8318453e+00  -7.8577660e-01
   3.9751614e-01  -5.2306551e-01
   3.2848400e-01  -4.7493316e-01
   5.6901160e-01  -6.2377648e-01
   3.2604978e-01  -4.8659557e-01
   3.4062621e-01  -4.9746353e-01
   2.9270754e-01  -4.5267600e-01
   4.0785510e-01  -5.3460419e-01
  -2.0187280e-02  -2.1915723e-01
   1.2176064e+00  -8.2993725e-01
   3.3632088e-01  -5.2860069e-01
   8.8530015e-01  -7.4698058e-01
  -1.2919041e+00   1.2056696e+00
  -7.0961191e-01   4.9691079e-01
  -1.1623924e+00   1.0821987e+00
   3.4615647e-01  -5.0003067e-01
   1.0719710e-03  -2.4993410e-01
  -5.4748023e+00   8.3295516e+00
   2.3049500e-01  -4.3381652e-01
  -1.2014061e+00   1.0962201e+00
   3.1244486e-01  -4.7017055e-01
   4.7534472e-01  -5.6488100e-01
   4.3409711e-01  -5.3630808e-01
   4.2338205e-01  -5.4876431e-01
  -2.4971322e-01  -4.1877178e-02
  -3.4977306e-01   6.9548072e-02
   4.1051621e-02  -2.7721839e-01
   2.4376071e+00  -4.9740352e-01
   2.1532153e+00  -6.6462187e-01
   2.9417003e-01  -4.4699769e-01
  -1.2699454e+00   1.2018044e+00
  -1.8453059e-01  -7.5460012e-02
   3.5534609e-01  -5.0353788e-01
   1.3909819e-02  -2.5379472e-01
  -2.6760587e-01  -1.6895122e-02
   3.0180124e-01  -4.7508829e-01
  -9.8475263e-01   8.9047009e-01
  -1.2821953e+00   1.2014417e+00
   1.1003891e-01  -3.3833634e-01
  -4.6434051e-01   2.0861304e-01
  -1.2123820e+00   1.1209859e+00
   4.2604587e-01  -5.6109547e-01
   4.9595813e-01  -5.8252716e-01
  -1.2377722e-01  -1.3797169e-01
  -1.0232249e+00   8.7230982e-01
   8.6624000e-02  -3.3231051e-01
   3.5692098e-01  -5.0277214e-01
  -1.3030754e+00   1.2092031e+00
   5.3207098e-01  -6.1007754e-01
  -6.9791435e-01   4.2669263e-01
   3.3873208e-01  -5.0259634e-01
   5.3624021e-01  -5.8643013e-01
   3.6424858e-01  -4.9069116e-01
   4.0283694e-01  -5.3708549e-01
   9.5037720e-02  -3.2453002e-01
  -1.2599915e+00   1.1667257e+00
   3.5573151e-01  -5.0289520e-01
   2.0994827e-01  -4.1721110e-01
  -1.0124242e+00   8.4526991e-01
  -7.0124406e-01   4.2922792e-01
  -7.7257278e-01   5.5779251e-01
   3.9986779e-01  -5.5834980e-01
   1.0885914e-01  -3.3332447e-01
  -1.0291003e+00   8.9259390e-01
   3.2436402e-01  -4.9364203e-01
   8.6280416e-01  -7.2225372e-01
   6.0143569e-02  -2.9980347e-01
   3.6392960e-01  -5.2990734e-01
   8.4094006e-02  -3.1210397e-01
   5.6388618e-01  -6.3256959e-01
   2.2352678e+00  -6.0186591e-01
   5.7932803e-01  -6.3979570e-01
  -7.3482592e-01   5.4445854e-01
   7.5386515e-02  -3.1224515e-01
   6.2588168e-01  -6.6745939e-01
   2.4517068e+00  -4.7719226e-01
   2.4541253e+00  -4.8857920e-01
   2.2500990e-01  -4.2514782e-01
   5.8131021e-01  -6.3368755e-01
  -1.7992262e+00   2.0493631e+00
  -1.2554610e+00   1.1703896e+00
   3.7794675e-01  -5.3639939e-01
   3.4144482e-01  -4.7179660e-01
   5.3896256e-01  -6.1155164e-01
   3.0248860e-01  -4.6551665e-01
  -1.2615345e+00   1.1720117e+00
   4.8018129e-01  -5.9691825e-01
   1.0546102e+00  -7.9778692e-01
   3.4924101e-01  -5.1675194e-01
  -7.4382949e-01   4.9229539e-01
   5.6354212e-01  -6.2639646e-01
  -3.1083517e-01   1.3799889e-02
   4.3944722e-01  -5.5358933e-01
   1.0599520e+00  -8.0427589e-01
   2.7834611e-01  -4.3645907e-01
   2.4460751e-01  -4.2018965e-01
   3.9568774e-01  -5.2454339e-01
  -1.2570116e+00   1.2326413e+00
   6.4021380e-01  -6.6782086e-01
   5.9813629e-01  -6.4780618e-01
  -1.1409853e+00   1.0257564e+00
   5.7017050e-01  -6.1630330e-01
   2.9955891e-01  -4.8652426e-01
   5.0176207e-01  -6.2230938e-01
  -1.6699036e-01  -7.8486580e-02
   5.7946880e-01  -6.4017493e-01
  -1.2708638e+00   1.1862802e+00
   3.6283155e-01  -4.9585670e-01
  -5.9080350e+00   8.8879110e+00
   1.8292914e-01  -3.9934651e-01
  -6.1438966e-02  -1.7083892e-01
  -1.1287953e+00   1.0236093e+00
  -2.2073659e-01  -1.8909020e-02
   2.8880711e-01  -4.4141059e-01
  -1.2951336e+00   1.2329302e+00
   2.6846715e-01  -4.6426470e-01
  -1.1169388e+00   1.0437992e+00
  -5.8800238e+00   8.8875905e+00
  -5.6018598e-01   3.3543157e-01
   8.1401220e-01  -7.5376136e-01
   3.1662791e-01  -4.6196084e-01
   6.7503960e-02  -2.8247430e-01
   9.6474794e-01  -7.9163571e-01
  -1.1984219e+00   1.0989615e+00
  -3.4816000e+00   4.9511132e+00
  -1.2438355e+00   1.1723250e+00
  -1.4219831e-01  -1.2789036e-01
   2.2839373e-01  -4.2247328e-01
  -1.1090946e+00   1.0099505e+00
   4.6312951e-01  -5.8334889e-01
   1.8110502e+00  -7.8663043e-01
  -1.1181358e+00   9.7875161e-01
  -8.7456138e-01   7.0513083e-01
   4.1943575e-01  -5.5314310e-01
   2.7311729e-01  -4.5458607e-01
   6.4954175e-01  -6.5977467e-01
   3.3397674e-01  -4.9605612e-01
   2.1108866e-01  -4.0889734e-01
   1.1560630e+00  -8.3175024e-01
   3.9983958e-01  -5.3918683e-01
  -5.7671324e-01   3.4278638e-01
  -7.3912661e-01   5.3102187e-01
  -1.3053875e+00   1.2226181e+00
  -5.5844260e-01   3.2532192e-01
   5.2003030e-01  -5.8435808e-01
   1.4158532e+00  -8.5055652e-01
  -1.0834185e+00   9.1186032e-01
   1.0455808e+00  -8.1329886e-01
  -5.9246447e-01   3.4848345e-01
   6.6777215e-01  -6.7855266e-01
  -8.6294720e-01   6.5687291e-01
   2.3651266e+00  -5.1792182e-01
  -4.3500422e+00   6.5242756e+00
   3.7632380e-01  -5.1519742e-01
  -3.9378854e-01   7.7182028e-02
   4.7519312e-01  -5.7732631e-01
  -1.1318096e+00   1.0184520e+00
  -1.0063735e+00   8.5475162e-01
   5.1138198e-01  -5.7675521e-01
  -2.1645205e-01  -7.4422243e-02
  -2.6120277e-01  -8.5899326e-03
  -1.2746184e+00   1.2239719e+00
   7.7844379e-01  -7.2799995e-01
  -2.6736070e-01   3.7917993e-02
  -3.2482702e-01   4.4872814e-02
   2.6403525e-01  -4.6699696e-01
  -7.9313505e-01   5.7323132e-01
  -8.1172272e-01   5.8966670e-01
   1.0925209e-01  -3.4341265e-01
   2.2642441e-01  -4.2367919e-01
   1.8902295e-01  -3.9557928e-01
   5.5995088e-01  -6.1474618e-01
  -1.2734800e+00   1.2240901e+00
  -1.2882254e+00   1.2303405e+00
   2.5020607e-01  -4.4805351e-01
   9.3398575e-01  -7.6264017e-01
  -9.1725538e-01   7.3899333e-01
  -6.4330172e-01   3.9367519e-01
   8.9075025e-01  -7.6490327e-01
  -1.2950572e+00   1.2135292e+00
   2.0142180e+00  -7.1201917e-01
  -1.2122295e+00   1.1729620e+00
  -1.0277145e+00   9.0104545e-01
   3.2221246e-01  -4.7958719e-01
   2.8295270e-01  -4.0225579e-01
  -1.1790127e-01  -1.1452096e-01
   5.8398651e-01  -6.3977002e-01
  -6.8341795e-01   4.3536283e-01
  -1.2478705e+00   1.1413584e+00
   1.3442058e+00  -8.4140782e-01
   2.0514292e-01  -3.6957523e-01
  -4.4247712e-02  -1.9710136e-01
  -4.6814532e-01   2.0728736e-01
   4.1781358e-01  -5.4439460e-01
   6.3394501e-01  -6.5709535e-01
   5.0286013e-01  -5.9734903e-01
   5.1953612e-01  -6.0474666e-01
  -1.1695369e+00   1.0783679e+00
   2.5068646e-01  -4.3197060e-01
  -4.0707441e-01   1.3354850e-01
  -9.0264675e-01   7.0673017e-01
   4.2770771e-01  -5.5258030e-01
   1.7774289e+00  -7.9087718e-01
  -1.1589618e+00   1.0157167e+00
   3.7766905e-01  -5.1752120e-01
   2.0851531e-01  -4.2037647e-01
  -1.1238385e-01  -1.3292693e-01
   2.2264415e-01  -4.3946709e-01
  -5.7852666e-01   3.4377659e-01
   2.3995962e+00  -4.9727554e-01
  -1.0248408e+00   8.6227788e-01
   4.9205335e-01  -5.3115515e-01
  -1.2786525e+00   1.2169785e+00
  -6.6416821e-01   4.1441471e-01
   4.0986568e-01  -5.2216665e-01
  -2.4263489e-01  -1.0753764e-02
  -1.2852329e+00   1.2403671e+00
   4.1808857e-01  -5.5423938e-01
  -3.7131274e-01   5.1951983e-02
   3.2487915e-01  -4.8932541e-01
  -1.0561103e+00   9.4504670e-01
   2.0801268e-01  -4.2202525e-01
   5.7367604e-01  -6.3543781e-01
   2.4128376e+00  -5.0856067e-01
  -1.1373409e+00   1.0014165e+00
  -1.1756603e+00   1.0884359e+00
  -6.5238378e-01   4.1870501e-01
  -1.2728909e+00   1.2084796e+00
  -1.2639664e+00   1.2051436e+00
   1.5819520e+00  -8.2868606e-01
  -2.0709298e-01  -5.1946869e-02
  -1.2782507e+00   1.2291483e+00
  -1.2800392e+00   1.2418758e+00
  -1.2112775e+00   1.1556999e+00
  -7.8864028e-01   5.6729403e-01
  -7.1856105e-01   5.1991466e-01
   3.9559232e-01  -5.3032475e-01
   2.0686016e-01  -4.3101466e-01
   2.1714843e+00  -6.2389940e-01
   4.2970673e-01  -5.5041941e-01
  -3.8746486e-01   1.1865789e-01
  -1.1684629e+00   1.0448433e+00
   1.2421288e+00  -8.2369916e-01
  -8.7052460e-01   7.1688436e-01
  -5.8871062e-01   3.2401834e-01
   1.3281994e+00  -8.3955787e-01
   2.2023522e+00  -6.3126501e-01
   3.4827726e-01  -4.5137676e-01
  -1.1822059e+00   1.1195522e+00
  -1.0453983e+00   8.9870611e-01
   1.4293637e-02  -2.6343842e-01
  -8.8209569e-01   6.6366675e-01
   1.4389388e+00  -8.3911485e-01
   1.4644604e+00  -8.3549138e-01
   1.8118324e-01  -4.2012321e-01
   5.0721761e-01  -5.8295669e-01
   1.0606242e+00  -8.1735624e-01
  -1.0740177e+00   1.0271861e+00
  -1.5160612e-01  -1.0251180e-01
  -1.2413907e-01  -6.9074424e-02
   3.1678621e-01  -4.8007236e-01
   4.6989241e-01  -5.6974571e-01
  -1.4183184e-01  -8.9298413e-02
   5.6128044e-01  -6.1495849e-01
  -1.1362905e+00   1.0105251e+00
  -6.8299437e-01   4.4273413e-01
  -1.2441934e+00   1.2091330e+00
  -3.3946595e-01   4.4308313e-02
   3.2951717e-01  -4.6861522e-01
   2.9612025e-02  -2.9738188e-01
  -1.3086500e+00   1.2189324e+00
   2.9481121e-01  -4.2381030e-01
  -3.8148830e-01   1.2566022e-01
  -1.1221140e-01  -1.3944179e-01
   1.2275953e-01  -3.5013703e-01
   3.5209290e-01  -4.8395036e-01
   2.5219036e-01  -4.0900522e-01
  -1.2164996e+00   1.1384170e+00
   5.0833657e-01  -6.0110447e-01
  -1.4327730e-01  -1.0131878e-01
   2.8779750e-01  -4.5528550e-01
  -1.2767870e+00   1.2253984e+00
  -5.2385816e-01   2.5487990e-01
   5.8498239e-01  -6.2742001e-01
  -3.2471519e-01   9.6433108e-03
   1.3822765e-01  -3.6888690e-01
  -1.2482226e-04  -2.2196285e-01
   6.9911796e-01  -6.6254020e-01
   2.4196974e-02  -2.3367642e-01
   5.9734948e-01  -5.9846097e-01
   2.2075153e-01  -4.1684298e-01
   2.4082836e+00  -4.9274082e-01
   5.4660927e-01  -6.3955622e-01
   9.9231864e-01  -7.9831105e-01
   2.7199446e-01  -4.3121948e-01
   1.1440894e+00  -8.0985790e-01
  -1.5546748e-02  -2.4650448e-01
   3.5058873e-01  -5.0507306e-01
   1.8385844e-01  -3.8713154e-01
  -1.2936155e+00   1.1910396e+00
   1.8688332e+00  -7.6209430e-01
   1.3923414e-01  -3.5963709e-01
   2.1400069e-01  -4.2182904e-01
  -3.5074931e-01   9.0594909e-02
  -1.2139578e+00   1.1031073e+00
   5.6294612e-01  -6.0180589e-01
   5.5940320e-01  -6.1834824e-01
   6.5641814e-02  -3.2772741e-01
   5.9058357e-01  -6.5129680e-01
   1.5767884e+00  -8.1756165e-01
  -1.9474346e-01  -7.8835245e-02
   1.5806554e+00  -8.4344314e-01
  -5.5028319e-01   2.7636341e-01
   5.2782109e-01  -5.9550983e-01
  -6.4885329e-01   4.4178412e-01
   1.4396096e-01  -3.5488184e-01
   1.3133023e-01  -3.5508820e-01
  -1.0853094e+00   9.6889980e-01
   5.1979758e-02  -2.7130743e-01
  -1.2934476e+00   1.2156113e+00
   2.6784595e-01  -4.7314004e-01
   5.3985274e-01  -6.1587572e-01
   5.6370152e-01  -5.7013540e-01
  -4.5130215e-01   1.1844756e-01
  -1.0734781e+00   9.1426618e-01
   5.5509501e-01  -6.3159439e-01
   2.9413819e-01  -4.6487597e-01
   2.2061191e-01  -4.0804090e-01
  -1.8671938e-01  -6.1121306e-02
   2.3501111e+00  -5.3207773e-01
   2.2581165e+00  -5.6544931e-01
  -9.1237245e-01   8.0620803e-01
  -8.0737356e-01   5.7515172e-01
  -1.2505402e+00   1.1405872e+00
  -1.1027379e+00   9.7191207e-01
  -7.5827021e-01   5.3566038e-01
  -1.2941861e+00   1.2243564e+00
  -4.9654947e-01   2.4931950e-01
   1.6179824e+00  -8.2157454e-01
   2.1414970e-01  -4.2348041e-01
   1.0656060e-02  -2.7429160e-01
   5.7893714e-01  -6.1981079e-01
  -9.9793400e-01   8.5573363e-01
   1.0007622e+00  -8.0485116e-01
   2.7442104e-01  -4.5007468e-01
  -3.6238045e-01   1.7264707e-01
   3.9768325e-01  -5.5453276e-01
   5.3519136e-01  -6.2850504e-01
  -9.9454028e-01   8.1929236e-01
   3.4276050e-01  -4.8174731e-01
  -1.2004798e+00   1.1217565e+00
  -1.2861211e+00   1.1635432e+00
   3.7067511e-01  -5.2506903e-01
   2.2271348e-01  -4.1228966e-01
   5.5721796e-01  -6.0466472e-01
   4.5734067e-01  -5.6326810e-01
   1.4160593e-01  -3.3946285e-01
  -8.1222490e-01   7.1133478e-01
   2.0427529e-01  -4.3761473e-01
   5.6717907e-01  -6.2112554e-01
  -2.8469622e-01   2.5868005e-02
   4.8607733e-01  -5.2710892e-01
  -1.2586542e+00   1.2241896e+00
  -1.2936941e+00   1.1931183e+00
  -5.0541591e-02  -2.3269645e-01
   1.4807535e-01  -3.9259110e-01
   8.3598155e-01  -7.1876163e-01
  -3.4015492e+00   4.7806624e+00
   5.0186487e-01  -6.2150023e-01
  -9.9809258e-01   8.8691179e-01
  -1.3036487e+00   1.2295209e+00
   4.9519932e-01  -5.3349791e-01
  -7.7518686e-01   5.3334217e-01
  -1.1265148e+00   1.0189745e+00
  -4.8373133e-01   2.7464438e-01
  -8.8259571e-01   7.0751505e-01
   9.3405085e-01  -7.8501932e-01
   1.7261356e+00  -8.0640304e-01
  -1.3150051e+00   1.2417448e+00
  -1.2474570e+00   1.1753388e+00
   2.3616951e+00  -5.0440477e-01
   4.3263206e-01  -5.4665861e-01
  -1.1456479e+00   1.0413497e+00
   3.0349360e-01  -4.7367038e-01
   3.9924386e-01  -5.2504421e-01
  -5.4671776e-01   2.7243672e-01
   5.9708399e-01  -6.3677162e-01
  -3.5960083e-01   8.0520272e-02
  -5.5054857e-01   3.0362763e-01
   1.1566066e+00  -8.3078884e-01
   3.5653176e-01  -4.9445659e-01
   5.3697948e-01  -6.1777712e-01
   4.2007264e-01  -5.7140387e-01
   2.4703603e-01  -4.2303540e-01
  -1.5962981e+00   1.6769558e+00
  -1.2751431e+00   1.2159916e+00
   5.9916770e-01  -6.2419953e-01
   3.0471418e-01  -5.0090575e-01
  -8.1198643e-01   6.0585269e-01
   1.3716043e-01  -3.5192182e-01
   1.7013014e+00  -8.0563001e-01
   2.1070680e-02  -2.6311212e-01
   5.5474890e-01  -5.9831835e-01
   5.6693991e-01  -6.1140287e-01
  -1.2783469e+00   1.2102299e+00
   5.8793877e-01  -6.2357271e-01
   3.3366478e-01  -5.0943406e-01
  -6.4843580e-01   4.0777568e-01
   3.4667882e-01  -5.0634822e-01
   1.7833131e+00  -7.8879814e-01
  -4.5188593e-01   1.8552667e-01
   3.7255111e-01  -5.0630370e-01
  -1.0751989e+00   9.2002195e-01
   9.8932635e-01  -7.9480138e-01
   3.7743144e-01  -4.7848523e-01
  -3.1965412e-01   3.0299539e-02
   2.8610782e-01  -4.5490802e-01
  -1.2674336e+00   1.1949054e+00
  -1.2342884e+00   1.1621561e+00
   1.1336807e+00  -8.0575582e-01
  -4.4911645e-01   1.7488009e-01
   1.0841921e-01  -3.3513821e-01
  -1.2753201e+00   1.2811406e+00
   4.4823999e-01  -5.6706031e-01
   5.9207356e-01  -6.2505395e-01
   5.5884187e-01  -6.1361284e-01
  -1.8634233e-01  -7.7151225e-02
   3.2282183e-01  -4.8488157e-01
   1.1753101e+00  -8.1890735e-01
   2.4694014e-01  -4.3473937e-01
   1.5051757e+00  -8.3353531e-01
  -5.3533209e-01   3.1713920e-01
  -1.2423922e+00   1.1947659e+00
   2.4253312e+00  -4.9339828e-01
   3.8805190e-01  -5.2313427e-01
   4.3221392e-02  -2.7140378e-01
  -8.9033700e-01   6.6775234e-01
   5.6668354e-01  -6.0754042e-01
   2.9592312e-01  -4.5336109e-01
  -1.2466287e+00   1.1785961e+00
   1.2809517e-01  -3.4411585e-01
  -1.1083606e+00   1.0469752e+00
   4.5396297e-01  -5.6271948e-01
   1.8823881e+00  -7.6831798e-01
  -4.2642918e-01   1.5800443e-01
   5.8036364e-01  -6.4228276e-01
   5.7137693e-01  -6.3373321e-01
   5.7988511e-01  -5.8620309e-01
  -9.4004062e-01   7.6887152e-01
   5.0985117e-01  -5.7127741e-01
  -4.8296095e-01   2.4013849e-01
   8.7801397e-02  -3.2686700e-01
  -9.5148326e-02  -1.7248402e-01
   1.7193973e-01  -3.7532171e-01
  -6.0659219e-01   3.3598110e-01
   3.4119178e-01  -4.5527443e-01
   3.8363074e-01  -5.0920651e-01
   4.3047791e-01  -5.3395004e-01
  -1.0963622e+00   9.6545365e-01
  -7.2550804e-01   4.8169750e-01
   3.0475620e-01  -4.6406835e-01
   8.6822018e-01  -7.5547647e-01
   7.3554032e-01  -7.0447657e-01
   5.8724725e-01  -6.3447335e-01
   2.3633285e+00  -5.2705923e-01
   5.6757025e-01  -6.3173310e-01
   2.8160711e-01  -4.8300100e-01
   4.1156519e-01  -5.4121431e-01
  -2.6931822e-01  -7.3562466e-03
  -9.7941032e-01   7.9744193e-01
  -3.3231601e-01   7.0381935e-02
   5.6000112e-01  -6.2066393e-01
  -1.1343863e+00   9.9826907e-01
   1.9694966e-01  -4.0691774e-01
   2.9064556e-01  -4.6391255e-01
   6.5956703e-02  -3.0743651e-01
   4.1440587e-01  -5.4807585e-01
   4.5507734e-01  -5.7010465e-01
  -3.1487431e-01   4.7046935e-02
  -8.1753595e-02  -1.6147039e-01
   5.4323628e-01  -6.2507504e-01
  -5.3292819e-01   2.7402404e-01
  -4.1851393e-01   1.4636916e-01
  -2.0763115e-01  -4.2253264e-02
   5.6233683e-01  -6.2274672e-01
   3.0498125e-01  -4.5030265e-01
  -5.0475894e-01   2.4999082e-01
   9.8883532e-01  -7.9517863e-01
   5.9379123e-01  -6.5777134e-01
  -1.2660948e+00   1.2729360e+00
   3.2402192e-01  -4.8276839e-01
   2.5319111e-02  -2.8477126e-01
   4.8833287e-01  -5.5580095e-01
   3.3385257e-01  -4.5404669e-01
   2.2839990e+00  -5.9425874e-01
  -1.3066129e-02  -2.2215035e-01
   5.0413349e-01  -6.1309639e-01
  -1.1881095e+00   1.1012486e+00
   2.4043792e-01  -4.3579405e-01
  -1.2679036e+00   1.2289221e+00
   4.2464521e-01  -5.5572367e-01
  -2.4921113e-01  -2.9616973e-02
   5.7979519e-01  -6.2558760e-01
   5.7312789e-01  -5.9761240e-01
   2.6267870e-01  -4.5264020e-01
  -4.8074968e-01   2.3954359e-01
   2.7323728e-01  -4.3225266e-01
  -1.2741564e+00   1.2288802e+00
   3.2549813e-02  -2.9184137e-01
   4.6226268e-01  -5.0174601e-01
  -8.5955902e-01   6.7755361e-01
  -2.1093102e-01  -5.6479100e-02
   1.4901284e-01  -3.4868280e-01
  -6.8083558e-01   4.3675268e-01
   4.0710863e-01  -5.4452110e-01
   1.7282527e-01  -3.8718991e-01
  -6.8778080e-02  -1.3351351e-01
  -2.2107309e-01  -5.7194388e-02
  -1.2910767e+00   1.2253092e+00
  -4.6177140e-01   1.9897829e-01
   1.5144738e+00  -8.3505718e-01
   2.8044993e-01  -4.6315755e-01
  -1.2683045e+00   1.2370512e+00
  -6.6159706e-01   4.3353243e-01
   8.2020984e-02  -3.3090823e-01
   3.3534258e-01  -5.0174240e-01
   2.6206827e-01  -4.3204933e-01
  -6.9213813e-01   4.6461988e-01
  -1.1285130e+00   1.0301269e+00
   2.1728831e+00  -6.4614479e-01
   5.0290299e-01  -5.8784103e-01
  -9.3428448e-02  -1.5731331e-01
   3.0587551e-01  -4.6515272e-01
   1.9060640e+00  -7.6189216e-01
  -1.2482266e+00   1.1719641e+00
   3.2511653e-01  -4.7051152e-01
  -1.0544133e+00   8.8815074e-01
  -9.8322271e-01   9.1583379e-01
  -1.0261856e+00   8.7858258e-01
   3.1780343e-01  -4.6186113e-01
   1.0706721e-01  -3.4927498e-01
   4.0683233e-01  -5.2786820e-01
   2.8514182e-01  -4.3090081e-01
   1.9109598e-02  -2.8090969e-01
  -1.0946286e+00   9.7314423e-01
  -9.0765395e-01   7.0189457e-01
  -4.2222171e+00   6.2988197e+00
   5.4676864e-01  -5.9490413e-01
  -9.9303749e-01   8.3512011e-01
   3.8048189e-01  -5.3418429e-01
   4.2398078e-01  -5.3918483e-01
   2.7950549e-01  -4.4717560e-01
   5.4288223e-01  -6.1223311e-01
   3.6141164e-01  -4.8721902e-01
   2.3690799e-01  -4.3366711e-01
   2.5443609e-01  -4.3063841e-01
  -8.1990141e-01   5.8341654e-01
   3.9534663e-02  -2.8397698e-01
  -1.0534979e+00   8.9044859e-01
   1.3402128e-01  -3.3394665e-01
   3.9348130e-01  -5.3400846e-01
   7.2056277e-01  -6.8761857e-01
   1.1789172e-01  -3.6274223e-01
   5.2717680e-01  -6.0337612e-01
   7.2961099e-01  -7.0038809e-01
  -2.3955912e-01  -6.5391724e-03
  -7.5176623e-02  -1.8825187e-01
   3.3920491e-01  -5.0855572e-01
   5.6024727e-01  -5.8741278e-01
  -1.0436296e+00   9.1502573e-01
   8.0784555e-01  -7.4772215e-01
   9.7977139e-02  -3.0531301e-01
  -7.9382750e-03  -2.2802880e-01
   2.1112298e-02  -2.5374007e-01
   5.2011535e-01  -6.2637905e-01
   2.2424935e-01  -4.2642194e-01
   3.7472472e-01  -5.2039470e-01
  -6.6487141e-01   4.4573905e-01
  -1.4297080e-01  -1.3748470e-01
  -3.8760288e-02  -2.0461000e-01
   5.4393404e-01  -6.2374165e-01
  -1.6953121e-05  -2.0838790e-01
  -1.1797333e+00   1.1143220e+00
   3.3848501e-01  -5.0184194e-01
   5.8091715e-01  -6.3781236e-01
  -1.2992796e+00   1.2162506e+00
  -8.7546080e-03  -2.3113412e-01
  -4.9910967e-01   2.5720454e-01
   4.3184257e-01  -4.9702494e-01
   5.8906890e-01  -6.3083909e-01
   5.0867773e-01  -6.0767511e-01
  -2.9137890e-01   1.4926954e-02
   2.3579282e-01  -3.8060834e-01
  -2.8341390e-01   2.8790584e-02
   2.3948019e+00  -4.9346444e-01
   2.1725864e+00  -6.1970349e-01
  -3.1813254e-01   2.4704647e-02
   3.7972135e-01  -5.3493719e-01
  -1.2813111e+00   1.2202537e+00
  -1.2637974e+00   1.1831588e+00
  -8.5772132e-01   6.3111812e-01
  -1.1926162e+00   1.1703377e+00
  -7.5369478e-01   5.6253745e-01
  -3.4665268e-01   3.5642982e-02
   2.6362769e-02  -2.6852462e-01
  -2.0197640e-01  -8.2840696e-02
   4.1121680e-01  -5.2932926e-01
   5.4790338e-01  -6.4661808e-01
   3.6156060e-01  -5.1045031e-01
  -8.2626609e-01   6.4716178e-01
   5.7954710e-01  -6.2212144e-01
   3.2367393e-01  -4.7250913e-01
  -1.1505393e+00   1.0067027e+00
  -5.4676972e-01   2.7264300e-01
   9.8953370e-01  -7.9790296e-01
  -1.2296470e+00   1.1402252e+00
   2.2368084e+00  -6.1158511e-01
   2.3892869e-01  -4.1842867e-01
   3.2439570e-01  -4.5866706e-01
  -4.1506070e-01   1.4613493e-01
  -1.2152773e+00   1.2086817e+00
  -1.2740587e+00   1.2298642e+00
   5.4416760e-01  -6.0872701e-01
  -1.7377442e-01  -9.5528686e-02
  -6.8636398e-01   4.5012035e-01
  -5.3946527e+00   8.1604551e+00
   2.9616943e-01  -4.4179168e-01
  -1.1979369e+00   1.1373314e+00
   2.2425756e-01  -4.1843119e-01
  -1.1749508e+00   1.0899133e+00
   2.5595559e-01  -4.4154117e-01
   3.3397244e-01  -4.9662614e-01
   2.7509214e-01  -4.7103270e-01
  -6.5765474e-01   4.2139390e-01
   1.5928109e+00  -8.3333061e-01
   1.1646560e+00  -8.1857989e-01
  -9.0304082e-01   7.0406632e-01
  -5.9222044e-01   3.1235681e-01
   4.2549693e-01  -5.5558558e-01
   2.5739672e-01  -4.6457396e-01
  -8.1931350e-01   5.9543104e-01
  -7.7077484e-01   5.7314300e-01
  -3.8553275e-01   1.2156948e-01
   2.4401277e-01  -4.1726524e-01
  -1.5137597e-01  -1.5214749e-01
  -2.9921902e-01   4.6898830e-02
  -2.0507343e-01  -3.8034655e-02
  -6.7929947e-01   4.1404032e-01
   2.3229723e+00  -5.4718698e-01
   6.8190447e-02  -2.9209337e-01
   4.5459978e-01  -5.6597836e-01
   4.4653581e-01  -5.5853208e-01
  -9.4326758e-01   8.0053879e-01
   5.4492627e-01  -5.6091850e-01
  -1.2294546e+00   1.1316118e+00
   2.8349738e-01  -4.6046318e-01
   5.5517760e-01  -6.2912336e-01
  -4.7051322e-01   2.0130225e-01
   5.7466686e-01  -6.4546841e-01
  -7.8307548e-01   5.2250980e-01
  -1.2073345e+00   1.1144293e+00
  -3.3995514e-01   6.4431637e-02
  -1.1281222e+00   1.0435938e+00
  -2.5297136e-01  -2.8759908e-02
   4.4352176e-01  -5.7829324e-01
  -7.8923091e-01   5.2976303e-01
  -4.9237854e+00   7.4975431e+00
  -6.5909434e-01   4.0459609e-01
   5.4955326e-01  -6.1178050e-01
   3.0336837e-01  -4.7254718e-01
   4.4697503e-01  -5.0387474e-01
   5.0294315e-01  -6.0249273e-01
   4.2718263e-01  -5.3973556e-01
   2.4414753e+00  -4.7309938e-01
   1.3806472e+00  -8.4411104e-01
   5.9770485e-01  -6.2591974e-01
  -6.7117091e-01   4.8844765e-01
   3.1922230e-01  -5.0427530e-01
   2.4363537e+00  -5.0030006e-01
  -6.8601356e-01   4.7018762e-01
   2.4438829e-03  -2.4059306e-01
  -9.7789016e-01   7.9788559e-01
  -8.6054851e-01   6.7515117e-01
  -8.9338717e-01   6.7852638e-01
   4.6711045e-01  -5.8814112e-01
   3.8026432e-01  -5.0096280e-01
   2.4218728e+00  -4.9529842e-01
   1.0373682e+00  -8.0482680e-01
   2.3889816e+00  -5.2855504e-01
   3.6391645e-03  -2.4570111e-01
   4.8940135e-01  -5.8020147e-01
   5.8322260e-01  -6.4365689e-01
  -5.5193373e-01   2.7957394e-01
   3.5959369e-01  -5.0621337e-01
   5.6096399e-01  -6.3486160e-01
  -1.0303953e+00   8.8812247e-01
   6.7293583e-01  -6.7493606e-01
   2.6967301e-01  -4.6985509e-01
   3.6050589e-01  -5.1474087e-01
  -1.3245419e+00   1.2347902e+00
  -5.4829044e-01   2.8813848e-01
   5.6253913e-01  -6.3069434e-01
   3.1010119e-01  -4.6966894e-01
  -1.0250223e+00   8.6524072e-01
  -7.5194474e-01   5.2779225e-01
   4.1595076e-01  -5.4275998e-01
   5.6498587e-01  -6.2363558e-01
  -1.0131370e+00   9.1821649e-01
  -9.2848992e-01   7.3011778e-01
   3.8459915e-01  -4.9177431e-01
   4.9223770e-01  -5.9472383e-01
   3.0236283e-01  -4.6664322e-01
   2.2231733e+00  -6.0486524e-01
  -3.5385529e+00   5.0927361e+00
   3.9976129e-01  -5.2549840e-01
  -1.2442076e+00   1.1482691e+00
  -1.7928895e-01  -8.5545766e-02
   2.9014431e-01  -4.6244294e-01
   4.6809181e-01  -5.6564035e-01
  -1.3070370e+00   1.2286522e+00
  -4.9402894e-01   2.3010555e-01
  -2.3334630e-01  -3.8889737e-02
  -9.1400120e-01   7.3475810e-01
  -7.6163291e-01   5.2188000e-01
  -6.3147891e-01   3.5479027e-01
  -1.5474116e-02  -2.1102863e-01
  -8.6522155e-01   6.5945322e-01
  -1.6227867e-01  -1.2312620e-01
   6.0642694e-01  -6.3004839e-01
  -4.3196344e-01   1.6591877e-01
  -4.9909832e-01   2.4624210e-01
   3.1726660e-01  -4.7899968e-01
  -3.7524667e-01   1.7657359e-01
   8.8332257e-01  -7.4562572e-01
   5.6958591e-01  -6.3431550e-01
  -1.2092312e+00   1.1220953e+00
   4.0501637e-01  -5.5096625e-01
  -7.6141540e-01   5.3852512e-01
  -7.3074342e-01   5.0415852e-01
   6.2727123e-01  -6.4379608e-01
  -3.9141841e-02  -2.2401688e-01
   3.7487321e-01  -5.1700435e-01
  -1.2730336e+00   1.2314940e+00
   2.3866115e-01  -4.1064596e-01
  -1.1592310e+00   1.0032818e+00
   3.5122506e-01  -5.0313244e-01
   5.7944490e-01  -6.3615570e-01
  -4.5526574e-01   1.8613247e-01
  -1.2363110e+00   1.1685846e+00
   3.7502143e-01  -5.1857864e-01
  -3.3978239e-01   6.7738692e-02
   3.7814770e-01  -5.3492656e-01
   7.6171915e-01  -7.0296409e-01
   2.8602536e-01  -4.8505820e-01
  -2.9757669e-01   1.2760638e-03
  -1.2988528e+00   1.2341040e+00
   2.4086602e+00  -5.1708088e-01
  -1.2748653e+00   1.1756630e+00
   1.8785153e-01  -3.8414441e-01
   3.3539035e-01  -4.8817376e-01
  -1.1671522e+00   1.0803480e+00
   2.8229594e-01  -4.5903069e-01
  -7.1872984e-01   4.9684451e-01
   3.6676933e-01  -5.0573830e-01
   5.9344247e-01  -6.2881106e-01
   4.5807723e-01  -5.5990354e-01
   2.2018129e-01  -4.0940660e-01
  -1.2360978e+00   1.1911061e+00
   6.8892339e-01  -6.7928014e-01
   5.3321257e-01  -6.2141070e-01
  -2.2176117e-01  -1.5028910e-02
  -1.1844754e+00   1.0745765e+00
   2.3905016e+00  -5.2213221e-01
   4.0762321e-01  -5.2065294e-01
   3.0305287e-01  -4.7616049e-01
   2.4119865e+00  -4.9757750e-01
   2.8549961e-01  -4.7888720e-01
  -2.7089020e-02  -2.2399631e-01
   5.6069084e-01  -6.2089641e-01
  -1.2390795e+00   1.2293210e+00
  -5.1081128e-01   2.4457929e-01
   5.4741781e-01  -6.1925640e-01
  -4.7194764e-01   1.9001506e-01
   5.5810040e-01  -6.2981889e-01
   5.4639218e-01  -6.2057596e-01
   1.3524088e-01  -3.2699025e-01
   2.3742593e+00  -5.2544552e-01
  -4.1917330e-01   2.1014053e-01
  -1.2794756e+00   1.3499766e+00
   2.2836545e+00  -5.8525241e-01
  -6.6493285e-01   4.1076487e-01
  -3.2149196e-01   8.9031780e-02
   2.5870205e-01  -4.5022330e-01
   2.2878178e-01  -4.1511126e-01
  -2.4393338e-01   1.4097924e-02
  -4.9298368e-01   2.4257332e-01
  -1.2594745e+00   1.2487592e+00
   7.4491521e-01  -7.0392737e-01
  -1.1412291e+00   1.0302127e+00
   3.2795867e-02  -2.6485076e-01
   5.8217658e-01  -6.3429089e-01
  -9.5163484e-01   7.8300153e-01
   2.5297988e-01  -4.4293820e-01
   4.4552181e-01  -5.5717936e-01
   3.0744254e-01  -4.6447611e-01
   4.4834971e-01  -5.6815093e-01
   2.9172374e-01  -4.8276475e-01
  -1.0060509e+00   8.7290721e-01
   7.0564654e-03  -2.0902401e-01
  -2.6398782e-01  -4.3513532e-02
  -1.2636658e+00   1.2210848e+00
   2.2110517e-01  -4.1676210e-01
   5.6593209e-01  -6.3814160e-01
   1.9759312e+00  -7.2741639e-01
   3.7712372e-01  -5.4552835e-01
  -1.2602284e+00   1.1655197e+00
   5.0262647e-01  -5.7426703e-01
   2.2600816e+00  -6.0738017e-01
   1.2532309e+00  -8.2331213e-01
   2.1041533e-01  -4.2471654e-01
  -5.9610014e-01   3.5919649e-01
   4.4637469e-01  -5.6961360e-01
   2.7499193e-01  -4.4848415e-01
  -7.0685264e-01   4.6202146e-01
   2.3626766e+00  -5.3467789e-01
   1.0854944e+00  -8.2131592e-01
   1.3210032e+00  -8.4107743e-01
   5.2340359e-01  -6.0042808e-01
   2.8175485e-01  -4.5791120e-01
   4.2658483e-01  -5.5526998e-01
   6.9327379e-01  -6.8722367e-01
   3.6404828e-01  -4.9402200e-01
   5.3058548e-01  -5.9975689e-01
   5.5782469e-01  -6.1752242e-01
   1.0110371e-01  -2.8214769e-01
  -2.4380999e-01   3.5280174e-02
   5.6104087e-01  -6.1695818e-01
  -1.0736309e+00   9.6072770e-01
  -6.2096780e-01   3.6544288e-01
   1.7492080e-01  -3.7644697e-01
   5.8531625e-01  -6.2919875e-01
  -4.7184386e-01   2.1954046e-01
   2.7895740e-01  -4.4965194e-01
   1.0882594e+00  -8.2182714e-01
   4.7166847e-01  -5.7553669e-01
   2.1596997e+00  -6.5436469e-01
   2.7248156e-01  -4.5132153e-01
   2.3331162e+00  -5.2998847e-01
  -1.1808352e+00   1.0767927e+00
  -8.7836337e-01   7.1362784e-01
  -1.2141278e+00   1.2204447e+00
   3.8142381e-01  -5.1513995e-01
   3.4981362e-01  -5.1911359e-01
   2.9291081e-01  -4.4584609e-01
   1.0147855e+00  -8.1438565e-01
   5.8490897e-02  -2.9322763e-01
   3.4582487e-01  -4.8922761e-01
  -2.3829042e-01  -1.5475752e-02
  -8.0134348e-01   5.6124559e-01
   5.5808909e-01  -6.0876671e-01
   5.4552725e-01  -6.1740209e-01
  -1.2450456e+00   1.2904844e+00
   4.2391322e-01  -5.3673429e-01
   3.6509259e-01  -4.9769146e-01
   1.4484780e-01  -3.5711973e-01
   5.1467760e-01  -5.9262196e-01
   5.5545211e-01  -6.2621720e-01
   3.3903664e-01  -5.0119665e-01
   2.4693640e-01  -3.5733841e-01
   9.7915816e-01  -7.8684817e-01
   7.6788939e-02  -3.0197310e-01
   2.9641031e-01  -4.8261802e-01
  -6.8097598e-01   4.4279263e-01
   5.5159409e-01  -6.2087743e-01
  -1.1951271e+00   1.1357743e+00
  -5.6067127e+00   8.5644572e+00
  -4.2834961e-01   1.7104000e-01
  -3.7266374e-01   9.6309956e-02
